50
0 "A2"
1 "A48"
2 "A44"
3 "A1"
4 "A7"
5 "A41"
6 "A9"
7 "A20"
8 "A21"
9 "A47"
10 "A33"
11 "A14"
12 "A40"
13 "A46"
14 "A45"
15 "A30"
16 "A5"
17 "A10"
18 "A39"
19 "A28"
20 "A13"
21 "A17"
22 "A37"
23 "A34"
24 "A36"
25 "A29"
26 "A19"
27 "A12"
28 "A3"
29 "A16"
30 "A11"
31 "A23"
32 "A32"
33 "A26"
34 "A49"
35 "A0"
36 "A25"
37 "A6"
38 "A31"
39 "A27"
40 "A24"
41 "A38"
42 "A8"
43 "A35"
44 "A4"
45 "A43"
46 "A18"
47 "A15"
48 "A42"
49 "A22"
26
0 5
0 16
0 7
0 44
0 20
0 19
0 43
0 21
0 9
0 1
0 27
0 26
0 47
0 37
0 15
0 11
0 22
0 6
0 49
0 14
0 30
0 24
0 31
0 25
0 4
0 10
21
1 36
1 17
1 48
1 15
1 29
1 2
1 35
1 25
1 39
1 24
1 5
1 38
1 28
1 26
1 23
1 33
1 46
1 20
1 49
1 27
1 7
15
2 7
2 22
2 42
2 31
2 29
2 4
2 32
2 16
2 40
2 3
2 8
2 41
2 0
2 49
2 36
18
3 19
3 0
3 20
3 33
3 21
3 37
3 32
3 45
3 23
3 40
3 39
3 9
3 28
3 42
3 17
3 14
3 35
3 10
19
4 47
4 16
4 45
4 38
4 5
4 37
4 36
4 39
4 43
4 7
4 18
4 34
4 6
4 46
4 17
4 15
4 20
4 33
4 3
15
5 13
5 22
5 21
5 29
5 19
5 32
5 17
5 3
5 46
5 25
5 40
5 18
5 41
5 35
5 12
19
6 38
6 16
6 31
6 35
6 13
6 28
6 1
6 15
6 11
6 20
6 37
6 49
6 18
6 33
6 29
6 5
6 46
6 3
6 45
22
7 9
7 48
7 28
7 30
7 11
7 45
7 33
7 35
7 6
7 13
7 47
7 44
7 22
7 17
7 23
7 12
7 14
7 43
7 5
7 49
7 42
7 25
21
8 6
8 27
8 32
8 12
8 44
8 34
8 38
8 24
8 20
8 0
8 45
8 47
8 28
8 16
8 26
8 36
8 21
8 7
8 13
8 3
8 9
16
9 45
9 13
9 35
9 43
9 32
9 36
9 27
9 10
9 28
9 4
9 48
9 18
9 34
9 5
9 12
9 29
18
10 13
10 31
10 4
10 28
10 45
10 30
10 19
10 29
10 39
10 35
10 6
10 1
10 8
10 42
10 38
10 7
10 23
10 14
23
11 30
11 21
11 26
11 4
11 9
11 28
11 41
11 39
11 36
11 44
11 17
11 31
11 45
11 5
11 49
11 33
11 16
11 8
11 13
11 24
11 20
11 43
11 48
15
12 48
12 39
12 35
12 42
12 10
12 3
12 49
12 21
12 29
12 24
12 0
12 15
12 2
12 34
12 11
17
13 24
13 4
13 29
13 27
13 14
13 31
13 25
13 23
13 47
13 20
13 3
13 28
13 30
13 36
13 17
13 33
13 19
16
14 2
14 5
14 1
14 48
14 30
14 31
14 49
14 8
14 46
14 27
14 19
14 11
14 35
14 6
14 9
14 4
16
15 14
15 32
15 7
15 16
15 34
15 37
15 10
15 31
15 26
15 44
15 40
15 47
15 5
15 8
15 36
15 11
24
16 45
16 27
16 46
16 3
16 43
16 1
16 37
16 28
16 13
16 23
16 12
16 30
16 39
16 10
16 20
16 41
16 7
16 14
16 34
16 19
16 25
16 18
16 29
16 33
25
17 0
17 48
17 32
17 49
17 12
17 21
17 45
17 6
17 42
17 14
17 34
17 25
17 8
17 44
17 24
17 27
17 18
17 47
17 19
17 2
17 35
17 22
17 37
17 39
17 30
22
18 10
18 47
18 20
18 30
18 24
18 28
18 22
18 45
18 33
18 12
18 11
18 25
18 14
18 49
18 13
18 37
18 3
18 48
18 26
18 1
18 15
18 32
19
19 11
19 30
19 32
19 26
19 6
19 46
19 1
19 8
19 49
19 7
19 43
19 48
19 38
19 42
19 15
19 4
19 21
19 2
19 28
15
20 10
20 22
20 12
20 36
20 28
20 32
20 25
20 43
20 35
20 9
20 39
20 2
20 19
20 21
20 14
18
21 18
21 47
21 45
21 36
21 13
21 2
21 41
21 34
21 49
21 1
21 42
21 38
21 32
21 16
21 14
21 22
21 37
21 33
17
22 48
22 35
22 40
22 23
22 1
22 9
22 34
22 3
22 8
22 24
22 44
22 49
22 6
22 45
22 19
22 4
22 38
20
23 41
23 25
23 39
23 19
23 18
23 44
23 8
23 40
23 47
23 15
23 48
23 11
23 33
23 27
23 0
23 30
23 12
23 4
23 2
23 42
21
24 23
24 2
24 7
24 4
24 30
24 5
24 19
24 38
24 31
24 16
24 39
24 49
24 21
24 40
24 32
24 26
24 25
24 46
24 15
24 20
24 3
21
25 3
25 40
25 9
25 45
25 2
25 49
25 8
25 10
25 14
25 38
25 11
25 36
25 19
25 34
25 27
25 48
25 6
25 32
25 22
25 30
25 21
21
26 42
26 16
26 43
26 46
26 7
26 31
26 13
26 21
26 2
26 10
26 12
26 3
26 23
26 5
26 14
26 30
26 25
26 28
26 6
26 33
26 36
24
27 32
27 43
27 41
27 15
27 26
27 44
27 3
27 35
27 46
27 48
27 18
27 2
27 21
27 10
27 11
27 30
27 37
27 34
27 36
27 4
27 19
27 22
27 12
27 39
18
28 29
28 2
28 35
28 0
28 5
28 4
28 30
28 12
28 14
28 23
28 25
28 24
28 17
28 41
28 21
28 31
28 46
28 49
21
29 0
29 44
29 22
29 46
29 24
29 15
29 7
29 19
29 20
29 27
29 11
29 18
29 37
29 48
29 49
29 4
29 38
29 39
29 32
29 21
29 3
15
30 2
30 33
30 29
30 5
30 21
30 3
30 45
30 34
30 48
30 22
30 43
30 31
30 12
30 35
30 8
22
31 18
31 23
31 22
31 12
31 42
31 17
31 27
31 34
31 19
31 21
31 35
31 46
31 20
31 29
31 5
31 9
31 25
31 47
31 3
31 43
31 1
31 7
16
32 39
32 28
32 6
32 10
32 1
32 41
32 26
32 12
32 36
32 14
32 4
32 11
32 38
32 7
32 49
32 23
23
33 8
33 14
33 40
33 44
33 29
33 35
33 34
33 2
33 17
33 19
33 15
33 42
33 25
33 48
33 31
33 27
33 46
33 20
33 24
33 0
33 32
33 12
33 5
19
34 48
34 26
34 42
34 3
34 38
34 24
34 41
34 14
34 29
34 5
34 18
34 6
34 32
34 39
34 13
34 11
34 2
34 49
34 7
16
35 15
35 45
35 18
35 48
35 8
35 2
35 46
35 25
35 13
35 4
35 39
35 44
35 23
35 0
35 19
35 42
27
36 44
36 14
36 17
36 10
36 49
36 28
36 0
36 30
36 5
36 48
36 38
36 16
36 19
36 18
36 6
36 42
36 41
36 3
36 31
36 35
36 34
36 29
36 39
36 22
36 7
36 40
36 12
23
37 23
37 47
37 36
37 14
37 26
37 12
37 33
37 5
37 19
37 22
37 8
37 35
37 24
37 7
37 10
37 49
37 30
37 39
37 20
37 31
37 25
37 32
37 40
26
38 3
38 37
38 15
38 12
38 46
38 23
38 48
38 18
38 35
38 0
38 20
38 11
38 40
38 47
38 16
38 27
38 17
38 9
38 14
38 41
38 7
38 5
38 26
38 2
38 42
38 45
18
39 25
39 8
39 7
39 33
39 15
39 9
39 5
39 47
39 46
39 14
39 19
39 28
39 18
39 21
39 42
39 22
39 26
39 31
23
40 28
40 4
40 20
40 11
40 27
40 31
40 46
40 18
40 30
40 12
40 6
40 16
40 26
40 44
40 10
40 32
40 17
40 29
40 34
40 8
40 0
40 41
40 7
16
41 30
41 12
41 33
41 48
41 25
41 10
41 49
41 14
41 6
41 26
41 22
41 1
41 37
41 29
41 19
41 35
20
42 47
42 8
42 5
42 48
42 0
42 9
42 22
42 16
42 41
42 14
42 40
42 24
42 6
42 27
42 13
42 11
42 29
42 15
42 37
42 18
24
43 48
43 35
43 5
43 1
43 10
43 2
43 24
43 14
43 6
43 33
43 42
43 21
43 28
43 18
43 15
43 23
43 13
43 37
43 32
43 45
43 29
43 40
43 12
43 3
24
44 38
44 31
44 14
44 20
44 3
44 6
44 28
44 24
44 43
44 9
44 5
44 4
44 48
44 47
44 19
44 13
44 37
44 1
44 25
44 2
44 34
44 12
44 39
44 41
19
45 44
45 20
45 34
45 36
45 46
45 13
45 40
45 28
45 15
45 2
45 14
45 37
45 23
45 27
45 29
45 41
45 19
45 42
45 12
20
46 12
46 15
46 3
46 42
46 17
46 0
46 32
46 20
46 10
46 25
46 18
46 48
46 7
46 43
46 49
46 22
46 13
46 21
46 11
46 9
20
47 10
47 33
47 11
47 3
47 43
47 24
47 12
47 1
47 14
47 16
47 22
47 5
47 9
47 46
47 28
47 29
47 26
47 27
47 36
47 19
10
48 49
48 2
48 8
48 28
48 3
48 39
48 4
48 26
48 37
48 6
16
49 38
49 5
49 4
49 16
49 31
49 45
49 43
49 20
49 33
49 40
49 8
49 44
49 15
49 13
49 39
49 23
