50
0 "A8"
1 "A49"
2 "A12"
3 "A46"
4 "A11"
5 "A27"
6 "A15"
7 "A45"
8 "A48"
9 "A19"
10 "A3"
11 "A10"
12 "A41"
13 "A1"
14 "A7"
15 "A25"
16 "A29"
17 "A4"
18 "A36"
19 "A43"
20 "A5"
21 "A22"
22 "A33"
23 "A42"
24 "A24"
25 "A6"
26 "A14"
27 "A31"
28 "A38"
29 "A21"
30 "A0"
31 "A37"
32 "A35"
33 "A23"
34 "A39"
35 "A26"
36 "A16"
37 "A20"
38 "A32"
39 "A13"
40 "A18"
41 "A44"
42 "A47"
43 "A2"
44 "A30"
45 "A34"
46 "A40"
47 "A9"
48 "A17"
49 "A28"
27
0 35
0 38
0 45
0 9
0 15
0 5
0 25
0 41
0 37
0 27
0 16
0 20
0 34
0 39
0 32
0 47
0 10
0 42
0 30
0 22
0 12
0 49
0 3
0 24
0 48
0 7
0 44
18
1 24
1 0
1 10
1 4
1 9
1 19
1 31
1 44
1 29
1 3
1 38
1 30
1 34
1 21
1 40
1 7
1 16
1 46
17
2 42
2 16
2 20
2 25
2 8
2 23
2 1
2 40
2 34
2 10
2 11
2 6
2 21
2 27
2 43
2 39
2 41
20
3 40
3 9
3 44
3 30
3 31
3 20
3 4
3 48
3 19
3 42
3 27
3 15
3 35
3 46
3 10
3 49
3 33
3 6
3 43
3 39
18
4 7
4 6
4 27
4 30
4 36
4 24
4 35
4 9
4 41
4 2
4 0
4 12
4 8
4 43
4 29
4 34
4 17
4 31
24
5 11
5 28
5 20
5 3
5 26
5 15
5 19
5 41
5 43
5 34
5 37
5 24
5 27
5 38
5 21
5 18
5 29
5 35
5 2
5 47
5 17
5 31
5 4
5 39
17
6 40
6 20
6 34
6 10
6 0
6 42
6 44
6 5
6 35
6 29
6 11
6 1
6 15
6 18
6 28
6 14
6 13
16
7 9
7 35
7 5
7 40
7 44
7 19
7 11
7 3
7 37
7 15
7 47
7 6
7 23
7 46
7 26
7 36
26
8 36
8 23
8 42
8 16
8 47
8 1
8 30
8 41
8 43
8 6
8 31
8 46
8 5
8 38
8 15
8 26
8 7
8 48
8 49
8 11
8 20
8 0
8 32
8 18
8 33
8 3
18
9 49
9 17
9 28
9 5
9 22
9 37
9 31
9 27
9 43
9 36
9 35
9 40
9 24
9 39
9 33
9 32
9 30
9 13
17
10 16
10 39
10 32
10 5
10 4
10 37
10 41
10 48
10 31
10 14
10 24
10 28
10 38
10 12
10 35
10 42
10 21
17
11 31
11 29
11 23
11 24
11 34
11 35
11 19
11 4
11 18
11 0
11 33
11 10
11 39
11 20
11 46
11 48
11 9
23
12 5
12 43
12 30
12 13
12 18
12 17
12 45
12 9
12 32
12 48
12 49
12 7
12 20
12 24
12 8
12 46
12 1
12 34
12 31
12 27
12 29
12 6
12 35
16
13 33
13 40
13 25
13 24
13 19
13 34
13 23
13 5
13 8
13 26
13 20
13 1
13 7
13 17
13 11
13 38
15
14 26
14 11
14 0
14 45
14 46
14 3
14 5
14 25
14 24
14 36
14 12
14 33
14 13
14 27
14 7
19
15 2
15 36
15 30
15 37
15 22
15 21
15 10
15 4
15 9
15 25
15 20
15 17
15 46
15 43
15 35
15 39
15 44
15 18
15 13
14
16 17
16 5
16 11
16 45
16 35
16 43
16 9
16 34
16 15
16 37
16 4
16 13
16 26
16 23
22
17 34
17 32
17 8
17 7
17 22
17 6
17 14
17 47
17 3
17 26
17 48
17 23
17 36
17 40
17 29
17 1
17 0
17 11
17 38
17 2
17 30
17 44
18
18 30
18 9
18 35
18 2
18 22
18 10
18 17
18 1
18 46
18 41
18 39
18 13
18 36
18 16
18 28
18 0
18 37
18 23
22
19 30
19 34
19 26
19 21
19 29
19 18
19 6
19 31
19 0
19 32
19 24
19 27
19 12
19 8
19 45
19 33
19 4
19 2
19 25
19 36
19 20
19 48
16
20 18
20 16
20 42
20 29
20 4
20 46
20 38
20 44
20 23
20 34
20 39
20 26
20 49
20 24
20 48
20 10
23
21 37
21 23
21 14
21 4
21 9
21 20
21 7
21 16
21 31
21 32
21 18
21 47
21 24
21 8
21 29
21 48
21 0
21 42
21 49
21 3
21 12
21 6
21 34
22
22 39
22 21
22 44
22 10
22 47
22 46
22 48
22 7
22 6
22 1
22 13
22 3
22 12
22 36
22 19
22 25
22 41
22 2
22 20
22 4
22 29
22 28
21
23 12
23 34
23 48
23 36
23 45
23 26
23 4
23 37
23 3
23 40
23 6
23 39
23 32
23 46
23 38
23 30
23 5
23 0
23 25
23 29
23 9
19
24 3
24 49
24 6
24 15
24 8
24 16
24 46
24 38
24 35
24 23
24 41
24 2
24 18
24 7
24 42
24 33
24 29
24 36
24 40
21
25 12
25 30
25 3
25 31
25 10
25 37
25 45
25 26
25 18
25 33
25 43
25 24
25 1
25 11
25 44
25 17
25 32
25 36
25 16
25 41
25 42
17
26 22
26 15
26 21
26 3
26 38
26 6
26 18
26 9
26 47
26 32
26 2
26 4
26 41
26 29
26 40
26 35
26 39
18
27 45
27 8
27 26
27 17
27 33
27 38
27 18
27 15
27 47
27 20
27 30
27 31
27 1
27 49
27 46
27 24
27 25
27 22
23
28 3
28 15
28 35
28 8
28 43
28 24
28 19
28 1
28 30
28 2
28 20
28 17
28 13
28 27
28 7
28 21
28 48
28 23
28 45
28 40
28 38
28 29
28 12
14
29 7
29 47
29 9
29 33
29 2
29 32
29 25
29 27
29 34
29 14
29 35
29 15
29 49
29 38
17
30 7
30 5
30 16
30 6
30 20
30 44
30 24
30 21
30 10
30 29
30 14
30 34
30 2
30 36
30 35
30 49
30 43
17
31 30
31 23
31 2
31 24
31 26
31 33
31 39
31 42
31 45
31 22
31 47
31 17
31 13
31 18
31 20
31 6
31 43
17
32 1
32 3
32 27
32 24
32 45
32 14
32 49
32 35
32 18
32 30
32 41
32 2
32 28
32 11
32 16
32 46
32 22
17
33 0
33 23
33 5
33 20
33 2
33 28
33 38
33 37
33 30
33 22
33 44
33 49
33 46
33 41
33 4
33 16
33 39
17
34 7
34 31
34 24
34 3
34 18
34 45
34 8
34 32
34 14
34 9
34 26
34 46
34 48
34 35
34 33
34 36
34 15
20
35 47
35 14
35 21
35 19
35 25
35 23
35 40
35 8
35 2
35 42
35 31
35 44
35 46
35 33
35 48
35 38
35 49
35 45
35 22
35 27
18
36 0
36 27
36 32
36 13
36 41
36 46
36 33
36 26
36 5
36 2
36 1
36 40
36 3
36 28
36 31
36 35
36 10
36 43
21
37 24
37 34
37 6
37 13
37 28
37 42
37 29
37 32
37 19
37 4
37 17
37 31
37 46
37 39
37 22
37 14
37 43
37 30
37 35
37 1
37 3
21
38 37
38 47
38 16
38 21
38 42
38 32
38 48
38 31
38 19
38 6
38 39
38 30
38 34
38 36
38 25
38 22
38 7
38 49
38 14
38 43
38 15
18
39 13
39 47
39 24
39 35
39 7
39 43
39 12
39 49
39 14
39 1
39 30
39 19
39 34
39 36
39 25
39 32
39 17
39 16
24
40 19
40 10
40 37
40 31
40 33
40 49
40 21
40 32
40 20
40 16
40 8
40 25
40 45
40 5
40 30
40 12
40 39
40 42
40 34
40 22
40 27
40 29
40 14
40 11
22
41 16
41 17
41 13
41 37
41 48
41 15
41 21
41 47
41 30
41 45
41 38
41 35
41 12
41 7
41 1
41 14
41 29
41 6
41 42
41 39
41 31
41 28
22
42 4
42 18
42 26
42 22
42 12
42 14
42 45
42 39
42 13
42 28
42 47
42 43
42 34
42 32
42 7
42 46
42 33
42 9
42 16
42 19
42 30
42 11
20
43 46
43 49
43 26
43 20
43 44
43 0
43 1
43 13
43 19
43 21
43 11
43 34
43 18
43 10
43 22
43 33
43 29
43 23
43 17
43 47
21
44 23
44 9
44 28
44 18
44 8
44 24
44 21
44 34
44 39
44 47
44 13
44 5
44 38
44 11
44 36
44 41
44 26
44 14
44 37
44 10
44 32
23
45 37
45 5
45 26
45 33
45 47
45 24
45 3
45 2
45 22
45 13
45 1
45 36
45 4
45 6
45 8
45 38
45 7
45 29
45 43
45 18
45 15
45 30
45 39
17
46 5
46 44
46 4
46 45
46 38
46 19
46 0
46 49
46 29
46 26
46 41
46 2
46 25
46 9
46 28
46 6
46 40
23
47 33
47 24
47 30
47 20
47 48
47 49
47 34
47 14
47 2
47 3
47 4
47 23
47 9
47 18
47 40
47 46
47 19
47 37
47 1
47 6
47 36
47 12
47 32
23
48 43
48 24
48 33
48 6
48 30
48 29
48 15
48 1
48 2
48 5
48 31
48 14
48 9
48 18
48 37
48 13
48 4
48 40
48 27
48 42
48 7
48 26
48 45
24
49 45
49 26
49 15
49 17
49 6
49 25
49 1
49 7
49 42
49 5
49 4
49 2
49 14
49 37
49 48
49 10
49 41
49 19
49 23
49 13
49 16
49 28
49 34
49 18
