50
0 "A8"
1 "A49"
2 "A12"
3 "A46"
4 "A11"
5 "A27"
6 "A15"
7 "A45"
8 "A48"
9 "A19"
10 "A3"
11 "A10"
12 "A41"
13 "A1"
14 "A7"
15 "A25"
16 "A29"
17 "A4"
18 "A36"
19 "A43"
20 "A5"
21 "A22"
22 "A33"
23 "A42"
24 "A24"
25 "A6"
26 "A14"
27 "A31"
28 "A38"
29 "A21"
30 "A0"
31 "A37"
32 "A35"
33 "A23"
34 "A39"
35 "A26"
36 "A16"
37 "A20"
38 "A32"
39 "A13"
40 "A18"
41 "A44"
42 "A47"
43 "A2"
44 "A30"
45 "A34"
46 "A40"
47 "A9"
48 "A17"
49 "A28"
22
0 37
0 45
0 43
0 8
0 39
0 16
0 11
0 4
0 7
0 1
0 17
0 25
0 41
0 19
0 34
0 22
0 13
0 38
0 12
0 36
0 15
0 33
16
1 8
1 22
1 24
1 29
1 16
1 5
1 25
1 39
1 31
1 48
1 6
1 27
1 10
1 45
1 20
1 11
19
2 15
2 10
2 34
2 9
2 21
2 23
2 19
2 29
2 14
2 47
2 18
2 42
2 7
2 25
2 20
2 0
2 30
2 1
2 24
23
3 49
3 33
3 18
3 24
3 43
3 2
3 9
3 6
3 15
3 23
3 28
3 34
3 0
3 5
3 41
3 11
3 36
3 39
3 31
3 44
3 14
3 45
3 1
22
4 27
4 7
4 36
4 47
4 26
4 24
4 2
4 39
4 10
4 40
4 22
4 44
4 33
4 8
4 3
4 46
4 25
4 14
4 43
4 29
4 11
4 5
20
5 0
5 47
5 45
5 30
5 49
5 33
5 34
5 23
5 18
5 25
5 36
5 44
5 2
5 11
5 32
5 6
5 9
5 43
5 22
5 40
19
6 11
6 20
6 34
6 4
6 2
6 18
6 14
6 44
6 42
6 13
6 22
6 36
6 48
6 41
6 19
6 10
6 39
6 40
6 30
20
7 19
7 28
7 47
7 18
7 3
7 41
7 21
7 42
7 5
7 26
7 31
7 39
7 32
7 40
7 12
7 6
7 46
7 20
7 15
7 24
20
8 23
8 41
8 3
8 6
8 28
8 31
8 48
8 2
8 32
8 49
8 26
8 15
8 7
8 25
8 33
8 5
8 11
8 38
8 13
8 44
22
9 43
9 30
9 25
9 40
9 39
9 32
9 20
9 35
9 46
9 21
9 26
9 8
9 14
9 13
9 7
9 4
9 37
9 28
9 11
9 31
9 42
9 22
15
10 9
10 48
10 38
10 19
10 49
10 47
10 20
10 44
10 25
10 33
10 11
10 21
10 5
10 7
10 14
17
11 38
11 42
11 7
11 23
11 2
11 31
11 47
11 40
11 35
11 18
11 30
11 24
11 29
11 20
11 27
11 21
11 12
21
12 26
12 31
12 45
12 19
12 35
12 1
12 6
12 46
12 34
12 49
12 8
12 3
12 20
12 10
12 27
12 18
12 4
12 28
12 2
12 32
12 14
23
13 14
13 10
13 19
13 11
13 24
13 18
13 23
13 46
13 49
13 40
13 28
13 41
13 7
13 22
13 27
13 43
13 47
13 33
13 4
13 17
13 16
13 21
13 25
16
14 36
14 39
14 19
14 49
14 41
14 21
14 1
14 11
14 24
14 33
14 17
14 30
14 0
14 8
14 29
14 32
22
15 47
15 25
15 4
15 35
15 6
15 26
15 12
15 18
15 27
15 5
15 33
15 41
15 30
15 36
15 9
15 22
15 14
15 13
15 34
15 24
15 32
15 42
21
16 14
16 2
16 3
16 15
16 30
16 4
16 17
16 33
16 24
16 41
16 9
16 12
16 48
16 8
16 18
16 40
16 26
16 36
16 35
16 29
16 45
22
17 44
17 27
17 26
17 1
17 6
17 15
17 46
17 25
17 12
17 4
17 3
17 8
17 9
17 37
17 11
17 38
17 24
17 20
17 39
17 47
17 45
17 41
14
18 35
18 0
18 10
18 4
18 14
18 36
18 29
18 32
18 40
18 46
18 45
18 41
18 9
18 1
17
19 36
19 4
19 24
19 1
19 35
19 31
19 33
19 29
19 15
19 25
19 11
19 30
19 34
19 41
19 28
19 48
19 8
19
20 30
20 26
20 31
20 8
20 4
20 37
20 24
20 33
20 27
20 45
20 0
20 14
20 18
20 3
20 16
20 5
20 49
20 39
20 34
17
21 46
21 1
21 16
21 0
21 26
21 19
21 32
21 3
21 40
21 17
21 15
21 4
21 44
21 33
21 18
21 12
21 42
26
22 7
22 39
22 28
22 24
22 33
22 38
22 41
22 17
22 21
22 11
22 8
22 44
22 30
22 35
22 20
22 46
22 19
22 2
22 18
22 36
22 14
22 10
22 16
22 23
22 48
22 42
20
23 12
23 45
23 18
23 21
23 16
23 49
23 41
23 7
23 32
23 47
23 4
23 35
23 10
23 19
23 0
23 28
23 20
23 9
23 17
23 15
18
24 29
24 49
24 10
24 28
24 43
24 25
24 35
24 23
24 12
24 31
24 6
24 40
24 47
24 36
24 46
24 32
24 0
24 9
16
25 22
25 34
25 33
25 12
25 18
25 42
25 14
25 48
25 3
25 26
25 16
25 41
25 43
25 23
25 39
25 49
19
26 41
26 30
26 13
26 1
26 10
26 47
26 3
26 11
26 5
26 32
26 31
26 29
26 39
26 40
26 23
26 19
26 38
26 46
26 48
24
27 34
27 21
27 18
27 32
27 49
27 24
27 9
27 2
27 6
27 37
27 30
27 33
27 10
27 19
27 38
27 14
27 0
27 8
27 5
27 31
27 42
27 16
27 7
27 25
24
28 44
28 15
28 17
28 29
28 25
28 6
28 27
28 46
28 40
28 48
28 42
28 34
28 0
28 32
28 39
28 47
28 37
28 49
28 14
28 16
28 18
28 41
28 1
28 10
17
29 6
29 49
29 44
29 17
29 27
29 13
29 12
29 45
29 7
29 43
29 15
29 42
29 5
29 21
29 31
29 8
29 0
17
30 4
30 48
30 42
30 35
30 37
30 10
30 3
30 17
30 1
30 23
30 34
30 24
30 41
30 46
30 36
30 18
30 25
19
31 15
31 35
31 30
31 13
31 49
31 40
31 0
31 28
31 5
31 45
31 21
31 32
31 2
31 16
31 39
31 18
31 4
31 25
31 6
18
32 40
32 0
32 16
32 33
32 6
32 37
32 11
32 4
32 48
32 29
32 10
32 2
32 19
32 38
32 47
32 22
32 43
32 1
19
33 44
33 29
33 6
33 37
33 49
33 43
33 7
33 42
33 45
33 17
33 41
33 35
33 2
33 11
33 28
33 1
33 47
33 18
33 23
17
34 33
34 48
34 38
34 9
34 49
34 8
34 11
34 26
34 23
34 42
34 24
34 21
34 36
34 41
34 18
34 10
34 17
20
35 4
35 7
35 25
35 45
35 3
35 38
35 26
35 10
35 29
35 20
35 40
35 6
35 41
35 1
35 49
35 21
35 43
35 14
35 34
35 32
17
36 23
36 7
36 29
36 33
36 26
36 27
36 41
36 31
36 40
36 10
36 13
36 37
36 8
36 35
36 12
36 17
36 46
25
37 34
37 21
37 40
37 39
37 24
37 4
37 15
37 3
37 31
37 41
37 25
37 16
37 38
37 11
37 1
37 14
37 8
37 18
37 12
37 35
37 19
37 47
37 22
37 10
37 29
23
38 25
38 28
38 3
38 9
38 6
38 15
38 18
38 44
38 13
38 36
38 23
38 42
38 48
38 39
38 14
38 2
38 7
38 1
38 21
38 19
38 20
38 33
38 5
17
39 47
39 16
39 21
39 32
39 36
39 49
39 27
39 45
39 12
39 24
39 23
39 35
39 40
39 15
39 5
39 29
39 2
17
40 23
40 8
40 3
40 19
40 0
40 42
40 17
40 22
40 14
40 33
40 48
40 12
40 44
40 47
40 25
40 20
40 45
15
41 4
41 48
41 21
41 31
41 38
41 40
41 42
41 9
41 39
41 32
41 1
41 44
41 43
41 27
41 47
18
42 44
42 19
42 17
42 23
42 24
42 36
42 39
42 12
42 4
42 20
42 16
42 10
42 31
42 1
42 18
42 37
42 5
42 8
25
43 34
43 46
43 22
43 14
43 39
43 40
43 37
43 26
43 12
43 17
43 36
43 38
43 10
43 47
43 21
43 27
43 8
43 23
43 19
43 7
43 11
43 42
43 30
43 1
43 31
23
44 14
44 43
44 18
44 12
44 15
44 35
44 11
44 37
44 36
44 13
44 31
44 26
44 39
44 25
44 20
44 27
44 0
44 1
44 32
44 19
44 2
44 16
44 9
20
45 41
45 10
45 9
45 15
45 4
45 48
45 6
45 8
45 32
45 7
45 30
45 11
45 22
45 24
45 37
45 43
45 27
45 42
45 25
45 36
19
46 37
46 0
46 23
46 44
46 45
46 8
46 42
46 3
46 20
46 19
46 48
46 15
46 38
46 32
46 34
46 33
46 39
46 5
46 47
23
47 45
47 0
47 16
47 22
47 20
47 31
47 42
47 21
47 18
47 9
47 6
47 25
47 27
47 1
47 12
47 34
47 48
47 29
47 38
47 44
47 8
47 36
47 3
21
48 0
48 18
48 35
48 33
48 17
48 37
48 31
48 14
48 36
48 12
48 11
48 23
48 2
48 39
48 44
48 9
48 42
48 29
48 4
48 15
48 24
16
49 44
49 7
49 18
49 26
49 48
49 19
49 2
49 21
49 15
49 38
49 4
49 0
49 45
49 37
49 32
49 42
