50
0 "A6"
1 "A34"
2 "A32"
3 "A14"
4 "A17"
5 "A11"
6 "A46"
7 "A18"
8 "A33"
9 "A49"
10 "A21"
11 "A24"
12 "A5"
13 "A9"
14 "A44"
15 "A13"
16 "A4"
17 "A2"
18 "A19"
19 "A27"
20 "A0"
21 "A28"
22 "A35"
23 "A39"
24 "A45"
25 "A40"
26 "A42"
27 "A3"
28 "A26"
29 "A20"
30 "A12"
31 "A16"
32 "A30"
33 "A41"
34 "A10"
35 "A31"
36 "A7"
37 "A15"
38 "A23"
39 "A22"
40 "A48"
41 "A47"
42 "A29"
43 "A1"
44 "A8"
45 "A36"
46 "A25"
47 "A43"
48 "A38"
49 "A37"
18
0 15
0 7
0 26
0 5
0 13
0 42
0 44
0 25
0 39
0 3
0 18
0 12
0 41
0 30
0 34
0 40
0 11
0 28
19
1 12
1 34
1 30
1 0
1 47
1 31
1 9
1 18
1 10
1 32
1 20
1 44
1 7
1 24
1 22
1 17
1 11
1 13
1 8
15
2 3
2 32
2 9
2 8
2 10
2 11
2 34
2 23
2 4
2 15
2 21
2 22
2 1
2 38
2 29
25
3 26
3 7
3 13
3 24
3 10
3 45
3 36
3 29
3 28
3 19
3 15
3 46
3 42
3 18
3 9
3 43
3 21
3 33
3 40
3 23
3 30
3 44
3 31
3 34
3 20
14
4 0
4 33
4 24
4 47
4 22
4 27
4 41
4 34
4 20
4 21
4 7
4 19
4 36
4 11
25
5 2
5 42
5 29
5 47
5 37
5 12
5 19
5 24
5 13
5 44
5 45
5 9
5 49
5 30
5 14
5 6
5 41
5 40
5 32
5 28
5 7
5 8
5 15
5 3
5 20
19
6 43
6 8
6 29
6 17
6 2
6 26
6 20
6 34
6 7
6 31
6 44
6 11
6 13
6 1
6 4
6 47
6 19
6 18
6 0
17
7 41
7 10
7 13
7 24
7 28
7 11
7 37
7 2
7 42
7 36
7 8
7 34
7 49
7 31
7 38
7 16
7 17
22
8 3
8 49
8 39
8 12
8 9
8 11
8 10
8 29
8 26
8 40
8 0
8 46
8 18
8 34
8 14
8 19
8 48
8 37
8 38
8 28
8 4
8 43
16
9 33
9 11
9 34
9 43
9 4
9 15
9 0
9 17
9 39
9 41
9 46
9 49
9 48
9 21
9 14
9 37
17
10 24
10 17
10 14
10 32
10 19
10 9
10 20
10 22
10 41
10 33
10 27
10 36
10 15
10 13
10 0
10 29
10 26
16
11 48
11 45
11 14
11 15
11 32
11 42
11 30
11 37
11 27
11 20
11 33
11 19
11 5
11 3
11 24
11 21
22
12 39
12 15
12 20
12 44
12 24
12 34
12 2
12 28
12 48
12 11
12 23
12 38
12 32
12 40
12 49
12 9
12 4
12 17
12 43
12 35
12 13
12 21
15
13 24
13 46
13 47
13 8
13 42
13 9
13 21
13 15
13 38
13 40
13 17
13 29
13 20
13 19
13 35
20
14 3
14 15
14 44
14 42
14 45
14 34
14 27
14 31
14 7
14 41
14 1
14 2
14 37
14 12
14 47
14 20
14 6
14 30
14 13
14 4
20
15 22
15 39
15 29
15 27
15 45
15 4
15 33
15 7
15 19
15 1
15 36
15 23
15 26
15 18
15 17
15 31
15 35
15 49
15 8
15 34
21
16 8
16 4
16 3
16 18
16 29
16 2
16 14
16 28
16 26
16 5
16 12
16 20
16 1
16 27
16 11
16 19
16 45
16 33
16 15
16 31
16 35
19
17 34
17 22
17 26
17 8
17 30
17 21
17 45
17 49
17 18
17 4
17 5
17 3
17 14
17 25
17 16
17 20
17 37
17 0
17 46
22
18 23
18 2
18 13
18 45
18 12
18 31
18 33
18 47
18 14
18 27
18 25
18 4
18 10
18 5
18 41
18 29
18 30
18 21
18 36
18 39
18 7
18 34
16
19 25
19 34
19 41
19 23
19 37
19 0
19 21
19 1
19 9
19 29
19 46
19 12
19 17
19 26
19 7
19 38
18
20 32
20 29
20 2
20 47
20 22
20 45
20 0
20 9
20 8
20 7
20 28
20 40
20 25
20 35
20 19
20 48
20 18
20 39
21
21 8
21 25
21 44
21 45
21 49
21 32
21 7
21 15
21 16
21 26
21 40
21 30
21 46
21 38
21 20
21 37
21 6
21 14
21 0
21 41
21 5
20
22 26
22 24
22 11
22 19
22 12
22 13
22 40
22 47
22 25
22 6
22 14
22 18
22 9
22 7
22 42
22 3
22 16
22 8
22 5
22 28
22
23 44
23 34
23 24
23 45
23 8
23 0
23 38
23 22
23 28
23 21
23 41
23 6
23 14
23 10
23 31
23 39
23 40
23 11
23 13
23 20
23 17
23 29
20
24 44
24 6
24 0
24 26
24 19
24 25
24 18
24 15
24 14
24 42
24 45
24 34
24 2
24 32
24 33
24 8
24 48
24 29
24 27
24 17
23
25 39
25 46
25 47
25 15
25 9
25 23
25 16
25 7
25 11
25 35
25 28
25 42
25 1
25 34
25 44
25 4
25 13
25 12
25 14
25 10
25 27
25 6
25 32
19
26 29
26 1
26 11
26 44
26 13
26 45
26 20
26 43
26 27
26 36
26 35
26 38
26 23
26 28
26 2
26 9
26 18
26 30
26 31
21
27 35
27 7
27 29
27 32
27 34
27 13
27 6
27 9
27 30
27 8
27 2
27 1
27 3
27 42
27 40
27 22
27 48
27 49
27 31
27 5
27 28
17
28 33
28 13
28 39
28 38
28 19
28 15
28 9
28 4
28 24
28 47
28 11
28 21
28 35
28 31
28 2
28 46
28 1
20
29 22
29 21
29 9
29 31
29 37
29 35
29 0
29 43
29 28
29 4
29 1
29 7
29 11
29 30
29 32
29 33
29 12
29 41
29 48
29 36
21
30 15
30 9
30 13
30 10
30 49
30 34
30 22
30 7
30 24
30 16
30 20
30 23
30 6
30 47
30 33
30 35
30 31
30 4
30 19
30 40
30 38
21
31 0
31 2
31 44
31 10
31 4
31 21
31 42
31 12
31 9
31 25
31 37
31 17
31 41
31 39
31 19
31 24
31 8
31 22
31 35
31 32
31 48
15
32 22
32 49
32 46
32 4
32 39
32 18
32 26
32 3
32 38
32 15
32 0
32 16
32 17
32 47
32 37
18
33 17
33 49
33 31
33 8
33 32
33 0
33 42
33 41
33 40
33 20
33 14
33 37
33 23
33 6
33 1
33 22
33 13
33 19
20
34 32
34 45
34 28
34 44
34 11
34 38
34 21
34 10
34 31
34 5
34 13
34 22
34 43
34 41
34 40
34 35
34 48
34 33
34 29
34 36
18
35 37
35 7
35 17
35 1
35 33
35 18
35 36
35 24
35 19
35 32
35 21
35 41
35 46
35 0
35 14
35 9
35 8
35 10
24
36 38
36 39
36 37
36 30
36 11
36 14
36 9
36 21
36 41
36 40
36 24
36 27
36 0
36 19
36 31
36 46
36 16
36 45
36 49
36 17
36 44
36 33
36 20
36 13
20
37 41
37 1
37 45
37 3
37 4
37 6
37 47
37 44
37 40
37 24
37 20
37 0
37 25
37 39
37 27
37 18
37 28
37 23
37 12
37 42
17
38 24
38 47
38 17
38 9
38 29
38 11
38 45
38 18
38 33
38 10
38 41
38 35
38 22
38 20
38 43
38 5
38 25
20
39 22
39 17
39 2
39 46
39 5
39 24
39 33
39 27
39 41
39 26
39 48
39 44
39 34
39 42
39 30
39 40
39 11
39 1
39 47
39 3
15
40 9
40 10
40 15
40 19
40 29
40 31
40 18
40 2
40 28
40 35
40 6
40 17
40 24
40 32
40 41
21
41 48
41 3
41 16
41 2
41 6
41 45
41 27
41 17
41 44
41 42
41 8
41 32
41 15
41 30
41 11
41 24
41 28
41 13
41 20
41 12
41 49
19
42 36
42 12
42 49
42 34
42 26
42 23
42 15
42 8
42 20
42 35
42 4
42 38
42 21
42 16
42 2
42 19
42 1
42 9
42 32
23
43 41
43 27
43 40
43 49
43 42
43 14
43 5
43 46
43 20
43 22
43 19
43 13
43 0
43 23
43 15
43 39
43 31
43 48
43 1
43 16
43 10
43 44
43 2
18
44 4
44 18
44 2
44 9
44 40
44 35
44 29
44 46
44 28
44 27
44 16
44 32
44 11
44 19
44 10
44 33
44 47
44 7
22
45 35
45 30
45 31
45 32
45 12
45 19
45 25
45 4
45 29
45 27
45 9
45 49
45 1
45 40
45 6
45 28
45 13
45 0
45 44
45 22
45 46
45 8
20
46 49
46 10
46 41
46 40
46 42
46 33
46 26
46 23
46 27
46 2
46 18
46 38
46 37
46 24
46 34
46 30
46 22
46 0
46 4
46 47
20
47 27
47 7
47 31
47 36
47 43
47 49
47 10
47 15
47 23
47 17
47 2
47 40
47 45
47 24
47 8
47 29
47 11
47 42
47 41
47 19
26
48 46
48 33
48 32
48 6
48 14
48 13
48 37
48 1
48 47
48 38
48 17
48 25
48 5
48 28
48 18
48 49
48 45
48 16
48 3
48 7
48 35
48 36
48 26
48 42
48 44
48 19
23
49 0
49 19
49 22
49 29
49 20
49 25
49 37
49 16
49 44
49 23
49 31
49 4
49 34
49 39
49 2
49 28
49 13
49 14
49 40
49 1
49 6
49 18
49 35
