50
0 "A6"
1 "A34"
2 "A32"
3 "A14"
4 "A17"
5 "A11"
6 "A46"
7 "A18"
8 "A33"
9 "A49"
10 "A21"
11 "A24"
12 "A5"
13 "A9"
14 "A44"
15 "A13"
16 "A4"
17 "A2"
18 "A19"
19 "A27"
20 "A0"
21 "A28"
22 "A35"
23 "A39"
24 "A45"
25 "A40"
26 "A42"
27 "A3"
28 "A26"
29 "A20"
30 "A12"
31 "A16"
32 "A30"
33 "A41"
34 "A10"
35 "A31"
36 "A7"
37 "A15"
38 "A23"
39 "A22"
40 "A48"
41 "A47"
42 "A29"
43 "A1"
44 "A8"
45 "A36"
46 "A25"
47 "A43"
48 "A38"
49 "A37"
23
0 6
0 24
0 40
0 10
0 4
0 18
0 41
0 43
0 12
0 16
0 36
0 44
0 7
0 23
0 25
0 2
0 35
0 49
0 38
0 28
0 47
0 13
0 9
18
1 28
1 11
1 25
1 3
1 46
1 40
1 31
1 45
1 44
1 13
1 26
1 0
1 41
1 18
1 20
1 23
1 47
1 27
16
2 34
2 41
2 29
2 47
2 25
2 26
2 11
2 42
2 16
2 45
2 18
2 33
2 5
2 1
2 12
2 3
23
3 31
3 43
3 20
3 16
3 14
3 5
3 0
3 35
3 37
3 18
3 23
3 7
3 27
3 44
3 13
3 25
3 10
3 15
3 41
3 17
3 28
3 46
3 38
21
4 20
4 7
4 37
4 11
4 33
4 43
4 42
4 36
4 44
4 13
4 31
4 2
4 8
4 15
4 30
4 38
4 3
4 46
4 39
4 41
4 1
19
5 29
5 20
5 39
5 7
5 47
5 0
5 26
5 36
5 40
5 46
5 23
5 38
5 49
5 16
5 9
5 42
5 37
5 19
5 15
15
6 2
6 17
6 8
6 33
6 41
6 1
6 5
6 46
6 15
6 47
6 3
6 29
6 20
6 26
6 11
18
7 23
7 14
7 6
7 35
7 44
7 26
7 28
7 31
7 42
7 10
7 38
7 22
7 41
7 33
7 13
7 30
7 43
7 9
16
8 38
8 3
8 1
8 26
8 19
8 43
8 15
8 44
8 5
8 48
8 7
8 41
8 17
8 2
8 40
8 11
22
9 11
9 39
9 43
9 28
9 23
9 47
9 44
9 17
9 20
9 3
9 22
9 8
9 16
9 46
9 4
9 31
9 6
9 1
9 26
9 18
9 13
9 34
23
10 14
10 34
10 12
10 1
10 15
10 13
10 45
10 2
10 36
10 32
10 33
10 4
10 29
10 16
10 48
10 6
10 38
10 19
10 28
10 46
10 25
10 23
10 17
17
11 43
11 36
11 15
11 31
11 32
11 0
11 7
11 27
11 18
11 48
11 41
11 20
11 14
11 3
11 42
11 25
11 10
24
12 37
12 6
12 38
12 13
12 9
12 18
12 26
12 28
12 16
12 44
12 31
12 32
12 48
12 1
12 7
12 25
12 42
12 23
12 33
12 39
12 43
12 36
12 46
12 8
20
13 5
13 36
13 19
13 40
13 24
13 39
13 8
13 46
13 2
13 48
13 44
13 31
13 42
13 11
13 49
13 25
13 26
13 41
13 17
13 6
21
14 13
14 1
14 28
14 26
14 17
14 27
14 23
14 9
14 6
14 0
14 20
14 4
14 47
14 29
14 43
14 12
14 44
14 21
14 2
14 34
14 37
16
15 38
15 7
15 40
15 17
15 33
15 45
15 23
15 41
15 26
15 2
15 21
15 16
15 18
15 36
15 42
15 20
15
16 6
16 48
16 4
16 39
16 36
16 41
16 30
16 19
16 20
16 26
16 11
16 24
16 22
16 23
16 21
18
17 46
17 12
17 49
17 44
17 1
17 24
17 25
17 2
17 43
17 0
17 26
17 45
17 20
17 21
17 38
17 22
17 41
17 40
16
18 7
18 29
18 13
18 47
18 24
18 32
18 4
18 40
18 14
18 39
18 23
18 16
18 48
18 28
18 41
18 30
26
19 36
19 29
19 9
19 0
19 42
19 47
19 26
19 40
19 34
19 33
19 7
19 35
19 12
19 31
19 41
19 20
19 22
19 32
19 3
19 11
19 14
19 1
19 2
19 49
19 27
19 48
16
20 44
20 27
20 18
20 29
20 0
20 23
20 2
20 8
20 43
20 37
20 13
20 30
20 21
20 35
20 22
20 7
23
21 32
21 45
21 29
21 27
21 10
21 11
21 37
21 0
21 7
21 41
21 5
21 3
21 2
21 34
21 36
21 12
21 33
21 4
21 1
21 49
21 6
21 26
21 43
23
22 39
22 24
22 47
22 12
22 6
22 2
22 31
22 25
22 18
22 11
22 21
22 37
22 36
22 26
22 4
22 15
22 5
22 40
22 14
22 32
22 3
22 44
22 13
18
23 40
23 38
23 25
23 8
23 39
23 44
23 48
23 36
23 35
23 37
23 6
23 30
23 13
23 4
23 32
23 45
23 29
23 43
24
24 19
24 40
24 14
24 25
24 11
24 46
24 27
24 6
24 33
24 4
24 43
24 30
24 26
24 35
24 10
24 44
24 3
24 21
24 12
24 7
24 8
24 38
24 15
24 49
20
25 32
25 31
25 16
25 26
25 20
25 35
25 21
25 41
25 8
25 47
25 5
25 34
25 7
25 18
25 44
25 15
25 33
25 29
25 14
25 6
17
26 29
26 36
26 34
26 31
26 4
26 11
26 10
26 32
26 38
26 0
26 45
26 35
26 39
26 23
26 27
26 42
26 20
18
27 17
27 0
27 25
27 5
27 4
27 32
27 15
27 8
27 48
27 18
27 35
27 42
27 13
27 44
27 10
27 46
27 34
27 49
22
28 42
28 30
28 48
28 33
28 6
28 24
28 5
28 2
28 29
28 35
28 31
28 37
28 25
28 16
28 26
28 11
28 4
28 20
28 21
28 13
28 15
28 45
24
29 35
29 31
29 12
29 42
29 45
29 41
29 13
29 7
29 47
29 8
29 22
29 9
29 33
29 3
29 37
29 48
29 11
29 34
29 39
29 30
29 4
29 43
29 16
29 24
21
30 40
30 14
30 34
30 13
30 45
30 3
30 11
30 22
30 10
30 27
30 0
30 38
30 32
30 19
30 15
30 35
30 42
30 44
30 12
30 17
30 8
21
31 10
31 45
31 14
31 18
31 2
31 24
31 46
31 41
31 0
31 32
31 21
31 23
31 44
31 40
31 6
31 8
31 39
31 37
31 5
31 16
31 43
22
32 4
32 37
32 36
32 9
32 43
32 3
32 40
32 8
32 33
32 7
32 46
32 2
32 16
32 49
32 0
32 6
32 14
32 42
32 44
32 28
32 24
32 41
22
33 23
33 11
33 27
33 30
33 14
33 48
33 35
33 31
33 49
33 3
33 0
33 26
33 8
33 1
33 45
33 38
33 17
33 47
33 13
33 37
33 44
33 5
18
34 22
34 33
34 23
34 1
34 41
34 40
34 36
34 39
34 15
34 38
34 31
34 8
34 18
34 24
34 0
34 28
34 5
34 42
21
35 42
35 6
35 41
35 5
35 17
35 31
35 18
35 10
35 22
35 4
35 12
35 39
35 49
35 32
35 8
35 45
35 16
35 43
35 34
35 14
35 11
17
36 38
36 43
36 2
36 30
36 33
36 28
36 18
36 37
36 14
36 17
36 42
36 39
36 6
36 20
36 25
36 35
36 31
25
37 38
37 47
37 39
37 17
37 43
37 15
37 27
37 1
37 8
37 25
37 19
37 41
37 24
37 30
37 6
37 34
37 16
37 49
37 7
37 10
37 46
37 44
37 11
37 40
37 26
14
38 44
38 39
38 6
38 28
38 20
38 32
38 16
38 41
38 2
38 22
38 18
38 27
38 35
38 1
19
39 28
39 40
39 47
39 24
39 0
39 1
39 14
39 44
39 32
39 25
39 19
39 15
39 33
39 21
39 17
39 10
39 27
39 20
39 6
17
40 9
40 44
40 33
40 45
40 7
40 11
40 27
40 29
40 12
40 49
40 20
40 25
40 41
40 16
40 42
40 3
40 46
14
41 28
41 14
41 30
41 49
41 45
41 22
41 5
41 46
41 10
41 39
41 23
41 20
41 9
41 27
19
42 14
42 1
42 24
42 47
42 21
42 48
42 18
42 8
42 37
42 25
42 39
42 33
42 49
42 44
42 20
42 41
42 9
42 38
42 22
24
43 2
43 44
43 16
43 41
43 1
43 25
43 39
43 27
43 28
43 46
43 5
43 15
43 18
43 22
43 33
43 6
43 19
43 26
43 30
43 38
43 10
43 40
43 49
43 45
8
44 15
44 6
44 48
44 36
44 21
44 47
44 18
44 35
17
45 22
45 0
45 6
45 38
45 13
45 3
45 44
45 19
45 18
45 49
45 48
45 9
45 32
45 12
45 37
45 7
45 20
20
46 29
46 19
46 7
46 44
46 16
46 30
46 39
46 2
46 0
46 25
46 26
46 42
46 33
46 38
46 35
46 8
46 18
46 23
46 22
46 34
22
47 46
47 17
47 26
47 13
47 45
47 16
47 3
47 11
47 38
47 31
47 41
47 4
47 20
47 23
47 30
47 35
47 49
47 10
47 12
47 32
47 34
47 27
22
48 9
48 17
48 4
48 5
48 20
48 43
48 6
48 41
48 36
48 37
48 30
48 2
48 32
48 38
48 39
48 14
48 26
48 35
48 7
48 46
48 24
48 31
25
49 22
49 11
49 16
49 8
49 14
49 39
49 44
49 9
49 4
49 38
49 20
49 29
49 26
49 48
49 15
49 31
49 34
49 36
49 23
49 3
49 28
49 1
49 46
49 30
49 6
