50
0 "A6"
1 "A34"
2 "A32"
3 "A14"
4 "A17"
5 "A11"
6 "A46"
7 "A18"
8 "A33"
9 "A49"
10 "A21"
11 "A24"
12 "A5"
13 "A9"
14 "A44"
15 "A13"
16 "A4"
17 "A2"
18 "A19"
19 "A27"
20 "A0"
21 "A28"
22 "A35"
23 "A39"
24 "A45"
25 "A40"
26 "A42"
27 "A3"
28 "A26"
29 "A20"
30 "A12"
31 "A16"
32 "A30"
33 "A41"
34 "A10"
35 "A31"
36 "A7"
37 "A15"
38 "A23"
39 "A22"
40 "A48"
41 "A47"
42 "A29"
43 "A1"
44 "A8"
45 "A36"
46 "A25"
47 "A43"
48 "A38"
49 "A37"
19
0 48
0 31
0 36
0 21
0 37
0 1
0 29
0 39
0 17
0 26
0 33
0 30
0 25
0 9
0 4
0 44
0 15
0 10
0 2
23
1 47
1 11
1 25
1 38
1 42
1 16
1 44
1 10
1 12
1 8
1 3
1 22
1 6
1 43
1 26
1 23
1 32
1 46
1 45
1 15
1 48
1 36
1 31
16
2 35
2 47
2 14
2 49
2 26
2 10
2 12
2 41
2 31
2 7
2 5
2 24
2 4
2 29
2 3
2 22
13
3 26
3 29
3 39
3 31
3 7
3 32
3 12
3 8
3 4
3 44
3 18
3 48
3 37
20
4 49
4 12
4 23
4 1
4 25
4 33
4 21
4 44
4 9
4 6
4 11
4 36
4 39
4 7
4 34
4 46
4 26
4 15
4 20
4 19
21
5 21
5 20
5 0
5 38
5 1
5 3
5 24
5 43
5 31
5 17
5 35
5 22
5 18
5 13
5 28
5 27
5 49
5 4
5 34
5 19
5 15
23
6 22
6 8
6 15
6 21
6 2
6 14
6 35
6 23
6 30
6 32
6 29
6 3
6 31
6 0
6 24
6 36
6 25
6 38
6 48
6 45
6 7
6 37
6 12
22
7 31
7 10
7 25
7 21
7 20
7 0
7 42
7 46
7 12
7 18
7 17
7 1
7 26
7 48
7 47
7 16
7 15
7 19
7 43
7 5
7 29
7 37
19
8 47
8 9
8 48
8 21
8 29
8 34
8 49
8 44
8 31
8 11
8 5
8 22
8 26
8 42
8 17
8 0
8 2
8 12
8 30
24
9 37
9 29
9 12
9 22
9 16
9 20
9 3
9 48
9 25
9 2
9 32
9 5
9 6
9 39
9 36
9 46
9 7
9 1
9 23
9 15
9 10
9 35
9 44
9 17
24
10 4
10 41
10 28
10 3
10 21
10 16
10 42
10 15
10 40
10 47
10 31
10 39
10 5
10 26
10 33
10 29
10 37
10 34
10 24
10 20
10 11
10 45
10 32
10 6
14
11 6
11 2
11 46
11 33
11 0
11 40
11 16
11 9
11 7
11 34
11 5
11 20
11 13
11 3
16
12 47
12 37
12 41
12 44
12 18
12 22
12 48
12 11
12 10
12 30
12 5
12 0
12 14
12 43
12 34
12 42
24
13 40
13 18
13 4
13 30
13 1
13 6
13 22
13 17
13 15
13 48
13 47
13 35
13 36
13 9
13 16
13 12
13 8
13 43
13 7
13 19
13 0
13 41
13 23
13 3
16
14 27
14 10
14 22
14 43
14 34
14 29
14 20
14 16
14 46
14 5
14 3
14 45
14 13
14 11
14 35
14 38
23
15 14
15 25
15 42
15 20
15 45
15 29
15 2
15 17
15 24
15 36
15 18
15 30
15 47
15 21
15 33
15 43
15 39
15 34
15 46
15 27
15 12
15 38
15 8
16
16 38
16 18
16 33
16 25
16 5
16 6
16 19
16 49
16 43
16 39
16 2
16 8
16 0
16 44
16 12
16 23
18
17 34
17 11
17 43
17 49
17 1
17 6
17 28
17 2
17 37
17 40
17 20
17 21
17 39
17 41
17 36
17 38
17 27
17 30
18
18 24
18 9
18 0
18 44
18 10
18 14
18 20
18 43
18 30
18 39
18 33
18 35
18 34
18 1
18 49
18 6
18 4
18 32
20
19 6
19 45
19 34
19 32
19 8
19 12
19 2
19 17
19 47
19 40
19 41
19 14
19 26
19 31
19 9
19 42
19 15
19 37
19 49
19 43
16
20 19
20 32
20 6
20 40
20 24
20 36
20 12
20 28
20 8
20 1
20 45
20 27
20 47
20 46
20 34
20 2
18
21 44
21 43
21 19
21 16
21 48
21 18
21 30
21 37
21 26
21 24
21 32
21 12
21 13
21 49
21 35
21 1
21 28
21 3
16
22 49
22 38
22 39
22 26
22 19
22 42
22 43
22 20
22 37
22 18
22 4
22 7
22 16
22 23
22 33
22 3
22
23 49
23 30
23 15
23 21
23 25
23 42
23 38
23 48
23 39
23 10
23 35
23 17
23 3
23 24
23 26
23 44
23 8
23 11
23 18
23 0
23 2
23 14
15
24 47
24 35
24 4
24 0
24 3
24 11
24 8
24 19
24 12
24 7
24 27
24 41
24 13
24 22
24 28
22
25 19
25 17
25 47
25 22
25 30
25 21
25 18
25 27
25 10
25 20
25 29
25 41
25 46
25 39
25 45
25 5
25 31
25 2
25 13
25 38
25 3
25 11
18
26 24
26 12
26 5
26 36
26 45
26 11
26 27
26 41
26 25
26 14
26 16
26 17
26 18
26 13
26 40
26 9
26 47
26 49
19
27 30
27 11
27 2
27 45
27 4
27 8
27 32
27 10
27 19
27 3
27 13
27 33
27 0
27 18
27 41
27 31
27 9
27 12
27 28
27
28 34
28 30
28 47
28 39
28 33
28 26
28 37
28 41
28 0
28 1
28 6
28 3
28 45
28 32
28 16
28 18
28 42
28 35
28 9
28 40
28 25
28 36
28 22
28 14
28 13
28 12
28 15
19
29 49
29 11
29 19
29 20
29 5
29 30
29 1
29 13
29 46
29 28
29 27
29 18
29 33
29 21
29 36
29 24
29 48
29 22
29 16
15
30 32
30 11
30 45
30 14
30 34
30 22
30 24
30 39
30 35
30 10
30 26
30 20
30 1
30 36
30 44
16
31 12
31 22
31 18
31 38
31 46
31 44
31 16
31 32
31 21
31 28
31 23
31 13
31 11
31 26
31 40
31 20
18
32 47
32 34
32 29
32 42
32 7
32 2
32 13
32 24
32 5
32 12
32 41
32 17
32 0
32 8
32 26
32 16
32 48
32 33
21
33 13
33 8
33 14
33 17
33 48
33 5
33 9
33 19
33 44
33 2
33 7
33 30
33 3
33 6
33 38
33 34
33 21
33 35
33 23
33 1
33 31
16
34 9
34 42
34 23
34 39
34 29
34 45
34 6
34 22
34 13
34 36
34 31
34 41
34 35
34 38
34 0
34 1
19
35 12
35 10
35 7
35 25
35 20
35 17
35 32
35 3
35 47
35 26
35 11
35 8
35 22
35 39
35 40
35 45
35 27
35 15
35 49
23
36 24
36 2
36 31
36 8
36 18
36 25
36 45
36 21
36 19
36 35
36 5
36 3
36 22
36 41
36 10
36 27
36 12
36 48
36 11
36 44
36 7
36 33
36 16
18
37 31
37 27
37 20
37 46
37 29
37 2
37 35
37 16
37 42
37 8
37 26
37 13
37 24
37 15
37 41
37 30
37 1
37 4
22
38 0
38 28
38 41
38 4
38 18
38 13
38 20
38 19
38 8
38 24
38 29
38 3
38 10
38 26
38 44
38 7
38 39
38 11
38 49
38 37
38 9
38 27
17
39 8
39 26
39 19
39 31
39 37
39 27
39 6
39 14
39 1
39 48
39 43
39 7
39 32
39 5
39 13
39 12
39 24
24
40 42
40 39
40 23
40 24
40 22
40 47
40 0
40 33
40 34
40 21
40 45
40 36
40 9
40 1
40 27
40 4
40 16
40 18
40 41
40 44
40 2
40 5
40 37
40 8
19
41 29
41 39
41 9
41 7
41 8
41 31
41 44
41 16
41 15
41 5
41 42
41 30
41 22
41 11
41 21
41 14
41 4
41 23
41 6
22
42 45
42 0
42 24
42 14
42 6
42 18
42 33
42 16
42 25
42 48
42 29
42 17
42 9
42 49
42 35
42 26
42 31
42 47
42 21
42 5
42 20
42 2
23
43 25
43 48
43 24
43 28
43 10
43 27
43 8
43 41
43 36
43 9
43 35
43 3
43 34
43 6
43 38
43 37
43 31
43 46
43 40
43 45
43 20
43 26
43 44
15
44 5
44 29
44 22
44 2
44 34
44 26
44 17
44 28
44 48
44 24
44 15
44 6
44 45
44 27
44 10
24
45 21
45 18
45 37
45 5
45 32
45 12
45 22
45 41
45 38
45 17
45 8
45 2
45 39
45 46
45 33
45 23
45 11
45 29
45 7
45 4
45 3
45 31
45 24
45 9
27
46 21
46 0
46 16
46 41
46 19
46 5
46 6
46 18
46 36
46 23
46 22
46 35
46 42
46 24
46 34
46 28
46 3
46 49
46 2
46 12
46 44
46 30
46 38
46 8
46 39
46 47
46 40
18
47 36
47 30
47 17
47 3
47 11
47 34
47 33
47 0
47 49
47 22
47 27
47 45
47 41
47 18
47 4
47 29
47 5
47 23
22
48 26
48 18
48 40
48 30
48 28
48 47
48 5
48 38
48 15
48 2
48 37
48 35
48 20
48 45
48 4
48 27
48 14
48 46
48 24
48 11
48 19
48 41
20
49 10
49 11
49 34
49 30
49 27
49 31
49 20
49 39
49 1
49 48
49 25
49 28
49 36
49 43
49 41
49 14
49 9
49 44
49 37
49 6
