50
0 "A6"
1 "A34"
2 "A32"
3 "A14"
4 "A17"
5 "A11"
6 "A46"
7 "A18"
8 "A33"
9 "A49"
10 "A21"
11 "A24"
12 "A5"
13 "A9"
14 "A44"
15 "A13"
16 "A4"
17 "A2"
18 "A19"
19 "A27"
20 "A0"
21 "A28"
22 "A35"
23 "A39"
24 "A45"
25 "A40"
26 "A42"
27 "A3"
28 "A26"
29 "A20"
30 "A12"
31 "A16"
32 "A30"
33 "A41"
34 "A10"
35 "A31"
36 "A7"
37 "A15"
38 "A23"
39 "A22"
40 "A48"
41 "A47"
42 "A29"
43 "A1"
44 "A8"
45 "A36"
46 "A25"
47 "A43"
48 "A38"
49 "A37"
21
0 32
0 2
0 43
0 45
0 36
0 1
0 3
0 10
0 16
0 21
0 28
0 40
0 23
0 41
0 4
0 34
0 29
0 27
0 6
0 11
0 39
23
1 8
1 25
1 26
1 43
1 42
1 9
1 6
1 10
1 45
1 13
1 19
1 40
1 5
1 41
1 49
1 22
1 48
1 24
1 33
1 34
1 11
1 35
1 7
21
2 19
2 13
2 29
2 11
2 48
2 34
2 4
2 40
2 35
2 33
2 7
2 22
2 21
2 6
2 37
2 17
2 10
2 46
2 31
2 12
2 43
22
3 38
3 22
3 8
3 33
3 1
3 16
3 29
3 19
3 41
3 14
3 9
3 2
3 42
3 11
3 21
3 47
3 18
3 28
3 4
3 12
3 37
3 46
16
4 31
4 18
4 39
4 47
4 27
4 6
4 23
4 19
4 35
4 37
4 12
4 17
4 22
4 42
4 41
4 21
19
5 35
5 21
5 18
5 7
5 19
5 49
5 23
5 41
5 32
5 9
5 10
5 40
5 48
5 30
5 20
5 46
5 47
5 37
5 3
22
6 10
6 46
6 29
6 17
6 25
6 30
6 38
6 12
6 22
6 32
6 36
6 23
6 40
6 26
6 3
6 34
6 39
6 24
6 5
6 35
6 48
6 27
22
7 47
7 4
7 44
7 25
7 20
7 31
7 35
7 26
7 41
7 42
7 34
7 14
7 3
7 46
7 10
7 6
7 13
7 48
7 43
7 9
7 15
7 24
17
8 2
8 15
8 11
8 17
8 14
8 28
8 26
8 42
8 39
8 44
8 7
8 0
8 40
8 49
8 29
8 10
8 31
19
9 24
9 36
9 31
9 39
9 23
9 13
9 14
9 27
9 17
9 20
9 44
9 46
9 37
9 15
9 29
9 28
9 11
9 38
9 0
22
10 35
10 47
10 34
10 11
10 21
10 23
10 30
10 22
10 26
10 18
10 39
10 33
10 24
10 17
10 49
10 31
10 15
10 38
10 4
10 13
10 27
10 37
15
11 22
11 6
11 25
11 46
11 4
11 14
11 32
11 21
11 44
11 15
11 26
11 7
11 13
11 43
11 34
22
12 25
12 14
12 16
12 31
12 13
12 5
12 11
12 26
12 27
12 33
12 0
12 37
12 1
12 17
12 42
12 43
12 28
12 21
12 10
12 36
12 40
12 20
26
13 31
13 18
13 24
13 20
13 26
13 39
13 47
13 44
13 14
13 30
13 22
13 34
13 42
13 15
13 3
13 21
13 4
13 43
13 25
13 5
13 48
13 23
13 36
13 0
13 27
13 35
15
14 29
14 47
14 2
14 4
14 10
14 21
14 46
14 26
14 38
14 1
14 5
14 0
14 31
14 6
14 34
20
15 20
15 6
15 4
15 38
15 42
15 45
15 47
15 22
15 30
15 16
15 2
15 28
15 3
15 33
15 12
15 49
15 25
15 43
15 19
15 41
24
16 19
16 7
16 38
16 11
16 9
16 1
16 6
16 29
16 45
16 42
16 5
16 22
16 37
16 30
16 10
16 40
16 25
16 21
16 47
16 20
16 44
16 2
16 14
16 8
20
17 33
17 1
17 40
17 26
17 35
17 14
17 41
17 42
17 49
17 46
17 27
17 32
17 19
17 7
17 37
17 43
17 36
17 0
17 31
17 24
22
18 24
18 44
18 2
18 41
18 20
18 33
18 36
18 34
18 6
18 14
18 17
18 49
18 39
18 12
18 26
18 35
18 15
18 11
18 42
18 9
18 16
18 28
20
19 43
19 14
19 9
19 32
19 47
19 27
19 33
19 49
19 21
19 34
19 29
19 26
19 18
19 13
19 11
19 12
19 8
19 25
19 28
19 36
21
20 25
20 22
20 2
20 17
20 19
20 37
20 45
20 3
20 46
20 8
20 26
20 36
20 24
20 1
20 23
20 6
20 44
20 40
20 47
20 27
20 14
18
21 31
21 43
21 37
21 45
21 49
21 28
21 18
21 1
21 48
21 17
21 23
21 15
21 8
21 40
21 20
21 22
21 27
21 34
15
22 40
22 5
22 12
22 49
22 7
22 41
22 39
22 48
22 17
22 0
22 33
22 46
22 32
22 26
22 24
20
23 44
23 22
23 49
23 37
23 42
23 25
23 16
23 24
23 18
23 11
23 39
23 36
23 19
23 17
23 38
23 8
23 1
23 35
23 2
23 3
19
24 35
24 0
24 43
24 8
24 19
24 46
24 27
24 14
24 38
24 16
24 47
24 30
24 49
24 28
24 32
24 34
24 4
24 42
24 37
21
25 21
25 8
25 22
25 2
25 48
25 34
25 10
25 30
25 18
25 5
25 27
25 45
25 26
25 0
25 33
25 31
25 32
25 4
25 46
25 42
25 37
16
26 49
26 28
26 41
26 36
26 24
26 45
26 43
26 34
26 5
26 42
26 2
26 38
26 40
26 16
26 0
26 9
23
27 3
27 5
27 7
27 42
27 40
27 8
27 22
27 33
27 11
27 46
27 37
27 45
27 43
27 23
27 16
27 39
27 31
27 1
27 14
27 15
27 36
27 2
27 44
22
28 37
28 33
28 6
28 5
28 25
28 35
28 46
28 16
28 11
28 36
28 30
28 17
28 22
28 48
28 10
28 49
28 1
28 43
28 2
28 34
28 42
28 23
19
29 11
29 48
29 24
29 46
29 26
29 30
29 5
29 22
29 1
29 18
29 36
29 17
29 20
29 7
29 44
29 23
29 27
29 34
29 10
22
30 37
30 27
30 0
30 11
30 44
30 8
30 36
30 7
30 17
30 42
30 14
30 22
30 3
30 18
30 43
30 49
30 20
30 26
30 21
30 9
30 1
30 12
15
31 35
31 23
31 36
31 6
31 11
31 41
31 20
31 22
31 29
31 18
31 37
31 24
31 28
31 3
31 19
23
32 13
32 48
32 41
32 31
32 14
32 42
32 8
32 43
32 1
32 39
32 37
32 49
32 27
32 12
32 38
32 7
32 29
32 30
32 4
32 15
32 26
32 21
32 10
16
33 26
33 4
33 0
33 30
33 16
33 31
33 44
33 23
33 13
33 20
33 37
33 41
33 11
33 42
33 14
33 21
23
34 31
34 16
34 36
34 27
34 3
34 8
34 44
34 42
34 32
34 38
34 49
34 30
34 15
34 46
34 48
34 39
34 22
34 12
34 37
34 4
34 23
34 43
34 35
20
35 20
35 27
35 11
35 29
35 32
35 26
35 47
35 22
35 30
35 39
35 36
35 14
35 15
35 9
35 48
35 16
35 25
35 33
35 0
35 8
15
36 7
36 32
36 33
36 39
36 4
36 25
36 22
36 14
36 2
36 11
36 3
36 49
36 1
36 21
36 48
16
37 13
37 36
37 19
37 38
37 22
37 26
37 46
37 8
37 41
37 1
37 18
37 35
37 0
37 45
37 29
37 39
17
38 47
38 43
38 41
38 12
38 35
38 29
38 28
38 19
38 36
38 18
38 13
38 21
38 44
38 27
38 8
38 30
38 31
19
39 12
39 26
39 7
39 29
39 40
39 15
39 31
39 33
39 19
39 25
39 1
39 11
39 48
39 46
39 20
39 28
39 30
39 38
39 14
22
40 7
40 37
40 18
40 28
40 35
40 10
40 41
40 9
40 23
40 38
40 19
40 47
40 45
40 31
40 46
40 30
40 49
40 36
40 25
40 32
40 4
40 14
22
41 9
41 2
41 27
41 28
41 49
41 19
41 43
41 21
41 6
41 20
41 25
41 42
41 14
41 36
41 24
41 8
41 29
41 39
41 13
41 46
41 12
41 23
17
42 35
42 38
42 44
42 2
42 19
42 31
42 0
42 39
42 6
42 10
42 36
42 9
42 37
42 40
42 49
42 29
42 11
17
43 35
43 40
43 5
43 4
43 48
43 3
43 10
43 14
43 9
43 8
43 31
43 22
43 37
43 39
43 20
43 29
43 23
16
44 36
44 10
44 0
44 39
44 21
44 14
44 2
44 40
44 5
44 4
44 6
44 41
44 31
44 37
44 24
44 28
24
45 46
45 22
45 33
45 34
45 48
45 13
45 11
45 4
45 29
45 32
45 12
45 31
45 42
45 38
45 43
45 24
45 9
45 41
45 30
45 36
45 39
45 6
45 35
45 23
17
46 30
46 44
46 35
46 21
46 18
46 43
46 38
46 33
46 10
46 49
46 1
46 23
46 4
46 31
46 26
46 15
46 12
23
47 29
47 45
47 6
47 8
47 36
47 49
47 41
47 27
47 21
47 32
47 12
47 33
47 2
47 31
47 25
47 11
47 30
47 0
47 37
47 18
47 23
47 34
47 22
19
48 27
48 38
48 17
48 8
48 11
48 3
48 41
48 14
48 47
48 37
48 33
48 20
48 24
48 40
48 49
48 26
48 30
48 18
48 44
15
49 38
49 27
49 20
49 7
49 2
49 35
49 33
49 37
49 39
49 14
49 3
49 31
49 45
49 6
49 13
