50
0 "A6"
1 "A34"
2 "A32"
3 "A14"
4 "A17"
5 "A11"
6 "A46"
7 "A18"
8 "A33"
9 "A49"
10 "A21"
11 "A24"
12 "A5"
13 "A9"
14 "A44"
15 "A13"
16 "A4"
17 "A2"
18 "A19"
19 "A27"
20 "A0"
21 "A28"
22 "A35"
23 "A39"
24 "A45"
25 "A40"
26 "A42"
27 "A3"
28 "A26"
29 "A20"
30 "A12"
31 "A16"
32 "A30"
33 "A41"
34 "A10"
35 "A31"
36 "A7"
37 "A15"
38 "A23"
39 "A22"
40 "A48"
41 "A47"
42 "A29"
43 "A1"
44 "A8"
45 "A36"
46 "A25"
47 "A43"
48 "A38"
49 "A37"
20
0 12
0 17
0 26
0 44
0 40
0 41
0 9
0 48
0 34
0 13
0 2
0 30
0 3
0 15
0 32
0 20
0 49
0 5
0 28
0 33
24
1 34
1 26
1 41
1 17
1 36
1 30
1 32
1 21
1 8
1 39
1 11
1 49
1 24
1 40
1 4
1 13
1 7
1 2
1 3
1 33
1 6
1 37
1 19
1 20
25
2 34
2 39
2 30
2 48
2 40
2 19
2 9
2 16
2 44
2 49
2 46
2 6
2 15
2 12
2 27
2 13
2 42
2 29
2 32
2 41
2 4
2 21
2 23
2 22
2 5
22
3 16
3 27
3 32
3 31
3 21
3 34
3 6
3 14
3 22
3 36
3 20
3 7
3 8
3 2
3 38
3 12
3 39
3 5
3 42
3 41
3 18
3 46
18
4 36
4 26
4 40
4 12
4 24
4 0
4 48
4 15
4 46
4 35
4 32
4 30
4 21
4 45
4 31
4 42
4 14
4 38
18
5 35
5 39
5 1
5 38
5 9
5 20
5 4
5 12
5 34
5 36
5 46
5 26
5 41
5 21
5 11
5 27
5 42
5 17
15
6 14
6 25
6 48
6 24
6 5
6 47
6 29
6 46
6 42
6 20
6 39
6 38
6 13
6 0
6 35
20
7 18
7 23
7 45
7 48
7 10
7 46
7 5
7 19
7 26
7 15
7 47
7 42
7 40
7 38
7 2
7 20
7 6
7 34
7 4
7 28
20
8 40
8 14
8 43
8 9
8 15
8 20
8 10
8 26
8 5
8 7
8 21
8 25
8 31
8 18
8 6
8 4
8 2
8 24
8 42
8 35
21
9 6
9 48
9 15
9 45
9 16
9 23
9 39
9 10
9 41
9 31
9 33
9 34
9 7
9 42
9 29
9 3
9 17
9 12
9 26
9 4
9 35
20
10 31
10 14
10 23
10 18
10 13
10 25
10 4
10 19
10 35
10 20
10 3
10 42
10 0
10 39
10 32
10 43
10 29
10 40
10 38
10 1
16
11 34
11 30
11 19
11 9
11 6
11 0
11 8
11 20
11 48
11 38
11 10
11 28
11 49
11 15
11 7
11 4
18
12 16
12 29
12 25
12 6
12 47
12 35
12 49
12 44
12 30
12 1
12 15
12 27
12 42
12 7
12 10
12 39
12 21
12 45
16
13 20
13 31
13 47
13 45
13 8
13 22
13 27
13 15
13 4
13 23
13 32
13 26
13 30
13 9
13 11
13 39
24
14 20
14 24
14 28
14 25
14 17
14 33
14 21
14 46
14 2
14 19
14 48
14 22
14 42
14 26
14 49
14 47
14 30
14 9
14 12
14 13
14 27
14 11
14 15
14 1
14
15 23
15 42
15 48
15 5
15 44
15 31
15 49
15 1
15 3
15 21
15 26
15 47
15 10
15 6
17
16 30
16 28
16 6
16 43
16 47
16 46
16 26
16 27
16 19
16 14
16 8
16 48
16 24
16 10
16 13
16 15
16 35
22
17 6
17 12
17 15
17 40
17 34
17 36
17 16
17 11
17 35
17 30
17 13
17 46
17 27
17 48
17 38
17 7
17 49
17 44
17 26
17 2
17 24
17 33
18
18 9
18 49
18 16
18 32
18 13
18 37
18 47
18 46
18 6
18 12
18 45
18 28
18 2
18 38
18 14
18 25
18 40
18 42
19
19 27
19 30
19 45
19 5
19 23
19 49
19 26
19 13
19 12
19 31
19 0
19 22
19 6
19 21
19 35
19 34
19 48
19 37
19 18
16
20 39
20 31
20 19
20 27
20 49
20 18
20 36
20 15
20 17
20 22
20 23
20 25
20 16
20 33
20 42
20 9
14
21 30
21 48
21 6
21 16
21 41
21 9
21 36
21 40
21 10
21 20
21 34
21 23
21 18
21 11
22
22 0
22 29
22 37
22 23
22 6
22 4
22 11
22 36
22 18
22 47
22 16
22 9
22 27
22 17
22 15
22 25
22 24
22 31
22 12
22 38
22 34
22 21
22
23 11
23 1
23 28
23 5
23 17
23 8
23 26
23 14
23 37
23 3
23 43
23 45
23 0
23 44
23 41
23 32
23 6
23 27
23 30
23 34
23 16
23 48
19
24 2
24 18
24 3
24 20
24 21
24 38
24 7
24 41
24 13
24 31
24 39
24 42
24 35
24 0
24 19
24 12
24 15
24 47
24 29
26
25 19
25 45
25 1
25 26
25 3
25 43
25 34
25 24
25 2
25 42
25 29
25 7
25 23
25 41
25 39
25 5
25 4
25 40
25 9
25 13
25 47
25 31
25 17
25 11
25 30
25 16
19
26 24
26 36
26 35
26 42
26 30
26 2
26 11
26 6
26 27
26 33
26 43
26 45
26 21
26 18
26 22
26 12
26 34
26 49
26 3
18
27 38
27 15
27 25
27 44
27 24
27 8
27 47
27 31
27 4
27 7
27 11
27 10
27 49
27 45
27 18
27 1
27 6
27 30
25
28 27
28 45
28 13
28 12
28 47
28 22
28 6
28 15
28 2
28 49
28 8
28 34
28 37
28 20
28 1
28 3
28 5
28 41
28 42
28 19
28 24
28 35
28 17
28 33
28 10
20
29 4
29 26
29 39
29 11
29 43
29 38
29 33
29 27
29 42
29 40
29 28
29 3
29 0
29 5
29 19
29 13
29 20
29 18
29 7
29 23
18
30 3
30 9
30 48
30 22
30 44
30 18
30 15
30 8
30 5
30 34
30 24
30 49
30 36
30 33
30 37
30 10
30 39
30 43
22
31 12
31 1
31 44
31 47
31 46
31 29
31 18
31 5
31 38
31 21
31 40
31 35
31 26
31 2
31 28
31 43
31 23
31 49
31 41
31 0
31 32
31 48
24
32 12
32 15
32 29
32 26
32 37
32 33
32 24
32 43
32 20
32 45
32 11
32 16
32 22
32 8
32 38
32 39
32 30
32 42
32 47
32 28
32 6
32 9
32 21
32 14
17
33 2
33 48
33 31
33 6
33 24
33 34
33 46
33 12
33 21
33 27
33 15
33 5
33 10
33 11
33 25
33 8
33 45
19
34 13
34 37
34 27
34 41
34 12
34 43
34 16
34 4
34 31
34 18
34 32
34 20
34 14
34 29
34 8
34 44
34 48
34 6
34 46
15
35 23
35 48
35 37
35 18
35 49
35 33
35 34
35 14
35 15
35 3
35 32
35 0
35 20
35 13
35 47
22
36 23
36 16
36 6
36 42
36 28
36 34
36 18
36 12
36 11
36 25
36 44
36 2
36 32
36 35
36 29
36 14
36 9
36 31
36 27
36 7
36 15
36 19
20
37 17
37 48
37 43
37 3
37 14
37 47
37 8
37 20
37 10
37 33
37 6
37 13
37 9
37 0
37 44
37 27
37 15
37 11
37 5
37 4
21
38 2
38 25
38 15
38 37
38 28
38 45
38 30
38 19
38 12
38 49
38 36
38 21
38 44
38 14
38 20
38 1
38 26
38 48
38 33
38 43
38 8
23
39 46
39 26
39 35
39 4
39 21
39 37
39 38
39 22
39 16
39 15
39 18
39 14
39 42
39 27
39 41
39 28
39 47
39 36
39 17
39 43
39 48
39 31
39 0
18
40 38
40 20
40 46
40 41
40 26
40 23
40 5
40 9
40 24
40 12
40 27
40 6
40 11
40 44
40 37
40 39
40 19
40 13
22
41 27
41 14
41 30
41 16
41 22
41 7
41 20
41 26
41 42
41 37
41 35
41 12
41 48
41 4
41 11
41 15
41 10
41 33
41 19
41 43
41 6
41 38
11
42 37
42 22
42 0
42 34
42 19
42 31
42 17
42 21
42 49
42 48
42 30
20
43 21
43 14
43 22
43 15
43 5
43 48
43 13
43 17
43 9
43 18
43 19
43 49
43 28
43 3
43 4
43 33
43 35
43 6
43 0
43 20
25
44 43
44 42
44 24
44 22
44 14
44 10
44 11
44 21
44 20
44 9
44 39
44 13
44 7
44 3
44 18
44 26
44 25
44 29
44 49
44 41
44 16
44 28
44 19
44 4
44 32
16
45 34
45 0
45 16
45 39
45 43
45 15
45 36
45 22
45 20
45 3
45 10
45 35
45 5
45 1
45 14
45 40
23
46 28
46 23
46 35
46 9
46 26
46 12
46 0
46 1
46 29
46 37
46 27
46 41
46 43
46 42
46 44
46 13
46 24
46 21
46 22
46 8
46 25
46 19
46 20
23
47 21
47 11
47 49
47 23
47 0
47 3
47 19
47 41
47 38
47 43
47 42
47 26
47 33
47 29
47 9
47 48
47 10
47 5
47 46
47 45
47 17
47 4
47 1
16
48 46
48 36
48 40
48 44
48 26
48 1
48 25
48 45
48 5
48 18
48 27
48 8
48 10
48 28
48 29
48 20
17
49 8
49 32
49 4
49 5
49 16
49 29
49 10
49 45
49 46
49 39
49 40
49 25
49 41
49 33
49 13
49 3
49 21
