50
0 "A6"
1 "A34"
2 "A32"
3 "A14"
4 "A17"
5 "A11"
6 "A46"
7 "A18"
8 "A33"
9 "A49"
10 "A21"
11 "A24"
12 "A5"
13 "A9"
14 "A44"
15 "A13"
16 "A4"
17 "A2"
18 "A19"
19 "A27"
20 "A0"
21 "A28"
22 "A35"
23 "A39"
24 "A45"
25 "A40"
26 "A42"
27 "A3"
28 "A26"
29 "A20"
30 "A12"
31 "A16"
32 "A30"
33 "A41"
34 "A10"
35 "A31"
36 "A7"
37 "A15"
38 "A23"
39 "A22"
40 "A48"
41 "A47"
42 "A29"
43 "A1"
44 "A8"
45 "A36"
46 "A25"
47 "A43"
48 "A38"
49 "A37"
15
0 18
0 25
0 40
0 20
0 37
0 35
0 16
0 34
0 21
0 3
0 4
0 30
0 32
0 47
0 49
19
1 24
1 15
1 46
1 10
1 19
1 9
1 17
1 26
1 13
1 37
1 27
1 20
1 8
1 2
1 31
1 29
1 40
1 41
1 44
21
2 30
2 23
2 44
2 24
2 27
2 49
2 5
2 4
2 6
2 22
2 32
2 15
2 16
2 45
2 10
2 19
2 18
2 20
2 28
2 33
2 41
20
3 20
3 21
3 48
3 7
3 45
3 49
3 24
3 29
3 46
3 4
3 33
3 40
3 16
3 26
3 1
3 42
3 9
3 23
3 31
3 8
15
4 48
4 25
4 47
4 37
4 30
4 7
4 27
4 1
4 5
4 35
4 13
4 6
4 41
4 29
4 12
20
5 48
5 42
5 35
5 18
5 15
5 43
5 7
5 8
5 25
5 24
5 32
5 3
5 37
5 49
5 33
5 31
5 27
5 47
5 38
5 0
19
6 5
6 33
6 0
6 34
6 19
6 49
6 48
6 40
6 42
6 47
6 28
6 11
6 23
6 21
6 25
6 18
6 17
6 24
6 46
23
7 36
7 8
7 41
7 47
7 31
7 44
7 1
7 40
7 26
7 30
7 38
7 49
7 6
7 29
7 9
7 18
7 2
7 46
7 14
7 43
7 12
7 13
7 20
23
8 43
8 17
8 12
8 19
8 48
8 38
8 41
8 46
8 31
8 39
8 34
8 18
8 16
8 44
8 6
8 25
8 4
8 20
8 26
8 40
8 15
8 0
8 29
13
9 8
9 48
9 46
9 5
9 41
9 14
9 38
9 39
9 25
9 27
9 4
9 0
9 47
14
10 5
10 17
10 46
10 47
10 4
10 35
10 15
10 6
10 24
10 27
10 37
10 3
10 26
10 20
21
11 18
11 10
11 7
11 20
11 44
11 1
11 14
11 49
11 3
11 0
11 31
11 26
11 46
11 32
11 2
11 4
11 5
11 15
11 24
11 16
11 17
22
12 0
12 29
12 22
12 42
12 28
12 3
12 45
12 5
12 9
12 41
12 1
12 2
12 11
12 17
12 16
12 43
12 40
12 44
12 35
12 39
12 26
12 6
17
13 32
13 35
13 44
13 8
13 17
13 34
13 49
13 6
13 30
13 33
13 21
13 12
13 0
13 5
13 28
13 37
13 20
22
14 17
14 42
14 23
14 6
14 44
14 28
14 19
14 10
14 29
14 1
14 20
14 15
14 25
14 21
14 47
14 13
14 24
14 41
14 3
14 5
14 16
14 30
16
15 6
15 48
15 46
15 32
15 7
15 42
15 0
15 13
15 25
15 49
15 27
15 3
15 45
15 4
15 30
15 33
24
16 36
16 40
16 45
16 39
16 46
16 15
16 34
16 5
16 13
16 21
16 7
16 38
16 37
16 35
16 27
16 9
16 1
16 10
16 20
16 4
16 43
16 29
16 26
16 48
16
17 5
17 34
17 44
17 3
17 27
17 25
17 38
17 42
17 0
17 37
17 26
17 15
17 7
17 41
17 33
17 35
16
18 22
18 24
18 38
18 15
18 47
18 36
18 43
18 4
18 48
18 49
18 27
18 42
18 19
18 26
18 9
18 34
20
19 13
19 30
19 17
19 26
19 3
19 42
19 44
19 36
19 46
19 5
19 11
19 29
19 16
19 40
19 22
19 34
19 23
19 0
19 21
19 38
17
20 29
20 15
20 40
20 26
20 44
20 33
20 39
20 6
20 19
20 46
20 49
20 21
20 9
20 25
20 38
20 18
20 12
25
21 27
21 37
21 12
21 5
21 45
21 23
21 31
21 32
21 39
21 11
21 8
21 28
21 1
21 9
21 15
21 17
21 4
21 10
21 48
21 33
21 30
21 49
21 2
21 24
21 36
25
22 11
22 16
22 35
22 27
22 44
22 49
22 3
22 13
22 6
22 48
22 4
22 39
22 36
22 20
22 1
22 17
22 26
22 14
22 0
22 23
22 47
22 8
22 45
22 33
22 9
24
23 5
23 35
23 36
23 1
23 0
23 20
23 17
23 49
23 18
23 38
23 4
23 40
23 44
23 15
23 46
23 27
23 32
23 9
23 10
23 48
23 25
23 7
23 28
23 8
19
24 7
24 4
24 39
24 34
24 42
24 26
24 23
24 9
24 31
24 36
24 15
24 20
24 28
24 19
24 32
24 37
24 40
24 13
24 0
16
25 2
25 29
25 47
25 28
25 12
25 32
25 30
25 10
25 13
25 16
25 3
25 7
25 21
25 36
25 46
25 48
19
26 29
26 38
26 0
26 33
26 9
26 21
26 35
26 37
26 45
26 40
26 13
26 15
26 6
26 4
26 36
26 14
26 25
26 32
26 43
16
27 43
27 19
27 3
27 40
27 20
27 13
27 34
27 0
27 12
27 48
27 28
27 26
27 36
27 25
27 7
27 24
21
28 30
28 49
28 7
28 39
28 17
28 11
28 32
28 29
28 38
28 26
28 10
28 3
28 16
28 45
28 15
28 8
28 1
28 22
28 44
28 35
28 0
21
29 10
29 40
29 33
29 0
29 36
29 22
29 6
29 35
29 45
29 9
29 48
29 37
29 18
29 24
29 32
29 23
29 43
29 27
29 39
29 11
29 34
19
30 29
30 11
30 45
30 42
30 48
30 33
30 18
30 6
30 23
30 12
30 5
30 3
30 24
30 37
30 8
30 9
30 27
30 16
30 47
27
31 39
31 20
31 43
31 14
31 47
31 45
31 46
31 27
31 12
31 10
31 2
31 22
31 28
31 48
31 37
31 40
31 13
31 16
31 26
31 0
31 4
31 29
31 38
31 17
31 19
31 30
31 23
12
32 12
32 47
32 36
32 30
32 16
32 8
32 20
32 43
32 19
32 22
32 33
32 9
15
33 27
33 28
33 31
33 25
33 36
33 24
33 14
33 7
33 1
33 42
33 34
33 23
33 37
33 4
33 18
21
34 31
34 32
34 22
34 1
34 40
34 43
34 9
34 7
34 48
34 25
34 45
34 20
34 41
34 38
34 30
34 36
34 35
34 21
34 49
34 5
34 47
16
35 36
35 11
35 33
35 1
35 39
35 37
35 7
35 32
35 25
35 14
35 24
35 8
35 20
35 38
35 19
35 44
18
36 6
36 15
36 42
36 28
36 4
36 47
36 9
36 13
36 17
36 46
36 11
36 3
36 30
36 0
36 31
36 10
36 20
36 8
23
37 28
37 22
37 34
37 19
37 9
37 6
37 3
37 8
37 39
37 23
37 48
37 45
37 38
37 49
37 43
37 12
37 11
37 41
37 36
37 32
37 14
37 27
37 25
18
38 12
38 6
38 1
38 15
38 2
38 21
38 3
38 27
38 45
38 14
38 32
38 40
38 48
38 4
38 46
38 47
38 22
38 10
24
39 36
39 25
39 27
39 2
39 33
39 1
39 32
39 38
39 40
39 30
39 46
39 17
39 11
39 18
39 44
39 7
39 6
39 4
39 26
39 5
39 13
39 15
39 48
39 23
22
40 25
40 41
40 14
40 35
40 4
40 21
40 10
40 5
40 22
40 2
40 37
40 18
40 49
40 9
40 15
40 43
40 11
40 30
40 32
40 13
40 33
40 17
17
41 31
41 32
41 48
41 15
41 19
41 25
41 3
41 13
41 22
41 26
41 30
41 16
41 24
41 20
41 33
41 21
41 11
27
42 7
42 35
42 10
42 28
42 43
42 11
42 21
42 2
42 31
42 37
42 39
42 49
42 4
42 38
42 13
42 48
42 20
42 34
42 22
42 9
42 45
42 26
42 29
42 23
42 40
42 27
42 47
20
43 45
43 24
43 19
43 13
43 46
43 36
43 3
43 30
43 41
43 15
43 23
43 38
43 11
43 0
43 20
43 9
43 49
43 21
43 22
43 33
22
44 41
44 21
44 37
44 0
44 6
44 38
44 5
44 25
44 4
44 43
44 33
44 10
44 49
44 48
44 15
44 27
44 16
44 32
44 34
44 29
44 24
44 26
23
45 17
45 7
45 0
45 5
45 4
45 24
45 33
45 46
45 14
45 36
45 41
45 25
45 9
45 11
45 27
45 49
45 39
45 1
45 8
45 19
45 13
45 20
45 35
17
46 44
46 48
46 14
46 37
46 17
46 33
46 47
46 24
46 22
46 32
46 40
46 41
46 21
46 0
46 27
46 4
46 28
19
47 26
47 43
47 29
47 21
47 44
47 27
47 28
47 19
47 8
47 13
47 12
47 33
47 41
47 40
47 45
47 23
47 39
47 20
47 35
19
48 20
48 1
48 45
48 10
48 47
48 0
48 12
48 32
48 36
48 28
48 19
48 35
48 13
48 43
48 17
48 40
48 2
48 33
48 11
22
49 9
49 17
49 35
49 14
49 31
49 26
49 12
49 38
49 25
49 36
49 19
49 4
49 48
49 29
49 39
49 30
49 10
49 33
49 41
49 8
49 47
49 1
