50
0 "A6"
1 "A34"
2 "A32"
3 "A14"
4 "A17"
5 "A11"
6 "A46"
7 "A18"
8 "A33"
9 "A49"
10 "A21"
11 "A24"
12 "A5"
13 "A9"
14 "A44"
15 "A13"
16 "A4"
17 "A2"
18 "A19"
19 "A27"
20 "A0"
21 "A28"
22 "A35"
23 "A39"
24 "A45"
25 "A40"
26 "A42"
27 "A3"
28 "A26"
29 "A20"
30 "A12"
31 "A16"
32 "A30"
33 "A41"
34 "A10"
35 "A31"
36 "A7"
37 "A15"
38 "A23"
39 "A22"
40 "A48"
41 "A47"
42 "A29"
43 "A1"
44 "A8"
45 "A36"
46 "A25"
47 "A43"
48 "A38"
49 "A37"
22
0 17
0 14
0 28
0 4
0 24
0 20
0 11
0 38
0 13
0 31
0 39
0 47
0 29
0 33
0 26
0 25
0 21
0 32
0 27
0 36
0 15
0 44
20
1 39
1 23
1 33
1 42
1 6
1 10
1 40
1 44
1 30
1 18
1 25
1 48
1 5
1 45
1 2
1 28
1 15
1 20
1 19
1 31
20
2 33
2 9
2 34
2 4
2 36
2 24
2 13
2 38
2 3
2 21
2 18
2 32
2 5
2 40
2 20
2 11
2 6
2 47
2 35
2 26
16
3 24
3 14
3 26
3 39
3 21
3 18
3 10
3 16
3 36
3 17
3 45
3 0
3 13
3 6
3 49
3 48
20
4 30
4 13
4 23
4 26
4 18
4 11
4 24
4 1
4 3
4 9
4 35
4 8
4 27
4 47
4 40
4 12
4 38
4 31
4 48
4 7
19
5 34
5 12
5 49
5 23
5 31
5 30
5 7
5 4
5 8
5 46
5 3
5 37
5 21
5 20
5 26
5 11
5 47
5 27
5 44
20
6 19
6 27
6 28
6 26
6 4
6 40
6 37
6 5
6 49
6 39
6 32
6 45
6 7
6 24
6 30
6 29
6 46
6 17
6 35
6 34
22
7 34
7 15
7 36
7 37
7 41
7 18
7 0
7 28
7 39
7 25
7 8
7 10
7 14
7 23
7 19
7 33
7 27
7 3
7 46
7 13
7 2
7 30
22
8 47
8 1
8 36
8 9
8 37
8 48
8 33
8 12
8 49
8 23
8 18
8 2
8 31
8 32
8 35
8 34
8 3
8 19
8 13
8 6
8 41
8 39
18
9 14
9 41
9 46
9 32
9 0
9 21
9 1
9 31
9 20
9 43
9 6
9 29
9 33
9 3
9 42
9 37
9 24
9 10
20
10 5
10 27
10 12
10 16
10 37
10 23
10 22
10 8
10 19
10 38
10 39
10 25
10 42
10 31
10 21
10 49
10 2
10 6
10 14
10 41
16
11 43
11 22
11 9
11 16
11 19
11 24
11 1
11 14
11 3
11 10
11 6
11 39
11 46
11 7
11 35
11 47
20
12 47
12 27
12 39
12 28
12 13
12 0
12 1
12 33
12 11
12 34
12 25
12 24
12 6
12 19
12 3
12 45
12 16
12 18
12 23
12 38
24
13 45
13 30
13 26
13 18
13 23
13 29
13 10
13 17
13 46
13 20
13 41
13 43
13 47
13 39
13 15
13 48
13 9
13 36
13 22
13 32
13 6
13 35
13 25
13 5
16
14 42
14 47
14 48
14 13
14 44
14 37
14 18
14 36
14 1
14 23
14 22
14 6
14 5
14 34
14 40
14 4
23
15 33
15 49
15 4
15 28
15 24
15 27
15 2
15 34
15 40
15 38
15 30
15 43
15 36
15 20
15 9
15 41
15 11
15 14
15 37
15 26
15 22
15 18
15 48
21
16 43
16 6
16 18
16 9
16 33
16 14
16 8
16 32
16 4
16 46
16 22
16 47
16 39
16 13
16 34
16 49
16 19
16 15
16 40
16 2
16 31
22
17 4
17 42
17 22
17 25
17 47
17 33
17 27
17 14
17 12
17 29
17 11
17 48
17 7
17 44
17 1
17 8
17 10
17 5
17 39
17 20
17 18
17 15
13
18 24
18 36
18 42
18 10
18 30
18 35
18 41
18 32
18 6
18 49
18 23
18 9
18 5
23
19 3
19 47
19 14
19 46
19 21
19 31
19 24
19 26
19 35
19 48
19 15
19 38
19 5
19 30
19 13
19 28
19 49
19 2
19 17
19 4
19 42
19 39
19 20
19
20 30
20 10
20 4
20 31
20 6
20 46
20 47
20 39
20 12
20 21
20 32
20 35
20 3
20 45
20 16
20 7
20 24
20 29
20 11
18
21 26
21 16
21 27
21 14
21 47
21 33
21 44
21 11
21 48
21 4
21 15
21 40
21 31
21 43
21 41
21 13
21 6
21 12
23
22 43
22 45
22 30
22 18
22 31
22 40
22 19
22 7
22 34
22 21
22 41
22 20
22 26
22 46
22 9
22 25
22 0
22 6
22 3
22 33
22 27
22 2
22 29
17
23 39
23 25
23 43
23 49
23 9
23 46
23 20
23 17
23 16
23 27
23 30
23 48
23 19
23 2
23 6
23 22
23 0
19
24 31
24 17
24 10
24 34
24 1
24 47
24 27
24 28
24 22
24 37
24 16
24 32
24 7
24 46
24 13
24 14
24 33
24 26
24 43
23
25 2
25 33
25 15
25 19
25 48
25 39
25 30
25 45
25 6
25 8
25 20
25 16
25 24
25 21
25 43
25 40
25 14
25 42
25 44
25 11
25 4
25 27
25 9
17
26 18
26 49
26 14
26 16
26 11
26 17
26 1
26 41
26 33
26 48
26 9
26 39
26 27
26 20
26 23
26 34
26 42
14
27 34
27 2
27 41
27 44
27 18
27 20
27 1
27 8
27 19
27 3
27 16
27 9
27 46
27 11
21
28 40
28 27
28 47
28 44
28 29
28 21
28 37
28 2
28 20
28 16
28 8
28 14
28 3
28 46
28 4
28 36
28 10
28 17
28 22
28 23
28 13
26
29 45
29 7
29 16
29 37
29 42
29 40
29 18
29 23
29 14
29 21
29 38
29 24
29 1
29 8
29 10
29 5
29 34
29 11
29 12
29 39
29 27
29 15
29 47
29 26
29 3
29 46
17
30 17
30 26
30 24
30 16
30 34
30 2
30 28
30 43
30 44
30 8
30 10
30 9
30 21
30 48
30 49
30 31
30 27
15
31 27
31 18
31 40
31 13
31 29
31 23
31 3
31 15
31 12
31 28
31 17
31 38
31 11
31 14
31 34
21
32 7
32 1
32 21
32 47
32 22
32 31
32 30
32 4
32 27
32 26
32 35
32 11
32 45
32 39
32 5
32 15
32 10
32 36
32 28
32 38
32 29
18
33 30
33 14
33 5
33 3
33 34
33 39
33 42
33 28
33 6
33 35
33 11
33 47
33 31
33 19
33 23
33 48
33 10
33 18
20
34 21
34 35
34 43
34 17
34 0
34 41
34 18
34 28
34 44
34 13
34 39
34 23
34 19
34 20
34 3
34 36
34 47
34 40
34 49
34 11
23
35 15
35 46
35 27
35 29
35 5
35 0
35 47
35 23
35 26
35 25
35 24
35 1
35 41
35 14
35 12
35 7
35 39
35 9
35 16
35 28
35 10
35 45
35 22
23
36 19
36 27
36 22
36 46
36 35
36 49
36 23
36 43
36 33
36 44
36 21
36 4
36 11
36 31
36 40
36 39
36 37
36 20
36 16
36 47
36 26
36 1
36 29
22
37 1
37 19
37 45
37 16
37 3
37 0
37 44
37 34
37 11
37 27
37 35
37 41
37 42
37 26
37 13
37 4
37 39
37 12
37 31
37 22
37 32
37 21
24
38 26
38 35
38 17
38 16
38 18
38 11
38 14
38 34
38 7
38 5
38 46
38 27
38 33
38 44
38 45
38 24
38 1
38 23
38 8
38 36
38 21
38 37
38 22
38 20
15
39 42
39 5
39 38
39 40
39 15
39 21
39 24
39 22
39 47
39 18
39 49
39 4
39 14
39 28
39 45
18
40 35
40 0
40 32
40 42
40 45
40 7
40 8
40 17
40 41
40 18
40 20
40 24
40 47
40 19
40 5
40 13
40 23
40 27
18
41 11
41 5
41 33
41 38
41 36
41 31
41 23
41 0
41 12
41 17
41 3
41 1
41 24
41 6
41 25
41 2
41 19
41 46
25
42 3
42 23
42 41
42 22
42 27
42 48
42 32
42 11
42 5
42 46
42 34
42 7
42 35
42 15
42 16
42 2
42 21
42 44
42 36
42 4
42 38
42 13
42 47
42 49
42 20
17
43 20
43 6
43 37
43 14
43 33
43 26
43 32
43 2
43 1
43 3
43 5
43 8
43 49
43 42
43 35
43 41
43 28
20
44 2
44 33
44 24
44 31
44 3
44 10
44 18
44 40
44 32
44 13
44 8
44 7
44 23
44 46
44 29
44 11
44 6
44 15
44 47
44 35
19
45 21
45 24
45 8
45 11
45 33
45 7
45 15
45 23
45 0
45 34
45 28
45 36
45 14
45 30
45 9
45 27
45 41
45 43
45 48
18
46 37
46 32
46 17
46 40
46 1
46 43
46 8
46 10
46 4
46 0
46 39
46 25
46 21
46 45
46 12
46 26
46 14
46 33
14
47 18
47 1
47 27
47 41
47 9
47 26
47 46
47 22
47 25
47 10
47 48
47 6
47 7
47 3
19
48 34
48 20
48 28
48 46
48 49
48 9
48 37
48 44
48 41
48 29
48 39
48 31
48 12
48 40
48 11
48 5
48 2
48 36
48 32
20
49 35
49 37
49 45
49 12
49 44
49 14
49 7
49 46
49 22
49 41
49 0
49 47
49 31
49 1
49 32
49 29
49 4
49 24
49 27
49 2
