50
0 "A6"
1 "A34"
2 "A32"
3 "A14"
4 "A17"
5 "A11"
6 "A46"
7 "A18"
8 "A33"
9 "A49"
10 "A21"
11 "A24"
12 "A5"
13 "A9"
14 "A44"
15 "A13"
16 "A4"
17 "A2"
18 "A19"
19 "A27"
20 "A0"
21 "A28"
22 "A35"
23 "A39"
24 "A45"
25 "A40"
26 "A42"
27 "A3"
28 "A26"
29 "A20"
30 "A12"
31 "A16"
32 "A30"
33 "A41"
34 "A10"
35 "A31"
36 "A7"
37 "A15"
38 "A23"
39 "A22"
40 "A48"
41 "A47"
42 "A29"
43 "A1"
44 "A8"
45 "A36"
46 "A25"
47 "A43"
48 "A38"
49 "A37"
20
0 37
0 19
0 2
0 36
0 32
0 27
0 48
0 42
0 33
0 20
0 49
0 44
0 47
0 26
0 45
0 46
0 24
0 16
0 21
0 17
23
1 16
1 41
1 26
1 28
1 23
1 5
1 21
1 44
1 19
1 27
1 45
1 0
1 14
1 18
1 10
1 6
1 24
1 29
1 35
1 30
1 12
1 17
1 37
17
2 7
2 1
2 27
2 17
2 3
2 11
2 13
2 47
2 46
2 34
2 19
2 45
2 6
2 21
2 48
2 4
2 25
21
3 25
3 47
3 9
3 41
3 42
3 49
3 38
3 40
3 6
3 48
3 32
3 22
3 13
3 36
3 31
3 19
3 10
3 12
3 27
3 26
3 1
19
4 10
4 33
4 8
4 34
4 1
4 9
4 21
4 29
4 11
4 18
4 47
4 44
4 27
4 20
4 36
4 5
4 12
4 23
4 19
15
5 31
5 37
5 6
5 26
5 0
5 32
5 24
5 30
5 41
5 45
5 17
5 48
5 23
5 39
5 2
22
6 19
6 17
6 24
6 41
6 30
6 27
6 45
6 43
6 26
6 12
6 21
6 32
6 18
6 37
6 48
6 44
6 25
6 34
6 46
6 7
6 35
6 47
18
7 17
7 3
7 14
7 9
7 24
7 44
7 48
7 25
7 4
7 19
7 22
7 16
7 5
7 49
7 43
7 1
7 21
7 36
25
8 21
8 5
8 26
8 2
8 14
8 28
8 7
8 24
8 18
8 34
8 49
8 10
8 35
8 37
8 16
8 11
8 46
8 31
8 30
8 32
8 1
8 45
8 47
8 13
8 0
21
9 0
9 42
9 2
9 6
9 8
9 44
9 10
9 20
9 5
9 43
9 18
9 37
9 19
9 26
9 34
9 1
9 29
9 41
9 46
9 28
9 49
19
10 7
10 21
10 34
10 0
10 29
10 24
10 47
10 23
10 28
10 5
10 30
10 16
10 46
10 11
10 17
10 36
10 18
10 45
10 20
22
11 31
11 6
11 20
11 28
11 45
11 22
11 33
11 5
11 49
11 46
11 44
11 3
11 18
11 37
11 9
11 25
11 7
11 35
11 21
11 13
11 1
11 23
29
12 42
12 24
12 20
12 32
12 34
12 17
12 8
12 11
12 35
12 41
12 43
12 0
12 39
12 5
12 10
12 26
12 14
12 31
12 46
12 30
12 36
12 37
12 45
12 29
12 7
12 18
12 27
12 9
12 40
17
13 6
13 45
13 1
13 5
13 36
13 26
13 9
13 39
13 49
13 7
13 29
13 41
13 14
13 4
13 10
13 19
13 27
19
14 4
14 9
14 21
14 33
14 0
14 36
14 5
14 19
14 29
14 20
14 37
14 31
14 16
14 38
14 49
14 10
14 6
14 22
14 39
22
15 40
15 28
15 30
15 27
15 2
15 24
15 13
15 5
15 21
15 23
15 1
15 11
15 4
15 29
15 3
15 47
15 49
15 37
15 12
15 10
15 7
15 6
21
16 29
16 40
16 19
16 43
16 45
16 4
16 21
16 18
16 12
16 22
16 38
16 32
16 31
16 2
16 36
16 24
16 5
16 25
16 15
16 27
16 11
17
17 11
17 35
17 22
17 8
17 38
17 21
17 42
17 23
17 13
17 14
17 25
17 32
17 46
17 33
17 30
17 4
17 24
18
18 31
18 2
18 17
18 22
18 46
18 30
18 37
18 38
18 49
18 42
18 13
18 35
18 15
18 36
18 21
18 24
18 14
18 0
16
19 17
19 8
19 31
19 28
19 45
19 36
19 15
19 43
19 46
19 11
19 39
19 35
19 48
19 22
19 10
19 18
21
20 3
20 31
20 17
20 37
20 26
20 35
20 6
20 5
20 13
20 1
20 19
20 21
20 28
20 16
20 8
20 41
20 49
20 33
20 15
20 23
20 44
10
21 40
21 30
21 32
21 47
21 42
21 9
21 25
21 36
21 29
21 5
23
22 9
22 8
22 43
22 21
22 10
22 25
22 41
22 26
22 20
22 35
22 47
22 5
22 40
22 13
22 44
22 28
22 32
22 15
22 33
22 12
22 0
22 6
22 48
22
23 12
23 26
23 3
23 13
23 9
23 36
23 48
23 49
23 22
23 38
23 7
23 21
23 37
23 0
23 32
23 33
23 18
23 39
23 6
23 44
23 2
23 46
18
24 46
24 26
24 35
24 45
24 41
24 11
24 37
24 43
24 31
24 19
24 22
24 4
24 13
24 29
24 32
24 3
24 2
24 21
20
25 44
25 46
25 48
25 34
25 10
25 41
25 43
25 0
25 5
25 33
25 4
25 23
25 15
25 37
25 12
25 29
25 28
25 8
25 20
25 49
16
26 32
26 39
26 11
26 25
26 2
26 34
26 47
26 31
26 16
26 44
26 27
26 40
26 15
26 7
26 29
26 48
13
27 35
27 11
27 10
27 24
27 9
27 29
27 17
27 47
27 21
27 8
27 42
27 22
27 46
24
28 18
28 32
28 42
28 27
28 45
28 12
28 6
28 36
28 39
28 37
28 16
28 5
28 13
28 34
28 48
28 2
28 43
28 21
28 17
28 41
28 40
28 7
28 46
28 0
13
29 36
29 11
29 8
29 7
29 45
29 46
29 17
29 0
29 22
29 20
29 33
29 3
29 47
22
30 38
30 29
30 40
30 28
30 22
30 4
30 7
30 25
30 27
30 9
30 24
30 32
30 23
30 47
30 16
30 26
30 31
30 14
30 44
30 41
30 13
30 11
18
31 2
31 39
31 34
31 27
31 13
31 23
31 7
31 35
31 25
31 6
31 15
31 49
31 22
31 21
31 47
31 17
31 10
31 38
15
32 2
32 40
32 33
32 35
32 1
32 7
32 39
32 13
32 34
32 18
32 25
32 31
32 19
32 4
32 9
20
33 36
33 26
33 21
33 3
33 37
33 49
33 16
33 8
33 43
33 42
33 15
33 9
33 31
33 2
33 35
33 28
33 12
33 7
33 39
33 6
23
34 30
34 40
34 5
34 49
34 15
34 19
34 46
34 33
34 22
34 1
34 43
34 3
34 36
34 42
34 11
34 7
34 35
34 21
34 18
34 16
34 39
34 48
34 0
17
35 41
35 42
35 14
35 15
35 23
35 25
35 45
35 29
35 0
35 16
35 5
35 28
35 26
35 30
35 43
35 47
35 4
18
36 27
36 48
36 25
36 15
36 5
36 20
36 35
36 40
36 9
36 22
36 31
36 44
36 6
36 42
36 17
36 1
36 32
36 11
15
37 13
37 16
37 30
37 10
37 2
37 21
37 48
37 31
37 27
37 4
37 36
37 22
37 19
37 32
37 38
28
38 6
38 0
38 41
38 21
38 13
38 4
38 35
38 39
38 27
38 2
38 1
38 19
38 8
38 36
38 5
38 29
38 43
38 25
38 22
38 10
38 9
38 7
38 49
38 46
38 26
38 32
38 42
38 33
20
39 20
39 18
39 24
39 6
39 17
39 27
39 35
39 30
39 10
39 42
39 9
39 16
39 8
39 3
39 37
39 1
39 29
39 4
39 21
39 44
17
40 37
40 33
40 27
40 11
40 7
40 48
40 2
40 38
40 8
40 25
40 23
40 19
40 13
40 5
40 6
40 10
40 18
20
41 8
41 17
41 27
41 26
41 36
41 21
41 0
41 7
41 31
41 48
41 49
41 18
41 4
41 10
41 2
41 33
41 47
41 42
41 14
41 16
19
42 1
42 11
42 10
42 24
42 43
42 16
42 30
42 25
42 26
42 48
42 4
42 15
42 13
42 2
42 22
42 29
42 20
42 6
42 7
23
43 2
43 39
43 37
43 23
43 10
43 30
43 15
43 32
43 46
43 5
43 21
43 20
43 36
43 18
43 41
43 49
43 17
43 4
43 3
43 0
43 26
43 8
43 11
20
44 34
44 35
44 37
44 29
44 21
44 19
44 48
44 15
44 42
44 47
44 10
44 24
44 13
44 16
44 18
44 17
44 45
44 12
44 38
44 31
26
45 3
45 17
45 39
45 26
45 38
45 40
45 25
45 49
45 31
45 21
45 14
45 43
45 42
45 36
45 32
45 30
45 27
45 20
45 22
45 33
45 34
45 47
45 48
45 23
45 18
45 9
16
46 15
46 39
46 44
46 5
46 42
46 35
46 7
46 16
46 41
46 3
46 45
46 40
46 13
46 14
46 30
46 21
18
47 17
47 39
47 13
47 16
47 1
47 5
47 34
47 28
47 33
47 19
47 14
47 40
47 46
47 37
47 32
47 43
47 38
47 23
25
48 11
48 30
48 29
48 9
48 49
48 39
48 38
48 4
48 43
48 31
48 32
48 1
48 14
48 27
48 47
48 21
48 35
48 10
48 16
48 33
48 24
48 46
48 20
48 15
48 8
19
49 37
49 27
49 30
49 29
49 19
49 5
49 46
49 10
49 47
49 26
49 6
49 35
49 4
49 12
49 44
49 16
49 42
49 22
49 17
