50
0 "A6"
1 "A34"
2 "A32"
3 "A14"
4 "A17"
5 "A11"
6 "A46"
7 "A18"
8 "A33"
9 "A49"
10 "A21"
11 "A24"
12 "A5"
13 "A9"
14 "A44"
15 "A13"
16 "A4"
17 "A2"
18 "A19"
19 "A27"
20 "A0"
21 "A28"
22 "A35"
23 "A39"
24 "A45"
25 "A40"
26 "A42"
27 "A3"
28 "A26"
29 "A20"
30 "A12"
31 "A16"
32 "A30"
33 "A41"
34 "A10"
35 "A31"
36 "A7"
37 "A15"
38 "A23"
39 "A22"
40 "A48"
41 "A47"
42 "A29"
43 "A1"
44 "A8"
45 "A36"
46 "A25"
47 "A43"
48 "A38"
49 "A37"
21
0 28
0 46
0 15
0 5
0 42
0 2
0 7
0 22
0 32
0 18
0 20
0 47
0 37
0 9
0 39
0 45
0 44
0 14
0 36
0 1
0 41
14
1 11
1 30
1 28
1 44
1 15
1 20
1 33
1 47
1 46
1 24
1 13
1 9
1 10
1 43
21
2 34
2 32
2 21
2 46
2 4
2 30
2 9
2 42
2 5
2 19
2 33
2 44
2 45
2 8
2 48
2 6
2 43
2 14
2 13
2 22
2 15
20
3 34
3 18
3 31
3 15
3 43
3 40
3 9
3 23
3 35
3 22
3 25
3 14
3 24
3 45
3 47
3 26
3 41
3 27
3 19
3 2
25
4 33
4 5
4 3
4 48
4 1
4 49
4 0
4 38
4 12
4 27
4 19
4 15
4 29
4 28
4 16
4 45
4 7
4 21
4 18
4 42
4 24
4 36
4 46
4 14
4 23
18
5 40
5 21
5 43
5 26
5 6
5 19
5 25
5 41
5 3
5 9
5 29
5 7
5 47
5 18
5 22
5 16
5 17
5 48
15
6 3
6 21
6 19
6 43
6 18
6 25
6 11
6 46
6 10
6 41
6 0
6 37
6 48
6 38
6 7
23
7 33
7 2
7 32
7 24
7 9
7 26
7 19
7 23
7 20
7 15
7 3
7 30
7 8
7 46
7 36
7 38
7 13
7 22
7 39
7 14
7 40
7 44
7 48
21
8 6
8 33
8 5
8 18
8 9
8 17
8 22
8 29
8 14
8 3
8 28
8 30
8 13
8 46
8 1
8 19
8 41
8 10
8 45
8 24
8 15
22
9 33
9 10
9 40
9 43
9 39
9 24
9 45
9 36
9 6
9 22
9 12
9 37
9 28
9 18
9 4
9 20
9 29
9 32
9 14
9 21
9 46
9 15
13
10 29
10 33
10 18
10 23
10 0
10 44
10 28
10 26
10 20
10 21
10 41
10 30
10 5
19
11 24
11 0
11 47
11 41
11 15
11 32
11 38
11 7
11 4
11 5
11 42
11 49
11 10
11 2
11 22
11 37
11 45
11 29
11 8
18
12 0
12 31
12 25
12 24
12 38
12 10
12 22
12 1
12 11
12 29
12 41
12 28
12 5
12 6
12 19
12 7
12 46
12 3
23
13 21
13 15
13 49
13 17
13 3
13 24
13 10
13 4
13 5
13 22
13 41
13 11
13 34
13 0
13 38
13 43
13 12
13 9
13 45
13 35
13 19
13 47
13 6
15
14 22
14 41
14 13
14 33
14 49
14 20
14 47
14 29
14 5
14 46
14 10
14 44
14 48
14 12
14 28
20
15 46
15 45
15 30
15 35
15 31
15 26
15 47
15 5
15 20
15 33
15 49
15 19
15 41
15 10
15 6
15 12
15 22
15 42
15 38
15 29
20
16 36
16 37
16 38
16 18
16 32
16 42
16 23
16 3
16 44
16 8
16 15
16 49
16 1
16 20
16 29
16 21
16 30
16 11
16 47
16 14
23
17 9
17 39
17 1
17 19
17 20
17 21
17 27
17 37
17 7
17 41
17 15
17 40
17 6
17 26
17 3
17 2
17 33
17 16
17 48
17 47
17 4
17 28
17 11
21
18 17
18 37
18 25
18 19
18 32
18 40
18 45
18 14
18 48
18 12
18 15
18 24
18 49
18 35
18 43
18 13
18 27
18 38
18 11
18 7
18 23
22
19 23
19 25
19 22
19 43
19 26
19 24
19 40
19 44
19 14
19 11
19 32
19 45
19 20
19 10
19 1
19 16
19 34
19 28
19 33
19 29
19 49
19 47
12
20 33
20 4
20 46
20 6
20 47
20 42
20 41
20 27
20 8
20 12
20 49
20 32
15
21 0
21 8
21 1
21 42
21 7
21 38
21 49
21 25
21 12
21 32
21 18
21 15
21 41
21 40
21 11
22
22 27
22 29
22 45
22 48
22 18
22 33
22 43
22 16
22 26
22 21
22 44
22 47
22 17
22 41
22 34
22 37
22 20
22 31
22 38
22 32
22 39
22 1
23
23 24
23 13
23 9
23 48
23 8
23 29
23 11
23 39
23 36
23 49
23 2
23 17
23 25
23 15
23 31
23 41
23 14
23 46
23 42
23 12
23 6
23 27
23 21
15
24 5
24 45
24 42
24 16
24 17
24 29
24 26
24 2
24 33
24 39
24 21
24 49
24 37
24 15
24 47
21
25 2
25 34
25 1
25 14
25 26
25 11
25 24
25 4
25 40
25 28
25 39
25 9
25 49
25 33
25 13
25 38
25 48
25 45
25 17
25 20
25 37
18
26 6
26 2
26 20
26 35
26 23
26 12
26 4
26 8
26 31
26 27
26 13
26 28
26 33
26 0
26 9
26 49
26 46
26 29
21
27 24
27 32
27 21
27 14
27 19
27 6
27 38
27 42
27 1
27 12
27 10
27 11
27 13
27 43
27 16
27 44
27 30
27 33
27 28
27 8
27 9
16
28 5
28 42
28 36
28 23
28 20
28 21
28 24
28 18
28 22
28 13
28 45
28 7
28 47
28 39
28 3
28 11
13
29 21
29 7
29 37
29 48
29 40
29 49
29 2
29 28
29 25
29 41
29 13
29 1
29 0
20
30 41
30 6
30 44
30 3
30 46
30 13
30 9
30 33
30 49
30 4
30 35
30 39
30 0
30 11
30 26
30 20
30 21
30 43
30 25
30 28
24
31 18
31 0
31 37
31 17
31 19
31 48
31 16
31 5
31 11
31 34
31 14
31 21
31 25
31 9
31 36
31 49
31 6
31 13
31 20
31 46
31 7
31 24
31 10
31 2
24
32 28
32 30
32 37
32 3
32 48
32 6
32 17
32 12
32 29
32 38
32 45
32 42
32 24
32 8
32 23
32 43
32 14
32 31
32 46
32 5
32 13
32 26
32 1
32 25
21
33 38
33 23
33 48
33 16
33 32
33 42
33 46
33 39
33 0
33 3
33 12
33 13
33 49
33 36
33 21
33 6
33 37
33 29
33 28
33 18
33 44
20
34 6
34 14
34 49
34 32
34 38
34 7
34 33
34 29
34 45
34 28
34 8
34 12
34 5
34 43
34 15
34 18
34 10
34 11
34 21
34 24
27
35 28
35 34
35 19
35 11
35 16
35 45
35 36
35 20
35 25
35 33
35 41
35 9
35 31
35 17
35 43
35 47
35 12
35 21
35 4
35 23
35 14
35 29
35 48
35 27
35 2
35 22
35 10
23
36 40
36 21
36 20
36 12
36 30
36 29
36 19
36 8
36 14
36 25
36 34
36 37
36 17
36 24
36 13
36 2
36 45
36 22
36 32
36 1
36 44
36 3
36 6
22
37 44
37 4
37 5
37 49
37 28
37 20
37 21
37 13
37 14
37 45
37 15
37 27
37 30
37 2
37 39
37 40
37 48
37 8
37 43
37 3
37 10
37 7
21
38 30
38 28
38 20
38 36
38 48
38 45
38 29
38 24
38 44
38 31
38 40
38 14
38 46
38 19
38 17
38 26
38 10
38 3
38 0
38 35
38 5
23
39 26
39 11
39 8
39 19
39 16
39 29
39 5
39 44
39 38
39 4
39 27
39 13
39 10
39 12
39 34
39 18
39 31
39 43
39 21
39 35
39 36
39 15
39 14
16
40 33
40 20
40 13
40 35
40 24
40 31
40 44
40 1
40 43
40 34
40 48
40 26
40 12
40 16
40 15
40 23
20
41 44
41 26
41 9
41 39
41 31
41 27
41 36
41 18
41 2
41 19
41 37
41 38
41 34
41 43
41 42
41 28
41 33
41 1
41 4
41 47
21
42 1
42 13
42 43
42 48
42 35
42 25
42 29
42 49
42 40
42 3
42 10
42 17
42 36
42 30
42 5
42 12
42 34
42 14
42 37
42 7
42 18
20
43 7
43 14
43 12
43 25
43 8
43 24
43 33
43 49
43 36
43 48
43 26
43 28
43 0
43 29
43 16
43 38
43 44
43 17
43 20
43 10
15
44 6
44 23
44 17
44 21
44 35
44 3
44 15
44 32
44 42
44 26
44 25
44 20
44 29
44 24
44 31
16
45 27
45 26
45 47
45 6
45 41
45 31
45 23
45 40
45 39
45 20
45 43
45 44
45 30
45 14
45 21
45 42
19
46 45
46 10
46 25
46 17
46 35
46 27
46 16
46 21
46 39
46 43
46 40
46 5
46 34
46 47
46 11
46 36
46 29
46 42
46 19
24
47 12
47 30
47 36
47 32
47 7
47 48
47 29
47 21
47 34
47 25
47 6
47 10
47 33
47 9
47 2
47 42
47 4
47 43
47 23
47 8
47 39
47 26
47 40
47 18
15
48 30
48 41
48 20
48 13
48 24
48 45
48 27
48 26
48 46
48 1
48 0
48 8
48 34
48 12
48 21
19
49 38
49 7
49 17
49 1
49 27
49 22
49 32
49 46
49 41
49 39
49 28
49 12
49 10
49 5
49 47
49 3
49 2
49 44
49 48
