50
0 "A6"
1 "A34"
2 "A32"
3 "A14"
4 "A17"
5 "A11"
6 "A46"
7 "A18"
8 "A33"
9 "A49"
10 "A21"
11 "A24"
12 "A5"
13 "A9"
14 "A44"
15 "A13"
16 "A4"
17 "A2"
18 "A19"
19 "A27"
20 "A0"
21 "A28"
22 "A35"
23 "A39"
24 "A45"
25 "A40"
26 "A42"
27 "A3"
28 "A26"
29 "A20"
30 "A12"
31 "A16"
32 "A30"
33 "A41"
34 "A10"
35 "A31"
36 "A7"
37 "A15"
38 "A23"
39 "A22"
40 "A48"
41 "A47"
42 "A29"
43 "A1"
44 "A8"
45 "A36"
46 "A25"
47 "A43"
48 "A38"
49 "A37"
15
0 42
0 49
0 1
0 37
0 16
0 30
0 24
0 15
0 26
0 10
0 17
0 2
0 28
0 18
0 22
24
1 33
1 46
1 20
1 45
1 42
1 6
1 38
1 18
1 29
1 13
1 40
1 25
1 44
1 36
1 32
1 5
1 3
1 27
1 21
1 35
1 8
1 28
1 16
1 26
20
2 1
2 18
2 49
2 40
2 38
2 42
2 16
2 11
2 29
2 6
2 46
2 43
2 35
2 14
2 4
2 34
2 22
2 9
2 10
2 3
18
3 10
3 24
3 47
3 28
3 19
3 45
3 38
3 12
3 43
3 33
3 39
3 31
3 34
3 0
3 32
3 30
3 11
3 42
17
4 1
4 17
4 49
4 8
4 32
4 19
4 14
4 36
4 44
4 20
4 42
4 9
4 16
4 0
4 39
4 5
4 3
15
5 2
5 0
5 18
5 21
5 12
5 38
5 3
5 45
5 22
5 28
5 25
5 19
5 47
5 15
5 24
18
6 49
6 32
6 21
6 30
6 31
6 37
6 4
6 45
6 14
6 5
6 0
6 10
6 36
6 12
6 35
6 43
6 22
6 46
20
7 39
7 18
7 44
7 17
7 46
7 15
7 19
7 26
7 33
7 16
7 9
7 35
7 1
7 0
7 29
7 6
7 5
7 48
7 4
7 20
13
8 0
8 21
8 35
8 17
8 16
8 41
8 19
8 22
8 45
8 39
8 44
8 6
8 26
17
9 33
9 29
9 42
9 25
9 16
9 22
9 6
9 48
9 26
9 1
9 8
9 18
9 44
9 21
9 36
9 3
9 40
21
10 7
10 38
10 44
10 40
10 46
10 4
10 43
10 21
10 17
10 8
10 45
10 37
10 48
10 35
10 49
10 15
10 24
10 1
10 29
10 30
10 41
22
11 47
11 18
11 44
11 4
11 8
11 7
11 39
11 34
11 33
11 29
11 37
11 49
11 26
11 9
11 20
11 19
11 25
11 22
11 21
11 17
11 32
11 16
22
12 7
12 48
12 36
12 20
12 4
12 49
12 33
12 22
12 27
12 28
12 32
12 19
12 13
12 21
12 8
12 10
12 30
12 34
12 2
12 24
12 16
12 9
22
13 29
13 3
13 24
13 15
13 10
13 11
13 47
13 2
13 5
13 46
13 39
13 23
13 43
13 4
13 6
13 27
13 28
13 7
13 0
13 35
13 9
13 48
19
14 30
14 11
14 19
14 0
14 34
14 45
14 18
14 26
14 27
14 12
14 8
14 43
14 7
14 10
14 44
14 1
14 47
14 21
14 13
21
15 42
15 24
15 11
15 1
15 12
15 32
15 2
15 28
15 9
15 33
15 14
15 4
15 36
15 22
15 43
15 21
15 41
15 25
15 48
15 37
15 27
20
16 32
16 28
16 10
16 23
16 39
16 47
16 33
16 31
16 42
16 36
16 25
16 49
16 18
16 46
16 5
16 30
16 14
16 34
16 3
16 38
25
17 19
17 21
17 3
17 47
17 9
17 25
17 29
17 14
17 26
17 38
17 44
17 1
17 34
17 28
17 16
17 32
17 15
17 6
17 22
17 23
17 31
17 37
17 13
17 46
17 2
24
18 43
18 46
18 13
18 19
18 28
18 24
18 45
18 23
18 17
18 3
18 4
18 20
18 36
18 40
18 8
18 26
18 39
18 47
18 48
18 12
18 22
18 6
18 15
18 30
17
19 15
19 47
19 39
19 24
19 43
19 42
19 33
19 6
19 28
19 10
19 20
19 41
19 13
19 27
19 9
19 0
19 37
24
20 37
20 27
20 3
20 47
20 24
20 39
20 28
20 22
20 42
20 48
20 44
20 13
20 33
20 23
20 6
20 46
20 21
20 34
20 16
20 31
20 10
20 17
20 36
20 2
22
21 29
21 23
21 4
21 0
21 25
21 33
21 26
21 46
21 39
21 19
21 18
21 32
21 24
21 37
21 7
21 16
21 41
21 47
21 35
21 42
21 43
21 3
18
22 46
22 31
22 28
22 7
22 39
22 4
22 25
22 14
22 48
22 3
22 26
22 43
22 10
22 32
22 16
22 23
22 19
22 1
26
23 15
23 40
23 46
23 38
23 42
23 31
23 0
23 9
23 2
23 19
23 25
23 35
23 49
23 32
23 37
23 10
23 30
23 11
23 12
23 3
23 43
23 14
23 26
23 8
23 44
23 29
20
24 34
24 41
24 31
24 39
24 1
24 35
24 4
24 44
24 17
24 48
24 16
24 30
24 47
24 42
24 9
24 28
24 14
24 40
24 37
24 8
18
25 28
25 18
25 39
25 14
25 13
25 42
25 8
25 6
25 7
25 12
25 47
25 26
25 45
25 3
25 20
25 37
25 4
25 0
20
26 44
26 5
26 19
26 41
26 28
26 16
26 40
26 24
26 4
26 42
26 3
26 49
26 30
26 37
26 45
26 6
26 34
26 27
26 15
26 36
20
27 49
27 0
27 18
27 41
27 7
27 44
27 43
27 10
27 35
27 6
27 24
27 28
27 23
27 33
27 31
27 2
27 4
27 3
27 11
27 8
17
28 31
28 41
28 42
28 30
28 7
28 8
28 4
28 46
28 29
28 47
28 23
28 43
28 36
28 10
28 11
28 39
28 6
17
29 16
29 39
29 3
29 18
29 44
29 34
29 8
29 33
29 22
29 20
29 0
29 48
29 14
29 31
29 41
29 26
29 46
22
30 1
30 9
30 29
30 15
30 37
30 42
30 22
30 27
30 31
30 43
30 17
30 46
30 38
30 8
30 47
30 32
30 39
30 34
30 5
30 33
30 49
30 2
14
31 26
31 10
31 4
31 8
31 33
31 5
31 21
31 41
31 2
31 40
31 35
31 38
31 47
31 25
24
32 27
32 48
32 24
32 13
32 28
32 41
32 19
32 18
32 8
32 47
32 2
32 14
32 31
32 36
32 10
32 7
32 9
32 25
32 37
32 46
32 34
32 0
32 44
32 29
21
33 26
33 5
33 14
33 46
33 2
33 48
33 17
33 18
33 8
33 23
33 13
33 24
33 35
33 28
33 4
33 42
33 45
33 10
33 6
33 34
33 0
16
34 27
34 43
34 19
34 4
34 36
34 6
34 13
34 9
34 22
34 1
34 47
34 31
34 45
34 21
34 10
34 18
21
35 14
35 47
35 11
35 16
35 18
35 41
35 0
35 43
35 12
35 5
35 20
35 40
35 42
35 19
35 29
35 17
35 30
35 37
35 26
35 25
35 44
24
36 22
36 17
36 31
36 0
36 5
36 30
36 33
36 40
36 41
36 47
36 35
36 13
36 44
36 11
36 14
36 19
36 29
36 10
36 45
36 25
36 23
36 2
36 39
36 27
15
37 22
37 13
37 12
37 27
37 44
37 33
37 4
37 29
37 8
37 34
37 40
37 9
37 31
37 39
37 16
25
38 13
38 22
38 46
38 43
38 19
38 36
38 28
38 21
38 34
38 15
38 14
38 45
38 29
38 35
38 6
38 27
38 12
38 11
38 4
38 41
38 25
38 18
38 37
38 7
38 26
17
39 45
39 34
39 6
39 26
39 1
39 44
39 10
39 38
39 2
39 0
39 15
39 33
39 5
39 27
39 31
39 12
39 14
20
40 22
40 3
40 20
40 4
40 0
40 16
40 33
40 11
40 27
40 25
40 44
40 34
40 42
40 8
40 28
40 12
40 7
40 15
40 32
40 14
19
41 4
41 6
41 7
41 11
41 30
41 47
41 40
41 46
41 9
41 16
41 23
41 5
41 37
41 17
41 18
41 33
41 13
41 2
41 22
15
42 29
42 32
42 36
42 38
42 14
42 18
42 17
42 12
42 22
42 13
42 48
42 46
42 27
42 39
42 11
17
43 49
43 32
43 25
43 1
43 44
43 46
43 17
43 4
43 40
43 41
43 5
43 26
43 42
43 9
43 12
43 0
43 16
14
44 33
44 18
44 45
44 3
44 25
44 0
44 22
44 12
44 15
44 31
44 41
44 21
44 19
44 16
22
45 13
45 40
45 24
45 11
45 35
45 20
45 31
45 28
45 23
45 12
45 0
45 41
45 9
45 32
45 21
45 30
45 7
45 16
45 48
45 37
45 27
45 29
16
46 37
46 19
46 3
46 8
46 4
46 5
46 34
46 44
46 0
46 9
46 26
46 11
46 35
46 25
46 14
46 27
21
47 26
47 37
47 9
47 10
47 0
47 7
47 44
47 27
47 43
47 23
47 40
47 29
47 12
47 22
47 46
47 2
47 8
47 45
47 4
47 6
47 48
24
48 25
48 39
48 26
48 19
48 30
48 27
48 23
48 49
48 6
48 5
48 35
48 11
48 2
48 28
48 36
48 43
48 44
48 16
48 37
48 38
48 17
48 34
48 31
48 4
21
49 33
49 19
49 24
49 28
49 13
49 35
49 9
49 36
49 32
49 22
49 37
49 15
49 7
49 17
49 29
49 20
49 47
49 31
49 34
49 44
49 38
