50
0 "A6"
1 "A34"
2 "A32"
3 "A14"
4 "A17"
5 "A11"
6 "A46"
7 "A18"
8 "A33"
9 "A49"
10 "A21"
11 "A24"
12 "A5"
13 "A9"
14 "A44"
15 "A13"
16 "A4"
17 "A2"
18 "A19"
19 "A27"
20 "A0"
21 "A28"
22 "A35"
23 "A39"
24 "A45"
25 "A40"
26 "A42"
27 "A3"
28 "A26"
29 "A20"
30 "A12"
31 "A16"
32 "A30"
33 "A41"
34 "A10"
35 "A31"
36 "A7"
37 "A15"
38 "A23"
39 "A22"
40 "A48"
41 "A47"
42 "A29"
43 "A1"
44 "A8"
45 "A36"
46 "A25"
47 "A43"
48 "A38"
49 "A37"
14
0 15
0 16
0 43
0 42
0 47
0 29
0 4
0 35
0 1
0 2
0 10
0 18
0 49
0 12
24
1 38
1 25
1 23
1 3
1 13
1 21
1 39
1 26
1 9
1 48
1 44
1 6
1 16
1 33
1 29
1 27
1 36
1 46
1 20
1 37
1 42
1 31
1 14
1 8
26
2 4
2 16
2 10
2 12
2 38
2 40
2 46
2 14
2 23
2 28
2 26
2 25
2 27
2 43
2 1
2 24
2 11
2 37
2 8
2 47
2 15
2 39
2 49
2 34
2 6
2 44
16
3 37
3 6
3 2
3 47
3 11
3 10
3 34
3 48
3 0
3 26
3 9
3 42
3 28
3 41
3 19
3 35
15
4 16
4 26
4 19
4 45
4 9
4 1
4 30
4 20
4 10
4 3
4 22
4 8
4 39
4 27
4 35
23
5 24
5 47
5 11
5 0
5 18
5 40
5 12
5 38
5 1
5 9
5 25
5 17
5 37
5 15
5 30
5 20
5 4
5 36
5 28
5 23
5 8
5 14
5 22
18
6 22
6 23
6 21
6 4
6 15
6 0
6 42
6 32
6 26
6 28
6 40
6 35
6 33
6 18
6 48
6 45
6 49
6 30
26
7 36
7 8
7 5
7 16
7 6
7 18
7 44
7 33
7 4
7 32
7 42
7 15
7 30
7 35
7 31
7 43
7 39
7 1
7 20
7 13
7 48
7 28
7 17
7 27
7 46
7 0
20
8 26
8 14
8 40
8 9
8 31
8 0
8 19
8 38
8 39
8 49
8 20
8 17
8 16
8 21
8 32
8 41
8 44
8 27
8 34
8 12
23
9 48
9 44
9 18
9 0
9 46
9 14
9 16
9 49
9 6
9 19
9 28
9 22
9 17
9 26
9 41
9 2
9 23
9 25
9 29
9 42
9 21
9 32
9 13
17
10 41
10 36
10 26
10 42
10 38
10 15
10 24
10 9
10 17
10 48
10 18
10 8
10 21
10 7
10 30
10 27
10 1
20
11 26
11 16
11 20
11 4
11 8
11 7
11 32
11 17
11 25
11 28
11 44
11 47
11 6
11 22
11 0
11 10
11 21
11 1
11 24
11 38
19
12 9
12 34
12 6
12 16
12 4
12 42
12 21
12 46
12 24
12 27
12 17
12 7
12 35
12 11
12 30
12 45
12 31
12 1
12 19
25
13 10
13 6
13 12
13 43
13 29
13 19
13 3
13 47
13 27
13 48
13 15
13 31
13 26
13 4
13 33
13 32
13 2
13 49
13 22
13 11
13 8
13 5
13 39
13 0
13 24
17
14 48
14 44
14 29
14 10
14 42
14 7
14 21
14 34
14 6
14 3
14 45
14 38
14 43
14 35
14 13
14 4
14 19
18
15 47
15 45
15 36
15 4
15 11
15 8
15 3
15 35
15 21
15 24
15 1
15 41
15 12
15 33
15 22
15 31
15 9
15 46
18
16 39
16 30
16 10
16 23
16 13
16 36
16 31
16 33
16 49
16 15
16 6
16 27
16 38
16 14
16 18
16 32
16 24
16 34
21
17 19
17 21
17 3
17 2
17 42
17 6
17 15
17 38
17 22
17 37
17 32
17 47
17 34
17 16
17 0
17 49
17 39
17 23
17 13
17 28
17 14
22
18 22
18 39
18 40
18 46
18 32
18 47
18 36
18 13
18 2
18 41
18 24
18 11
18 4
18 28
18 29
18 23
18 8
18 20
18 49
18 1
18 33
18 30
19
19 23
19 10
19 2
19 18
19 30
19 7
19 33
19 46
19 42
19 15
19 6
19 5
19 32
19 34
19 40
19 43
19 27
19 29
19 31
18
20 14
20 35
20 26
20 16
20 47
20 44
20 36
20 37
20 27
20 3
20 2
20 41
20 42
20 22
20 6
20 38
20 24
20 15
21
21 4
21 37
21 26
21 47
21 41
21 20
21 18
21 43
21 25
21 42
21 40
21 2
21 39
21 32
21 27
21 46
21 19
21 29
21 22
21 7
21 13
17
22 2
22 26
22 1
22 45
22 10
22 3
22 7
22 48
22 32
22 23
22 35
22 16
22 0
22 14
22 46
22 43
22 25
22
23 7
23 42
23 8
23 46
23 0
23 37
23 31
23 39
23 14
23 25
23 20
23 44
23 12
23 41
23 3
23 49
23 21
23 29
23 32
23 15
23 30
23 40
17
24 34
24 39
24 47
24 44
24 8
24 14
24 3
24 41
24 21
24 1
24 25
24 37
24 6
24 48
24 0
24 23
24 35
19
25 37
25 19
25 18
25 29
25 35
25 12
25 14
25 8
25 28
25 27
25 15
25 39
25 10
25 13
25 4
25 43
25 0
25 40
25 20
18
26 44
26 27
26 49
26 42
26 45
26 37
26 28
26 5
26 33
26 0
26 16
26 7
26 34
26 18
26 23
26 32
26 17
26 15
15
27 3
27 0
27 39
27 9
27 43
27 18
27 24
27 15
27 6
27 22
27 46
27 44
27 33
27 29
27 31
20
28 44
28 36
28 37
28 4
28 41
28 23
28 10
28 43
28 31
28 1
28 19
28 20
28 22
28 15
28 39
28 49
28 24
28 29
28 21
28 12
20
29 39
29 12
29 15
29 26
29 43
29 48
29 24
29 47
29 5
29 20
29 4
29 22
29 49
29 34
29 44
29 31
29 8
29 10
29 3
29 2
16
30 32
30 14
30 47
30 36
30 24
30 15
30 8
30 38
30 29
30 3
30 31
30 9
30 0
30 43
30 49
30 17
21
31 17
31 38
31 24
31 35
31 25
31 37
31 44
31 21
31 14
31 46
31 18
31 20
31 2
31 34
31 3
31 22
31 11
31 4
31 33
31 10
31 39
21
32 1
32 39
32 41
32 2
32 5
32 46
32 29
32 3
32 38
32 10
32 0
32 14
32 37
32 33
32 31
32 27
32 24
32 20
32 36
32 48
32 28
26
33 29
33 35
33 5
33 25
33 10
33 34
33 49
33 39
33 46
33 44
33 12
33 9
33 3
33 28
33 4
33 20
33 21
33 23
33 8
33 17
33 48
33 2
33 0
33 37
33 42
33 22
18
34 27
34 43
34 21
34 9
34 18
34 6
34 11
34 10
34 28
34 7
34 41
34 47
34 0
34 15
34 45
34 1
34 30
34 42
20
35 42
35 13
35 17
35 8
35 1
35 34
35 26
35 29
35 44
35 32
35 9
35 5
35 47
35 30
35 2
35 11
35 21
35 43
35 39
35 37
22
36 6
36 22
36 17
36 31
36 29
36 14
36 41
36 43
36 45
36 13
36 11
36 8
36 34
36 25
36 9
36 3
36 2
36 21
36 35
36 44
36 33
36 27
13
37 7
37 40
37 22
37 12
37 15
37 4
37 36
37 16
37 30
37 0
37 38
37 44
37 27
16
38 22
38 0
38 15
38 25
38 3
38 4
38 6
38 36
38 44
38 23
38 27
38 13
38 46
38 9
38 29
38 26
16
39 15
39 45
39 38
39 46
39 0
39 22
39 9
39 3
39 26
39 5
39 14
39 12
39 49
39 34
39 19
39 6
28
40 30
40 15
40 28
40 32
40 14
40 43
40 12
40 17
40 0
40 46
40 42
40 13
40 34
40 16
40 38
40 44
40 27
40 31
40 7
40 10
40 29
40 3
40 39
40 48
40 1
40 4
40 11
40 9
25
41 12
41 2
41 4
41 43
41 6
41 42
41 40
41 33
41 13
41 35
41 17
41 11
41 0
41 39
41 48
41 5
41 25
41 27
41 47
41 38
41 37
41 30
41 45
41 49
41 16
19
42 46
42 32
42 2
42 5
42 18
42 28
42 15
42 11
42 8
42 22
42 37
42 24
42 29
42 16
42 27
42 38
42 36
42 44
42 31
19
43 16
43 5
43 44
43 18
43 12
43 11
43 42
43 49
43 33
43 1
43 8
43 17
43 3
43 26
43 20
43 23
43 10
43 45
43 24
18
44 47
44 18
44 22
44 16
44 41
44 3
44 32
44 34
44 25
44 39
44 4
44 30
44 13
44 5
44 12
44 0
44 19
44 15
19
45 1
45 29
45 20
45 18
45 37
45 42
45 0
45 48
45 38
45 35
45 30
45 23
45 13
45 25
45 8
45 24
45 19
45 2
45 5
17
46 17
46 29
46 20
46 5
46 0
46 25
46 44
46 3
46 6
46 8
46 35
46 11
46 43
46 45
46 14
46 34
46 48
19
47 22
47 48
47 27
47 7
47 40
47 10
47 46
47 9
47 16
47 32
47 26
47 42
47 36
47 25
47 4
47 1
47 19
47 37
47 31
22
48 25
48 19
48 30
48 27
48 34
48 35
48 28
48 15
48 49
48 18
48 16
48 20
48 38
48 4
48 43
48 11
48 37
48 8
48 17
48 39
48 2
48 23
17
49 24
49 20
49 37
49 34
49 21
49 22
49 47
49 38
49 31
49 1
49 42
49 36
49 14
49 12
49 3
49 45
49 19
