50
0 "A6"
1 "A34"
2 "A32"
3 "A14"
4 "A17"
5 "A11"
6 "A46"
7 "A18"
8 "A33"
9 "A49"
10 "A21"
11 "A24"
12 "A5"
13 "A9"
14 "A44"
15 "A13"
16 "A4"
17 "A2"
18 "A19"
19 "A27"
20 "A0"
21 "A28"
22 "A35"
23 "A39"
24 "A45"
25 "A40"
26 "A42"
27 "A3"
28 "A26"
29 "A20"
30 "A12"
31 "A16"
32 "A30"
33 "A41"
34 "A10"
35 "A31"
36 "A7"
37 "A15"
38 "A23"
39 "A22"
40 "A48"
41 "A47"
42 "A29"
43 "A1"
44 "A8"
45 "A36"
46 "A25"
47 "A43"
48 "A38"
49 "A37"
17
0 42
0 10
0 13
0 5
0 35
0 25
0 26
0 20
0 4
0 47
0 1
0 37
0 32
0 44
0 38
0 19
0 14
19
1 3
1 21
1 18
1 11
1 5
1 4
1 41
1 22
1 47
1 24
1 36
1 8
1 19
1 16
1 40
1 14
1 43
1 13
1 31
17
2 42
2 24
2 0
2 12
2 35
2 23
2 43
2 37
2 49
2 18
2 15
2 9
2 1
2 26
2 25
2 16
2 34
25
3 28
3 21
3 47
3 15
3 33
3 38
3 0
3 29
3 12
3 2
3 27
3 17
3 22
3 9
3 14
3 40
3 43
3 39
3 6
3 37
3 16
3 19
3 35
3 23
3 11
22
4 6
4 44
4 13
4 41
4 35
4 32
4 21
4 9
4 15
4 28
4 3
4 30
4 40
4 37
4 45
4 26
4 17
4 43
4 34
4 19
4 11
4 12
16
5 3
5 10
5 2
5 36
5 48
5 12
5 37
5 45
5 9
5 29
5 30
5 28
5 21
5 16
5 47
5 40
18
6 5
6 49
6 10
6 14
6 41
6 0
6 21
6 35
6 36
6 37
6 25
6 15
6 11
6 43
6 34
6 42
6 22
6 1
26
7 17
7 9
7 5
7 47
7 13
7 45
7 24
7 42
7 38
7 37
7 28
7 35
7 15
7 33
7 29
7 3
7 44
7 23
7 43
7 0
7 40
7 1
7 14
7 49
7 32
7 2
21
8 21
8 3
8 45
8 10
8 37
8 9
8 17
8 49
8 35
8 43
8 5
8 25
8 15
8 24
8 20
8 40
8 6
8 23
8 39
8 13
8 38
17
9 20
9 47
9 44
9 17
9 40
9 31
9 19
9 49
9 34
9 46
9 10
9 29
9 21
9 23
9 18
9 11
9 12
20
10 1
10 47
10 43
10 23
10 20
10 25
10 24
10 18
10 32
10 7
10 38
10 42
10 48
10 36
10 2
10 28
10 34
10 29
10 31
10 4
19
11 47
11 15
11 34
11 8
11 7
11 39
11 20
11 12
11 23
11 33
11 37
11 10
11 29
11 31
11 13
11 42
11 16
11 18
11 44
21
12 15
12 6
12 38
12 19
12 31
12 26
12 17
12 36
12 24
12 37
12 30
12 8
12 7
12 28
12 0
12 20
12 1
12 14
12 40
12 29
12 10
16
13 30
13 32
13 41
13 5
13 46
13 6
13 29
13 48
13 16
13 33
13 27
13 49
13 2
13 20
13 3
13 23
15
14 30
14 33
14 45
14 21
14 19
14 27
14 4
14 11
14 13
14 38
14 9
14 35
14 36
14 22
14 15
15
15 45
15 9
15 41
15 23
15 36
15 5
15 31
15 32
15 44
15 10
15 24
15 0
15 43
15 27
15 13
19
16 7
16 31
16 36
16 22
16 49
16 15
16 29
16 39
16 28
16 47
16 14
16 24
16 32
16 43
16 46
16 38
16 25
16 10
16 35
18
17 23
17 35
17 36
17 1
17 42
17 16
17 5
17 46
17 14
17 38
17 28
17 33
17 24
17 37
17 26
17 0
17 27
17 25
21
18 43
18 20
18 29
18 8
18 47
18 36
18 38
18 3
18 15
18 41
18 6
18 22
18 46
18 37
18 0
18 14
18 31
18 4
18 21
18 42
18 25
20
19 7
19 27
19 22
19 18
19 37
19 13
19 43
19 10
19 42
19 39
19 26
19 33
19 2
19 46
19 30
19 20
19 11
19 29
19 16
19 17
18
20 32
20 42
20 5
20 33
20 38
20 21
20 2
20 24
20 36
20 35
20 29
20 47
20 40
20 45
20 15
20 17
20 1
20 44
26
21 17
21 12
21 2
21 46
21 15
21 34
21 24
21 43
21 25
21 29
21 23
21 16
21 19
21 44
21 27
21 49
21 31
21 41
21 38
21 13
21 37
21 7
21 28
21 30
21 45
21 22
20
22 13
22 34
22 29
22 25
22 32
22 0
22 47
22 43
22 40
22 17
22 5
22 2
22 12
22 31
22 44
22 42
22 23
22 41
22 4
22 15
16
23 18
23 16
23 24
23 6
23 19
23 41
23 1
23 4
23 12
23 30
23 48
23 14
23 0
23 20
23 32
23 5
22
24 43
24 19
24 26
24 49
24 38
24 45
24 13
24 6
24 3
24 37
24 0
24 31
24 9
24 40
24 5
24 18
24 41
24 11
24 14
24 39
24 46
24 22
15
25 5
25 37
25 4
25 9
25 3
25 46
25 11
25 1
25 20
25 7
25 19
25 39
25 24
25 26
25 42
20
26 35
26 13
26 5
26 3
26 34
26 44
26 6
26 9
26 49
26 10
26 11
26 32
26 22
26 1
26 39
26 36
26 20
26 38
26 15
26 21
23
27 48
27 28
27 18
27 2
27 32
27 11
27 41
27 22
27 20
27 36
27 8
27 6
27 35
27 0
27 43
27 1
27 23
27 12
27 4
27 5
27 24
27 16
27 25
23
28 8
28 1
28 14
28 38
28 37
28 20
28 11
28 48
28 36
28 23
28 29
28 2
28 33
28 49
28 9
28 46
28 6
28 18
28 22
28 43
28 32
28 24
28 47
17
29 39
29 42
29 25
29 8
29 33
29 17
29 4
29 45
29 0
29 40
29 24
29 47
29 15
29 48
29 1
29 23
29 26
23
30 8
30 1
30 36
30 31
30 2
30 48
30 18
30 29
30 25
30 39
30 3
30 10
30 20
30 27
30 28
30 34
30 22
30 17
30 32
30 15
30 44
30 0
30 7
24
31 19
31 46
31 39
31 33
31 49
31 2
31 3
31 20
31 23
31 14
31 34
31 43
31 4
31 27
31 13
31 0
31 28
31 7
31 41
31 38
31 35
31 29
31 37
31 8
20
32 19
32 8
32 36
32 42
32 24
32 38
32 29
32 34
32 1
32 21
32 9
32 25
32 17
32 5
32 43
32 48
32 37
32 2
32 14
32 6
22
33 10
33 48
33 34
33 5
33 45
33 30
33 12
33 9
33 23
33 16
33 39
33 25
33 27
33 40
33 35
33 4
33 36
33 1
33 42
33 15
33 46
33 6
19
34 44
34 5
34 8
34 23
34 36
34 29
34 38
34 13
34 1
34 42
34 14
34 7
34 20
34 48
34 19
34 49
34 18
34 0
34 3
15
35 38
35 18
35 41
35 5
35 28
35 10
35 45
35 29
35 1
35 49
35 44
35 24
35 13
35 23
35 32
19
36 8
36 45
36 31
36 3
36 9
36 29
36 49
36 43
36 48
36 35
36 11
36 7
36 22
36 0
36 13
36 24
36 25
36 19
36 23
13
37 20
37 45
37 40
37 44
37 33
37 39
37 10
37 29
37 34
37 23
37 30
37 22
37 47
17
38 46
38 2
38 49
38 48
38 29
38 11
38 22
38 15
38 47
38 23
38 4
38 36
38 39
38 33
38 37
38 9
38 1
19
39 10
39 20
39 7
39 32
39 2
39 6
39 27
39 13
39 36
39 5
39 4
39 14
39 1
39 28
39 15
39 0
39 45
39 17
39 9
23
40 45
40 15
40 23
40 31
40 44
40 28
40 47
40 36
40 16
40 30
40 27
40 49
40 0
40 35
40 42
40 10
40 18
40 32
40 39
40 38
40 19
40 6
40 2
21
41 45
41 17
41 16
41 46
41 29
41 25
41 40
41 7
41 0
41 36
41 12
41 26
41 42
41 30
41 3
41 11
41 39
41 19
41 33
41 32
41 10
21
42 26
42 31
42 3
42 23
42 5
42 1
42 28
42 46
42 12
42 38
42 4
42 8
42 21
42 48
42 36
42 35
42 43
42 14
42 24
42 39
42 27
14
43 33
43 0
43 17
43 39
43 30
43 44
43 29
43 23
43 11
43 34
43 12
43 35
43 41
43 38
23
44 12
44 3
44 32
44 29
44 6
44 16
44 18
44 47
44 8
44 28
44 5
44 33
44 41
44 25
44 24
44 1
44 38
44 23
44 27
44 10
44 17
44 13
44 36
17
45 46
45 12
45 1
45 27
45 19
45 42
45 3
45 26
45 25
45 48
45 49
45 13
45 10
45 30
45 31
45 23
45 43
20
46 2
46 35
46 37
46 14
46 15
46 6
46 12
46 36
46 40
46 39
46 32
46 11
46 30
46 26
46 7
46 44
46 34
46 1
46 43
46 5
20
47 19
47 17
47 45
47 12
47 41
47 25
47 2
47 24
47 34
47 30
47 23
47 14
47 42
47 6
47 4
47 26
47 35
47 48
47 43
47 13
23
48 4
48 11
48 18
48 17
48 8
48 40
48 37
48 25
48 44
48 26
48 39
48 9
48 2
48 22
48 41
48 0
48 21
48 43
48 24
48 7
48 46
48 12
48 16
25
49 42
49 17
49 14
49 0
49 29
49 25
49 22
49 4
49 5
49 11
49 15
49 32
49 43
49 30
49 46
49 3
49 12
49 33
49 1
49 27
49 39
49 20
49 44
49 48
49 10
