50
0 "A6"
1 "A34"
2 "A32"
3 "A14"
4 "A17"
5 "A11"
6 "A46"
7 "A18"
8 "A33"
9 "A49"
10 "A21"
11 "A24"
12 "A5"
13 "A9"
14 "A44"
15 "A13"
16 "A4"
17 "A2"
18 "A19"
19 "A27"
20 "A0"
21 "A28"
22 "A35"
23 "A39"
24 "A45"
25 "A40"
26 "A42"
27 "A3"
28 "A26"
29 "A20"
30 "A12"
31 "A16"
32 "A30"
33 "A41"
34 "A10"
35 "A31"
36 "A7"
37 "A15"
38 "A23"
39 "A22"
40 "A48"
41 "A47"
42 "A29"
43 "A1"
44 "A8"
45 "A36"
46 "A25"
47 "A43"
48 "A38"
49 "A37"
19
0 23
0 9
0 34
0 26
0 14
0 13
0 4
0 44
0 32
0 1
0 2
0 8
0 45
0 37
0 35
0 3
0 28
0 7
0 27
22
1 11
1 14
1 47
1 3
1 19
1 21
1 18
1 23
1 4
1 41
1 22
1 35
1 49
1 37
1 36
1 2
1 27
1 33
1 29
1 8
1 40
1 16
15
2 19
2 16
2 21
2 25
2 24
2 43
2 36
2 29
2 7
2 41
2 40
2 49
2 9
2 14
2 32
25
3 16
3 6
3 28
3 21
3 47
3 35
3 45
3 20
3 39
3 34
3 38
3 19
3 40
3 43
3 12
3 36
3 11
3 22
3 9
3 8
3 2
3 10
3 14
3 29
3 25
17
4 12
4 40
4 37
4 21
4 26
4 25
4 15
4 34
4 9
4 8
4 28
4 11
4 6
4 45
4 44
4 32
4 30
19
5 29
5 21
5 16
5 24
5 49
5 28
5 27
5 47
5 40
5 2
5 20
5 36
5 15
5 4
5 10
5 3
5 45
5 30
5 48
18
6 15
6 16
6 35
6 36
6 43
6 42
6 29
6 12
6 21
6 2
6 11
6 14
6 10
6 41
6 44
6 1
6 38
6 37
21
7 26
7 5
7 28
7 9
7 32
7 38
7 21
7 3
7 42
7 40
7 35
7 1
7 20
7 33
7 29
7 6
7 36
7 4
7 37
7 27
7 47
15
8 30
8 6
8 42
8 23
8 36
8 49
8 20
8 43
8 15
8 35
8 13
8 25
8 17
8 5
8 40
13
9 6
9 34
9 22
9 17
9 40
9 43
9 5
9 11
9 25
9 16
9 23
9 20
9 19
19
10 9
10 21
10 13
10 0
10 23
10 17
10 1
10 25
10 2
10 29
10 48
10 7
10 36
10 24
10 8
10 42
10 28
10 27
10 47
19
11 42
11 16
11 30
11 48
11 5
11 8
11 31
11 37
11 21
11 47
11 32
11 29
11 38
11 40
11 22
11 20
11 10
11 12
11 15
17
12 40
12 30
12 49
12 13
12 20
12 1
12 29
12 18
12 5
12 27
12 2
12 42
12 19
12 32
12 41
12 31
12 17
20
13 2
13 33
13 23
13 40
13 20
13 5
13 31
13 7
13 44
13 25
13 16
13 48
13 26
13 17
13 43
13 46
13 4
13 49
13 29
13 1
17
14 27
14 5
14 22
14 9
14 10
14 47
14 8
14 20
14 11
14 44
14 43
14 40
14 25
14 13
14 4
14 29
14 15
20
15 10
15 31
15 13
15 25
15 47
15 26
15 27
15 9
15 32
15 3
15 16
15 45
15 36
15 37
15 44
15 17
15 30
15 28
15 1
15 7
23
16 49
16 43
16 7
16 4
16 46
16 24
16 38
16 45
16 37
16 35
16 47
16 21
16 25
16 36
16 10
16 30
16 42
16 12
16 32
16 26
16 28
16 33
16 14
18
17 0
17 31
17 19
17 18
17 37
17 6
17 1
17 42
17 5
17 14
17 45
17 16
17 33
17 24
17 47
17 25
17 40
17 48
25
18 31
18 43
18 6
18 32
18 29
18 40
18 4
18 2
18 36
18 9
18 3
18 34
18 22
18 16
18 13
18 14
18 33
18 26
18 15
18 48
18 8
18 25
18 21
18 41
18 0
22
19 20
19 11
19 18
19 49
19 46
19 14
19 25
19 27
19 10
19 22
19 41
19 29
19 44
19 0
19 32
19 7
19 40
19 37
19 33
19 8
19 6
19 30
18
20 17
20 21
20 2
20 47
20 16
20 36
20 15
20 29
20 33
20 1
20 24
20 32
20 45
20 4
20 40
20 44
20 18
20 46
19
21 38
21 31
21 47
21 13
21 49
21 25
21 19
21 8
21 14
21 46
21 15
21 43
21 33
21 32
21 30
21 23
21 39
21 9
21 28
24
22 12
22 46
22 8
22 31
22 15
22 0
22 39
22 47
22 41
22 6
22 43
22 7
22 20
22 4
22 32
22 36
22 10
22 17
22 13
22 44
22 16
22 48
22 34
22 42
13
23 48
23 40
23 31
23 12
23 14
23 6
23 4
23 30
23 7
23 15
23 5
23 41
23 19
22
24 6
24 3
24 0
24 31
24 1
24 43
24 46
24 9
24 8
24 29
24 39
24 32
24 19
24 40
24 14
24 26
24 18
24 49
24 23
24 45
24 11
24 15
14
25 1
25 38
25 5
25 12
25 37
25 0
25 34
25 43
25 28
25 11
25 24
25 46
25 20
25 7
22
26 32
26 1
26 34
26 20
26 38
26 11
26 21
26 17
26 6
26 29
26 9
26 40
26 22
26 35
26 3
26 28
26 10
26 2
26 39
26 44
26 5
26 47
25
27 38
27 28
27 18
27 41
27 43
27 22
27 20
27 3
27 9
27 39
27 23
27 21
27 48
27 24
27 4
27 17
27 34
27 30
27 32
27 8
27 13
27 33
27 16
27 49
27 25
18
28 11
28 8
28 31
28 20
28 33
28 1
28 22
28 6
28 24
28 38
28 34
28 17
28 47
28 9
28 14
28 36
28 13
28 48
14
29 47
29 17
29 33
29 42
29 8
29 21
29 4
29 15
29 48
29 9
29 25
29 46
29 28
29 45
21
30 31
30 2
30 3
30 18
30 25
30 10
30 20
30 9
30 35
30 32
30 28
30 17
30 26
30 44
30 14
30 34
30 22
30 45
30 0
30 7
30 36
22
31 8
31 41
31 37
31 3
31 20
31 14
31 26
31 25
31 35
31 43
31 1
31 4
31 2
31 27
31 19
31 38
31 0
31 46
31 39
31 44
31 6
31 48
19
32 37
32 9
32 44
32 5
32 3
32 43
32 31
32 13
32 48
32 1
32 10
32 6
32 8
32 23
32 38
32 17
32 29
32 28
32 25
22
33 48
33 34
33 23
33 45
33 30
33 12
33 9
33 24
33 44
33 39
33 46
33 26
33 0
33 25
33 4
33 15
33 8
33 40
33 6
33 10
33 42
33 47
20
34 14
34 38
34 44
34 2
34 31
34 42
34 7
34 23
34 29
34 19
34 21
34 10
34 8
34 1
34 13
34 16
34 45
34 49
34 15
34 43
22
35 44
35 41
35 13
35 45
35 38
35 33
35 12
35 28
35 29
35 2
35 32
35 21
35 23
35 49
35 19
35 4
35 25
35 10
35 22
35 5
35 9
35 37
19
36 35
36 4
36 13
36 19
36 42
36 25
36 23
36 9
36 37
36 46
36 45
36 34
36 31
36 17
36 49
36 29
36 43
36 0
36 48
15
37 29
37 39
37 13
37 10
37 3
37 14
37 47
37 20
37 9
37 27
37 45
37 33
37 18
37 21
37 34
23
38 36
38 9
38 33
38 49
38 46
38 8
38 41
38 18
38 19
38 0
38 22
38 1
38 30
38 2
38 29
38 45
38 15
38 47
38 10
38 48
38 40
38 5
38 24
20
39 45
39 4
39 7
39 23
39 9
39 10
39 20
39 41
39 15
39 8
39 35
39 47
39 11
39 2
39 6
39 28
39 12
39 13
39 0
39 18
18
40 6
40 39
40 27
40 49
40 0
40 15
40 16
40 28
40 10
40 32
40 45
40 30
40 29
40 31
40 25
40 35
40 21
40 22
24
41 40
41 45
41 17
41 16
41 46
41 29
41 25
41 28
41 32
41 0
41 30
41 26
41 33
41 14
41 20
41 3
41 34
41 36
41 8
41 24
41 9
41 10
41 48
41 11
20
42 5
42 21
42 32
42 9
42 14
42 24
42 31
42 23
42 44
42 1
42 35
42 15
42 25
42 37
42 40
42 27
42 26
42 20
42 13
42 30
21
43 38
43 29
43 12
43 5
43 0
43 17
43 26
43 33
43 1
43 42
43 19
43 48
43 46
43 39
43 41
43 23
43 10
43 30
43 35
43 20
43 40
25
44 16
44 3
44 21
44 48
44 36
44 23
44 28
44 8
44 11
44 38
44 5
44 41
44 12
44 1
44 27
44 7
44 40
44 39
44 43
44 25
44 2
44 24
44 10
44 17
44 46
14
45 42
45 10
45 18
45 31
45 46
45 32
45 25
45 21
45 26
45 27
45 47
45 43
45 6
45 28
24
46 35
46 37
46 14
46 17
46 15
46 12
46 6
46 47
46 5
46 4
46 40
46 18
46 0
46 1
46 23
46 32
46 3
46 8
46 7
46 34
46 9
46 42
46 30
46 2
22
47 25
47 4
47 6
47 44
47 23
47 24
47 30
47 9
47 19
47 32
47 43
47 2
47 34
47 27
47 49
47 48
47 8
47 31
47 36
47 41
47 13
47 42
16
48 20
48 26
48 24
48 16
48 12
48 25
48 9
48 46
48 3
48 34
48 4
48 2
48 19
48 37
48 45
48 0
20
49 33
49 45
49 29
49 32
49 4
49 0
49 30
49 11
49 7
49 18
49 42
49 37
49 25
49 48
49 9
49 46
49 23
49 39
49 22
49 6
