50
0 "A27"
1 "A28"
2 "A0"
3 "A4"
4 "A16"
5 "A42"
6 "A14"
7 "A40"
8 "A25"
9 "A12"
10 "A20"
11 "A46"
12 "A13"
13 "A22"
14 "A48"
15 "A2"
16 "A37"
17 "A31"
18 "A29"
19 "A21"
20 "A18"
21 "A23"
22 "A41"
23 "A10"
24 "A15"
25 "A36"
26 "A32"
27 "A17"
28 "A8"
29 "A34"
30 "A47"
31 "A6"
32 "A26"
33 "A35"
34 "A43"
35 "A49"
36 "A7"
37 "A24"
38 "A38"
39 "A11"
40 "A30"
41 "A39"
42 "A19"
43 "A1"
44 "A5"
45 "A44"
46 "A33"
47 "A9"
48 "A45"
49 "A3"
19
0 8
0 40
0 10
0 35
0 46
0 14
0 17
0 44
0 2
0 47
0 25
0 43
0 26
0 21
0 42
0 32
0 31
0 15
0 6
20
1 18
1 38
1 32
1 28
1 11
1 20
1 12
1 30
1 7
1 15
1 46
1 37
1 24
1 23
1 36
1 5
1 2
1 42
1 16
1 19
17
2 21
2 35
2 7
2 40
2 34
2 38
2 29
2 14
2 32
2 47
2 36
2 48
2 9
2 18
2 10
2 15
2 4
20
3 33
3 44
3 10
3 15
3 21
3 30
3 25
3 37
3 2
3 40
3 18
3 35
3 12
3 34
3 39
3 14
3 27
3 17
3 1
3 28
19
4 27
4 26
4 5
4 49
4 45
4 30
4 18
4 31
4 32
4 8
4 40
4 20
4 1
4 41
4 36
4 47
4 25
4 19
4 22
21
5 10
5 43
5 21
5 23
5 45
5 24
5 7
5 49
5 32
5 9
5 2
5 12
5 18
5 0
5 3
5 17
5 47
5 36
5 16
5 15
5 40
23
6 33
6 29
6 27
6 25
6 30
6 4
6 20
6 48
6 8
6 24
6 32
6 42
6 26
6 22
6 38
6 2
6 16
6 36
6 7
6 44
6 23
6 18
6 3
21
7 47
7 29
7 9
7 10
7 13
7 42
7 0
7 15
7 4
7 25
7 23
7 34
7 38
7 30
7 31
7 43
7 26
7 18
7 12
7 17
7 3
19
8 26
8 43
8 13
8 20
8 7
8 25
8 3
8 2
8 15
8 34
8 18
8 47
8 5
8 32
8 36
8 14
8 23
8 21
8 45
22
9 15
9 35
9 16
9 6
9 8
9 39
9 34
9 4
9 49
9 29
9 10
9 44
9 12
9 25
9 38
9 0
9 20
9 41
9 23
9 1
9 32
9 30
12
10 15
10 31
10 17
10 1
10 36
10 6
10 49
10 27
10 4
10 16
10 21
10 39
20
11 40
11 9
11 31
11 20
11 22
11 12
11 29
11 36
11 25
11 3
11 24
11 34
11 8
11 10
11 30
11 0
11 2
11 46
11 7
11 26
21
12 30
12 39
12 4
12 15
12 6
12 10
12 31
12 29
12 33
12 2
12 37
12 46
12 34
12 20
12 44
12 17
12 24
12 14
12 8
12 18
12 0
19
13 3
13 19
13 5
13 41
13 15
13 31
13 23
13 4
13 28
13 2
13 30
13 6
13 29
13 1
13 48
13 44
13 43
13 12
13 24
18
14 13
14 28
14 4
14 29
14 24
14 16
14 35
14 33
14 21
14 9
14 40
14 11
14 30
14 15
14 39
14 36
14 7
14 26
10
15 40
15 6
15 27
15 32
15 29
15 24
15 23
15 11
15 42
15 19
19
16 39
16 31
16 22
16 36
16 35
16 43
16 48
16 11
16 44
16 46
16 0
16 3
16 15
16 18
16 30
16 42
16 8
16 20
16 29
25
17 25
17 8
17 6
17 11
17 38
17 39
17 45
17 22
17 27
17 2
17 49
17 13
17 44
17 33
17 36
17 35
17 15
17 9
17 31
17 26
17 16
17 46
17 42
17 40
17 14
9
18 40
18 26
18 21
18 29
18 38
18 49
18 39
18 17
18 0
24
19 8
19 21
19 10
19 45
19 34
19 47
19 29
19 14
19 7
19 30
19 17
19 26
19 49
19 27
19 6
19 12
19 36
19 11
19 3
19 35
19 40
19 16
19 42
19 48
23
20 42
20 19
20 40
20 17
20 10
20 26
20 24
20 49
20 46
20 30
20 0
20 37
20 28
20 14
20 18
20 43
20 29
20 3
20 7
20 31
20 35
20 23
20 2
22
21 41
21 4
21 17
21 28
21 37
21 11
21 29
21 9
21 46
21 6
21 15
21 45
21 22
21 32
21 42
21 44
21 25
21 39
21 23
21 13
21 12
21 48
21
22 30
22 37
22 5
22 7
22 13
22 23
22 29
22 1
22 10
22 3
22 47
22 18
22 19
22 15
22 14
22 27
22 2
22 46
22 33
22 20
22 8
17
23 16
23 24
23 34
23 28
23 3
23 39
23 11
23 27
23 30
23 25
23 0
23 14
23 19
23 4
23 42
23 48
23 2
15
24 32
24 8
24 26
24 47
24 9
24 18
24 49
24 33
24 42
24 22
24 3
24 45
24 10
24 21
24 7
21
25 24
25 38
25 29
25 18
25 39
25 43
25 22
25 10
25 2
25 16
25 42
25 14
25 13
25 48
25 19
25 46
25 1
25 20
25 12
25 32
25 15
19
26 15
26 23
26 29
26 41
26 45
26 48
26 10
26 12
26 43
26 32
26 31
26 28
26 34
26 3
26 30
26 44
26 2
26 16
26 40
22
27 40
27 11
27 48
27 36
27 26
27 0
27 37
27 21
27 43
27 47
27 14
27 49
27 7
27 41
27 16
27 2
27 13
27 33
27 5
27 12
27 45
27 35
26
28 47
28 17
28 46
28 49
28 4
28 22
28 0
28 45
28 12
28 41
28 25
28 32
28 42
28 27
28 15
28 7
28 10
28 24
28 11
28 5
28 8
28 30
28 34
28 38
28 6
28 18
17
29 0
29 39
29 33
29 1
29 40
29 3
29 48
29 35
29 31
29 23
29 37
29 34
29 27
29 5
29 10
29 44
29 17
18
30 24
30 25
30 5
30 18
30 0
30 27
30 31
30 48
30 37
30 34
30 10
30 38
30 32
30 41
30 42
30 8
30 47
30 49
21
31 14
31 9
31 3
31 18
31 32
31 28
31 23
31 1
31 36
31 37
31 45
31 24
31 19
31 41
31 33
31 22
31 49
31 27
31 40
31 44
31 8
19
32 27
32 12
32 16
32 14
32 35
32 17
32 29
32 13
32 41
32 46
32 45
32 20
32 39
32 42
32 34
32 37
32 3
32 19
32 10
18
33 26
33 35
33 9
33 49
33 2
33 11
33 16
33 10
33 4
33 28
33 25
33 36
33 5
33 44
33 47
33 45
33 30
33 34
17
34 1
34 0
34 17
34 37
34 20
34 40
34 18
34 43
34 21
34 24
34 16
34 10
34 4
34 47
34 15
34 27
34 22
21
35 21
35 43
35 49
35 34
35 31
35 48
35 18
35 6
35 22
35 24
35 8
35 26
35 5
35 13
35 10
35 28
35 45
35 7
35 30
35 12
35 1
22
36 28
36 13
36 34
36 0
36 22
36 7
36 43
36 35
36 29
36 20
36 18
36 48
36 30
36 26
36 21
36 12
36 9
36 3
36 24
36 25
36 32
36 23
22
37 45
37 23
37 35
37 2
37 33
37 5
37 38
37 47
37 26
37 4
37 13
37 36
37 28
37 11
37 39
37 0
37 25
37 18
37 17
37 15
37 6
37 19
17
38 0
38 24
38 42
38 13
38 26
38 36
38 10
38 23
38 47
38 4
38 12
38 33
38 14
38 41
38 20
38 27
38 3
21
39 36
39 31
39 2
39 49
39 11
39 5
39 48
39 44
39 30
39 4
39 26
39 13
39 33
39 6
39 7
39 47
39 0
39 38
39 35
39 20
39 22
20
40 48
40 37
40 28
40 43
40 1
40 23
40 9
40 33
40 41
40 39
40 30
40 12
40 7
40 36
40 21
40 32
40 10
40 38
40 25
40 24
22
41 7
41 14
41 0
41 46
41 36
41 10
41 48
41 19
41 15
41 42
41 1
41 17
41 24
41 5
41 29
41 35
41 6
41 37
41 8
41 47
41 12
41 18
15
42 3
42 34
42 31
42 12
42 8
42 22
42 2
42 10
42 29
42 26
42 14
42 13
42 36
42 9
42 39
23
43 3
43 10
43 29
43 23
43 11
43 22
43 31
43 19
43 4
43 1
43 32
43 6
43 42
43 2
43 15
43 17
43 49
43 28
43 44
43 38
43 21
43 14
43 9
23
44 14
44 24
44 11
44 4
44 22
44 38
44 49
44 18
44 2
44 27
44 32
44 20
44 10
44 1
44 7
44 34
44 45
44 15
44 8
44 30
44 28
44 25
44 41
21
45 22
45 1
45 49
45 10
45 3
45 2
45 30
45 47
45 13
45 15
45 29
45 39
45 41
45 43
45 38
45 40
45 25
45 0
45 23
45 16
45 20
26
46 3
46 40
46 10
46 43
46 45
46 13
46 49
46 5
46 4
46 31
46 30
46 14
46 19
46 18
46 7
46 2
46 48
46 26
46 27
46 39
46 42
46 9
46 35
46 36
46 38
46 34
18
47 25
47 35
47 46
47 44
47 9
47 48
47 21
47 15
47 14
47 13
47 18
47 32
47 49
47 42
47 12
47 16
47 40
47 26
21
48 1
48 44
48 33
48 14
48 37
48 38
48 3
48 34
48 18
48 42
48 22
48 4
48 49
48 9
48 7
48 11
48 8
48 32
48 31
48 20
48 43
14
49 16
49 0
49 2
49 36
49 1
49 23
49 12
49 29
49 8
49 3
49 41
49 14
49 21
49 32
