50
0 "A27"
1 "A28"
2 "A0"
3 "A4"
4 "A16"
5 "A42"
6 "A14"
7 "A40"
8 "A25"
9 "A12"
10 "A20"
11 "A46"
12 "A13"
13 "A22"
14 "A48"
15 "A2"
16 "A37"
17 "A31"
18 "A29"
19 "A21"
20 "A18"
21 "A23"
22 "A41"
23 "A10"
24 "A15"
25 "A36"
26 "A32"
27 "A17"
28 "A8"
29 "A34"
30 "A47"
31 "A6"
32 "A26"
33 "A35"
34 "A43"
35 "A49"
36 "A7"
37 "A24"
38 "A38"
39 "A11"
40 "A30"
41 "A39"
42 "A19"
43 "A1"
44 "A5"
45 "A44"
46 "A33"
47 "A9"
48 "A45"
49 "A3"
21
0 14
0 2
0 26
0 12
0 37
0 5
0 16
0 13
0 39
0 45
0 49
0 33
0 22
0 36
0 11
0 4
0 40
0 29
0 20
0 1
0 19
17
1 10
1 28
1 30
1 7
1 17
1 20
1 46
1 26
1 35
1 8
1 49
1 12
1 47
1 13
1 39
1 36
1 43
14
2 43
2 46
2 19
2 36
2 8
2 24
2 15
2 48
2 21
2 40
2 1
2 31
2 14
2 35
23
3 41
3 2
3 37
3 16
3 43
3 32
3 1
3 40
3 13
3 44
3 4
3 8
3 48
3 11
3 21
3 5
3 22
3 20
3 30
3 18
3 14
3 19
3 36
24
4 30
4 7
4 35
4 1
4 19
4 25
4 49
4 14
4 26
4 48
4 46
4 33
4 28
4 22
4 2
4 40
4 20
4 12
4 24
4 6
4 16
4 43
4 31
4 34
22
5 47
5 44
5 48
5 39
5 30
5 4
5 13
5 1
5 36
5 46
5 2
5 43
5 34
5 31
5 29
5 28
5 41
5 22
5 45
5 49
5 12
5 42
18
6 15
6 38
6 20
6 9
6 5
6 1
6 36
6 30
6 23
6 3
6 49
6 33
6 8
6 34
6 17
6 44
6 0
6 37
24
7 6
7 40
7 24
7 43
7 48
7 28
7 5
7 33
7 35
7 15
7 12
7 42
7 26
7 0
7 19
7 9
7 29
7 36
7 8
7 44
7 3
7 10
7 23
7 38
19
8 29
8 24
8 0
8 16
8 4
8 18
8 23
8 40
8 37
8 45
8 25
8 22
8 5
8 42
8 48
8 11
8 34
8 28
8 36
24
9 13
9 44
9 30
9 33
9 2
9 19
9 5
9 47
9 24
9 8
9 31
9 41
9 4
9 3
9 26
9 38
9 40
9 1
9 18
9 32
9 43
9 25
9 39
9 14
27
10 48
10 26
10 41
10 5
10 2
10 6
10 20
10 42
10 39
10 45
10 17
10 0
10 4
10 8
10 21
10 43
10 13
10 18
10 9
10 34
10 49
10 30
10 44
10 47
10 31
10 3
10 38
16
11 43
11 1
11 9
11 14
11 28
11 5
11 10
11 33
11 35
11 37
11 2
11 41
11 21
11 42
11 25
11 20
23
12 47
12 8
12 40
12 10
12 31
12 20
12 30
12 33
12 25
12 21
12 32
12 36
12 15
12 14
12 46
12 23
12 9
12 16
12 19
12 41
12 6
12 37
12 11
20
13 18
13 28
13 31
13 37
13 8
13 38
13 24
13 35
13 26
13 44
13 11
13 16
13 32
13 2
13 4
13 20
13 12
13 7
13 42
13 36
19
14 7
14 48
14 34
14 49
14 44
14 17
14 32
14 40
14 43
14 10
14 41
14 6
14 5
14 13
14 37
14 36
14 18
14 42
14 8
20
15 25
15 16
15 13
15 38
15 0
15 39
15 34
15 37
15 32
15 8
15 5
15 29
15 10
15 49
15 18
15 30
15 3
15 9
15 47
15 17
19
16 40
16 11
16 37
16 9
16 23
16 36
16 42
16 49
16 7
16 14
16 25
16 10
16 29
16 44
16 6
16 38
16 39
16 32
16 26
18
17 0
17 23
17 46
17 36
17 40
17 12
17 2
17 8
17 11
17 30
17 43
17 47
17 41
17 3
17 16
17 44
17 13
17 7
19
18 46
18 27
18 0
18 22
18 7
18 5
18 11
18 24
18 23
18 44
18 47
18 30
18 32
18 19
18 16
18 48
18 49
18 26
18 4
16
19 28
19 49
19 39
19 45
19 25
19 6
19 1
19 31
19 13
19 23
19 15
19 22
19 8
19 24
19 17
19 33
20
20 18
20 43
20 40
20 21
20 32
20 14
20 19
20 15
20 7
20 22
20 41
20 30
20 17
20 26
20 34
20 46
20 2
20 9
20 5
20 23
24
21 22
21 17
21 25
21 0
21 46
21 5
21 19
21 8
21 28
21 41
21 43
21 31
21 7
21 16
21 4
21 39
21 29
21 18
21 15
21 23
21 49
21 44
21 6
21 33
20
22 40
22 32
22 16
22 36
22 47
22 34
22 24
22 15
22 10
22 48
22 17
22 11
22 2
22 7
22 38
22 12
22 6
22 26
22 1
22 45
19
23 22
23 35
23 13
23 31
23 44
23 3
23 15
23 11
23 5
23 25
23 14
23 48
23 10
23 30
23 9
23 1
23 27
23 47
23 2
19
24 5
24 17
24 27
24 46
24 43
24 41
24 47
24 1
24 31
24 11
24 16
24 45
24 28
24 0
24 44
24 35
24 36
24 21
24 14
23
25 33
25 49
25 22
25 17
25 44
25 46
25 10
25 6
25 45
25 7
25 31
25 35
25 43
25 34
25 41
25 14
25 18
25 3
25 24
25 27
25 5
25 1
25 48
17
26 30
26 5
26 46
26 2
26 12
26 48
26 3
26 41
26 23
26 40
26 15
26 21
26 34
26 19
26 43
26 6
26 24
22
27 2
27 46
27 22
27 47
27 15
27 6
27 36
27 21
27 9
27 1
27 10
27 19
27 49
27 40
27 37
27 13
27 43
27 26
27 5
27 20
27 31
27 41
18
28 36
28 31
28 46
28 23
28 22
28 16
28 38
28 14
28 49
28 26
28 34
28 3
28 18
28 43
28 0
28 17
28 25
28 40
27
29 23
29 34
29 35
29 2
29 40
29 12
29 18
29 27
29 28
29 4
29 38
29 6
29 3
29 14
29 43
29 32
29 17
29 46
29 1
29 25
29 26
29 30
29 19
29 42
29 24
29 13
29 20
16
30 36
30 25
30 32
30 46
30 45
30 27
30 7
30 21
30 13
30 48
30 2
30 24
30 19
30 14
30 34
30 11
18
31 43
31 26
31 41
31 6
31 14
31 36
31 18
31 0
31 16
31 30
31 1
31 20
31 15
31 38
31 37
31 7
31 47
31 45
22
32 23
32 6
32 11
32 21
32 4
32 38
32 26
32 2
32 45
32 28
32 49
32 36
32 19
32 0
32 1
32 10
32 34
32 7
32 43
32 8
32 39
32 25
19
33 48
33 2
33 13
33 1
33 3
33 40
33 15
33 23
33 20
33 41
33 5
33 8
33 22
33 34
33 35
33 28
33 49
33 47
33 31
12
34 37
34 2
34 35
34 41
34 31
34 9
34 40
34 45
34 13
34 18
34 19
34 7
24
35 19
35 0
35 32
35 6
35 10
35 12
35 31
35 41
35 8
35 38
35 26
35 3
35 18
35 20
35 27
35 14
35 47
35 22
35 48
35 21
35 42
35 30
35 28
35 9
19
36 9
36 37
36 33
36 21
36 40
36 15
36 39
36 11
36 44
36 49
36 4
36 42
36 34
36 20
36 25
36 29
36 45
36 10
36 18
18
37 25
37 18
37 22
37 19
37 29
37 28
37 24
37 10
37 9
37 45
37 5
37 1
37 2
37 7
37 20
37 41
37 23
37 26
17
38 33
38 46
38 5
38 48
38 3
38 37
38 1
38 17
38 36
38 34
38 30
38 27
38 24
38 11
38 23
38 41
38 2
17
39 29
39 8
39 11
39 6
39 27
39 4
39 35
39 38
39 31
39 33
39 18
39 37
39 20
39 7
39 47
39 14
39 25
20
40 47
40 44
40 37
40 48
40 23
40 19
40 35
40 32
40 31
40 42
40 38
40 39
40 10
40 21
40 1
40 45
40 15
40 6
40 18
40 13
13
41 46
41 22
41 0
41 45
41 4
41 39
41 49
41 8
41 36
41 19
41 29
41 23
41 40
26
42 44
42 9
42 12
42 34
42 26
42 27
42 47
42 6
42 15
42 37
42 41
42 0
42 20
42 28
42 39
42 19
42 31
42 23
42 30
42 38
42 25
42 24
42 21
42 3
42 33
42 48
17
43 15
43 33
43 19
43 44
43 40
43 36
43 35
43 8
43 38
43 13
43 23
43 37
43 30
43 0
43 18
43 41
43 6
16
44 30
44 8
44 34
44 48
44 19
44 47
44 11
44 26
44 31
44 41
44 45
44 27
44 33
44 32
44 29
44 0
20
45 4
45 16
45 14
45 43
45 3
45 15
45 42
45 35
45 33
45 12
45 39
45 23
45 26
45 9
45 27
45 28
45 11
45 1
45 6
45 17
18
46 31
46 11
46 19
46 35
46 23
46 9
46 8
46 16
46 37
46 43
46 36
46 45
46 3
46 0
46 7
46 33
46 32
46 10
22
47 19
47 36
47 41
47 28
47 3
47 32
47 43
47 45
47 8
47 30
47 16
47 13
47 20
47 0
47 21
47 46
47 49
47 11
47 4
47 37
47 26
47 6
15
48 34
48 37
48 41
48 0
48 24
48 47
48 20
48 31
48 28
48 15
48 1
48 12
48 13
48 19
48 9
19
49 24
49 3
49 23
49 40
49 39
49 22
49 26
49 17
49 8
49 20
49 13
49 38
49 30
49 31
49 11
49 48
49 35
49 34
49 46
