50
0 "A27"
1 "A28"
2 "A0"
3 "A4"
4 "A16"
5 "A42"
6 "A14"
7 "A40"
8 "A25"
9 "A12"
10 "A20"
11 "A46"
12 "A13"
13 "A22"
14 "A48"
15 "A2"
16 "A37"
17 "A31"
18 "A29"
19 "A21"
20 "A18"
21 "A23"
22 "A41"
23 "A10"
24 "A15"
25 "A36"
26 "A32"
27 "A17"
28 "A8"
29 "A34"
30 "A47"
31 "A6"
32 "A26"
33 "A35"
34 "A43"
35 "A49"
36 "A7"
37 "A24"
38 "A38"
39 "A11"
40 "A30"
41 "A39"
42 "A19"
43 "A1"
44 "A5"
45 "A44"
46 "A33"
47 "A9"
48 "A45"
49 "A3"
18
0 37
0 25
0 36
0 49
0 27
0 2
0 31
0 44
0 46
0 12
0 41
0 8
0 26
0 47
0 29
0 33
0 14
0 19
19
1 0
1 31
1 24
1 26
1 13
1 36
1 23
1 35
1 6
1 20
1 27
1 4
1 46
1 37
1 29
1 39
1 40
1 7
1 16
20
2 9
2 35
2 7
2 30
2 14
2 46
2 42
2 3
2 24
2 21
2 31
2 8
2 27
2 45
2 1
2 43
2 19
2 47
2 10
2 11
18
3 37
3 15
3 36
3 10
3 9
3 33
3 1
3 48
3 25
3 7
3 0
3 28
3 43
3 45
3 11
3 27
3 17
3 40
19
4 3
4 41
4 36
4 19
4 27
4 17
4 47
4 29
4 11
4 43
4 14
4 16
4 25
4 34
4 2
4 37
4 8
4 22
4 45
16
5 0
5 6
5 4
5 8
5 44
5 19
5 28
5 22
5 15
5 10
5 30
5 47
5 37
5 2
5 20
5 41
18
6 24
6 2
6 45
6 42
6 47
6 43
6 30
6 32
6 33
6 8
6 0
6 4
6 23
6 40
6 41
6 36
6 12
6 17
14
7 46
7 49
7 33
7 14
7 0
7 18
7 4
7 48
7 25
7 35
7 22
7 23
7 37
7 36
17
8 1
8 39
8 46
8 36
8 11
8 21
8 27
8 13
8 14
8 42
8 48
8 7
8 26
8 35
8 41
8 31
8 43
23
9 23
9 41
9 44
9 38
9 13
9 6
9 45
9 46
9 15
9 8
9 39
9 36
9 29
9 40
9 27
9 33
9 1
9 7
9 4
9 35
9 16
9 14
9 43
19
10 11
10 28
10 49
10 7
10 16
10 22
10 27
10 17
10 41
10 8
10 40
10 15
10 4
10 48
10 13
10 43
10 20
10 6
10 19
24
11 19
11 15
11 37
11 16
11 9
11 40
11 38
11 7
11 45
11 1
11 6
11 22
11 42
11 34
11 32
11 14
11 33
11 5
11 36
11 12
11 0
11 28
11 20
11 41
20
12 44
12 40
12 21
12 2
12 22
12 8
12 17
12 10
12 48
12 29
12 9
12 36
12 30
12 1
12 13
12 49
12 31
12 26
12 33
12 20
25
13 15
13 37
13 4
13 11
13 41
13 17
13 22
13 43
13 14
13 24
13 28
13 33
13 48
13 5
13 29
13 31
13 20
13 3
13 46
13 40
13 44
13 2
13 49
13 21
13 23
24
14 30
14 39
14 48
14 40
14 42
14 41
14 5
14 19
14 33
14 23
14 43
14 16
14 22
14 3
14 38
14 28
14 31
14 32
14 29
14 26
14 27
14 12
14 37
14 10
22
15 6
15 23
15 22
15 29
15 17
15 12
15 43
15 38
15 0
15 2
15 44
15 48
15 32
15 47
15 14
15 46
15 27
15 4
15 31
15 26
15 40
15 1
16
16 37
16 12
16 18
16 2
16 15
16 8
16 30
16 22
16 32
16 26
16 24
16 3
16 28
16 34
16 43
16 33
16
17 2
17 33
17 48
17 8
17 14
17 41
17 0
17 39
17 36
17 37
17 26
17 21
17 7
17 5
17 23
17 35
18
18 5
18 43
18 0
18 37
18 8
18 3
18 13
18 4
18 1
18 21
18 2
18 29
18 35
18 11
18 15
18 45
18 28
18 22
23
19 40
19 16
19 46
19 8
19 3
19 23
19 12
19 27
19 13
19 6
19 17
19 43
19 1
19 25
19 33
19 42
19 45
19 34
19 15
19 35
19 29
19 21
19 7
24
20 36
20 47
20 37
20 25
20 42
20 48
20 6
20 23
20 24
20 34
20 30
20 17
20 0
20 2
20 14
20 41
20 19
20 27
20 29
20 45
20 33
20 9
20 44
20 8
21
21 44
21 9
21 42
21 23
21 15
21 5
21 10
21 28
21 22
21 31
21 4
21 0
21 40
21 48
21 3
21 38
21 1
21 47
21 14
21 46
21 11
20
22 23
22 19
22 40
22 26
22 39
22 8
22 9
22 49
22 34
22 20
22 45
22 0
22 6
22 27
22 37
22 33
22 3
22 48
22 24
22 35
17
23 3
23 2
23 10
23 4
23 26
23 5
23 27
23 47
23 30
23 43
23 11
23 48
23 41
23 38
23 16
23 18
23 32
23
24 37
24 11
24 19
24 25
24 8
24 32
24 43
24 3
24 21
24 17
24 18
24 7
24 36
24 26
24 23
24 15
24 30
24 5
24 42
24 0
24 9
24 34
24 35
21
25 23
25 34
25 18
25 35
25 39
25 33
25 10
25 12
25 17
25 1
25 13
25 22
25 5
25 16
25 15
25 9
25 27
25 38
25 47
25 31
25 2
18
26 34
26 18
26 13
26 10
26 47
26 43
26 36
26 4
26 9
26 30
26 11
26 37
26 19
26 44
26 38
26 20
26 27
26 3
11
27 5
27 13
27 21
27 30
27 12
27 39
27 7
27 41
27 36
27 29
27 11
21
28 36
28 49
28 30
28 1
28 23
28 7
28 17
28 6
28 27
28 4
28 25
28 22
28 45
28 29
28 12
28 35
28 46
28 9
28 24
28 19
28 47
21
29 2
29 24
29 16
29 31
29 35
29 47
29 45
29 36
29 44
29 42
29 8
29 40
29 11
29 21
29 25
29 5
29 34
29 6
29 7
29 41
29 48
19
30 8
30 31
30 34
30 44
30 11
30 40
30 36
30 17
30 22
30 29
30 9
30 48
30 38
30 46
30 37
30 21
30 42
30 1
30 19
21
31 44
31 41
31 9
31 37
31 22
31 27
31 32
31 20
31 7
31 11
31 40
31 39
31 10
31 23
31 3
31 34
31 49
31 38
31 28
31 19
31 26
22
32 10
32 0
32 21
32 44
32 4
32 19
32 3
32 7
32 18
32 25
32 49
32 9
32 30
32 5
32 40
32 47
32 1
32 34
32 8
32 38
32 28
32 41
20
33 32
33 4
33 2
33 47
33 18
33 43
33 1
33 26
33 34
33 49
33 40
33 21
33 8
33 31
33 15
33 27
33 28
33 10
33 38
33 23
18
34 42
34 48
34 9
34 28
34 12
34 1
34 17
34 13
34 14
34 21
34 2
34 37
34 8
34 23
34 15
34 5
34 10
34 6
16
35 21
35 23
35 40
35 3
35 34
35 47
35 20
35 0
35 11
35 16
35 33
35 26
35 27
35 45
35 6
35 13
20
36 33
36 13
36 10
36 19
36 16
36 37
36 43
36 5
36 39
36 41
36 14
36 18
36 38
36 31
36 25
36 35
36 32
36 15
36 34
36 48
19
37 8
37 12
37 35
37 33
37 29
37 10
37 25
37 15
37 23
37 40
37 6
37 32
37 39
37 27
37 45
37 48
37 21
37 41
37 43
20
38 7
38 19
38 5
38 3
38 43
38 37
38 44
38 47
38 10
38 20
38 16
38 0
38 46
38 8
38 2
38 29
38 34
38 28
38 35
38 17
21
39 5
39 19
39 44
39 42
39 15
39 40
39 35
39 10
39 48
39 32
39 21
39 0
39 34
39 20
39 13
39 29
39 28
39 33
39 24
39 38
39 26
17
40 23
40 36
40 18
40 47
40 43
40 38
40 46
40 28
40 25
40 45
40 16
40 5
40 8
40 7
40 27
40 2
40 34
22
41 7
41 42
41 39
41 22
41 30
41 18
41 47
41 25
41 34
41 24
41 16
41 28
41 3
41 15
41 48
41 12
41 21
41 38
41 44
41 2
41 26
41 40
25
42 36
42 18
42 28
42 23
42 9
42 12
42 27
42 33
42 40
42 10
42 13
42 0
42 3
42 48
42 46
42 38
42 17
42 31
42 32
42 7
42 25
42 26
42 35
42 16
42 45
12
43 20
43 25
43 46
43 27
43 47
43 32
43 7
43 28
43 41
43 30
43 0
43 21
19
44 22
44 42
44 18
44 27
44 17
44 4
44 34
44 35
44 46
44 40
44 45
44 14
44 23
44 3
44 43
44 10
44 49
44 11
44 16
26
45 1
45 38
45 30
45 27
45 17
45 16
45 14
45 24
45 41
45 39
45 32
45 49
45 21
45 34
45 36
45 10
45 25
45 7
45 13
45 5
45 31
45 15
45 8
45 47
45 26
45 48
20
46 36
46 6
46 26
46 14
46 39
46 31
46 25
46 49
46 41
46 22
46 32
46 10
46 29
46 4
46 37
46 20
46 34
46 45
46 47
46 33
17
47 1
47 42
47 11
47 49
47 18
47 39
47 30
47 37
47 9
47 12
47 17
47 14
47 16
47 19
47 44
47 7
47 13
15
48 16
48 40
48 0
48 1
48 35
48 6
48 47
48 38
48 2
48 9
48 31
48 33
48 4
48 11
48 28
25
49 40
49 30
49 5
49 2
49 21
49 29
49 11
49 24
49 35
49 43
49 37
49 36
49 4
49 15
49 3
49 34
49 16
49 25
49 1
49 6
49 38
49 39
49 26
49 14
49 48
