50
0 "A27"
1 "A28"
2 "A0"
3 "A4"
4 "A16"
5 "A42"
6 "A14"
7 "A40"
8 "A25"
9 "A12"
10 "A20"
11 "A46"
12 "A13"
13 "A22"
14 "A48"
15 "A2"
16 "A37"
17 "A31"
18 "A29"
19 "A21"
20 "A18"
21 "A23"
22 "A41"
23 "A10"
24 "A15"
25 "A36"
26 "A32"
27 "A17"
28 "A8"
29 "A34"
30 "A47"
31 "A6"
32 "A26"
33 "A35"
34 "A43"
35 "A49"
36 "A7"
37 "A24"
38 "A38"
39 "A11"
40 "A30"
41 "A39"
42 "A19"
43 "A1"
44 "A5"
45 "A44"
46 "A33"
47 "A9"
48 "A45"
49 "A3"
20
0 24
0 15
0 36
0 8
0 10
0 35
0 26
0 44
0 5
0 48
0 3
0 45
0 17
0 14
0 34
0 11
0 38
0 33
0 25
0 12
14
1 42
1 35
1 33
1 21
1 5
1 15
1 2
1 19
1 7
1 28
1 36
1 23
1 46
1 9
20
2 13
2 45
2 46
2 28
2 30
2 19
2 14
2 32
2 41
2 39
2 3
2 24
2 27
2 43
2 0
2 22
2 10
2 21
2 25
2 7
16
3 12
3 45
3 13
3 1
3 34
3 4
3 32
3 39
3 21
3 7
3 36
3 41
3 44
3 20
3 19
3 33
24
4 10
4 0
4 19
4 22
4 17
4 42
4 8
4 32
4 16
4 49
4 37
4 14
4 21
4 34
4 30
4 44
4 36
4 20
4 43
4 2
4 46
4 15
4 45
4 41
20
5 33
5 35
5 2
5 8
5 48
5 7
5 38
5 31
5 21
5 30
5 24
5 4
5 46
5 11
5 49
5 16
5 37
5 23
5 39
5 19
17
6 5
6 29
6 18
6 13
6 38
6 48
6 15
6 24
6 32
6 22
6 2
6 11
6 21
6 1
6 35
6 3
6 26
16
7 32
7 4
7 17
7 25
7 0
7 38
7 30
7 26
7 39
7 45
7 14
7 44
7 18
7 6
7 9
7 43
19
8 41
8 31
8 6
8 30
8 25
8 40
8 2
8 28
8 9
8 37
8 19
8 17
8 7
8 47
8 44
8 13
8 36
8 45
8 43
20
9 13
9 36
9 3
9 26
9 44
9 43
9 45
9 18
9 49
9 0
9 11
9 31
9 25
9 33
9 4
9 23
9 40
9 5
9 30
9 27
24
10 17
10 18
10 43
10 14
10 9
10 3
10 24
10 1
10 27
10 38
10 32
10 21
10 49
10 40
10 26
10 6
10 19
10 34
10 5
10 45
10 12
10 8
10 37
10 44
20
11 7
11 19
11 25
11 2
11 10
11 44
11 41
11 47
11 32
11 35
11 40
11 24
11 49
11 28
11 15
11 13
11 45
11 12
11 48
11 23
23
12 9
12 32
12 37
12 42
12 33
12 2
12 18
12 4
12 29
12 31
12 34
12 7
12 14
12 47
12 15
12 16
12 17
12 1
12 48
12 5
12 27
12 41
12 20
22
13 48
13 18
13 47
13 49
13 4
13 40
13 29
13 21
13 24
13 39
13 7
13 44
13 26
13 19
13 38
13 12
13 42
13 22
13 25
13 35
13 10
13 17
22
14 29
14 41
14 11
14 5
14 22
14 32
14 20
14 39
14 1
14 48
14 13
14 31
14 36
14 30
14 42
14 6
14 15
14 34
14 3
14 26
14 21
14 40
24
15 9
15 24
15 32
15 10
15 45
15 5
15 23
15 33
15 40
15 31
15 49
15 19
15 17
15 47
15 8
15 42
15 7
15 3
15 13
15 39
15 20
15 37
15 46
15 27
19
16 38
16 8
16 36
16 29
16 0
16 32
16 17
16 28
16 40
16 26
16 27
16 14
16 45
16 10
16 7
16 19
16 11
16 2
16 9
16
17 21
17 38
17 18
17 44
17 48
17 27
17 6
17 9
17 24
17 25
17 26
17 34
17 2
17 41
17 37
17 45
16
18 0
18 43
18 11
18 15
18 36
18 3
18 20
18 40
18 48
18 30
18 26
18 46
18 4
18 21
18 45
18 42
21
19 42
19 17
19 41
19 18
19 35
19 40
19 47
19 43
19 33
19 20
19 23
19 14
19 28
19 31
19 44
19 32
19 22
19 12
19 30
19 39
19 46
23
20 40
20 0
20 30
20 6
20 13
20 7
20 1
20 45
20 26
20 16
20 28
20 33
20 29
20 17
20 2
20 5
20 46
20 31
20 22
20 27
20 11
20 41
20 9
16
21 49
21 12
21 39
21 19
21 29
21 33
21 7
21 15
21 43
21 32
21 9
21 16
21 20
21 37
21 24
21 36
23
22 15
22 21
22 11
22 12
22 47
22 26
22 45
22 8
22 0
22 25
22 37
22 24
22 1
22 34
22 10
22 40
22 32
22 28
22 5
22 16
22 7
22 39
22 9
22
23 0
23 26
23 43
23 3
23 4
23 2
23 48
23 16
23 18
23 44
23 22
23 6
23 25
23 32
23 37
23 28
23 7
23 21
23 10
23 34
23 20
23 42
20
24 4
24 44
24 32
24 41
24 23
24 43
24 1
24 28
24 7
24 9
24 33
24 16
24 20
24 14
24 35
24 3
24 31
24 27
24 12
24 8
20
25 43
25 5
25 37
25 14
25 18
25 1
25 12
25 38
25 26
25 3
25 32
25 6
25 31
25 42
25 19
25 16
25 36
25 15
25 10
25 47
15
26 48
26 49
26 29
26 44
26 31
26 40
26 24
26 5
26 3
26 42
26 2
26 12
26 21
26 1
26 4
27
27 3
27 38
27 1
27 31
27 46
27 6
27 23
27 14
27 33
27 32
27 8
27 26
27 37
27 13
27 48
27 40
27 18
27 49
27 19
27 25
27 0
27 47
27 11
27 36
27 7
27 34
27 5
16
28 17
28 3
28 42
28 26
28 43
28 12
28 18
28 7
28 10
28 25
28 9
28 15
28 46
28 27
28 4
28 38
26
29 3
29 23
29 40
29 36
29 19
29 4
29 27
29 34
29 45
29 30
29 0
29 32
29 8
29 31
29 5
29 18
29 25
29 1
29 10
29 38
29 48
29 11
29 46
29 2
29 24
29 7
19
30 10
30 41
30 31
30 25
30 42
30 1
30 49
30 6
30 11
30 26
30 33
30 46
30 48
30 44
30 24
30 27
30 36
30 28
30 38
21
31 48
31 22
31 28
31 46
31 47
31 17
31 13
31 23
31 16
31 42
31 41
31 44
31 10
31 18
31 4
31 40
31 11
31 21
31 36
31 0
31 1
14
32 13
32 36
32 26
32 30
32 5
32 28
32 17
32 43
32 9
32 18
32 39
32 35
32 46
32 20
18
33 37
33 23
33 46
33 4
33 34
33 45
33 18
33 32
33 47
33 26
33 39
33 6
33 14
33 8
33 28
33 40
33 36
33 7
17
34 8
34 13
34 31
34 5
34 45
34 25
34 7
34 20
34 1
34 37
34 2
34 43
34 30
34 35
34 26
34 6
34 48
22
35 26
35 30
35 18
35 21
35 9
35 37
35 27
35 38
35 49
35 12
35 4
35 41
35 33
35 17
35 39
35 25
35 43
35 2
35 29
35 23
35 48
35 16
19
36 24
36 19
36 12
36 13
36 34
36 10
36 28
36 5
36 22
36 15
36 20
36 39
36 2
36 46
36 35
36 11
36 17
36 45
36 49
15
37 36
37 3
37 28
37 26
37 31
37 9
37 40
37 48
37 30
37 29
37 19
37 42
37 2
37 47
37 11
21
38 42
38 26
38 4
38 11
38 45
38 14
38 15
38 21
38 49
38 8
38 1
38 12
38 31
38 19
38 3
38 22
38 34
38 36
38 39
38 2
38 18
19
39 0
39 25
39 18
39 4
39 37
39 24
39 1
39 28
39 49
39 30
39 20
39 27
39 29
39 12
39 10
39 26
39 34
39 11
39 9
19
40 25
40 5
40 48
40 34
40 46
40 36
40 6
40 44
40 35
40 17
40 42
40 30
40 47
40 32
40 21
40 2
40 23
40 12
40 45
20
41 6
41 16
41 13
41 27
41 29
41 15
41 38
41 37
41 7
41 32
41 23
41 0
41 22
41 42
41 48
41 36
41 25
41 1
41 28
41 9
17
42 7
42 39
42 33
42 29
42 20
42 11
42 46
42 5
42 2
42 22
42 3
42 6
42 45
42 34
42 48
42 9
42 10
22
43 30
43 15
43 33
43 5
43 49
43 31
43 27
43 45
43 14
43 22
43 41
43 26
43 47
43 40
43 11
43 16
43 48
43 46
43 1
43 36
43 12
43 17
19
44 5
44 42
44 21
44 36
44 6
44 34
44 43
44 38
44 22
44 28
44 14
44 16
44 2
44 39
44 41
44 37
44 15
44 27
44 29
17
45 19
45 23
45 41
45 14
45 49
45 1
45 30
45 24
45 39
45 25
45 12
45 28
45 37
45 21
45 44
45 27
45 13
19
46 23
46 6
46 0
46 25
46 24
46 41
46 14
46 17
46 39
46 9
46 26
46 35
46 48
46 34
46 12
46 3
46 10
46 21
46 8
24
47 21
47 10
47 30
47 7
47 42
47 5
47 23
47 49
47 9
47 0
47 4
47 45
47 1
47 26
47 38
47 48
47 41
47 18
47 32
47 28
47 35
47 3
47 14
47 6
15
48 19
48 2
48 22
48 9
48 15
48 45
48 4
48 39
48 28
48 33
48 32
48 24
48 8
48 49
48 21
22
49 6
49 12
49 34
49 19
49 25
49 28
49 18
49 20
49 46
49 23
49 32
49 40
49 29
49 16
49 24
49 37
49 33
49 3
49 14
49 1
49 44
49 41
