50
0 "A27"
1 "A28"
2 "A0"
3 "A4"
4 "A16"
5 "A42"
6 "A14"
7 "A40"
8 "A25"
9 "A12"
10 "A20"
11 "A46"
12 "A13"
13 "A22"
14 "A48"
15 "A2"
16 "A37"
17 "A31"
18 "A29"
19 "A21"
20 "A18"
21 "A23"
22 "A41"
23 "A10"
24 "A15"
25 "A36"
26 "A32"
27 "A17"
28 "A8"
29 "A34"
30 "A47"
31 "A6"
32 "A26"
33 "A35"
34 "A43"
35 "A49"
36 "A7"
37 "A24"
38 "A38"
39 "A11"
40 "A30"
41 "A39"
42 "A19"
43 "A1"
44 "A5"
45 "A44"
46 "A33"
47 "A9"
48 "A45"
49 "A3"
16
0 41
0 46
0 38
0 13
0 12
0 17
0 30
0 26
0 5
0 37
0 11
0 10
0 15
0 7
0 31
0 48
12
1 16
1 17
1 33
1 38
1 19
1 21
1 36
1 18
1 37
1 27
1 29
1 0
24
2 32
2 41
2 15
2 7
2 33
2 46
2 4
2 26
2 16
2 21
2 0
2 30
2 45
2 39
2 35
2 8
2 23
2 31
2 10
2 42
2 28
2 17
2 13
2 29
24
3 2
3 44
3 45
3 10
3 15
3 26
3 11
3 12
3 27
3 32
3 14
3 5
3 36
3 22
3 39
3 6
3 29
3 7
3 21
3 40
3 34
3 1
3 0
3 4
20
4 43
4 29
4 46
4 19
4 22
4 0
4 45
4 32
4 16
4 41
4 15
4 21
4 10
4 37
4 20
4 1
4 34
4 11
4 13
4 30
19
5 17
5 23
5 48
5 20
5 49
5 39
5 29
5 37
5 19
5 27
5 15
5 31
5 11
5 46
5 43
5 10
5 1
5 36
5 41
18
6 0
6 8
6 26
6 5
6 39
6 35
6 16
6 14
6 21
6 24
6 29
6 28
6 1
6 37
6 2
6 12
6 33
6 31
13
7 10
7 36
7 27
7 43
7 45
7 39
7 25
7 47
7 29
7 18
7 23
7 41
7 14
22
8 40
8 4
8 13
8 27
8 10
8 48
8 7
8 28
8 18
8 1
8 19
8 32
8 36
8 46
8 31
8 44
8 35
8 12
8 3
8 26
8 0
8 9
20
9 38
9 2
9 31
9 36
9 30
9 33
9 21
9 34
9 5
9 46
9 19
9 24
9 10
9 7
9 0
9 29
9 13
9 37
9 12
9 6
18
10 40
10 49
10 24
10 31
10 32
10 48
10 37
10 19
10 1
10 13
10 34
10 28
10 6
10 38
10 15
10 22
10 12
10 23
17
11 30
11 20
11 7
11 25
11 32
11 40
11 6
11 41
11 39
11 15
11 45
11 47
11 8
11 21
11 29
11 43
11 48
21
12 36
12 30
12 27
12 42
12 4
12 20
12 21
12 2
12 5
12 32
12 35
12 13
12 23
12 11
12 7
12 48
12 17
12 46
12 31
12 44
12 41
18
13 6
13 44
13 39
13 27
13 43
13 16
13 29
13 3
13 26
13 20
13 35
13 30
13 15
13 7
13 36
13 38
13 5
13 14
26
14 4
14 9
14 17
14 19
14 47
14 48
14 5
14 32
14 16
14 2
14 1
14 18
14 21
14 25
14 8
14 27
14 37
14 30
14 42
14 22
14 38
14 43
14 11
14 26
14 31
14 12
15
15 17
15 23
15 39
15 46
15 9
15 22
15 44
15 1
15 24
15 40
15 14
15 37
15 38
15 27
15 45
23
16 21
16 34
16 24
16 38
16 40
16 5
16 7
16 3
16 36
16 18
16 9
16 23
16 42
16 48
16 47
16 12
16 30
16 0
16 31
16 11
16 45
16 33
16 28
22
17 7
17 3
17 37
17 25
17 20
17 29
17 42
17 32
17 40
17 43
17 38
17 30
17 6
17 11
17 49
17 23
17 34
17 13
17 8
17 24
17 45
17 9
18
18 3
18 29
18 10
18 9
18 44
18 19
18 5
18 47
18 22
18 17
18 45
18 6
18 11
18 42
18 15
18 43
18 13
18 35
17
19 17
19 31
19 11
19 12
19 6
19 43
19 37
19 16
19 28
19 35
19 24
19 7
19 42
19 20
19 47
19 15
19 25
16
20 29
20 38
20 40
20 22
20 3
20 44
20 36
20 7
20 6
20 14
20 15
20 33
20 2
20 45
20 8
20 16
16
21 32
21 22
21 19
21 42
21 45
21 43
21 0
21 27
21 49
21 8
21 30
21 24
21 18
21 17
21 35
21 7
21
22 19
22 2
22 12
22 44
22 11
22 7
22 42
22 1
22 32
22 16
22 34
22 8
22 17
22 41
22 36
22 30
22 5
22 45
22 35
22 6
22 38
19
23 20
23 11
23 18
23 9
23 40
23 37
23 29
23 34
23 26
23 4
23 22
23 0
23 13
23 3
23 38
23 28
23 21
23 14
23 31
19
24 3
24 7
24 47
24 38
24 44
24 0
24 22
24 2
24 28
24 35
24 23
24 37
24 46
24 36
24 13
24 39
24 18
24 31
24 4
17
25 18
25 5
25 47
25 9
25 34
25 32
25 35
25 12
25 31
25 13
25 21
25 48
25 23
25 1
25 16
25 2
25 41
23
26 21
26 4
26 15
26 40
26 16
26 43
26 18
26 38
26 39
26 44
26 17
26 33
26 1
26 29
26 48
26 32
26 31
26 41
26 47
26 22
26 20
26 37
26 45
20
27 25
27 24
27 19
27 37
27 49
27 0
27 23
27 40
27 2
27 9
27 47
27 4
27 18
27 10
27 26
27 11
27 45
27 35
27 6
27 31
23
28 5
28 42
28 39
28 21
28 14
28 1
28 29
28 4
28 27
28 17
28 36
28 26
28 7
28 43
28 46
28 38
28 31
28 9
28 15
28 48
28 3
28 44
28 20
11
29 27
29 47
29 21
29 14
29 44
29 8
29 19
29 24
29 0
29 49
29 25
23
30 20
30 15
30 43
30 24
30 27
30 33
30 18
30 32
30 36
30 37
30 44
30 26
30 46
30 28
30 38
30 7
30 1
30 39
30 35
30 8
30 31
30 3
30 25
17
31 18
31 47
31 29
31 1
31 21
31 33
31 43
31 13
31 3
31 22
31 35
31 20
31 15
31 42
31 39
31 4
31 38
14
32 43
32 45
32 34
32 13
32 16
32 31
32 9
32 7
32 40
32 29
32 36
32 41
32 27
32 19
22
33 15
33 42
33 13
33 18
33 0
33 12
33 11
33 17
33 19
33 38
33 29
33 40
33 46
33 5
33 7
33 44
33 4
33 10
33 47
33 8
33 43
33 24
24
34 40
34 37
34 21
34 19
34 36
34 27
34 5
34 11
34 24
34 18
34 28
34 29
34 0
34 15
34 48
34 26
34 6
34 20
34 46
34 30
34 45
34 13
34 31
34 7
22
35 9
35 15
35 32
35 17
35 1
35 43
35 4
35 41
35 26
35 49
35 3
35 0
35 48
35 11
35 29
35 33
35 16
35 28
35 34
35 10
35 14
35 39
12
36 21
36 26
36 23
36 29
36 15
36 0
36 25
36 40
36 2
36 48
36 33
36 45
13
37 28
37 32
37 16
37 13
37 36
37 8
37 39
37 22
37 49
37 33
37 47
37 3
37 11
20
38 18
38 19
38 5
38 21
38 12
38 3
38 36
38 45
38 44
38 35
38 32
38 39
38 42
38 43
38 4
38 37
38 25
38 7
38 2
38 8
20
39 46
39 18
39 4
39 47
39 25
39 45
39 29
39 44
39 20
39 40
39 8
39 27
39 34
39 14
39 12
39 16
39 23
39 32
39 33
39 17
20
40 28
40 38
40 6
40 21
40 5
40 4
40 22
40 7
40 1
40 49
40 45
40 30
40 9
40 2
40 19
40 25
40 0
40 37
40 18
40 14
28
41 19
41 44
41 10
41 38
41 48
41 13
41 36
41 16
41 28
41 14
41 3
41 17
41 37
41 1
41 8
41 29
41 39
41 47
41 46
41 27
41 34
41 31
41 49
41 23
41 18
41 21
41 6
41 9
24
42 10
42 1
42 8
42 48
42 15
42 6
42 39
42 41
42 44
42 40
42 5
42 4
42 35
42 27
42 20
42 49
42 30
42 13
42 0
42 36
42 37
42 32
42 26
42 25
19
43 46
43 42
43 1
43 22
43 2
43 12
43 8
43 20
43 40
43 10
43 3
43 29
43 39
43 9
43 41
43 36
43 27
43 6
43 24
17
44 5
44 36
44 1
44 25
44 46
44 14
44 6
44 9
44 48
44 32
44 35
44 2
44 4
44 23
44 34
44 0
44 19
23
45 31
45 43
45 0
45 47
45 48
45 49
45 35
45 28
45 9
45 1
45 10
45 30
45 29
45 37
45 33
45 14
45 12
45 25
45 23
45 13
45 42
45 8
45 24
21
46 14
46 26
46 19
46 37
46 10
46 42
46 45
46 48
46 18
46 40
46 13
46 23
46 11
46 25
46 22
46 20
46 31
46 32
46 21
46 29
46 36
22
47 23
47 28
47 4
47 9
47 34
47 40
47 38
47 12
47 20
47 43
47 44
47 10
47 21
47 42
47 35
47 17
47 5
47 36
47 3
47 2
47 8
47 0
23
48 24
48 38
48 40
48 49
48 22
48 21
48 15
48 37
48 13
48 2
48 23
48 31
48 7
48 43
48 19
48 18
48 47
48 33
48 29
48 3
48 39
48 20
48 1
28
49 28
49 16
49 20
49 39
49 15
49 36
49 3
49 34
49 30
49 6
49 24
49 44
49 2
49 47
49 1
49 32
49 26
49 7
49 11
49 22
49 13
49 9
49 8
49 31
49 25
49 33
49 18
49 19
