50
0 "A27"
1 "A28"
2 "A0"
3 "A4"
4 "A16"
5 "A42"
6 "A14"
7 "A40"
8 "A25"
9 "A12"
10 "A20"
11 "A46"
12 "A13"
13 "A22"
14 "A48"
15 "A2"
16 "A37"
17 "A31"
18 "A29"
19 "A21"
20 "A18"
21 "A23"
22 "A41"
23 "A10"
24 "A15"
25 "A36"
26 "A32"
27 "A17"
28 "A8"
29 "A34"
30 "A47"
31 "A6"
32 "A26"
33 "A35"
34 "A43"
35 "A49"
36 "A7"
37 "A24"
38 "A38"
39 "A11"
40 "A30"
41 "A39"
42 "A19"
43 "A1"
44 "A5"
45 "A44"
46 "A33"
47 "A9"
48 "A45"
49 "A3"
22
0 23
0 31
0 10
0 6
0 42
0 4
0 22
0 7
0 14
0 36
0 29
0 20
0 40
0 27
0 43
0 41
0 19
0 17
0 3
0 35
0 26
0 24
13
1 35
1 44
1 4
1 17
1 26
1 6
1 8
1 0
1 5
1 36
1 10
1 2
1 21
17
2 12
2 13
2 37
2 16
2 43
2 28
2 0
2 42
2 26
2 41
2 38
2 31
2 48
2 22
2 44
2 15
2 36
13
3 39
3 25
3 26
3 35
3 19
3 13
3 47
3 42
3 27
3 6
3 8
3 1
3 9
23
4 44
4 22
4 27
4 38
4 12
4 31
4 29
4 17
4 5
4 7
4 2
4 3
4 28
4 6
4 14
4 41
4 20
4 15
4 8
4 49
4 25
4 35
4 33
22
5 32
5 26
5 48
5 49
5 29
5 21
5 10
5 18
5 24
5 27
5 38
5 23
5 2
5 41
5 3
5 17
5 39
5 16
5 33
5 25
5 6
5 31
26
6 34
6 31
6 32
6 33
6 10
6 19
6 16
6 42
6 7
6 9
6 14
6 28
6 41
6 24
6 39
6 22
6 38
6 40
6 36
6 11
6 46
6 30
6 15
6 48
6 23
6 13
20
7 31
7 10
7 37
7 2
7 33
7 39
7 18
7 1
7 21
7 41
7 12
7 36
7 14
7 11
7 26
7 34
7 24
7 27
7 5
7 38
17
8 49
8 10
8 33
8 18
8 7
8 34
8 35
8 2
8 5
8 0
8 14
8 26
8 41
8 38
8 42
8 30
8 9
18
9 26
9 5
9 33
9 27
9 11
9 20
9 24
9 37
9 41
9 16
9 10
9 42
9 32
9 25
9 2
9 43
9 35
9 39
17
10 4
10 20
10 22
10 14
10 16
10 40
10 44
10 26
10 13
10 33
10 11
10 45
10 15
10 37
10 32
10 2
10 24
21
11 2
11 18
11 22
11 45
11 14
11 32
11 8
11 31
11 4
11 47
11 21
11 25
11 41
11 20
11 29
11 3
11 17
11 48
11 24
11 5
11 33
21
12 27
12 47
12 26
12 48
12 0
12 3
12 25
12 35
12 11
12 37
12 5
12 46
12 24
12 30
12 40
12 6
12 39
12 18
12 9
12 1
12 14
19
13 20
13 7
13 16
13 38
13 42
13 24
13 8
13 45
13 11
13 40
13 1
13 34
13 0
13 30
13 43
13 4
13 33
13 25
13 9
23
14 37
14 1
14 19
14 33
14 46
14 36
14 45
14 42
14 24
14 49
14 26
14 16
14 21
14 43
14 20
14 44
14 2
14 29
14 5
14 40
14 35
14 13
14 3
14
15 16
15 9
15 23
15 47
15 41
15 37
15 13
15 28
15 11
15 1
15 26
15 31
15 12
15 5
18
16 4
16 32
16 38
16 1
16 48
16 46
16 40
16 0
16 24
16 12
16 20
16 26
16 27
16 36
16 41
16 33
16 18
16 43
21
17 7
17 9
17 14
17 8
17 28
17 20
17 22
17 32
17 44
17 18
17 6
17 12
17 46
17 48
17 16
17 13
17 10
17 38
17 15
17 30
17 29
18
18 3
18 39
18 15
18 48
18 49
18 34
18 46
18 24
18 2
18 33
18 45
18 28
18 13
18 10
18 42
18 20
18 1
18 26
25
19 49
19 4
19 9
19 47
19 33
19 7
19 45
19 27
19 25
19 15
19 28
19 46
19 2
19 29
19 44
19 11
19 8
19 5
19 42
19 1
19 10
19 34
19 12
19 13
19 41
24
20 38
20 15
20 37
20 45
20 28
20 8
20 22
20 32
20 42
20 25
20 47
20 6
20 33
20 48
20 23
20 1
20 49
20 31
20 39
20 5
20 19
20 26
20 43
20 12
25
21 19
21 20
21 6
21 3
21 26
21 48
21 4
21 38
21 2
21 36
21 37
21 10
21 35
21 23
21 17
21 27
21 45
21 25
21 42
21 44
21 32
21 30
21 0
21 22
21 15
20
22 14
22 18
22 7
22 26
22 5
22 13
22 16
22 35
22 38
22 31
22 28
22 3
22 43
22 27
22 39
22 24
22 23
22 15
22 19
22 42
18
23 7
23 8
23 32
23 49
23 3
23 45
23 46
23 30
23 29
23 1
23 19
23 26
23 31
23 13
23 39
23 38
23 2
23 10
23
24 42
24 26
24 2
24 20
24 30
24 48
24 49
24 44
24 29
24 36
24 37
24 33
24 21
24 25
24 17
24 4
24 19
24 3
24 27
24 1
24 15
24 8
24 46
16
25 14
25 15
25 2
25 10
25 45
25 34
25 22
25 49
25 7
25 47
25 44
25 8
25 30
25 39
25 0
25 18
12
26 31
26 4
26 6
26 19
26 46
26 32
26 45
26 37
26 34
26 38
26 35
26 42
17
27 37
27 32
27 17
27 25
27 6
27 30
27 45
27 18
27 40
27 8
27 11
27 47
27 36
27 38
27 13
27 10
27 23
18
28 3
28 43
28 23
28 8
28 45
28 31
28 30
28 14
28 42
28 33
28 10
28 27
28 47
28 7
28 26
28 0
28 24
28 1
17
29 15
29 44
29 46
29 31
29 6
29 18
29 21
29 20
29 28
29 9
29 45
29 25
29 34
29 16
29 3
29 27
29 12
16
30 1
30 16
30 4
30 29
30 3
30 46
30 0
30 14
30 38
30 5
30 19
30 15
30 11
30 10
30 20
30 42
22
31 32
31 40
31 10
31 41
31 13
31 18
31 3
31 33
31 47
31 9
31 35
31 16
31 8
31 37
31 21
31 42
31 25
31 49
31 30
31 39
31 1
31 24
23
32 40
32 33
32 24
32 15
32 3
32 12
32 46
32 41
32 8
32 18
32 44
32 25
32 45
32 28
32 34
32 30
32 4
32 29
32 2
32 37
32 42
32 0
32 47
19
33 15
33 1
33 48
33 0
33 3
33 30
33 35
33 34
33 22
33 44
33 21
33 23
33 45
33 47
33 37
33 36
33 49
33 2
33 43
23
34 0
34 46
34 38
34 45
34 28
34 14
34 20
34 23
34 17
34 30
34 42
34 11
34 9
34 15
34 4
34 16
34 10
34 24
34 3
34 48
34 5
34 22
34 27
20
35 32
35 37
35 34
35 23
35 2
35 36
35 38
35 7
35 5
35 16
35 13
35 6
35 29
35 11
35 25
35 15
35 47
35 10
35 43
35 30
22
36 8
36 40
36 30
36 32
36 45
36 3
36 25
36 4
36 17
36 9
36 20
36 22
36 5
36 41
36 31
36 18
36 44
36 23
36 11
36 29
36 19
36 49
15
37 8
37 41
37 4
37 18
37 17
37 22
37 5
37 6
37 49
37 23
37 13
37 3
37 48
37 19
37 34
19
38 12
38 49
38 37
38 36
38 15
38 0
38 42
38 40
38 11
38 24
38 19
38 18
38 29
38 9
38 39
38 3
38 1
38 28
38 32
22
39 34
39 42
39 46
39 29
39 36
39 2
39 0
39 1
39 15
39 11
39 28
39 49
39 24
39 13
39 21
39 35
39 17
39 4
39 33
39 19
39 10
39 32
20
40 11
40 18
40 3
40 1
40 35
40 19
40 5
40 45
40 41
40 37
40 30
40 22
40 26
40 29
40 33
40 24
40 20
40 17
40 23
40 39
21
41 48
41 42
41 33
41 10
41 34
41 18
41 1
41 49
41 47
41 22
41 39
41 27
41 35
41 20
41 24
41 17
41 13
41 26
41 23
41 30
41 14
12
42 48
42 15
42 36
42 25
42 29
42 49
42 10
42 40
42 23
42 35
42 12
42 27
25
43 17
43 8
43 31
43 37
43 25
43 4
43 44
43 1
43 48
43 39
43 40
43 24
43 18
43 32
43 11
43 29
43 26
43 34
43 38
43 15
43 5
43 27
43 7
43 46
43 21
22
44 12
44 8
44 16
44 18
44 35
44 15
44 45
44 42
44 34
44 27
44 23
44 26
44 31
44 37
44 9
44 49
44 22
44 5
44 30
44 3
44 47
44 0
20
45 22
45 49
45 39
45 9
45 2
45 12
45 1
45 6
45 46
45 16
45 5
45 43
45 41
45 3
45 0
45 7
45 31
45 42
45 4
45 37
22
46 35
46 15
46 44
46 42
46 4
46 27
46 33
46 49
46 21
46 38
46 25
46 7
46 10
46 36
46 5
46 28
46 40
46 41
46 37
46 22
46 11
46 48
19
47 6
47 37
47 42
47 21
47 34
47 46
47 17
47 16
47 45
47 36
47 40
47 29
47 8
47 18
47 10
47 0
47 13
47 4
47 1
22
48 40
48 32
48 1
48 45
48 22
48 3
48 39
48 19
48 27
48 49
48 28
48 30
48 10
48 47
48 25
48 29
48 26
48 36
48 7
48 8
48 31
48 23
18
49 9
49 0
49 26
49 15
49 43
49 35
49 32
49 29
49 17
49 2
49 30
49 12
49 28
49 40
49 27
49 1
49 47
49 22
