50
0 "A27"
1 "A28"
2 "A0"
3 "A4"
4 "A16"
5 "A42"
6 "A14"
7 "A40"
8 "A25"
9 "A12"
10 "A20"
11 "A46"
12 "A13"
13 "A22"
14 "A48"
15 "A2"
16 "A37"
17 "A31"
18 "A29"
19 "A21"
20 "A18"
21 "A23"
22 "A41"
23 "A10"
24 "A15"
25 "A36"
26 "A32"
27 "A17"
28 "A8"
29 "A34"
30 "A47"
31 "A6"
32 "A26"
33 "A35"
34 "A43"
35 "A49"
36 "A7"
37 "A24"
38 "A38"
39 "A11"
40 "A30"
41 "A39"
42 "A19"
43 "A1"
44 "A5"
45 "A44"
46 "A33"
47 "A9"
48 "A45"
49 "A3"
27
0 44
0 15
0 41
0 26
0 3
0 6
0 1
0 12
0 8
0 25
0 2
0 10
0 21
0 42
0 9
0 34
0 28
0 48
0 19
0 24
0 39
0 37
0 16
0 14
0 38
0 30
0 18
20
1 13
1 31
1 18
1 27
1 40
1 17
1 43
1 10
1 25
1 36
1 42
1 41
1 7
1 46
1 12
1 5
1 38
1 4
1 32
1 15
20
2 12
2 23
2 19
2 47
2 14
2 31
2 16
2 46
2 3
2 13
2 44
2 9
2 4
2 1
2 29
2 49
2 27
2 32
2 30
2 6
19
3 21
3 17
3 7
3 5
3 37
3 9
3 30
3 24
3 32
3 29
3 15
3 8
3 35
3 44
3 23
3 22
3 19
3 1
3 45
19
4 34
4 43
4 47
4 19
4 13
4 0
4 35
4 27
4 48
4 20
4 41
4 40
4 21
4 5
4 11
4 9
4 6
4 12
4 3
19
5 49
5 10
5 46
5 23
5 7
5 33
5 29
5 28
5 2
5 17
5 8
5 35
5 41
5 45
5 16
5 14
5 9
5 37
5 0
20
6 40
6 5
6 46
6 35
6 28
6 36
6 31
6 8
6 32
6 43
6 1
6 38
6 22
6 16
6 39
6 25
6 17
6 18
6 23
6 48
20
7 39
7 15
7 11
7 9
7 44
7 4
7 23
7 20
7 38
7 17
7 19
7 43
7 2
7 32
7 30
7 46
7 10
7 6
7 48
7 0
17
8 35
8 22
8 26
8 29
8 44
8 37
8 14
8 34
8 11
8 7
8 10
8 31
8 32
8 28
8 47
8 2
8 25
19
9 11
9 42
9 46
9 15
9 35
9 30
9 49
9 16
9 1
9 23
9 44
9 29
9 14
9 22
9 39
9 20
9 34
9 38
9 27
18
10 39
10 3
10 45
10 46
10 43
10 38
10 37
10 12
10 48
10 15
10 29
10 9
10 23
10 31
10 25
10 47
10 17
10 4
21
11 40
11 28
11 38
11 12
11 3
11 24
11 16
11 23
11 15
11 6
11 20
11 1
11 34
11 10
11 5
11 44
11 31
11 27
11 21
11 41
11 33
23
12 25
12 16
12 37
12 20
12 45
12 9
12 35
12 43
12 15
12 24
12 14
12 7
12 42
12 48
12 17
12 3
12 23
12 8
12 5
12 36
12 39
12 22
12 40
23
13 5
13 45
13 0
13 14
13 41
13 26
13 42
13 47
13 37
13 15
13 27
13 20
13 7
13 49
13 8
13 21
13 48
13 28
13 17
13 6
13 36
13 3
13 35
11
14 17
14 10
14 1
14 3
14 48
14 44
14 25
14 32
14 15
14 40
14 37
23
15 22
15 28
15 18
15 27
15 38
15 6
15 46
15 48
15 39
15 5
15 17
15 8
15 20
15 36
15 30
15 25
15 4
15 2
15 19
15 21
15 42
15 44
15 49
23
16 35
16 1
16 24
16 20
16 47
16 18
16 27
16 8
16 30
16 31
16 7
16 41
16 13
16 14
16 48
16 37
16 28
16 29
16 17
16 23
16 33
16 4
16 10
19
17 37
17 49
17 47
17 0
17 9
17 34
17 31
17 33
17 30
17 23
17 8
17 19
17 39
17 40
17 32
17 44
17 18
17 4
17 28
18
18 39
18 3
18 7
18 47
18 12
18 26
18 33
18 29
18 32
18 8
18 24
18 21
18 40
18 30
18 10
18 9
18 5
18 2
20
19 41
19 23
19 11
19 35
19 49
19 14
19 5
19 6
19 45
19 25
19 26
19 36
19 28
19 32
19 10
19 12
19 27
19 34
19 16
19 8
20
20 21
20 26
20 5
20 41
20 0
20 48
20 35
20 19
20 1
20 34
20 3
20 25
20 14
20 31
20 8
20 22
20 2
20 38
20 33
20 6
18
21 10
21 24
21 23
21 12
21 2
21 9
21 29
21 33
21 34
21 39
21 41
21 32
21 6
21 45
21 5
21 38
21 48
21 22
21
22 27
22 0
22 43
22 32
22 5
22 16
22 49
22 26
22 13
22 7
22 2
22 10
22 14
22 23
22 36
22 29
22 4
22 37
22 17
22 48
22 34
18
23 43
23 37
23 39
23 31
23 42
23 20
23 4
23 33
23 34
23 40
23 1
23 13
23 44
23 47
23 46
23 29
23 18
23 14
20
24 4
24 13
24 5
24 28
24 20
24 7
24 26
24 42
24 41
24 39
24 10
24 17
24 34
24 14
24 36
24 32
24 1
24 23
24 8
24 22
21
25 5
25 3
25 16
25 33
25 47
25 46
25 29
25 38
25 31
25 32
25 22
25 40
25 18
25 9
25 4
25 44
25 2
25 49
25 24
25 37
25 13
24
26 11
26 6
26 12
26 49
26 41
26 32
26 28
26 48
26 21
26 37
26 38
26 16
26 23
26 25
26 4
26 36
26 33
26 5
26 7
26 46
26 9
26 15
26 1
26 2
18
27 29
27 0
27 36
27 21
27 8
27 18
27 5
27 26
27 12
27 33
27 25
27 30
27 45
27 37
27 34
27 32
27 10
27 3
16
28 18
28 22
28 46
28 25
28 30
28 31
28 1
28 4
28 9
28 21
28 23
28 33
28 3
28 36
28 43
28 10
18
29 43
29 7
29 32
29 0
29 40
29 34
29 44
29 6
29 20
29 48
29 12
29 45
29 24
29 28
29 46
29 11
29 38
29 4
21
30 43
30 8
30 37
30 6
30 40
30 39
30 34
30 19
30 42
30 25
30 20
30 12
30 10
30 21
30 13
30 5
30 32
30 26
30 24
30 46
30 4
19
31 29
31 13
31 30
31 9
31 22
31 27
31 4
31 7
31 19
31 47
31 36
31 33
31 15
31 38
31 14
31 48
31 5
31 12
31 34
20
32 33
32 5
32 41
32 13
32 15
32 0
32 43
32 10
32 16
32 11
32 28
32 39
32 42
32 23
32 44
32 47
32 12
32 48
32 9
32 20
16
33 38
33 19
33 13
33 24
33 34
33 3
33 46
33 7
33 29
33 14
33 6
33 0
33 22
33 2
33 10
33 15
20
34 42
34 32
34 7
34 13
34 44
34 18
34 12
34 3
34 6
34 14
34 39
34 45
34 28
34 25
34 16
34 1
34 47
34 46
34 5
34 10
17
35 34
35 11
35 14
35 36
35 0
35 27
35 45
35 10
35 22
35 33
35 31
35 24
35 28
35 7
35 47
35 25
35 23
22
36 48
36 11
36 23
36 49
36 47
36 17
36 20
36 18
36 16
36 46
36 4
36 14
36 38
36 5
36 9
36 32
36 3
36 10
36 7
36 33
36 44
36 29
19
37 38
37 6
37 19
37 48
37 45
37 29
37 42
37 9
37 28
37 31
37 20
37 34
37 4
37 11
37 2
37 32
37 15
37 49
37 18
18
38 40
38 4
38 13
38 16
38 12
38 30
38 23
38 18
38 39
38 8
38 14
38 2
38 27
38 28
38 3
38 17
38 32
38 34
21
39 48
39 16
39 8
39 13
39 1
39 35
39 20
39 36
39 46
39 26
39 19
39 33
39 44
39 25
39 4
39 28
39 41
39 3
39 14
39 11
39 2
18
40 7
40 33
40 26
40 2
40 34
40 15
40 31
40 24
40 39
40 8
40 41
40 13
40 37
40 42
40 10
40 27
40 35
40 36
22
41 33
41 25
41 49
41 30
41 29
41 36
41 8
41 34
41 12
41 17
41 7
41 42
41 15
41 37
41 38
41 2
41 23
41 3
41 46
41 18
41 14
41 31
19
42 25
42 22
42 10
42 18
42 5
42 26
42 3
42 29
42 2
42 36
42 16
42 33
42 11
42 46
42 27
42 14
42 21
42 8
42 31
22
43 38
43 34
43 3
43 20
43 13
43 27
43 46
43 36
43 39
43 21
43 11
43 25
43 8
43 37
43 35
43 24
43 14
43 26
43 5
43 16
43 49
43 18
19
44 24
44 40
44 31
44 4
44 35
44 42
44 12
44 27
44 20
44 30
44 33
44 6
44 21
44 46
44 22
44 1
44 16
44 26
44 41
28
45 15
45 8
45 6
45 1
45 25
45 24
45 17
45 26
45 43
45 41
45 42
45 32
45 40
45 36
45 16
45 39
45 49
45 9
45 30
45 14
45 31
45 4
45 20
45 38
45 0
45 33
45 7
45 28
11
46 11
46 16
46 13
46 35
46 45
46 40
46 4
46 24
46 8
46 17
46 32
19
47 19
47 45
47 39
47 9
47 26
47 46
47 11
47 29
47 48
47 30
47 24
47 7
47 3
47 44
47 6
47 43
47 12
47 15
47 27
20
48 23
48 18
48 27
48 49
48 30
48 38
48 41
48 19
48 11
48 42
48 46
48 9
48 8
48 5
48 44
48 40
48 1
48 2
48 25
48 24
16
49 42
49 30
49 16
49 1
49 33
49 14
49 0
49 35
49 8
49 40
49 29
49 34
49 28
49 47
49 24
49 27
