50
0 "A27"
1 "A28"
2 "A0"
3 "A4"
4 "A16"
5 "A42"
6 "A14"
7 "A40"
8 "A25"
9 "A12"
10 "A20"
11 "A46"
12 "A13"
13 "A22"
14 "A48"
15 "A2"
16 "A37"
17 "A31"
18 "A29"
19 "A21"
20 "A18"
21 "A23"
22 "A41"
23 "A10"
24 "A15"
25 "A36"
26 "A32"
27 "A17"
28 "A8"
29 "A34"
30 "A47"
31 "A6"
32 "A26"
33 "A35"
34 "A43"
35 "A49"
36 "A7"
37 "A24"
38 "A38"
39 "A11"
40 "A30"
41 "A39"
42 "A19"
43 "A1"
44 "A5"
45 "A44"
46 "A33"
47 "A9"
48 "A45"
49 "A3"
15
0 2
0 14
0 36
0 3
0 13
0 11
0 10
0 40
0 49
0 45
0 31
0 48
0 43
0 25
0 8
24
1 18
1 8
1 27
1 11
1 9
1 29
1 14
1 3
1 25
1 47
1 30
1 21
1 35
1 42
1 12
1 33
1 40
1 28
1 20
1 7
1 0
1 44
1 45
1 19
19
2 6
2 11
2 15
2 44
2 43
2 36
2 46
2 49
2 20
2 26
2 16
2 8
2 34
2 48
2 1
2 18
2 9
2 12
2 35
12
3 2
3 47
3 39
3 41
3 13
3 15
3 26
3 29
3 27
3 43
3 8
3 35
21
4 35
4 46
4 44
4 29
4 8
4 27
4 43
4 20
4 2
4 6
4 5
4 49
4 0
4 14
4 10
4 36
4 1
4 3
4 34
4 18
4 16
18
5 38
5 2
5 44
5 15
5 3
5 12
5 36
5 31
5 45
5 11
5 35
5 6
5 0
5 43
5 10
5 41
5 49
5 16
16
6 16
6 0
6 22
6 30
6 28
6 26
6 1
6 9
6 13
6 42
6 35
6 37
6 36
6 15
6 7
6 34
15
7 15
7 48
7 28
7 0
7 45
7 10
7 35
7 32
7 33
7 14
7 27
7 49
7 22
7 41
7 20
22
8 12
8 11
8 10
8 31
8 13
8 7
8 24
8 27
8 39
8 14
8 33
8 17
8 21
8 16
8 35
8 47
8 6
8 38
8 26
8 9
8 46
8 5
24
9 5
9 35
9 17
9 25
9 33
9 0
9 30
9 22
9 26
9 44
9 36
9 38
9 27
9 42
9 16
9 37
9 23
9 32
9 18
9 21
9 4
9 34
9 7
9 45
22
10 16
10 21
10 15
10 9
10 30
10 20
10 46
10 35
10 1
10 29
10 48
10 40
10 19
10 37
10 13
10 25
10 33
10 39
10 28
10 11
10 36
10 42
20
11 36
11 37
11 15
11 6
11 49
11 19
11 30
11 41
11 42
11 35
11 9
11 26
11 40
11 3
11 13
11 7
11 31
11 23
11 29
11 24
23
12 30
12 49
12 18
12 17
12 22
12 4
12 40
12 10
12 47
12 45
12 16
12 20
12 9
12 28
12 37
12 24
12 43
12 7
12 26
12 13
12 46
12 34
12 0
23
13 39
13 38
13 2
13 42
13 47
13 1
13 37
13 30
13 9
13 16
13 43
13 35
13 46
13 15
13 21
13 4
13 33
13 29
13 7
13 31
13 5
13 28
13 22
26
14 31
14 10
14 22
14 37
14 2
14 24
14 3
14 42
14 13
14 40
14 6
14 35
14 41
14 47
14 29
14 9
14 43
14 32
14 38
14 36
14 25
14 5
14 33
14 26
14 46
14 17
24
15 16
15 28
15 30
15 17
15 35
15 38
15 31
15 21
15 26
15 25
15 18
15 8
15 27
15 14
15 4
15 36
15 0
15 40
15 43
15 41
15 37
15 9
15 12
15 19
17
16 26
16 1
16 42
16 7
16 0
16 17
16 38
16 21
16 44
16 30
16 43
16 34
16 20
16 22
16 32
16 19
16 48
21
17 11
17 18
17 28
17 42
17 37
17 29
17 4
17 2
17 24
17 10
17 19
17 44
17 6
17 35
17 22
17 39
17 0
17 34
17 43
17 45
17 30
21
18 6
18 39
18 8
18 21
18 35
18 5
18 0
18 37
18 36
18 24
18 42
18 16
18 20
18 14
18 48
18 34
18 11
18 43
18 19
18 40
18 46
21
19 44
19 0
19 26
19 47
19 25
19 49
19 34
19 8
19 13
19 22
19 3
19 29
19 31
19 42
19 4
19 24
19 45
19 23
19 5
19 2
19 9
19
20 23
20 5
20 15
20 22
20 41
20 11
20 46
20 17
20 31
20 27
20 36
20 37
20 38
20 19
20 6
20 9
20 30
20 45
20 3
20
21 44
21 12
21 2
21 29
21 43
21 14
21 41
21 6
21 0
21 49
21 30
21 5
21 40
21 17
21 36
21 20
21 19
21 26
21 7
21 4
20
22 25
22 28
22 39
22 34
22 15
22 46
22 1
22 3
22 4
22 41
22 38
22 11
22 37
22 36
22 48
22 2
22 24
22 18
22 44
22 42
24
23 17
23 14
23 8
23 41
23 21
23 15
23 44
23 40
23 35
23 45
23 37
23 47
23 48
23 18
23 7
23 12
23 42
23 16
23 30
23 3
23 31
23 4
23 0
23 24
14
24 36
24 1
24 20
24 16
24 40
24 0
24 32
24 42
24 3
24 48
24 41
24 31
24 47
24 29
19
25 35
25 12
25 7
25 27
25 13
25 23
25 20
25 16
25 46
25 17
25 34
25 3
25 5
25 48
25 21
25 2
25 8
25 44
25 18
23
26 20
26 32
26 24
26 10
26 31
26 1
26 28
26 40
26 49
26 35
26 29
26 44
26 0
26 13
26 41
26 25
26 47
26 34
26 30
26 4
26 27
26 17
26 5
18
27 19
27 49
27 5
27 41
27 17
27 10
27 13
27 2
27 22
27 24
27 6
27 48
27 0
27 46
27 32
27 16
27 29
27 38
18
28 25
28 40
28 14
28 35
28 41
28 27
28 48
28 24
28 9
28 31
28 45
28 23
28 21
28 2
28 0
28 38
28 36
28 18
13
29 0
29 35
29 46
29 16
29 25
29 8
29 22
29 43
29 18
29 36
29 47
29 7
29 48
24
30 46
30 0
30 8
30 14
30 3
30 42
30 28
30 2
30 31
30 4
30 41
30 36
30 27
30 45
30 43
30 37
30 18
30 40
30 49
30 47
30 32
30 7
30 25
30 39
20
31 18
31 43
31 25
31 35
31 2
31 36
31 22
31 47
31 12
31 29
31 38
31 49
31 32
31 44
31 45
31 17
31 16
31 21
31 7
31 1
22
32 25
32 0
32 29
32 18
32 41
32 10
32 17
32 12
32 3
32 49
32 8
32 11
32 33
32 47
32 21
32 39
32 28
32 45
32 2
32 6
32 44
32 4
23
33 6
33 26
33 27
33 0
33 12
33 45
33 5
33 19
33 30
33 18
33 44
33 16
33 2
33 43
33 41
33 11
33 21
33 28
33 22
33 40
33 48
33 4
33 46
18
34 48
34 40
34 33
34 7
34 37
34 24
34 3
34 27
34 36
34 23
34 28
34 44
34 15
34 32
34 10
34 8
34 1
34 42
14
35 20
35 49
35 39
35 30
35 36
35 41
35 37
35 16
35 34
35 47
35 22
35 27
35 46
35 48
13
36 17
36 12
36 7
36 26
36 33
36 49
36 40
36 23
36 39
36 13
36 1
36 19
36 37
16
37 46
37 33
37 21
37 48
37 43
37 24
37 5
37 3
37 32
37 7
37 45
37 2
37 8
37 1
37 0
37 26
18
38 19
38 35
38 29
38 18
38 25
38 4
38 49
38 12
38 36
38 7
38 34
38 6
38 40
38 1
38 17
38 47
38 0
38 10
26
39 9
39 16
39 26
39 6
39 46
39 40
39 14
39 29
39 33
39 47
39 44
39 5
39 25
39 20
39 27
39 37
39 1
39 11
39 45
39 21
39 15
39 4
39 34
39 38
39 31
39 49
15
40 20
40 8
40 32
40 43
40 19
40 6
40 7
40 17
40 48
40 4
40 22
40 35
40 37
40 3
40 9
21
41 40
41 43
41 25
41 17
41 1
41 37
41 9
41 16
41 38
41 36
41 34
41 10
41 31
41 19
41 47
41 4
41 13
41 39
41 18
41 12
41 2
22
42 2
42 31
42 32
42 7
42 25
42 21
42 28
42 0
42 35
42 5
42 36
42 37
42 27
42 44
42 41
42 47
42 33
42 29
42 20
42 4
42 40
42 38
23
43 32
43 25
43 39
43 6
43 35
43 26
43 22
43 20
43 23
43 46
43 9
43 49
43 28
43 7
43 34
43 24
43 10
43 45
43 1
43 38
43 8
43 19
43 48
17
44 24
44 48
44 27
44 30
44 8
44 49
44 10
44 14
44 43
44 7
44 12
44 36
44 35
44 28
44 13
44 6
44 37
20
45 41
45 14
45 16
45 49
45 3
45 29
45 15
45 44
45 4
45 10
45 25
45 36
45 8
45 6
45 11
45 26
45 22
45 35
45 40
45 38
22
46 24
46 15
46 45
46 47
46 28
46 0
46 19
46 16
46 9
46 38
46 1
46 7
46 48
46 42
46 26
46 40
46 31
46 21
46 44
46 3
46 32
46 17
20
47 43
47 27
47 20
47 44
47 45
47 21
47 18
47 5
47 6
47 34
47 4
47 33
47 40
47 15
47 25
47 36
47 0
47 11
47 2
47 28
16
48 8
48 5
48 26
48 3
48 14
48 38
48 15
48 42
48 32
48 20
48 17
48 41
48 4
48 47
48 45
48 11
18
49 29
49 14
49 8
49 46
49 37
49 3
49 6
49 33
49 17
49 24
49 48
49 23
49 28
49 41
49 22
49 1
49 34
49 9
