50
0 "A27"
1 "A28"
2 "A0"
3 "A4"
4 "A16"
5 "A42"
6 "A14"
7 "A40"
8 "A25"
9 "A12"
10 "A20"
11 "A46"
12 "A13"
13 "A22"
14 "A48"
15 "A2"
16 "A37"
17 "A31"
18 "A29"
19 "A21"
20 "A18"
21 "A23"
22 "A41"
23 "A10"
24 "A15"
25 "A36"
26 "A32"
27 "A17"
28 "A8"
29 "A34"
30 "A47"
31 "A6"
32 "A26"
33 "A35"
34 "A43"
35 "A49"
36 "A7"
37 "A24"
38 "A38"
39 "A11"
40 "A30"
41 "A39"
42 "A19"
43 "A1"
44 "A5"
45 "A44"
46 "A33"
47 "A9"
48 "A45"
49 "A3"
16
0 10
0 14
0 47
0 41
0 34
0 40
0 48
0 29
0 33
0 45
0 26
0 28
0 43
0 27
0 25
0 24
17
1 32
1 19
1 30
1 0
1 41
1 6
1 37
1 23
1 21
1 26
1 20
1 25
1 14
1 28
1 42
1 15
1 35
19
2 16
2 11
2 8
2 36
2 6
2 45
2 38
2 0
2 20
2 1
2 35
2 32
2 27
2 5
2 18
2 46
2 30
2 44
2 34
22
3 2
3 14
3 46
3 33
3 6
3 9
3 15
3 26
3 47
3 17
3 13
3 1
3 31
3 0
3 38
3 21
3 7
3 43
3 30
3 27
3 25
3 24
24
4 48
4 10
4 8
4 29
4 34
4 0
4 42
4 20
4 36
4 33
4 6
4 11
4 3
4 14
4 18
4 31
4 46
4 9
4 35
4 17
4 49
4 25
4 1
4 27
13
5 11
5 3
5 49
5 16
5 43
5 26
5 0
5 48
5 4
5 42
5 1
5 27
5 41
26
6 12
6 29
6 22
6 26
6 20
6 49
6 46
6 30
6 44
6 18
6 37
6 19
6 14
6 10
6 8
6 31
6 7
6 40
6 32
6 15
6 34
6 13
6 5
6 0
6 35
6 25
17
7 41
7 35
7 10
7 45
7 40
7 49
7 33
7 43
7 1
7 0
7 4
7 37
7 5
7 14
7 2
7 27
7 15
17
8 36
8 35
8 46
8 11
8 39
8 43
8 7
8 14
8 23
8 17
8 47
8 13
8 25
8 37
8 24
8 19
8 38
22
9 40
9 32
9 12
9 44
9 14
9 38
9 28
9 1
9 7
9 25
9 26
9 30
9 45
9 35
9 16
9 36
9 11
9 18
9 10
9 15
9 27
9 6
16
10 2
10 3
10 1
10 48
10 41
10 19
10 30
10 22
10 46
10 15
10 21
10 42
10 5
10 39
10 11
10 31
20
11 34
11 23
11 26
11 19
11 42
11 18
11 24
11 3
11 35
11 40
11 7
11 0
11 48
11 15
11 12
11 33
11 1
11 13
11 31
11 29
25
12 45
12 49
12 31
12 24
12 38
12 5
12 42
12 21
12 8
12 39
12 43
12 0
12 29
12 7
12 28
12 22
12 33
12 13
12 3
12 19
12 14
12 32
12 47
12 16
12 20
18
13 42
13 48
13 37
13 17
13 44
13 40
13 5
13 28
13 38
13 9
13 29
13 20
13 25
13 26
13 46
13 30
13 35
13 7
20
14 33
14 2
14 20
14 37
14 44
14 13
14 31
14 39
14 46
14 25
14 5
14 19
14 36
14 18
14 45
14 40
14 10
14 30
14 17
14 41
25
15 12
15 21
15 13
15 16
15 25
15 42
15 35
15 0
15 20
15 43
15 33
15 29
15 38
15 40
15 5
15 46
15 41
15 37
15 27
15 23
15 4
15 2
15 14
15 32
15 18
16
16 43
16 3
16 34
16 4
16 11
16 48
16 13
16 35
16 8
16 42
16 37
16 6
16 10
16 17
16 27
16 38
19
17 12
17 31
17 18
17 40
17 28
17 46
17 42
17 10
17 21
17 44
17 11
17 39
17 35
17 34
17 5
17 7
17 0
17 2
17 48
24
18 3
18 22
18 38
18 7
18 5
18 46
18 39
18 29
18 48
18 36
18 20
18 41
18 16
18 13
18 27
18 37
18 0
18 19
18 40
18 43
18 1
18 32
18 49
18 42
19
19 25
19 13
19 47
19 32
19 4
19 3
19 5
19 34
19 48
19 43
19 45
19 31
19 49
19 2
19 28
19 42
19 0
19 15
19 44
21
20 26
20 28
20 36
20 30
20 37
20 40
20 21
20 48
20 22
20 5
20 17
20 32
20 39
20 27
20 9
20 7
20 11
20 23
20 3
20 19
20 38
19
21 14
21 26
21 5
21 37
21 44
21 45
21 29
21 2
21 7
21 42
21 40
21 49
21 27
21 24
21 6
21 9
21 8
21 43
21 13
26
22 21
22 41
22 39
22 11
22 47
22 9
22 48
22 14
22 49
22 3
22 4
22 34
22 13
22 8
22 0
22 30
22 17
22 23
22 16
22 40
22 38
22 1
22 44
22 2
22 7
22 5
21
23 48
23 16
23 29
23 17
23 25
23 0
23 14
23 45
23 18
23 46
23 26
23 28
23 3
23 33
23 21
23 12
23 4
23 9
23 13
23 31
23 7
25
24 42
24 20
24 18
24 45
24 37
24 7
24 1
24 23
24 25
24 39
24 16
24 14
24 36
24 43
24 38
24 13
24 2
24 35
24 47
24 41
24 31
24 4
24 6
24 22
24 49
17
25 27
25 35
25 21
25 30
25 5
25 2
25 39
25 33
25 32
25 7
25 44
25 18
25 17
25 16
25 48
25 22
25 11
22
26 49
26 32
26 16
26 22
26 34
26 38
26 24
26 43
26 14
26 4
26 48
26 18
26 30
26 25
26 35
26 41
26 10
26 47
26 44
26 42
26 15
26 27
23
27 49
27 8
27 10
27 1
27 42
27 29
27 44
27 24
27 17
27 45
27 13
27 34
27 39
27 23
27 19
27 22
27 48
27 12
27 47
27 36
27 6
27 11
27 38
19
28 31
28 41
28 27
28 39
28 33
28 14
28 15
28 4
28 49
28 45
28 30
28 11
28 38
28 6
28 21
28 25
28 44
28 22
28 5
24
29 33
29 19
29 44
29 35
29 25
29 8
29 17
29 2
29 48
29 38
29 22
29 1
29 28
29 16
29 20
29 26
29 43
29 46
29 47
29 24
29 37
29 30
29 7
29 3
21
30 15
30 40
30 36
30 27
30 35
30 7
30 0
30 5
30 17
30 49
30 11
30 45
30 16
30 8
30 43
30 42
30 21
30 23
30 4
30 47
30 48
21
31 46
31 16
31 38
31 25
31 27
31 2
31 13
31 37
31 33
31 47
31 7
31 22
31 35
31 18
31 45
31 9
31 5
31 0
31 20
31 26
31 43
24
32 5
32 14
32 10
32 44
32 0
32 27
32 23
32 22
32 13
32 35
32 4
32 41
32 29
32 30
32 46
32 39
32 45
32 33
32 36
32 28
32 49
32 47
32 16
32 17
18
33 13
33 22
33 48
33 44
33 16
33 6
33 42
33 40
33 20
33 27
33 10
33 43
33 5
33 45
33 21
33 38
33 26
33 47
19
34 23
34 8
34 39
34 7
34 48
34 1
34 42
34 36
34 31
34 3
34 33
34 41
34 25
34 15
34 30
34 37
34 5
34 44
34 9
15
35 41
35 47
35 39
35 42
35 12
35 33
35 34
35 23
35 21
35 18
35 0
35 27
35 10
35 14
35 20
22
36 17
36 6
36 0
36 12
36 3
36 19
36 1
36 45
36 25
36 22
36 46
36 31
36 43
36 39
36 33
36 38
36 7
36 26
36 13
36 40
36 29
36 11
20
37 3
37 19
37 23
37 5
37 36
37 26
37 27
37 12
37 33
37 2
37 30
37 39
37 22
37 10
37 35
37 42
37 49
37 11
37 46
37 0
18
38 7
38 40
38 47
38 11
38 30
38 32
38 14
38 21
38 25
38 1
38 17
38 0
38 37
38 4
38 10
38 6
38 45
38 5
19
39 2
39 49
39 44
39 31
39 16
39 15
39 45
39 23
39 0
39 48
39 9
39 11
39 1
39 3
39 42
39 40
39 30
39 6
39 33
16
40 8
40 26
40 47
40 43
40 35
40 37
40 34
40 28
40 3
40 4
40 27
40 12
40 25
40 24
40 29
40 1
20
41 38
41 8
41 2
41 27
41 47
41 40
41 39
41 33
41 13
41 17
41 19
41 21
41 48
41 3
41 31
41 6
41 29
41 16
41 37
41 46
14
42 22
42 2
42 46
42 14
42 41
42 36
42 47
42 32
42 0
42 8
42 29
42 28
42 45
42 23
19
43 49
43 27
43 2
43 1
43 28
43 41
43 34
43 35
43 25
43 47
43 46
43 17
43 11
43 9
43 48
43 14
43 23
43 45
43 4
21
44 38
44 7
44 3
44 36
44 10
44 0
44 1
44 47
44 4
44 35
44 49
44 12
44 37
44 40
44 43
44 46
44 30
44 48
44 24
44 11
44 31
18
45 20
45 6
45 25
45 11
45 46
45 22
45 15
45 41
45 47
45 26
45 4
45 40
45 35
45 10
45 8
45 5
45 29
45 18
18
46 28
46 38
46 30
46 26
46 22
46 33
46 7
46 20
46 47
46 0
46 35
46 34
46 48
46 12
46 9
46 11
46 24
46 19
11
47 17
47 18
47 28
47 2
47 1
47 11
47 10
47 20
47 37
47 6
47 13
14
48 35
48 7
48 3
48 15
48 14
48 1
48 24
48 6
48 45
48 47
48 8
48 9
48 2
48 38
20
49 17
49 34
49 42
49 23
49 16
49 40
49 14
49 41
49 45
49 3
49 13
49 47
49 25
49 2
49 29
49 35
49 15
49 48
49 10
49 1
