50
0 "A27"
1 "A28"
2 "A0"
3 "A4"
4 "A16"
5 "A42"
6 "A14"
7 "A40"
8 "A25"
9 "A12"
10 "A20"
11 "A46"
12 "A13"
13 "A22"
14 "A48"
15 "A2"
16 "A37"
17 "A31"
18 "A29"
19 "A21"
20 "A18"
21 "A23"
22 "A41"
23 "A10"
24 "A15"
25 "A36"
26 "A32"
27 "A17"
28 "A8"
29 "A34"
30 "A47"
31 "A6"
32 "A26"
33 "A35"
34 "A43"
35 "A49"
36 "A7"
37 "A24"
38 "A38"
39 "A11"
40 "A30"
41 "A39"
42 "A19"
43 "A1"
44 "A5"
45 "A44"
46 "A33"
47 "A9"
48 "A45"
49 "A3"
21
0 9
0 32
0 42
0 28
0 40
0 31
0 39
0 20
0 27
0 16
0 45
0 8
0 3
0 34
0 2
0 25
0 36
0 10
0 29
0 49
0 6
20
1 29
1 44
1 21
1 0
1 36
1 28
1 47
1 4
1 45
1 49
1 13
1 35
1 42
1 37
1 18
1 48
1 41
1 26
1 22
1 34
24
2 12
2 1
2 24
2 46
2 20
2 48
2 40
2 41
2 8
2 38
2 11
2 27
2 15
2 7
2 4
2 19
2 33
2 44
2 30
2 21
2 17
2 22
2 45
2 25
18
3 19
3 2
3 30
3 37
3 28
3 42
3 11
3 13
3 4
3 46
3 7
3 27
3 1
3 5
3 40
3 34
3 16
3 29
17
4 12
4 11
4 42
4 18
4 20
4 13
4 6
4 0
4 35
4 17
4 31
4 36
4 37
4 39
4 40
4 9
4 48
17
5 4
5 1
5 44
5 38
5 7
5 2
5 34
5 33
5 46
5 11
5 16
5 18
5 19
5 23
5 13
5 10
5 26
18
6 46
6 29
6 14
6 5
6 35
6 45
6 27
6 48
6 3
6 24
6 13
6 20
6 23
6 34
6 28
6 22
6 36
6 49
15
7 15
7 37
7 13
7 1
7 31
7 27
7 47
7 17
7 9
7 25
7 16
7 49
7 4
7 30
7 40
19
8 6
8 15
8 7
8 48
8 45
8 11
8 22
8 18
8 30
8 43
8 21
8 5
8 42
8 20
8 35
8 3
8 12
8 25
8 1
16
9 46
9 5
9 37
9 22
9 8
9 34
9 20
9 16
9 13
9 11
9 1
9 12
9 27
9 6
9 3
9 25
22
10 32
10 6
10 4
10 12
10 3
10 13
10 43
10 9
10 8
10 29
10 49
10 24
10 41
10 20
10 48
10 7
10 45
10 19
10 21
10 25
10 2
10 17
17
11 46
11 12
11 39
11 47
11 6
11 22
11 31
11 10
11 29
11 36
11 45
11 30
11 33
11 34
11 7
11 14
11 49
17
12 32
12 19
12 40
12 16
12 37
12 39
12 18
12 17
12 5
12 1
12 6
12 0
12 36
12 47
12 31
12 42
12 48
25
13 8
13 18
13 32
13 36
13 16
13 39
13 33
13 23
13 19
13 22
13 25
13 21
13 31
13 12
13 17
13 27
13 26
13 0
13 11
13 30
13 42
13 20
13 34
13 2
13 41
19
14 39
14 42
14 5
14 12
14 23
14 35
14 26
14 20
14 36
14 24
14 4
14 29
14 3
14 9
14 0
14 33
14 22
14 2
14 7
29
15 22
15 13
15 10
15 21
15 39
15 34
15 24
15 31
15 44
15 29
15 4
15 9
15 0
15 14
15 33
15 48
15 6
15 17
15 25
15 18
15 1
15 19
15 32
15 5
15 42
15 20
15 30
15 41
15 3
19
16 42
16 22
16 38
16 2
16 15
16 45
16 10
16 4
16 34
16 35
16 14
16 40
16 1
16 30
16 21
16 31
16 8
16 26
16 32
18
17 9
17 21
17 6
17 32
17 39
17 27
17 14
17 23
17 0
17 18
17 34
17 47
17 22
17 8
17 5
17 28
17 43
17 11
15
18 37
18 9
18 42
18 16
18 2
18 22
18 7
18 38
18 35
18 3
18 28
18 49
18 40
18 10
18 46
21
19 18
19 25
19 38
19 23
19 39
19 11
19 4
19 32
19 41
19 8
19 27
19 46
19 49
19 14
19 16
19 21
19 28
19 30
19 1
19 35
19 0
21
20 28
20 43
20 29
20 36
20 39
20 17
20 18
20 31
20 42
20 5
20 47
20 7
20 27
20 48
20 37
20 11
20 3
20 1
20 38
20 40
20 44
22
21 3
21 20
21 18
21 26
21 14
21 9
21 27
21 0
21 28
21 35
21 24
21 31
21 33
21 5
21 40
21 43
21 49
21 25
21 32
21 47
21 30
21 12
23
22 25
22 42
22 46
22 49
22 19
22 7
22 24
22 41
22 20
22 29
22 3
22 27
22 23
22 0
22 4
22 36
22 45
22 10
22 28
22 32
22 33
22 37
22 34
20
23 48
23 44
23 4
23 47
23 27
23 32
23 31
23 1
23 20
23 24
23 41
23 8
23 34
23 21
23 25
23 2
23 30
23 42
23 33
23 7
15
24 12
24 43
24 29
24 11
24 7
24 9
24 26
24 1
24 25
24 13
24 44
24 3
24 19
24 35
24 20
18
25 12
25 41
25 20
25 38
25 28
25 27
25 39
25 6
25 4
25 14
25 37
25 29
25 48
25 18
25 35
25 1
25 32
25 11
15
26 31
26 7
26 25
26 32
26 30
26 42
26 41
26 15
26 12
26 27
26 45
26 44
26 10
26 18
26 3
14
27 12
27 35
27 18
27 16
27 32
27 42
27 39
27 37
27 28
27 29
27 5
27 34
27 4
27 47
17
28 30
28 29
28 2
28 49
28 41
28 26
28 10
28 24
28 9
28 37
28 13
28 47
28 38
28 34
28 15
28 46
28 23
18
29 44
29 21
29 18
29 45
29 23
29 8
29 48
29 13
29 19
29 38
29 2
29 7
29 5
29 30
29 16
29 31
29 42
29 4
19
30 0
30 27
30 9
30 22
30 4
30 46
30 18
30 40
30 38
30 48
30 1
30 14
30 24
30 33
30 25
30 41
30 12
30 6
30 44
20
31 14
31 24
31 3
31 27
31 45
31 30
31 35
31 47
31 41
31 9
31 34
31 1
31 17
31 5
31 32
31 49
31 25
31 6
31 22
31 19
18
32 44
32 4
32 8
32 9
32 11
32 29
32 24
32 38
32 7
32 35
32 40
32 36
32 47
32 5
32 6
32 34
32 2
32 1
26
33 6
33 1
33 40
33 24
33 27
33 10
33 19
33 25
33 9
33 29
33 4
33 43
33 38
33 46
33 44
33 7
33 12
33 20
33 28
33 47
33 26
33 39
33 31
33 0
33 32
33 18
23
34 4
34 30
34 36
34 49
34 10
34 26
34 39
34 45
34 8
34 25
34 7
34 2
34 47
34 29
34 12
34 46
34 18
34 48
34 21
34 33
34 20
34 41
34 43
17
35 17
35 44
35 20
35 28
35 34
35 43
35 11
35 5
35 38
35 40
35 23
35 47
35 13
35 37
35 9
35 15
35 12
20
36 33
36 28
36 3
36 18
36 29
36 31
36 9
36 41
36 26
36 35
36 19
36 2
36 8
36 23
36 15
36 45
36 27
36 30
36 43
36 49
21
37 41
37 0
37 11
37 17
37 5
37 10
37 47
37 36
37 2
37 31
37 30
37 43
37 38
37 46
37 33
37 13
37 8
37 14
37 21
37 34
37 42
21
38 14
38 36
38 23
38 6
38 3
38 24
38 1
38 26
38 12
38 39
38 46
38 13
38 22
38 4
38 17
38 0
38 48
38 47
38 15
38 8
38 27
18
39 44
39 3
39 31
39 24
39 2
39 30
39 21
39 8
39 41
39 9
39 37
39 28
39 10
39 47
39 16
39 22
39 26
39 1
19
40 42
40 36
40 37
40 28
40 24
40 49
40 47
40 15
40 10
40 26
40 8
40 46
40 14
40 44
40 39
40 22
40 48
40 34
40 1
25
41 7
41 43
41 48
41 24
41 42
41 45
41 21
41 35
41 27
41 17
41 40
41 33
41 0
41 16
41 5
41 44
41 38
41 49
41 32
41 29
41 18
41 9
41 6
41 20
41 3
17
42 19
42 11
42 25
42 9
42 28
42 5
42 10
42 32
42 6
42 7
42 34
42 45
42 35
42 30
42 17
42 39
42 46
24
43 44
43 19
43 22
43 9
43 45
43 28
43 47
43 42
43 0
43 23
43 4
43 32
43 25
43 2
43 11
43 39
43 30
43 49
43 7
43 48
43 5
43 6
43 18
43 16
19
44 8
44 22
44 12
44 25
44 13
44 28
44 16
44 34
44 18
44 21
44 7
44 9
44 0
44 6
44 37
44 31
44 38
44 48
44 11
20
45 44
45 12
45 23
45 25
45 24
45 13
45 21
45 32
45 30
45 28
45 27
45 37
45 35
45 15
45 33
45 19
45 3
45 5
45 39
45 20
20
46 10
46 14
46 13
46 20
46 7
46 26
46 23
46 31
46 12
46 1
46 41
46 25
46 29
46 16
46 43
46 15
46 32
46 39
46 27
46 35
21
47 18
47 19
47 46
47 30
47 36
47 9
47 15
47 8
47 26
47 25
47 22
47 49
47 2
47 10
47 42
47 24
47 41
47 45
47 48
47 14
47 13
20
48 5
48 33
48 36
48 35
48 11
48 28
48 22
48 39
48 14
48 9
48 27
48 7
48 16
48 0
48 37
48 46
48 21
48 42
48 32
48 31
22
49 39
49 8
49 26
49 46
49 17
49 29
49 15
49 44
49 37
49 30
49 48
49 12
49 4
49 14
49 5
49 38
49 9
49 23
49 20
49 42
49 16
49 3
