50
0 "A27"
1 "A28"
2 "A0"
3 "A4"
4 "A16"
5 "A42"
6 "A14"
7 "A40"
8 "A25"
9 "A12"
10 "A20"
11 "A46"
12 "A13"
13 "A22"
14 "A48"
15 "A2"
16 "A37"
17 "A31"
18 "A29"
19 "A21"
20 "A18"
21 "A23"
22 "A41"
23 "A10"
24 "A15"
25 "A36"
26 "A32"
27 "A17"
28 "A8"
29 "A34"
30 "A47"
31 "A6"
32 "A26"
33 "A35"
34 "A43"
35 "A49"
36 "A7"
37 "A24"
38 "A38"
39 "A11"
40 "A30"
41 "A39"
42 "A19"
43 "A1"
44 "A5"
45 "A44"
46 "A33"
47 "A9"
48 "A45"
49 "A3"
17
0 15
0 12
0 19
0 18
0 31
0 1
0 48
0 34
0 29
0 44
0 6
0 28
0 14
0 7
0 9
0 32
0 38
21
1 19
1 38
1 5
1 40
1 28
1 22
1 26
1 30
1 44
1 29
1 7
1 8
1 25
1 13
1 16
1 37
1 35
1 48
1 34
1 39
1 2
23
2 42
2 7
2 25
2 15
2 13
2 9
2 17
2 27
2 31
2 26
2 47
2 48
2 23
2 35
2 43
2 12
2 20
2 40
2 14
2 33
2 24
2 41
2 19
22
3 14
3 49
3 43
3 27
3 1
3 30
3 4
3 15
3 19
3 0
3 21
3 18
3 32
3 39
3 9
3 45
3 31
3 6
3 47
3 13
3 8
3 16
18
4 1
4 35
4 26
4 6
4 5
4 42
4 0
4 16
4 46
4 43
4 31
4 2
4 34
4 12
4 49
4 33
4 9
4 48
18
5 43
5 19
5 34
5 39
5 28
5 12
5 41
5 47
5 16
5 2
5 30
5 0
5 11
5 27
5 24
5 25
5 17
5 33
24
6 44
6 25
6 38
6 14
6 21
6 36
6 46
6 33
6 17
6 27
6 5
6 23
6 2
6 41
6 1
6 15
6 37
6 49
6 10
6 26
6 9
6 12
6 42
6 43
18
7 26
7 21
7 18
7 45
7 41
7 22
7 19
7 14
7 13
7 6
7 30
7 35
7 3
7 48
7 12
7 23
7 32
7 44
17
8 4
8 19
8 2
8 45
8 49
8 5
8 30
8 7
8 36
8 6
8 12
8 21
8 20
8 0
8 10
8 26
8 46
15
9 23
9 20
9 18
9 30
9 15
9 38
9 13
9 1
9 31
9 8
9 21
9 41
9 7
9 46
9 25
26
10 31
10 19
10 4
10 47
10 30
10 39
10 7
10 1
10 48
10 25
10 26
10 3
10 36
10 24
10 40
10 14
10 2
10 16
10 46
10 33
10 0
10 44
10 17
10 9
10 21
10 43
22
11 22
11 40
11 10
11 8
11 20
11 0
11 18
11 41
11 9
11 27
11 30
11 4
11 7
11 14
11 28
11 1
11 43
11 38
11 13
11 49
11 31
11 36
25
12 29
12 44
12 11
12 26
12 43
12 21
12 23
12 28
12 16
12 15
12 36
12 17
12 22
12 30
12 20
12 39
12 18
12 33
12 47
12 41
12 10
12 48
12 49
12 34
12 46
13
13 5
13 37
13 46
13 19
13 32
13 10
13 6
13 17
13 39
13 18
13 12
13 8
13 16
22
14 19
14 29
14 17
14 1
14 5
14 39
14 35
14 42
14 41
14 48
14 9
14 28
14 37
14 24
14 12
14 49
14 16
14 38
14 43
14 30
14 36
14 21
16
15 8
15 30
15 36
15 41
15 5
15 48
15 4
15 26
15 24
15 32
15 25
15 14
15 45
15 47
15 7
15 22
14
16 9
16 2
16 27
16 15
16 45
16 0
16 7
16 43
16 19
16 25
16 11
16 33
16 29
16 32
23
17 9
17 36
17 48
17 32
17 8
17 42
17 7
17 46
17 44
17 38
17 3
17 47
17 24
17 21
17 49
17 45
17 37
17 20
17 16
17 25
17 15
17 27
17 29
23
18 37
18 44
18 1
18 38
18 25
18 17
18 19
18 20
18 15
18 21
18 2
18 14
18 39
18 35
18 5
18 8
18 10
18 43
18 31
18 4
18 49
18 24
18 28
20
19 30
19 45
19 4
19 31
19 42
19 29
19 17
19 43
19 26
19 33
19 39
19 22
19 15
19 49
19 48
19 40
19 20
19 36
19 12
19 24
22
20 0
20 7
20 24
20 38
20 26
20 4
20 10
20 21
20 1
20 27
20 15
20 46
20 13
20 42
20 30
20 40
20 6
20 37
20 3
20 32
20 29
20 16
12
21 22
21 30
21 0
21 16
21 26
21 34
21 40
21 15
21 4
21 2
21 43
21 23
16
22 26
22 30
22 48
22 10
22 37
22 38
22 36
22 0
22 27
22 6
22 4
22 3
22 9
22 5
22 28
22 17
22
23 11
23 15
23 10
23 4
23 8
23 24
23 14
23 19
23 49
23 3
23 1
23 44
23 25
23 13
23 41
23 20
23 27
23 28
23 30
23 18
23 0
23 34
17
24 7
24 40
24 45
24 4
24 36
24 8
24 13
24 28
24 11
24 16
24 22
24 25
24 0
24 6
24 26
24 21
24 46
18
25 47
25 34
25 4
25 40
25 39
25 21
25 8
25 31
25 30
25 44
25 36
25 38
25 14
25 37
25 48
25 35
25 41
25 12
22
26 13
26 14
26 38
26 28
26 49
26 27
26 17
26 34
26 46
26 0
26 29
26 25
26 23
26 48
26 3
26 40
26 42
26 33
26 35
26 9
26 32
26 43
19
27 24
27 47
27 7
27 37
27 42
27 8
27 43
27 30
27 25
27 36
27 49
27 19
27 4
27 28
27 33
27 1
27 14
27 35
27 12
17
28 9
28 4
28 40
28 21
28 17
28 35
28 20
28 37
28 3
28 45
28 6
28 15
28 10
28 13
28 47
28 49
28 36
23
29 5
29 39
29 43
29 4
29 15
29 2
29 35
29 45
29 24
29 18
29 33
29 32
29 21
29 9
29 38
29 8
29 37
29 11
29 47
29 27
29 36
29 42
29 28
15
30 17
30 28
30 36
30 13
30 31
30 2
30 29
30 48
30 24
30 42
30 37
30 39
30 0
30 34
30 4
20
31 1
31 8
31 21
31 28
31 29
31 26
31 37
31 24
31 5
31 14
31 27
31 13
31 6
31 32
31 46
31 7
31 33
31 49
31 20
31 41
17
32 4
32 18
32 19
32 25
32 2
32 41
32 22
32 9
32 11
32 28
32 33
32 8
32 10
32 6
32 27
32 23
32 5
21
33 30
33 44
33 25
33 22
33 41
33 3
33 46
33 9
33 8
33 18
33 1
33 42
33 40
33 21
33 0
33 48
33 11
33 43
33 17
33 38
33 24
19
34 17
34 28
34 46
34 19
34 8
34 14
34 27
34 24
34 16
34 15
34 3
34 6
34 13
34 41
34 47
34 32
34 9
34 11
34 33
21
35 46
35 22
35 20
35 37
35 31
35 6
35 24
35 12
35 33
35 3
35 9
35 0
35 10
35 34
35 36
35 21
35 17
35 47
35 13
35 19
35 23
20
36 16
36 5
36 4
36 32
36 31
36 39
36 26
36 41
36 33
36 18
36 0
36 3
36 34
36 9
36 42
36 7
36 2
36 1
36 23
36 48
21
37 7
37 3
37 42
37 11
37 47
37 44
37 38
37 36
37 23
37 16
37 10
37 12
37 9
37 41
37 32
37 2
37 34
37 4
37 5
37 49
37 15
11
38 19
38 30
38 2
38 32
38 21
38 36
38 47
38 10
38 4
38 27
38 15
25
39 7
39 9
39 17
39 33
39 4
39 2
39 21
39 38
39 37
39 28
39 47
39 41
39 32
39 43
39 31
39 23
39 44
39 49
39 26
39 40
39 24
39 27
39 6
39 16
39 8
21
40 48
40 15
40 38
40 47
40 4
40 42
40 44
40 8
40 17
40 23
40 45
40 0
40 29
40 3
40 22
40 49
40 12
40 30
40 9
40 36
40 35
23
41 26
41 40
41 35
41 28
41 47
41 3
41 13
41 49
41 19
41 4
41 16
41 30
41 0
41 46
41 1
41 43
41 29
41 8
41 42
41 21
41 45
41 20
41 38
23
42 39
42 23
42 13
42 11
42 12
42 49
42 34
42 22
42 38
42 32
42 48
42 16
42 43
42 10
42 5
42 47
42 1
42 28
42 45
42 15
42 3
42 0
42 9
19
43 9
43 34
43 23
43 7
43 31
43 0
43 38
43 1
43 44
43 37
43 22
43 15
43 25
43 46
43 49
43 36
43 28
43 17
43 32
15
44 22
44 27
44 11
44 24
44 42
44 5
44 30
44 26
44 32
44 2
44 16
44 19
44 8
44 34
44 38
25
45 22
45 26
45 39
45 2
45 38
45 12
45 18
45 13
45 34
45 35
45 27
45 20
45 37
45 4
45 32
45 36
45 5
45 10
45 33
45 9
45 44
45 0
45 47
45 11
45 43
22
46 18
46 21
46 19
46 37
46 0
46 38
46 1
46 3
46 16
46 40
46 14
46 22
46 42
46 11
46 5
46 27
46 29
46 25
46 32
46 2
46 36
46 28
20
47 23
47 48
47 0
47 19
47 13
47 32
47 7
47 8
47 1
47 43
47 11
47 18
47 16
47 14
47 21
47 46
47 49
47 44
47 30
47 9
21
48 8
48 31
48 41
48 5
48 18
48 11
48 24
48 29
48 38
48 3
48 13
48 32
48 35
48 39
48 9
48 45
48 27
48 37
48 23
48 20
48 6
16
49 44
49 35
49 10
49 7
49 38
49 48
49 2
49 34
49 25
49 15
49 9
49 29
49 5
49 36
49 46
49 20
