50
0 "A5"
1 "A18"
2 "A42"
3 "A13"
4 "A26"
5 "A12"
6 "A3"
7 "A38"
8 "A8"
9 "A49"
10 "A1"
11 "A37"
12 "A15"
13 "A19"
14 "A7"
15 "A45"
16 "A25"
17 "A16"
18 "A0"
19 "A32"
20 "A10"
21 "A6"
22 "A9"
23 "A36"
24 "A30"
25 "A4"
26 "A29"
27 "A20"
28 "A47"
29 "A39"
30 "A14"
31 "A28"
32 "A31"
33 "A23"
34 "A34"
35 "A40"
36 "A24"
37 "A43"
38 "A22"
39 "A33"
40 "A2"
41 "A17"
42 "A41"
43 "A11"
44 "A48"
45 "A35"
46 "A27"
47 "A46"
48 "A21"
49 "A44"
23
0 38
0 8
0 40
0 49
0 1
0 23
0 3
0 22
0 2
0 29
0 18
0 28
0 25
0 47
0 7
0 24
0 9
0 44
0 5
0 26
0 20
0 21
0 17
20
1 25
1 39
1 29
1 40
1 8
1 43
1 48
1 21
1 44
1 26
1 10
1 7
1 24
1 37
1 15
1 32
1 4
1 38
1 22
1 18
27
2 14
2 23
2 38
2 3
2 9
2 4
2 41
2 19
2 35
2 44
2 24
2 28
2 39
2 20
2 15
2 12
2 42
2 1
2 17
2 49
2 46
2 13
2 33
2 48
2 32
2 21
2 11
17
3 27
3 41
3 28
3 14
3 24
3 36
3 7
3 9
3 32
3 10
3 31
3 18
3 11
3 45
3 20
3 6
3 1
19
4 19
4 24
4 34
4 47
4 46
4 32
4 29
4 41
4 31
4 23
4 39
4 13
4 28
4 33
4 3
4 42
4 9
4 16
4 35
18
5 34
5 39
5 1
5 26
5 10
5 17
5 30
5 3
5 23
5 49
5 21
5 15
5 14
5 44
5 2
5 20
5 12
5 48
19
6 24
6 26
6 33
6 48
6 20
6 39
6 37
6 32
6 0
6 38
6 2
6 43
6 8
6 11
6 4
6 1
6 29
6 23
6 5
22
7 49
7 5
7 28
7 37
7 16
7 36
7 45
7 8
7 24
7 33
7 40
7 6
7 15
7 18
7 4
7 47
7 39
7 46
7 14
7 22
7 41
7 9
20
8 41
8 3
8 13
8 42
8 20
8 31
8 44
8 45
8 5
8 38
8 49
8 37
8 15
8 26
8 11
8 21
8 22
8 30
8 19
8 32
24
9 13
9 12
9 34
9 36
9 18
9 35
9 39
9 38
9 24
9 16
9 26
9 8
9 1
9 46
9 17
9 23
9 48
9 10
9 33
9 40
9 41
9 28
9 6
9 27
17
10 31
10 16
10 23
10 29
10 25
10 2
10 20
10 22
10 32
10 34
10 46
10 11
10 36
10 41
10 27
10 38
10 7
21
11 23
11 24
11 38
11 9
11 4
11 14
11 7
11 47
11 5
11 30
11 31
11 1
11 42
11 36
11 46
11 26
11 41
11 43
11 13
11 28
11 20
21
12 16
12 34
12 22
12 26
12 39
12 7
12 33
12 35
12 48
12 30
12 21
12 15
12 23
12 10
12 31
12 25
12 8
12 4
12 0
12 38
12 11
19
13 49
13 43
13 45
13 19
13 23
13 10
13 29
13 24
13 7
13 26
13 34
13 0
13 35
13 31
13 12
13 28
13 1
13 33
13 32
21
14 13
14 4
14 33
14 30
14 47
14 21
14 17
14 28
14 9
14 32
14 10
14 49
14 44
14 23
14 0
14 48
14 12
14 1
14 6
14 8
14 39
20
15 31
15 24
15 32
15 28
15 44
15 9
15 13
15 45
15 42
15 37
15 43
15 0
15 10
15 29
15 23
15 34
15 22
15 3
15 38
15 6
20
16 36
16 3
16 8
16 14
16 15
16 38
16 34
16 24
16 30
16 18
16 32
16 1
16 5
16 2
16 6
16 44
16 11
16 37
16 43
16 33
16
17 15
17 25
17 44
17 12
17 23
17 41
17 1
17 33
17 19
17 28
17 24
17 34
17 4
17 30
17 6
17 16
17
18 10
18 29
18 5
18 8
18 21
18 44
18 36
18 6
18 14
18 13
18 31
18 15
18 39
18 43
18 48
18 32
18 34
19
19 3
19 5
19 49
19 27
19 47
19 20
19 18
19 43
19 1
19 38
19 25
19 21
19 7
19 0
19 11
19 15
19 12
19 6
19 46
20
20 21
20 1
20 14
20 28
20 43
20 39
20 23
20 48
20 17
20 16
20 22
20 26
20 27
20 24
20 12
20 44
20 18
20 7
20 46
20 32
17
21 6
21 40
21 45
21 49
21 4
21 48
21 30
21 23
21 3
21 37
21 31
21 26
21 15
21 9
21 35
21 34
21 36
20
22 39
22 47
22 33
22 29
22 44
22 3
22 9
22 40
22 14
22 34
22 18
22 23
22 21
22 5
22 17
22 28
22 13
22 26
22 19
22 2
14
23 8
23 33
23 16
23 49
23 3
23 37
23 18
23 25
23 24
23 27
23 36
23 7
23 48
23 19
16
24 36
24 21
24 8
24 40
24 30
24 27
24 22
24 33
24 14
24 42
24 12
24 39
24 41
24 25
24 43
24 48
21
25 45
25 6
25 32
25 48
25 47
25 21
25 9
25 18
25 34
25 30
25 38
25 33
25 20
25 2
25 43
25 36
25 11
25 49
25 28
25 13
25 8
24
26 34
26 14
26 19
26 27
26 23
26 42
26 25
26 10
26 32
26 44
26 28
26 48
26 18
26 17
26 36
26 4
26 16
26 30
26 45
26 37
26 49
26 2
26 7
26 41
18
27 44
27 7
27 15
27 36
27 17
27 46
27 4
27 41
27 6
27 30
27 2
27 11
27 37
27 39
27 21
27 34
27 47
27 16
19
28 18
28 35
28 23
28 32
28 8
28 5
28 24
28 30
28 6
28 12
28 33
28 49
28 10
28 47
28 39
28 34
28 1
28 41
28 45
23
29 5
29 31
29 26
29 24
29 41
29 35
29 21
29 19
29 47
29 34
29 7
29 3
29 25
29 43
29 45
29 16
29 36
29 11
29 27
29 12
29 28
29 49
29 33
15
30 15
30 22
30 2
30 39
30 43
30 31
30 13
30 6
30 37
30 0
30 29
30 10
30 7
30 9
30 47
16
31 28
31 35
31 26
31 1
31 19
31 37
31 23
31 2
31 14
31 0
31 24
31 48
31 25
31 7
31 22
31 42
23
32 22
32 41
32 46
32 29
32 24
32 27
32 40
32 33
32 7
32 11
32 37
32 19
32 48
32 45
32 35
32 44
32 47
32 21
32 0
32 17
32 31
32 23
32 5
15
33 49
33 18
33 30
33 21
33 44
33 35
33 34
33 38
33 11
33 43
33 26
33 10
33 5
33 3
33 36
16
34 3
34 23
34 32
34 8
34 46
34 48
34 31
34 19
34 14
34 35
34 7
34 6
34 45
34 41
34 11
34 1
20
35 25
35 10
35 44
35 30
35 24
35 17
35 23
35 6
35 16
35 14
35 19
35 8
35 0
35 20
35 45
35 22
35 18
35 11
35 3
35 1
16
36 0
36 14
36 19
36 45
36 39
36 30
36 43
36 28
36 35
36 4
36 12
36 38
36 1
36 48
36 17
36 37
16
37 28
37 11
37 5
37 29
37 19
37 20
37 14
37 47
37 43
37 38
37 35
37 13
37 10
37 4
37 25
37 9
19
38 13
38 48
38 31
38 7
38 30
38 22
38 39
38 20
38 14
38 29
38 17
38 43
38 32
38 18
38 4
38 41
38 28
38 34
38 23
18
39 0
39 23
39 29
39 3
39 48
39 31
39 13
39 16
39 34
39 32
39 35
39 8
39 45
39 10
39 46
39 17
39 15
39 25
26
40 14
40 49
40 31
40 48
40 19
40 29
40 38
40 12
40 25
40 39
40 18
40 17
40 37
40 11
40 2
40 27
40 4
40 36
40 46
40 42
40 30
40 3
40 34
40 13
40 23
40 15
18
41 18
41 25
41 37
41 5
41 36
41 14
41 47
41 20
41 35
41 33
41 19
41 13
41 30
41 0
41 23
41 40
41 45
41 12
25
42 25
42 28
42 21
42 14
42 49
42 0
42 48
42 5
42 18
42 16
42 12
42 47
42 9
42 13
42 37
42 36
42 10
42 29
42 39
42 23
42 30
42 38
42 35
42 7
42 17
20
43 32
43 23
43 41
43 7
43 5
43 12
43 28
43 31
43 22
43 34
43 48
43 9
43 0
43 27
43 14
43 35
43 42
43 26
43 39
43 4
18
44 42
44 38
44 41
44 43
44 13
44 10
44 9
44 11
44 49
44 7
44 23
44 19
44 6
44 31
44 34
44 40
44 48
44 3
25
45 5
45 11
45 10
45 22
45 49
45 9
45 43
45 30
45 14
45 44
45 46
45 1
45 4
45 24
45 19
45 17
45 27
45 0
45 18
45 42
45 40
45 38
45 6
45 31
45 33
20
46 35
46 44
46 16
46 37
46 3
46 42
46 36
46 8
46 24
46 30
46 31
46 18
46 41
46 21
46 38
46 1
46 12
46 17
46 25
46 5
25
47 12
47 1
47 34
47 18
47 31
47 2
47 17
47 24
47 35
47 49
47 46
47 21
47 20
47 9
47 38
47 36
47 44
47 8
47 13
47 39
47 33
47 15
47 5
47 10
47 23
18
48 4
48 17
48 8
48 30
48 46
48 29
48 27
48 37
48 3
48 47
48 10
48 41
48 35
48 28
48 45
48 0
48 7
48 11
19
49 11
49 22
49 27
49 38
49 41
49 15
49 1
49 34
49 20
49 12
49 31
49 35
49 16
49 24
49 37
49 43
49 46
49 30
49 6
