50
0 "A5"
1 "A18"
2 "A42"
3 "A13"
4 "A26"
5 "A12"
6 "A3"
7 "A38"
8 "A8"
9 "A49"
10 "A1"
11 "A37"
12 "A15"
13 "A19"
14 "A7"
15 "A45"
16 "A25"
17 "A16"
18 "A0"
19 "A32"
20 "A10"
21 "A6"
22 "A9"
23 "A36"
24 "A30"
25 "A4"
26 "A29"
27 "A20"
28 "A47"
29 "A39"
30 "A14"
31 "A28"
32 "A31"
33 "A23"
34 "A34"
35 "A40"
36 "A24"
37 "A43"
38 "A22"
39 "A33"
40 "A2"
41 "A17"
42 "A41"
43 "A11"
44 "A48"
45 "A35"
46 "A27"
47 "A46"
48 "A21"
49 "A44"
26
0 1
0 47
0 35
0 9
0 20
0 24
0 16
0 5
0 25
0 19
0 22
0 32
0 12
0 27
0 38
0 7
0 8
0 42
0 4
0 45
0 40
0 41
0 13
0 2
0 36
0 30
16
1 29
1 10
1 33
1 5
1 3
1 6
1 31
1 12
1 8
1 45
1 25
1 14
1 11
1 13
1 43
1 35
19
2 25
2 37
2 33
2 27
2 12
2 18
2 14
2 23
2 15
2 32
2 46
2 4
2 7
2 19
2 38
2 28
2 31
2 35
2 39
24
3 13
3 43
3 7
3 31
3 25
3 0
3 28
3 36
3 2
3 40
3 6
3 12
3 45
3 46
3 38
3 22
3 32
3 37
3 4
3 23
3 11
3 20
3 48
3 35
23
4 25
4 43
4 30
4 1
4 44
4 47
4 40
4 10
4 5
4 36
4 29
4 26
4 16
4 7
4 49
4 12
4 24
4 14
4 28
4 17
4 13
4 23
4 48
19
5 17
5 32
5 29
5 10
5 40
5 27
5 11
5 14
5 3
5 41
5 21
5 44
5 34
5 48
5 13
5 35
5 28
5 16
5 36
16
6 47
6 7
6 11
6 32
6 8
6 34
6 14
6 22
6 45
6 30
6 42
6 38
6 43
6 40
6 2
6 5
23
7 46
7 1
7 36
7 11
7 30
7 17
7 23
7 8
7 41
7 25
7 47
7 14
7 28
7 48
7 35
7 19
7 38
7 21
7 40
7 9
7 22
7 49
7 31
21
8 3
8 31
8 33
8 35
8 47
8 48
8 32
8 24
8 40
8 44
8 43
8 26
8 9
8 41
8 4
8 29
8 2
8 27
8 5
8 20
8 28
18
9 37
9 42
9 32
9 36
9 35
9 10
9 44
9 21
9 1
9 11
9 49
9 38
9 41
9 3
9 6
9 23
9 33
9 47
14
10 41
10 3
10 12
10 48
10 13
10 31
10 38
10 0
10 39
10 44
10 34
10 46
10 27
10 19
16
11 2
11 16
11 46
11 40
11 8
11 37
11 44
11 4
11 21
11 29
11 35
11 12
11 27
11 32
11 0
11 22
22
12 5
12 49
12 29
12 44
12 9
12 23
12 16
12 31
12 40
12 48
12 42
12 14
12 22
12 36
12 27
12 26
12 7
12 18
12 38
12 46
12 41
12 8
18
13 43
13 14
13 41
13 22
13 12
13 16
13 7
13 32
13 35
13 21
13 48
13 45
13 42
13 9
13 26
13 27
13 2
13 8
17
14 36
14 43
14 19
14 39
14 10
14 41
14 33
14 32
14 23
14 9
14 34
14 0
14 24
14 47
14 27
14 46
14 42
23
15 5
15 34
15 8
15 0
15 16
15 3
15 44
15 18
15 36
15 30
15 9
15 24
15 11
15 10
15 35
15 1
15 37
15 48
15 31
15 29
15 38
15 13
15 7
18
16 7
16 22
16 2
16 26
16 38
16 37
16 1
16 10
16 33
16 48
16 23
16 30
16 3
16 40
16 32
16 6
16 34
16 45
22
17 0
17 15
17 39
17 44
17 37
17 24
17 30
17 6
17 21
17 14
17 46
17 31
17 28
17 19
17 16
17 33
17 10
17 3
17 1
17 42
17 9
17 48
23
18 7
18 13
18 37
18 16
18 36
18 9
18 20
18 41
18 11
18 46
18 8
18 39
18 0
18 4
18 25
18 24
18 32
18 6
18 5
18 14
18 34
18 47
18 26
20
19 37
19 44
19 12
19 48
19 4
19 24
19 34
19 31
19 8
19 16
19 41
19 22
19 18
19 40
19 6
19 28
19 3
19 43
19 1
19 23
21
20 46
20 27
20 6
20 26
20 16
20 5
20 31
20 41
20 37
20 21
20 11
20 32
20 10
20 15
20 48
20 12
20 9
20 23
20 19
20 17
20 33
18
21 36
21 49
21 4
21 44
21 6
21 18
21 1
21 29
21 8
21 26
21 33
21 19
21 43
21 24
21 3
21 27
21 42
21 47
24
22 17
22 48
22 21
22 24
22 34
22 35
22 43
22 1
22 4
22 15
22 47
22 9
22 39
22 5
22 32
22 26
22 33
22 18
22 10
22 23
22 31
22 28
22 41
22 27
14
23 10
23 42
23 28
23 36
23 35
23 46
23 38
23 1
23 21
23 34
23 15
23 8
23 11
23 5
22
24 9
24 23
24 38
24 6
24 10
24 12
24 1
24 35
24 31
24 3
24 41
24 29
24 36
24 34
24 20
24 39
24 40
24 5
24 42
24 47
24 11
24 28
25
25 5
25 11
25 12
25 45
25 24
25 44
25 6
25 41
25 16
25 15
25 13
25 19
25 17
25 21
25 9
25 20
25 35
25 38
25 10
25 33
25 30
25 22
25 26
25 42
25 31
21
26 0
26 7
26 27
26 1
26 10
26 23
26 48
26 46
26 40
26 49
26 33
26 34
26 15
26 24
26 42
26 39
26 9
26 38
26 3
26 14
26 31
18
27 43
27 37
27 48
27 24
27 45
27 25
27 23
27 15
27 33
27 40
27 4
27 19
27 16
27 7
27 39
27 9
27 42
27 32
17
28 18
28 10
28 6
28 31
28 29
28 27
28 12
28 32
28 11
28 34
28 20
28 47
28 14
28 16
28 38
28 13
28 9
19
29 10
29 26
29 6
29 44
29 22
29 37
29 16
29 9
29 3
29 48
29 30
29 33
29 19
29 36
29 2
29 18
29 25
29 14
29 7
20
30 32
30 9
30 12
30 23
30 47
30 2
30 42
30 20
30 13
30 46
30 18
30 37
30 8
30 43
30 27
30 22
30 28
30 11
30 19
30 3
17
31 14
31 34
31 45
31 29
31 37
31 39
31 41
31 11
31 40
31 32
31 21
31 6
31 0
31 43
31 5
31 18
31 27
18
32 39
32 4
32 1
32 7
32 12
32 41
32 42
32 49
32 17
32 19
32 25
32 24
32 46
32 26
32 36
32 10
32 47
32 44
15
33 24
33 28
33 47
33 0
33 35
33 5
33 15
33 3
33 43
33 12
33 48
33 39
33 10
33 37
33 44
17
34 48
34 29
34 11
34 17
34 40
34 20
34 30
34 39
34 7
34 25
34 4
34 8
34 1
34 36
34 3
34 13
34 9
20
35 30
35 29
35 6
35 32
35 47
35 34
35 17
35 44
35 16
35 14
35 27
35 38
35 28
35 45
35 21
35 31
35 10
35 19
35 18
35 12
23
36 16
36 11
36 44
36 6
36 19
36 46
36 33
36 25
36 10
36 31
36 17
36 8
36 27
36 28
36 22
36 26
36 39
36 20
36 1
36 41
36 35
36 43
36 38
17
37 26
37 10
37 22
37 23
37 34
37 8
37 39
37 6
37 21
37 47
37 32
37 13
37 24
37 7
37 36
37 41
37 12
21
38 19
38 42
38 11
38 29
38 4
38 1
38 13
38 27
38 33
38 8
38 31
38 49
38 41
38 37
38 18
38 20
38 43
38 46
38 30
38 47
38 22
21
39 19
39 43
39 9
39 38
39 20
39 47
39 30
39 8
39 23
39 41
39 1
39 0
39 15
39 3
39 28
39 13
39 7
39 5
39 29
39 35
39 4
18
40 42
40 22
40 17
40 15
40 37
40 2
40 49
40 30
40 38
40 20
40 9
40 47
40 28
40 39
40 29
40 1
40 14
40 33
16
41 3
41 2
41 40
41 46
41 17
41 47
41 1
41 27
41 28
41 30
41 29
41 44
41 26
41 11
41 43
41 23
19
42 2
42 43
42 39
42 41
42 10
42 46
42 29
42 49
42 34
42 28
42 47
42 11
42 31
42 4
42 19
42 33
42 20
42 15
42 5
18
43 11
43 0
43 17
43 37
43 32
43 7
43 12
43 40
43 20
43 18
43 5
43 47
43 29
43 25
43 23
43 46
43 35
43 16
18
44 3
44 31
44 24
44 2
44 49
44 16
44 48
44 26
44 20
44 7
44 45
44 1
44 23
44 37
44 43
44 42
44 30
44 18
25
45 30
45 14
45 36
45 37
45 7
45 20
45 41
45 40
45 19
45 21
45 10
45 15
45 26
45 49
45 33
45 17
45 28
45 42
45 46
45 38
45 32
45 18
45 4
45 39
45 34
20
46 27
46 31
46 25
46 24
46 4
46 5
46 13
46 29
46 44
46 48
46 49
46 8
46 15
46 37
46 34
46 16
46 35
46 40
46 19
46 22
19
47 5
47 16
47 3
47 12
47 46
47 36
47 25
47 15
47 26
47 11
47 1
47 10
47 31
47 13
47 45
47 44
47 29
47 49
47 23
18
48 40
48 25
48 18
48 49
48 47
48 32
48 6
48 14
48 23
48 39
48 2
48 11
48 1
48 38
48 31
48 30
48 9
48 24
23
49 13
49 35
49 37
49 18
49 27
49 36
49 39
49 11
49 0
49 25
49 20
49 29
49 5
49 22
49 10
49 24
49 17
49 30
49 41
49 23
49 1
49 2
49 6
