50
0 "A5"
1 "A18"
2 "A42"
3 "A13"
4 "A26"
5 "A12"
6 "A3"
7 "A38"
8 "A8"
9 "A49"
10 "A1"
11 "A37"
12 "A15"
13 "A19"
14 "A7"
15 "A45"
16 "A25"
17 "A16"
18 "A0"
19 "A32"
20 "A10"
21 "A6"
22 "A9"
23 "A36"
24 "A30"
25 "A4"
26 "A29"
27 "A20"
28 "A47"
29 "A39"
30 "A14"
31 "A28"
32 "A31"
33 "A23"
34 "A34"
35 "A40"
36 "A24"
37 "A43"
38 "A22"
39 "A33"
40 "A2"
41 "A17"
42 "A41"
43 "A11"
44 "A48"
45 "A35"
46 "A27"
47 "A46"
48 "A21"
49 "A44"
23
0 27
0 35
0 17
0 10
0 29
0 16
0 26
0 21
0 12
0 19
0 37
0 8
0 3
0 28
0 7
0 25
0 18
0 2
0 44
0 24
0 41
0 32
0 11
17
1 12
1 0
1 7
1 37
1 40
1 36
1 34
1 49
1 10
1 29
1 38
1 6
1 28
1 20
1 41
1 15
1 4
19
2 40
2 30
2 16
2 32
2 18
2 17
2 24
2 39
2 19
2 45
2 13
2 49
2 20
2 48
2 11
2 38
2 36
2 14
2 41
15
3 39
3 43
3 9
3 23
3 28
3 7
3 6
3 29
3 12
3 11
3 2
3 24
3 22
3 20
3 30
21
4 11
4 24
4 49
4 43
4 29
4 8
4 5
4 12
4 16
4 17
4 3
4 15
4 27
4 46
4 48
4 34
4 0
4 2
4 14
4 28
4 33
23
5 28
5 36
5 1
5 41
5 40
5 21
5 32
5 42
5 46
5 2
5 23
5 33
5 10
5 18
5 15
5 37
5 3
5 25
5 26
5 30
5 9
5 0
5 48
20
6 5
6 24
6 10
6 0
6 38
6 37
6 43
6 4
6 7
6 39
6 2
6 34
6 15
6 23
6 14
6 29
6 17
6 20
6 26
6 49
14
7 14
7 32
7 42
7 37
7 38
7 40
7 44
7 19
7 8
7 4
7 24
7 49
7 41
7 35
23
8 9
8 35
8 1
8 22
8 5
8 43
8 37
8 13
8 11
8 41
8 23
8 33
8 12
8 3
8 31
8 2
8 10
8 28
8 47
8 30
8 16
8 32
8 25
21
9 1
9 2
9 44
9 19
9 7
9 16
9 29
9 0
9 33
9 10
9 28
9 39
9 42
9 12
9 4
9 25
9 6
9 14
9 46
9 31
9 37
20
10 2
10 46
10 27
10 16
10 19
10 3
10 29
10 45
10 15
10 41
10 48
10 35
10 38
10 24
10 26
10 49
10 47
10 28
10 12
10 11
23
11 31
11 12
11 40
11 1
11 30
11 6
11 41
11 26
11 46
11 36
11 13
11 45
11 19
11 14
11 9
11 44
11 49
11 5
11 22
11 23
11 18
11 21
11 27
20
12 16
12 2
12 5
12 45
12 17
12 20
12 48
12 43
12 19
12 23
12 47
12 44
12 7
12 25
12 24
12 37
12 42
12 6
12 34
12 40
19
13 18
13 44
13 22
13 15
13 45
13 4
13 43
13 26
13 12
13 33
13 20
13 6
13 3
13 10
13 34
13 7
13 41
13 35
13 9
21
14 37
14 3
14 18
14 1
14 40
14 48
14 31
14 13
14 42
14 8
14 39
14 10
14 5
14 26
14 47
14 16
14 33
14 38
14 44
14 28
14 0
18
15 32
15 38
15 19
15 3
15 14
15 42
15 7
15 21
15 26
15 29
15 2
15 8
15 22
15 49
15 34
15 37
15 36
15 24
22
16 45
16 20
16 32
16 15
16 13
16 23
16 31
16 6
16 40
16 39
16 43
16 25
16 1
16 28
16 11
16 35
16 47
16 37
16 7
16 33
16 42
16 22
20
17 37
17 48
17 15
17 34
17 24
17 36
17 19
17 8
17 1
17 38
17 14
17 25
17 16
17 33
17 9
17 13
17 47
17 7
17 44
17 10
23
18 22
18 4
18 10
18 36
18 31
18 45
18 27
18 16
18 34
18 1
18 39
18 3
18 40
18 15
18 7
18 12
18 20
18 23
18 19
18 8
18 49
18 38
18 32
21
19 36
19 13
19 16
19 26
19 46
19 21
19 14
19 27
19 1
19 42
19 24
19 43
19 35
19 47
19 4
19 8
19 30
19 20
19 39
19 45
19 6
19
20 48
20 21
20 10
20 47
20 5
20 30
20 42
20 4
20 43
20 11
20 14
20 9
20 36
20 35
20 15
20 26
20 27
20 7
20 49
21
21 43
21 40
21 37
21 16
21 4
21 45
21 12
21 28
21 46
21 7
21 1
21 18
21 10
21 38
21 34
21 48
21 3
21 2
21 17
21 14
21 22
13
22 49
22 19
22 14
22 30
22 23
22 7
22 9
22 38
22 12
22 1
22 33
22 36
22 34
19
23 37
23 43
23 9
23 36
23 7
23 0
23 41
23 42
23 26
23 10
23 33
23 21
23 29
23 14
23 15
23 4
23 2
23 28
23 20
20
24 5
24 8
24 35
24 38
24 47
24 22
24 28
24 44
24 42
24 14
24 43
24 31
24 21
24 45
24 40
24 20
24 23
24 27
24 16
24 11
22
25 43
25 44
25 13
25 14
25 34
25 49
25 19
25 10
25 3
25 7
25 29
25 38
25 4
25 24
25 2
25 42
25 23
25 1
25 28
25 21
25 6
25 31
18
26 4
26 42
26 12
26 8
26 31
26 16
26 9
26 27
26 24
26 28
26 1
26 33
26 36
26 2
26 7
26 29
26 22
26 39
24
27 14
27 5
27 22
27 25
27 40
27 23
27 9
27 17
27 1
27 2
27 39
27 6
27 21
27 8
27 44
27 7
27 3
27 47
27 13
27 12
27 30
27 49
27 36
27 42
20
28 2
28 40
28 15
28 17
28 38
28 31
28 47
28 19
28 29
28 13
28 32
28 6
28 30
28 48
28 20
28 41
28 34
28 49
28 22
28 39
19
29 19
29 32
29 42
29 14
29 47
29 24
29 37
29 21
29 12
29 40
29 27
29 17
29 31
29 18
29 11
29 46
29 49
29 30
29 36
17
30 39
30 14
30 9
30 12
30 21
30 43
30 7
30 15
30 44
30 42
30 45
30 1
30 18
30 48
30 4
30 36
30 23
25
31 12
31 4
31 48
31 15
31 10
31 36
31 0
31 17
31 6
31 41
31 1
31 47
31 21
31 34
31 20
31 35
31 32
31 44
31 30
31 27
31 38
31 13
31 42
31 46
31 49
21
32 22
32 35
32 10
32 11
32 47
32 49
32 43
32 3
32 17
32 27
32 25
32 48
32 44
32 4
32 9
32 14
32 36
32 13
32 6
32 24
32 26
20
33 38
33 48
33 21
33 25
33 30
33 18
33 27
33 40
33 36
33 11
33 37
33 31
33 3
33 7
33 49
33 28
33 20
33 19
33 47
33 45
15
34 8
34 23
34 5
34 40
34 37
34 47
34 10
34 27
34 11
34 32
34 3
34 19
34 33
34 9
34 39
19
35 29
35 33
35 14
35 3
35 48
35 6
35 21
35 34
35 1
35 18
35 4
35 2
35 26
35 42
35 43
35 30
35 25
35 22
35 39
17
36 28
36 13
36 12
36 38
36 0
36 44
36 9
36 48
36 8
36 3
36 40
36 35
36 37
36 10
36 34
36 47
36 14
17
37 30
37 48
37 41
37 45
37 35
37 4
37 11
37 2
37 40
37 27
37 13
37 22
37 32
37 18
37 26
37 20
37 44
22
38 5
38 9
38 32
38 34
38 8
38 13
38 12
38 47
38 27
38 35
38 26
38 40
38 39
38 23
38 19
38 42
38 46
38 16
38 48
38 20
38 30
38 11
18
39 7
39 29
39 32
39 36
39 23
39 13
39 10
39 33
39 0
39 37
39 48
39 24
39 20
39 15
39 25
39 41
39 22
39 11
15
40 17
40 31
40 19
40 13
40 44
40 39
40 10
40 23
40 8
40 9
40 20
40 0
40 49
40 26
40 4
21
41 46
41 12
41 24
41 16
41 6
41 40
41 20
41 35
41 22
41 33
41 14
41 19
41 26
41 27
41 15
41 32
41 34
41 38
41 42
41 18
41 47
13
42 4
42 8
42 32
42 37
42 40
42 1
42 3
42 22
42 21
42 39
42 48
42 11
42 6
22
43 34
43 9
43 39
43 0
43 33
43 10
43 47
43 18
43 1
43 17
43 37
43 27
43 42
43 44
43 41
43 49
43 38
43 48
43 31
43 28
43 26
43 15
18
44 45
44 19
44 22
44 5
44 42
44 16
44 15
44 33
44 21
44 3
44 29
44 10
44 49
44 35
44 1
44 23
44 18
44 8
25
45 28
45 39
45 4
45 9
45 36
45 25
45 15
45 29
45 26
45 20
45 31
45 0
45 40
45 23
45 14
45 8
45 27
45 32
45 43
45 1
45 3
45 38
45 42
45 17
45 41
23
46 20
46 37
46 36
46 15
46 7
46 35
46 1
46 6
46 3
46 28
46 33
46 16
46 30
46 17
46 49
46 23
46 32
46 27
46 40
46 42
46 0
46 18
46 26
21
47 5
47 6
47 3
47 23
47 48
47 4
47 35
47 11
47 15
47 40
47 25
47 21
47 18
47 9
47 37
47 2
47 0
47 1
47 13
47 46
47 7
18
48 19
48 24
48 7
48 15
48 34
48 29
48 13
48 44
48 3
48 49
48 23
48 45
48 18
48 25
48 27
48 40
48 11
48 8
15
49 24
49 8
49 41
49 9
49 30
49 16
49 17
49 12
49 5
49 14
49 23
49 36
49 0
49 37
49 47
