50
0 "A5"
1 "A18"
2 "A42"
3 "A13"
4 "A26"
5 "A12"
6 "A3"
7 "A38"
8 "A8"
9 "A49"
10 "A1"
11 "A37"
12 "A15"
13 "A19"
14 "A7"
15 "A45"
16 "A25"
17 "A16"
18 "A0"
19 "A32"
20 "A10"
21 "A6"
22 "A9"
23 "A36"
24 "A30"
25 "A4"
26 "A29"
27 "A20"
28 "A47"
29 "A39"
30 "A14"
31 "A28"
32 "A31"
33 "A23"
34 "A34"
35 "A40"
36 "A24"
37 "A43"
38 "A22"
39 "A33"
40 "A2"
41 "A17"
42 "A41"
43 "A11"
44 "A48"
45 "A35"
46 "A27"
47 "A46"
48 "A21"
49 "A44"
25
0 8
0 3
0 14
0 40
0 26
0 25
0 5
0 49
0 45
0 17
0 41
0 19
0 30
0 39
0 23
0 29
0 20
0 28
0 16
0 2
0 31
0 24
0 7
0 13
0 27
22
1 0
1 39
1 20
1 9
1 16
1 35
1 48
1 41
1 19
1 29
1 45
1 5
1 7
1 37
1 36
1 33
1 32
1 11
1 47
1 15
1 2
1 31
28
2 37
2 43
2 10
2 8
2 17
2 16
2 19
2 46
2 9
2 18
2 36
2 45
2 33
2 5
2 4
2 42
2 41
2 12
2 20
2 7
2 40
2 23
2 32
2 34
2 48
2 15
2 24
2 22
19
3 33
3 18
3 23
3 49
3 32
3 4
3 11
3 42
3 38
3 13
3 29
3 16
3 37
3 6
3 24
3 1
3 28
3 2
3 47
16
4 13
4 0
4 48
4 9
4 5
4 14
4 15
4 25
4 32
4 24
4 12
4 1
4 29
4 30
4 45
4 16
19
5 36
5 7
5 15
5 13
5 40
5 9
5 26
5 6
5 10
5 39
5 33
5 49
5 16
5 20
5 35
5 38
5 42
5 48
5 29
23
6 25
6 22
6 12
6 11
6 45
6 31
6 33
6 24
6 49
6 17
6 36
6 10
6 0
6 1
6 34
6 46
6 9
6 14
6 37
6 23
6 42
6 15
6 4
18
7 40
7 19
7 14
7 13
7 42
7 3
7 27
7 38
7 48
7 9
7 12
7 37
7 41
7 20
7 4
7 29
7 26
7 6
24
8 29
8 19
8 47
8 5
8 3
8 7
8 1
8 45
8 20
8 24
8 33
8 18
8 35
8 32
8 36
8 6
8 38
8 43
8 49
8 34
8 21
8 15
8 23
8 11
21
9 3
9 38
9 37
9 18
9 45
9 30
9 8
9 11
9 22
9 10
9 26
9 40
9 47
9 19
9 32
9 13
9 46
9 20
9 34
9 41
9 29
21
10 43
10 7
10 14
10 42
10 0
10 19
10 8
10 23
10 34
10 11
10 3
10 36
10 12
10 21
10 17
10 31
10 46
10 27
10 4
10 13
10 26
18
11 4
11 39
11 35
11 27
11 0
11 34
11 5
11 15
11 2
11 26
11 36
11 23
11 7
11 46
11 45
11 12
11 20
11 17
19
12 44
12 20
12 31
12 1
12 26
12 49
12 41
12 0
12 8
12 36
12 9
12 16
12 45
12 5
12 3
12 32
12 47
12 48
12 29
18
13 47
13 33
13 30
13 35
13 6
13 28
13 8
13 1
13 12
13 21
13 27
13 2
13 11
13 45
13 17
13 14
13 34
13 38
16
14 5
14 48
14 12
14 16
14 24
14 39
14 9
14 19
14 32
14 37
14 17
14 1
14 47
14 8
14 38
14 28
22
15 0
15 26
15 41
15 3
15 44
15 47
15 7
15 28
15 33
15 20
15 27
15 9
15 14
15 25
15 22
15 32
15 35
15 10
15 43
15 12
15 17
15 29
17
16 34
16 35
16 43
16 46
16 20
16 10
16 19
16 28
16 13
16 47
16 26
16 45
16 7
16 6
16 24
16 41
16 40
16
17 44
17 22
17 4
17 18
17 5
17 3
17 39
17 49
17 12
17 25
17 19
17 1
17 31
17 16
17 24
17 7
26
18 45
18 26
18 34
18 5
18 48
18 16
18 36
18 30
18 27
18 39
18 10
18 42
18 12
18 4
18 29
18 32
18 44
18 35
18 14
18 13
18 15
18 1
18 6
18 49
18 11
18 7
20
19 33
19 15
19 3
19 6
19 12
19 26
19 28
19 49
19 27
19 5
19 13
19 45
19 11
19 32
19 4
19 44
19 20
19 48
19 21
19 39
14
20 45
20 24
20 23
20 30
20 13
20 31
20 6
20 34
20 37
20 35
20 39
20 17
20 14
20 18
21
21 32
21 28
21 43
21 29
21 38
21 20
21 3
21 4
21 11
21 35
21 24
21 7
21 14
21 6
21 1
21 48
21 33
21 39
21 25
21 15
21 45
20
22 4
22 24
22 23
22 5
22 11
22 35
22 8
22 20
22 14
22 10
22 3
22 7
22 48
22 42
22 16
22 12
22 49
22 46
22 0
22 30
19
23 26
23 4
23 16
23 7
23 45
23 21
23 15
23 36
23 24
23 18
23 48
23 13
23 30
23 9
23 19
23 1
23 29
23 17
23 40
19
24 39
24 18
24 26
24 10
24 31
24 13
24 9
24 7
24 28
24 12
24 42
24 5
24 37
24 38
24 29
24 15
24 34
24 1
24 19
20
25 47
25 24
25 49
25 8
25 36
25 10
25 18
25 42
25 11
25 46
25 31
25 19
25 3
25 34
25 33
25 45
25 13
25 7
25 30
25 2
15
26 6
26 32
26 13
26 41
26 31
26 33
26 1
26 21
26 46
26 40
26 49
26 43
26 42
26 8
26 2
21
27 25
27 22
27 35
27 38
27 48
27 21
27 14
27 6
27 23
27 41
27 8
27 37
27 4
27 33
27 12
27 32
27 1
27 3
27 28
27 30
27 20
16
28 31
28 37
28 39
28 17
28 34
28 4
28 22
28 45
28 11
28 18
28 25
28 8
28 23
28 7
28 12
28 41
12
29 20
29 11
29 33
29 26
29 32
29 45
29 13
29 49
29 35
29 27
29 28
29 2
19
30 49
30 17
30 15
30 47
30 3
30 5
30 12
30 21
30 19
30 14
30 48
30 7
30 37
30 16
30 36
30 10
30 8
30 45
30 38
23
31 5
31 21
31 41
31 34
31 32
31 14
31 23
31 13
31 7
31 19
31 8
31 37
31 46
31 22
31 11
31 36
31 16
31 3
31 27
31 35
31 18
31 4
31 40
14
32 48
32 47
32 33
32 17
32 37
32 13
32 23
32 7
32 11
32 25
32 20
32 30
32 6
32 42
20
33 30
33 41
33 10
33 24
33 46
33 37
33 34
33 18
33 12
33 47
33 35
33 11
33 23
33 9
33 39
33 14
33 49
33 4
33 38
33 42
19
34 43
34 42
34 4
34 47
34 49
34 0
34 5
34 40
34 30
34 7
34 3
34 36
34 26
34 38
34 39
34 37
34 14
34 29
34 12
20
35 25
35 14
35 37
35 24
35 4
35 26
35 49
35 46
35 39
35 6
35 23
35 17
35 42
35 38
35 12
35 9
35 30
35 41
35 10
35 45
19
36 43
36 26
36 33
36 13
36 19
36 29
36 4
36 15
36 32
36 38
36 45
36 9
36 17
36 22
36 28
36 0
36 48
36 21
36 24
19
37 8
37 21
37 19
37 44
37 42
37 13
37 22
37 17
37 29
37 10
37 0
37 5
37 11
37 12
37 15
37 41
37 26
37 49
37 45
17
38 16
38 11
38 4
38 49
38 1
38 17
38 25
38 15
38 10
38 2
38 19
38 32
38 18
38 6
38 28
38 12
38 26
22
39 29
39 10
39 47
39 36
39 12
39 3
39 4
39 30
39 27
39 2
39 32
39 16
39 23
39 9
39 37
39 7
39 15
39 38
39 41
39 8
39 25
39 26
22
40 22
40 44
40 3
40 19
40 25
40 4
40 18
40 8
40 6
40 38
40 30
40 27
40 33
40 24
40 10
40 17
40 11
40 48
40 35
40 43
40 41
40 37
19
41 10
41 45
41 3
41 44
41 17
41 38
41 30
41 8
41 6
41 14
41 4
41 25
41 19
41 47
41 13
41 34
41 32
41 48
41 23
20
42 0
42 4
42 11
42 13
42 44
42 21
42 36
42 14
42 17
42 39
42 15
42 12
42 30
42 41
42 38
42 20
42 31
42 19
42 49
42 16
24
43 49
43 19
43 1
43 41
43 37
43 24
43 33
43 14
43 20
43 30
43 9
43 47
43 46
43 13
43 12
43 42
43 5
43 39
43 29
43 7
43 23
43 22
43 4
43 25
24
44 24
44 8
44 29
44 5
44 46
44 33
44 4
44 43
44 23
44 6
44 11
44 32
44 34
44 14
44 1
44 20
44 30
44 0
44 16
44 28
44 27
44 26
44 10
44 13
16
45 27
45 42
45 26
45 5
45 46
45 7
45 3
45 17
45 39
45 15
45 34
45 22
45 14
45 10
45 44
45 31
26
46 37
46 28
46 8
46 3
46 17
46 13
46 0
46 40
46 42
46 7
46 38
46 32
46 39
46 30
46 34
46 36
46 29
46 41
46 23
46 48
46 21
46 4
46 20
46 49
46 14
46 27
19
47 29
47 11
47 26
47 23
47 28
47 35
47 27
47 0
47 22
47 36
47 20
47 24
47 31
47 17
47 44
47 45
47 19
47 10
47 18
17
48 37
48 43
48 17
48 31
48 26
48 24
48 49
48 45
48 44
48 6
48 16
48 39
48 42
48 8
48 9
48 3
48 29
16
49 45
49 2
49 47
49 15
49 4
49 23
49 1
49 40
49 24
49 41
49 36
49 7
49 9
49 39
49 21
49 10
