50
0 "A5"
1 "A18"
2 "A42"
3 "A13"
4 "A26"
5 "A12"
6 "A3"
7 "A38"
8 "A8"
9 "A49"
10 "A1"
11 "A37"
12 "A15"
13 "A19"
14 "A7"
15 "A45"
16 "A25"
17 "A16"
18 "A0"
19 "A32"
20 "A10"
21 "A6"
22 "A9"
23 "A36"
24 "A30"
25 "A4"
26 "A29"
27 "A20"
28 "A47"
29 "A39"
30 "A14"
31 "A28"
32 "A31"
33 "A23"
34 "A34"
35 "A40"
36 "A24"
37 "A43"
38 "A22"
39 "A33"
40 "A2"
41 "A17"
42 "A41"
43 "A11"
44 "A48"
45 "A35"
46 "A27"
47 "A46"
48 "A21"
49 "A44"
19
0 4
0 49
0 5
0 6
0 46
0 33
0 7
0 24
0 37
0 22
0 23
0 43
0 11
0 38
0 48
0 1
0 2
0 45
0 8
25
1 25
1 13
1 48
1 8
1 16
1 10
1 6
1 47
1 41
1 11
1 23
1 24
1 4
1 5
1 7
1 40
1 36
1 20
1 45
1 44
1 26
1 15
1 29
1 17
1 28
24
2 13
2 10
2 1
2 30
2 26
2 22
2 48
2 28
2 35
2 32
2 44
2 38
2 12
2 46
2 11
2 34
2 37
2 45
2 27
2 23
2 3
2 14
2 41
2 24
26
3 22
3 0
3 7
3 8
3 16
3 42
3 40
3 4
3 44
3 29
3 38
3 36
3 6
3 14
3 35
3 11
3 21
3 31
3 41
3 18
3 13
3 12
3 1
3 25
3 34
3 15
18
4 41
4 13
4 6
4 31
4 48
4 33
4 29
4 5
4 44
4 11
4 16
4 43
4 18
4 49
4 7
4 10
4 25
4 22
15
5 37
5 31
5 12
5 30
5 34
5 16
5 33
5 15
5 17
5 29
5 10
5 9
5 45
5 14
5 27
23
6 8
6 49
6 33
6 12
6 9
6 19
6 11
6 10
6 27
6 20
6 17
6 42
6 31
6 37
6 44
6 38
6 30
6 5
6 36
6 47
6 39
6 46
6 2
22
7 23
7 19
7 6
7 18
7 31
7 25
7 39
7 38
7 32
7 15
7 16
7 13
7 12
7 2
7 30
7 24
7 21
7 47
7 48
7 5
7 26
7 14
18
8 26
8 17
8 39
8 19
8 44
8 22
8 5
8 10
8 43
8 2
8 29
8 49
8 7
8 32
8 27
8 34
8 38
8 40
23
9 47
9 14
9 16
9 33
9 15
9 29
9 35
9 30
9 0
9 17
9 7
9 26
9 1
9 18
9 11
9 12
9 42
9 3
9 41
9 2
9 8
9 4
9 46
15
10 11
10 12
10 25
10 39
10 3
10 30
10 31
10 44
10 47
10 9
10 20
10 14
10 42
10 43
10 29
24
11 45
11 33
11 34
11 28
11 8
11 16
11 37
11 49
11 21
11 32
11 5
11 38
11 7
11 46
11 19
11 44
11 39
11 36
11 25
11 14
11 27
11 17
11 35
11 48
22
12 14
12 13
12 45
12 35
12 33
12 38
12 11
12 27
12 42
12 32
12 1
12 29
12 4
12 21
12 34
12 44
12 47
12 25
12 49
12 8
12 24
12 48
20
13 18
13 42
13 38
13 5
13 6
13 49
13 26
13 32
13 33
13 31
13 25
13 19
13 14
13 44
13 0
13 17
13 10
13 23
13 47
13 8
19
14 41
14 27
14 16
14 28
14 24
14 47
14 15
14 25
14 23
14 39
14 1
14 22
14 43
14 29
14 17
14 40
14 6
14 45
14 19
18
15 12
15 43
15 4
15 11
15 27
15 33
15 6
15 18
15 10
15 46
15 41
15 13
15 16
15 2
15 23
15 26
15 49
15 34
20
16 36
16 26
16 43
16 22
16 46
16 32
16 13
16 39
16 2
16 25
16 48
16 24
16 17
16 41
16 47
16 49
16 27
16 8
16 23
16 12
20
17 30
17 49
17 41
17 10
17 43
17 21
17 3
17 45
17 20
17 22
17 27
17 47
17 28
17 36
17 25
17 12
17 40
17 23
17 46
17 0
25
18 17
18 24
18 36
18 16
18 43
18 5
18 20
18 30
18 26
18 6
18 21
18 41
18 25
18 12
18 11
18 40
18 28
18 0
18 8
18 23
18 10
18 1
18 38
18 39
18 47
20
19 27
19 4
19 16
19 47
19 34
19 25
19 31
19 41
19 44
19 15
19 2
19 9
19 17
19 1
19 46
19 20
19 42
19 21
19 29
19 12
18
20 15
20 40
20 42
20 35
20 11
20 37
20 13
20 8
20 2
20 33
20 43
20 7
20 23
20 4
20 47
20 14
20 26
20 3
19
21 43
21 44
21 20
21 4
21 0
21 5
21 42
21 27
21 24
21 22
21 6
21 14
21 38
21 36
21 25
21 46
21 13
21 48
21 10
13
22 9
22 31
22 12
22 32
22 27
22 23
22 30
22 15
22 20
22 48
22 13
22 19
22 26
18
23 42
23 11
23 45
23 21
23 8
23 9
23 25
23 46
23 33
23 4
23 27
23 3
23 34
23 19
23 29
23 6
23 37
23 36
20
24 11
24 40
24 8
24 34
24 27
24 5
24 45
24 30
24 13
24 6
24 48
24 26
24 31
24 4
24 39
24 37
24 28
24 22
24 44
24 46
14
25 44
25 49
25 37
25 24
25 42
25 39
25 22
25 27
25 15
25 29
25 36
25 5
25 48
25 20
21
26 12
26 5
26 10
26 35
26 48
26 27
26 4
26 0
26 21
26 23
26 46
26 11
26 32
26 40
26 6
26 29
26 3
26 47
26 39
26 25
26 14
13
27 9
27 13
27 42
27 49
27 41
27 0
27 34
27 33
27 7
27 20
27 38
27 40
27 3
24
28 34
28 16
28 8
28 15
28 9
28 3
28 39
28 37
28 40
28 45
28 4
28 41
28 29
28 0
28 49
28 13
28 5
28 48
28 20
28 22
28 30
28 46
28 10
28 33
16
29 0
29 18
29 16
29 36
29 22
29 32
29 24
29 40
29 49
29 41
29 48
29 17
29 2
29 15
29 44
29 21
16
30 16
30 29
30 33
30 49
30 4
30 21
30 14
30 20
30 36
30 41
30 34
30 27
30 23
30 8
30 40
30 3
17
31 23
31 25
31 29
31 2
31 35
31 26
31 17
31 42
31 48
31 15
31 16
31 34
31 0
31 49
31 27
31 11
31 21
24
32 31
32 34
32 15
32 28
32 3
32 27
32 33
32 39
32 40
32 5
32 48
32 10
32 21
32 18
32 9
32 17
32 44
32 24
32 20
32 30
32 37
32 35
32 4
32 6
16
33 7
33 19
33 10
33 26
33 31
33 37
33 42
33 2
33 38
33 22
33 25
33 17
33 8
33 24
33 39
33 14
16
34 13
34 1
34 42
34 40
34 46
34 16
34 22
34 14
34 4
34 18
34 9
34 44
34 29
34 6
34 20
34 33
20
35 1
35 7
35 19
35 21
35 41
35 10
35 5
35 15
35 42
35 27
35 28
35 33
35 49
35 17
35 38
35 13
35 8
35 6
35 18
35 4
23
36 46
36 31
36 7
36 32
36 40
36 8
36 5
36 37
36 13
36 47
36 27
36 4
36 26
36 2
36 44
36 38
36 12
36 35
36 34
36 10
36 0
36 22
36 28
22
37 8
37 30
37 1
37 18
37 38
37 27
37 34
37 29
37 21
37 7
37 14
37 4
37 12
37 35
37 16
37 22
37 26
37 9
37 13
37 19
37 43
37 46
19
38 1
38 25
38 44
38 24
38 26
38 22
38 4
38 19
38 31
38 17
38 29
38 9
38 5
38 10
38 15
38 34
38 48
38 40
38 14
20
39 23
39 29
39 34
39 42
39 4
39 38
39 31
39 9
39 41
39 36
39 43
39 21
39 46
39 20
39 47
39 13
39 22
39 0
39 1
39 27
22
40 11
40 2
40 31
40 21
40 41
40 42
40 49
40 45
40 10
40 6
40 7
40 22
40 43
40 25
40 9
40 5
40 15
40 37
40 13
40 12
40 4
40 39
21
41 26
41 8
41 6
41 34
41 38
41 23
41 33
41 0
41 5
41 31
41 24
41 47
41 22
41 45
41 36
41 13
41 12
41 25
41 11
41 32
41 10
21
42 8
42 17
42 15
42 43
42 16
42 5
42 30
42 37
42 38
42 49
42 26
42 48
42 32
42 11
42 7
42 14
42 41
42 22
42 4
42 46
42 18
17
43 12
43 13
43 26
43 27
43 6
43 22
43 1
43 24
43 49
43 7
43 38
43 36
43 2
43 29
43 41
43 5
43 19
17
44 5
44 0
44 47
44 7
44 33
44 42
44 23
44 37
44 41
44 17
44 20
44 31
44 49
44 18
44 15
44 16
44 27
22
45 6
45 21
45 39
45 31
45 30
45 32
45 13
45 44
45 43
45 10
45 47
45 15
45 34
45 38
45 16
45 3
45 29
45 42
45 26
45 49
45 19
45 4
19
46 44
46 30
46 41
46 7
46 43
46 22
46 4
46 14
46 35
46 29
46 8
46 27
46 3
46 13
46 25
46 40
46 5
46 20
46 33
20
47 11
47 3
47 25
47 38
47 15
47 32
47 33
47 27
47 34
47 35
47 4
47 22
47 23
47 40
47 29
47 24
47 42
47 0
47 2
47 37
19
48 46
48 30
48 36
48 18
48 27
48 49
48 34
48 10
48 14
48 39
48 40
48 43
48 47
48 5
48 23
48 33
48 8
48 15
48 20
17
49 7
49 38
49 24
49 37
49 10
49 46
49 36
49 23
49 33
49 20
49 21
49 19
49 14
49 3
49 2
49 1
49 34
