50
0 "A5"
1 "A18"
2 "A42"
3 "A13"
4 "A26"
5 "A12"
6 "A3"
7 "A38"
8 "A8"
9 "A49"
10 "A1"
11 "A37"
12 "A15"
13 "A19"
14 "A7"
15 "A45"
16 "A25"
17 "A16"
18 "A0"
19 "A32"
20 "A10"
21 "A6"
22 "A9"
23 "A36"
24 "A30"
25 "A4"
26 "A29"
27 "A20"
28 "A47"
29 "A39"
30 "A14"
31 "A28"
32 "A31"
33 "A23"
34 "A34"
35 "A40"
36 "A24"
37 "A43"
38 "A22"
39 "A33"
40 "A2"
41 "A17"
42 "A41"
43 "A11"
44 "A48"
45 "A35"
46 "A27"
47 "A46"
48 "A21"
49 "A44"
21
0 8
0 38
0 47
0 12
0 5
0 7
0 45
0 40
0 34
0 3
0 22
0 13
0 39
0 37
0 48
0 2
0 16
0 49
0 17
0 11
0 32
21
1 27
1 20
1 24
1 38
1 49
1 46
1 36
1 33
1 30
1 16
1 28
1 44
1 18
1 6
1 2
1 12
1 8
1 31
1 4
1 37
1 29
20
2 23
2 27
2 13
2 48
2 38
2 24
2 29
2 26
2 28
2 14
2 49
2 25
2 44
2 46
2 19
2 5
2 20
2 22
2 16
2 7
19
3 11
3 10
3 21
3 32
3 48
3 9
3 24
3 28
3 1
3 37
3 29
3 22
3 18
3 40
3 34
3 12
3 6
3 2
3 25
21
4 29
4 42
4 3
4 18
4 19
4 30
4 22
4 11
4 20
4 49
4 43
4 5
4 25
4 21
4 34
4 40
4 7
4 26
4 6
4 38
4 13
14
5 22
5 48
5 49
5 38
5 27
5 9
5 14
5 12
5 20
5 28
5 40
5 31
5 1
5 34
19
6 9
6 5
6 36
6 18
6 22
6 49
6 7
6 42
6 29
6 19
6 47
6 41
6 0
6 13
6 48
6 33
6 31
6 8
6 30
21
7 48
7 33
7 9
7 45
7 10
7 43
7 20
7 3
7 5
7 31
7 14
7 38
7 11
7 18
7 26
7 17
7 30
7 27
7 1
7 22
7 37
20
8 16
8 41
8 10
8 48
8 45
8 11
8 47
8 40
8 5
8 14
8 34
8 29
8 36
8 37
8 42
8 12
8 33
8 2
8 21
8 19
21
9 22
9 33
9 29
9 38
9 27
9 4
9 17
9 20
9 2
9 46
9 44
9 42
9 16
9 30
9 19
9 47
9 49
9 45
9 24
9 11
9 31
15
10 1
10 43
10 47
10 14
10 19
10 2
10 46
10 24
10 6
10 9
10 38
10 45
10 12
10 11
10 37
20
11 32
11 15
11 38
11 1
11 46
11 6
11 5
11 23
11 36
11 14
11 41
11 30
11 13
11 24
11 29
11 20
11 19
11 21
11 44
11 37
15
12 11
12 24
12 17
12 6
12 27
12 13
12 34
12 2
12 31
12 14
12 26
12 37
12 21
12 30
12 49
16
13 44
13 17
13 9
13 46
13 25
13 16
13 34
13 28
13 14
13 3
13 20
13 33
13 8
13 18
13 47
13 21
23
14 17
14 43
14 34
14 45
14 47
14 28
14 33
14 36
14 42
14 38
14 25
14 48
14 0
14 29
14 26
14 39
14 18
14 1
14 4
14 6
14 16
14 22
14 41
14
15 26
15 30
15 6
15 14
15 33
15 10
15 28
15 27
15 4
15 17
15 3
15 36
15 2
15 5
15
16 33
16 10
16 19
16 18
16 48
16 21
16 7
16 4
16 17
16 46
16 15
16 29
16 6
16 3
16 49
16
17 30
17 46
17 25
17 4
17 3
17 28
17 10
17 37
17 2
17 39
17 41
17 29
17 6
17 1
17 34
17 36
20
18 10
18 12
18 17
18 23
18 43
18 2
18 35
18 22
18 9
18 15
18 32
18 40
18 0
18 28
18 36
18 38
18 37
18 21
18 19
18 5
21
19 15
19 47
19 36
19 30
19 28
19 26
19 24
19 48
19 49
19 12
19 14
19 5
19 35
19 41
19 31
19 1
19 3
19 40
19 25
19 32
19 34
21
20 16
20 43
20 21
20 23
20 24
20 34
20 29
20 10
20 17
20 3
20 8
20 39
20 26
20 42
20 33
20 48
20 41
20 27
20 15
20 6
20 18
23
21 49
21 46
21 31
21 9
21 29
21 7
21 2
21 42
21 24
21 47
21 1
21 15
21 41
21 33
21 0
21 37
21 19
21 14
21 17
21 6
21 38
21 39
21 28
17
22 31
22 19
22 26
22 37
22 44
22 8
22 49
22 12
22 27
22 11
22 16
22 13
22 39
22 15
22 45
22 41
22 21
25
23 21
23 34
23 5
23 7
23 48
23 27
23 9
23 25
23 32
23 4
23 42
23 46
23 33
23 3
23 38
23 41
23 24
23 28
23 22
23 49
23 1
23 12
23 39
23 16
23 40
17
24 32
24 17
24 8
24 7
24 37
24 26
24 30
24 5
24 44
24 25
24 4
24 48
24 6
24 16
24 39
24 36
24 28
19
25 18
25 45
25 27
25 5
25 9
25 29
25 10
25 49
25 22
25 34
25 44
25 35
25 32
25 28
25 1
25 11
25 42
25 16
25 37
19
26 43
26 16
26 0
26 9
26 17
26 34
26 8
26 47
26 3
26 13
26 38
26 21
26 28
26 46
26 44
26 23
26 32
26 11
26 33
23
27 32
27 38
27 28
27 24
27 40
27 4
27 13
27 48
27 49
27 31
27 3
27 16
27 17
27 33
27 18
27 19
27 21
27 10
27 30
27 6
27 14
27 29
27 35
21
28 46
28 7
28 40
28 16
28 22
28 34
28 20
28 29
28 49
28 6
28 9
28 8
28 42
28 12
28 0
28 47
28 33
28 39
28 37
28 38
28 43
17
29 47
29 10
29 18
29 49
29 34
29 7
29 24
29 19
29 26
29 13
29 33
29 15
29 23
29 46
29 12
29 36
29 41
19
30 29
30 18
30 22
30 8
30 39
30 20
30 16
30 5
30 42
30 23
30 3
30 21
30 10
30 31
30 0
30 2
30 32
30 14
30 49
19
31 10
31 35
31 45
31 39
31 23
31 8
31 28
31 11
31 15
31 25
31 0
31 13
31 18
31 2
31 26
31 34
31 43
31 20
31 41
21
32 20
32 37
32 16
32 31
32 17
32 21
32 28
32 8
32 36
32 13
32 4
32 41
32 29
32 1
32 14
32 33
32 34
32 15
32 7
32 2
32 22
14
33 39
33 3
33 37
33 5
33 42
33 10
33 4
33 43
33 0
33 2
33 25
33 48
33 17
33 35
21
34 38
34 24
34 41
34 33
34 45
34 27
34 18
34 9
34 40
34 30
34 15
34 22
34 11
34 36
34 6
34 7
34 42
34 2
34 1
34 49
34 10
25
35 13
35 42
35 10
35 22
35 41
35 38
35 5
35 12
35 7
35 29
35 28
35 11
35 43
35 30
35 8
35 15
35 16
35 20
35 4
35 49
35 14
35 3
35 34
35 2
35 0
22
36 7
36 12
36 31
36 44
36 47
36 20
36 13
36 40
36 33
36 30
36 45
36 0
36 42
36 35
36 41
36 48
36 21
36 27
36 16
36 2
36 10
36 28
15
37 34
37 29
37 45
37 6
37 46
37 40
37 27
37 23
37 13
37 35
37 26
37 19
37 4
37 16
37 14
15
38 46
38 22
38 25
38 17
38 15
38 29
38 24
38 30
38 48
38 3
38 19
38 40
38 31
38 6
38 36
29
39 36
39 3
39 46
39 9
39 48
39 37
39 44
39 47
39 11
39 6
39 10
39 27
39 41
39 15
39 40
39 7
39 29
39 42
39 8
39 16
39 12
39 35
39 18
39 34
39 1
39 13
39 32
39 45
39 5
18
40 42
40 25
40 48
40 13
40 16
40 11
40 6
40 7
40 9
40 17
40 14
40 15
40 31
40 30
40 2
40 29
40 24
40 12
17
41 1
41 43
41 24
41 33
41 18
41 16
41 25
41 40
41 4
41 9
41 3
41 28
41 45
41 2
41 15
41 10
41 27
20
42 18
42 29
42 41
42 1
42 24
42 26
42 31
42 3
42 17
42 16
42 22
42 2
42 11
42 37
42 19
42 0
42 5
42 32
42 12
42 10
24
43 12
43 40
43 1
43 42
43 15
43 17
43 37
43 9
43 39
43 19
43 11
43 23
43 38
43 34
43 47
43 13
43 21
43 22
43 5
43 46
43 3
43 49
43 8
43 48
25
44 10
44 43
44 31
44 34
44 35
44 7
44 38
44 20
44 12
44 33
44 42
44 21
44 19
44 6
44 23
44 0
44 29
44 8
44 17
44 30
44 16
44 27
44 37
44 40
44 5
23
45 16
45 24
45 35
45 40
45 27
45 19
45 46
45 49
45 13
45 20
45 30
45 3
45 28
45 23
45 15
45 29
45 4
45 5
45 2
45 42
45 44
45 1
45 48
18
46 24
46 30
46 5
46 40
46 41
46 0
46 12
46 44
46 25
46 42
46 36
46 32
46 6
46 27
46 20
46 3
46 19
46 34
23
47 37
47 30
47 11
47 15
47 25
47 17
47 22
47 5
47 34
47 33
47 2
47 23
47 48
47 38
47 41
47 7
47 24
47 16
47 1
47 40
47 27
47 42
47 3
20
48 13
48 26
48 41
48 28
48 49
48 30
48 34
48 35
48 17
48 18
48 21
48 37
48 25
48 42
48 22
48 10
48 44
48 32
48 1
48 9
18
49 47
49 31
49 44
49 13
49 17
49 38
49 10
49 8
49 7
49 40
49 41
49 18
49 36
49 26
49 37
49 32
49 33
49 14
