50
0 "A5"
1 "A18"
2 "A42"
3 "A13"
4 "A26"
5 "A12"
6 "A3"
7 "A38"
8 "A8"
9 "A49"
10 "A1"
11 "A37"
12 "A15"
13 "A19"
14 "A7"
15 "A45"
16 "A25"
17 "A16"
18 "A0"
19 "A32"
20 "A10"
21 "A6"
22 "A9"
23 "A36"
24 "A30"
25 "A4"
26 "A29"
27 "A20"
28 "A47"
29 "A39"
30 "A14"
31 "A28"
32 "A31"
33 "A23"
34 "A34"
35 "A40"
36 "A24"
37 "A43"
38 "A22"
39 "A33"
40 "A2"
41 "A17"
42 "A41"
43 "A11"
44 "A48"
45 "A35"
46 "A27"
47 "A46"
48 "A21"
49 "A44"
24
0 28
0 49
0 33
0 12
0 26
0 39
0 40
0 5
0 31
0 43
0 15
0 41
0 32
0 8
0 13
0 27
0 1
0 20
0 10
0 3
0 9
0 6
0 46
0 42
16
1 41
1 31
1 45
1 21
1 16
1 17
1 32
1 25
1 19
1 49
1 3
1 2
1 30
1 48
1 38
1 37
16
2 7
2 21
2 15
2 25
2 0
2 37
2 48
2 17
2 27
2 40
2 4
2 16
2 9
2 45
2 8
2 39
19
3 44
3 11
3 2
3 13
3 38
3 27
3 39
3 16
3 31
3 5
3 43
3 10
3 42
3 18
3 26
3 7
3 14
3 36
3 9
17
4 36
4 0
4 38
4 1
4 22
4 8
4 17
4 33
4 21
4 45
4 47
4 31
4 13
4 11
4 7
4 3
4 48
25
5 16
5 15
5 14
5 31
5 24
5 1
5 29
5 27
5 21
5 17
5 9
5 10
5 40
5 41
5 36
5 7
5 12
5 49
5 25
5 30
5 6
5 22
5 35
5 44
5 43
10
6 41
6 39
6 37
6 32
6 34
6 43
6 4
6 29
6 27
6 20
21
7 17
7 1
7 37
7 28
7 6
7 0
7 22
7 49
7 43
7 23
7 40
7 16
7 20
7 44
7 8
7 38
7 46
7 11
7 14
7 30
7 13
18
8 27
8 14
8 26
8 1
8 32
8 43
8 28
8 20
8 33
8 15
8 40
8 3
8 16
8 17
8 12
8 44
8 29
8 9
18
9 16
9 6
9 29
9 33
9 4
9 40
9 39
9 7
9 38
9 44
9 32
9 35
9 1
9 19
9 49
9 14
9 46
9 36
19
10 41
10 43
10 32
10 7
10 6
10 38
10 45
10 25
10 30
10 44
10 13
10 4
10 2
10 27
10 46
10 9
10 1
10 8
10 36
24
11 33
11 8
11 15
11 23
11 21
11 9
11 49
11 18
11 0
11 10
11 45
11 47
11 17
11 16
11 12
11 40
11 32
11 5
11 35
11 22
11 36
11 34
11 29
11 43
19
12 44
12 35
12 32
12 3
12 45
12 10
12 37
12 1
12 46
12 6
12 28
12 36
12 7
12 34
12 17
12 40
12 22
12 14
12 4
21
13 18
13 42
13 32
13 8
13 31
13 21
13 9
13 25
13 11
13 46
13 43
13 49
13 16
13 24
13 39
13 2
13 20
13 19
13 23
13 37
13 48
19
14 25
14 39
14 33
14 37
14 24
14 2
14 11
14 28
14 17
14 32
14 18
14 31
14 36
14 45
14 21
14 49
14 42
14 4
14 47
21
15 40
15 10
15 31
15 33
15 16
15 41
15 45
15 19
15 36
15 21
15 49
15 35
15 24
15 1
15 18
15 39
15 7
15 9
15 26
15 25
15 13
17
16 28
16 20
16 25
16 27
16 10
16 36
16 45
16 32
16 14
16 21
16 41
16 23
16 47
16 6
16 34
16 40
16 24
15
17 13
17 22
17 39
17 3
17 24
17 23
17 10
17 15
17 43
17 31
17 0
17 16
17 6
17 49
17 40
21
18 25
18 36
18 9
18 7
18 21
18 6
18 22
18 2
18 41
18 39
18 43
18 34
18 4
18 27
18 32
18 10
18 46
18 44
18 12
18 0
18 17
17
19 11
19 27
19 28
19 20
19 32
19 46
19 34
19 24
19 14
19 6
19 0
19 5
19 7
19 47
19 43
19 48
19 21
23
20 49
20 37
20 14
20 18
20 9
20 5
20 2
20 48
20 4
20 10
20 23
20 34
20 17
20 15
20 3
20 43
20 12
20 1
20 24
20 47
20 38
20 11
20 29
13
21 47
21 24
21 26
21 9
21 41
21 45
21 20
21 36
21 10
21 32
21 7
21 8
21 38
23
22 38
22 21
22 39
22 2
22 45
22 14
22 8
22 31
22 35
22 47
22 46
22 3
22 32
22 20
22 0
22 49
22 6
22 40
22 34
22 9
22 15
22 13
22 42
22
23 41
23 4
23 37
23 44
23 9
23 1
23 21
23 32
23 27
23 49
23 18
23 14
23 12
23 10
23 19
23 39
23 3
23 33
23 34
23 26
23 31
23 0
18
24 29
24 49
24 42
24 2
24 40
24 18
24 39
24 6
24 11
24 37
24 12
24 7
24 41
24 22
24 10
24 23
24 9
24 26
17
25 26
25 6
25 33
25 9
25 30
25 8
25 35
25 4
25 12
25 3
25 24
25 20
25 44
25 19
25 7
25 37
25 42
24
26 31
26 32
26 4
26 10
26 45
26 18
26 46
26 17
26 42
26 1
26 6
26 30
26 7
26 2
26 36
26 5
26 19
26 48
26 16
26 37
26 49
26 43
26 40
26 14
20
27 33
27 20
27 11
27 9
27 13
27 35
27 4
27 34
27 29
27 1
27 28
27 45
27 31
27 44
27 25
27 24
27 14
27 17
27 32
27 22
21
28 49
28 43
28 3
28 44
28 33
28 15
28 22
28 42
28 24
28 6
28 18
28 5
28 29
28 25
28 20
28 13
28 26
28 11
28 17
28 46
28 9
21
29 10
29 22
29 2
29 4
29 41
29 49
29 18
29 15
29 16
29 12
29 1
29 14
29 30
29 43
29 25
29 21
29 7
29 33
29 46
29 19
29 26
26
30 22
30 40
30 17
30 9
30 14
30 47
30 12
30 23
30 21
30 32
30 15
30 24
30 37
30 4
30 33
30 39
30 44
30 48
30 13
30 46
30 18
30 20
30 41
30 2
30 3
30 42
17
31 38
31 39
31 20
31 12
31 29
31 35
31 48
31 18
31 24
31 37
31 44
31 7
31 45
31 16
31 6
31 19
31 8
14
32 48
32 35
32 44
32 43
32 29
32 47
32 4
32 17
32 20
32 46
32 5
32 3
32 15
32 7
21
33 18
33 19
33 20
33 5
33 45
33 16
33 1
33 17
33 22
33 26
33 42
33 37
33 13
33 6
33 24
33 3
33 2
33 10
33 7
33 48
33 32
24
34 33
34 5
34 28
34 3
34 30
34 24
34 26
34 4
34 31
34 39
34 9
34 41
34 32
34 43
34 8
34 1
34 10
34 25
34 37
34 21
34 0
34 17
34 7
34 47
27
35 0
35 18
35 17
35 42
35 28
35 2
35 41
35 23
35 34
35 10
35 40
35 49
35 36
35 30
35 4
35 1
35 6
35 14
35 19
35 24
35 16
35 21
35 26
35 47
35 7
35 8
35 38
17
36 29
36 6
36 46
36 42
36 28
36 0
36 33
36 34
36 17
36 41
36 23
36 19
36 30
36 38
36 13
36 22
36 27
18
37 40
37 9
37 15
37 16
37 22
37 32
37 18
37 19
37 11
37 28
37 3
37 29
37 35
37 21
37 8
37 10
37 43
37 4
18
38 0
38 27
38 15
38 28
38 23
38 45
38 30
38 18
38 39
38 16
38 42
38 46
38 37
38 25
38 34
38 32
38 8
38 12
22
39 33
39 37
39 48
39 27
39 32
39 25
39 36
39 21
39 20
39 7
39 26
39 5
39 44
39 28
39 29
39 10
39 42
39 12
39 8
39 16
39 45
39 41
24
40 48
40 18
40 10
40 4
40 39
40 31
40 14
40 3
40 23
40 1
40 20
40 32
40 36
40 49
40 6
40 21
40 29
40 28
40 45
40 34
40 25
40 33
40 27
40 47
19
41 38
41 17
41 47
41 27
41 8
41 12
41 33
41 19
41 40
41 11
41 32
41 22
41 9
41 44
41 14
41 28
41 3
41 25
41 4
20
42 7
42 1
42 10
42 21
42 2
42 20
42 29
42 6
42 41
42 23
42 34
42 4
42 17
42 12
42 31
42 40
42 8
42 44
42 18
42 5
16
43 42
43 41
43 23
43 4
43 47
43 44
43 9
43 12
43 30
43 31
43 16
43 36
43 24
43 2
43 33
43 27
16
44 11
44 6
44 4
44 2
44 15
44 35
44 14
44 1
44 38
44 36
44 20
44 19
44 24
44 17
44 33
44 13
21
45 28
45 46
45 36
45 3
45 7
45 32
45 5
45 18
45 17
45 30
45 20
45 25
45 42
45 43
45 13
45 0
45 35
45 8
45 41
45 44
45 23
20
46 39
46 47
46 20
46 8
46 44
46 6
46 15
46 37
46 35
46 16
46 23
46 41
46 3
46 5
46 1
46 17
46 21
46 27
46 4
46 40
21
47 23
47 13
47 8
47 3
47 7
47 49
47 10
47 45
47 29
47 42
47 18
47 48
47 1
47 26
47 28
47 0
47 24
47 9
47 15
47 36
47 12
18
48 14
48 3
48 38
48 8
48 9
48 43
48 37
48 18
48 15
48 36
48 7
48 6
48 41
48 22
48 28
48 44
48 16
48 23
22
49 39
49 6
49 48
49 25
49 36
49 43
49 3
49 31
49 30
49 32
49 41
49 44
49 45
49 2
49 46
49 8
49 18
49 19
49 38
49 42
49 10
49 21
