50
0 "A5"
1 "A18"
2 "A42"
3 "A13"
4 "A26"
5 "A12"
6 "A3"
7 "A38"
8 "A8"
9 "A49"
10 "A1"
11 "A37"
12 "A15"
13 "A19"
14 "A7"
15 "A45"
16 "A25"
17 "A16"
18 "A0"
19 "A32"
20 "A10"
21 "A6"
22 "A9"
23 "A36"
24 "A30"
25 "A4"
26 "A29"
27 "A20"
28 "A47"
29 "A39"
30 "A14"
31 "A28"
32 "A31"
33 "A23"
34 "A34"
35 "A40"
36 "A24"
37 "A43"
38 "A22"
39 "A33"
40 "A2"
41 "A17"
42 "A41"
43 "A11"
44 "A48"
45 "A35"
46 "A27"
47 "A46"
48 "A21"
49 "A44"
20
0 9
0 26
0 46
0 10
0 45
0 47
0 27
0 32
0 36
0 49
0 15
0 31
0 48
0 35
0 24
0 2
0 37
0 20
0 5
0 25
24
1 18
1 34
1 28
1 20
1 6
1 42
1 5
1 16
1 43
1 47
1 45
1 17
1 8
1 0
1 49
1 3
1 12
1 23
1 21
1 19
1 13
1 39
1 46
1 4
21
2 10
2 24
2 5
2 4
2 48
2 41
2 44
2 20
2 35
2 47
2 40
2 21
2 12
2 49
2 17
2 9
2 23
2 36
2 34
2 31
2 30
21
3 34
3 0
3 49
3 29
3 25
3 33
3 21
3 46
3 12
3 37
3 44
3 24
3 17
3 6
3 26
3 10
3 11
3 27
3 7
3 9
3 16
21
4 32
4 31
4 7
4 34
4 10
4 39
4 18
4 30
4 11
4 48
4 43
4 36
4 45
4 29
4 20
4 33
4 26
4 40
4 15
4 35
4 41
17
5 11
5 31
5 45
5 17
5 21
5 14
5 6
5 39
5 34
5 26
5 44
5 10
5 25
5 35
5 8
5 13
5 4
18
6 36
6 31
6 8
6 27
6 4
6 21
6 11
6 43
6 44
6 37
6 9
6 10
6 24
6 26
6 40
6 23
6 15
6 0
26
7 17
7 45
7 15
7 30
7 21
7 13
7 24
7 39
7 48
7 38
7 0
7 19
7 16
7 49
7 20
7 5
7 2
7 28
7 18
7 42
7 6
7 23
7 11
7 10
7 29
7 22
18
8 25
8 44
8 21
8 32
8 14
8 16
8 2
8 34
8 12
8 26
8 41
8 15
8 49
8 22
8 23
8 0
8 31
8 48
22
9 12
9 32
9 42
9 7
9 28
9 25
9 38
9 24
9 26
9 14
9 44
9 35
9 18
9 31
9 20
9 21
9 22
9 4
9 13
9 16
9 36
9 41
15
10 26
10 44
10 34
10 39
10 14
10 37
10 27
10 42
10 46
10 41
10 11
10 28
10 43
10 18
10 33
16
11 44
11 31
11 20
11 18
11 33
11 13
11 2
11 0
11 26
11 14
11 23
11 1
11 24
11 9
11 41
11 25
17
12 27
12 47
12 44
12 37
12 31
12 36
12 23
12 26
12 6
12 10
12 11
12 4
12 40
12 13
12 15
12 5
12 0
21
13 33
13 17
13 14
13 27
13 39
13 36
13 15
13 16
13 6
13 34
13 38
13 42
13 44
13 4
13 30
13 8
13 2
13 10
13 0
13 3
13 35
13
14 4
14 33
14 26
14 32
14 41
14 12
14 15
14 29
14 43
14 22
14 0
14 17
14 31
13
15 28
15 25
15 9
15 27
15 3
15 29
15 23
15 17
15 5
15 11
15 39
15 1
15 47
25
16 32
16 37
16 4
16 38
16 44
16 19
16 29
16 6
16 49
16 40
16 0
16 5
16 27
16 36
16 14
16 10
16 46
16 47
16 2
16 42
16 22
16 31
16 12
16 17
16 21
20
17 9
17 43
17 26
17 29
17 46
17 4
17 35
17 24
17 6
17 41
17 23
17 21
17 25
17 38
17 31
17 33
17 10
17 42
17 30
17 8
17
18 19
18 27
18 35
18 17
18 13
18 47
18 33
18 23
18 34
18 2
18 8
18 16
18 0
18 44
18 5
18 14
18 30
22
19 20
19 48
19 31
19 38
19 44
19 46
19 12
19 25
19 6
19 21
19 34
19 15
19 3
19 17
19 5
19 11
19 10
19 4
19 42
19 9
19 23
19 43
20
20 10
20 12
20 13
20 28
20 47
20 16
20 38
20 21
20 29
20 3
20 8
20 15
20 6
20 26
20 45
20 40
20 30
20 18
20 17
20 5
20
21 18
21 45
21 37
21 48
21 10
21 25
21 0
21 42
21 26
21 13
21 47
21 27
21 32
21 28
21 12
21 40
21 36
21 34
21 11
21 15
25
22 18
22 19
22 45
22 17
22 6
22 4
22 10
22 26
22 49
22 13
22 48
22 31
22 2
22 12
22 20
22 28
22 38
22 29
22 39
22 21
22 3
22 34
22 0
22 5
22 44
21
23 30
23 39
23 31
23 36
23 41
23 24
23 14
23 16
23 43
23 3
23 4
23 38
23 47
23 44
23 5
23 32
23 22
23 0
23 25
23 49
23 10
21
24 34
24 49
24 28
24 8
24 25
24 5
24 16
24 38
24 46
24 30
24 33
24 43
24 15
24 22
24 40
24 31
24 20
24 29
24 44
24 12
24 42
17
25 6
25 44
25 48
25 37
25 22
25 1
25 29
25 16
25 28
25 27
25 14
25 30
25 7
25 4
25 10
25 42
25 47
13
26 49
26 2
26 16
26 7
26 15
26 28
26 27
26 19
26 18
26 35
26 45
26 13
26 1
22
27 20
27 44
27 14
27 4
27 5
27 41
27 43
27 7
27 1
27 39
27 19
27 11
27 9
27 45
27 34
27 17
27 8
27 22
27 46
27 23
27 35
27 42
19
28 18
28 11
28 44
28 35
28 19
28 33
28 3
28 39
28 2
28 27
28 4
28 13
28 6
28 46
28 30
28 16
28 34
28 47
28 40
21
29 0
29 13
29 45
29 43
29 48
29 39
29 49
29 21
29 9
29 47
29 34
29 5
29 27
29 40
29 8
29 44
29 18
29 19
29 1
29 6
29 28
21
30 5
30 46
30 35
30 22
30 8
30 15
30 1
30 32
30 40
30 9
30 29
30 11
30 37
30 48
30 44
30 6
30 45
30 26
30 21
30 27
30 16
15
31 48
31 3
31 27
31 28
31 26
31 21
31 38
31 43
31 18
31 25
31 42
31 30
31 33
31 40
31 46
22
32 39
32 19
32 43
32 40
32 36
32 41
32 48
32 1
32 6
32 5
32 18
32 35
32 25
32 37
32 12
32 46
32 7
32 44
32 22
32 45
32 3
32 31
20
33 2
33 48
33 35
33 26
33 27
33 1
33 16
33 5
33 37
33 21
33 29
33 36
33 32
33 43
33 8
33 12
33 20
33 34
33 41
33 25
17
34 23
34 7
34 30
34 17
34 39
34 32
34 16
34 26
34 6
34 15
34 42
34 46
34 40
34 9
34 37
34 14
34 49
19
35 6
35 10
35 43
35 46
35 16
35 23
35 3
35 20
35 7
35 19
35 25
35 11
35 14
35 12
35 24
35 22
35 37
35 44
35 21
18
36 24
36 7
36 35
36 30
36 20
36 27
36 29
36 44
36 5
36 3
36 45
36 15
36 25
36 14
36 22
36 10
36 8
36 1
23
37 15
37 13
37 44
37 36
37 46
37 14
37 5
37 1
37 7
37 23
37 27
37 24
37 9
37 20
37 26
37 4
37 31
37 2
37 19
37 17
37 11
37 45
37 28
22
38 36
38 35
38 4
38 5
38 25
38 32
38 27
38 6
38 12
38 21
38 37
38 15
38 29
38 47
38 49
38 41
38 44
38 33
38 28
38 40
38 2
38 18
22
39 33
39 9
39 19
39 44
39 35
39 6
39 21
39 12
39 14
39 16
39 0
39 36
39 18
39 24
39 25
39 43
39 20
39 30
39 38
39 46
39 31
39 37
20
40 37
40 5
40 46
40 0
40 1
40 39
40 15
40 25
40 36
40 26
40 22
40 18
40 8
40 33
40 10
40 13
40 17
40 19
40 43
40 14
22
41 36
41 25
41 43
41 35
41 13
41 40
41 12
41 46
41 42
41 16
41 26
41 29
41 31
41 22
41 45
41 5
41 18
41 37
41 30
41 19
41 3
41 15
21
42 30
42 22
42 26
42 0
42 36
42 48
42 45
42 14
42 47
42 15
42 29
42 3
42 11
42 2
42 40
42 6
42 18
42 32
42 35
42 12
42 5
16
43 8
43 49
43 38
43 44
43 28
43 34
43 20
43 22
43 21
43 7
43 18
43 42
43 25
43 30
43 3
43 15
16
44 4
44 34
44 21
44 20
44 1
44 49
44 33
44 17
44 47
44 15
44 14
44 0
44 45
44 7
44 42
44 26
21
45 9
45 35
45 34
45 40
45 18
45 43
45 6
45 48
45 24
45 38
45 15
45 3
45 16
45 8
45 25
45 12
45 28
45 33
45 2
45 13
45 11
16
46 38
46 15
46 6
46 2
46 13
46 48
46 44
46 12
46 26
46 43
46 29
46 47
46 36
46 18
46 23
46 22
18
47 34
47 43
47 22
47 13
47 36
47 39
47 9
47 11
47 17
47 30
47 4
47 7
47 41
47 14
47 32
47 8
47 3
47 19
22
48 11
48 3
48 28
48 5
48 24
48 43
48 34
48 15
48 40
48 47
48 36
48 27
48 18
48 9
48 1
48 16
48 41
48 6
48 37
48 35
48 10
48 39
23
49 6
49 4
49 9
49 20
49 31
49 13
49 35
49 33
49 18
49 21
49 48
49 42
49 28
49 47
49 30
49 14
49 40
49 36
49 19
49 45
49 25
49 37
49 46
