50
0 "A35"
1 "A4"
2 "A30"
3 "A38"
4 "A9"
5 "A1"
6 "A8"
7 "A46"
8 "A42"
9 "A19"
10 "A22"
11 "A27"
12 "A25"
13 "A28"
14 "A45"
15 "A11"
16 "A2"
17 "A34"
18 "A10"
19 "A37"
20 "A5"
21 "A16"
22 "A36"
23 "A48"
24 "A12"
25 "A33"
26 "A26"
27 "A47"
28 "A32"
29 "A39"
30 "A29"
31 "A21"
32 "A0"
33 "A41"
34 "A3"
35 "A31"
36 "A43"
37 "A17"
38 "A23"
39 "A14"
40 "A49"
41 "A13"
42 "A20"
43 "A44"
44 "A6"
45 "A24"
46 "A40"
47 "A7"
48 "A15"
49 "A18"
21
0 14
0 43
0 1
0 26
0 36
0 5
0 38
0 42
0 32
0 6
0 25
0 19
0 40
0 39
0 8
0 22
0 48
0 7
0 46
0 9
0 31
19
1 29
1 46
1 19
1 37
1 18
1 10
1 9
1 23
1 17
1 33
1 22
1 40
1 38
1 14
1 47
1 13
1 21
1 45
1 44
17
2 0
2 34
2 43
2 12
2 14
2 30
2 22
2 8
2 36
2 11
2 17
2 9
2 49
2 27
2 4
2 44
2 26
21
3 6
3 18
3 2
3 23
3 15
3 41
3 26
3 11
3 19
3 14
3 43
3 29
3 39
3 9
3 27
3 45
3 12
3 22
3 0
3 37
3 35
17
4 3
4 26
4 9
4 12
4 13
4 19
4 23
4 36
4 17
4 7
4 34
4 43
4 20
4 28
4 30
4 44
4 0
18
5 28
5 22
5 1
5 31
5 2
5 14
5 30
5 23
5 42
5 9
5 27
5 36
5 13
5 37
5 15
5 20
5 32
5 19
21
6 9
6 44
6 16
6 34
6 11
6 33
6 36
6 20
6 40
6 48
6 38
6 5
6 31
6 1
6 21
6 26
6 17
6 2
6 32
6 15
6 4
21
7 42
7 40
7 47
7 15
7 49
7 34
7 30
7 19
7 2
7 27
7 6
7 11
7 16
7 10
7 29
7 1
7 21
7 28
7 3
7 9
7 25
12
8 30
8 4
8 26
8 48
8 18
8 33
8 22
8 14
8 12
8 42
8 10
8 39
15
9 12
9 15
9 10
9 37
9 18
9 38
9 8
9 16
9 17
9 21
9 36
9 44
9 23
9 27
9 29
21
10 33
10 3
10 40
10 2
10 12
10 46
10 20
10 48
10 18
10 31
10 37
10 21
10 5
10 11
10 34
10 23
10 24
10 0
10 15
10 25
10 43
18
11 35
11 22
11 18
11 5
11 1
11 39
11 17
11 41
11 8
11 32
11 13
11 20
11 16
11 23
11 14
11 9
11 47
11 25
18
12 36
12 21
12 19
12 6
12 41
12 23
12 37
12 18
12 25
12 22
12 14
12 38
12 44
12 16
12 24
12 49
12 11
12 1
25
13 3
13 27
13 0
13 24
13 35
13 22
13 25
13 34
13 6
13 20
13 21
13 41
13 37
13 45
13 23
13 9
13 16
13 47
13 15
13 7
13 46
13 48
13 12
13 2
13 8
16
14 31
14 33
14 25
14 21
14 46
14 9
14 49
14 27
14 45
14 41
14 22
14 26
14 42
14 44
14 13
14 37
20
15 0
15 41
15 23
15 47
15 28
15 16
15 14
15 38
15 46
15 18
15 48
15 21
15 32
15 22
15 4
15 35
15 2
15 39
15 12
15 27
17
16 19
16 4
16 17
16 36
16 21
16 37
16 3
16 40
16 8
16 5
16 14
16 44
16 45
16 23
16 2
16 1
16 20
20
17 7
17 44
17 13
17 26
17 30
17 14
17 8
17 15
17 40
17 18
17 3
17 49
17 39
17 46
17 22
17 48
17 43
17 5
17 25
17 37
18
18 44
18 43
18 35
18 38
18 5
18 20
18 27
18 19
18 39
18 4
18 30
18 29
18 6
18 14
18 26
18 16
18 40
18 7
23
19 46
19 41
19 34
19 39
19 9
19 20
19 6
19 45
19 25
19 44
19 36
19 13
19 17
19 37
19 48
19 21
19 10
19 35
19 47
19 29
19 28
19 22
19 43
20
20 30
20 36
20 32
20 7
20 47
20 41
20 31
20 9
20 42
20 2
20 3
20 27
20 25
20 46
20 14
20 12
20 22
20 17
20 1
20 0
16
21 33
21 17
21 40
21 0
21 29
21 49
21 38
21 2
21 18
21 35
21 42
21 11
21 4
21 8
21 30
21 28
11
22 21
22 27
22 18
22 38
22 42
22 33
22 9
22 10
22 28
22 7
22 4
24
23 2
23 14
23 31
23 27
23 29
23 42
23 38
23 0
23 6
23 22
23 32
23 36
23 7
23 46
23 34
23 19
23 18
23 28
23 21
23 39
23 47
23 8
23 48
23 45
24
24 45
24 20
24 37
24 15
24 40
24 8
24 5
24 17
24 23
24 27
24 7
24 19
24 25
24 2
24 22
24 21
24 14
24 32
24 35
24 1
24 11
24 3
24 43
24 4
19
25 31
25 4
25 1
25 3
25 2
25 22
25 18
25 36
25 15
25 32
25 28
25 16
25 34
25 38
25 29
25 21
25 49
25 26
25 42
22
26 15
26 7
26 9
26 22
26 27
26 16
26 11
26 32
26 1
26 10
26 12
26 33
26 42
26 30
26 34
26 19
26 39
26 37
26 44
26 48
26 49
26 24
17
27 19
27 17
27 4
27 10
27 42
27 35
27 47
27 25
27 37
27 31
27 44
27 11
27 21
27 6
27 28
27 34
27 1
20
28 42
28 9
28 33
28 26
28 24
28 48
28 45
28 35
28 44
28 18
28 20
28 1
28 11
28 37
28 47
28 32
28 17
28 38
28 34
28 14
19
29 41
29 15
29 32
29 35
29 34
29 24
29 8
29 2
29 20
29 27
29 10
29 36
29 11
29 28
29 0
29 48
29 33
29 16
29 5
23
30 22
30 44
30 29
30 6
30 13
30 14
30 11
30 47
30 42
30 28
30 31
30 34
30 16
30 15
30 24
30 19
30 43
30 39
30 36
30 3
30 45
30 9
30 27
20
31 48
31 29
31 32
31 36
31 38
31 16
31 18
31 28
31 22
31 7
31 12
31 49
31 15
31 42
31 17
31 19
31 33
31 37
31 24
31 3
22
32 13
32 38
32 10
32 12
32 3
32 27
32 22
32 48
32 1
32 7
32 18
32 35
32 39
32 4
32 41
32 14
32 2
32 19
32 45
32 37
32 9
32 49
22
33 7
33 5
33 2
33 45
33 36
33 34
33 42
33 39
33 23
33 38
33 17
33 0
33 25
33 48
33 18
33 12
33 16
33 40
33 32
33 4
33 3
33 35
19
34 24
34 5
34 40
34 45
34 38
34 12
34 15
34 39
34 48
34 1
34 16
34 31
34 0
34 47
34 44
34 32
34 8
34 21
34 18
28
35 14
35 46
35 8
35 6
35 9
35 26
35 12
35 17
35 16
35 41
35 45
35 40
35 37
35 47
35 22
35 31
35 34
35 49
35 2
35 0
35 25
35 39
35 4
35 5
35 10
35 30
35 42
35 23
19
36 49
36 18
36 13
36 11
36 28
36 17
36 34
36 37
36 26
36 43
36 24
36 1
36 41
36 35
36 42
36 21
36 15
36 48
36 3
17
37 23
37 4
37 45
37 29
37 7
37 39
37 11
37 30
37 49
37 34
37 20
37 33
37 2
37 15
37 46
37 8
37 25
21
38 41
38 13
38 8
38 48
38 11
38 5
38 20
38 7
38 24
38 19
38 2
38 16
38 10
38 26
38 40
38 35
38 14
38 4
38 27
38 3
38 17
22
39 1
39 31
39 27
39 24
39 43
39 4
39 16
39 2
39 10
39 42
39 49
39 9
39 5
39 14
39 12
39 28
39 20
39 6
39 13
39 21
39 36
39 48
21
40 45
40 22
40 20
40 19
40 25
40 14
40 13
40 4
40 12
40 32
40 3
40 39
40 49
40 43
40 8
40 27
40 9
40 37
40 15
40 36
40 5
21
41 1
41 21
41 8
41 49
41 26
41 45
41 7
41 18
41 31
41 34
41 24
41 37
41 6
41 2
41 10
41 25
41 4
41 46
41 23
41 27
41 22
17
42 48
42 19
42 37
42 16
42 9
42 11
42 32
42 6
42 24
42 41
42 12
42 3
42 10
42 34
42 4
42 44
42 1
24
43 37
43 23
43 38
43 8
43 15
43 14
43 28
43 5
43 32
43 6
43 41
43 7
43 9
43 26
43 27
43 1
43 11
43 35
43 42
43 44
43 20
43 12
43 48
43 25
18
44 24
44 3
44 20
44 49
44 41
44 38
44 48
44 5
44 15
44 36
44 22
44 35
44 13
44 10
44 39
44 37
44 0
44 23
20
45 43
45 44
45 10
45 15
45 2
45 0
45 11
45 31
45 8
45 47
45 48
45 39
45 12
45 17
45 18
45 36
45 49
45 5
45 38
45 4
21
46 7
46 43
46 22
46 5
46 24
46 8
46 34
46 44
46 12
46 11
46 45
46 47
46 32
46 31
46 6
46 30
46 42
46 28
46 9
46 33
46 39
22
47 40
47 37
47 21
47 10
47 5
47 3
47 29
47 41
47 17
47 4
47 39
47 33
47 48
47 18
47 44
47 36
47 38
47 12
47 42
47 24
47 14
47 8
17
48 27
48 25
48 4
48 18
48 46
48 9
48 11
48 40
48 1
48 37
48 12
48 22
48 35
48 2
48 7
48 41
48 20
16
49 42
49 23
49 16
49 27
49 38
49 4
49 30
49 22
49 29
49 10
49 48
49 47
49 0
49 3
49 9
49 20
