50
0 "A35"
1 "A4"
2 "A30"
3 "A38"
4 "A9"
5 "A1"
6 "A8"
7 "A46"
8 "A42"
9 "A19"
10 "A22"
11 "A27"
12 "A25"
13 "A28"
14 "A45"
15 "A11"
16 "A2"
17 "A34"
18 "A10"
19 "A37"
20 "A5"
21 "A16"
22 "A36"
23 "A48"
24 "A12"
25 "A33"
26 "A26"
27 "A47"
28 "A32"
29 "A39"
30 "A29"
31 "A21"
32 "A0"
33 "A41"
34 "A3"
35 "A31"
36 "A43"
37 "A17"
38 "A23"
39 "A14"
40 "A49"
41 "A13"
42 "A20"
43 "A44"
44 "A6"
45 "A24"
46 "A40"
47 "A7"
48 "A15"
49 "A18"
16
0 7
0 23
0 28
0 39
0 40
0 17
0 32
0 21
0 18
0 46
0 35
0 36
0 3
0 25
0 22
0 4
19
1 10
1 23
1 18
1 19
1 39
1 5
1 36
1 20
1 44
1 45
1 28
1 35
1 4
1 14
1 48
1 17
1 12
1 46
1 25
18
2 27
2 8
2 24
2 32
2 7
2 31
2 0
2 43
2 25
2 13
2 34
2 26
2 44
2 5
2 3
2 23
2 11
2 6
22
3 48
3 17
3 19
3 39
3 11
3 46
3 47
3 20
3 33
3 40
3 30
3 38
3 23
3 21
3 18
3 34
3 1
3 5
3 8
3 10
3 31
3 27
26
4 18
4 8
4 5
4 29
4 31
4 28
4 16
4 22
4 15
4 25
4 20
4 36
4 19
4 33
4 2
4 10
4 45
4 12
4 13
4 17
4 38
4 30
4 14
4 23
4 41
4 3
16
5 43
5 20
5 40
5 8
5 45
5 36
5 0
5 30
5 47
5 35
5 19
5 26
5 33
5 6
5 9
5 38
22
6 41
6 21
6 49
6 44
6 34
6 29
6 30
6 23
6 25
6 33
6 43
6 40
6 24
6 47
6 45
6 39
6 32
6 13
6 3
6 0
6 1
6 14
20
7 33
7 25
7 30
7 43
7 9
7 8
7 23
7 27
7 40
7 16
7 46
7 32
7 4
7 39
7 6
7 1
7 37
7 3
7 19
7 49
22
8 19
8 28
8 29
8 6
8 48
8 20
8 10
8 9
8 0
8 13
8 23
8 41
8 38
8 30
8 1
8 24
8 34
8 44
8 12
8 31
8 14
8 26
18
9 45
9 38
9 22
9 3
9 35
9 11
9 6
9 1
9 20
9 19
9 34
9 28
9 2
9 17
9 26
9 47
9 33
9 0
22
10 7
10 39
10 0
10 18
10 38
10 28
10 47
10 44
10 45
10 11
10 19
10 12
10 6
10 9
10 23
10 43
10 27
10 14
10 46
10 5
10 2
10 42
20
11 33
11 37
11 28
11 39
11 29
11 0
11 17
11 34
11 24
11 13
11 23
11 42
11 20
11 14
11 15
11 6
11 1
11 38
11 5
11 31
19
12 9
12 32
12 39
12 31
12 6
12 34
12 16
12 35
12 5
12 47
12 18
12 38
12 41
12 19
12 49
12 33
12 37
12 11
12 17
18
13 19
13 27
13 18
13 21
13 47
13 22
13 5
13 37
13 12
13 9
13 26
13 7
13 14
13 29
13 43
13 0
13 42
13 16
19
14 19
14 43
14 40
14 42
14 41
14 25
14 2
14 26
14 9
14 12
14 21
14 22
14 38
14 3
14 30
14 28
14 5
14 47
14 35
22
15 7
15 34
15 40
15 13
15 3
15 26
15 6
15 19
15 9
15 1
15 33
15 48
15 0
15 8
15 25
15 38
15 44
15 2
15 35
15 41
15 5
15 45
22
16 5
16 20
16 10
16 9
16 45
16 14
16 17
16 21
16 26
16 3
16 34
16 39
16 37
16 2
16 6
16 22
16 29
16 38
16 46
16 8
16 27
16 0
13
17 5
17 34
17 33
17 36
17 2
17 47
17 26
17 6
17 37
17 14
17 27
17 46
17 15
23
18 49
18 32
18 22
18 30
18 15
18 19
18 11
18 44
18 42
18 48
18 25
18 36
18 39
18 28
18 35
18 23
18 6
18 40
18 14
18 20
18 5
18 26
18 31
17
19 34
19 28
19 23
19 49
19 0
19 2
19 25
19 27
19 38
19 31
19 40
19 36
19 16
19 6
19 42
19 11
19 35
15
20 48
20 37
20 7
20 32
20 0
20 33
20 19
20 14
20 13
20 2
20 15
20 44
20 17
20 30
20 28
23
21 4
21 5
21 12
21 31
21 24
21 26
21 18
21 20
21 41
21 17
21 11
21 39
21 49
21 40
21 29
21 32
21 2
21 34
21 22
21 30
21 10
21 28
21 15
23
22 29
22 15
22 24
22 8
22 49
22 3
22 17
22 7
22 10
22 12
22 31
22 42
22 1
22 46
22 20
22 48
22 27
22 32
22 5
22 23
22 33
22 38
22 40
21
23 47
23 12
23 29
23 35
23 20
23 16
23 9
23 28
23 49
23 36
23 46
23 5
23 14
23 48
23 25
23 21
23 37
23 13
23 33
23 24
23 38
16
24 46
24 9
24 25
24 26
24 15
24 20
24 18
24 34
24 39
24 3
24 47
24 1
24 17
24 0
24 14
24 13
18
25 29
25 27
25 8
25 30
25 42
25 22
25 13
25 48
25 16
25 5
25 20
25 21
25 32
25 38
25 9
25 36
25 12
25 44
17
26 39
26 3
26 43
26 19
26 6
26 35
26 23
26 28
26 36
26 41
26 7
26 25
26 49
26 4
26 10
26 37
26 40
19
27 32
27 8
27 15
27 45
27 9
27 18
27 5
27 43
27 37
27 39
27 14
27 11
27 0
27 30
27 35
27 21
27 12
27 1
27 31
19
28 22
28 36
28 39
28 34
28 25
28 27
28 30
28 35
28 24
28 15
28 37
28 41
28 7
28 6
28 16
28 43
28 12
28 2
28 17
20
29 27
29 14
29 44
29 1
29 7
29 2
29 9
29 10
29 38
29 48
29 26
29 15
29 30
29 33
29 42
29 28
29 24
29 34
29 37
29 5
23
30 15
30 45
30 11
30 0
30 44
30 34
30 39
30 9
30 35
30 22
30 42
30 23
30 12
30 13
30 49
30 41
30 16
30 48
30 37
30 10
30 1
30 2
30 47
25
31 46
31 38
31 36
31 44
31 15
31 45
31 47
31 20
31 1
31 26
31 16
31 39
31 17
31 24
31 14
31 5
31 23
31 7
31 13
31 6
31 9
31 10
31 25
31 30
31 32
20
32 23
32 10
32 14
32 11
32 1
32 34
32 39
32 42
32 17
32 19
32 26
32 8
32 4
32 28
32 46
32 5
32 15
32 47
32 29
32 43
14
33 34
33 13
33 18
33 21
33 45
33 39
33 42
33 25
33 2
33 35
33 19
33 1
33 43
33 10
13
34 26
34 0
34 5
34 40
34 1
34 13
34 48
34 20
34 31
34 37
34 44
34 4
34 43
18
35 3
35 8
35 10
35 29
35 4
35 7
35 47
35 22
35 44
35 16
35 46
35 21
35 11
35 6
35 24
35 20
35 32
35 34
18
36 7
36 27
36 10
36 12
36 24
36 16
36 40
36 43
36 29
36 49
36 2
36 45
36 35
36 37
36 3
36 14
36 21
36 9
18
37 21
37 15
37 25
37 35
37 3
37 45
37 1
37 41
37 42
37 40
37 33
37 32
37 4
37 24
37 39
37 22
37 0
37 18
16
38 28
38 21
38 13
38 24
38 33
38 18
38 35
38 44
38 27
38 36
38 26
38 40
38 0
38 17
38 7
38 43
12
39 29
39 20
39 19
39 25
39 35
39 36
39 49
39 23
39 14
39 34
39 5
39 48
19
40 17
40 45
40 12
40 11
40 42
40 28
40 30
40 25
40 16
40 24
40 27
40 4
40 20
40 10
40 39
40 9
40 35
40 8
40 29
24
41 11
41 13
41 39
41 3
41 7
41 24
41 5
41 16
41 0
41 35
41 32
41 19
41 2
41 31
41 22
41 38
41 34
41 29
41 20
41 18
41 10
41 40
41 27
41 9
13
42 20
42 34
42 3
42 39
42 41
42 38
42 27
42 45
42 5
42 4
42 28
42 35
42 15
18
43 37
43 30
43 42
43 39
43 8
43 49
43 1
43 9
43 19
43 12
43 29
43 24
43 16
43 21
43 35
43 11
43 23
43 4
21
44 21
44 3
44 42
44 36
44 43
44 46
44 24
44 40
44 27
44 16
44 13
44 23
44 26
44 0
44 41
44 32
44 19
44 49
44 45
44 9
44 7
20
45 3
45 14
45 25
45 38
45 20
45 34
45 17
45 7
45 29
45 43
45 13
45 24
45 39
45 21
45 12
45 35
45 28
45 47
45 23
45 22
24
46 38
46 34
46 4
46 11
46 45
46 21
46 6
46 27
46 18
46 36
46 48
46 33
46 13
46 30
46 19
46 14
46 29
46 5
46 37
46 26
46 43
46 15
46 42
46 9
25
47 15
47 20
47 2
47 42
47 36
47 21
47 25
47 29
47 41
47 18
47 33
47 28
47 46
47 22
47 27
47 0
47 11
47 7
47 1
47 38
47 19
47 37
47 43
47 34
47 40
30
48 11
48 12
48 6
48 9
48 27
48 24
48 28
48 21
48 26
48 40
48 10
48 47
48 42
48 5
48 37
48 7
48 43
48 4
48 19
48 33
48 45
48 14
48 0
48 36
48 38
48 41
48 17
48 32
48 44
48 2
24
49 35
49 1
49 31
49 14
49 25
49 5
49 13
49 9
49 11
49 46
49 41
49 3
49 4
49 42
49 40
49 28
49 10
49 47
49 29
49 38
49 33
49 20
49 16
49 17
