50
0 "A35"
1 "A4"
2 "A30"
3 "A38"
4 "A9"
5 "A1"
6 "A8"
7 "A46"
8 "A42"
9 "A19"
10 "A22"
11 "A27"
12 "A25"
13 "A28"
14 "A45"
15 "A11"
16 "A2"
17 "A34"
18 "A10"
19 "A37"
20 "A5"
21 "A16"
22 "A36"
23 "A48"
24 "A12"
25 "A33"
26 "A26"
27 "A47"
28 "A32"
29 "A39"
30 "A29"
31 "A21"
32 "A0"
33 "A41"
34 "A3"
35 "A31"
36 "A43"
37 "A17"
38 "A23"
39 "A14"
40 "A49"
41 "A13"
42 "A20"
43 "A44"
44 "A6"
45 "A24"
46 "A40"
47 "A7"
48 "A15"
49 "A18"
14
0 42
0 29
0 47
0 3
0 30
0 11
0 20
0 36
0 32
0 18
0 15
0 43
0 38
0 25
20
1 14
1 17
1 49
1 15
1 38
1 24
1 11
1 39
1 28
1 32
1 27
1 13
1 0
1 23
1 45
1 20
1 21
1 33
1 4
1 10
20
2 34
2 33
2 37
2 43
2 8
2 44
2 26
2 32
2 49
2 7
2 0
2 31
2 19
2 40
2 6
2 1
2 28
2 25
2 10
2 16
18
3 13
3 1
3 33
3 41
3 19
3 43
3 49
3 6
3 10
3 36
3 17
3 12
3 29
3 21
3 35
3 23
3 34
3 44
16
4 28
4 3
4 8
4 48
4 30
4 7
4 33
4 35
4 0
4 21
4 14
4 12
4 16
4 46
4 22
4 27
17
5 3
5 47
5 7
5 28
5 15
5 17
5 10
5 22
5 9
5 14
5 8
5 35
5 48
5 2
5 49
5 0
5 12
16
6 15
6 47
6 39
6 29
6 16
6 4
6 30
6 0
6 1
6 9
6 18
6 19
6 34
6 14
6 40
6 12
26
7 30
7 32
7 33
7 11
7 37
7 41
7 40
7 25
7 46
7 1
7 23
7 38
7 27
7 42
7 39
7 45
7 13
7 48
7 6
7 19
7 16
7 47
7 35
7 43
7 31
7 34
19
8 36
8 3
8 23
8 10
8 19
8 1
8 6
8 13
8 46
8 29
8 16
8 48
8 7
8 34
8 12
8 15
8 40
8 14
8 21
24
9 17
9 32
9 26
9 3
9 34
9 25
9 15
9 21
9 7
9 37
9 28
9 20
9 16
9 49
9 0
9 46
9 4
9 22
9 2
9 1
9 19
9 11
9 33
9 47
11
10 31
10 49
10 46
10 24
10 4
10 7
10 16
10 32
10 38
10 39
10 20
13
11 14
11 41
11 6
11 30
11 5
11 3
11 28
11 4
11 21
11 45
11 49
11 8
11 33
15
12 42
12 49
12 7
12 23
12 38
12 16
12 9
12 19
12 35
12 1
12 43
12 40
12 29
12 26
12 21
20
13 4
13 40
13 15
13 28
13 19
13 11
13 17
13 22
13 32
13 21
13 9
13 36
13 24
13 41
13 12
13 0
13 48
13 5
13 35
13 44
23
14 20
14 32
14 39
14 18
14 41
14 33
14 35
14 27
14 40
14 49
14 0
14 26
14 25
14 13
14 31
14 24
14 16
14 37
14 43
14 9
14 29
14 3
14 45
18
15 19
15 20
15 46
15 29
15 7
15 48
15 12
15 3
15 25
15 44
15 41
15 33
15 28
15 17
15 21
15 42
15 23
15 39
19
16 18
16 44
16 11
16 46
16 47
16 49
16 31
16 39
16 22
16 19
16 41
16 20
16 26
16 37
16 48
16 32
16 36
16 25
16 3
18
17 20
17 31
17 6
17 8
17 12
17 49
17 43
17 33
17 47
17 0
17 32
17 37
17 4
17 19
17 48
17 42
17 10
17 11
21
18 3
18 24
18 22
18 44
18 1
18 49
18 12
18 47
18 9
18 31
18 34
18 11
18 5
18 23
18 13
18 10
18 8
18 2
18 41
18 27
18 39
20
19 45
19 44
19 24
19 28
19 18
19 42
19 29
19 37
19 5
19 46
19 30
19 48
19 43
19 36
19 1
19 20
19 4
19 47
19 11
19 34
20
20 5
20 3
20 12
20 13
20 47
20 22
20 8
20 2
20 33
20 23
20 31
20 11
20 7
20 4
20 32
20 39
20 41
20 27
20 18
20 35
22
21 0
21 41
21 10
21 40
21 5
21 31
21 16
21 18
21 27
21 33
21 6
21 49
21 34
21 22
21 7
21 44
21 29
21 38
21 48
21 17
21 19
21 32
19
22 10
22 36
22 15
22 35
22 30
22 43
22 2
22 37
22 29
22 12
22 33
22 1
22 17
22 7
22 34
22 0
22 28
22 46
22 38
23
23 35
23 48
23 11
23 24
23 32
23 42
23 40
23 47
23 14
23 29
23 10
23 16
23 45
23 38
23 46
23 13
23 6
23 31
23 19
23 30
23 4
23 28
23 37
24
24 39
24 34
24 30
24 21
24 45
24 11
24 8
24 0
24 22
24 40
24 37
24 27
24 4
24 32
24 31
24 29
24 15
24 47
24 12
24 33
24 35
24 5
24 3
24 20
25
25 3
25 40
25 11
25 22
25 31
25 43
25 10
25 32
25 21
25 29
25 20
25 39
25 38
25 35
25 34
25 12
25 5
25 23
25 26
25 8
25 13
25 17
25 41
25 24
25 47
22
26 37
26 10
26 20
26 6
26 4
26 1
26 5
26 48
26 13
26 44
26 49
26 38
26 17
26 18
26 36
26 22
26 43
26 24
26 46
26 29
26 33
26 21
18
27 15
27 43
27 26
27 5
27 46
27 8
27 44
27 2
27 39
27 34
27 13
27 6
27 19
27 0
27 9
27 25
27 38
27 41
18
28 32
28 27
28 8
28 47
28 21
28 3
28 45
28 7
28 34
28 18
28 29
28 16
28 48
28 25
28 12
28 20
28 17
28 36
22
29 39
29 49
29 38
29 18
29 32
29 44
29 16
29 2
29 7
29 42
29 13
29 45
29 41
29 48
29 1
29 40
29 33
29 11
29 5
29 46
29 27
29 20
21
30 29
30 5
30 36
30 2
30 49
30 26
30 35
30 13
30 47
30 21
30 12
30 27
30 16
30 39
30 33
30 34
30 43
30 32
30 38
30 9
30 17
24
31 5
31 43
31 45
31 47
31 15
31 42
31 38
31 48
31 26
31 9
31 8
31 11
31 35
31 28
31 37
31 30
31 32
31 1
31 4
31 41
31 19
31 0
31 39
31 22
16
32 42
32 48
32 12
32 3
32 6
32 43
32 27
32 22
32 41
32 18
32 8
32 26
32 19
32 5
32 38
32 45
16
33 46
33 32
33 28
33 12
33 45
33 39
33 8
33 10
33 13
33 5
33 31
33 18
33 25
33 49
33 6
33 41
24
34 14
34 16
34 17
34 39
34 48
34 38
34 10
34 46
34 4
34 1
34 13
34 23
34 49
34 20
34 15
34 26
34 36
34 44
34 47
34 31
34 5
34 40
34 42
34 0
20
35 48
35 0
35 15
35 38
35 27
35 17
35 9
35 33
35 19
35 21
35 49
35 34
35 41
35 18
35 39
35 32
35 16
35 6
35 10
35 1
17
36 23
36 17
36 46
36 24
36 11
36 27
36 15
36 44
36 45
36 10
36 4
36 6
36 9
36 14
36 31
36 12
36 39
17
37 21
37 28
37 33
37 20
37 44
37 40
37 45
37 30
37 4
37 11
37 8
37 43
37 42
37 36
37 15
37 27
37 6
20
38 42
38 33
38 20
38 14
38 9
38 49
38 18
38 5
38 28
38 15
38 48
38 8
38 17
38 6
38 46
38 4
38 3
38 19
38 2
38 24
14
39 49
39 12
39 32
39 13
39 17
39 21
39 37
39 28
39 11
39 38
39 2
39 43
39 8
39 3
26
40 39
40 3
40 16
40 31
40 30
40 9
40 10
40 26
40 0
40 49
40 42
40 4
40 17
40 20
40 22
40 48
40 46
40 11
40 44
40 32
40 35
40 5
40 18
40 38
40 45
40 1
17
41 23
41 19
41 34
41 48
41 12
41 24
41 2
41 1
41 36
41 38
41 28
41 9
41 22
41 43
41 17
41 4
41 5
23
42 28
42 13
42 1
42 39
42 9
42 26
42 5
42 41
42 14
42 16
42 25
42 47
42 10
42 3
42 36
42 22
42 8
42 21
42 35
42 48
42 33
42 27
42 2
23
43 36
43 20
43 33
43 6
43 18
43 4
43 29
43 28
43 15
43 42
43 49
43 16
43 45
43 8
43 21
43 34
43 40
43 44
43 10
43 13
43 23
43 24
43 11
27
44 4
44 5
44 41
44 33
44 12
44 49
44 48
44 31
44 39
44 7
44 22
44 11
44 0
44 6
44 23
44 35
44 20
44 14
44 9
44 46
44 42
44 25
44 1
44 32
44 8
44 24
44 10
18
45 27
45 20
45 35
45 49
45 17
45 12
45 3
45 44
45 26
45 21
45 42
45 25
45 5
45 0
45 2
45 22
45 13
45 38
21
46 0
46 25
46 21
46 48
46 17
46 2
46 1
46 43
46 37
46 35
46 24
46 18
46 11
46 28
46 32
46 5
46 14
46 12
46 31
46 39
46 42
26
47 13
47 32
47 45
47 22
47 21
47 48
47 1
47 37
47 14
47 8
47 4
47 10
47 15
47 26
47 2
47 46
47 40
47 43
47 33
47 36
47 11
47 41
47 35
47 3
47 27
47 39
14
48 22
48 30
48 25
48 9
48 14
48 24
48 20
48 1
48 3
48 27
48 18
48 33
48 2
48 39
15
49 0
49 13
49 36
49 46
49 42
49 22
49 47
49 25
49 4
49 37
49 19
49 27
49 48
49 20
49 23
