50
0 "A35"
1 "A4"
2 "A30"
3 "A38"
4 "A9"
5 "A1"
6 "A8"
7 "A46"
8 "A42"
9 "A19"
10 "A22"
11 "A27"
12 "A25"
13 "A28"
14 "A45"
15 "A11"
16 "A2"
17 "A34"
18 "A10"
19 "A37"
20 "A5"
21 "A16"
22 "A36"
23 "A48"
24 "A12"
25 "A33"
26 "A26"
27 "A47"
28 "A32"
29 "A39"
30 "A29"
31 "A21"
32 "A0"
33 "A41"
34 "A3"
35 "A31"
36 "A43"
37 "A17"
38 "A23"
39 "A14"
40 "A49"
41 "A13"
42 "A20"
43 "A44"
44 "A6"
45 "A24"
46 "A40"
47 "A7"
48 "A15"
49 "A18"
18
0 48
0 5
0 30
0 3
0 20
0 49
0 28
0 29
0 42
0 44
0 34
0 4
0 16
0 36
0 31
0 24
0 21
0 11
16
1 48
1 0
1 26
1 34
1 10
1 7
1 20
1 41
1 6
1 27
1 32
1 5
1 18
1 19
1 9
1 4
20
2 0
2 48
2 17
2 21
2 39
2 24
2 5
2 25
2 1
2 41
2 33
2 22
2 43
2 28
2 47
2 6
2 30
2 3
2 29
2 14
19
3 11
3 24
3 10
3 33
3 43
3 29
3 47
3 21
3 7
3 4
3 25
3 48
3 1
3 27
3 20
3 44
3 40
3 19
3 16
19
4 33
4 29
4 38
4 22
4 35
4 21
4 11
4 5
4 39
4 31
4 30
4 28
4 48
4 9
4 13
4 6
4 18
4 25
4 43
19
5 44
5 34
5 10
5 11
5 32
5 33
5 14
5 3
5 27
5 29
5 21
5 23
5 43
5 37
5 41
5 36
5 49
5 24
5 17
18
6 17
6 44
6 45
6 22
6 35
6 42
6 41
6 39
6 3
6 11
6 38
6 13
6 28
6 29
6 15
6 10
6 24
6 7
18
7 31
7 4
7 36
7 2
7 9
7 22
7 19
7 27
7 26
7 47
7 10
7 33
7 41
7 42
7 46
7 37
7 35
7 25
26
8 20
8 25
8 47
8 0
8 34
8 29
8 1
8 7
8 49
8 16
8 6
8 38
8 21
8 4
8 42
8 37
8 40
8 45
8 48
8 39
8 23
8 19
8 44
8 12
8 46
8 31
22
9 19
9 36
9 23
9 18
9 29
9 49
9 42
9 38
9 32
9 25
9 35
9 20
9 3
9 30
9 6
9 12
9 39
9 5
9 0
9 46
9 33
9 45
19
10 29
10 19
10 47
10 14
10 20
10 9
10 33
10 36
10 43
10 16
10 45
10 32
10 8
10 0
10 18
10 30
10 38
10 4
10 48
23
11 46
11 20
11 44
11 30
11 26
11 31
11 22
11 28
11 21
11 32
11 24
11 10
11 9
11 17
11 33
11 27
11 1
11 7
11 38
11 2
11 8
11 41
11 34
24
12 35
12 46
12 31
12 6
12 42
12 3
12 45
12 22
12 1
12 10
12 17
12 7
12 38
12 2
12 20
12 33
12 28
12 39
12 32
12 4
12 34
12 27
12 24
12 16
23
13 21
13 10
13 34
13 5
13 39
13 47
13 25
13 0
13 1
13 27
13 12
13 24
13 35
13 3
13 16
13 17
13 19
13 15
13 20
13 7
13 18
13 29
13 8
18
14 43
14 11
14 27
14 37
14 12
14 39
14 20
14 29
14 32
14 34
14 8
14 48
14 25
14 26
14 15
14 0
14 4
14 1
23
15 35
15 18
15 27
15 30
15 11
15 10
15 36
15 45
15 49
15 9
15 25
15 8
15 37
15 21
15 33
15 2
15 47
15 26
15 20
15 3
15 4
15 17
15 41
17
16 19
16 23
16 22
16 17
16 21
16 4
16 15
16 36
16 38
16 20
16 2
16 48
16 9
16 47
16 37
16 33
16 35
19
17 26
17 33
17 24
17 47
17 25
17 20
17 9
17 30
17 28
17 29
17 4
17 48
17 3
17 10
17 18
17 0
17 42
17 14
17 41
20
18 48
18 46
18 41
18 38
18 27
18 0
18 31
18 32
18 16
18 49
18 35
18 44
18 7
18 23
18 2
18 43
18 36
18 22
18 5
18 11
18
19 47
19 2
19 38
19 4
19 5
19 43
19 14
19 29
19 18
19 11
19 48
19 36
19 22
19 45
19 12
19 15
19 32
19 21
12
20 45
20 6
20 18
20 25
20 4
20 41
20 31
20 19
20 2
20 48
20 7
20 34
18
21 14
21 25
21 24
21 42
21 6
21 38
21 12
21 34
21 28
21 17
21 44
21 20
21 43
21 10
21 9
21 18
21 45
21 7
16
22 31
22 37
22 48
22 39
22 1
22 15
22 27
22 17
22 13
22 34
22 14
22 3
22 5
22 32
22 47
22 45
23
23 2
23 44
23 19
23 13
23 21
23 3
23 41
23 15
23 42
23 14
23 28
23 22
23 37
23 17
23 0
23 6
23 39
23 12
23 38
23 46
23 10
23 36
23 4
17
24 42
24 38
24 8
24 36
24 25
24 47
24 34
24 22
24 37
24 23
24 18
24 19
24 28
24 4
24 1
24 20
24 35
13
25 16
25 18
25 0
25 12
25 30
25 46
25 35
25 1
25 43
25 39
25 6
25 10
25 27
23
26 0
26 40
26 29
26 24
26 18
26 20
26 21
26 35
26 49
26 25
26 46
26 22
26 13
26 12
26 10
26 5
26 48
26 19
26 31
26 47
26 16
26 28
26 27
17
27 36
27 16
27 6
27 4
27 46
27 20
27 43
27 47
27 8
27 21
27 34
27 48
27 30
27 2
27 10
27 24
27 39
14
28 16
28 20
28 27
28 36
28 14
28 33
28 8
28 46
28 22
28 9
28 48
28 3
28 5
28 25
20
29 15
29 16
29 38
29 12
29 20
29 34
29 32
29 27
29 1
29 24
29 49
29 44
29 46
29 30
29 36
29 25
29 22
29 7
29 23
29 31
27
30 45
30 18
30 38
30 28
30 37
30 19
30 47
30 3
30 48
30 46
30 5
30 13
30 22
30 43
30 24
30 14
30 33
30 6
30 20
30 16
30 32
30 1
30 23
30 49
30 8
30 12
30 26
17
31 32
31 27
31 46
31 13
31 39
31 34
31 23
31 47
31 14
31 25
31 17
31 2
31 28
31 15
31 38
31 3
31 9
22
32 4
32 20
32 37
32 44
32 41
32 27
32 6
32 28
32 21
32 36
32 2
32 13
32 35
32 3
32 46
32 7
32 8
32 16
32 25
32 23
32 34
32 49
17
33 42
33 21
33 13
33 18
33 0
33 22
33 43
33 19
33 37
33 31
33 32
33 27
33 40
33 8
33 25
33 14
33 38
13
34 39
34 6
34 19
34 17
34 26
34 42
34 10
34 37
34 28
34 9
34 25
34 38
34 7
21
35 17
35 45
35 37
35 11
35 49
35 38
35 0
35 23
35 31
35 2
35 14
35 19
35 1
35 47
35 42
35 48
35 28
35 8
35 22
35 20
35 33
20
36 2
36 49
36 35
36 43
36 25
36 21
36 8
36 14
36 13
36 42
36 22
36 31
36 20
36 46
36 1
36 17
36 12
36 11
36 45
36 38
17
37 19
37 4
37 10
37 26
37 2
37 28
37 18
37 29
37 11
37 43
37 13
37 39
37 1
37 20
37 27
37 36
37 21
17
38 41
38 39
38 22
38 40
38 25
38 14
38 2
38 3
38 37
38 7
38 27
38 17
38 1
38 32
38 26
38 13
38 0
20
39 21
39 43
39 40
39 20
39 16
39 44
39 45
39 17
39 24
39 11
39 29
39 35
39 3
39 32
39 33
39 41
39 1
39 0
39 7
39 28
30
40 36
40 5
40 11
40 18
40 35
40 21
40 29
40 2
40 30
40 16
40 42
40 32
40 34
40 46
40 28
40 17
40 19
40 45
40 1
40 20
40 47
40 4
40 12
40 7
40 27
40 24
40 10
40 31
40 25
40 37
18
41 44
41 31
41 35
41 12
41 14
41 21
41 27
41 42
41 0
41 40
41 47
41 24
41 30
41 46
41 36
41 33
41 9
41 13
21
42 30
42 1
42 15
42 27
42 32
42 26
42 14
42 44
42 22
42 37
42 43
42 4
42 13
42 39
42 20
42 28
42 2
42 25
42 3
42 16
42 49
17
43 23
43 45
43 0
43 8
43 34
43 9
43 7
43 38
43 22
43 49
43 1
43 26
43 12
43 46
43 16
43 20
43 29
24
44 28
44 2
44 31
44 34
44 24
44 14
44 7
44 9
44 35
44 33
44 15
44 48
44 25
44 27
44 10
44 13
44 38
44 43
44 40
44 17
44 22
44 20
44 26
44 30
23
45 37
45 4
45 16
45 29
45 44
45 34
45 33
45 13
45 46
45 0
45 28
45 49
45 2
45 42
45 7
45 26
45 25
45 5
45 27
45 38
45 23
45 18
45 11
18
46 16
46 20
46 17
46 42
46 39
46 1
46 35
46 37
46 22
46 14
46 5
46 15
46 0
46 49
46 19
46 33
46 4
46 3
24
47 44
47 42
47 36
47 25
47 37
47 46
47 21
47 12
47 33
47 43
47 45
47 34
47 49
47 20
47 23
47 32
47 6
47 18
47 38
47 0
47 5
47 9
47 28
47 1
22
48 21
48 15
48 5
48 45
48 13
48 34
48 36
48 32
48 31
48 24
48 40
48 23
48 46
48 47
48 9
48 33
48 7
48 42
48 41
48 38
48 43
48 11
20
49 14
49 34
49 3
49 17
49 23
49 20
49 39
49 24
49 7
49 16
49 21
49 11
49 48
49 38
49 19
49 2
49 31
49 28
49 22
49 37
