50
0 "A35"
1 "A4"
2 "A30"
3 "A38"
4 "A9"
5 "A1"
6 "A8"
7 "A46"
8 "A42"
9 "A19"
10 "A22"
11 "A27"
12 "A25"
13 "A28"
14 "A45"
15 "A11"
16 "A2"
17 "A34"
18 "A10"
19 "A37"
20 "A5"
21 "A16"
22 "A36"
23 "A48"
24 "A12"
25 "A33"
26 "A26"
27 "A47"
28 "A32"
29 "A39"
30 "A29"
31 "A21"
32 "A0"
33 "A41"
34 "A3"
35 "A31"
36 "A43"
37 "A17"
38 "A23"
39 "A14"
40 "A49"
41 "A13"
42 "A20"
43 "A44"
44 "A6"
45 "A24"
46 "A40"
47 "A7"
48 "A15"
49 "A18"
14
0 8
0 48
0 15
0 25
0 40
0 31
0 29
0 9
0 47
0 10
0 30
0 4
0 6
0 17
19
1 7
1 11
1 41
1 12
1 33
1 31
1 9
1 5
1 3
1 21
1 24
1 32
1 49
1 2
1 26
1 16
1 29
1 38
1 47
19
2 6
2 4
2 38
2 33
2 16
2 19
2 49
2 3
2 5
2 15
2 37
2 9
2 46
2 25
2 40
2 13
2 11
2 0
2 21
21
3 37
3 25
3 10
3 34
3 41
3 42
3 21
3 5
3 0
3 47
3 46
3 31
3 27
3 35
3 11
3 44
3 45
3 43
3 8
3 32
3 20
15
4 22
4 15
4 10
4 14
4 29
4 3
4 12
4 33
4 31
4 26
4 11
4 5
4 1
4 36
4 25
19
5 27
5 34
5 42
5 29
5 30
5 13
5 40
5 31
5 19
5 7
5 11
5 38
5 43
5 33
5 10
5 17
5 45
5 22
5 18
23
6 3
6 44
6 23
6 36
6 11
6 7
6 47
6 21
6 48
6 1
6 38
6 19
6 4
6 24
6 8
6 30
6 14
6 26
6 5
6 35
6 34
6 16
6 39
17
7 17
7 22
7 28
7 0
7 27
7 33
7 15
7 41
7 37
7 34
7 29
7 45
7 39
7 9
7 31
7 36
7 11
20
8 23
8 19
8 25
8 4
8 1
8 12
8 41
8 16
8 9
8 11
8 37
8 28
8 32
8 48
8 22
8 10
8 30
8 20
8 17
8 24
16
9 3
9 4
9 16
9 28
9 34
9 25
9 42
9 30
9 49
9 26
9 36
9 31
9 38
9 22
9 19
9 45
16
10 31
10 41
10 25
10 21
10 6
10 18
10 9
10 7
10 1
10 42
10 12
10 2
10 47
10 22
10 19
10 38
17
11 14
11 23
11 0
11 38
11 15
11 48
11 26
11 30
11 13
11 36
11 25
11 37
11 22
11 44
11 34
11 40
11 20
20
12 7
12 35
12 28
12 2
12 0
12 44
12 9
12 25
12 24
12 39
12 37
12 17
12 3
12 16
12 5
12 32
12 6
12 49
12 26
12 31
22
13 7
13 9
13 15
13 8
13 12
13 29
13 41
13 4
13 33
13 37
13 10
13 1
13 22
13 36
13 24
13 20
13 21
13 3
13 49
13 48
13 28
13 25
17
14 21
14 31
14 5
14 41
14 30
14 10
14 44
14 0
14 3
14 19
14 17
14 18
14 2
14 1
14 38
14 39
14 34
18
15 6
15 27
15 30
15 37
15 41
15 8
15 48
15 43
15 24
15 1
15 12
15 28
15 40
15 20
15 39
15 9
15 38
15 45
15
16 17
16 18
16 30
16 0
16 22
16 11
16 4
16 13
16 10
16 3
16 15
16 31
16 5
16 14
16 7
22
17 9
17 3
17 18
17 24
17 11
17 47
17 26
17 22
17 19
17 32
17 39
17 33
17 21
17 4
17 23
17 42
17 46
17 20
17 40
17 6
17 10
17 44
18
18 40
18 46
18 44
18 25
18 11
18 42
18 21
18 20
18 30
18 4
18 12
18 19
18 13
18 22
18 8
18 3
18 15
18 7
18
19 12
19 49
19 27
19 40
19 41
19 3
19 45
19 31
19 15
19 46
19 43
19 32
19 29
19 0
19 26
19 4
19 13
19 1
13
20 2
20 12
20 16
20 29
20 39
20 33
20 0
20 9
20 35
20 34
20 22
20 6
20 7
23
21 8
21 19
21 30
21 26
21 47
21 4
21 15
21 41
21 49
21 22
21 48
21 29
21 16
21 38
21 27
21 39
21 7
21 33
21 23
21 5
21 24
21 40
21 0
16
22 35
22 48
22 43
22 24
22 6
22 28
22 12
22 44
22 42
22 19
22 1
22 45
22 40
22 49
22 39
22 46
20
23 40
23 25
23 16
23 18
23 9
23 0
23 45
23 22
23 7
23 3
23 19
23 2
23 12
23 38
23 33
23 34
23 35
23 13
23 42
23 15
21
24 9
24 20
24 41
24 36
24 44
24 34
24 7
24 16
24 27
24 5
24 0
24 25
24 11
24 40
24 46
24 39
24 43
24 4
24 35
24 37
24 14
14
25 33
25 40
25 27
25 6
25 32
25 26
25 39
25 42
25 14
25 19
25 46
25 21
25 17
25 37
18
26 0
26 29
26 7
26 3
26 13
26 24
26 28
26 5
26 49
26 18
26 46
26 37
26 22
26 34
26 10
26 39
26 14
26 20
24
27 16
27 13
27 49
27 29
27 47
27 35
27 36
27 9
27 45
27 22
27 12
27 32
27 1
27 41
27 14
27 18
27 4
27 28
27 17
27 8
27 23
27 11
27 43
27 6
22
28 48
28 24
28 31
28 30
28 43
28 1
28 19
28 25
28 0
28 10
28 29
28 32
28 6
28 3
28 38
28 14
28 5
28 45
28 37
28 17
28 16
28 4
21
29 14
29 36
29 17
29 34
29 40
29 45
29 9
29 11
29 33
29 32
29 24
29 46
29 47
29 3
29 12
29 6
29 41
29 18
29 8
29 30
29 43
24
30 46
30 41
30 20
30 12
30 13
30 7
30 48
30 43
30 1
30 37
30 19
30 26
30 27
30 3
30 2
30 22
30 44
30 4
30 47
30 25
30 34
30 36
30 24
30 23
15
31 25
31 20
31 35
31 46
31 43
31 45
31 30
31 22
31 33
31 8
31 17
31 21
31 27
31 47
31 15
20
32 24
32 4
32 31
32 5
32 46
32 48
32 18
32 10
32 15
32 14
32 26
32 0
32 30
32 22
32 37
32 16
32 20
32 34
32 40
32 45
17
33 24
33 10
33 3
33 12
33 26
33 6
33 44
33 27
33 0
33 37
33 16
33 28
33 39
33 32
33 14
33 18
33 11
23
34 18
34 22
34 4
34 33
34 8
34 17
34 2
34 25
34 44
34 21
34 28
34 43
34 39
34 12
34 45
34 47
34 37
34 40
34 42
34 15
34 10
34 35
34 19
26
35 46
35 47
35 30
35 7
35 9
35 13
35 21
35 29
35 2
35 39
35 36
35 18
35 16
35 32
35 8
35 28
35 1
35 0
35 25
35 26
35 45
35 5
35 17
35 10
35 49
35 37
22
36 39
36 44
36 21
36 23
36 46
36 20
36 38
36 15
36 0
36 34
36 19
36 17
36 33
36 16
36 3
36 18
36 48
36 31
36 32
36 10
36 12
36 5
23
37 41
37 18
37 20
37 31
37 16
37 6
37 5
37 46
37 45
37 29
37 49
37 0
37 27
37 40
37 39
37 17
37 36
37 43
37 9
37 21
37 47
37 22
37 1
21
38 42
38 49
38 0
38 16
38 33
38 7
38 24
38 41
38 4
38 3
38 18
38 31
38 17
38 32
38 30
38 27
38 35
38 43
38 48
38 22
38 8
16
39 30
39 38
39 5
39 41
39 19
39 0
39 32
39 45
39 1
39 16
39 2
39 10
39 29
39 27
39 3
39 23
17
40 26
40 28
40 46
40 4
40 13
40 33
40 31
40 39
40 6
40 38
40 36
40 1
40 27
40 10
40 16
40 7
40 20
21
41 42
41 26
41 49
41 36
41 2
41 31
41 28
41 16
41 34
41 44
41 25
41 5
41 32
41 18
41 43
41 4
41 6
41 11
41 47
41 0
41 33
24
42 7
42 19
42 21
42 36
42 15
42 24
42 26
42 35
42 40
42 8
42 0
42 47
42 2
42 44
42 31
42 11
42 6
42 1
42 4
42 30
42 32
42 13
42 14
42 37
25
43 21
43 6
43 10
43 47
43 49
43 36
43 26
43 13
43 0
43 40
43 20
43 45
43 33
43 16
43 18
43 12
43 7
43 46
43 35
43 39
43 32
43 9
43 23
43 14
43 17
25
44 31
44 4
44 27
44 1
44 8
44 5
44 0
44 25
44 37
44 35
44 43
44 7
44 10
44 9
44 29
44 28
44 21
44 32
44 39
44 26
44 20
44 45
44 13
44 2
44 46
22
45 46
45 0
45 40
45 25
45 18
45 36
45 26
45 21
45 8
45 42
45 33
45 14
45 24
45 6
45 11
45 17
45 12
45 47
45 4
45 41
45 48
45 13
17
46 9
46 0
46 20
46 21
46 7
46 11
46 39
46 16
46 49
46 42
46 1
46 38
46 41
46 8
46 14
46 27
46 28
17
47 28
47 25
47 40
47 23
47 26
47 20
47 18
47 14
47 24
47 46
47 7
47 19
47 8
47 15
47 16
47 9
47 39
24
48 5
48 33
48 47
48 31
48 40
48 7
48 34
48 25
48 16
48 26
48 10
48 49
48 39
48 19
48 12
48 37
48 29
48 20
48 1
48 18
48 41
48 4
48 9
48 44
23
49 34
49 17
49 18
49 39
49 0
49 7
49 11
49 23
49 36
49 16
49 5
49 15
49 25
49 24
49 42
49 47
49 14
49 10
49 31
49 28
49 44
49 40
49 8
