50
0 "A35"
1 "A4"
2 "A30"
3 "A38"
4 "A9"
5 "A1"
6 "A8"
7 "A46"
8 "A42"
9 "A19"
10 "A22"
11 "A27"
12 "A25"
13 "A28"
14 "A45"
15 "A11"
16 "A2"
17 "A34"
18 "A10"
19 "A37"
20 "A5"
21 "A16"
22 "A36"
23 "A48"
24 "A12"
25 "A33"
26 "A26"
27 "A47"
28 "A32"
29 "A39"
30 "A29"
31 "A21"
32 "A0"
33 "A41"
34 "A3"
35 "A31"
36 "A43"
37 "A17"
38 "A23"
39 "A14"
40 "A49"
41 "A13"
42 "A20"
43 "A44"
44 "A6"
45 "A24"
46 "A40"
47 "A7"
48 "A15"
49 "A18"
18
0 40
0 49
0 4
0 35
0 30
0 29
0 19
0 22
0 45
0 25
0 9
0 5
0 21
0 6
0 47
0 28
0 7
0 18
14
1 23
1 24
1 16
1 8
1 13
1 40
1 45
1 3
1 11
1 44
1 43
1 29
1 49
1 34
21
2 16
2 36
2 37
2 8
2 26
2 18
2 4
2 21
2 46
2 5
2 31
2 28
2 6
2 23
2 49
2 35
2 0
2 14
2 33
2 22
2 43
24
3 41
3 26
3 25
3 2
3 43
3 39
3 31
3 27
3 8
3 12
3 24
3 33
3 44
3 48
3 16
3 13
3 0
3 18
3 38
3 22
3 37
3 49
3 30
3 46
16
4 39
4 10
4 21
4 38
4 26
4 6
4 19
4 17
4 25
4 30
4 49
4 3
4 12
4 40
4 16
4 47
20
5 44
5 41
5 26
5 1
5 49
5 42
5 15
5 3
5 32
5 24
5 21
5 18
5 20
5 30
5 19
5 8
5 46
5 6
5 23
5 4
13
6 45
6 37
6 11
6 10
6 17
6 38
6 16
6 26
6 3
6 1
6 44
6 32
6 24
27
7 1
7 43
7 48
7 46
7 3
7 27
7 44
7 21
7 17
7 11
7 25
7 37
7 45
7 14
7 26
7 20
7 6
7 32
7 41
7 10
7 18
7 5
7 2
7 4
7 8
7 33
7 38
21
8 38
8 45
8 6
8 23
8 18
8 9
8 0
8 26
8 16
8 31
8 42
8 49
8 4
8 12
8 41
8 40
8 37
8 47
8 25
8 13
8 39
19
9 18
9 27
9 31
9 41
9 15
9 24
9 5
9 25
9 47
9 2
9 22
9 17
9 12
9 1
9 20
9 10
9 21
9 40
9 4
18
10 37
10 42
10 21
10 36
10 27
10 34
10 14
10 20
10 35
10 22
10 47
10 19
10 5
10 1
10 23
10 3
10 26
10 31
23
11 9
11 8
11 4
11 2
11 32
11 15
11 3
11 14
11 42
11 38
11 5
11 33
11 36
11 24
11 40
11 45
11 28
11 16
11 34
11 30
11 23
11 48
11 13
21
12 46
12 30
12 35
12 21
12 47
12 16
12 5
12 0
12 36
12 17
12 26
12 11
12 23
12 39
12 18
12 25
12 32
12 45
12 6
12 19
12 24
23
13 42
13 16
13 15
13 5
13 33
13 41
13 31
13 14
13 18
13 25
13 24
13 43
13 36
13 35
13 28
13 21
13 7
13 32
13 2
13 10
13 12
13 39
13 34
20
14 16
14 6
14 30
14 12
14 24
14 8
14 1
14 44
14 22
14 0
14 25
14 9
14 20
14 41
14 48
14 19
14 4
14 5
14 39
14 31
20
15 3
15 37
15 7
15 35
15 28
15 27
15 26
15 8
15 31
15 43
15 39
15 14
15 10
15 47
15 4
15 0
15 21
15 18
15 36
15 41
17
16 25
16 7
16 10
16 48
16 34
16 19
16 28
16 44
16 24
16 9
16 43
16 17
16 26
16 30
16 37
16 36
16 31
20
17 42
17 29
17 28
17 35
17 10
17 0
17 11
17 3
17 13
17 49
17 14
17 47
17 46
17 40
17 36
17 21
17 8
17 41
17 39
17 48
12
18 44
18 39
18 48
18 28
18 11
18 4
18 1
18 40
18 46
18 6
18 20
18 19
18
19 21
19 37
19 33
19 34
19 3
19 47
19 49
19 9
19 28
19 41
19 32
19 42
19 26
19 15
19 13
19 27
19 17
19 23
22
20 4
20 29
20 12
20 15
20 28
20 39
20 17
20 16
20 38
20 6
20 11
20 2
20 46
20 32
20 8
20 3
20 27
20 1
20 49
20 37
20 44
20 40
16
21 8
21 6
21 41
21 25
21 49
21 16
21 37
21 39
21 23
21 11
21 20
21 31
21 32
21 3
21 46
21 1
22
22 30
22 20
22 15
22 38
22 28
22 27
22 8
22 35
22 42
22 40
22 4
22 26
22 6
22 33
22 21
22 17
22 48
22 1
22 13
22 49
22 41
22 24
18
23 22
23 31
23 25
23 26
23 29
23 20
23 17
23 24
23 46
23 7
23 37
23 43
23 4
23 18
23 36
23 13
23 40
23 27
22
24 8
24 47
24 41
24 45
24 0
24 21
24 29
24 4
24 40
24 44
24 19
24 43
24 32
24 46
24 35
24 17
24 39
24 27
24 20
24 7
24 18
24 2
18
25 28
25 48
25 29
25 38
25 37
25 26
25 35
25 22
25 33
25 18
25 39
25 2
25 27
25 17
25 44
25 20
25 19
25 45
16
26 29
26 39
26 33
26 1
26 32
26 37
26 21
26 0
26 45
26 44
26 35
26 34
26 14
26 31
26 18
26 47
16
27 11
27 8
27 26
27 16
27 1
27 4
27 47
27 38
27 46
27 35
27 5
27 13
27 21
27 2
27 17
27 12
24
28 44
28 1
28 39
28 31
28 33
28 12
28 23
28 46
28 37
28 48
28 10
28 6
28 26
28 32
28 27
28 45
28 14
28 5
28 49
28 24
28 42
28 9
28 38
28 47
26
29 28
29 9
29 8
29 14
29 15
29 30
29 4
29 27
29 10
29 19
29 48
29 11
29 39
29 36
29 22
29 6
29 18
29 41
29 32
29 7
29 38
29 47
29 5
29 12
29 45
29 3
16
30 21
30 42
30 19
30 41
30 6
30 48
30 15
30 9
30 13
30 7
30 32
30 40
30 24
30 25
30 43
30 47
22
31 6
31 45
31 27
31 34
31 20
31 44
31 5
31 29
31 35
31 38
31 39
31 43
31 36
31 32
31 11
31 46
31 7
31 1
31 17
31 30
31 25
31 24
21
32 48
32 27
32 39
32 34
32 49
32 38
32 1
32 40
32 4
32 17
32 23
32 37
32 47
32 18
32 15
32 42
32 0
32 2
32 3
32 8
32 10
23
33 42
33 32
33 16
33 27
33 24
33 23
33 43
33 45
33 30
33 15
33 29
33 49
33 36
33 20
33 6
33 48
33 0
33 9
33 1
33 8
33 14
33 17
33 40
25
34 28
34 23
34 24
34 41
34 47
34 6
34 7
34 48
34 3
34 8
34 38
34 15
34 2
34 21
34 0
34 27
34 43
34 35
34 12
34 30
34 39
34 4
34 29
34 18
34 22
20
35 1
35 20
35 18
35 32
35 16
35 6
35 14
35 4
35 5
35 9
35 47
35 37
35 46
35 30
35 36
35 3
35 48
35 8
35 19
35 41
18
36 5
36 18
36 8
36 34
36 1
36 30
36 14
36 32
36 46
36 6
36 4
36 38
36 27
36 0
36 37
36 20
36 39
36 28
17
37 14
37 24
37 43
37 12
37 30
37 29
37 46
37 17
37 4
37 27
37 31
37 44
37 1
37 39
37 42
37 33
37 22
16
38 16
38 0
38 17
38 37
38 21
38 15
38 9
38 2
38 12
38 18
38 44
38 24
38 14
38 47
38 1
38 26
17
39 27
39 11
39 38
39 45
39 19
39 6
39 22
39 33
39 1
39 43
39 5
39 23
39 2
39 0
39 10
39 40
39 16
20
40 43
40 47
40 16
40 5
40 21
40 34
40 26
40 14
40 38
40 28
40 13
40 45
40 36
40 31
40 6
40 12
40 7
40 15
40 35
40 42
17
41 26
41 10
41 39
41 0
41 23
41 31
41 47
41 4
41 37
41 18
41 32
41 36
41 6
41 38
41 33
41 11
41 25
23
42 21
42 25
42 14
42 18
42 41
42 47
42 16
42 12
42 20
42 39
42 15
42 23
42 49
42 29
42 26
42 6
42 24
42 9
42 1
42 38
42 36
42 2
42 0
21
43 25
43 29
43 19
43 26
43 46
43 14
43 42
43 5
43 6
43 12
43 49
43 36
43 8
43 9
43 48
43 38
43 4
43 21
43 28
43 18
43 41
22
44 13
44 30
44 23
44 2
44 19
44 42
44 47
44 36
44 22
44 33
44 8
44 41
44 39
44 45
44 11
44 48
44 46
44 9
44 17
44 4
44 35
44 27
21
45 5
45 3
45 41
45 43
45 20
45 19
45 14
45 2
45 17
45 35
45 46
45 21
45 22
45 37
45 49
45 4
45 13
45 9
45 30
45 48
45 16
23
46 47
46 13
46 22
46 9
46 8
46 26
46 14
46 39
46 0
46 32
46 41
46 34
46 4
46 29
46 40
46 10
46 49
46 25
46 6
46 11
46 48
46 15
46 38
16
47 18
47 20
47 48
47 33
47 39
47 36
47 11
47 5
47 14
47 31
47 6
47 1
47 37
47 2
47 22
47 3
17
48 31
48 38
48 4
48 27
48 1
48 9
48 10
48 24
48 39
48 26
48 23
48 2
48 8
48 40
48 21
48 15
48 0
20
49 27
49 36
49 47
49 34
49 31
49 24
49 12
49 11
49 30
49 26
49 9
49 48
49 15
49 37
49 13
49 18
49 38
49 39
49 25
49 6
