50
0 "A45"
1 "A47"
2 "A22"
3 "A36"
4 "A4"
5 "A7"
6 "A8"
7 "A18"
8 "A39"
9 "A10"
10 "A2"
11 "A41"
12 "A23"
13 "A31"
14 "A34"
15 "A11"
16 "A24"
17 "A20"
18 "A5"
19 "A46"
20 "A32"
21 "A30"
22 "A1"
23 "A13"
24 "A33"
25 "A40"
26 "A15"
27 "A28"
28 "A0"
29 "A38"
30 "A42"
31 "A14"
32 "A25"
33 "A35"
34 "A29"
35 "A37"
36 "A49"
37 "A21"
38 "A16"
39 "A12"
40 "A43"
41 "A3"
42 "A19"
43 "A44"
44 "A48"
45 "A27"
46 "A6"
47 "A9"
48 "A26"
49 "A17"
20
0 12
0 10
0 2
0 46
0 29
0 38
0 36
0 34
0 41
0 22
0 1
0 33
0 30
0 47
0 3
0 28
0 24
0 39
0 21
0 8
23
1 32
1 42
1 10
1 16
1 49
1 4
1 28
1 35
1 29
1 37
1 34
1 9
1 23
1 17
1 44
1 30
1 31
1 12
1 5
1 46
1 14
1 45
1 27
22
2 35
2 38
2 44
2 21
2 16
2 26
2 22
2 34
2 3
2 13
2 46
2 15
2 17
2 24
2 37
2 14
2 27
2 47
2 29
2 19
2 1
2 40
18
3 25
3 43
3 24
3 28
3 16
3 44
3 9
3 48
3 26
3 13
3 45
3 6
3 5
3 22
3 7
3 14
3 1
3 21
24
4 15
4 21
4 26
4 34
4 25
4 47
4 48
4 12
4 2
4 5
4 16
4 31
4 13
4 22
4 42
4 45
4 49
4 0
4 28
4 19
4 7
4 36
4 43
4 32
11
5 38
5 41
5 0
5 23
5 36
5 9
5 39
5 14
5 12
5 16
5 22
20
6 21
6 30
6 0
6 1
6 7
6 25
6 4
6 41
6 46
6 34
6 24
6 49
6 13
6 44
6 17
6 27
6 2
6 33
6 9
6 43
21
7 9
7 45
7 18
7 47
7 21
7 14
7 1
7 46
7 0
7 35
7 38
7 2
7 40
7 37
7 12
7 8
7 5
7 25
7 41
7 10
7 30
27
8 35
8 1
8 48
8 44
8 4
8 5
8 15
8 22
8 18
8 26
8 43
8 29
8 6
8 28
8 16
8 21
8 2
8 19
8 33
8 42
8 24
8 36
8 25
8 40
8 17
8 39
8 47
20
9 49
9 19
9 48
9 27
9 17
9 2
9 10
9 15
9 8
9 32
9 22
9 30
9 31
9 35
9 43
9 42
9 24
9 41
9 23
9 21
17
10 38
10 2
10 8
10 35
10 22
10 28
10 24
10 3
10 47
10 14
10 12
10 26
10 48
10 42
10 6
10 27
10 15
15
11 21
11 32
11 6
11 4
11 8
11 44
11 48
11 2
11 26
11 36
11 18
11 29
11 0
11 46
11 42
17
12 49
12 21
12 48
12 2
12 30
12 19
12 13
12 44
12 42
12 3
12 37
12 8
12 36
12 23
12 34
12 11
12 47
22
13 21
13 5
13 1
13 25
13 37
13 40
13 39
13 28
13 11
13 48
13 18
13 36
13 47
13 32
13 31
13 0
13 35
13 8
13 42
13 16
13 9
13 10
15
14 26
14 9
14 39
14 33
14 34
14 49
14 47
14 30
14 16
14 19
14 22
14 41
14 40
14 32
14 38
23
15 13
15 7
15 12
15 14
15 17
15 36
15 39
15 45
15 16
15 33
15 48
15 6
15 11
15 38
15 0
15 1
15 41
15 18
15 34
15 5
15 29
15 32
15 25
20
16 38
16 6
16 43
16 48
16 7
16 23
16 31
16 32
16 9
16 41
16 42
16 12
16 26
16 35
16 45
16 22
16 29
16 39
16 17
16 20
20
17 10
17 28
17 31
17 48
17 39
17 40
17 46
17 43
17 11
17 19
17 32
17 34
17 13
17 25
17 37
17 22
17 23
17 41
17 18
17 0
24
18 6
18 9
18 27
18 2
18 21
18 49
18 28
18 19
18 43
18 14
18 1
18 20
18 24
18 42
18 38
18 40
18 32
18 5
18 44
18 36
18 12
18 35
18 3
18 34
19
19 15
19 3
19 21
19 22
19 30
19 1
19 5
19 20
19 46
19 10
19 27
19 26
19 40
19 47
19 13
19 25
19 29
19 43
19 49
20
20 14
20 12
20 5
20 9
20 15
20 1
20 42
20 17
20 0
20 24
20 7
20 32
20 11
20 3
20 36
20 31
20 21
20 37
20 10
20 25
13
21 43
21 15
21 37
21 24
21 14
21 36
21 40
21 30
21 39
21 34
21 17
21 41
21 28
16
22 48
22 39
22 7
22 35
22 40
22 45
22 12
22 36
22 6
22 20
22 23
22 21
22 38
22 1
22 42
22 43
27
23 24
23 37
23 31
23 49
23 10
23 25
23 38
23 7
23 6
23 15
23 33
23 26
23 48
23 46
23 3
23 41
23 35
23 36
23 19
23 13
23 30
23 44
23 18
23 27
23 21
23 4
23 39
13
24 17
24 31
24 47
24 29
24 4
24 44
24 11
24 15
24 12
24 28
24 38
24 34
24 5
19
25 28
25 9
25 12
25 16
25 44
25 22
25 47
25 11
25 5
25 42
25 0
25 18
25 21
25 36
25 30
25 1
25 48
25 31
25 34
18
26 41
26 0
26 22
26 28
26 29
26 32
26 5
26 20
26 6
26 17
26 45
26 21
26 15
26 36
26 43
26 39
26 37
26 46
21
27 13
27 46
27 25
27 49
27 38
27 39
27 15
27 28
27 30
27 3
27 31
27 12
27 44
27 37
27 24
27 22
27 16
27 11
27 7
27 20
27 4
16
28 15
28 29
28 36
28 2
28 7
28 19
28 9
28 11
28 33
28 5
28 40
28 20
28 34
28 12
28 23
28 16
22
29 20
29 34
29 4
29 32
29 14
29 10
29 36
29 12
29 17
29 43
29 7
29 22
29 41
29 13
29 38
29 9
29 3
29 25
29 47
29 5
29 27
29 21
20
30 26
30 36
30 37
30 33
30 28
30 10
30 22
30 13
30 47
30 18
30 5
30 8
30 11
30 24
30 42
30 32
30 46
30 43
30 31
30 4
21
31 44
31 48
31 37
31 11
31 19
31 38
31 0
31 7
31 28
31 14
31 47
31 12
31 26
31 21
31 29
31 10
31 42
31 5
31 43
31 2
31 22
19
32 21
32 48
32 38
32 40
32 24
32 27
32 22
32 45
32 8
32 7
32 0
32 35
32 6
32 10
32 42
32 34
32 37
32 3
32 12
26
33 29
33 36
33 40
33 18
33 10
33 20
33 21
33 9
33 43
33 5
33 7
33 31
33 1
33 19
33 44
33 37
33 32
33 34
33 46
33 22
33 3
33 48
33 13
33 2
33 12
33 24
20
34 19
34 36
34 44
34 23
34 46
34 11
34 8
34 22
34 43
34 20
34 42
34 40
34 3
34 10
34 30
34 47
34 31
34 27
34 41
34 16
23
35 31
35 33
35 27
35 25
35 42
35 11
35 43
35 17
35 47
35 44
35 34
35 24
35 41
35 4
35 48
35 30
35 26
35 38
35 3
35 39
35 6
35 21
35 5
13
36 42
36 19
36 16
36 9
36 24
36 3
36 14
36 35
36 45
36 31
36 6
36 32
36 17
19
37 22
37 0
37 15
37 8
37 11
37 48
37 18
37 14
37 3
37 38
37 35
37 25
37 24
37 9
37 6
37 34
37 28
37 45
37 39
19
38 17
38 12
38 21
38 4
38 33
38 3
38 6
38 49
38 11
38 44
38 28
38 34
38 20
38 26
38 47
38 13
38 9
38 25
38 48
21
39 1
39 31
39 3
39 28
39 49
39 18
39 10
39 9
39 43
39 2
39 25
39 24
39 36
39 34
39 38
39 42
39 11
39 32
39 20
39 7
39 33
25
40 24
40 30
40 35
40 26
40 41
40 29
40 25
40 4
40 47
40 3
40 38
40 39
40 12
40 1
40 0
40 5
40 15
40 16
40 10
40 45
40 36
40 42
40 23
40 31
40 9
18
41 18
41 20
41 13
41 33
41 45
41 10
41 19
41 36
41 11
41 8
41 39
41 25
41 24
41 1
41 32
41 38
41 44
41 43
15
42 17
42 37
42 3
42 7
42 27
42 33
42 19
42 0
42 6
42 29
42 15
42 21
42 44
42 26
42 5
19
43 24
43 27
43 45
43 10
43 37
43 0
43 5
43 40
43 23
43 42
43 36
43 38
43 2
43 12
43 28
43 7
43 11
43 20
43 46
20
44 16
44 19
44 9
44 47
44 49
44 37
44 0
44 43
44 14
44 7
44 28
44 40
44 17
44 36
44 22
44 32
44 15
44 30
44 5
44 21
20
45 42
45 35
45 44
45 19
45 38
45 8
45 13
45 29
45 5
45 20
45 24
45 30
45 34
45 6
45 10
45 0
45 49
45 14
45 11
45 18
22
46 29
46 22
46 5
46 8
46 9
46 47
46 10
46 37
46 40
46 42
46 3
46 20
46 13
46 35
46 39
46 18
46 31
46 25
46 4
46 38
46 48
46 16
16
47 26
47 22
47 15
47 42
47 41
47 28
47 6
47 45
47 1
47 16
47 3
47 32
47 20
47 43
47 23
47 9
18
48 30
48 2
48 24
48 36
48 19
48 21
48 39
48 20
48 41
48 5
48 45
48 43
48 49
48 42
48 0
48 44
48 1
48 6
23
49 42
49 32
49 34
49 16
49 46
49 33
49 0
49 37
49 35
49 7
49 29
49 10
49 25
49 22
49 40
49 17
49 21
49 13
49 3
49 30
49 24
49 43
49 2
