50
0 "A2"
1 "A36"
2 "A12"
3 "A48"
4 "A6"
5 "A24"
6 "A32"
7 "A17"
8 "A40"
9 "A7"
10 "A41"
11 "A42"
12 "A21"
13 "A44"
14 "A39"
15 "A11"
16 "A9"
17 "A0"
18 "A19"
19 "A27"
20 "A16"
21 "A30"
22 "A43"
23 "A38"
24 "A45"
25 "A35"
26 "A8"
27 "A5"
28 "A34"
29 "A49"
30 "A3"
31 "A4"
32 "A46"
33 "A25"
34 "A18"
35 "A33"
36 "A29"
37 "A31"
38 "A23"
39 "A15"
40 "A26"
41 "A13"
42 "A47"
43 "A1"
44 "A10"
45 "A22"
46 "A14"
47 "A37"
48 "A28"
49 "A20"
22
0 38
0 29
0 49
0 5
0 11
0 16
0 13
0 40
0 17
0 42
0 18
0 8
0 33
0 31
0 30
0 48
0 26
0 19
0 32
0 47
0 43
0 21
25
1 18
1 20
1 5
1 24
1 32
1 9
1 13
1 43
1 0
1 16
1 23
1 40
1 42
1 39
1 44
1 17
1 4
1 33
1 49
1 15
1 27
1 48
1 46
1 26
1 22
19
2 13
2 49
2 31
2 16
2 32
2 40
2 7
2 45
2 6
2 30
2 19
2 29
2 34
2 3
2 1
2 24
2 43
2 48
2 12
25
3 20
3 1
3 33
3 12
3 8
3 22
3 34
3 40
3 23
3 10
3 24
3 9
3 31
3 42
3 15
3 39
3 6
3 32
3 43
3 21
3 4
3 13
3 16
3 17
3 0
18
4 45
4 14
4 37
4 0
4 13
4 40
4 10
4 16
4 31
4 19
4 28
4 12
4 2
4 26
4 23
4 22
4 32
4 48
20
5 22
5 12
5 35
5 36
5 21
5 2
5 42
5 49
5 33
5 19
5 25
5 16
5 9
5 39
5 11
5 47
5 29
5 46
5 15
5 43
19
6 48
6 46
6 15
6 18
6 5
6 30
6 21
6 45
6 0
6 7
6 26
6 40
6 37
6 39
6 1
6 49
6 32
6 28
6 9
22
7 36
7 37
7 3
7 47
7 22
7 0
7 14
7 16
7 4
7 12
7 39
7 5
7 46
7 24
7 19
7 10
7 48
7 20
7 23
7 43
7 1
7 29
27
8 29
8 19
8 17
8 15
8 46
8 38
8 32
8 2
8 7
8 25
8 9
8 36
8 13
8 5
8 6
8 43
8 11
8 30
8 10
8 49
8 41
8 31
8 20
8 47
8 35
8 22
8 16
20
9 49
9 10
9 20
9 46
9 0
9 15
9 41
9 43
9 47
9 39
9 44
9 13
9 35
9 4
9 37
9 23
9 2
9 14
9 18
9 27
16
10 42
10 32
10 6
10 47
10 15
10 18
10 31
10 26
10 37
10 38
10 35
10 22
10 41
10 5
10 14
10 1
20
11 4
11 25
11 49
11 29
11 18
11 13
11 27
11 38
11 39
11 19
11 15
11 30
11 46
11 42
11 21
11 44
11 34
11 6
11 9
11 16
14
12 40
12 26
12 8
12 0
12 45
12 34
12 9
12 16
12 37
12 36
12 6
12 24
12 27
12 10
18
13 43
13 6
13 16
13 24
13 35
13 17
13 18
13 23
13 19
13 37
13 29
13 44
13 49
13 47
13 48
13 34
13 36
13 12
22
14 15
14 48
14 28
14 34
14 20
14 26
14 17
14 13
14 32
14 21
14 43
14 2
14 16
14 11
14 33
14 0
14 3
14 39
14 6
14 42
14 49
14 19
15
15 30
15 24
15 32
15 29
15 41
15 26
15 12
15 43
15 7
15 19
15 0
15 22
15 21
15 39
15 34
14
16 24
16 15
16 22
16 43
16 19
16 37
16 21
16 6
16 9
16 33
16 25
16 18
16 47
16 49
21
17 27
17 47
17 12
17 5
17 20
17 37
17 16
17 7
17 15
17 44
17 31
17 6
17 2
17 30
17 29
17 42
17 21
17 4
17 43
17 33
17 35
21
18 38
18 5
18 37
18 34
18 30
18 46
18 12
18 23
18 44
18 49
18 22
18 28
18 26
18 40
18 31
18 14
18 43
18 21
18 20
18 19
18 8
19
19 9
19 48
19 39
19 36
19 3
19 41
19 42
19 10
19 33
19 26
19 37
19 20
19 29
19 12
19 6
19 34
19 24
19 1
19 22
19
20 21
20 46
20 6
20 47
20 49
20 15
20 26
20 42
20 44
20 45
20 37
20 27
20 16
20 13
20 22
20 38
20 29
20 36
20 35
22
21 43
21 8
21 48
21 4
21 28
21 46
21 2
21 7
21 9
21 10
21 29
21 42
21 44
21 36
21 13
21 39
21 25
21 23
21 26
21 12
21 41
21 24
16
22 49
22 35
22 0
22 6
22 33
22 36
22 21
22 26
22 24
22 11
22 17
22 44
22 48
22 2
22 29
22 9
17
23 49
23 46
23 24
23 14
23 2
23 30
23 8
23 0
23 19
23 15
23 40
23 16
23 37
23 39
23 33
23 17
23 6
14
24 14
24 49
24 9
24 38
24 30
24 35
24 37
24 10
24 31
24 11
24 5
24 8
24 48
24 47
20
25 47
25 28
25 3
25 34
25 14
25 39
25 23
25 35
25 41
25 13
25 0
25 44
25 37
25 12
25 15
25 18
25 24
25 27
25 7
25 17
20
26 9
26 30
26 37
26 46
26 16
26 27
26 40
26 34
26 3
26 41
26 43
26 49
26 11
26 5
26 17
26 8
26 32
26 38
26 13
26 2
15
27 21
27 6
27 0
27 3
27 37
27 14
27 22
27 16
27 41
27 5
27 15
27 49
27 8
27 18
27 7
25
28 16
28 45
28 24
28 26
28 13
28 12
28 17
28 40
28 27
28 20
28 5
28 23
28 29
28 0
28 48
28 7
28 34
28 10
28 11
28 32
28 2
28 8
28 1
28 19
28 30
20
29 10
29 30
29 41
29 39
29 9
29 1
29 40
29 33
29 25
29 3
29 23
29 34
29 35
29 48
29 27
29 45
29 24
29 12
29 49
29 31
20
30 1
30 14
30 19
30 12
30 16
30 27
30 20
30 5
30 32
30 3
30 44
30 9
30 4
30 13
30 39
30 10
30 34
30 21
30 43
30 48
17
31 19
31 47
31 23
31 40
31 7
31 16
31 12
31 48
31 9
31 21
31 6
31 39
31 26
31 34
31 28
31 30
31 20
22
32 45
32 44
32 38
32 19
32 16
32 47
32 31
32 13
32 39
32 43
32 33
32 46
32 29
32 27
32 22
32 17
32 11
32 7
32 21
32 25
32 24
32 20
17
33 15
33 28
33 27
33 36
33 11
33 10
33 18
33 39
33 6
33 35
33 2
33 9
33 31
33 43
33 30
33 12
33 7
17
34 20
34 38
34 0
34 49
34 6
34 17
34 4
34 39
34 32
34 24
34 21
34 5
34 40
34 27
34 1
34 37
34 45
21
35 37
35 28
35 40
35 31
35 1
35 11
35 3
35 27
35 7
35 21
35 46
35 43
35 14
35 12
35 36
35 44
35 30
35 23
35 39
35 15
35 4
18
36 44
36 47
36 14
36 25
36 23
36 26
36 17
36 0
36 31
36 16
36 24
36 4
36 9
36 6
36 34
36 39
36 27
36 10
14
37 3
37 21
37 15
37 14
37 2
37 28
37 36
37 31
37 22
37 33
37 41
37 30
37 1
37 29
26
38 27
38 14
38 29
38 6
38 9
38 43
38 33
38 28
38 21
38 42
38 25
38 49
38 31
38 7
38 37
38 17
38 40
38 41
38 36
38 5
38 1
38 30
38 4
38 22
38 46
38 19
16
39 0
39 12
39 44
39 17
39 10
39 20
39 37
39 4
39 13
39 2
39 16
39 28
39 26
39 18
39 22
39 8
20
40 32
40 13
40 20
40 21
40 27
40 48
40 14
40 10
40 17
40 33
40 39
40 15
40 30
40 11
40 5
40 43
40 8
40 37
40 24
40 41
22
41 1
41 22
41 16
41 35
41 14
41 33
41 36
41 34
41 7
41 24
41 6
41 5
41 4
41 43
41 17
41 47
41 13
41 49
41 32
41 30
41 28
41 18
21
42 4
42 9
42 29
42 36
42 6
42 37
42 8
42 12
42 23
42 2
42 45
42 35
42 25
42 41
42 43
42 32
42 24
42 7
42 13
42 40
42 28
13
43 27
43 45
43 36
43 12
43 47
43 39
43 11
43 34
43 29
43 44
43 6
43 22
43 31
22
44 37
44 16
44 14
44 23
44 3
44 45
44 2
44 12
44 24
44 49
44 48
44 26
44 40
44 7
44 4
44 34
44 33
44 15
44 10
44 31
44 46
44 41
27
45 7
45 16
45 36
45 14
45 33
45 25
45 17
45 27
45 8
45 5
45 9
45 22
45 38
45 0
45 3
45 40
45 30
45 21
45 13
45 1
45 23
45 26
45 31
45 24
45 19
45 39
45 37
22
46 10
46 3
46 12
46 0
46 43
46 47
46 39
46 27
46 41
46 4
46 13
46 14
46 15
46 29
46 22
46 30
46 37
46 25
46 33
46 34
46 36
46 24
22
47 21
47 1
47 11
47 39
47 19
47 37
47 33
47 18
47 35
47 42
47 38
47 12
47 14
47 48
47 30
47 3
47 34
47 28
47 29
47 23
47 26
47 4
20
48 27
48 5
48 9
48 10
48 34
48 38
48 16
48 23
48 41
48 36
48 26
48 18
48 25
48 42
48 11
48 33
48 3
48 39
48 43
48 45
18
49 28
49 37
49 35
49 45
49 46
49 43
49 31
49 17
49 30
49 4
49 3
49 25
49 15
49 10
49 33
49 39
49 42
49 36
