50
0 "A2"
1 "A36"
2 "A12"
3 "A48"
4 "A6"
5 "A24"
6 "A32"
7 "A17"
8 "A40"
9 "A7"
10 "A41"
11 "A42"
12 "A21"
13 "A44"
14 "A39"
15 "A11"
16 "A9"
17 "A0"
18 "A19"
19 "A27"
20 "A16"
21 "A30"
22 "A43"
23 "A38"
24 "A45"
25 "A35"
26 "A8"
27 "A5"
28 "A34"
29 "A49"
30 "A3"
31 "A4"
32 "A46"
33 "A25"
34 "A18"
35 "A33"
36 "A29"
37 "A31"
38 "A23"
39 "A15"
40 "A26"
41 "A13"
42 "A47"
43 "A1"
44 "A10"
45 "A22"
46 "A14"
47 "A37"
48 "A28"
49 "A20"
19
0 22
0 41
0 14
0 11
0 9
0 26
0 43
0 15
0 4
0 25
0 34
0 8
0 47
0 45
0 31
0 44
0 27
0 3
0 38
17
1 0
1 32
1 21
1 31
1 29
1 4
1 38
1 14
1 8
1 40
1 12
1 30
1 43
1 35
1 2
1 9
1 48
16
2 30
2 41
2 20
2 3
2 34
2 29
2 25
2 10
2 26
2 27
2 28
2 47
2 19
2 36
2 0
2 11
21
3 30
3 37
3 39
3 16
3 25
3 29
3 40
3 42
3 47
3 5
3 31
3 1
3 49
3 12
3 45
3 10
3 9
3 36
3 46
3 17
3 6
18
4 31
4 47
4 5
4 35
4 3
4 18
4 16
4 41
4 34
4 36
4 43
4 2
4 23
4 39
4 44
4 15
4 37
4 42
20
5 34
5 42
5 29
5 31
5 17
5 35
5 48
5 47
5 1
5 30
5 36
5 14
5 0
5 27
5 10
5 2
5 37
5 23
5 7
5 28
18
6 5
6 11
6 23
6 22
6 19
6 45
6 26
6 14
6 9
6 31
6 8
6 2
6 49
6 33
6 32
6 27
6 20
6 34
20
7 23
7 20
7 49
7 46
7 42
7 13
7 44
7 3
7 17
7 25
7 48
7 30
7 6
7 9
7 11
7 39
7 35
7 21
7 45
7 12
18
8 10
8 32
8 18
8 24
8 7
8 38
8 17
8 35
8 2
8 16
8 39
8 36
8 14
8 21
8 9
8 43
8 26
8 41
12
9 15
9 38
9 21
9 10
9 19
9 48
9 32
9 36
9 4
9 2
9 31
9 35
19
10 11
10 7
10 48
10 22
10 4
10 32
10 19
10 6
10 12
10 23
10 30
10 42
10 1
10 40
10 47
10 43
10 33
10 28
10 35
22
11 37
11 43
11 27
11 38
11 3
11 9
11 24
11 48
11 21
11 32
11 28
11 45
11 12
11 1
11 36
11 8
11 25
11 46
11 40
11 26
11 23
11 17
19
12 14
12 46
12 17
12 42
12 25
12 19
12 15
12 45
12 44
12 2
12 0
12 35
12 30
12 13
12 28
12 8
12 32
12 18
12 29
23
13 33
13 47
13 0
13 24
13 23
13 15
13 28
13 49
13 25
13 31
13 48
13 6
13 1
13 39
13 3
13 4
13 9
13 17
13 10
13 16
13 26
13 11
13 45
19
14 43
14 47
14 2
14 18
14 25
14 13
14 7
14 38
14 33
14 29
14 28
14 10
14 9
14 35
14 17
14 11
14 16
14 34
14 48
22
15 1
15 11
15 27
15 2
15 6
15 18
15 8
15 21
15 34
15 5
15 44
15 20
15 22
15 28
15 3
15 40
15 23
15 7
15 14
15 31
15 17
15 37
15
16 19
16 40
16 44
16 6
16 32
16 0
16 46
16 25
16 24
16 9
16 1
16 35
16 49
16 42
16 23
16
17 16
17 41
17 1
17 2
17 4
17 20
17 18
17 38
17 23
17 6
17 37
17 39
17 10
17 29
17 49
17 22
24
18 5
18 49
18 19
18 33
18 1
18 13
18 9
18 0
18 22
18 7
18 23
18 30
18 40
18 28
18 3
18 32
18 6
18 39
18 37
18 46
18 43
18 25
18 42
18 47
21
19 40
19 5
19 34
19 11
19 44
19 32
19 1
19 4
19 27
19 36
19 0
19 7
19 15
19 38
19 3
19 8
19 13
19 17
19 29
19 39
19 41
23
20 25
20 5
20 45
20 18
20 16
20 13
20 26
20 3
20 33
20 29
20 48
20 14
20 1
20 47
20 37
20 36
20 44
20 11
20 38
20 12
20 46
20 4
20 19
21
21 39
21 6
21 46
21 14
21 37
21 3
21 31
21 29
21 5
21 42
21 10
21 0
21 35
21 22
21 13
21 26
21 24
21 25
21 16
21 32
21 17
23
22 26
22 13
22 31
22 45
22 27
22 20
22 30
22 33
22 5
22 11
22 35
22 46
22 3
22 16
22 40
22 44
22 2
22 9
22 32
22 24
22 1
22 12
22 14
16
23 25
23 37
23 34
23 46
23 40
23 0
23 36
23 24
23 47
23 3
23 19
23 20
23 14
23 42
23 30
23 22
24
24 31
24 14
24 48
24 2
24 4
24 3
24 15
24 40
24 42
24 9
24 18
24 17
24 29
24 44
24 19
24 39
24 1
24 33
24 49
24 20
24 32
24 47
24 0
24 35
23
25 5
25 44
25 46
25 36
25 31
25 41
25 6
25 1
25 45
25 43
25 22
25 42
25 26
25 17
25 37
25 24
25 9
25 8
25 10
25 40
25 4
25 15
25 48
21
26 46
26 19
26 17
26 37
26 15
26 10
26 23
26 44
26 27
26 1
26 14
26 12
26 32
26 24
26 4
26 9
26 34
26 45
26 5
26 31
26 47
18
27 7
27 45
27 33
27 12
27 47
27 3
27 25
27 14
27 20
27 18
27 31
27 1
27 46
27 17
27 8
27 48
27 36
27 23
19
28 9
28 21
28 0
28 22
28 25
28 7
28 35
28 3
28 19
28 30
28 16
28 34
28 17
28 4
28 27
28 43
28 40
28 23
28 6
15
29 35
29 34
29 28
29 10
29 25
29 7
29 44
29 4
29 15
29 6
29 9
29 45
29 18
29 43
29 16
19
30 25
30 8
30 11
30 43
30 48
30 35
30 21
30 13
30 29
30 40
30 20
30 14
30 38
30 19
30 4
30 27
30 0
30 32
30 16
22
31 28
31 39
31 16
31 40
31 14
31 35
31 48
31 8
31 10
31 19
31 49
31 7
31 30
31 34
31 11
31 37
31 17
31 29
31 18
31 2
31 23
31 36
20
32 25
32 40
32 7
32 48
32 38
32 43
32 15
32 35
32 20
32 17
32 2
32 47
32 28
32 5
32 13
32 33
32 45
32 37
32 0
32 3
22
33 34
33 39
33 26
33 16
33 47
33 4
33 30
33 15
33 46
33 12
33 23
33 43
33 2
33 41
33 19
33 36
33 40
33 38
33 3
33 11
33 31
33 29
21
34 21
34 1
34 16
34 25
34 17
34 11
34 38
34 40
34 13
34 32
34 8
34 48
34 22
34 3
34 7
34 42
34 47
34 30
34 37
34 41
34 12
13
35 46
35 15
35 34
35 17
35 11
35 19
35 23
35 18
35 39
35 20
35 2
35 6
35 37
17
36 34
36 49
36 28
36 16
36 12
36 0
36 41
36 6
36 1
36 42
36 30
36 29
36 21
36 39
36 18
36 7
36 24
18
37 29
37 0
37 30
37 33
37 9
37 12
37 6
37 16
37 36
37 2
37 45
37 10
37 1
37 28
37 7
37 19
37 27
37 24
23
38 5
38 29
38 12
38 44
38 48
38 7
38 49
38 22
38 24
38 42
38 45
38 35
38 26
38 3
38 27
38 15
38 18
38 47
38 36
38 28
38 39
38 21
38 2
20
39 28
39 27
39 14
39 1
39 0
39 29
39 37
39 41
39 22
39 32
39 9
39 10
39 11
39 12
39 34
39 5
39 16
39 20
39 6
39 42
20
40 7
40 13
40 38
40 48
40 27
40 8
40 9
40 42
40 0
40 14
40 39
40 47
40 17
40 20
40 2
40 45
40 46
40 4
40 35
40 12
26
41 15
41 21
41 35
41 12
41 31
41 1
41 11
41 46
41 5
41 20
41 3
41 9
41 38
41 7
41 18
41 40
41 29
41 13
41 6
41 26
41 23
41 14
41 30
41 37
41 28
41 42
17
42 1
42 15
42 14
42 26
42 33
42 8
42 31
42 20
42 6
42 37
42 44
42 13
42 2
42 9
42 19
42 30
42 27
22
43 6
43 16
43 26
43 24
43 19
43 3
43 2
43 13
43 39
43 22
43 40
43 17
43 45
43 38
43 44
43 21
43 5
43 36
43 27
43 7
43 12
43 47
19
44 39
44 10
44 37
44 40
44 6
44 28
44 47
44 5
44 34
44 23
44 3
44 30
44 31
44 1
44 14
44 9
44 18
44 32
44 33
21
45 36
45 17
45 49
45 31
45 8
45 24
45 34
45 30
45 4
45 33
45 10
45 44
45 23
45 19
45 35
45 28
45 42
45 18
45 14
45 48
45 21
16
46 2
46 43
46 0
46 15
46 19
46 8
46 17
46 48
46 6
46 5
46 30
46 29
46 1
46 38
46 13
46 39
17
47 45
47 36
47 31
47 6
47 25
47 9
47 19
47 28
47 46
47 11
47 37
47 12
47 15
47 7
47 17
47 35
47 22
19
48 17
48 2
48 15
48 26
48 41
48 12
48 43
48 36
48 21
48 49
48 8
48 18
48 29
48 3
48 37
48 39
48 19
48 33
48 16
26
49 35
49 23
49 10
49 28
49 39
49 41
49 20
49 2
49 26
49 44
49 46
49 32
49 34
49 4
49 42
49 25
49 33
49 47
49 21
49 30
49 27
49 14
49 43
49 9
49 12
49 1
