50
0 "A2"
1 "A36"
2 "A12"
3 "A48"
4 "A6"
5 "A24"
6 "A32"
7 "A17"
8 "A40"
9 "A7"
10 "A41"
11 "A42"
12 "A21"
13 "A44"
14 "A39"
15 "A11"
16 "A9"
17 "A0"
18 "A19"
19 "A27"
20 "A16"
21 "A30"
22 "A43"
23 "A38"
24 "A45"
25 "A35"
26 "A8"
27 "A5"
28 "A34"
29 "A49"
30 "A3"
31 "A4"
32 "A46"
33 "A25"
34 "A18"
35 "A33"
36 "A29"
37 "A31"
38 "A23"
39 "A15"
40 "A26"
41 "A13"
42 "A47"
43 "A1"
44 "A10"
45 "A22"
46 "A14"
47 "A37"
48 "A28"
49 "A20"
19
0 24
0 10
0 44
0 19
0 37
0 46
0 9
0 7
0 33
0 5
0 35
0 6
0 45
0 11
0 43
0 21
0 41
0 18
0 22
14
1 41
1 37
1 42
1 13
1 11
1 3
1 33
1 6
1 43
1 23
1 24
1 49
1 44
1 15
20
2 3
2 26
2 9
2 1
2 18
2 10
2 41
2 30
2 32
2 29
2 16
2 23
2 6
2 0
2 21
2 12
2 4
2 33
2 37
2 43
19
3 0
3 22
3 49
3 21
3 42
3 20
3 30
3 11
3 24
3 32
3 46
3 23
3 28
3 15
3 47
3 43
3 5
3 38
3 48
22
4 10
4 18
4 0
4 34
4 29
4 20
4 39
4 17
4 19
4 5
4 42
4 40
4 44
4 12
4 16
4 31
4 8
4 26
4 13
4 21
4 45
4 28
16
5 40
5 30
5 45
5 31
5 26
5 9
5 2
5 39
5 28
5 6
5 22
5 46
5 1
5 20
5 34
5 14
21
6 47
6 40
6 32
6 23
6 19
6 25
6 46
6 36
6 4
6 21
6 9
6 35
6 20
6 41
6 18
6 17
6 15
6 3
6 31
6 30
6 48
14
7 35
7 1
7 14
7 22
7 49
7 30
7 2
7 46
7 3
7 42
7 15
7 4
7 24
7 43
22
8 3
8 43
8 36
8 11
8 25
8 26
8 18
8 7
8 39
8 19
8 13
8 45
8 5
8 22
8 0
8 1
8 33
8 28
8 20
8 23
8 42
8 37
17
9 40
9 1
9 25
9 38
9 16
9 7
9 31
9 12
9 20
9 24
9 3
9 21
9 4
9 22
9 14
9 18
9 37
22
10 39
10 5
10 30
10 16
10 48
10 45
10 18
10 8
10 21
10 14
10 27
10 7
10 40
10 24
10 34
10 36
10 12
10 46
10 28
10 3
10 33
10 6
17
11 39
11 2
11 9
11 21
11 15
11 6
11 13
11 10
11 5
11 30
11 14
11 24
11 33
11 41
11 22
11 35
11 44
22
12 11
12 6
12 34
12 25
12 16
12 38
12 13
12 1
12 18
12 21
12 20
12 41
12 14
12 0
12 28
12 29
12 43
12 24
12 7
12 40
12 8
12 19
20
13 19
13 10
13 0
13 31
13 38
13 33
13 28
13 5
13 27
13 20
13 32
13 3
13 39
13 42
13 47
13 9
13 26
13 44
13 16
13 49
26
14 27
14 18
14 3
14 47
14 44
14 6
14 13
14 45
14 30
14 33
14 31
14 24
14 0
14 43
14 2
14 42
14 22
14 1
14 17
14 4
14 19
14 46
14 21
14 41
14 16
14 37
20
15 35
15 32
15 16
15 9
15 47
15 46
15 20
15 14
15 18
15 49
15 42
15 19
15 33
15 0
15 37
15 29
15 30
15 34
15 26
15 17
19
16 37
16 27
16 32
16 0
16 46
16 43
16 18
16 39
16 1
16 20
16 11
16 3
16 6
16 41
16 24
16 7
16 23
16 25
16 8
18
17 3
17 11
17 7
17 40
17 9
17 19
17 25
17 0
17 27
17 12
17 13
17 36
17 28
17 49
17 46
17 38
17 5
17 48
13
18 34
18 31
18 46
18 42
18 23
18 41
18 37
18 5
18 17
18 33
18 29
18 3
18 21
21
19 33
19 2
19 3
19 5
19 9
19 24
19 10
19 25
19 7
19 23
19 21
19 20
19 1
19 22
19 49
19 16
19 27
19 32
19 39
19 28
19 35
22
20 27
20 36
20 29
20 28
20 39
20 35
20 2
20 0
20 47
20 44
20 23
20 22
20 14
20 7
20 26
20 17
20 32
20 37
20 48
20 18
20 10
20 43
15
21 47
21 1
21 29
21 17
21 37
21 22
21 39
21 34
21 8
21 40
21 35
21 48
21 30
21 43
21 23
17
22 31
22 33
22 34
22 10
22 17
22 24
22 6
22 25
22 39
22 29
22 26
22 48
22 38
22 13
22 30
22 36
22 12
22
23 24
23 41
23 0
23 28
23 7
23 38
23 29
23 31
23 27
23 36
23 10
23 39
23 5
23 14
23 49
23 9
23 26
23 25
23 15
23 4
23 45
23 32
13
24 34
24 49
24 4
24 21
24 32
24 29
24 6
24 8
24 17
24 18
24 43
24 25
24 40
19
25 46
25 43
25 21
25 38
25 0
25 10
25 14
25 49
25 33
25 3
25 18
25 1
25 4
25 20
25 7
25 30
25 2
25 35
25 44
22
26 33
26 25
26 1
26 24
26 42
26 32
26 12
26 34
26 47
26 44
26 3
26 0
26 17
26 21
26 9
26 35
26 43
26 7
26 37
26 19
26 11
26 29
20
27 24
27 31
27 40
27 44
27 30
27 9
27 4
27 11
27 34
27 21
27 8
27 46
27 12
27 25
27 3
27 49
27 28
27 33
27 26
27 35
20
28 0
28 36
28 21
28 7
28 29
28 26
28 35
28 46
28 15
28 43
28 18
28 42
28 49
28 1
28 11
28 25
28 16
28 40
28 6
28 2
21
29 48
29 33
29 37
29 41
29 34
29 1
29 9
29 16
29 10
29 14
29 38
29 5
29 31
29 13
29 8
29 7
29 39
29 36
29 0
29 30
29 11
22
30 24
30 16
30 43
30 32
30 36
30 0
30 18
30 35
30 19
30 13
30 41
30 28
30 1
30 26
30 33
30 23
30 49
30 4
30 17
30 46
30 9
30 47
19
31 7
31 24
31 35
31 2
31 15
31 16
31 49
31 25
31 28
31 10
31 41
31 30
31 39
31 44
31 12
31 17
31 19
31 20
31 46
13
32 11
32 1
32 37
32 10
32 28
32 33
32 21
32 22
32 5
32 18
32 34
32 46
32 29
18
33 17
33 9
33 35
33 40
33 7
33 49
33 6
33 24
33 47
33 36
33 44
33 43
33 23
33 46
33 48
33 28
33 21
33 3
21
34 38
34 9
34 44
34 23
34 33
34 30
34 17
34 11
34 7
34 25
34 8
34 36
34 37
34 19
34 31
34 1
34 35
34 16
34 13
34 49
34 45
18
35 9
35 47
35 1
35 36
35 5
35 12
35 3
35 4
35 22
35 44
35 38
35 13
35 16
35 17
35 43
35 24
35 40
35 32
19
36 2
36 43
36 24
36 31
36 18
36 19
36 27
36 7
36 38
36 0
36 26
36 49
36 42
36 13
36 4
36 25
36 15
36 16
36 37
18
37 13
37 7
37 24
37 5
37 38
37 35
37 30
37 6
37 27
37 3
37 28
37 22
37 45
37 48
37 33
37 25
37 4
37 23
15
38 32
38 44
38 4
38 7
38 45
38 39
38 1
38 46
38 24
38 16
38 15
38 26
38 31
38 42
38 40
21
39 15
39 45
39 32
39 47
39 6
39 18
39 0
39 26
39 3
39 28
39 1
39 25
39 46
39 33
39 37
39 44
39 24
39 48
39 14
39 27
39 2
24
40 31
40 20
40 23
40 44
40 41
40 7
40 16
40 25
40 29
40 37
40 36
40 1
40 22
40 3
40 49
40 34
40 45
40 18
40 19
40 0
40 48
40 30
40 2
40 14
16
41 48
41 21
41 37
41 4
41 32
41 22
41 39
41 15
41 17
41 26
41 3
41 19
41 36
41 8
41 7
41 13
24
42 30
42 20
42 2
42 49
42 11
42 35
42 22
42 6
42 39
42 5
42 27
42 9
42 46
42 29
42 34
42 25
42 16
42 23
42 10
42 21
42 44
42 19
42 24
42 31
15
43 22
43 6
43 42
43 37
43 10
43 18
43 31
43 32
43 40
43 29
43 34
43 23
43 17
43 5
43 41
24
44 17
44 24
44 19
44 48
44 28
44 32
44 21
44 6
44 18
44 15
44 10
44 49
44 5
44 7
44 2
44 23
44 12
44 29
44 30
44 43
44 22
44 16
44 3
44 45
30
45 28
45 1
45 12
45 33
45 30
45 21
45 17
45 27
45 16
45 49
45 20
45 35
45 36
45 46
45 32
45 9
45 31
45 22
45 11
45 24
45 2
45 42
45 15
45 6
45 43
45 41
45 29
45 18
45 13
45 47
17
46 41
46 21
46 23
46 37
46 26
46 35
46 9
46 19
46 13
46 44
46 34
46 12
46 29
46 4
46 47
46 11
46 20
26
47 19
47 40
47 1
47 18
47 36
47 2
47 23
47 17
47 37
47 7
47 38
47 32
47 25
47 0
47 5
47 4
47 42
47 12
47 29
47 27
47 34
47 31
47 22
47 9
47 24
47 10
26
48 31
48 9
48 15
48 49
48 32
48 30
48 36
48 47
48 23
48 19
48 34
48 12
48 14
48 27
48 46
48 2
48 4
48 43
48 7
48 25
48 0
48 5
48 38
48 16
48 24
48 42
21
49 0
49 26
49 29
49 35
49 10
49 43
49 37
49 14
49 18
49 12
49 47
49 5
49 9
49 16
49 39
49 20
49 2
49 11
49 46
49 6
49 22
