50
0 "A26"
1 "A41"
2 "A2"
3 "A16"
4 "A4"
5 "A37"
6 "A3"
7 "A19"
8 "A21"
9 "A45"
10 "A30"
11 "A31"
12 "A22"
13 "A10"
14 "A1"
15 "A28"
16 "A17"
17 "A14"
18 "A48"
19 "A38"
20 "A40"
21 "A20"
22 "A9"
23 "A29"
24 "A42"
25 "A27"
26 "A18"
27 "A32"
28 "A13"
29 "A0"
30 "A34"
31 "A11"
32 "A7"
33 "A39"
34 "A46"
35 "A36"
36 "A6"
37 "A24"
38 "A33"
39 "A35"
40 "A43"
41 "A25"
42 "A5"
43 "A23"
44 "A44"
45 "A12"
46 "A8"
47 "A47"
48 "A49"
49 "A15"
19
0 43
0 39
0 4
0 15
0 24
0 33
0 19
0 40
0 35
0 6
0 5
0 12
0 46
0 27
0 3
0 41
0 32
0 48
0 37
21
1 44
1 14
1 6
1 11
1 37
1 24
1 30
1 41
1 38
1 7
1 27
1 42
1 48
1 25
1 31
1 17
1 33
1 28
1 0
1 22
1 45
22
2 42
2 45
2 6
2 1
2 30
2 25
2 39
2 38
2 33
2 46
2 23
2 27
2 43
2 10
2 29
2 5
2 40
2 48
2 12
2 44
2 3
2 14
21
3 10
3 36
3 37
3 42
3 20
3 21
3 1
3 40
3 44
3 14
3 4
3 29
3 12
3 27
3 11
3 8
3 33
3 19
3 47
3 48
3 25
20
4 32
4 11
4 17
4 37
4 16
4 14
4 48
4 35
4 38
4 1
4 39
4 2
4 21
4 29
4 43
4 31
4 27
4 18
4 49
4 44
17
5 42
5 8
5 48
5 45
5 22
5 47
5 3
5 1
5 4
5 49
5 46
5 15
5 14
5 37
5 25
5 24
5 13
16
6 32
6 17
6 7
6 19
6 4
6 5
6 42
6 41
6 37
6 49
6 45
6 16
6 30
6 46
6 20
6 13
19
7 19
7 36
7 25
7 15
7 17
7 44
7 3
7 12
7 9
7 35
7 0
7 49
7 24
7 48
7 27
7 4
7 8
7 13
7 34
19
8 19
8 23
8 45
8 0
8 11
8 18
8 48
8 47
8 2
8 20
8 31
8 29
8 34
8 35
8 17
8 1
8 9
8 6
8 37
19
9 14
9 16
9 38
9 39
9 43
9 21
9 45
9 35
9 28
9 40
9 48
9 3
9 18
9 49
9 36
9 13
9 5
9 46
9 22
16
10 4
10 5
10 9
10 26
10 30
10 49
10 44
10 20
10 21
10 45
10 6
10 47
10 29
10 8
10 39
10 0
21
11 44
11 16
11 49
11 27
11 32
11 33
11 0
11 2
11 19
11 35
11 25
11 28
11 30
11 9
11 31
11 40
11 5
11 13
11 43
11 22
11 24
19
12 32
12 39
12 10
12 29
12 1
12 4
12 20
12 15
12 23
12 46
12 41
12 6
12 8
12 27
12 43
12 11
12 19
12 36
12 45
18
13 35
13 27
13 43
13 4
13 37
13 24
13 38
13 8
13 46
13 41
13 10
13 33
13 1
13 3
13 48
13 0
13 28
13 18
20
14 12
14 30
14 48
14 22
14 44
14 8
14 34
14 40
14 27
14 7
14 10
14 11
14 13
14 24
14 19
14 20
14 35
14 29
14 36
14 46
21
15 10
15 36
15 44
15 21
15 25
15 4
15 39
15 17
15 8
15 37
15 13
15 27
15 38
15 20
15 46
15 31
15 1
15 24
15 41
15 2
15 29
22
16 30
16 43
16 5
16 24
16 38
16 28
16 10
16 0
16 27
16 44
16 21
16 47
16 29
16 33
16 15
16 12
16 3
16 13
16 2
16 31
16 19
16 1
19
17 44
17 32
17 36
17 39
17 5
17 12
17 46
17 37
17 16
17 20
17 2
17 13
17 27
17 9
17 14
17 48
17 49
17 45
17 35
21
18 34
18 28
18 44
18 32
18 15
18 1
18 2
18 48
18 39
18 37
18 16
18 14
18 29
18 11
18 42
18 22
18 7
18 5
18 10
18 24
18 17
25
19 29
19 31
19 22
19 37
19 34
19 5
19 2
19 24
19 39
19 20
19 35
19 23
19 13
19 45
19 17
19 27
19 26
19 30
19 40
19 25
19 49
19 38
19 4
19 21
19 18
17
20 9
20 13
20 43
20 46
20 36
20 11
20 49
20 33
20 7
20 35
20 0
20 48
20 2
20 27
20 1
20 18
20 42
26
21 23
21 18
21 5
21 6
21 13
21 28
21 44
21 37
21 38
21 25
21 24
21 29
21 48
21 0
21 34
21 14
21 27
21 46
21 22
21 31
21 2
21 36
21 30
21 11
21 7
21 12
21
22 2
22 24
22 34
22 47
22 49
22 6
22 41
22 48
22 20
22 15
22 29
22 28
22 3
22 10
22 8
22 46
22 0
22 43
22 16
22 35
22 12
23
23 15
23 3
23 6
23 33
23 1
23 36
23 14
23 10
23 38
23 37
23 39
23 7
23 20
23 9
23 5
23 48
23 18
23 47
23 22
23 25
23 32
23 45
23 29
14
24 3
24 20
24 37
24 30
24 4
24 47
24 34
24 49
24 9
24 41
24 25
24 12
24 33
24 35
29
25 10
25 4
25 20
25 14
25 37
25 6
25 40
25 26
25 42
25 16
25 38
25 41
25 13
25 48
25 0
25 32
25 44
25 33
25 9
25 43
25 45
25 49
25 22
25 46
25 17
25 35
25 12
25 8
25 18
23
26 46
26 34
26 2
26 0
26 42
26 23
26 20
26 18
26 22
26 24
26 30
26 12
26 6
26 3
26 35
26 5
26 33
26 13
26 8
26 37
26 49
26 21
26 28
11
27 6
27 47
27 41
27 29
27 8
27 48
27 43
27 26
27 18
27 9
27 10
20
28 25
28 17
28 43
28 47
28 15
28 12
28 40
28 5
28 8
28 30
28 41
28 20
28 0
28 4
28 42
28 24
28 36
28 37
28 29
28 3
20
29 20
29 38
29 0
29 44
29 17
29 33
29 9
29 26
29 36
29 49
29 1
29 24
29 39
29 25
29 45
29 42
29 6
29 47
29 13
29 32
23
30 34
30 22
30 44
30 31
30 0
30 18
30 4
30 25
30 12
30 47
30 29
30 41
30 5
30 15
30 35
30 9
30 32
30 27
30 42
30 36
30 3
30 39
30 48
25
31 18
31 46
31 28
31 9
31 37
31 38
31 33
31 24
31 6
31 10
31 20
31 3
31 29
31 36
31 17
31 25
31 0
31 27
31 14
31 23
31 44
31 35
31 5
31 22
31 42
19
32 15
32 31
32 1
32 26
32 13
32 27
32 14
32 7
32 47
32 36
32 48
32 2
32 41
32 49
32 5
32 22
32 19
32 37
32 21
19
33 8
33 7
33 22
33 15
33 30
33 19
33 10
33 32
33 12
33 18
33 4
33 28
33 44
33 6
33 9
33 21
33 14
33 27
33 17
23
34 15
34 40
34 46
34 41
34 25
34 32
34 44
34 20
34 0
34 10
34 5
34 13
34 37
34 23
34 29
34 27
34 17
34 33
34 31
34 38
34 11
34 12
34 1
15
35 3
35 37
35 47
35 28
35 32
35 29
35 5
35 16
35 40
35 46
35 1
35 48
35 15
35 12
35 21
16
36 6
36 1
36 47
36 0
36 24
36 5
36 18
36 41
36 34
36 8
36 35
36 16
36 44
36 27
36 48
36 10
11
37 42
37 49
37 2
37 48
37 45
37 10
37 11
37 16
37 9
37 29
37 30
16
38 30
38 12
38 18
38 8
38 22
38 28
38 44
38 32
38 10
38 6
38 36
38 27
38 26
38 35
38 0
38 42
19
39 31
39 11
39 7
39 36
39 35
39 22
39 38
39 33
39 48
39 16
39 14
39 37
39 47
39 5
39 8
39 34
39 45
39 21
39 27
25
40 23
40 45
40 27
40 46
40 31
40 39
40 15
40 41
40 13
40 22
40 4
40 8
40 21
40 24
40 36
40 43
40 38
40 6
40 12
40 1
40 17
40 7
40 26
40 5
40 33
21
41 5
41 21
41 44
41 14
41 35
41 43
41 37
41 2
41 10
41 31
41 29
41 11
41 4
41 23
41 49
41 18
41 26
41 19
41 7
41 39
41 20
25
42 21
42 16
42 15
42 19
42 34
42 11
42 14
42 45
42 23
42 7
42 47
42 35
42 13
42 46
42 17
42 33
42 9
42 32
42 12
42 4
42 48
42 41
42 36
42 39
42 10
19
43 35
43 39
43 29
43 26
43 37
43 42
43 10
43 33
43 23
43 17
43 38
43 1
43 15
43 7
43 6
43 45
43 34
43 19
43 24
17
44 40
44 5
44 13
44 24
44 26
44 20
44 37
44 9
44 12
44 35
44 49
44 23
44 42
44 48
44 8
44 32
44 22
23
45 27
45 44
45 31
45 38
45 11
45 0
45 36
45 21
45 24
45 35
45 48
45 22
45 3
45 30
45 32
45 28
45 16
45 47
45 41
45 34
45 7
45 18
45 13
17
46 32
46 28
46 19
46 30
46 11
46 29
46 1
46 43
46 45
46 24
46 37
46 36
46 23
46 8
46 33
46 38
46 39
18
47 34
47 9
47 7
47 15
47 4
47 38
47 6
47 2
47 18
47 11
47 46
47 26
47 14
47 43
47 33
47 41
47 21
47 1
9
48 11
48 41
48 6
48 47
48 38
48 19
48 33
48 24
48 16
21
49 13
49 38
49 1
49 8
49 12
49 46
49 14
49 39
49 43
49 45
49 47
49 0
49 28
49 40
49 16
49 48
49 3
49 35
49 18
49 33
49 2
