50
0 "A35"
1 "A48"
2 "A47"
3 "A39"
4 "A9"
5 "A2"
6 "A0"
7 "A31"
8 "A24"
9 "A17"
10 "A8"
11 "A38"
12 "A16"
13 "A33"
14 "A28"
15 "A29"
16 "A36"
17 "A23"
18 "A12"
19 "A19"
20 "A25"
21 "A14"
22 "A5"
23 "A46"
24 "A41"
25 "A44"
26 "A18"
27 "A40"
28 "A26"
29 "A6"
30 "A11"
31 "A43"
32 "A7"
33 "A42"
34 "A21"
35 "A27"
36 "A34"
37 "A10"
38 "A3"
39 "A45"
40 "A37"
41 "A15"
42 "A49"
43 "A30"
44 "A13"
45 "A4"
46 "A20"
47 "A32"
48 "A1"
49 "A22"
27
0 34
0 30
0 24
0 32
0 3
0 7
0 46
0 36
0 37
0 44
0 25
0 48
0 4
0 16
0 31
0 11
0 14
0 21
0 18
0 23
0 41
0 35
0 20
0 28
0 13
0 2
0 1
22
1 18
1 16
1 22
1 48
1 32
1 24
1 34
1 8
1 35
1 33
1 10
1 4
1 3
1 15
1 26
1 43
1 47
1 9
1 29
1 49
1 13
1 39
22
2 21
2 11
2 23
2 35
2 39
2 26
2 17
2 24
2 44
2 34
2 18
2 33
2 45
2 46
2 32
2 3
2 4
2 10
2 37
2 15
2 13
2 1
17
3 41
3 9
3 23
3 6
3 45
3 10
3 16
3 34
3 15
3 5
3 26
3 47
3 7
3 42
3 43
3 30
3 49
14
4 36
4 32
4 17
4 25
4 24
4 8
4 28
4 18
4 38
4 14
4 44
4 40
4 16
4 29
23
5 49
5 28
5 41
5 26
5 40
5 25
5 31
5 35
5 20
5 10
5 14
5 27
5 30
5 1
5 13
5 42
5 39
5 2
5 47
5 45
5 48
5 36
5 11
24
6 46
6 0
6 32
6 35
6 7
6 24
6 2
6 43
6 47
6 20
6 1
6 8
6 4
6 15
6 17
6 25
6 12
6 30
6 44
6 18
6 39
6 29
6 14
6 22
19
7 28
7 42
7 39
7 4
7 9
7 48
7 2
7 38
7 26
7 36
7 33
7 32
7 35
7 43
7 30
7 5
7 24
7 12
7 41
19
8 46
8 12
8 42
8 11
8 32
8 30
8 38
8 0
8 15
8 25
8 49
8 2
8 21
8 5
8 3
8 41
8 45
8 24
8 7
15
9 0
9 26
9 17
9 41
9 44
9 39
9 49
9 21
9 4
9 6
9 48
9 29
9 35
9 22
9 33
19
10 26
10 21
10 0
10 23
10 37
10 32
10 27
10 47
10 36
10 45
10 48
10 28
10 4
10 9
10 8
10 40
10 41
10 16
10 44
20
11 46
11 29
11 7
11 15
11 10
11 42
11 1
11 24
11 39
11 44
11 31
11 6
11 28
11 9
11 3
11 21
11 19
11 26
11 30
11 22
17
12 31
12 37
12 23
12 4
12 44
12 5
12 35
12 20
12 40
12 15
12 27
12 28
12 29
12 11
12 13
12 3
12 33
15
13 26
13 33
13 11
13 42
13 8
13 36
13 15
13 35
13 3
13 49
13 24
13 16
13 22
13 47
13 6
19
14 26
14 1
14 36
14 3
14 13
14 44
14 38
14 12
14 29
14 43
14 9
14 49
14 24
14 19
14 11
14 8
14 2
14 16
14 48
17
15 19
15 7
15 23
15 44
15 36
15 5
15 27
15 25
15 28
15 33
15 0
15 30
15 49
15 48
15 37
15 18
15 4
16
16 41
16 5
16 2
16 6
16 34
16 28
16 25
16 31
16 12
16 22
16 7
16 26
16 23
16 24
16 40
16 11
21
17 33
17 25
17 20
17 31
17 24
17 30
17 10
17 48
17 16
17 19
17 45
17 34
17 42
17 8
17 15
17 13
17 22
17 12
17 0
17 7
17 11
18
18 34
18 7
18 48
18 11
18 27
18 9
18 22
18 20
18 47
18 38
18 46
18 25
18 49
18 33
18 41
18 44
18 13
18 31
23
19 32
19 20
19 1
19 34
19 27
19 8
19 7
19 0
19 42
19 13
19 12
19 24
19 5
19 33
19 16
19 4
19 35
19 6
19 18
19 10
19 23
19 9
19 40
16
20 14
20 36
20 25
20 47
20 38
20 4
20 24
20 41
20 32
20 9
20 21
20 34
20 8
20 35
20 15
20 10
19
21 27
21 49
21 25
21 36
21 5
21 6
21 15
21 29
21 23
21 12
21 39
21 18
21 14
21 17
21 38
21 24
21 28
21 22
21 42
16
22 46
22 2
22 19
22 3
22 31
22 28
22 0
22 27
22 23
22 30
22 45
22 4
22 38
22 8
22 7
22 25
21
23 37
23 4
23 39
23 24
23 6
23 47
23 7
23 25
23 29
23 27
23 11
23 18
23 44
23 40
23 34
23 28
23 13
23 45
23 5
23 9
23 14
13
24 9
24 35
24 26
24 5
24 43
24 15
24 12
24 29
24 49
24 46
24 18
24 34
24 22
12
25 43
25 19
25 44
25 32
25 10
25 12
25 39
25 9
25 37
25 24
25 27
25 7
23
26 35
26 22
26 43
26 32
26 42
26 15
26 44
26 34
26 31
26 36
26 40
26 6
26 12
26 39
26 0
26 4
26 46
26 8
26 25
26 23
26 29
26 21
26 20
21
27 44
27 49
27 38
27 32
27 40
27 9
27 16
27 35
27 39
27 41
27 4
27 14
27 1
27 3
27 36
27 8
27 24
27 2
27 13
27 26
27 30
17
28 33
28 39
28 31
28 25
28 2
28 29
28 26
28 27
28 20
28 40
28 18
28 47
28 42
28 14
28 46
28 3
28 35
24
29 32
29 0
29 31
29 7
29 5
29 33
29 39
29 44
29 45
29 17
29 34
29 20
29 47
29 19
29 27
29 30
29 42
29 37
29 10
29 22
29 3
29 43
29 18
29 15
26
30 13
30 32
30 21
30 37
30 47
30 40
30 26
30 44
30 42
30 14
30 16
30 34
30 23
30 10
30 35
30 18
30 39
30 31
30 24
30 25
30 48
30 28
30 9
30 43
30 12
30 19
18
31 39
31 48
31 35
31 15
31 27
31 14
31 21
31 45
31 10
31 19
31 3
31 9
31 43
31 6
31 25
31 1
31 7
31 4
20
32 9
32 12
32 21
32 46
32 38
32 36
32 18
32 11
32 3
32 33
32 47
32 13
32 31
32 40
32 24
32 43
32 5
32 22
32 28
32 48
20
33 26
33 16
33 21
33 30
33 14
33 5
33 44
33 8
33 47
33 39
33 10
33 6
33 27
33 45
33 23
33 20
33 24
33 41
33 40
33 3
18
34 27
34 9
34 21
34 14
34 11
34 6
34 25
34 15
34 10
34 37
34 38
34 28
34 31
34 33
34 22
34 42
34 46
34 40
16
35 10
35 34
35 48
35 38
35 40
35 15
35 45
35 18
35 46
35 17
35 22
35 29
35 14
35 33
35 16
35 23
17
36 8
36 6
36 41
36 35
36 22
36 29
36 11
36 9
36 23
36 44
36 24
36 1
36 18
36 19
36 30
36 16
36 2
21
37 6
37 21
37 35
37 1
37 16
37 27
37 11
37 4
37 18
37 48
37 42
37 31
37 5
37 43
37 3
37 22
37 13
37 8
37 14
37 24
37 17
24
38 28
38 43
38 30
38 1
38 24
38 16
38 15
38 9
38 37
38 31
38 0
38 26
38 10
38 25
38 5
38 3
38 41
38 39
38 49
38 12
38 2
38 42
38 36
38 6
23
39 8
39 17
39 48
39 14
39 0
39 13
39 20
39 44
39 4
39 19
39 49
39 3
39 37
39 18
39 22
39 15
39 46
39 34
39 12
39 36
39 24
39 35
39 16
20
40 2
40 0
40 24
40 29
40 37
40 45
40 7
40 48
40 36
40 3
40 8
40 17
40 31
40 41
40 11
40 14
40 21
40 38
40 25
40 22
20
41 2
41 21
41 22
41 11
41 32
41 48
41 46
41 13
41 6
41 25
41 26
41 34
41 39
41 43
41 17
41 35
41 19
41 37
41 12
41 4
19
42 36
42 33
42 4
42 44
42 40
42 1
42 15
42 0
42 10
42 39
42 18
42 25
42 6
42 48
42 12
42 47
42 22
42 9
42 43
22
43 12
43 5
43 40
43 8
43 27
43 28
43 0
43 39
43 9
43 17
43 11
43 16
43 36
43 44
43 34
43 4
43 21
43 35
43 13
43 33
43 15
43 22
20
44 41
44 38
44 17
44 48
44 21
44 22
44 34
44 31
44 32
44 47
44 7
44 28
44 5
44 16
44 40
44 37
44 3
44 46
44 20
44 19
25
45 15
45 41
45 7
45 37
45 20
45 18
45 38
45 47
45 1
45 9
45 43
45 6
45 16
45 13
45 25
45 42
45 34
45 27
45 0
45 12
45 14
45 32
45 11
45 24
45 19
24
46 16
46 43
46 14
46 13
46 7
46 12
46 47
46 15
46 37
46 29
46 25
46 3
46 10
46 36
46 27
46 38
46 42
46 45
46 1
46 17
46 31
46 5
46 19
46 33
19
47 26
47 17
47 38
47 22
47 4
47 36
47 40
47 49
47 19
47 9
47 31
47 35
47 27
47 43
47 8
47 14
47 15
47 24
47 0
21
48 16
48 22
48 20
48 26
48 23
48 2
48 34
48 33
48 13
48 21
48 25
48 28
48 38
48 8
48 47
48 24
48 6
48 19
48 27
48 29
48 3
18
49 19
49 25
49 36
49 11
49 23
49 37
49 0
49 17
49 29
49 28
49 10
49 20
49 16
49 41
49 22
49 35
49 45
49 4
