50
0 "A35"
1 "A48"
2 "A47"
3 "A39"
4 "A9"
5 "A2"
6 "A0"
7 "A31"
8 "A24"
9 "A17"
10 "A8"
11 "A38"
12 "A16"
13 "A33"
14 "A28"
15 "A29"
16 "A36"
17 "A23"
18 "A12"
19 "A19"
20 "A25"
21 "A14"
22 "A5"
23 "A46"
24 "A41"
25 "A44"
26 "A18"
27 "A40"
28 "A26"
29 "A6"
30 "A11"
31 "A43"
32 "A7"
33 "A42"
34 "A21"
35 "A27"
36 "A34"
37 "A10"
38 "A3"
39 "A45"
40 "A37"
41 "A15"
42 "A49"
43 "A30"
44 "A13"
45 "A4"
46 "A20"
47 "A32"
48 "A1"
49 "A22"
24
0 7
0 22
0 1
0 6
0 28
0 26
0 11
0 18
0 17
0 29
0 43
0 30
0 16
0 46
0 42
0 32
0 44
0 48
0 41
0 31
0 4
0 12
0 38
0 2
20
1 15
1 22
1 10
1 13
1 20
1 46
1 42
1 4
1 24
1 32
1 35
1 19
1 25
1 23
1 26
1 14
1 16
1 33
1 9
1 38
20
2 45
2 1
2 39
2 36
2 5
2 20
2 21
2 35
2 40
2 8
2 33
2 16
2 25
2 22
2 44
2 28
2 6
2 38
2 42
2 43
23
3 32
3 1
3 7
3 5
3 14
3 15
3 43
3 26
3 47
3 2
3 22
3 9
3 19
3 48
3 33
3 49
3 27
3 40
3 24
3 16
3 39
3 35
3 10
15
4 19
4 14
4 9
4 12
4 7
4 30
4 6
4 48
4 24
4 3
4 32
4 41
4 34
4 37
4 31
25
5 22
5 17
5 7
5 27
5 23
5 34
5 24
5 36
5 21
5 43
5 41
5 25
5 29
5 14
5 47
5 19
5 31
5 28
5 32
5 13
5 48
5 10
5 11
5 0
5 18
20
6 40
6 3
6 26
6 33
6 49
6 15
6 29
6 45
6 9
6 1
6 37
6 20
6 12
6 44
6 43
6 27
6 21
6 30
6 39
6 19
18
7 2
7 21
7 31
7 47
7 25
7 35
7 10
7 6
7 44
7 37
7 49
7 23
7 40
7 17
7 39
7 20
7 34
7 9
25
8 43
8 4
8 44
8 3
8 1
8 5
8 39
8 35
8 31
8 37
8 40
8 7
8 10
8 11
8 9
8 33
8 38
8 27
8 18
8 6
8 36
8 22
8 24
8 21
8 29
22
9 30
9 21
9 23
9 2
9 16
9 19
9 32
9 27
9 10
9 43
9 37
9 46
9 18
9 15
9 36
9 42
9 47
9 39
9 12
9 29
9 14
9 33
14
10 35
10 29
10 0
10 26
10 47
10 34
10 33
10 44
10 12
10 41
10 22
10 27
10 30
10 11
20
11 44
11 49
11 9
11 6
11 36
11 3
11 48
11 31
11 38
11 40
11 4
11 37
11 27
11 20
11 7
11 29
11 14
11 22
11 23
11 1
16
12 15
12 7
12 11
12 5
12 35
12 22
12 8
12 24
12 1
12 30
12 13
12 14
12 41
12 16
12 21
12 36
26
13 36
13 9
13 32
13 41
13 10
13 7
13 14
13 49
13 28
13 35
13 19
13 18
13 38
13 44
13 6
13 22
13 47
13 46
13 23
13 42
13 2
13 34
13 11
13 25
13 17
13 33
16
14 47
14 2
14 39
14 10
14 33
14 45
14 43
14 22
14 16
14 19
14 8
14 48
14 25
14 21
14 7
14 24
22
15 29
15 8
15 44
15 24
15 17
15 5
15 46
15 39
15 0
15 7
15 35
15 11
15 22
15 31
15 16
15 41
15 20
15 14
15 36
15 13
15 10
15 19
22
16 34
16 8
16 10
16 11
16 13
16 42
16 28
16 25
16 33
16 23
16 18
16 37
16 4
16 6
16 46
16 36
16 22
16 29
16 48
16 7
16 35
16 26
20
17 46
17 23
17 25
17 20
17 3
17 4
17 6
17 12
17 48
17 42
17 8
17 34
17 36
17 21
17 11
17 2
17 31
17 14
17 41
17 37
19
18 24
18 4
18 27
18 38
18 40
18 26
18 30
18 11
18 7
18 6
18 2
18 44
18 35
18 43
18 17
18 23
18 36
18 14
18 3
15
19 48
19 37
19 42
19 35
19 45
19 34
19 2
19 16
19 31
19 24
19 18
19 0
19 11
19 21
19 46
22
20 0
20 41
20 16
20 35
20 31
20 28
20 24
20 23
20 40
20 43
20 19
20 48
20 36
20 9
20 22
20 25
20 18
20 5
20 4
20 12
20 21
20 46
19
21 44
21 33
21 13
21 16
21 48
21 18
21 25
21 34
21 41
21 0
21 15
21 22
21 26
21 29
21 27
21 42
21 39
21 4
21 45
15
22 25
22 30
22 47
22 27
22 19
22 43
22 18
22 6
22 39
22 4
22 17
22 35
22 24
22 23
22 28
16
23 10
23 29
23 33
23 15
23 43
23 2
23 31
23 12
23 34
23 40
23 21
23 28
23 19
23 4
23 6
23 30
17
24 23
24 49
24 7
24 39
24 48
24 35
24 43
24 37
24 36
24 17
24 34
24 13
24 30
24 38
24 6
24 16
24 45
21
25 43
25 36
25 8
25 30
25 23
25 24
25 3
25 41
25 47
25 18
25 46
25 44
25 49
25 19
25 4
25 42
25 12
25 10
25 33
25 9
25 32
24
26 13
26 41
26 48
26 11
26 22
26 34
26 42
26 4
26 36
26 17
26 7
26 23
26 35
26 25
26 19
26 37
26 39
26 24
26 8
26 32
26 44
26 38
26 14
26 20
17
27 14
27 23
27 29
27 39
27 33
27 2
27 12
27 24
27 13
27 40
27 36
27 20
27 38
27 4
27 49
27 34
27 32
23
28 39
28 19
28 29
28 10
28 4
28 27
28 11
28 1
28 41
28 18
28 48
28 26
28 45
28 44
28 24
28 38
28 17
28 34
28 21
28 3
28 14
28 7
28 6
18
29 4
29 12
29 7
29 14
29 44
29 18
29 3
29 36
29 25
29 22
29 2
29 17
29 31
29 24
29 19
29 1
29 35
29 26
18
30 21
30 29
30 14
30 5
30 28
30 47
30 38
30 34
30 31
30 27
30 20
30 13
30 46
30 43
30 42
30 19
30 7
30 1
26
31 24
31 22
31 6
31 26
31 1
31 2
31 36
31 37
31 39
31 9
31 3
31 25
31 46
31 12
31 28
31 16
31 38
31 10
31 40
31 35
31 44
31 45
31 14
31 27
31 21
31 42
23
32 8
32 11
32 41
32 12
32 15
32 38
32 45
32 33
32 36
32 49
32 17
32 40
32 2
32 28
32 31
32 20
32 6
32 18
32 19
32 43
32 46
32 10
32 30
18
33 4
33 15
33 19
33 39
33 30
33 45
33 20
33 28
33 49
33 7
33 36
33 12
33 41
33 29
33 44
33 46
33 22
33 38
20
34 37
34 40
34 12
34 22
34 33
34 42
34 29
34 14
34 48
34 9
34 3
34 32
34 11
34 20
34 45
34 25
34 0
34 47
34 6
34 8
20
35 38
35 30
35 42
35 5
35 0
35 48
35 36
35 34
35 45
35 14
35 44
35 23
35 46
35 27
35 41
35 43
35 33
35 4
35 32
35 28
13
36 34
36 14
36 49
36 6
36 3
36 1
36 19
36 10
36 28
36 43
36 4
36 0
36 47
18
37 44
37 29
37 35
37 21
37 36
37 22
37 25
37 12
37 49
37 18
37 0
37 2
37 28
37 30
37 33
37 46
37 15
37 3
17
38 29
38 9
38 42
38 15
38 43
38 36
38 41
38 48
38 21
38 45
38 12
38 20
38 7
38 34
38 22
38 10
38 17
17
39 11
39 48
39 12
39 32
39 4
39 49
39 10
39 29
39 20
39 0
39 36
39 25
39 44
39 35
39 17
39 18
39 1
20
40 15
40 26
40 13
40 16
40 46
40 30
40 29
40 48
40 39
40 35
40 22
40 43
40 21
40 10
40 12
40 5
40 9
40 36
40 38
40 19
21
41 36
41 1
41 39
41 19
41 2
41 49
41 31
41 14
41 34
41 6
41 9
41 24
41 8
41 11
41 29
41 16
41 22
41 46
41 37
41 47
41 40
22
42 39
42 44
42 5
42 18
42 33
42 41
42 29
42 12
42 4
42 15
42 46
42 20
42 11
42 27
42 8
42 7
42 22
42 10
42 37
42 23
42 43
42 45
16
43 15
43 41
43 4
43 16
43 31
43 13
43 45
43 21
43 34
43 1
43 10
43 19
43 11
43 27
43 37
43 29
12
44 34
44 23
44 49
44 48
44 27
44 22
44 5
44 17
44 1
44 40
44 36
44 20
24
45 25
45 30
45 37
45 4
45 39
45 40
45 8
45 5
45 1
45 27
45 17
45 18
45 29
45 7
45 20
45 36
45 16
45 44
45 23
45 10
45 13
45 26
45 48
45 41
14
46 10
46 2
46 44
46 14
46 6
46 23
46 4
46 36
46 26
46 48
46 12
46 3
46 29
46 24
27
47 1
47 40
47 18
47 19
47 33
47 12
47 20
47 39
47 21
47 8
47 35
47 38
47 16
47 37
47 2
47 15
47 4
47 45
47 49
47 48
47 11
47 28
47 23
47 24
47 42
47 26
47 31
19
48 8
48 9
48 22
48 25
48 29
48 18
48 41
48 37
48 13
48 6
48 27
48 2
48 43
48 42
48 31
48 1
48 12
48 33
48 32
21
49 40
49 38
49 9
49 1
49 19
49 17
49 31
49 43
49 21
49 2
49 12
49 4
49 42
49 22
49 28
49 18
49 5
49 0
49 48
49 46
49 23
