50
0 "A35"
1 "A48"
2 "A47"
3 "A39"
4 "A9"
5 "A2"
6 "A0"
7 "A31"
8 "A24"
9 "A17"
10 "A8"
11 "A38"
12 "A16"
13 "A33"
14 "A28"
15 "A29"
16 "A36"
17 "A23"
18 "A12"
19 "A19"
20 "A25"
21 "A14"
22 "A5"
23 "A46"
24 "A41"
25 "A44"
26 "A18"
27 "A40"
28 "A26"
29 "A6"
30 "A11"
31 "A43"
32 "A7"
33 "A42"
34 "A21"
35 "A27"
36 "A34"
37 "A10"
38 "A3"
39 "A45"
40 "A37"
41 "A15"
42 "A49"
43 "A30"
44 "A13"
45 "A4"
46 "A20"
47 "A32"
48 "A1"
49 "A22"
21
0 23
0 19
0 17
0 15
0 37
0 49
0 48
0 8
0 32
0 5
0 9
0 2
0 30
0 27
0 12
0 40
0 35
0 42
0 21
0 16
0 46
16
1 9
1 40
1 38
1 43
1 42
1 23
1 24
1 7
1 18
1 31
1 16
1 35
1 0
1 39
1 28
1 12
17
2 24
2 29
2 25
2 39
2 13
2 38
2 6
2 18
2 19
2 43
2 5
2 41
2 3
2 48
2 8
2 36
2 49
18
3 32
3 28
3 22
3 18
3 0
3 1
3 39
3 7
3 4
3 37
3 12
3 47
3 24
3 48
3 29
3 25
3 38
3 30
15
4 43
4 13
4 17
4 39
4 35
4 46
4 2
4 42
4 20
4 12
4 30
4 24
4 6
4 48
4 1
22
5 10
5 22
5 38
5 48
5 1
5 19
5 30
5 40
5 4
5 45
5 6
5 35
5 37
5 13
5 23
5 26
5 12
5 33
5 43
5 17
5 39
5 16
19
6 24
6 45
6 30
6 38
6 43
6 10
6 11
6 47
6 31
6 44
6 0
6 28
6 25
6 49
6 29
6 1
6 19
6 37
6 7
19
7 8
7 4
7 33
7 40
7 21
7 31
7 37
7 15
7 9
7 38
7 43
7 16
7 36
7 22
7 47
7 2
7 17
7 34
7 26
22
8 46
8 31
8 36
8 18
8 16
8 15
8 37
8 9
8 42
8 11
8 5
8 32
8 22
8 29
8 25
8 41
8 27
8 1
8 40
8 4
8 17
8 6
24
9 39
9 2
9 23
9 18
9 4
9 5
9 12
9 29
9 24
9 49
9 19
9 31
9 30
9 27
9 10
9 43
9 34
9 28
9 32
9 3
9 22
9 46
9 6
9 13
22
10 4
10 34
10 13
10 37
10 47
10 16
10 8
10 11
10 31
10 30
10 39
10 42
10 32
10 7
10 24
10 20
10 22
10 1
10 27
10 49
10 12
10 17
20
11 5
11 0
11 35
11 7
11 19
11 9
11 36
11 27
11 2
11 30
11 16
11 31
11 4
11 18
11 33
11 38
11 37
11 20
11 28
11 48
19
12 32
12 21
12 39
12 7
12 22
12 2
12 45
12 41
12 17
12 47
12 37
12 26
12 24
12 29
12 8
12 6
12 15
12 14
12 11
21
13 11
13 0
13 1
13 46
13 40
13 47
13 22
13 38
13 36
13 6
13 18
13 7
13 8
13 31
13 12
13 33
13 24
13 25
13 19
13 27
13 34
24
14 20
14 32
14 3
14 36
14 0
14 34
14 1
14 8
14 6
14 44
14 7
14 45
14 40
14 38
14 21
14 13
14 24
14 39
14 31
14 19
14 37
14 16
14 25
14 11
22
15 19
15 10
15 38
15 3
15 2
15 44
15 21
15 36
15 39
15 4
15 24
15 28
15 32
15 34
15 43
15 27
15 6
15 13
15 5
15 41
15 9
15 11
17
16 26
16 45
16 28
16 49
16 39
16 38
16 43
16 35
16 15
16 17
16 4
16 19
16 32
16 36
16 33
16 2
16 12
15
17 6
17 41
17 11
17 14
17 18
17 19
17 15
17 1
17 49
17 3
17 42
17 35
17 25
17 20
17 31
18
18 15
18 44
18 32
18 33
18 22
18 14
18 4
18 40
18 5
18 16
18 36
18 42
18 23
18 38
18 12
18 29
18 28
18 7
14
19 36
19 49
19 39
19 7
19 47
19 18
19 20
19 8
19 37
19 4
19 44
19 33
19 38
19 43
22
20 25
20 9
20 21
20 8
20 43
20 42
20 2
20 38
20 46
20 34
20 44
20 6
20 22
20 12
20 15
20 3
20 49
20 16
20 48
20 18
20 37
20 5
17
21 18
21 3
21 33
21 22
21 29
21 17
21 37
21 30
21 42
21 16
21 11
21 13
21 10
21 8
21 19
21 43
21 28
22
22 49
22 41
22 31
22 27
22 1
22 14
22 16
22 37
22 6
22 48
22 11
22 2
22 24
22 17
22 30
22 45
22 19
22 15
22 4
22 26
22 47
22 36
23
23 14
23 42
23 29
23 47
23 6
23 15
23 37
23 12
23 22
23 45
23 44
23 8
23 24
23 11
23 3
23 20
23 4
23 17
23 31
23 16
23 36
23 30
23 19
21
24 27
24 18
24 17
24 45
24 35
24 32
24 49
24 21
24 20
24 44
24 46
24 30
24 39
24 43
24 19
24 11
24 8
24 7
24 0
24 47
24 5
23
25 31
25 28
25 21
25 48
25 44
25 15
25 36
25 12
25 9
25 10
25 46
25 7
25 30
25 37
25 18
25 1
25 16
25 47
25 23
25 24
25 42
25 40
25 27
27
26 21
26 47
26 48
26 46
26 35
26 13
26 1
26 9
26 19
26 42
26 17
26 2
26 25
26 8
26 30
26 37
26 24
26 6
26 34
26 28
26 14
26 18
26 39
26 4
26 36
26 15
26 40
21
27 19
27 6
27 41
27 38
27 23
27 49
27 39
27 33
27 18
27 29
27 4
27 5
27 12
27 14
27 40
27 7
27 26
27 17
27 28
27 20
27 35
20
28 29
28 34
28 22
28 40
28 23
28 30
28 33
28 31
28 47
28 0
28 17
28 20
28 14
28 2
28 38
28 39
28 43
28 4
28 8
28 19
22
29 15
29 33
29 25
29 36
29 34
29 7
29 16
29 47
29 0
29 30
29 14
29 10
29 1
29 43
29 19
29 42
29 39
29 48
29 31
29 22
29 24
29 17
13
30 19
30 32
30 27
30 1
30 15
30 8
30 18
30 14
30 48
30 49
30 33
30 12
30 13
23
31 40
31 39
31 16
31 49
31 47
31 43
31 2
31 37
31 26
31 18
31 34
31 35
31 46
31 45
31 15
31 5
31 19
31 48
31 4
31 3
31 24
31 41
31 36
16
32 28
32 36
32 21
32 26
32 44
32 11
32 41
32 31
32 27
32 17
32 43
32 20
32 5
32 4
32 39
32 25
18
33 20
33 32
33 3
33 17
33 6
33 1
33 40
33 45
33 38
33 15
33 24
33 10
33 44
33 43
33 26
33 31
33 36
33 23
23
34 8
34 30
34 49
34 6
34 0
34 18
34 25
34 40
34 42
34 37
34 38
34 4
34 1
34 22
34 41
34 16
34 3
34 32
34 27
34 12
34 46
34 21
34 45
21
35 10
35 7
35 38
35 20
35 3
35 39
35 28
35 33
35 34
35 25
35 2
35 29
35 21
35 19
35 18
35 13
35 23
35 32
35 36
35 9
35 30
16
36 46
36 28
36 49
36 43
36 30
36 20
36 9
36 40
36 17
36 21
36 45
36 27
36 4
36 3
36 5
36 24
13
37 35
37 9
37 18
37 36
37 39
37 41
37 38
37 33
37 47
37 45
37 30
37 15
37 16
17
38 8
38 44
38 22
38 17
38 32
38 36
38 0
38 31
38 29
38 26
38 39
38 48
38 21
38 12
38 46
38 9
38 43
15
39 22
39 40
39 11
39 18
39 20
39 21
39 25
39 8
39 30
39 34
39 43
39 47
39 23
39 17
39 13
18
40 47
40 24
40 37
40 10
40 11
40 30
40 21
40 29
40 41
40 22
40 16
40 46
40 15
40 42
40 35
40 3
40 44
40 12
25
41 44
41 1
41 35
41 14
41 9
41 28
41 25
41 30
41 13
41 18
41 33
41 10
41 48
41 46
41 24
41 39
41 6
41 19
41 38
41 7
41 47
41 4
41 36
41 16
41 23
20
42 39
42 30
42 22
42 37
42 44
42 36
42 33
42 27
42 45
42 15
42 43
42 48
42 41
42 3
42 38
42 35
42 7
42 13
42 5
42 14
12
43 8
43 10
43 22
43 18
43 0
43 26
43 13
43 11
43 14
43 40
43 37
43 12
23
44 47
44 27
44 30
44 21
44 37
44 28
44 34
44 22
44 9
44 39
44 16
44 4
44 2
44 46
44 5
44 8
44 1
44 31
44 10
44 17
44 48
44 26
44 36
23
45 8
45 44
45 40
45 30
45 15
45 32
45 48
45 25
45 39
45 27
45 7
45 10
45 0
45 1
45 9
45 18
45 20
45 43
45 47
45 29
45 3
45 11
45 28
18
46 37
46 47
46 17
46 21
46 7
46 45
46 6
46 5
46 1
46 28
46 30
46 35
46 33
46 15
46 19
46 16
46 27
46 14
21
47 20
47 27
47 34
47 21
47 43
47 18
47 30
47 36
47 14
47 16
47 1
47 35
47 11
47 5
47 48
47 33
47 17
47 9
47 2
47 32
47 49
20
48 18
48 23
48 7
48 35
48 16
48 6
48 43
48 9
48 24
48 10
48 39
48 8
48 1
48 36
48 14
48 34
48 21
48 15
48 37
48 32
22
49 42
49 48
49 21
49 8
49 5
49 39
49 45
49 46
49 23
49 44
49 28
49 38
49 26
49 12
49 4
49 32
49 29
49 43
49 1
49 35
49 15
49 7
