50
0 "A35"
1 "A48"
2 "A47"
3 "A39"
4 "A9"
5 "A2"
6 "A0"
7 "A31"
8 "A24"
9 "A17"
10 "A8"
11 "A38"
12 "A16"
13 "A33"
14 "A28"
15 "A29"
16 "A36"
17 "A23"
18 "A12"
19 "A19"
20 "A25"
21 "A14"
22 "A5"
23 "A46"
24 "A41"
25 "A44"
26 "A18"
27 "A40"
28 "A26"
29 "A6"
30 "A11"
31 "A43"
32 "A7"
33 "A42"
34 "A21"
35 "A27"
36 "A34"
37 "A10"
38 "A3"
39 "A45"
40 "A37"
41 "A15"
42 "A49"
43 "A30"
44 "A13"
45 "A4"
46 "A20"
47 "A32"
48 "A1"
49 "A22"
14
0 42
0 31
0 29
0 37
0 47
0 16
0 35
0 7
0 49
0 9
0 19
0 6
0 11
0 24
20
1 27
1 44
1 31
1 42
1 10
1 13
1 48
1 16
1 22
1 18
1 39
1 30
1 11
1 32
1 20
1 34
1 15
1 3
1 23
1 33
19
2 6
2 33
2 35
2 26
2 21
2 41
2 42
2 37
2 12
2 30
2 22
2 5
2 45
2 1
2 46
2 20
2 14
2 11
2 23
22
3 22
3 32
3 39
3 7
3 18
3 43
3 8
3 15
3 9
3 17
3 2
3 42
3 28
3 12
3 19
3 36
3 46
3 33
3 14
3 30
3 37
3 48
25
4 42
4 43
4 16
4 6
4 5
4 38
4 18
4 35
4 7
4 48
4 8
4 49
4 2
4 21
4 3
4 10
4 13
4 15
4 30
4 33
4 47
4 37
4 1
4 12
4 24
17
5 1
5 21
5 43
5 19
5 32
5 40
5 13
5 26
5 17
5 33
5 6
5 25
5 49
5 9
5 15
5 10
5 14
17
6 49
6 7
6 42
6 28
6 24
6 34
6 16
6 1
6 21
6 43
6 19
6 41
6 11
6 47
6 39
6 38
6 31
13
7 18
7 23
7 43
7 33
7 44
7 15
7 28
7 8
7 20
7 26
7 30
7 38
7 9
24
8 41
8 17
8 15
8 36
8 22
8 40
8 42
8 28
8 20
8 9
8 16
8 24
8 27
8 0
8 44
8 34
8 1
8 35
8 5
8 6
8 33
8 11
8 46
8 29
27
9 39
9 15
9 30
9 41
9 23
9 45
9 26
9 31
9 24
9 42
9 20
9 33
9 18
9 12
9 11
9 37
9 29
9 6
9 4
9 48
9 19
9 35
9 27
9 28
9 2
9 40
9 1
22
10 17
10 15
10 31
10 8
10 22
10 34
10 46
10 3
10 42
10 49
10 6
10 39
10 27
10 13
10 20
10 47
10 36
10 26
10 7
10 43
10 19
10 32
27
11 10
11 5
11 15
11 7
11 42
11 28
11 44
11 29
11 17
11 35
11 43
11 36
11 49
11 38
11 4
11 33
11 3
11 24
11 45
11 30
11 21
11 48
11 34
11 27
11 40
11 46
11 16
16
12 11
12 14
12 18
12 6
12 8
12 23
12 0
12 1
12 32
12 44
12 30
12 10
12 47
12 49
12 39
12 41
15
13 12
13 27
13 39
13 38
13 36
13 28
13 29
13 25
13 7
13 22
13 49
13 2
13 6
13 11
13 47
23
14 0
14 45
14 41
14 38
14 21
14 33
14 9
14 44
14 46
14 32
14 39
14 10
14 49
14 7
14 17
14 34
14 6
14 16
14 19
14 23
14 43
14 26
14 28
18
15 31
15 47
15 36
15 20
15 14
15 24
15 49
15 2
15 13
15 23
15 12
15 39
15 37
15 43
15 41
15 28
15 25
15 45
13
16 39
16 2
16 12
16 48
16 21
16 34
16 43
16 35
16 10
16 27
16 15
16 13
16 18
21
17 42
17 43
17 28
17 2
17 12
17 25
17 33
17 20
17 19
17 13
17 30
17 41
17 0
17 29
17 32
17 1
17 26
17 45
17 16
17 18
17 15
20
18 33
18 6
18 26
18 15
18 28
18 47
18 11
18 25
18 0
18 22
18 8
18 48
18 32
18 40
18 23
18 20
18 42
18 5
18 49
18 13
19
19 18
19 33
19 11
19 23
19 28
19 45
19 21
19 48
19 26
19 16
19 12
19 24
19 30
19 4
19 29
19 43
19 49
19 8
19 47
17
20 47
20 42
20 37
20 14
20 3
20 21
20 16
20 12
20 5
20 49
20 38
20 4
20 30
20 13
20 41
20 44
20 6
23
21 22
21 18
21 25
21 10
21 31
21 27
21 23
21 38
21 24
21 43
21 17
21 35
21 15
21 36
21 40
21 13
21 8
21 29
21 1
21 45
21 33
21 7
21 30
18
22 17
22 5
22 19
22 6
22 24
22 36
22 43
22 11
22 37
22 0
22 20
22 33
22 7
22 44
22 9
22 47
22 12
22 15
20
23 47
23 41
23 35
23 36
23 40
23 5
23 16
23 20
23 0
23 25
23 6
23 37
23 17
23 8
23 28
23 13
23 4
23 10
23 11
23 44
20
24 18
24 28
24 23
24 43
24 5
24 32
24 36
24 12
24 47
24 39
24 13
24 17
24 44
24 37
24 1
24 31
24 25
24 7
24 3
24 10
20
25 30
25 7
25 1
25 44
25 36
25 47
25 34
25 16
25 29
25 11
25 6
25 48
25 20
25 10
25 2
25 35
25 26
25 40
25 3
25 0
27
26 47
26 48
26 49
26 23
26 46
26 35
26 42
26 3
26 4
26 16
26 32
26 22
26 20
26 6
26 45
26 29
26 33
26 21
26 38
26 30
26 15
26 44
26 37
26 0
26 24
26 11
26 1
25
27 7
27 25
27 12
27 19
27 49
27 6
27 22
27 48
27 14
27 15
27 23
27 17
27 36
27 38
27 40
27 20
27 30
27 33
27 4
27 18
27 43
27 41
27 31
27 47
27 24
16
28 46
28 5
28 44
28 21
28 39
28 12
28 16
28 27
28 40
28 32
28 43
28 10
28 25
28 37
28 1
28 0
18
29 6
29 38
29 43
29 44
29 42
29 48
29 4
29 1
29 5
29 24
29 30
29 14
29 28
29 3
29 7
29 36
29 12
29 2
18
30 39
30 14
30 37
30 35
30 5
30 28
30 23
30 6
30 49
30 45
30 15
30 38
30 18
30 24
30 44
30 10
30 31
30 0
19
31 26
31 45
31 14
31 46
31 12
31 37
31 2
31 47
31 19
31 43
31 35
31 18
31 48
31 28
31 39
31 11
31 4
31 29
31 16
23
32 20
32 36
32 29
32 30
32 35
32 27
32 11
32 4
32 31
32 25
32 15
32 38
32 45
32 0
32 44
32 39
32 40
32 49
32 6
32 2
32 34
32 8
32 23
16
33 15
33 28
33 42
33 32
33 34
33 39
33 20
33 23
33 29
33 24
33 48
33 37
33 40
33 16
33 43
33 6
19
34 45
34 13
34 3
34 12
34 20
34 31
34 30
34 43
34 22
34 37
34 47
34 28
34 23
34 24
34 17
34 9
34 35
34 0
34 15
18
35 5
35 6
35 7
35 36
35 14
35 38
35 12
35 24
35 37
35 17
35 44
35 22
35 27
35 10
35 40
35 1
35 18
35 20
19
36 33
36 2
36 28
36 20
36 30
36 5
36 1
36 12
36 42
36 46
36 19
36 26
36 17
36 16
36 9
36 0
36 4
36 38
36 34
16
37 32
37 45
37 18
37 48
37 8
37 1
37 11
37 16
37 10
37 5
37 36
37 13
37 47
37 39
37 43
37 41
24
38 0
38 24
38 34
38 17
38 47
38 48
38 39
38 25
38 18
38 1
38 37
38 9
38 22
38 33
38 43
38 31
38 10
38 16
38 28
38 2
38 23
38 46
38 3
38 8
19
39 19
39 25
39 18
39 7
39 40
39 22
39 34
39 4
39 23
39 35
39 11
39 47
39 0
39 8
39 5
39 42
39 20
39 36
39 21
15
40 24
40 0
40 16
40 17
40 3
40 31
40 38
40 1
40 19
40 29
40 26
40 14
40 12
40 46
40 37
20
41 33
41 28
41 7
41 18
41 3
41 25
41 19
41 22
41 1
41 35
41 44
41 31
41 5
41 24
41 36
41 26
41 38
41 45
41 47
41 13
24
42 43
42 34
42 7
42 19
42 41
42 22
42 47
42 16
42 44
42 13
42 48
42 14
42 49
42 37
42 5
42 32
42 30
42 24
42 31
42 40
42 25
42 38
42 12
42 28
14
43 46
43 2
43 44
43 20
43 32
43 18
43 25
43 41
43 35
43 1
43 40
43 0
43 39
43 30
17
44 9
44 38
44 27
44 10
44 3
44 34
44 45
44 16
44 36
44 4
44 6
44 18
44 5
44 39
44 0
44 13
44 31
18
45 10
45 23
45 12
45 0
45 27
45 43
45 13
45 35
45 20
45 22
45 5
45 25
45 1
45 3
45 29
45 6
45 28
45 4
28
46 22
46 44
46 19
46 0
46 27
46 1
46 41
46 20
46 48
46 33
46 49
46 45
46 39
46 24
46 21
46 37
46 6
46 9
46 16
46 29
46 12
46 5
46 23
46 13
46 35
46 7
46 15
46 25
16
47 30
47 32
47 16
47 45
47 9
47 7
47 17
47 29
47 11
47 28
47 2
47 46
47 49
47 8
47 1
47 35
19
48 40
48 8
48 35
48 10
48 13
48 6
48 20
48 45
48 34
48 43
48 36
48 44
48 23
48 15
48 12
48 14
48 32
48 41
48 24
22
49 25
49 45
49 40
49 21
49 39
49 7
49 43
49 31
49 38
49 1
49 35
49 8
49 37
49 23
49 16
49 41
49 48
49 17
49 34
49 29
49 9
49 44
