50
0 "A20"
1 "A33"
2 "A12"
3 "A25"
4 "A46"
5 "A7"
6 "A40"
7 "A42"
8 "A43"
9 "A19"
10 "A29"
11 "A38"
12 "A32"
13 "A23"
14 "A2"
15 "A37"
16 "A39"
17 "A48"
18 "A0"
19 "A17"
20 "A13"
21 "A28"
22 "A6"
23 "A8"
24 "A30"
25 "A4"
26 "A21"
27 "A22"
28 "A14"
29 "A44"
30 "A47"
31 "A24"
32 "A3"
33 "A11"
34 "A5"
35 "A41"
36 "A18"
37 "A27"
38 "A31"
39 "A10"
40 "A45"
41 "A49"
42 "A16"
43 "A26"
44 "A36"
45 "A15"
46 "A1"
47 "A34"
48 "A35"
49 "A9"
21
0 14
0 3
0 11
0 44
0 20
0 24
0 7
0 10
0 43
0 29
0 4
0 17
0 23
0 38
0 12
0 22
0 16
0 47
0 46
0 34
0 8
22
1 15
1 29
1 40
1 47
1 2
1 23
1 27
1 22
1 11
1 32
1 13
1 43
1 20
1 35
1 21
1 3
1 6
1 17
1 36
1 41
1 37
1 25
22
2 25
2 35
2 45
2 34
2 32
2 5
2 27
2 48
2 20
2 18
2 44
2 14
2 42
2 31
2 17
2 41
2 37
2 12
2 43
2 19
2 28
2 15
17
3 10
3 27
3 5
3 28
3 35
3 31
3 12
3 2
3 23
3 18
3 44
3 37
3 49
3 6
3 25
3 30
3 7
19
4 24
4 33
4 35
4 20
4 39
4 11
4 48
4 28
4 2
4 34
4 37
4 18
4 16
4 3
4 44
4 15
4 25
4 26
4 14
18
5 35
5 24
5 41
5 27
5 23
5 46
5 26
5 37
5 11
5 32
5 48
5 22
5 1
5 9
5 12
5 30
5 0
5 42
25
6 42
6 15
6 0
6 26
6 24
6 38
6 12
6 25
6 17
6 16
6 44
6 10
6 19
6 29
6 14
6 48
6 30
6 4
6 13
6 49
6 43
6 8
6 28
6 40
6 37
18
7 38
7 32
7 9
7 26
7 2
7 11
7 6
7 35
7 22
7 14
7 15
7 23
7 49
7 30
7 18
7 21
7 39
7 33
24
8 4
8 1
8 18
8 37
8 36
8 14
8 27
8 33
8 32
8 9
8 3
8 29
8 22
8 7
8 25
8 38
8 10
8 35
8 43
8 48
8 49
8 26
8 19
8 42
20
9 6
9 30
9 43
9 3
9 36
9 16
9 2
9 34
9 24
9 4
9 21
9 27
9 22
9 23
9 19
9 28
9 45
9 18
9 44
9 10
14
10 43
10 16
10 30
10 34
10 39
10 37
10 33
10 1
10 36
10 7
10 47
10 17
10 28
10 42
26
11 10
11 27
11 29
11 35
11 41
11 23
11 17
11 26
11 28
11 44
11 13
11 25
11 20
11 2
11 34
11 43
11 47
11 8
11 48
11 39
11 38
11 49
11 46
11 24
11 3
11 42
18
12 49
12 20
12 10
12 35
12 8
12 21
12 39
12 11
12 22
12 13
12 37
12 43
12 31
12 4
12 46
12 1
12 42
12 30
18
13 36
13 37
13 15
13 30
13 41
13 29
13 27
13 2
13 5
13 23
13 25
13 9
13 14
13 4
13 22
13 48
13 3
13 10
18
14 12
14 38
14 19
14 31
14 1
14 39
14 21
14 9
14 3
14 44
14 47
14 16
14 28
14 41
14 5
14 43
14 11
14 36
18
15 5
15 48
15 39
15 30
15 44
15 47
15 11
15 18
15 3
15 0
15 10
15 19
15 9
15 14
15 8
15 16
15 24
15 34
19
16 29
16 32
16 43
16 24
16 48
16 8
16 19
16 45
16 1
16 40
16 13
16 30
16 11
16 34
16 17
16 5
16 7
16 2
16 49
18
17 32
17 13
17 14
17 46
17 12
17 38
17 29
17 36
17 47
17 34
17 27
17 24
17 5
17 48
17 20
17 39
17 3
17 19
19
18 17
18 26
18 6
18 23
18 29
18 47
18 16
18 1
18 25
18 0
18 44
18 31
18 22
18 24
18 12
18 36
18 14
18 41
18 30
18
19 31
19 33
19 11
19 10
19 4
19 42
19 34
19 18
19 21
19 7
19 46
19 48
19 3
19 47
19 32
19 13
19 22
19 1
16
20 19
20 9
20 30
20 46
20 25
20 49
20 35
20 16
20 27
20 14
20 47
20 6
20 3
20 34
20 26
20 32
21
21 18
21 27
21 29
21 33
21 0
21 45
21 15
21 2
21 4
21 11
21 44
21 17
21 48
21 16
21 26
21 41
21 37
21 40
21 46
21 32
21 5
16
22 29
22 37
22 3
22 25
22 16
22 6
22 21
22 28
22 24
22 36
22 40
22 47
22 48
22 27
22 49
22 35
24
23 31
23 22
23 38
23 35
23 21
23 8
23 36
23 15
23 12
23 20
23 43
23 16
23 25
23 30
23 4
23 14
23 24
23 17
23 46
23 39
23 2
23 10
23 6
23 28
20
24 12
24 20
24 25
24 32
24 13
24 30
24 46
24 3
24 42
24 45
24 41
24 2
24 7
24 8
24 47
24 10
24 27
24 37
24 14
24 1
20
25 44
25 19
25 33
25 47
25 38
25 12
25 49
25 42
25 30
25 15
25 37
25 29
25 34
25 0
25 16
25 14
25 21
25 43
25 17
25 5
20
26 0
26 15
26 19
26 10
26 30
26 14
26 34
26 13
26 3
26 17
26 32
26 23
26 22
26 2
26 9
26 25
26 16
26 35
26 28
26 1
10
27 4
27 40
27 30
27 38
27 28
27 49
27 14
27 0
27 45
27 10
21
28 46
28 25
28 8
28 39
28 24
28 32
28 13
28 21
28 38
28 37
28 29
28 18
28 19
28 17
28 20
28 0
28 7
28 15
28 43
28 34
28 12
21
29 9
29 12
29 10
29 15
29 38
29 5
29 24
29 19
29 2
29 41
29 26
29 43
29 23
29 7
29 14
29 48
29 42
29 44
29 3
29 36
29 35
18
30 38
30 49
30 22
30 2
30 0
30 35
30 21
30 44
30 19
30 48
30 39
30 1
30 17
30 4
30 32
30 11
30 37
30 14
22
31 39
31 21
31 20
31 28
31 25
31 11
31 46
31 1
31 13
31 6
31 33
31 15
31 30
31 0
31 49
31 32
31 7
31 34
31 8
31 48
31 17
31 10
18
32 35
32 9
32 46
32 6
32 10
32 41
32 13
32 38
32 40
32 29
32 22
32 47
32 27
32 48
32 15
32 18
32 42
32 12
21
33 26
33 34
33 18
33 27
33 47
33 32
33 1
33 16
33 15
33 3
33 0
33 20
33 17
33 40
33 6
33 39
33 30
33 44
33 29
33 36
33 22
17
34 22
34 27
34 14
34 35
34 8
34 6
34 21
34 7
34 24
34 13
34 42
34 30
34 45
34 29
34 18
34 1
34 3
12
35 31
35 19
35 18
35 15
35 40
35 24
35 27
35 10
35 47
35 43
35 37
35 41
19
36 40
36 3
36 26
36 15
36 2
36 30
36 20
36 31
36 27
36 32
36 38
36 44
36 12
36 41
36 24
36 28
36 47
36 21
36 39
20
37 33
37 27
37 32
37 23
37 26
37 39
37 36
37 0
37 31
37 42
37 16
37 17
37 34
37 11
37 47
37 14
37 20
37 45
37 18
37 29
18
38 21
38 4
38 37
38 19
38 15
38 45
38 26
38 10
38 39
38 49
38 20
38 13
38 42
38 5
38 1
38 18
38 35
38 2
20
39 45
39 1
39 24
39 20
39 49
39 9
39 0
39 46
39 22
39 16
39 13
39 35
39 26
39 43
39 47
39 18
39 19
39 21
39 25
39 34
24
40 30
40 39
40 8
40 28
40 18
40 12
40 3
40 47
40 7
40 25
40 9
40 14
40 20
40 24
40 29
40 43
40 31
40 23
40 5
40 37
40 38
40 11
40 0
40 19
20
41 4
41 26
41 31
41 37
41 12
41 7
41 39
41 0
41 33
41 20
41 22
41 45
41 9
41 27
41 43
41 16
41 8
41 19
41 23
41 30
25
42 14
42 30
42 4
42 27
42 41
42 15
42 22
42 39
42 23
42 35
42 7
42 31
42 20
42 43
42 36
42 46
42 18
42 0
42 9
42 33
42 16
42 21
42 26
42 28
42 3
19
43 21
43 30
43 47
43 17
43 31
43 3
43 20
43 5
43 4
43 7
43 22
43 37
43 13
43 24
43 46
43 44
43 45
43 38
43 19
22
44 16
44 38
44 1
44 27
44 42
44 5
44 26
44 22
44 46
44 47
44 12
44 20
44 24
44 35
44 37
44 23
44 41
44 32
44 31
44 7
44 19
44 10
26
45 15
45 22
45 31
45 10
45 30
45 8
45 7
45 20
45 0
45 11
45 23
45 44
45 36
45 25
45 19
45 47
45 12
45 46
45 49
45 48
45 42
45 6
45 13
45 40
45 35
45 5
17
46 40
46 13
46 35
46 15
46 37
46 22
46 10
46 18
46 25
46 4
46 41
46 33
46 8
46 6
46 2
46 1
46 7
16
47 6
47 26
47 27
47 13
47 7
47 30
47 23
47 46
47 16
47 28
47 8
47 4
47 29
47 42
47 9
47 31
22
48 3
48 35
48 24
48 46
48 41
48 18
48 9
48 14
48 10
48 20
48 43
48 40
48 1
48 33
48 47
48 27
48 34
48 0
48 49
48 7
48 39
48 25
23
49 35
49 10
49 4
49 34
49 37
49 46
49 14
49 0
49 42
49 26
49 41
49 23
49 19
49 28
49 5
49 47
49 15
49 21
49 29
49 33
49 43
49 40
49 9
