50
0 "A20"
1 "A33"
2 "A12"
3 "A25"
4 "A46"
5 "A7"
6 "A40"
7 "A42"
8 "A43"
9 "A19"
10 "A29"
11 "A38"
12 "A32"
13 "A23"
14 "A2"
15 "A37"
16 "A39"
17 "A48"
18 "A0"
19 "A17"
20 "A13"
21 "A28"
22 "A6"
23 "A8"
24 "A30"
25 "A4"
26 "A21"
27 "A22"
28 "A14"
29 "A44"
30 "A47"
31 "A24"
32 "A3"
33 "A11"
34 "A5"
35 "A41"
36 "A18"
37 "A27"
38 "A31"
39 "A10"
40 "A45"
41 "A49"
42 "A16"
43 "A26"
44 "A36"
45 "A15"
46 "A1"
47 "A34"
48 "A35"
49 "A9"
18
0 39
0 45
0 2
0 7
0 21
0 34
0 38
0 23
0 30
0 4
0 35
0 10
0 1
0 19
0 13
0 46
0 5
0 49
17
1 46
1 28
1 6
1 18
1 49
1 10
1 43
1 19
1 36
1 21
1 26
1 47
1 33
1 42
1 11
1 8
1 48
18
2 1
2 49
2 41
2 43
2 24
2 31
2 8
2 38
2 23
2 45
2 29
2 33
2 4
2 19
2 21
2 42
2 18
2 30
18
3 18
3 30
3 1
3 8
3 14
3 9
3 24
3 37
3 33
3 27
3 12
3 21
3 17
3 29
3 44
3 38
3 6
3 0
22
4 14
4 38
4 1
4 16
4 40
4 7
4 29
4 46
4 31
4 21
4 5
4 49
4 12
4 3
4 48
4 25
4 34
4 32
4 43
4 17
4 36
4 33
21
5 2
5 8
5 9
5 1
5 24
5 36
5 46
5 16
5 43
5 26
5 29
5 34
5 19
5 30
5 40
5 12
5 37
5 10
5 3
5 21
5 20
28
6 29
6 12
6 10
6 9
6 20
6 14
6 40
6 31
6 30
6 17
6 47
6 8
6 15
6 2
6 23
6 43
6 5
6 41
6 0
6 37
6 35
6 44
6 21
6 46
6 34
6 18
6 48
6 26
15
7 27
7 8
7 34
7 14
7 2
7 5
7 23
7 47
7 3
7 38
7 41
7 42
7 12
7 11
7 35
18
8 40
8 36
8 25
8 41
8 19
8 49
8 45
8 34
8 23
8 20
8 4
8 10
8 46
8 12
8 28
8 22
8 37
8 11
19
9 20
9 44
9 21
9 8
9 30
9 49
9 26
9 11
9 43
9 35
9 34
9 10
9 31
9 7
9 48
9 47
9 0
9 4
9 42
19
10 33
10 12
10 23
10 13
10 41
10 48
10 20
10 42
10 18
10 39
10 16
10 29
10 45
10 34
10 7
10 3
10 32
10 11
10 38
26
11 27
11 31
11 3
11 5
11 25
11 21
11 28
11 19
11 23
11 2
11 20
11 15
11 12
11 0
11 48
11 46
11 43
11 30
11 14
11 36
11 6
11 47
11 26
11 41
11 37
11 32
14
12 13
12 37
12 9
12 19
12 0
12 42
12 1
12 45
12 23
12 47
12 21
12 34
12 32
12 41
20
13 39
13 2
13 27
13 7
13 44
13 6
13 29
13 41
13 15
13 16
13 38
13 37
13 19
13 11
13 46
13 5
13 43
13 3
13 36
13 24
19
14 36
14 29
14 18
14 31
14 13
14 20
14 17
14 15
14 12
14 41
14 34
14 8
14 33
14 46
14 2
14 1
14 37
14 5
14 9
23
15 1
15 0
15 28
15 5
15 16
15 42
15 12
15 48
15 30
15 23
15 10
15 33
15 38
15 34
15 8
15 9
15 41
15 47
15 46
15 45
15 4
15 25
15 43
21
16 6
16 11
16 49
16 26
16 29
16 0
16 21
16 23
16 38
16 9
16 31
16 24
16 33
16 43
16 47
16 20
16 2
16 41
16 7
16 45
16 27
24
17 36
17 2
17 0
17 48
17 5
17 21
17 15
17 47
17 7
17 10
17 9
17 18
17 37
17 12
17 16
17 11
17 33
17 25
17 40
17 26
17 1
17 23
17 45
17 28
18
18 21
18 37
18 5
18 24
18 32
18 12
18 49
18 23
18 44
18 8
18 36
18 7
18 41
18 45
18 4
18 11
18 38
18 46
17
19 21
19 22
19 41
19 47
19 14
19 40
19 49
19 6
19 15
19 26
19 31
19 44
19 36
19 10
19 30
19 3
19 16
24
20 26
20 46
20 27
20 40
20 4
20 41
20 43
20 22
20 28
20 1
20 48
20 33
20 32
20 18
20 38
20 45
20 36
20 7
20 13
20 24
20 39
20 12
20 2
20 0
18
21 33
21 15
21 28
21 39
21 25
21 10
21 49
21 7
21 34
21 24
21 8
21 44
21 14
21 48
21 37
21 42
21 38
21 22
19
22 37
22 30
22 3
22 16
22 9
22 5
22 13
22 11
22 7
22 6
22 45
22 1
22 49
22 10
22 35
22 17
22 2
22 15
22 0
22
23 33
23 26
23 32
23 28
23 21
23 3
23 37
23 5
23 29
23 31
23 44
23 34
23 30
23 42
23 38
23 1
23 9
23 13
23 43
23 22
23 19
23 25
22
24 11
24 10
24 8
24 0
24 12
24 31
24 15
24 19
24 37
24 1
24 9
24 29
24 49
24 39
24 22
24 47
24 32
24 38
24 6
24 23
24 4
24 7
23
25 37
25 30
25 40
25 24
25 3
25 38
25 18
25 10
25 5
25 0
25 19
25 22
25 28
25 9
25 7
25 12
25 44
25 27
25 20
25 46
25 35
25 33
25 13
17
26 47
26 21
26 2
26 0
26 22
26 44
26 10
26 7
26 34
26 25
26 33
26 18
26 49
26 35
26 40
26 45
26 48
23
27 31
27 2
27 15
27 10
27 40
27 47
27 9
27 23
27 42
27 18
27 26
27 24
27 37
27 21
27 14
27 4
27 19
27 6
27 44
27 41
27 17
27 22
27 5
22
28 13
28 27
28 34
28 0
28 18
28 35
28 26
28 31
28 42
28 46
28 7
28 16
28 43
28 2
28 30
28 24
28 14
28 41
28 12
28 6
28 29
28 22
18
29 30
29 9
29 17
29 12
29 15
29 21
29 49
29 39
29 7
29 32
29 1
29 19
29 11
29 18
29 25
29 26
29 31
29 38
22
30 45
30 7
30 21
30 26
30 44
30 47
30 34
30 24
30 12
30 20
30 41
30 37
30 38
30 14
30 27
30 17
30 4
30 46
30 16
30 36
30 8
30 13
24
31 26
31 12
31 13
31 25
31 30
31 7
31 1
31 32
31 20
31 5
31 40
31 17
31 15
31 46
31 33
31 10
31 42
31 18
31 43
31 37
31 8
31 49
31 3
31 22
21
32 6
32 44
32 34
32 41
32 17
32 8
32 22
32 27
32 3
32 26
32 36
32 45
32 1
32 30
32 19
32 15
32 13
32 39
32 7
32 47
32 2
21
33 41
33 38
33 29
33 44
33 18
33 12
33 48
33 22
33 24
33 39
33 30
33 13
33 45
33 5
33 49
33 37
33 43
33 46
33 7
33 6
33 8
20
34 27
34 20
34 47
34 43
34 49
34 13
34 31
34 25
34 44
34 18
34 2
34 16
34 1
34 35
34 33
34 41
34 37
34 39
34 22
34 17
21
35 8
35 12
35 13
35 46
35 42
35 19
35 39
35 37
35 14
35 41
35 17
35 2
35 24
35 3
35 16
35 44
35 33
35 18
35 29
35 20
35 27
20
36 39
36 33
36 44
36 23
36 47
36 2
36 15
36 24
36 16
36 7
36 26
36 25
36 41
36 28
36 10
36 35
36 21
36 12
36 29
36 27
13
37 41
37 29
37 45
37 10
37 49
37 4
37 48
37 1
37 0
37 9
37 15
37 36
37 26
17
38 8
38 39
38 47
38 45
38 14
38 17
38 12
38 6
38 1
38 40
38 35
38 11
38 36
38 9
38 37
38 28
38 22
17
39 23
39 42
39 26
39 37
39 1
39 18
39 16
39 9
39 25
39 17
39 6
39 11
39 27
39 4
39 31
39 22
39 44
22
40 28
40 14
40 3
40 15
40 32
40 34
40 24
40 10
40 44
40 33
40 11
40 16
40 23
40 7
40 39
40 47
40 21
40 13
40 18
40 29
40 1
40 30
15
41 47
41 40
41 1
41 49
41 21
41 31
41 44
41 23
41 26
41 0
41 5
41 9
41 42
41 17
41 24
25
42 13
42 3
42 38
42 8
42 14
42 24
42 32
42 25
42 37
42 49
42 46
42 36
42 0
42 6
42 34
42 22
42 19
42 17
42 43
42 29
42 26
42 47
42 20
42 11
42 16
15
43 17
43 37
43 26
43 18
43 0
43 40
43 22
43 29
43 39
43 35
43 30
43 41
43 46
43 7
43 19
15
44 42
44 15
44 24
44 5
44 28
44 2
44 37
44 31
44 8
44 7
44 46
44 43
44 17
44 47
44 11
16
45 21
45 40
45 29
45 11
45 27
45 31
45 41
45 19
45 6
45 13
45 48
45 36
45 9
45 39
45 42
45 43
15
46 36
46 23
46 49
46 12
46 45
46 26
46 34
46 7
46 3
46 17
46 29
46 21
46 39
46 9
46 19
20
47 18
47 31
47 25
47 29
47 37
47 5
47 45
47 4
47 14
47 43
47 28
47 0
47 23
47 20
47 21
47 46
47 2
47 39
47 33
47 8
20
48 8
48 36
48 16
48 7
48 42
48 46
48 0
48 35
48 18
48 49
48 27
48 29
48 13
48 34
48 12
48 28
48 40
48 38
48 24
48 14
18
49 6
49 5
49 45
49 15
49 43
49 14
49 36
49 40
49 7
49 20
49 28
49 17
49 47
49 27
49 10
49 13
49 39
49 3
