50
0 "A20"
1 "A33"
2 "A12"
3 "A25"
4 "A46"
5 "A7"
6 "A40"
7 "A42"
8 "A43"
9 "A19"
10 "A29"
11 "A38"
12 "A32"
13 "A23"
14 "A2"
15 "A37"
16 "A39"
17 "A48"
18 "A0"
19 "A17"
20 "A13"
21 "A28"
22 "A6"
23 "A8"
24 "A30"
25 "A4"
26 "A21"
27 "A22"
28 "A14"
29 "A44"
30 "A47"
31 "A24"
32 "A3"
33 "A11"
34 "A5"
35 "A41"
36 "A18"
37 "A27"
38 "A31"
39 "A10"
40 "A45"
41 "A49"
42 "A16"
43 "A26"
44 "A36"
45 "A15"
46 "A1"
47 "A34"
48 "A35"
49 "A9"
20
0 37
0 9
0 20
0 38
0 48
0 43
0 19
0 8
0 47
0 39
0 44
0 17
0 34
0 3
0 31
0 45
0 29
0 2
0 27
0 46
20
1 8
1 11
1 48
1 46
1 26
1 28
1 3
1 15
1 19
1 32
1 49
1 0
1 20
1 34
1 6
1 7
1 33
1 44
1 10
1 12
20
2 22
2 30
2 45
2 17
2 29
2 39
2 3
2 46
2 41
2 38
2 31
2 24
2 4
2 48
2 42
2 20
2 28
2 40
2 8
2 35
22
3 6
3 13
3 36
3 24
3 29
3 35
3 44
3 9
3 40
3 15
3 39
3 17
3 27
3 31
3 41
3 28
3 11
3 12
3 22
3 37
3 47
3 43
21
4 6
4 38
4 27
4 34
4 41
4 30
4 3
4 31
4 26
4 32
4 44
4 46
4 33
4 49
4 0
4 12
4 29
4 35
4 14
4 15
4 16
19
5 10
5 33
5 8
5 25
5 4
5 40
5 26
5 9
5 29
5 45
5 36
5 38
5 15
5 35
5 32
5 48
5 14
5 20
5 41
21
6 25
6 0
6 21
6 48
6 33
6 2
6 38
6 7
6 22
6 12
6 45
6 20
6 19
6 8
6 49
6 23
6 5
6 42
6 18
6 28
6 15
16
7 5
7 37
7 8
7 29
7 38
7 13
7 4
7 17
7 25
7 47
7 39
7 11
7 24
7 35
7 14
7 2
15
8 37
8 36
8 45
8 19
8 20
8 41
8 33
8 3
8 34
8 11
8 21
8 23
8 42
8 44
8 38
18
9 4
9 18
9 39
9 38
9 11
9 6
9 21
9 29
9 17
9 25
9 49
9 30
9 35
9 37
9 32
9 10
9 27
9 2
22
10 45
10 21
10 26
10 25
10 17
10 16
10 34
10 0
10 40
10 36
10 22
10 32
10 27
10 7
10 4
10 33
10 14
10 42
10 48
10 23
10 2
10 46
20
11 31
11 26
11 25
11 47
11 33
11 23
11 32
11 46
11 0
11 19
11 6
11 21
11 35
11 20
11 5
11 16
11 43
11 48
11 39
11 38
18
12 13
12 7
12 14
12 41
12 10
12 46
12 31
12 32
12 34
12 48
12 21
12 47
12 36
12 45
12 8
12 18
12 5
12 23
17
13 38
13 19
13 43
13 37
13 11
13 10
13 20
13 36
13 44
13 49
13 33
13 2
13 24
13 35
13 0
13 47
13 29
29
14 13
14 22
14 15
14 37
14 30
14 3
14 41
14 48
14 19
14 9
14 34
14 8
14 31
14 2
14 46
14 24
14 6
14 40
14 1
14 32
14 0
14 29
14 28
14 18
14 27
14 20
14 49
14 47
14 36
18
15 45
15 38
15 37
15 11
15 2
15 21
15 13
15 12
15 28
15 23
15 10
15 40
15 36
15 16
15 7
15 18
15 47
15 41
19
16 38
16 39
16 1
16 8
16 26
16 35
16 3
16 9
16 19
16 21
16 14
16 13
16 29
16 45
16 23
16 40
16 2
16 43
16 6
19
17 30
17 40
17 46
17 6
17 16
17 23
17 5
17 14
17 1
17 18
17 4
17 41
17 15
17 26
17 25
17 47
17 13
17 12
17 22
16
18 7
18 3
18 26
18 21
18 25
18 2
18 43
18 44
18 49
18 28
18 46
18 22
18 1
18 11
18 36
18 5
17
19 17
19 10
19 18
19 15
19 46
19 42
19 5
19 12
19 48
19 3
19 37
19 9
19 4
19 20
19 2
19 43
19 31
14
20 12
20 4
20 39
20 9
20 22
20 48
20 29
20 15
20 46
20 7
20 37
20 10
20 16
20 18
23
21 37
21 19
21 22
21 39
21 3
21 0
21 31
21 14
21 5
21 43
21 26
21 28
21 20
21 36
21 7
21 45
21 2
21 24
21 38
21 17
21 40
21 44
21 4
27
22 41
22 40
22 43
22 1
22 7
22 49
22 39
22 16
22 29
22 12
22 5
22 35
22 45
22 8
22 46
22 36
22 19
22 13
22 4
22 0
22 34
22 15
22 37
22 47
22 24
22 27
22 30
24
23 29
23 2
23 33
23 31
23 28
23 42
23 21
23 3
23 32
23 24
23 0
23 13
23 30
23 38
23 27
23 7
23 19
23 9
23 49
23 48
23 26
23 20
23 43
23 25
22
24 0
24 17
24 6
24 10
24 34
24 25
24 19
24 26
24 39
24 12
24 47
24 32
24 36
24 16
24 38
24 8
24 20
24 29
24 1
24 5
24 9
24 11
23
25 43
25 14
25 1
25 47
25 0
25 34
25 48
25 13
25 49
25 19
25 2
25 3
25 44
25 12
25 21
25 36
25 41
25 15
25 46
25 4
25 29
25 37
25 27
22
26 8
26 47
26 0
26 7
26 49
26 40
26 6
26 25
26 48
26 2
26 42
26 9
26 20
26 3
26 36
26 27
26 12
26 14
26 31
26 22
26 37
26 45
17
27 12
27 24
27 5
27 33
27 8
27 1
27 19
27 47
27 20
27 18
27 15
27 6
27 16
27 29
27 2
27 7
27 11
23
28 31
28 35
28 43
28 39
28 26
28 9
28 29
28 0
28 12
28 19
28 13
28 45
28 20
28 24
28 38
28 27
28 4
28 7
28 17
28 42
28 11
28 22
28 10
17
29 30
29 47
29 21
29 6
29 10
29 12
29 31
29 8
29 39
29 36
29 41
29 1
29 18
29 38
29 33
29 15
29 35
21
30 26
30 24
30 12
30 45
30 35
30 20
30 44
30 38
30 1
30 5
30 6
30 27
30 40
30 49
30 10
30 34
30 25
30 19
30 16
30 47
30 39
18
31 8
31 25
31 32
31 7
31 46
31 49
31 5
31 27
31 30
31 17
31 13
31 22
31 24
31 35
31 20
31 15
31 33
31 9
19
32 2
32 28
32 44
32 3
32 27
32 46
32 22
32 8
32 20
32 26
32 48
32 37
32 17
32 38
32 7
32 6
32 16
32 39
32 18
18
33 7
33 26
33 20
33 9
33 0
33 28
33 48
33 34
33 3
33 39
33 49
33 17
33 41
33 22
33 25
33 47
33 14
33 12
20
34 31
34 13
34 19
34 35
34 17
34 23
34 16
34 20
34 32
34 39
34 29
34 48
34 47
34 36
34 3
34 9
34 44
34 5
34 11
34 15
23
35 19
35 36
35 43
35 1
35 12
35 14
35 23
35 25
35 40
35 8
35 49
35 17
35 15
35 46
35 32
35 45
35 47
35 26
35 20
35 33
35 42
35 0
35 24
16
36 0
36 39
36 48
36 31
36 40
36 2
36 20
36 44
36 6
36 41
36 1
36 30
36 16
36 23
36 49
36 28
19
37 34
37 27
37 47
37 43
37 1
37 23
37 5
37 45
37 49
37 24
37 35
37 36
37 44
37 29
37 17
37 16
37 18
37 12
37 10
20
38 18
38 17
38 14
38 37
38 12
38 35
38 46
38 1
38 44
38 31
38 33
38 25
38 27
38 48
38 47
38 49
38 36
38 34
38 45
38 10
18
39 23
39 27
39 43
39 15
39 5
39 19
39 37
39 13
39 4
39 48
39 42
39 26
39 49
39 45
39 17
39 1
39 8
39 31
20
40 32
40 7
40 11
40 39
40 37
40 29
40 33
40 38
40 27
40 47
40 24
40 8
40 1
40 13
40 44
40 31
40 28
40 43
40 6
40 20
18
41 48
41 18
41 42
41 23
41 27
41 1
41 39
41 32
41 46
41 34
41 38
41 11
41 47
41 9
41 35
41 43
41 16
41 40
22
42 46
42 3
42 13
42 4
42 17
42 38
42 34
42 37
42 24
42 12
42 1
42 16
42 18
42 14
42 22
42 25
42 7
42 36
42 32
42 33
42 0
42 47
18
43 26
43 46
43 33
43 34
43 6
43 1
43 42
43 30
43 7
43 24
43 31
43 32
43 10
43 8
43 17
43 29
43 9
43 49
20
44 42
44 11
44 2
44 10
44 9
44 27
44 29
44 12
44 15
44 6
44 39
44 16
44 35
44 22
44 43
44 20
44 26
44 24
44 41
44 28
16
45 32
45 14
45 9
45 11
45 36
45 25
45 34
45 29
45 3
45 41
45 27
45 13
45 46
45 18
45 31
45 4
16
46 28
46 23
46 5
46 40
46 24
46 26
46 7
46 29
46 44
46 3
46 9
46 30
46 34
46 39
46 21
46 16
17
47 21
47 39
47 8
47 1
47 44
47 20
47 18
47 43
47 6
47 5
47 2
47 46
47 23
47 36
47 4
47 31
47 28
21
48 27
48 28
48 35
48 40
48 47
48 3
48 13
48 49
48 29
48 42
48 30
48 4
48 21
48 24
48 16
48 15
48 7
48 46
48 17
48 18
48 22
21
49 10
49 20
49 7
49 17
49 42
49 12
49 29
49 34
49 44
49 19
49 45
49 46
49 8
49 21
49 47
49 32
49 40
49 2
49 5
49 41
49 28
