50
0 "A20"
1 "A33"
2 "A12"
3 "A25"
4 "A46"
5 "A7"
6 "A40"
7 "A42"
8 "A43"
9 "A19"
10 "A29"
11 "A38"
12 "A32"
13 "A23"
14 "A2"
15 "A37"
16 "A39"
17 "A48"
18 "A0"
19 "A17"
20 "A13"
21 "A28"
22 "A6"
23 "A8"
24 "A30"
25 "A4"
26 "A21"
27 "A22"
28 "A14"
29 "A44"
30 "A47"
31 "A24"
32 "A3"
33 "A11"
34 "A5"
35 "A41"
36 "A18"
37 "A27"
38 "A31"
39 "A10"
40 "A45"
41 "A49"
42 "A16"
43 "A26"
44 "A36"
45 "A15"
46 "A1"
47 "A34"
48 "A35"
49 "A9"
21
0 35
0 23
0 20
0 6
0 32
0 12
0 42
0 36
0 49
0 16
0 3
0 46
0 10
0 2
0 27
0 37
0 28
0 22
0 47
0 26
0 38
18
1 26
1 36
1 6
1 40
1 16
1 39
1 0
1 11
1 37
1 28
1 24
1 2
1 8
1 27
1 9
1 29
1 4
1 33
17
2 35
2 25
2 42
2 22
2 11
2 44
2 7
2 18
2 41
2 33
2 9
2 34
2 28
2 10
2 39
2 13
2 19
20
3 49
3 4
3 7
3 28
3 35
3 6
3 45
3 9
3 21
3 26
3 22
3 31
3 47
3 12
3 1
3 37
3 42
3 2
3 20
3 15
18
4 10
4 43
4 19
4 5
4 6
4 11
4 41
4 39
4 42
4 49
4 16
4 7
4 38
4 29
4 30
4 21
4 46
4 23
16
5 37
5 0
5 32
5 24
5 25
5 17
5 41
5 12
5 15
5 21
5 26
5 29
5 47
5 18
5 30
5 36
17
6 2
6 8
6 29
6 32
6 18
6 38
6 21
6 33
6 30
6 14
6 22
6 37
6 49
6 12
6 26
6 24
6 43
22
7 44
7 15
7 9
7 39
7 46
7 41
7 33
7 12
7 35
7 0
7 1
7 30
7 48
7 21
7 6
7 5
7 17
7 10
7 18
7 36
7 23
7 14
21
8 10
8 14
8 42
8 7
8 21
8 23
8 17
8 38
8 26
8 40
8 49
8 41
8 3
8 22
8 36
8 31
8 27
8 46
8 25
8 39
8 44
20
9 34
9 38
9 27
9 8
9 25
9 39
9 0
9 31
9 12
9 15
9 26
9 20
9 28
9 5
9 19
9 35
9 45
9 23
9 13
9 29
17
10 18
10 35
10 6
10 49
10 20
10 12
10 1
10 43
10 31
10 22
10 13
10 23
10 9
10 5
10 37
10 16
10 30
19
11 8
11 19
11 10
11 3
11 14
11 45
11 32
11 37
11 0
11 30
11 29
11 44
11 13
11 48
11 9
11 31
11 39
11 49
11 7
15
12 11
12 8
12 43
12 39
12 1
12 4
12 41
12 13
12 19
12 38
12 21
12 33
12 14
12 28
12 37
18
13 29
13 16
13 45
13 25
13 17
13 3
13 20
13 8
13 27
13 5
13 18
13 38
13 1
13 42
13 36
13 37
13 15
13 28
29
14 27
14 15
14 48
14 28
14 9
14 18
14 31
14 40
14 46
14 10
14 36
14 39
14 2
14 34
14 32
14 5
14 19
14 23
14 1
14 33
14 13
14 16
14 17
14 3
14 49
14 41
14 30
14 44
14 47
25
15 11
15 38
15 16
15 29
15 8
15 4
15 22
15 34
15 37
15 33
15 43
15 10
15 17
15 1
15 2
15 28
15 36
15 6
15 18
15 32
15 19
15 23
15 12
15 41
15 26
20
16 25
16 36
16 20
16 12
16 31
16 37
16 5
16 9
16 2
16 7
16 21
16 8
16 23
16 3
16 27
16 26
16 32
16 39
16 11
16 45
21
17 16
17 0
17 45
17 10
17 19
17 12
17 28
17 3
17 42
17 41
17 34
17 20
17 18
17 2
17 29
17 1
17 43
17 25
17 38
17 22
17 4
20
18 8
18 38
18 40
18 20
18 1
18 25
18 47
18 31
18 0
18 21
18 9
18 48
18 41
18 11
18 33
18 12
18 4
18 22
18 35
18 37
17
19 46
19 44
19 31
19 26
19 0
19 33
19 36
19 39
19 16
19 10
19 5
19 18
19 7
19 29
19 13
19 35
19 27
19
20 14
20 1
20 36
20 30
20 41
20 7
20 8
20 29
20 24
20 49
20 2
20 5
20 45
20 39
20 4
20 48
20 40
20 27
20 21
18
21 10
21 42
21 37
21 39
21 35
21 38
21 13
21 11
21 32
21 14
21 43
21 26
21 17
21 34
21 15
21 9
21 0
21 45
20
22 19
22 49
22 11
22 41
22 26
22 30
22 4
22 36
22 31
22 33
22 5
22 47
22 40
22 39
22 29
22 42
22 44
22 43
22 48
22 7
19
23 33
23 21
23 49
23 32
23 17
23 34
23 19
23 3
23 11
23 41
23 26
23 12
23 36
23 48
23 20
23 28
23 22
23 37
23 1
24
24 18
24 0
24 37
24 17
24 10
24 32
24 3
24 12
24 11
24 23
24 4
24 21
24 15
24 25
24 40
24 7
24 8
24 35
24 44
24 46
24 14
24 28
24 36
24 49
21
25 1
25 7
25 26
25 14
25 36
25 27
25 4
25 30
25 11
25 22
25 19
25 32
25 49
25 43
25 15
25 35
25 48
25 34
25 10
25 39
25 3
21
26 11
26 13
26 31
26 20
26 38
26 24
26 33
26 43
26 27
26 34
26 10
26 49
26 2
26 48
26 46
26 14
26 32
26 4
26 28
26 30
26 18
21
27 12
27 22
27 6
27 35
27 37
27 4
27 46
27 45
27 10
27 17
27 38
27 39
27 21
27 32
27 34
27 18
27 29
27 2
27 3
27 15
27 24
16
28 22
28 37
28 25
28 19
28 30
28 44
28 7
28 27
28 38
28 21
28 45
28 18
28 33
28 4
28 20
28 5
22
29 47
29 36
29 34
29 24
29 43
29 41
29 23
29 32
29 0
29 16
29 10
29 42
29 7
29 44
29 37
29 45
29 8
29 26
29 12
29 25
29 48
29 35
17
30 27
30 32
30 21
30 31
30 18
30 17
30 13
30 0
30 2
30 15
30 33
30 3
30 8
30 41
30 24
30 34
30 19
22
31 17
31 43
31 12
31 32
31 29
31 25
31 35
31 13
31 6
31 4
31 44
31 1
31 0
31 5
31 39
31 2
31 21
31 24
31 27
31 15
31 28
31 47
16
32 10
32 19
32 39
32 13
32 22
32 12
32 8
32 18
32 46
32 43
32 17
32 2
32 7
32 33
32 3
32 28
10
33 10
33 0
33 17
33 29
33 41
33 16
33 27
33 40
33 35
33 39
23
34 49
34 11
34 42
34 40
34 39
34 37
34 45
34 8
34 3
34 4
34 0
34 16
34 12
34 32
34 10
34 44
34 46
34 19
34 24
34 20
34 18
34 5
34 28
20
35 42
35 6
35 22
35 34
35 26
35 23
35 28
35 30
35 38
35 47
35 4
35 1
35 20
35 15
35 41
35 17
35 14
35 5
35 16
35 11
22
36 33
36 41
36 26
36 37
36 35
36 27
36 11
36 44
36 3
36 12
36 32
36 21
36 48
36 6
36 18
36 47
36 9
36 2
36 34
36 45
36 31
36 10
16
37 46
37 14
37 35
37 33
37 42
37 2
37 43
37 45
37 22
37 7
37 44
37 30
37 25
37 4
37 32
37 9
19
38 46
38 43
38 5
38 33
38 45
38 29
38 36
38 31
38 14
38 22
38 7
38 30
38 2
38 42
38 41
38 39
38 34
38 32
38 20
16
39 6
39 13
39 35
39 18
39 47
39 24
39 42
39 44
39 5
39 29
39 30
39 0
39 17
39 37
39 41
39 28
22
40 29
40 26
40 3
40 15
40 36
40 19
40 49
40 43
40 11
40 35
40 31
40 9
40 16
40 2
40 44
40 28
40 37
40 27
40 6
40 10
40 38
40 5
15
41 3
41 24
41 16
41 34
41 27
41 26
41 11
41 21
41 37
41 42
41 28
41 31
41 49
41 9
41 32
16
42 12
42 28
42 14
42 5
42 1
42 16
42 19
42 18
42 32
42 24
42 27
42 33
42 10
42 23
42 6
42 31
17
43 39
43 28
43 30
43 36
43 1
43 19
43 41
43 47
43 33
43 16
43 35
43 2
43 46
43 20
43 23
43 42
43 27
23
44 16
44 32
44 15
44 43
44 41
44 23
44 9
44 33
44 6
44 4
44 13
44 46
44 20
44 12
44 27
44 35
44 38
44 47
44 21
44 18
44 0
44 1
44 42
26
45 22
45 41
45 40
45 12
45 32
45 4
45 42
45 1
45 0
45 46
45 19
45 47
45 10
45 44
45 23
45 39
45 26
45 18
45 49
45 30
45 8
45 2
45 15
45 5
45 48
45 24
25
46 21
46 12
46 22
46 13
46 28
46 33
46 23
46 30
46 17
46 35
46 29
46 10
46 18
46 16
46 1
46 20
46 40
46 25
46 9
46 11
46 36
46 5
46 31
46 41
46 2
23
47 38
47 30
47 49
47 13
47 46
47 15
47 9
47 11
47 21
47 12
47 8
47 16
47 7
47 23
47 26
47 37
47 42
47 41
47 2
47 28
47 40
47 1
47 24
20
48 6
48 49
48 34
48 27
48 38
48 13
48 39
48 15
48 3
48 32
48 10
48 2
48 41
48 9
48 46
48 21
48 33
48 31
48 0
48 42
20
49 37
49 27
49 30
49 28
49 16
49 33
49 19
49 46
49 2
49 35
49 13
49 18
49 12
49 17
49 7
49 39
49 36
49 29
49 38
49 21
