50
0 "A20"
1 "A33"
2 "A12"
3 "A25"
4 "A46"
5 "A7"
6 "A40"
7 "A42"
8 "A43"
9 "A19"
10 "A29"
11 "A38"
12 "A32"
13 "A23"
14 "A2"
15 "A37"
16 "A39"
17 "A48"
18 "A0"
19 "A17"
20 "A13"
21 "A28"
22 "A6"
23 "A8"
24 "A30"
25 "A4"
26 "A21"
27 "A22"
28 "A14"
29 "A44"
30 "A47"
31 "A24"
32 "A3"
33 "A11"
34 "A5"
35 "A41"
36 "A18"
37 "A27"
38 "A31"
39 "A10"
40 "A45"
41 "A49"
42 "A16"
43 "A26"
44 "A36"
45 "A15"
46 "A1"
47 "A34"
48 "A35"
49 "A9"
22
0 35
0 23
0 20
0 26
0 28
0 32
0 15
0 10
0 43
0 42
0 38
0 16
0 9
0 22
0 27
0 6
0 36
0 29
0 49
0 13
0 37
0 3
14
1 37
1 23
1 39
1 34
1 11
1 14
1 24
1 41
1 8
1 9
1 6
1 15
1 0
1 36
16
2 20
2 18
2 40
2 22
2 17
2 41
2 48
2 49
2 10
2 33
2 25
2 0
2 23
2 44
2 39
2 28
18
3 4
3 6
3 35
3 21
3 17
3 26
3 1
3 31
3 12
3 36
3 37
3 28
3 15
3 45
3 19
3 2
3 5
3 39
23
4 11
4 41
4 39
4 38
4 10
4 33
4 49
4 32
4 42
4 7
4 1
4 48
4 2
4 16
4 29
4 21
4 5
4 18
4 25
4 47
4 0
4 9
4 23
24
5 25
5 39
5 1
5 8
5 27
5 38
5 49
5 23
5 36
5 0
5 2
5 45
5 32
5 43
5 40
5 24
5 17
5 15
5 21
5 34
5 26
5 29
5 47
5 12
20
6 8
6 33
6 9
6 18
6 32
6 21
6 49
6 4
6 29
6 5
6 38
6 30
6 19
6 22
6 47
6 14
6 12
6 39
6 37
6 20
16
7 2
7 15
7 12
7 48
7 44
7 21
7 34
7 37
7 24
7 1
7 17
7 41
7 30
7 35
7 9
7 14
19
8 26
8 42
8 31
8 7
8 41
8 47
8 17
8 19
8 38
8 45
8 36
8 28
8 3
8 37
8 9
8 25
8 46
8 44
8 10
20
9 20
9 3
9 25
9 12
9 15
9 31
9 33
9 18
9 45
9 28
9 43
9 29
9 5
9 22
9 19
9 14
9 36
9 35
9 34
9 32
13
10 7
10 5
10 46
10 9
10 35
10 32
10 49
10 12
10 14
10 20
10 43
10 13
10 23
13
11 8
11 19
11 3
11 40
11 10
11 23
11 32
11 31
11 17
11 39
11 48
11 44
11 29
14
12 23
12 8
12 11
12 13
12 31
12 48
12 28
12 30
12 21
12 0
12 33
12 2
12 14
12 43
22
13 37
13 29
13 17
13 1
13 3
13 6
13 42
13 33
13 15
13 35
13 4
13 39
13 11
13 45
13 27
13 18
13 20
13 40
13 38
13 9
13 34
13 25
18
14 18
14 13
14 2
14 23
14 44
14 41
14 36
14 33
14 4
14 30
14 39
14 8
14 27
14 5
14 48
14 0
14 17
14 32
26
15 32
15 11
15 38
15 16
15 28
15 8
15 4
15 12
15 34
15 37
15 33
15 43
15 10
15 17
15 49
15 2
15 36
15 18
15 19
15 46
15 20
15 31
15 23
15 39
15 14
15 41
24
16 2
16 26
16 32
16 11
16 9
16 20
16 12
16 24
16 33
16 34
16 7
16 27
16 6
16 45
16 22
16 47
16 1
16 14
16 21
16 39
16 23
16 3
16 5
16 8
18
17 18
17 48
17 47
17 12
17 28
17 1
17 43
17 42
17 25
17 36
17 0
17 45
17 4
17 9
17 41
17 6
17 34
17 10
19
18 20
18 48
18 12
18 11
18 39
18 22
18 19
18 33
18 35
18 27
18 40
18 37
18 41
18 3
18 25
18 38
18 5
18 31
18 1
21
19 38
19 27
19 48
19 21
19 31
19 36
19 44
19 1
19 14
19 46
19 33
19 40
19 16
19 10
19 20
19 13
19 0
19 7
19 29
19 30
19 35
22
20 14
20 1
20 33
20 36
20 48
20 49
20 31
20 28
20 42
20 8
20 21
20 29
20 39
20 3
20 5
20 43
20 45
20 40
20 4
20 17
20 47
20 26
17
21 34
21 26
21 27
21 37
21 2
21 39
21 38
21 35
21 32
21 25
21 14
21 42
21 15
21 9
21 17
21 0
21 45
20
22 26
22 7
22 19
22 49
22 11
22 42
22 20
22 8
22 15
22 17
22 13
22 29
22 4
22 12
22 41
22 5
22 44
22 43
22 3
22 31
20
23 33
23 21
23 17
23 22
23 19
23 6
23 3
23 34
23 25
23 20
23 39
23 28
23 13
23 24
23 26
23 30
23 41
23 36
23 48
23 27
20
24 0
24 46
24 32
24 10
24 12
24 14
24 4
24 19
24 40
24 27
24 21
24 15
24 8
24 11
24 43
24 35
24 49
24 18
24 17
24 41
26
25 14
25 48
25 27
25 34
25 30
25 3
25 11
25 22
25 44
25 12
25 49
25 15
25 19
25 40
25 46
25 10
25 1
25 20
25 39
25 24
25 45
25 7
25 38
25 43
25 35
25 6
22
26 18
26 32
26 28
26 30
26 11
26 13
26 2
26 4
26 38
26 24
26 33
26 6
26 39
26 25
26 14
26 12
26 7
26 46
26 34
26 35
26 10
26 49
26
27 22
27 39
27 2
27 29
27 15
27 12
27 8
27 4
27 43
27 33
27 30
27 38
27 6
27 37
27 9
27 1
27 46
27 10
27 17
27 47
27 48
27 35
27 11
27 26
27 7
27 32
20
28 7
28 45
28 24
28 46
28 13
28 33
28 4
28 5
28 47
28 30
28 18
28 31
28 25
28 16
28 49
28 19
28 27
28 48
28 44
28 21
19
29 48
29 35
29 25
29 26
29 36
29 21
29 23
29 8
29 43
29 32
29 42
29 18
29 28
29 41
29 34
29 24
29 10
29 1
29 45
19
30 18
30 0
30 32
30 21
30 38
30 16
30 31
30 15
30 17
30 13
30 44
30 33
30 5
30 42
30 1
30 24
30 34
30 41
30 36
21
31 32
31 16
31 29
31 25
31 35
31 6
31 4
31 14
31 41
31 0
31 5
31 2
31 27
31 10
31 45
31 23
31 1
31 43
31 17
31 44
31 34
18
32 19
32 13
32 12
32 8
32 18
32 7
32 2
32 33
32 39
32 17
32 43
32 45
32 20
32 44
32 1
32 22
32 35
32 3
16
33 41
33 21
33 40
33 25
33 17
33 24
33 45
33 38
33 1
33 11
33 39
33 7
33 22
33 34
33 8
33 10
18
34 4
34 47
34 37
34 46
34 32
34 19
34 10
34 20
34 45
34 49
34 2
34 8
34 28
34 11
34 3
34 24
34 39
34 0
17
35 15
35 6
35 36
35 22
35 45
35 34
35 38
35 33
35 16
35 5
35 1
35 41
35 4
35 17
35 14
35 11
35 47
26
36 45
36 33
36 41
36 26
36 10
36 6
36 27
36 11
36 37
36 39
36 44
36 42
36 28
36 32
36 12
36 48
36 47
36 18
36 4
36 31
36 21
36 7
36 13
36 16
36 34
36 2
20
37 33
37 42
37 43
37 32
37 31
37 29
37 5
37 48
37 30
37 25
37 2
37 39
37 46
37 14
37 22
37 24
37 12
37 35
37 11
37 4
16
38 36
38 2
38 22
38 14
38 45
38 20
38 39
38 42
38 46
38 41
38 1
38 17
38 31
38 34
38 7
38 32
13
39 9
39 29
39 30
39 49
39 41
39 46
39 28
39 19
39 0
39 47
39 12
39 35
39 42
22
40 15
40 3
40 43
40 39
40 4
40 32
40 35
40 30
40 0
40 16
40 8
40 44
40 46
40 36
40 9
40 31
40 28
40 6
40 10
40 29
40 34
40 37
15
41 37
41 42
41 3
41 27
41 21
41 34
41 6
41 9
41 32
41 40
41 19
41 28
41 49
41 16
41 5
18
42 14
42 10
42 19
42 18
42 6
42 26
42 31
42 28
42 11
42 2
42 27
42 40
42 1
42 12
42 16
42 25
42 9
42 23
23
43 36
43 30
43 4
43 49
43 23
43 3
43 47
43 6
43 41
43 21
43 28
43 45
43 16
43 35
43 2
43 1
43 19
43 46
43 7
43 8
43 42
43 26
43 39
25
44 0
44 38
44 16
44 20
44 27
44 43
44 41
44 23
44 9
44 33
44 6
44 49
44 4
44 12
44 39
44 48
44 17
44 35
44 47
44 34
44 1
44 26
44 42
44 13
44 21
19
45 42
45 1
45 0
45 18
45 23
45 49
45 30
45 26
45 47
45 24
45 22
45 41
45 10
45 15
45 12
45 44
45 40
45 2
45 4
22
46 9
46 11
46 5
46 29
46 21
46 31
46 22
46 42
46 13
46 35
46 49
46 1
46 30
46 7
46 16
46 36
46 33
46 32
46 12
46 2
46 45
46 3
23
47 49
47 13
47 7
47 15
47 21
47 11
47 10
47 31
47 0
47 12
47 32
47 42
47 26
47 33
47 41
47 2
47 23
47 37
47 3
47 19
47 24
47 38
47 30
20
48 9
48 32
48 16
48 0
48 33
48 34
48 42
48 10
48 41
48 31
48 30
48 21
48 3
48 24
48 38
48 5
48 35
48 13
48 22
48 49
17
49 16
49 29
49 36
49 13
49 17
49 31
49 32
49 7
49 3
49 38
49 37
49 18
49 27
49 30
49 21
49 33
49 40
