50
0 "A20"
1 "A33"
2 "A12"
3 "A25"
4 "A46"
5 "A7"
6 "A40"
7 "A42"
8 "A43"
9 "A19"
10 "A29"
11 "A38"
12 "A32"
13 "A23"
14 "A2"
15 "A37"
16 "A39"
17 "A48"
18 "A0"
19 "A17"
20 "A13"
21 "A28"
22 "A6"
23 "A8"
24 "A30"
25 "A4"
26 "A21"
27 "A22"
28 "A14"
29 "A44"
30 "A47"
31 "A24"
32 "A3"
33 "A11"
34 "A5"
35 "A41"
36 "A18"
37 "A27"
38 "A31"
39 "A10"
40 "A45"
41 "A49"
42 "A16"
43 "A26"
44 "A36"
45 "A15"
46 "A1"
47 "A34"
48 "A35"
49 "A9"
18
0 7
0 11
0 1
0 31
0 39
0 42
0 26
0 9
0 41
0 21
0 15
0 49
0 35
0 34
0 29
0 13
0 5
0 28
20
1 25
1 13
1 20
1 24
1 4
1 48
1 16
1 21
1 23
1 49
1 47
1 11
1 10
1 31
1 22
1 36
1 27
1 32
1 6
1 14
24
2 38
2 11
2 4
2 44
2 18
2 36
2 42
2 30
2 48
2 20
2 33
2 39
2 16
2 40
2 29
2 21
2 35
2 6
2 12
2 49
2 45
2 43
2 1
2 8
28
3 31
3 49
3 0
3 19
3 43
3 12
3 42
3 17
3 18
3 10
3 41
3 29
3 20
3 26
3 21
3 30
3 28
3 36
3 33
3 47
3 14
3 8
3 16
3 39
3 35
3 2
3 32
3 13
20
4 8
4 43
4 18
4 7
4 49
4 19
4 35
4 48
4 15
4 22
4 46
4 6
4 16
4 41
4 5
4 47
4 42
4 9
4 25
4 26
28
5 27
5 6
5 11
5 41
5 44
5 12
5 2
5 29
5 33
5 7
5 16
5 45
5 23
5 3
5 37
5 28
5 42
5 34
5 38
5 36
5 32
5 9
5 20
5 19
5 1
5 43
5 10
5 31
23
6 14
6 48
6 49
6 19
6 17
6 39
6 26
6 47
6 43
6 13
6 27
6 15
6 28
6 34
6 0
6 8
6 23
6 20
6 18
6 32
6 29
6 11
6 36
21
7 46
7 33
7 45
7 48
7 24
7 22
7 9
7 3
7 17
7 12
7 13
7 15
7 6
7 14
7 29
7 36
7 32
7 11
7 1
7 25
7 8
20
8 31
8 39
8 1
8 26
8 20
8 47
8 33
8 36
8 40
8 23
8 5
8 44
8 27
8 29
8 0
8 48
8 21
8 16
8 24
8 42
18
9 25
9 33
9 19
9 49
9 27
9 8
9 3
9 48
9 21
9 43
9 39
9 34
9 23
9 42
9 15
9 36
9 22
9 12
22
10 33
10 31
10 39
10 34
10 26
10 45
10 46
10 44
10 16
10 11
10 48
10 0
10 25
10 7
10 30
10 36
10 6
10 20
10 9
10 13
10 28
10 23
16
11 32
11 27
11 48
11 3
11 36
11 29
11 34
11 18
11 44
11 16
11 47
11 26
11 20
11 9
11 25
11 35
23
12 36
12 42
12 35
12 19
12 6
12 26
12 47
12 23
12 49
12 4
12 29
12 41
12 8
12 11
12 44
12 1
12 33
12 22
12 24
12 10
12 14
12 31
12 37
22
13 17
13 18
13 5
13 34
13 40
13 44
13 49
13 12
13 32
13 25
13 37
13 16
13 41
13 15
13 2
13 33
13 38
13 4
13 14
13 21
13 47
13 19
15
14 5
14 32
14 8
14 41
14 38
14 10
14 2
14 36
14 4
14 9
14 27
14 48
14 42
14 24
14 46
19
15 3
15 5
15 47
15 19
15 44
15 41
15 23
15 37
15 33
15 26
15 38
15 2
15 18
15 30
15 1
15 34
15 31
15 11
15 10
22
16 31
16 48
16 39
16 34
16 32
16 43
16 36
16 29
16 23
16 33
16 30
16 22
16 0
16 38
16 7
16 45
16 49
16 25
16 6
16 14
16 35
16 12
23
17 0
17 2
17 1
17 5
17 10
17 33
17 27
17 37
17 8
17 34
17 25
17 19
17 11
17 42
17 14
17 12
17 23
17 18
17 47
17 40
17 30
17 15
17 48
13
18 10
18 31
18 22
18 5
18 25
18 9
18 1
18 26
18 0
18 43
18 7
18 21
18 44
17
19 33
19 46
19 18
19 31
19 36
19 14
19 47
19 27
19 2
19 45
19 37
19 25
19 8
19 30
19 24
19 1
19 28
16
20 46
20 36
20 37
20 49
20 13
20 18
20 23
20 0
20 19
20 45
20 17
20 16
20 31
20 12
20 43
20 21
13
21 11
21 41
21 30
21 16
21 43
21 6
21 15
21 28
21 14
21 42
21 37
21 5
21 46
25
22 44
22 19
22 24
22 23
22 6
22 8
22 27
22 30
22 42
22 29
22 20
22 26
22 15
22 38
22 37
22 31
22 14
22 17
22 13
22 5
22 0
22 35
22 21
22 10
22 32
13
23 47
23 31
23 19
23 3
23 13
23 11
23 0
23 2
23 41
23 26
23 42
23 49
23 39
19
24 27
24 39
24 17
24 3
24 42
24 9
24 46
24 41
24 13
24 0
24 36
24 34
24 5
24 31
24 45
24 18
24 20
24 2
24 21
17
25 41
25 22
25 29
25 38
25 0
25 34
25 24
25 14
25 35
25 48
25 3
25 8
25 15
25 40
25 37
25 21
25 36
19
26 24
26 34
26 20
26 19
26 29
26 7
26 49
26 13
26 35
26 25
26 48
26 28
26 33
26 14
26 46
26 45
26 16
26 27
26 9
24
27 4
27 7
27 49
27 45
27 32
27 23
27 15
27 34
27 25
27 30
27 36
27 20
27 13
27 38
27 40
27 39
27 41
27 10
27 3
27 0
27 44
27 21
27 18
27 16
24
28 41
28 34
28 23
28 11
28 9
28 16
28 30
28 24
28 8
28 35
28 7
28 18
28 14
28 44
28 15
28 1
28 2
28 25
28 40
28 33
28 38
28 45
28 47
28 20
18
29 10
29 28
29 24
29 21
29 9
29 23
29 38
29 46
29 15
29 27
29 41
29 4
29 19
29 49
29 37
29 1
29 47
29 18
21
30 40
30 49
30 12
30 41
30 43
30 25
30 35
30 39
30 29
30 13
30 42
30 9
30 14
30 0
30 20
30 24
30 23
30 26
30 18
30 11
30 38
18
31 28
31 2
31 30
31 25
31 27
31 29
31 7
31 47
31 34
31 39
31 17
31 40
31 38
31 6
31 21
31 26
31 11
31 43
22
32 25
32 21
32 31
32 2
32 30
32 43
32 24
32 28
32 19
32 8
32 15
32 26
32 38
32 36
32 12
32 20
32 10
32 29
32 4
32 0
32 34
32 18
17
33 44
33 42
33 23
33 27
33 32
33 21
33 41
33 11
33 31
33 20
33 0
33 47
33 45
33 30
33 36
33 1
33 24
10
34 14
34 47
34 29
34 12
34 7
34 22
34 33
34 3
34 4
34 18
23
35 40
35 18
35 24
35 8
35 45
35 27
35 32
35 41
35 21
35 6
35 17
35 9
35 31
35 5
35 29
35 34
35 46
35 37
35 7
35 49
35 33
35 44
35 1
13
36 35
36 13
36 45
36 21
36 17
36 23
36 18
36 41
36 29
36 46
36 26
36 22
36 4
20
37 31
37 10
37 32
37 7
37 33
37 34
37 30
37 39
37 28
37 2
37 47
37 11
37 6
37 38
37 24
37 3
37 23
37 26
37 41
37 43
19
38 39
38 33
38 18
38 41
38 17
38 19
38 4
38 1
38 6
38 47
38 3
38 46
38 23
38 42
38 21
38 34
38 36
38 48
38 9
22
39 11
39 18
39 25
39 36
39 43
39 22
39 4
39 17
39 29
39 42
39 28
39 35
39 26
39 5
39 21
39 12
39 1
39 44
39 14
39 13
39 20
39 46
20
40 16
40 36
40 38
40 29
40 24
40 5
40 3
40 46
40 0
40 6
40 1
40 14
40 49
40 39
40 7
40 33
40 32
40 43
40 10
40 37
12
41 46
41 7
41 20
41 17
41 1
41 39
41 40
41 47
41 6
41 22
41 10
41 2
19
42 18
42 16
42 27
42 44
42 32
42 10
42 36
42 35
42 31
42 26
42 28
42 7
42 19
42 41
42 40
42 34
42 20
42 29
42 47
23
43 25
43 24
43 26
43 47
43 14
43 34
43 33
43 23
43 15
43 1
43 10
43 48
43 22
43 0
43 17
43 35
43 42
43 41
43 36
43 7
43 46
43 13
43 12
20
44 43
44 37
44 40
44 23
44 4
44 31
44 24
44 21
44 17
44 32
44 9
44 16
44 36
44 6
44 29
44 30
44 7
44 41
44 14
44 19
22
45 49
45 41
45 32
45 46
45 13
45 42
45 4
45 39
45 11
45 0
45 23
45 25
45 44
45 40
45 38
45 21
45 34
45 1
45 17
45 9
45 8
45 6
24
46 23
46 3
46 27
46 18
46 25
46 17
46 37
46 11
46 33
46 6
46 42
46 12
46 22
46 32
46 44
46 30
46 5
46 1
46 31
46 0
46 9
46 13
46 15
46 34
14
47 22
47 21
47 36
47 5
47 2
47 18
47 24
47 40
47 35
47 39
47 20
47 16
47 7
47 46
22
48 34
48 0
48 30
48 45
48 22
48 35
48 3
48 19
48 20
48 39
48 37
48 13
48 42
48 15
48 21
48 46
48 33
48 23
48 36
48 44
48 41
48 24
19
49 22
49 32
49 7
49 48
49 37
49 21
49 11
49 42
49 5
49 31
49 38
49 33
49 36
49 34
49 43
49 41
49 18
49 8
49 25
