50
0 "A20"
1 "A33"
2 "A12"
3 "A25"
4 "A46"
5 "A7"
6 "A40"
7 "A42"
8 "A43"
9 "A19"
10 "A29"
11 "A38"
12 "A32"
13 "A23"
14 "A2"
15 "A37"
16 "A39"
17 "A48"
18 "A0"
19 "A17"
20 "A13"
21 "A28"
22 "A6"
23 "A8"
24 "A30"
25 "A4"
26 "A21"
27 "A22"
28 "A14"
29 "A44"
30 "A47"
31 "A24"
32 "A3"
33 "A11"
34 "A5"
35 "A41"
36 "A18"
37 "A27"
38 "A31"
39 "A10"
40 "A45"
41 "A49"
42 "A16"
43 "A26"
44 "A36"
45 "A15"
46 "A1"
47 "A34"
48 "A35"
49 "A9"
20
0 9
0 46
0 10
0 39
0 27
0 18
0 12
0 36
0 43
0 41
0 34
0 8
0 7
0 47
0 42
0 22
0 37
0 45
0 29
0 26
23
1 39
1 0
1 11
1 31
1 22
1 29
1 6
1 9
1 45
1 18
1 16
1 34
1 27
1 25
1 43
1 42
1 49
1 10
1 48
1 33
1 2
1 36
1 35
21
2 43
2 11
2 49
2 8
2 19
2 0
2 10
2 28
2 36
2 29
2 38
2 12
2 15
2 30
2 4
2 40
2 23
2 33
2 24
2 13
2 21
16
3 27
3 17
3 4
3 29
3 22
3 46
3 33
3 38
3 12
3 32
3 45
3 49
3 25
3 26
3 42
3 24
23
4 13
4 1
4 36
4 18
4 9
4 19
4 49
4 0
4 42
4 26
4 24
4 34
4 10
4 12
4 27
4 33
4 37
4 46
4 28
4 17
4 8
4 41
4 5
21
5 11
5 23
5 1
5 19
5 30
5 33
5 25
5 21
5 34
5 28
5 16
5 46
5 37
5 29
5 17
5 3
5 45
5 47
5 15
5 10
5 2
25
6 3
6 48
6 40
6 31
6 45
6 27
6 0
6 10
6 33
6 2
6 32
6 37
6 22
6 47
6 14
6 5
6 11
6 43
6 7
6 30
6 39
6 15
6 38
6 9
6 34
23
7 49
7 43
7 46
7 23
7 5
7 38
7 3
7 11
7 9
7 30
7 48
7 25
7 39
7 47
7 14
7 27
7 28
7 2
7 15
7 40
7 41
7 20
7 4
18
8 25
8 9
8 20
8 3
8 13
8 37
8 49
8 7
8 12
8 19
8 44
8 1
8 36
8 47
8 38
8 10
8 24
8 32
18
9 15
9 39
9 18
9 28
9 20
9 26
9 25
9 46
9 10
9 13
9 22
9 16
9 37
9 43
9 21
9 14
9 5
9 49
16
10 26
10 37
10 34
10 3
10 39
10 15
10 19
10 7
10 24
10 41
10 13
10 32
10 21
10 49
10 44
10 42
14
11 9
11 21
11 19
11 31
11 33
11 12
11 29
11 26
11 42
11 34
11 24
11 16
11 36
11 4
11
12 7
12 16
12 21
12 9
12 15
12 31
12 10
12 23
12 38
12 1
12 22
18
13 43
13 1
13 7
13 35
13 44
13 48
13 34
13 29
13 0
13 23
13 47
13 3
13 5
13 25
13 16
13 28
13 19
13 37
24
14 23
14 5
14 37
14 10
14 13
14 36
14 40
14 48
14 30
14 16
14 49
14 15
14 4
14 47
14 2
14 3
14 33
14 45
14 0
14 27
14 34
14 11
14 28
14 8
21
15 34
15 38
15 28
15 16
15 22
15 37
15 36
15 0
15 33
15 13
15 20
15 11
15 42
15 8
15 40
15 39
15 49
15 3
15 45
15 41
15 32
13
16 30
16 25
16 10
16 38
16 17
16 22
16 40
16 19
16 31
16 6
16 2
16 41
16 42
19
17 18
17 40
17 15
17 38
17 1
17 44
17 32
17 25
17 12
17 11
17 23
17 6
17 31
17 28
17 7
17 2
17 19
17 21
17 10
23
18 16
18 34
18 24
18 12
18 8
18 25
18 3
18 44
18 31
18 45
18 39
18 42
18 41
18 35
18 6
18 22
18 33
18 46
18 14
18 29
18 27
18 2
18 32
21
19 24
19 39
19 15
19 20
19 6
19 40
19 32
19 14
19 26
19 45
19 30
19 31
19 36
19 1
19 48
19 7
19 46
19 44
19 18
19 9
19 0
23
20 40
20 10
20 5
20 41
20 42
20 34
20 2
20 6
20 24
20 46
20 39
20 0
20 11
20 1
20 12
20 3
20 30
20 17
20 32
20 45
20 48
20 29
20 13
23
21 35
21 4
21 36
21 20
21 34
21 44
21 48
21 39
21 33
21 38
21 3
21 27
21 23
21 43
21 19
21 1
21 14
21 31
21 42
21 13
21 16
21 29
21 22
19
22 42
22 45
22 24
22 8
22 49
22 2
22 10
22 5
22 27
22 47
22 36
22 41
22 39
22 20
22 31
22 30
22 26
22 46
22 17
20
23 16
23 24
23 47
23 20
23 0
23 43
23 11
23 6
23 49
23 15
23 45
23 22
23 8
23 19
23 26
23 39
23 41
23 18
23 35
23 3
19
24 26
24 27
24 40
24 42
24 5
24 21
24 17
24 7
24 37
24 29
24 15
24 25
24 12
24 35
24 46
24 32
24 39
24 1
24 43
22
25 31
25 42
25 20
25 15
25 21
25 14
25 44
25 11
25 33
25 2
25 45
25 30
25 48
25 4
25 23
25 22
25 19
25 49
25 6
25 47
25 12
25 36
15
26 45
26 2
26 7
26 13
26 12
26 25
26 14
26 5
26 35
26 47
26 17
26 16
26 18
26 27
26 6
19
27 8
27 37
27 32
27 28
27 31
27 20
27 46
27 16
27 11
27 5
27 23
27 19
27 47
27 25
27 12
27 10
27 15
27 38
27 17
19
28 45
28 20
28 23
28 6
28 22
28 10
28 3
28 35
28 18
28 44
28 33
28 48
28 11
28 43
28 12
28 31
28 1
28 36
28 37
27
29 19
29 12
29 4
29 23
29 17
29 32
29 8
29 48
29 46
29 15
29 49
29 47
29 35
29 37
29 16
29 27
29 10
29 26
29 14
29 40
29 28
29 30
29 9
29 22
29 39
29 7
29 43
18
30 36
30 44
30 11
30 27
30 45
30 12
30 26
30 35
30 3
30 18
30 8
30 1
30 15
30 23
30 49
30 21
30 24
30 48
18
31 45
31 36
31 46
31 4
31 10
31 47
31 15
31 24
31 40
31 30
31 3
31 49
31 29
31 43
31 14
31 34
31 7
31 2
17
32 5
32 9
32 28
32 35
32 11
32 40
32 26
32 0
32 21
32 31
32 38
32 13
32 1
32 14
32 7
32 22
32 23
26
33 45
33 9
33 22
33 42
33 48
33 35
33 19
33 29
33 43
33 8
33 37
33 27
33 49
33 41
33 47
33 31
33 30
33 7
33 12
33 0
33 13
33 20
33 16
33 32
33 38
33 10
19
34 17
34 29
34 27
34 16
34 2
34 44
34 30
34 12
34 35
34 32
34 3
34 7
34 19
34 39
34 22
34 9
34 48
34 42
34 23
20
35 27
35 31
35 47
35 40
35 0
35 2
35 45
35 15
35 10
35 9
35 43
35 44
35 19
35 12
35 20
35 37
35 36
35 42
35 5
35 25
14
36 23
36 29
36 7
36 34
36 32
36 20
36 18
36 17
36 5
36 16
36 24
36 9
36 10
36 3
20
37 48
37 21
37 44
37 11
37 2
37 1
37 32
37 16
37 45
37 25
37 19
37 39
37 30
37 23
37 17
37 34
37 7
37 3
37 18
37 36
20
38 49
38 0
38 44
38 31
38 29
38 10
38 5
38 20
38 34
38 24
38 25
38 19
38 4
38 13
38 46
38 45
38 14
38 35
38 18
38 23
23
39 8
39 16
39 49
39 30
39 47
39 5
39 11
39 14
39 45
39 46
39 4
39 13
39 32
39 43
39 31
39 2
39 27
39 17
39 26
39 33
39 41
39 40
39 38
23
40 12
40 49
40 36
40 0
40 5
40 10
40 33
40 11
40 48
40 23
40 21
40 38
40 27
40 28
40 18
40 34
40 43
40 4
40 47
40 22
40 13
40 37
40 3
22
41 38
41 31
41 17
41 6
41 21
41 13
41 28
41 37
41 26
41 48
41 24
41 35
41 14
41 19
41 3
41 36
41 9
41 2
41 8
41 5
41 1
41 25
18
42 8
42 13
42 30
42 32
42 47
42 26
42 12
42 37
42 19
42 39
42 9
42 7
42 28
42 38
42 5
42 41
42 2
42 44
19
43 15
43 48
43 32
43 16
43 20
43 37
43 11
43 41
43 18
43 14
43 17
43 10
43 12
43 46
43 3
43 5
43 34
43 36
43 49
19
44 11
44 32
44 0
44 22
44 14
44 5
44 43
44 26
44 23
44 41
44 4
44 31
44 16
44 20
44 33
44 9
44 24
44 12
44 49
14
45 41
45 40
45 44
45 42
45 47
45 11
45 27
45 43
45 24
45 32
45 21
45 12
45 8
45 9
22
46 10
46 25
46 28
46 21
46 35
46 17
46 1
46 44
46 15
46 16
46 34
46 48
46 30
46 40
46 26
46 49
46 32
46 23
46 33
46 47
46 37
46 13
17
47 37
47 44
47 43
47 4
47 30
47 15
47 28
47 19
47 3
47 49
47 24
47 41
47 20
47 34
47 12
47 1
47 18
21
48 17
48 5
48 3
48 8
48 24
48 4
48 44
48 36
48 47
48 9
48 32
48 49
48 27
48 11
48 39
48 0
48 15
48 16
48 18
48 42
48 35
16
49 28
49 20
49 37
49 16
49 21
49 18
49 35
49 32
49 6
49 5
49 36
49 45
49 12
49 11
49 42
49 0
