50
0 "A20"
1 "A33"
2 "A12"
3 "A25"
4 "A46"
5 "A7"
6 "A40"
7 "A42"
8 "A43"
9 "A19"
10 "A29"
11 "A38"
12 "A32"
13 "A23"
14 "A2"
15 "A37"
16 "A39"
17 "A48"
18 "A0"
19 "A17"
20 "A13"
21 "A28"
22 "A6"
23 "A8"
24 "A30"
25 "A4"
26 "A21"
27 "A22"
28 "A14"
29 "A44"
30 "A47"
31 "A24"
32 "A3"
33 "A11"
34 "A5"
35 "A41"
36 "A18"
37 "A27"
38 "A31"
39 "A10"
40 "A45"
41 "A49"
42 "A16"
43 "A26"
44 "A36"
45 "A15"
46 "A1"
47 "A34"
48 "A35"
49 "A9"
15
0 29
0 33
0 25
0 12
0 14
0 1
0 6
0 7
0 35
0 31
0 28
0 5
0 42
0 17
0 34
18
1 39
1 21
1 36
1 27
1 15
1 37
1 41
1 46
1 4
1 42
1 5
1 10
1 9
1 29
1 13
1 25
1 12
1 38
28
2 3
2 9
2 8
2 1
2 31
2 41
2 6
2 45
2 13
2 27
2 18
2 10
2 33
2 46
2 34
2 19
2 22
2 37
2 16
2 0
2 4
2 47
2 28
2 40
2 32
2 44
2 24
2 38
17
3 44
3 37
3 30
3 43
3 25
3 34
3 20
3 0
3 42
3 8
3 41
3 1
3 9
3 39
3 31
3 10
3 47
19
4 6
4 10
4 37
4 31
4 15
4 25
4 34
4 7
4 18
4 0
4 16
4 20
4 21
4 17
4 3
4 29
4 42
4 33
4 23
22
5 10
5 49
5 46
5 4
5 36
5 42
5 25
5 29
5 28
5 6
5 7
5 24
5 21
5 3
5 41
5 9
5 23
5 14
5 31
5 2
5 18
5 47
24
6 15
6 48
6 41
6 38
6 32
6 13
6 20
6 29
6 1
6 23
6 35
6 8
6 3
6 28
6 7
6 46
6 37
6 49
6 39
6 26
6 19
6 33
6 42
6 24
21
7 19
7 2
7 10
7 25
7 20
7 14
7 46
7 18
7 11
7 45
7 32
7 37
7 1
7 17
7 43
7 42
7 30
7 27
7 26
7 9
7 28
21
8 1
8 29
8 44
8 27
8 9
8 38
8 36
8 17
8 7
8 28
8 0
8 39
8 10
8 46
8 26
8 20
8 47
8 4
8 30
8 5
8 48
22
9 27
9 26
9 16
9 40
9 23
9 22
9 36
9 49
9 41
9 30
9 0
9 15
9 33
9 45
9 44
9 47
9 24
9 6
9 11
9 28
9 14
9 20
17
10 25
10 43
10 26
10 9
10 38
10 6
10 13
10 32
10 44
10 17
10 49
10 36
10 27
10 30
10 22
10 23
10 0
22
11 21
11 47
11 18
11 16
11 34
11 24
11 45
11 38
11 19
11 25
11 4
11 48
11 12
11 31
11 35
11 17
11 3
11 14
11 20
11 37
11 49
11 39
20
12 14
12 10
12 8
12 42
12 30
12 5
12 2
12 48
12 13
12 19
12 44
12 38
12 6
12 28
12 35
12 41
12 17
12 9
12 47
12 24
20
13 21
13 11
13 3
13 37
13 48
13 4
13 43
13 15
13 25
13 34
13 16
13 36
13 41
13 19
13 26
13 7
13 28
13 23
13 42
13 20
21
14 29
14 15
14 22
14 47
14 10
14 13
14 32
14 8
14 36
14 4
14 31
14 3
14 46
14 18
14 19
14 2
14 1
14 25
14 33
14 45
14 44
21
15 11
15 2
15 24
15 19
15 42
15 47
15 3
15 31
15 46
15 34
15 23
15 32
15 17
15 21
15 22
15 27
15 44
15 38
15 40
15 49
15 41
21
16 45
16 36
16 14
16 31
16 12
16 23
16 18
16 27
16 21
16 46
16 19
16 43
16 7
16 1
16 40
16 0
16 48
16 42
16 3
16 15
16 49
22
17 27
17 21
17 37
17 33
17 48
17 24
17 14
17 36
17 49
17 9
17 13
17 1
17 43
17 41
17 22
17 18
17 29
17 19
17 26
17 16
17 32
17 31
13
18 15
18 40
18 0
18 42
18 25
18 49
18 29
18 12
18 23
18 45
18 1
18 6
18 35
17
19 1
19 31
19 28
19 35
19 4
19 45
19 21
19 10
19 34
19 33
19 49
19 27
19 22
19 39
19 47
19 18
19 24
19
20 35
20 15
20 42
20 21
20 29
20 38
20 44
20 40
20 10
20 18
20 5
20 33
20 47
20 1
20 45
20 14
20 23
20 37
20 2
20
21 46
21 18
21 14
21 24
21 47
21 2
21 6
21 39
21 27
21 32
21 26
21 0
21 10
21 43
21 12
21 8
21 33
21 3
21 41
21 44
20
22 23
22 8
22 1
22 21
22 42
22 3
22 11
22 16
22 0
22 26
22 4
22 6
22 40
22 30
22 35
22 37
22 38
22 27
22 12
22 20
15
23 35
23 7
23 11
23 0
23 8
23 47
23 42
23 31
23 38
23 34
23 14
23 3
23 41
23 32
23 45
16
24 22
24 30
24 28
24 14
24 0
24 3
24 7
24 43
24 40
24 16
24 4
24 23
24 20
24 45
24 10
24 18
17
25 24
25 39
25 38
25 21
25 33
25 26
25 43
25 22
25 42
25 17
25 19
25 9
25 32
25 44
25 6
25 37
25 35
15
26 31
26 49
26 5
26 27
26 20
26 1
26 48
26 3
26 28
26 45
26 2
26 37
26 16
26 24
26 19
20
27 4
27 5
27 39
27 48
27 31
27 11
27 41
27 3
27 32
27 44
27 45
27 24
27 34
27 33
27 20
27 23
27 40
27 14
27 36
27 18
15
28 30
28 32
28 17
28 22
28 40
28 18
28 20
28 10
28 21
28 47
28 1
28 4
28 14
28 23
28 3
20
29 49
29 15
29 33
29 28
29 34
29 2
29 31
29 25
29 45
29 23
29 27
29 7
29 38
29 40
29 3
29 36
29 26
29 10
29 19
29 12
26
30 31
30 27
30 46
30 11
30 43
30 19
30 14
30 1
30 23
30 42
30 17
30 41
30 25
30 45
30 36
30 2
30 6
30 29
30 47
30 4
30 18
30 20
30 5
30 0
30 13
30 37
15
31 43
31 39
31 32
31 46
31 6
31 25
31 40
31 33
31 8
31 37
31 28
31 12
31 10
31 7
31 20
20
32 30
32 39
32 45
32 4
32 42
32 18
32 11
32 22
32 5
32 3
32 19
32 8
32 44
32 37
32 40
32 26
32 24
32 33
32 34
32 0
15
33 15
33 34
33 22
33 36
33 8
33 3
33 7
33 46
33 28
33 38
33 16
33 44
33 30
33 24
33 5
18
34 36
34 24
34 17
34 45
34 28
34 8
34 14
34 21
34 9
34 12
34 40
34 26
34 47
34 6
34 25
34 7
34 16
34 31
26
35 44
35 38
35 33
35 14
35 9
35 7
35 31
35 17
35 26
35 27
35 16
35 3
35 15
35 4
35 41
35 34
35 13
35 42
35 30
35 5
35 1
35 24
35 46
35 48
35 29
35 10
21
36 44
36 41
36 19
36 31
36 22
36 0
36 15
36 18
36 24
36 20
36 3
36 49
36 28
36 32
36 25
36 39
36 7
36 38
36 46
36 23
36 12
21
37 5
37 15
37 9
37 33
37 29
37 45
37 34
37 39
37 10
37 14
37 24
37 16
37 12
37 48
37 0
37 49
37 19
37 28
37 8
37 27
37 21
19
38 18
38 28
38 17
38 45
38 7
38 49
38 14
38 5
38 44
38 16
38 43
38 37
38 24
38 19
38 48
38 41
38 31
38 46
38 9
25
39 10
39 42
39 26
39 28
39 38
39 23
39 15
39 41
39 34
39 45
39 2
39 22
39 44
39 9
39 0
39 24
39 12
39 7
39 43
39 30
39 47
39 5
39 20
39 33
39 18
25
40 36
40 46
40 6
40 3
40 4
40 49
40 33
40 23
40 12
40 11
40 1
40 35
40 37
40 38
40 5
40 30
40 17
40 39
40 13
40 7
40 19
40 26
40 41
40 21
40 44
20
41 10
41 47
41 22
41 32
41 19
41 28
41 25
41 48
41 11
41 33
41 45
41 18
41 4
41 16
41 29
41 49
41 14
41 31
41 26
41 7
16
42 41
42 9
42 10
42 31
42 29
42 36
42 38
42 8
42 40
42 26
42 28
42 43
42 48
42 2
42 11
42 19
23
43 11
43 34
43 4
43 35
43 18
43 15
43 20
43 47
43 26
43 41
43 29
43 0
43 2
43 6
43 32
43 33
43 9
43 37
43 1
43 22
43 5
43 40
43 19
19
44 31
44 22
44 43
44 37
44 4
44 48
44 5
44 0
44 29
44 23
44 24
44 30
44 41
44 18
44 34
44 16
44 13
44 49
44 7
17
45 1
45 3
45 21
45 4
45 42
45 31
45 28
45 33
45 17
45 40
45 8
45 44
45 35
45 22
45 6
45 49
45 10
18
46 28
46 45
46 22
46 26
46 43
46 27
46 48
46 41
46 44
46 17
46 12
46 9
46 13
46 23
46 32
46 4
46 34
46 19
20
47 31
47 33
47 49
47 16
47 40
47 27
47 24
47 13
47 4
47 29
47 36
47 18
47 26
47 22
47 46
47 37
47 45
47 10
47 0
47 44
22
48 47
48 23
48 45
48 25
48 15
48 20
48 9
48 1
48 39
48 0
48 29
48 18
48 43
48 4
48 14
48 28
48 22
48 3
48 19
48 32
48 2
48 34
16
49 33
49 43
49 0
49 13
49 12
49 32
49 3
49 2
49 24
49 1
49 7
49 46
49 28
49 31
49 4
49 30
