50
0 "A21"
1 "A39"
2 "A42"
3 "A44"
4 "A40"
5 "A3"
6 "A32"
7 "A30"
8 "A33"
9 "A41"
10 "A49"
11 "A38"
12 "A11"
13 "A0"
14 "A47"
15 "A13"
16 "A15"
17 "A5"
18 "A8"
19 "A28"
20 "A9"
21 "A29"
22 "A34"
23 "A25"
24 "A31"
25 "A16"
26 "A43"
27 "A18"
28 "A36"
29 "A48"
30 "A12"
31 "A6"
32 "A14"
33 "A23"
34 "A4"
35 "A17"
36 "A26"
37 "A2"
38 "A1"
39 "A45"
40 "A7"
41 "A20"
42 "A10"
43 "A19"
44 "A35"
45 "A22"
46 "A27"
47 "A46"
48 "A24"
49 "A37"
16
0 4
0 35
0 30
0 38
0 32
0 48
0 6
0 2
0 7
0 33
0 43
0 20
0 28
0 36
0 16
0 10
20
1 7
1 22
1 42
1 3
1 10
1 28
1 17
1 19
1 18
1 6
1 0
1 4
1 40
1 21
1 34
1 23
1 5
1 32
1 31
1 48
27
2 10
2 8
2 22
2 35
2 32
2 45
2 21
2 38
2 13
2 42
2 17
2 19
2 20
2 27
2 28
2 24
2 43
2 3
2 14
2 7
2 1
2 23
2 47
2 49
2 44
2 33
2 39
17
3 30
3 16
3 17
3 11
3 25
3 29
3 34
3 41
3 49
3 42
3 37
3 20
3 24
3 28
3 35
3 38
3 40
21
4 28
4 8
4 10
4 15
4 37
4 2
4 17
4 16
4 36
4 35
4 5
4 11
4 18
4 24
4 12
4 38
4 22
4 30
4 31
4 42
4 9
18
5 28
5 47
5 24
5 31
5 10
5 15
5 29
5 13
5 45
5 16
5 36
5 22
5 38
5 43
5 46
5 30
5 32
5 21
23
6 15
6 17
6 11
6 5
6 22
6 43
6 14
6 13
6 29
6 49
6 48
6 4
6 19
6 39
6 41
6 21
6 45
6 9
6 18
6 25
6 12
6 16
6 35
21
7 25
7 30
7 32
7 23
7 48
7 14
7 36
7 5
7 45
7 15
7 28
7 29
7 10
7 27
7 22
7 4
7 26
7 46
7 41
7 31
7 6
23
8 39
8 1
8 49
8 43
8 41
8 42
8 40
8 45
8 37
8 7
8 6
8 14
8 9
8 16
8 47
8 38
8 31
8 35
8 24
8 20
8 3
8 36
8 5
14
9 7
9 20
9 41
9 28
9 42
9 13
9 29
9 3
9 11
9 5
9 15
9 21
9 0
9 12
20
10 46
10 12
10 9
10 39
10 17
10 23
10 16
10 26
10 3
10 20
10 27
10 41
10 36
10 35
10 13
10 37
10 14
10 11
10 8
10 31
18
11 32
11 2
11 13
11 24
11 17
11 34
11 30
11 28
11 21
11 12
11 22
11 26
11 7
11 15
11 1
11 16
11 40
11 35
18
12 13
12 29
12 41
12 40
12 14
12 19
12 47
12 31
12 34
12 5
12 38
12 24
12 44
12 8
12 3
12 32
12 21
12 17
21
13 19
13 48
13 34
13 14
13 20
13 23
13 47
13 1
13 4
13 25
13 49
13 0
13 3
13 39
13 26
13 46
13 41
13 7
13 37
13 18
13 44
20
14 37
14 1
14 43
14 22
14 26
14 33
14 39
14 9
14 44
14 46
14 28
14 4
14 48
14 36
14 35
14 19
14 29
14 42
14 32
14 18
14
15 10
15 24
15 16
15 49
15 1
15 32
15 40
15 2
15 3
15 0
15 34
15 46
15 45
15 12
26
16 9
16 34
16 49
16 1
16 43
16 12
16 42
16 46
16 27
16 24
16 7
16 29
16 48
16 19
16 41
16 22
16 45
16 17
16 33
16 31
16 32
16 25
16 35
16 21
16 20
16 2
17
17 7
17 38
17 20
17 23
17 28
17 39
17 27
17 13
17 49
17 47
17 34
17 8
17 15
17 25
17 42
17 36
17 40
18
18 15
18 32
18 7
18 12
18 35
18 40
18 24
18 31
18 9
18 2
18 25
18 27
18 44
18 16
18 17
18 23
18 0
18 22
18
19 7
19 4
19 5
19 8
19 0
19 38
19 21
19 11
19 41
19 22
19 20
19 39
19 10
19 33
19 45
19 43
19 36
19 40
22
20 39
20 38
20 6
20 5
20 26
20 18
20 48
20 11
20 25
20 49
20 31
20 42
20 23
20 35
20 30
20 7
20 15
20 43
20 32
20 28
20 44
20 4
20
21 44
21 3
21 0
21 15
21 22
21 49
21 10
21 7
21 17
21 14
21 20
21 48
21 39
21 34
21 27
21 4
21 13
21 32
21 8
21 38
19
22 30
22 37
22 27
22 13
22 36
22 26
22 20
22 17
22 45
22 49
22 39
22 41
22 8
22 34
22 46
22 38
22 9
22 42
22 29
20
23 46
23 12
23 34
23 19
23 21
23 38
23 16
23 24
23 42
23 26
23 30
23 33
23 15
23 41
23 35
23 48
23 22
23 9
23 6
23 3
20
24 20
24 42
24 21
24 45
24 26
24 0
24 40
24 7
24 29
24 28
24 1
24 49
24 38
24 32
24 34
24 46
24 10
24 19
24 47
24 9
22
25 19
25 35
25 5
25 28
25 24
25 15
25 0
25 34
25 33
25 9
25 1
25 12
25 46
25 29
25 11
25 48
25 27
25 42
25 36
25 10
25 22
25 49
22
26 8
26 46
26 15
26 19
26 28
26 41
26 49
26 43
26 27
26 9
26 6
26 18
26 5
26 29
26 45
26 35
26 1
26 36
26 39
26 3
26 21
26 16
18
27 15
27 47
27 45
27 29
27 35
27 6
27 48
27 23
27 37
27 38
27 40
27 34
27 5
27 12
27 0
27 46
27 36
27 11
13
28 43
28 27
28 12
28 8
28 16
28 41
28 31
28 37
28 46
28 13
28 33
28 45
28 48
16
29 42
29 23
29 21
29 15
29 8
29 11
29 43
29 10
29 48
29 30
29 20
29 0
29 44
29 49
29 17
29 13
21
30 47
30 14
30 10
30 26
30 15
30 19
30 2
30 39
30 27
30 8
30 13
30 1
30 28
30 43
30 16
30 17
30 40
30 35
30 37
30 24
30 6
22
31 46
31 44
31 17
31 2
31 13
31 21
31 11
31 15
31 22
31 36
31 40
31 48
31 47
31 23
31 0
31 25
31 6
31 33
31 3
31 39
31 9
31 27
22
32 30
32 33
32 6
32 44
32 46
32 41
32 13
32 36
32 23
32 40
32 31
32 17
32 47
32 28
32 22
32 42
32 8
32 43
32 9
32 26
32 29
32 25
19
33 6
33 39
33 5
33 12
33 15
33 13
33 45
33 21
33 17
33 4
33 24
33 26
33 48
33 18
33 1
33 7
33 29
33 36
33 46
15
34 28
34 14
34 30
34 49
34 7
34 20
34 4
34 2
34 41
34 33
34 29
34 6
34 8
34 32
34 5
17
35 39
35 29
35 44
35 21
35 12
35 49
35 34
35 9
35 43
35 33
35 17
35 32
35 13
35 15
35 48
35 24
35 28
16
36 21
36 28
36 41
36 47
36 3
36 13
36 40
36 1
36 29
36 2
36 20
36 48
36 6
36 16
36 30
36 11
23
37 47
37 1
37 48
37 34
37 7
37 35
37 25
37 23
37 36
37 2
37 17
37 19
37 41
37 5
37 11
37 12
37 9
37 0
37 21
37 29
37 15
37 6
37 38
20
38 44
38 32
38 49
38 10
38 46
38 9
38 18
38 47
38 14
38 16
38 29
38 25
38 34
38 7
38 6
38 43
38 39
38 13
38 15
38 35
20
39 0
39 32
39 9
39 11
39 5
39 4
39 1
39 47
39 18
39 34
39 28
39 7
39 25
39 29
39 45
39 27
39 46
39 3
39 43
39 24
19
40 16
40 13
40 47
40 29
40 2
40 41
40 44
40 6
40 49
40 38
40 14
40 48
40 5
40 25
40 42
40 9
40 28
40 34
40 23
18
41 4
41 31
41 14
41 25
41 5
41 2
41 47
41 17
41 38
41 0
41 20
41 18
41 21
41 27
41 33
41 43
41 35
41 1
22
42 43
42 35
42 44
42 41
42 15
42 28
42 13
42 39
42 37
42 21
42 33
42 7
42 26
42 10
42 45
42 19
42 30
42 6
42 36
42 31
42 27
42 18
19
43 15
43 44
43 40
43 22
43 4
43 48
43 24
43 34
43 37
43 25
43 23
43 13
43 10
43 9
43 31
43 7
43 18
43 27
43 3
23
44 22
44 41
44 30
44 37
44 11
44 3
44 7
44 10
44 49
44 24
44 28
44 36
44 17
44 26
44 33
44 34
44 39
44 4
44 5
44 1
44 19
44 0
44 6
26
45 17
45 47
45 20
45 3
45 14
45 23
45 13
45 11
45 29
45 38
45 10
45 46
45 31
45 34
45 36
45 25
45 4
45 40
45 35
45 32
45 12
45 21
45 41
45 37
45 1
45 30
19
46 44
46 2
46 20
46 17
46 43
46 12
46 0
46 9
46 21
46 37
46 19
46 3
46 48
46 11
46 6
46 8
46 34
46 40
46 4
16
47 21
47 42
47 44
47 9
47 10
47 23
47 35
47 20
47 19
47 33
47 49
47 7
47 29
47 26
47 46
47 18
20
48 22
48 42
48 24
48 15
48 10
48 8
48 5
48 30
48 18
48 45
48 19
48 38
48 49
48 2
48 39
48 4
48 17
48 41
48 9
48 3
21
49 9
49 28
49 19
49 37
49 10
49 23
49 45
49 7
49 33
49 1
49 11
49 42
49 43
49 14
49 27
49 0
49 31
49 4
49 46
49 36
49 12
