50
0 "A21"
1 "A39"
2 "A42"
3 "A44"
4 "A40"
5 "A3"
6 "A32"
7 "A30"
8 "A33"
9 "A41"
10 "A49"
11 "A38"
12 "A11"
13 "A0"
14 "A47"
15 "A13"
16 "A15"
17 "A5"
18 "A8"
19 "A28"
20 "A9"
21 "A29"
22 "A34"
23 "A25"
24 "A31"
25 "A16"
26 "A43"
27 "A18"
28 "A36"
29 "A48"
30 "A12"
31 "A6"
32 "A14"
33 "A23"
34 "A4"
35 "A17"
36 "A26"
37 "A2"
38 "A1"
39 "A45"
40 "A7"
41 "A20"
42 "A10"
43 "A19"
44 "A35"
45 "A22"
46 "A27"
47 "A46"
48 "A24"
49 "A37"
14
0 39
0 42
0 2
0 14
0 4
0 17
0 35
0 9
0 7
0 48
0 20
0 49
0 24
0 6
19
1 6
1 45
1 32
1 18
1 7
1 9
1 34
1 22
1 40
1 4
1 12
1 41
1 16
1 13
1 23
1 17
1 38
1 0
1 28
25
2 37
2 5
2 11
2 33
2 6
2 45
2 22
2 4
2 35
2 34
2 32
2 3
2 28
2 44
2 17
2 42
2 39
2 8
2 1
2 43
2 20
2 14
2 10
2 38
2 47
19
3 30
3 7
3 33
3 27
3 0
3 13
3 12
3 35
3 10
3 6
3 37
3 42
3 28
3 40
3 43
3 45
3 49
3 11
3 1
23
4 27
4 33
4 37
4 31
4 35
4 36
4 15
4 17
4 8
4 21
4 11
4 9
4 18
4 26
4 24
4 23
4 41
4 32
4 40
4 12
4 42
4 3
4 44
20
5 6
5 10
5 49
5 46
5 36
5 45
5 27
5 12
5 0
5 20
5 22
5 32
5 38
5 16
5 19
5 43
5 21
5 3
5 4
5 31
19
6 42
6 25
6 16
6 35
6 4
6 10
6 29
6 49
6 41
6 39
6 22
6 12
6 18
6 43
6 17
6 14
6 11
6 21
6 37
18
7 30
7 15
7 25
7 26
7 40
7 36
7 5
7 20
7 47
7 29
7 14
7 4
7 21
7 27
7 46
7 24
7 34
7 6
22
8 37
8 43
8 25
8 12
8 40
8 35
8 41
8 1
8 9
8 16
8 5
8 28
8 15
8 22
8 36
8 24
8 48
8 3
8 23
8 21
8 31
8 20
13
9 23
9 11
9 7
9 21
9 16
9 6
9 5
9 42
9 15
9 46
9 28
9 2
9 17
20
10 46
10 34
10 45
10 17
10 37
10 27
10 0
10 23
10 12
10 9
10 1
10 11
10 32
10 16
10 43
10 33
10 39
10 7
10 8
10 28
21
11 8
11 15
11 12
11 28
11 21
11 1
11 45
11 7
11 47
11 0
11 39
11 20
11 25
11 38
11 5
11 34
11 46
11 23
11 41
11 43
11 14
19
12 7
12 21
12 26
12 47
12 30
12 35
12 19
12 40
12 9
12 31
12 23
12 24
12 14
12 2
12 48
12 22
12 39
12 32
12 42
19
13 28
13 25
13 10
13 29
13 49
13 7
13 20
13 27
13 9
13 2
13 6
13 37
13 0
13 18
13 34
13 5
13 11
13 23
13 4
14
14 42
14 25
14 43
14 28
14 32
14 39
14 19
14 36
14 3
14 17
14 37
14 5
14 40
14 8
24
15 25
15 36
15 44
15 23
15 6
15 49
15 14
15 12
15 40
15 3
15 1
15 32
15 20
15 18
15 24
15 46
15 2
15 33
15 45
15 5
15 27
15 10
15 13
15 37
19
16 4
16 2
16 34
16 7
16 29
16 43
16 33
16 14
16 44
16 42
16 19
16 22
16 13
16 12
16 35
16 49
16 15
16 32
16 48
14
17 11
17 40
17 39
17 36
17 20
17 8
17 16
17 34
17 37
17 26
17 27
17 5
17 12
17 41
23
18 3
18 14
18 21
18 30
18 40
18 10
18 24
18 44
18 11
18 5
18 31
18 9
18 46
18 25
18 26
18 0
18 17
18 37
18 16
18 22
18 32
18 2
18 38
22
19 37
19 0
19 31
19 48
19 18
19 45
19 43
19 8
19 11
19 35
19 33
19 40
19 15
19 34
19 44
19 7
19 13
19 42
19 41
19 10
19 25
19 3
18
20 43
20 19
20 14
20 30
20 23
20 3
20 31
20 34
20 16
20 38
20 24
20 6
20 44
20 18
20 1
20 32
20 9
20 41
15
21 0
21 14
21 29
21 17
21 13
21 27
21 10
21 3
21 16
21 48
21 15
21 23
21 19
21 40
21 44
16
22 3
22 14
22 32
22 30
22 15
22 36
22 43
22 4
22 9
22 39
22 37
22 42
22 17
22 11
22 19
22 48
18
23 16
23 41
23 3
23 6
23 42
23 37
23 45
23 22
23 46
23 29
23 33
23 7
23 43
23 31
23 35
23 17
23 32
23 28
16
24 10
24 42
24 21
24 47
24 22
24 13
24 6
24 11
24 29
24 40
24 46
24 1
24 17
24 39
24 38
24 19
20
25 48
25 46
25 27
25 0
25 12
25 10
25 23
25 28
25 3
25 22
25 5
25 49
25 4
25 9
25 47
25 41
25 17
25 20
25 44
25 30
20
26 28
26 19
26 3
26 5
26 40
26 46
26 13
26 49
26 27
26 16
26 36
26 47
26 8
26 39
26 24
26 15
26 6
26 41
26 14
26 20
23
27 23
27 34
27 30
27 47
27 19
27 8
27 40
27 24
27 32
27 37
27 36
27 29
27 1
27 45
27 35
27 38
27 41
27 0
27 20
27 39
27 48
27 6
27 9
13
28 48
28 29
28 15
28 22
28 4
28 27
28 17
28 5
28 37
28 21
28 36
28 7
28 46
23
29 0
29 47
29 4
29 38
29 18
29 31
29 1
29 42
29 14
29 3
29 19
29 15
29 41
29 9
29 46
29 48
29 26
29 49
29 43
29 25
29 8
29 22
29 20
27
30 24
30 37
30 17
30 42
30 40
30 33
30 28
30 2
30 43
30 0
30 14
30 45
30 21
30 5
30 39
30 1
30 16
30 19
30 11
30 13
30 4
30 29
30 49
30 15
30 26
30 23
30 48
26
31 15
31 9
31 22
31 35
31 39
31 17
31 2
31 49
31 30
31 7
31 24
31 11
31 40
31 48
31 14
31 46
31 34
31 45
31 6
31 27
31 43
31 25
31 37
31 28
31 33
31 3
18
32 3
32 19
32 28
32 11
32 41
32 40
32 8
32 6
32 30
32 44
32 25
32 46
32 49
32 31
32 29
32 36
32 9
32 35
23
33 1
33 8
33 25
33 5
33 24
33 45
33 21
33 13
33 0
33 18
33 11
33 20
33 48
33 6
33 12
33 22
33 26
33 9
33 29
33 32
33 27
33 36
33 35
26
34 30
34 49
34 6
34 15
34 41
34 33
34 29
34 25
34 35
34 18
34 28
34 24
34 0
34 23
34 36
34 14
34 22
34 8
34 26
34 12
34 32
34 3
34 42
34 4
34 37
34 43
19
35 11
35 48
35 9
35 39
35 44
35 36
35 21
35 28
35 13
35 18
35 29
35 30
35 7
35 49
35 5
35 25
35 14
35 10
35 1
19
36 16
36 18
36 23
36 2
36 46
36 3
36 13
36 29
36 30
36 25
36 11
36 1
36 20
36 49
36 48
36 40
36 24
36 6
36 21
14
37 45
37 36
37 47
37 38
37 16
37 21
37 25
37 33
37 11
37 43
37 5
37 48
37 0
37 9
22
38 16
38 8
38 45
38 36
38 12
38 9
38 10
38 31
38 43
38 15
38 34
38 44
38 22
38 0
38 25
38 32
38 46
38 30
38 19
38 17
38 35
38 28
23
39 46
39 29
39 32
39 18
39 5
39 38
39 43
39 1
39 21
39 49
39 13
39 45
39 4
39 7
39 25
39 37
39 47
39 23
39 48
39 41
39 34
39 15
39 3
13
40 16
40 5
40 11
40 38
40 46
40 29
40 6
40 42
40 34
40 25
40 28
40 2
40 20
19
41 49
41 3
41 47
41 31
41 43
41 38
41 18
41 13
41 0
41 5
41 15
41 30
41 10
41 21
41 16
41 22
41 36
41 2
41 48
25
42 37
42 26
42 25
42 43
42 21
42 32
42 20
42 41
42 18
42 46
42 5
42 35
42 31
42 44
42 28
42 13
42 38
42 39
42 11
42 33
42 7
42 8
42 17
42 45
42 15
14
43 12
43 7
43 33
43 17
43 35
43 28
43 36
43 9
43 13
43 21
43 40
43 27
43 1
43 32
29
44 46
44 41
44 37
44 17
44 48
44 40
44 45
44 7
44 28
44 5
44 33
44 30
44 12
44 24
44 11
44 14
44 26
44 34
44 10
44 9
44 8
44 27
44 39
44 31
44 1
44 13
44 36
44 3
44 0
19
45 48
45 46
45 9
45 16
45 4
45 36
45 35
45 40
45 41
45 21
45 17
45 12
45 29
45 7
45 6
45 20
45 0
45 34
45 8
13
46 4
46 8
46 21
46 27
46 6
46 17
46 22
46 16
46 20
46 43
46 3
46 49
46 30
25
47 28
47 46
47 5
47 33
47 6
47 45
47 44
47 13
47 16
47 36
47 21
47 18
47 0
47 30
47 35
47 14
47 9
47 17
47 15
47 34
47 43
47 22
47 3
47 19
47 1
16
48 32
48 11
48 20
48 4
48 43
48 6
48 49
48 47
48 7
48 17
48 15
48 42
48 13
48 2
48 24
48 40
21
49 22
49 43
49 33
49 9
49 37
49 10
49 14
49 38
49 18
49 42
49 21
49 44
49 40
49 2
49 1
49 17
49 23
49 8
49 7
49 27
49 24
