50
0 "A21"
1 "A39"
2 "A42"
3 "A44"
4 "A40"
5 "A3"
6 "A32"
7 "A30"
8 "A33"
9 "A41"
10 "A49"
11 "A38"
12 "A11"
13 "A0"
14 "A47"
15 "A13"
16 "A15"
17 "A5"
18 "A8"
19 "A28"
20 "A9"
21 "A29"
22 "A34"
23 "A25"
24 "A31"
25 "A16"
26 "A43"
27 "A18"
28 "A36"
29 "A48"
30 "A12"
31 "A6"
32 "A14"
33 "A23"
34 "A4"
35 "A17"
36 "A26"
37 "A2"
38 "A1"
39 "A45"
40 "A7"
41 "A20"
42 "A10"
43 "A19"
44 "A35"
45 "A22"
46 "A27"
47 "A46"
48 "A24"
49 "A37"
21
0 2
0 36
0 16
0 7
0 47
0 27
0 10
0 30
0 9
0 1
0 24
0 4
0 23
0 42
0 21
0 35
0 14
0 8
0 41
0 11
0 38
24
1 11
1 3
1 43
1 19
1 29
1 4
1 46
1 33
1 34
1 31
1 15
1 47
1 7
1 48
1 44
1 18
1 13
1 36
1 42
1 40
1 23
1 20
1 37
1 27
28
2 30
2 21
2 1
2 26
2 47
2 16
2 28
2 39
2 45
2 8
2 12
2 48
2 5
2 17
2 37
2 40
2 44
2 41
2 6
2 49
2 23
2 3
2 43
2 22
2 34
2 19
2 20
2 27
24
3 4
3 27
3 39
3 21
3 24
3 44
3 25
3 46
3 40
3 29
3 12
3 38
3 5
3 18
3 16
3 33
3 17
3 13
3 0
3 31
3 15
3 43
3 7
3 42
19
4 20
4 14
4 46
4 15
4 47
4 16
4 39
4 19
4 9
4 25
4 10
4 21
4 18
4 32
4 35
4 2
4 5
4 42
4 17
21
5 34
5 33
5 37
5 49
5 22
5 45
5 30
5 48
5 11
5 26
5 31
5 38
5 12
5 44
5 25
5 43
5 16
5 1
5 42
5 23
5 14
20
6 29
6 21
6 17
6 31
6 42
6 45
6 9
6 47
6 34
6 4
6 26
6 11
6 49
6 7
6 13
6 36
6 1
6 46
6 0
6 32
19
7 48
7 46
7 31
7 25
7 12
7 45
7 8
7 35
7 23
7 49
7 40
7 21
7 5
7 33
7 28
7 30
7 37
7 26
7 4
23
8 35
8 44
8 10
8 13
8 31
8 24
8 1
8 28
8 18
8 6
8 21
8 29
8 46
8 34
8 5
8 48
8 12
8 37
8 30
8 23
8 4
8 38
8 19
18
9 48
9 3
9 46
9 43
9 29
9 44
9 36
9 37
9 5
9 1
9 40
9 10
9 14
9 21
9 23
9 41
9 24
9 15
23
10 41
10 38
10 37
10 35
10 36
10 24
10 7
10 14
10 39
10 48
10 31
10 5
10 40
10 28
10 33
10 20
10 12
10 1
10 27
10 46
10 30
10 2
10 6
17
11 2
11 43
11 29
11 26
11 44
11 25
11 41
11 46
11 7
11 20
11 28
11 49
11 37
11 19
11 18
11 3
11 4
18
12 6
12 19
12 1
12 18
12 0
12 46
12 28
12 47
12 36
12 43
12 25
12 37
12 34
12 4
12 30
12 29
12 9
12 22
17
13 4
13 24
13 12
13 10
13 23
13 16
13 28
13 30
13 25
13 35
13 11
13 20
13 45
13 36
13 18
13 43
13 27
18
14 49
14 15
14 12
14 23
14 8
14 21
14 11
14 42
14 2
14 7
14 43
14 19
14 27
14 33
14 34
14 46
14 40
14 25
21
15 41
15 5
15 34
15 18
15 13
15 7
15 0
15 33
15 27
15 42
15 8
15 10
15 38
15 2
15 35
15 16
15 17
15 11
15 28
15 45
15 36
25
16 12
16 27
16 24
16 29
16 38
16 7
16 25
16 35
16 28
16 47
16 44
16 22
16 33
16 17
16 45
16 6
16 8
16 21
16 39
16 49
16 37
16 40
16 42
16 43
16 19
24
17 24
17 14
17 43
17 31
17 26
17 9
17 7
17 46
17 37
17 27
17 19
17 44
17 20
17 12
17 39
17 5
17 29
17 10
17 21
17 1
17 13
17 22
17 36
17 32
14
18 49
18 0
18 6
18 31
18 17
18 9
18 14
18 45
18 28
18 20
18 25
18 46
18 2
18 27
15
19 29
19 49
19 32
19 5
19 10
19 13
19 3
19 33
19 15
19 6
19 34
19 26
19 31
19 7
19 30
13
20 24
20 3
20 36
20 30
20 16
20 9
20 19
20 35
20 39
20 48
20 0
20 14
20 8
18
21 35
21 13
21 10
21 38
21 41
21 15
21 42
21 18
21 48
21 34
21 37
21 24
21 39
21 1
21 20
21 25
21 49
21 23
22
22 20
22 35
22 36
22 26
22 4
22 47
22 10
22 49
22 7
22 21
22 13
22 8
22 37
22 14
22 3
22 44
22 42
22 48
22 33
22 19
22 0
22 1
19
23 12
23 40
23 44
23 30
23 20
23 11
23 37
23 36
23 46
23 38
23 35
23 18
23 4
23 3
23 39
23 10
23 22
23 32
23 45
21
24 44
24 5
24 45
24 25
24 40
24 7
24 34
24 4
24 30
24 37
24 19
24 46
24 23
24 1
24 12
24 2
24 14
24 22
24 28
24 27
24 36
18
25 47
25 20
25 39
25 28
25 46
25 42
25 23
25 34
25 9
25 36
25 30
25 17
25 49
25 22
25 1
25 45
25 2
25 10
22
26 9
26 8
26 37
26 14
26 41
26 49
26 47
26 12
26 24
26 15
26 25
26 43
26 10
26 48
26 44
26 1
26 23
26 28
26 13
26 30
26 34
26 39
20
27 7
27 19
27 8
27 40
27 48
27 21
27 5
27 44
27 26
27 36
27 35
27 22
27 20
27 12
27 38
27 45
27 25
27 43
27 37
27 49
20
28 31
28 5
28 45
28 23
28 29
28 36
28 20
28 22
28 43
28 9
28 6
28 21
28 27
28 49
28 38
28 1
28 17
28 44
28 42
28 35
18
29 45
29 4
29 27
29 15
29 23
29 32
29 14
29 36
29 21
29 20
29 31
29 43
29 18
29 10
29 5
29 47
29 13
29 25
17
30 14
30 32
30 4
30 11
30 27
30 3
30 1
30 43
30 31
30 41
30 16
30 36
30 21
30 18
30 9
30 29
30 46
20
31 46
31 9
31 12
31 11
31 27
31 20
31 23
31 25
31 41
31 47
31 14
31 24
31 34
31 45
31 22
31 4
31 2
31 26
31 32
31 48
25
32 33
32 21
32 28
32 16
32 44
32 0
32 12
32 49
32 7
32 9
32 47
32 2
32 22
32 26
32 24
32 1
32 13
32 48
32 18
32 14
32 5
32 11
32 20
32 3
32 25
12
33 44
33 35
33 45
33 13
33 48
33 17
33 12
33 25
33 42
33 28
33 23
33 27
24
34 37
34 47
34 30
34 16
34 29
34 17
34 4
34 28
34 9
34 38
34 44
34 35
34 43
34 40
34 18
34 20
34 0
34 36
34 33
34 27
34 48
34 23
34 13
34 22
18
35 29
35 45
35 25
35 6
35 24
35 26
35 41
35 31
35 32
35 11
35 40
35 5
35 43
35 9
35 38
35 47
35 3
35 42
12
36 11
36 21
36 4
36 31
36 8
36 14
36 19
36 33
36 37
36 3
36 7
36 32
17
37 35
37 4
37 32
37 44
37 0
37 41
37 31
37 20
37 15
37 46
37 38
37 33
37 14
37 3
37 42
37 30
37 28
19
38 11
38 14
38 46
38 19
38 36
38 39
38 48
38 22
38 49
38 18
38 31
38 12
38 30
38 13
38 26
38 45
38 6
38 29
38 41
24
39 45
39 7
39 27
39 41
39 47
39 33
39 18
39 40
39 1
39 34
39 11
39 22
39 48
39 31
39 29
39 13
39 5
39 6
39 28
39 49
39 37
39 8
39 9
39 15
22
40 31
40 4
40 25
40 19
40 48
40 8
40 42
40 15
40 28
40 29
40 20
40 38
40 17
40 45
40 11
40 13
40 32
40 0
40 6
40 36
40 22
40 5
22
41 25
41 12
41 33
41 40
41 49
41 24
41 17
41 3
41 1
41 23
41 14
41 34
41 42
41 7
41 27
41 36
41 43
41 29
41 16
41 13
41 32
41 4
19
42 46
42 13
42 8
42 7
42 32
42 45
42 29
42 23
42 38
42 18
42 24
42 30
42 36
42 17
42 10
42 9
42 34
42 31
42 47
13
43 6
43 4
43 33
43 0
43 42
43 7
43 23
43 10
43 21
43 38
43 31
43 19
43 36
21
44 49
44 4
44 14
44 46
44 40
44 41
44 0
44 38
44 6
44 29
44 15
44 43
44 35
44 20
44 42
44 25
44 47
44 39
44 21
44 18
44 12
15
45 1
45 14
45 41
45 17
45 37
45 48
45 36
45 44
45 30
45 4
45 11
45 43
45 32
45 22
45 3
20
46 15
46 41
46 13
46 36
46 28
46 27
46 32
46 21
46 29
46 19
46 49
46 16
46 0
46 33
46 22
46 34
46 40
46 48
46 2
46 39
22
47 38
47 23
47 14
47 7
47 43
47 13
47 40
47 37
47 46
47 9
47 5
47 8
47 24
47 41
47 11
47 10
47 19
47 3
47 15
47 21
47 36
47 45
17
48 35
48 3
48 17
48 36
48 15
48 6
48 29
48 19
48 25
48 44
48 43
48 0
48 14
48 42
48 47
48 28
48 18
21
49 33
49 20
49 29
49 30
49 17
49 1
49 10
49 24
49 34
49 45
49 12
49 4
49 8
49 15
49 13
49 47
49 36
49 9
49 35
49 48
49 37
