50
0 "A21"
1 "A39"
2 "A42"
3 "A44"
4 "A40"
5 "A3"
6 "A32"
7 "A30"
8 "A33"
9 "A41"
10 "A49"
11 "A38"
12 "A11"
13 "A0"
14 "A47"
15 "A13"
16 "A15"
17 "A5"
18 "A8"
19 "A28"
20 "A9"
21 "A29"
22 "A34"
23 "A25"
24 "A31"
25 "A16"
26 "A43"
27 "A18"
28 "A36"
29 "A48"
30 "A12"
31 "A6"
32 "A14"
33 "A23"
34 "A4"
35 "A17"
36 "A26"
37 "A2"
38 "A1"
39 "A45"
40 "A7"
41 "A20"
42 "A10"
43 "A19"
44 "A35"
45 "A22"
46 "A27"
47 "A46"
48 "A24"
49 "A37"
15
0 17
0 28
0 15
0 47
0 13
0 19
0 21
0 26
0 41
0 3
0 10
0 24
0 30
0 31
0 7
20
1 38
1 28
1 12
1 2
1 23
1 19
1 21
1 36
1 6
1 40
1 16
1 39
1 29
1 25
1 22
1 5
1 41
1 47
1 31
1 27
24
2 3
2 27
2 22
2 48
2 4
2 31
2 34
2 41
2 7
2 26
2 47
2 21
2 37
2 29
2 17
2 28
2 24
2 38
2 39
2 16
2 45
2 15
2 11
2 46
15
3 48
3 32
3 7
3 34
3 26
3 22
3 19
3 20
3 9
3 30
3 36
3 21
3 42
3 38
3 45
19
4 3
4 44
4 14
4 8
4 42
4 7
4 23
4 15
4 11
4 0
4 1
4 22
4 26
4 39
4 31
4 45
4 6
4 13
4 28
17
5 18
5 0
5 29
5 2
5 27
5 38
5 8
5 33
5 46
5 3
5 24
5 14
5 48
5 10
5 19
5 6
5 23
21
6 0
6 39
6 40
6 7
6 3
6 23
6 18
6 20
6 14
6 41
6 43
6 33
6 8
6 44
6 25
6 34
6 22
6 32
6 26
6 46
6 15
24
7 23
7 17
7 24
7 16
7 48
7 33
7 26
7 35
7 10
7 18
7 40
7 43
7 38
7 20
7 8
7 1
7 47
7 27
7 46
7 5
7 31
7 32
7 19
7 14
25
8 22
8 2
8 1
8 34
8 24
8 38
8 46
8 0
8 3
8 23
8 10
8 44
8 36
8 30
8 27
8 20
8 49
8 48
8 28
8 31
8 47
8 14
8 9
8 42
8 41
23
9 13
9 37
9 41
9 20
9 24
9 26
9 17
9 1
9 48
9 44
9 47
9 19
9 33
9 22
9 46
9 2
9 27
9 28
9 32
9 12
9 5
9 38
9 42
23
10 2
10 23
10 22
10 4
10 43
10 16
10 17
10 46
10 30
10 19
10 9
10 13
10 1
10 42
10 15
10 25
10 33
10 29
10 38
10 44
10 12
10 47
10 6
17
11 19
11 9
11 15
11 16
11 47
11 46
11 27
11 10
11 8
11 0
11 21
11 30
11 49
11 29
11 23
11 1
11 45
18
12 42
12 23
12 24
12 19
12 33
12 4
12 0
12 5
12 26
12 49
12 6
12 48
12 8
12 17
12 13
12 46
12 14
12 16
23
13 14
13 3
13 30
13 33
13 36
13 16
13 49
13 41
13 48
13 40
13 21
13 11
13 8
13 17
13 46
13 6
13 29
13 34
13 1
13 27
13 45
13 42
13 25
14
14 41
14 24
14 17
14 27
14 0
14 49
14 42
14 29
14 26
14 11
14 39
14 31
14 36
14 19
24
15 36
15 28
15 27
15 41
15 45
15 3
15 23
15 12
15 49
15 46
15 34
15 21
15 43
15 20
15 40
15 48
15 32
15 19
15 14
15 44
15 13
15 7
15 9
15 47
23
16 24
16 19
16 15
16 44
16 3
16 45
16 4
16 30
16 34
16 18
16 32
16 17
16 49
16 6
16 41
16 0
16 31
16 14
16 42
16 35
16 9
16 5
16 28
16
17 49
17 28
17 11
17 48
17 30
17 27
17 39
17 1
17 29
17 36
17 6
17 8
17 3
17 35
17 24
17 47
23
18 26
18 33
18 48
18 15
18 42
18 29
18 0
18 27
18 38
18 41
18 4
18 13
18 39
18 31
18 19
18 36
18 12
18 2
18 24
18 1
18 3
18 23
18 22
19
19 8
19 43
19 46
19 47
19 24
19 25
19 30
19 17
19 4
19 36
19 39
19 31
19 48
19 44
19 35
19 2
19 49
19 26
19 40
25
20 25
20 10
20 24
20 4
20 40
20 39
20 43
20 36
20 12
20 19
20 5
20 0
20 17
20 18
20 11
20 46
20 13
20 33
20 31
20 45
20 49
20 1
20 14
20 37
20 23
15
21 19
21 18
21 24
21 35
21 49
21 32
21 30
21 17
21 16
21 34
21 22
21 31
21 29
21 10
21 43
18
22 25
22 7
22 0
22 11
22 26
22 35
22 24
22 40
22 16
22 20
22 12
22 5
22 45
22 15
22 29
22 43
22 28
22 37
17
23 9
23 33
23 14
23 3
23 19
23 21
23 17
23 35
23 37
23 45
23 39
23 43
23 29
23 24
23 49
23 13
23 46
14
24 44
24 15
24 43
24 28
24 47
24 11
24 45
24 49
24 41
24 6
24 26
24 13
24 25
24 4
20
25 21
25 31
25 26
25 43
25 0
25 2
25 41
25 46
25 14
25 33
25 23
25 35
25 27
25 17
25 8
25 29
25 5
25 15
25 42
25 49
20
26 33
26 16
26 10
26 23
26 45
26 31
26 32
26 49
26 1
26 36
26 35
26 8
26 43
26 41
26 21
26 5
26 28
26 37
26 30
26 11
17
27 36
27 47
27 49
27 12
27 22
27 26
27 41
27 19
27 23
27 42
27 31
27 39
27 21
27 20
27 44
27 4
27 32
19
28 36
28 23
28 29
28 43
28 10
28 18
28 20
28 3
28 5
28 12
28 6
28 34
28 45
28 27
28 11
28 13
28 49
28 21
28 7
16
29 33
29 8
29 41
29 27
29 43
29 0
29 30
29 12
29 48
29 24
29 9
29 20
29 46
29 38
29 19
29 16
14
30 48
30 45
30 1
30 28
30 27
30 5
30 49
30 42
30 34
30 46
30 15
30 32
30 18
30 36
16
31 12
31 13
31 28
31 10
31 9
31 29
31 3
31 37
31 6
31 46
31 17
31 47
31 5
31 35
31 38
31 42
20
32 40
32 44
32 46
32 31
32 5
32 47
32 19
32 42
32 25
32 0
32 23
32 36
32 2
32 28
32 10
32 49
32 29
32 4
32 22
32 24
21
33 8
33 17
33 14
33 2
33 39
33 34
33 3
33 32
33 30
33 4
33 27
33 31
33 22
33 45
33 28
33 41
33 38
33 24
33 15
33 19
33 36
22
34 35
34 20
34 31
34 43
34 5
34 49
34 14
34 11
34 24
34 37
34 29
34 12
34 22
34 46
34 17
34 26
34 44
34 48
34 38
34 10
34 25
34 42
21
35 40
35 42
35 11
35 18
35 14
35 2
35 13
35 45
35 28
35 5
35 1
35 9
35 27
35 30
35 10
35 41
35 3
35 0
35 44
35 15
35 8
20
36 22
36 25
36 42
36 7
36 4
36 5
36 11
36 9
36 24
36 34
36 46
36 12
36 16
36 0
36 40
36 45
36 21
36 6
36 44
36 31
28
37 30
37 39
37 47
37 28
37 38
37 32
37 35
37 10
37 11
37 5
37 6
37 12
37 33
37 21
37 40
37 24
37 3
37 8
37 1
37 7
37 0
37 45
37 14
37 36
37 27
37 16
37 29
37 49
20
38 24
38 25
38 49
38 23
38 19
38 4
38 39
38 45
38 16
38 14
38 46
38 13
38 42
38 28
38 41
38 36
38 26
38 30
38 20
38 12
28
39 34
39 40
39 5
39 43
39 10
39 0
39 7
39 25
39 22
39 30
39 21
39 16
39 48
39 24
39 49
39 42
39 32
39 15
39 45
39 8
39 29
39 3
39 36
39 44
39 46
39 12
39 11
39 35
24
40 27
40 28
40 23
40 38
40 10
40 0
40 30
40 47
40 34
40 14
40 42
40 45
40 11
40 9
40 24
40 25
40 21
40 43
40 5
40 49
40 26
40 17
40 12
40 2
19
41 40
41 21
41 11
41 3
41 28
41 17
41 34
41 48
41 32
41 19
41 39
41 20
41 31
41 12
41 46
41 4
41 37
41 5
41 36
14
42 17
42 22
42 37
42 21
42 20
42 26
42 41
42 6
42 19
42 48
42 11
42 7
42 28
42 1
22
43 3
43 13
43 4
43 1
43 31
43 41
43 5
43 12
43 37
43 33
43 46
43 32
43 38
43 11
43 44
43 2
43 35
43 36
43 8
43 47
43 18
43 45
25
44 12
44 5
44 33
44 45
44 2
44 25
44 21
44 47
44 1
44 42
44 7
44 28
44 0
44 29
44 31
44 40
44 20
44 30
44 41
44 18
44 13
44 17
44 14
44 3
44 37
16
45 14
45 7
45 10
45 18
45 12
45 46
45 0
45 27
45 17
45 8
45 21
45 29
45 5
45 9
45 6
45 31
12
46 35
46 22
46 14
46 1
46 17
46 49
46 44
46 33
46 28
46 3
46 26
46 24
15
47 42
47 26
47 38
47 5
47 18
47 13
47 25
47 6
47 41
47 16
47 30
47 36
47 45
47 39
47 33
23
48 47
48 25
48 36
48 40
48 38
48 45
48 20
48 24
48 16
48 22
48 1
48 33
48 31
48 4
48 46
48 35
48 28
48 14
48 0
48 27
48 37
48 43
48 11
16
49 42
49 2
49 45
49 9
49 0
49 36
49 47
49 6
49 4
49 22
49 1
49 41
49 35
49 3
49 43
49 44
