50
0 "A21"
1 "A39"
2 "A42"
3 "A44"
4 "A40"
5 "A3"
6 "A32"
7 "A30"
8 "A33"
9 "A41"
10 "A49"
11 "A38"
12 "A11"
13 "A0"
14 "A47"
15 "A13"
16 "A15"
17 "A5"
18 "A8"
19 "A28"
20 "A9"
21 "A29"
22 "A34"
23 "A25"
24 "A31"
25 "A16"
26 "A43"
27 "A18"
28 "A36"
29 "A48"
30 "A12"
31 "A6"
32 "A14"
33 "A23"
34 "A4"
35 "A17"
36 "A26"
37 "A2"
38 "A1"
39 "A45"
40 "A7"
41 "A20"
42 "A10"
43 "A19"
44 "A35"
45 "A22"
46 "A27"
47 "A46"
48 "A24"
49 "A37"
20
0 7
0 1
0 17
0 28
0 15
0 47
0 13
0 19
0 21
0 26
0 30
0 3
0 10
0 33
0 24
0 43
0 4
0 18
0 31
0 35
18
1 27
1 12
1 2
1 23
1 19
1 21
1 36
1 6
1 40
1 3
1 45
1 29
1 25
1 22
1 41
1 24
1 10
1 31
25
2 27
2 22
2 48
2 4
2 31
2 34
2 41
2 15
2 26
2 47
2 21
2 37
2 29
2 46
2 28
2 24
2 45
2 39
2 16
2 17
2 13
2 42
2 11
2 9
2 3
13
3 38
3 34
3 26
3 22
3 9
3 30
3 42
3 14
3 12
3 45
3 19
3 29
3 32
22
4 28
4 3
4 44
4 31
4 8
4 42
4 7
4 23
4 15
4 11
4 13
4 1
4 21
4 22
4 47
4 26
4 17
4 45
4 29
4 39
4 25
4 6
14
5 19
5 18
5 0
5 29
5 2
5 27
5 17
5 6
5 48
5 46
5 23
5 14
5 31
5 4
21
6 35
6 39
6 40
6 7
6 3
6 23
6 18
6 20
6 15
6 41
6 43
6 33
6 8
6 44
6 25
6 34
6 22
6 46
6 30
6 26
6 0
25
7 19
7 49
7 17
7 31
7 16
7 48
7 33
7 14
7 35
7 10
7 18
7 40
7 43
7 46
7 20
7 8
7 1
7 47
7 2
7 27
7 41
7 5
7 23
7 32
7 26
22
8 41
8 22
8 2
8 1
8 47
8 14
8 38
8 9
8 28
8 48
8 23
8 10
8 5
8 31
8 30
8 27
8 20
8 49
8 42
8 12
8 25
8 46
20
9 20
9 24
9 26
9 17
9 1
9 42
9 44
9 47
9 32
9 33
9 22
9 46
9 5
9 27
9 38
9 25
9 0
9 28
9 37
9 12
24
10 23
10 22
10 4
10 43
10 16
10 17
10 46
10 30
10 36
10 9
10 13
10 47
10 42
10 15
10 25
10 33
10 6
10 38
10 24
10 44
10 12
10 45
10 2
10 3
16
11 1
11 49
11 30
11 45
11 16
11 47
11 46
11 29
11 10
11 8
11 36
11 31
11 39
11 0
11 23
11 43
15
12 42
12 48
12 24
12 19
12 33
12 13
12 49
12 6
12 14
12 46
12 47
12 23
12 37
12 7
12 16
22
13 3
13 30
13 33
13 11
13 1
13 49
13 41
13 25
13 34
13 21
13 42
13 8
13 17
13 46
13 6
13 29
13 39
13 48
13 45
13 14
13 26
13 40
16
14 10
14 24
14 17
14 26
14 0
14 1
14 11
14 29
14 31
14 36
14 39
14 40
14 45
14 41
14 28
14 48
23
15 27
15 41
15 45
15 3
15 13
15 12
15 49
15 46
15 34
15 21
15 43
15 20
15 40
15 48
15 23
15 19
15 14
15 28
15 9
15 36
15 47
15 5
15 37
25
16 14
16 40
16 35
16 46
16 5
16 24
16 19
16 15
16 44
16 3
16 45
16 4
16 30
16 31
16 18
16 32
16 17
16 49
16 20
16 41
16 0
16 42
16 13
16 27
16 36
20
17 24
17 47
17 49
17 28
17 11
17 6
17 30
17 27
17 38
17 1
17 8
17 36
17 3
17 48
17 35
17 26
17 12
17 43
17 29
17 33
23
18 15
18 42
18 29
18 37
18 27
18 1
18 41
18 4
18 12
18 26
18 9
18 25
18 39
18 22
18 45
18 32
18 10
18 19
18 33
18 38
18 13
18 48
18 14
20
19 34
19 49
19 40
19 8
19 43
19 46
19 47
19 24
19 25
19 26
19 17
19 28
19 2
19 39
19 35
19 48
19 11
19 30
19 44
19 6
27
20 10
20 24
20 4
20 40
20 39
20 43
20 36
20 12
20 19
20 5
20 0
20 17
20 18
20 11
20 34
20 13
20 14
20 31
20 45
20 49
20 32
20 33
20 3
20 35
20 26
20 37
20 25
18
21 3
21 14
21 31
21 29
21 10
21 19
21 18
21 24
21 35
21 34
21 32
21 30
21 43
21 42
21 33
21 12
21 16
21 20
20
22 5
22 0
22 11
22 26
22 35
22 37
22 40
22 28
22 20
22 12
22 31
22 45
22 15
22 14
22 30
22 13
22 38
22 25
22 7
22 41
18
23 0
23 24
23 33
23 14
23 3
23 19
23 9
23 46
23 39
23 37
23 45
23 27
23 43
23 29
23 22
23 30
23 13
23 20
16
24 25
24 44
24 15
24 43
24 28
24 47
24 11
24 45
24 49
24 41
24 6
24 13
24 42
24 4
24 31
24 26
18
25 46
25 14
25 49
25 23
25 35
25 42
25 17
25 15
25 29
25 21
25 31
25 26
25 43
25 3
25 0
25 2
25 5
25 11
16
26 45
26 5
26 43
26 37
26 15
26 36
26 35
26 12
26 42
26 30
26 8
26 33
26 32
26 28
26 10
26 23
18
27 20
27 4
27 32
27 31
27 47
27 49
27 40
27 22
27 26
27 41
27 19
27 44
27 42
27 28
27 11
27 36
27 39
27 24
16
28 36
28 23
28 29
28 43
28 10
28 18
28 20
28 3
28 21
28 45
28 49
28 34
28 11
28 13
28 48
28 7
19
29 33
29 8
29 41
29 16
29 43
29 0
29 30
29 12
29 48
29 24
29 9
29 20
29 32
29 7
29 46
29 26
29 22
29 49
29 38
17
30 45
30 1
30 28
30 27
30 5
30 49
30 42
30 18
30 46
30 15
30 32
30 36
30 48
30 2
30 47
30 41
30 24
14
31 47
31 42
31 46
31 35
31 28
31 10
31 9
31 29
31 3
31 37
31 6
31 49
31 18
31 17
19
32 44
32 5
32 47
32 19
32 8
32 25
32 0
32 23
32 36
32 2
32 28
32 10
32 49
32 22
32 4
32 14
32 40
32 46
32 31
17
33 19
33 14
33 38
33 39
33 34
33 3
33 32
33 30
33 24
33 27
33 28
33 25
33 2
33 22
33 1
33 40
33 15
25
34 31
34 32
34 5
34 49
34 14
34 11
34 24
34 37
34 29
34 12
34 22
34 46
34 17
34 26
34 25
34 48
34 38
34 18
34 30
34 10
34 35
34 4
34 27
34 9
34 42
21
35 42
35 11
35 18
35 14
35 2
35 13
35 45
35 28
35 5
35 1
35 9
35 27
35 24
35 8
35 15
35 32
35 33
35 3
35 23
35 44
35 40
21
36 12
36 45
36 8
36 6
36 4
36 31
36 22
36 25
36 42
36 7
36 44
36 5
36 21
36 9
36 24
36 46
36 18
36 34
36 38
36 35
36 40
22
37 27
37 36
37 16
37 38
37 32
37 35
37 10
37 11
37 5
37 49
37 29
37 33
37 21
37 40
37 24
37 3
37 8
37 1
37 7
37 0
37 14
37 19
26
38 30
38 20
38 12
38 24
38 25
38 49
38 23
38 19
38 4
38 39
38 45
38 16
38 6
38 46
38 13
38 42
38 26
38 41
38 44
38 5
38 11
38 2
38 0
38 32
38 28
38 14
26
39 26
39 46
39 34
39 40
39 5
39 43
39 10
39 0
39 7
39 25
39 22
39 30
39 21
39 16
39 48
39 24
39 49
39 42
39 1
39 15
39 45
39 8
39 29
39 3
39 35
39 44
23
40 0
40 30
40 47
40 34
40 3
40 42
40 45
40 11
40 9
40 24
40 25
40 21
40 12
40 5
40 49
40 26
40 2
40 17
40 28
40 8
40 4
40 38
40 10
22
41 0
41 5
41 4
41 37
41 40
41 25
41 11
41 3
41 28
41 17
41 34
41 48
41 32
41 19
41 23
41 12
41 26
41 36
41 47
41 46
41 20
41 9
12
42 48
42 20
42 28
42 41
42 6
42 19
42 11
42 45
42 17
42 1
42 15
42 7
21
43 45
43 3
43 13
43 36
43 1
43 31
43 41
43 5
43 12
43 37
43 47
43 46
43 32
43 2
43 30
43 49
43 27
43 34
43 8
43 9
43 18
28
44 23
44 22
44 3
44 37
44 12
44 5
44 33
44 45
44 2
44 25
44 21
44 14
44 1
44 42
44 17
44 28
44 0
44 29
44 31
44 40
44 20
44 7
44 41
44 18
44 15
44 48
44 13
44 46
16
45 5
45 9
45 12
45 46
45 31
45 27
45 17
45 8
45 21
45 29
45 25
45 19
45 34
45 0
45 7
45 6
12
46 22
46 14
46 1
46 17
46 33
46 28
46 24
46 40
46 26
46 42
46 35
46 21
16
47 38
47 22
47 5
47 26
47 13
47 25
47 6
47 42
47 16
47 29
47 36
47 45
47 39
47 33
47 28
47 34
20
48 25
48 36
48 40
48 38
48 45
48 20
48 24
48 16
48 0
48 1
48 33
48 27
48 4
48 46
48 6
48 49
48 10
48 43
48 22
48 47
12
49 35
49 42
49 2
49 18
49 0
49 9
49 47
49 6
49 3
49 44
49 1
49 41
