50
0 "A35"
1 "A29"
2 "A38"
3 "A23"
4 "A22"
5 "A10"
6 "A36"
7 "A11"
8 "A18"
9 "A19"
10 "A21"
11 "A0"
12 "A16"
13 "A26"
14 "A47"
15 "A39"
16 "A33"
17 "A15"
18 "A8"
19 "A6"
20 "A1"
21 "A12"
22 "A46"
23 "A49"
24 "A24"
25 "A28"
26 "A25"
27 "A32"
28 "A34"
29 "A3"
30 "A20"
31 "A48"
32 "A27"
33 "A2"
34 "A14"
35 "A41"
36 "A43"
37 "A31"
38 "A13"
39 "A44"
40 "A17"
41 "A5"
42 "A4"
43 "A45"
44 "A7"
45 "A40"
46 "A30"
47 "A9"
48 "A42"
49 "A37"
17
0 3
0 6
0 22
0 14
0 34
0 30
0 10
0 21
0 17
0 24
0 15
0 16
0 4
0 9
0 18
0 28
0 27
12
1 29
1 36
1 15
1 39
1 35
1 10
1 9
1 48
1 7
1 14
1 0
1 2
24
2 7
2 12
2 10
2 42
2 21
2 16
2 46
2 3
2 6
2 49
2 25
2 43
2 0
2 36
2 17
2 47
2 5
2 4
2 34
2 44
2 26
2 45
2 9
2 13
24
3 6
3 42
3 26
3 37
3 28
3 13
3 41
3 30
3 16
3 20
3 18
3 31
3 43
3 9
3 34
3 49
3 14
3 35
3 25
3 21
3 38
3 46
3 4
3 32
16
4 13
4 28
4 20
4 1
4 36
4 35
4 11
4 46
4 19
4 39
4 41
4 45
4 16
4 37
4 34
4 24
15
5 24
5 18
5 33
5 21
5 43
5 31
5 42
5 1
5 6
5 4
5 40
5 34
5 8
5 37
5 48
18
6 36
6 25
6 26
6 8
6 42
6 21
6 43
6 44
6 17
6 46
6 4
6 20
6 23
6 29
6 12
6 16
6 13
6 38
17
7 41
7 44
7 19
7 24
7 17
7 37
7 47
7 36
7 5
7 4
7 30
7 6
7 42
7 12
7 31
7 11
7 3
17
8 7
8 48
8 23
8 18
8 15
8 1
8 43
8 41
8 24
8 30
8 3
8 21
8 11
8 12
8 34
8 22
8 10
18
9 13
9 46
9 21
9 29
9 32
9 12
9 35
9 18
9 4
9 48
9 6
9 10
9 43
9 23
9 47
9 25
9 49
9 28
18
10 5
10 18
10 40
10 45
10 42
10 17
10 31
10 3
10 4
10 27
10 38
10 25
10 14
10 49
10 16
10 13
10 12
10 24
20
11 9
11 44
11 31
11 0
11 25
11 39
11 36
11 27
11 49
11 14
11 1
11 37
11 40
11 6
11 45
11 41
11 48
11 2
11 29
11 3
23
12 43
12 0
12 19
12 32
12 38
12 37
12 25
12 5
12 31
12 4
12 14
12 28
12 18
12 13
12 42
12 48
12 27
12 11
12 45
12 35
12 33
12 24
12 16
12
13 38
13 1
13 0
13 32
13 36
13 43
13 8
13 42
13 25
13 21
13 20
13 33
17
14 7
14 23
14 19
14 29
14 26
14 47
14 36
14 38
14 34
14 35
14 15
14 6
14 2
14 46
14 9
14 22
14 13
19
15 9
15 47
15 18
15 25
15 16
15 10
15 11
15 30
15 37
15 21
15 5
15 29
15 26
15 23
15 3
15 4
15 2
15 6
15 34
18
16 40
16 34
16 44
16 20
16 48
16 11
16 1
16 7
16 18
16 14
16 36
16 32
16 13
16 5
16 46
16 38
16 45
16 9
20
17 26
17 41
17 27
17 29
17 22
17 16
17 3
17 9
17 14
17 4
17 37
17 15
17 11
17 31
17 45
17 48
17 21
17 20
17 19
17 33
17
18 14
18 32
18 35
18 30
18 21
18 2
18 34
18 7
18 11
18 20
18 44
18 25
18 17
18 4
18 38
18 47
18 13
21
19 20
19 37
19 49
19 11
19 6
19 0
19 21
19 47
19 38
19 29
19 13
19 34
19 46
19 30
19 2
19 3
19 33
19 5
19 36
19 1
19 31
20
20 1
20 49
20 12
20 44
20 5
20 7
20 33
20 34
20 27
20 14
20 45
20 35
20 25
20 10
20 9
20 32
20 38
20 0
20 15
20 26
17
21 48
21 42
21 4
21 31
21 29
21 10
21 33
21 14
21 47
21 41
21 11
21 34
21 25
21 30
21 40
21 7
21 24
25
22 2
22 26
22 15
22 21
22 47
22 32
22 38
22 3
22 41
22 45
22 34
22 12
22 9
22 42
22 36
22 25
22 16
22 24
22 6
22 18
22 5
22 20
22 19
22 7
22 4
28
23 36
23 1
23 21
23 40
23 41
23 27
23 2
23 46
23 5
23 22
23 45
23 44
23 29
23 37
23 19
23 16
23 42
23 4
23 26
23 0
23 7
23 20
23 12
23 17
23 3
23 11
23 47
23 10
23
24 30
24 23
24 35
24 25
24 48
24 16
24 31
24 44
24 19
24 14
24 11
24 3
24 6
24 40
24 37
24 17
24 47
24 29
24 15
24 20
24 2
24 42
24 49
14
25 29
25 26
25 1
25 23
25 14
25 44
25 34
25 46
25 8
25 36
25 4
25 0
25 45
25 19
19
26 10
26 9
26 33
26 8
26 42
26 11
26 32
26 1
26 13
26 19
26 47
26 36
26 48
26 30
26 24
26 45
26 12
26 31
26 16
21
27 28
27 8
27 49
27 15
27 18
27 24
27 4
27 3
27 35
27 6
27 43
27 7
27 2
27 21
27 36
27 13
27 5
27 38
27 32
27 41
27 25
24
28 2
28 41
28 24
28 34
28 22
28 36
28 10
28 23
28 14
28 39
28 25
28 40
28 7
28 20
28 17
28 44
28 21
28 42
28 15
28 5
28 37
28 8
28 26
28 6
23
29 40
29 36
29 0
29 12
29 42
29 49
29 28
29 47
29 39
29 46
29 22
29 18
29 32
29 31
29 2
29 48
29 20
29 34
29 16
29 33
29 3
29 13
29 10
17
30 22
30 13
30 23
30 28
30 31
30 16
30 17
30 32
30 11
30 20
30 5
30 34
30 46
30 29
30 14
30 9
30 27
14
31 16
31 15
31 23
31 18
31 37
31 1
31 8
31 49
31 25
31 38
31 40
31 22
31 0
31 4
16
32 15
32 41
32 14
32 38
32 6
32 19
32 33
32 23
32 2
32 28
32 21
32 37
32 7
32 45
32 8
32 10
20
33 16
33 36
33 28
33 30
33 39
33 4
33 24
33 18
33 49
33 6
33 2
33 48
33 10
33 27
33 31
33 9
33 44
33 22
33 1
33 15
21
34 27
34 36
34 32
34 12
34 46
34 39
34 47
34 26
34 33
34 17
34 41
34 37
34 10
34 13
34 48
34 31
34 1
34 9
34 6
34 24
34 23
21
35 22
35 19
35 16
35 11
35 0
35 15
35 32
35 23
35 2
35 34
35 33
35 6
35 17
35 10
35 13
35 43
35 25
35 41
35 30
35 29
35 7
21
36 10
36 35
36 48
36 44
36 30
36 40
36 39
36 45
36 18
36 31
36 15
36 5
36 21
36 17
36 41
36 20
36 9
36 49
36 32
36 8
36 12
15
37 36
37 43
37 16
37 20
37 42
37 9
37 13
37 2
37 25
37 41
37 10
37 30
37 14
37 29
37 47
21
38 26
38 23
38 48
38 2
38 9
38 42
38 34
38 0
38 21
38 43
38 33
38 4
38 8
38 46
38 29
38 30
38 37
38 36
38 17
38 47
38 1
28
39 19
39 35
39 44
39 7
39 10
39 46
39 2
39 42
39 23
39 15
39 30
39 5
39 9
39 49
39 12
39 8
39 0
39 17
39 31
39 43
39 37
39 22
39 3
39 14
39 26
39 21
39 16
39 25
24
40 19
40 18
40 30
40 1
40 7
40 32
40 15
40 0
40 46
40 13
40 9
40 3
40 37
40 27
40 34
40 25
40 8
40 42
40 6
40 39
40 2
40 43
40 4
40 20
18
41 10
41 39
41 48
41 20
41 16
41 6
41 33
41 46
41 30
41 2
41 24
41 13
41 31
41 19
41 44
41 29
41 9
41 1
17
42 36
42 43
42 15
42 31
42 34
42 4
42 25
42 20
42 1
42 30
42 45
42 11
42 9
42 8
42 16
42 27
42 17
19
43 28
43 21
43 33
43 14
43 48
43 30
43 20
43 34
43 17
43 11
43 15
43 4
43 18
43 1
43 45
43 25
43 36
43 26
43 31
21
44 21
44 17
44 38
44 15
44 32
44 5
44 22
44 40
44 35
44 26
44 47
44 8
44 12
44 27
44 3
44 42
44 31
44 1
44 9
44 43
44 4
22
45 33
45 13
45 14
45 1
45 28
45 27
45 5
45 31
45 24
45 30
45 3
45 29
45 49
45 34
45 0
45 35
45 9
45 6
45 8
45 7
45 44
45 38
25
46 24
46 43
46 5
46 8
46 33
46 28
46 20
46 1
46 11
46 31
46 27
46 48
46 18
46 10
46 13
46 45
46 36
46 17
46 37
46 42
46 21
46 26
46 32
46 12
46 7
21
47 42
47 48
47 16
47 5
47 13
47 40
47 32
47 1
47 25
47 45
47 43
47 41
47 10
47 17
47 0
47 39
47 11
47 30
47 20
47 28
47 31
19
48 4
48 25
48 0
48 14
48 35
48 13
48 37
48 7
48 10
48 44
48 18
48 31
48 42
48 20
48 27
48 23
48 39
48 3
48 45
23
49 14
49 38
49 16
49 21
49 0
49 43
49 46
49 32
49 15
49 47
49 41
49 35
49 22
49 17
49 34
49 13
49 42
49 6
49 18
49 1
49 48
49 28
49 37
