50
0 "A19"
1 "A4"
2 "A43"
3 "A42"
4 "A48"
5 "A10"
6 "A45"
7 "A3"
8 "A1"
9 "A11"
10 "A25"
11 "A2"
12 "A22"
13 "A38"
14 "A28"
15 "A44"
16 "A14"
17 "A33"
18 "A31"
19 "A5"
20 "A32"
21 "A18"
22 "A34"
23 "A12"
24 "A24"
25 "A7"
26 "A8"
27 "A17"
28 "A16"
29 "A26"
30 "A27"
31 "A37"
32 "A6"
33 "A15"
34 "A20"
35 "A39"
36 "A0"
37 "A30"
38 "A23"
39 "A40"
40 "A41"
41 "A9"
42 "A13"
43 "A47"
44 "A35"
45 "A21"
46 "A46"
47 "A29"
48 "A49"
49 "A36"
23
0 19
0 27
0 20
0 31
0 35
0 4
0 5
0 9
0 45
0 42
0 30
0 13
0 10
0 39
0 14
0 49
0 37
0 29
0 16
0 3
0 22
0 25
0 12
19
1 12
1 29
1 40
1 33
1 0
1 20
1 34
1 32
1 9
1 5
1 19
1 42
1 14
1 25
1 18
1 30
1 46
1 22
1 47
17
2 48
2 33
2 35
2 13
2 4
2 34
2 32
2 29
2 21
2 14
2 22
2 15
2 42
2 10
2 0
2 25
2 5
20
3 45
3 16
3 2
3 43
3 41
3 22
3 31
3 7
3 29
3 27
3 35
3 36
3 33
3 1
3 25
3 20
3 47
3 49
3 6
3 11
19
4 18
4 9
4 34
4 26
4 29
4 3
4 1
4 44
4 47
4 38
4 45
4 14
4 15
4 46
4 13
4 33
4 43
4 25
4 31
17
5 8
5 45
5 23
5 3
5 19
5 11
5 37
5 15
5 35
5 4
5 41
5 42
5 18
5 24
5 25
5 13
5 33
21
6 20
6 2
6 11
6 22
6 5
6 26
6 34
6 21
6 45
6 29
6 16
6 14
6 47
6 1
6 35
6 25
6 37
6 19
6 33
6 44
6 28
25
7 21
7 13
7 12
7 15
7 31
7 0
7 29
7 2
7 46
7 6
7 49
7 1
7 4
7 22
7 33
7 43
7 41
7 28
7 14
7 30
7 34
7 19
7 11
7 44
7 36
20
8 3
8 43
8 32
8 37
8 49
8 11
8 40
8 2
8 9
8 4
8 25
8 1
8 42
8 36
8 22
8 33
8 13
8 0
8 35
8 24
22
9 32
9 26
9 29
9 33
9 47
9 48
9 10
9 41
9 34
9 16
9 18
9 39
9 7
9 6
9 12
9 42
9 25
9 46
9 43
9 5
9 19
9 20
26
10 12
10 29
10 49
10 13
10 1
10 25
10 16
10 43
10 6
10 37
10 26
10 38
10 23
10 47
10 4
10 20
10 7
10 39
10 42
10 3
10 44
10 18
10 28
10 19
10 21
10 34
19
11 14
11 2
11 33
11 1
11 49
11 47
11 13
11 38
11 0
11 23
11 12
11 19
11 24
11 10
11 16
11 30
11 9
11 22
11 15
19
12 29
12 35
12 48
12 30
12 14
12 44
12 45
12 3
12 19
12 13
12 37
12 28
12 2
12 17
12 5
12 8
12 6
12 43
12 41
14
13 24
13 9
13 44
13 18
13 27
13 16
13 6
13 3
13 42
13 48
13 39
13 22
13 35
13 33
18
14 5
14 16
14 10
14 44
14 18
14 19
14 24
14 9
14 37
14 29
14 42
14 13
14 36
14 22
14 48
14 31
14 33
14 27
18
15 0
15 1
15 47
15 30
15 48
15 42
15 6
15 12
15 16
15 18
15 31
15 36
15 38
15 14
15 35
15 22
15 13
15 8
18
16 30
16 1
16 49
16 17
16 28
16 27
16 7
16 26
16 31
16 19
16 32
16 18
16 46
16 48
16 21
16 4
16 5
16 23
22
17 41
17 14
17 33
17 10
17 8
17 43
17 30
17 47
17 9
17 27
17 15
17 11
17 45
17 39
17 0
17 4
17 7
17 3
17 36
17 13
17 49
17 42
17
18 43
18 24
18 40
18 2
18 25
18 34
18 33
18 22
18 46
18 20
18 17
18 28
18 7
18 41
18 23
18 19
18 39
14
19 4
19 31
19 25
19 48
19 32
19 49
19 37
19 40
19 21
19 34
19 15
19 13
19 2
19 17
19
20 13
20 2
20 8
20 25
20 22
20 33
20 16
20 5
20 37
20 40
20 39
20 7
20 17
20 19
20 36
20 15
20 49
20 4
20 14
23
21 12
21 48
21 18
21 34
21 23
21 44
21 31
21 17
21 4
21 1
21 37
21 3
21 0
21 8
21 28
21 42
21 45
21 39
21 9
21 22
21 11
21 20
21 15
20
22 40
22 5
22 25
22 33
22 42
22 10
22 36
22 32
22 38
22 31
22 30
22 26
22 41
22 19
22 17
22 43
22 16
22 9
22 27
22 34
16
23 14
23 13
23 44
23 1
23 26
23 36
23 2
23 41
23 33
23 25
23 45
23 6
23 7
23 34
23 20
23 31
24
24 32
24 3
24 27
24 19
24 21
24 10
24 0
24 12
24 4
24 22
24 7
24 40
24 15
24 38
24 23
24 2
24 49
24 36
24 28
24 20
24 16
24 43
24 46
24 6
17
25 44
25 15
25 21
25 28
25 35
25 12
25 16
25 17
25 7
25 24
25 46
25 13
25 49
25 30
25 34
25 11
25 31
20
26 19
26 28
26 41
26 27
26 34
26 35
26 24
26 21
26 11
26 45
26 12
26 2
26 25
26 3
26 48
26 18
26 8
26 14
26 37
26 7
19
27 36
27 12
27 19
27 5
27 8
27 29
27 25
27 11
27 18
27 34
27 15
27 4
27 2
27 44
27 21
27 48
27 20
27 23
27 1
17
28 19
28 49
28 15
28 2
28 48
28 23
28 20
28 1
28 27
28 17
28 40
28 0
28 4
28 5
28 11
28 29
28 22
25
29 20
29 15
29 35
29 8
29 23
29 38
29 16
29 32
29 36
29 46
29 49
29 26
29 13
29 19
29 25
29 22
29 17
29 48
29 41
29 40
29 44
29 18
29 11
29 21
29 31
15
30 26
30 9
30 28
30 33
30 40
30 2
30 4
30 19
30 6
30 27
30 3
30 46
30 8
30 31
30 21
20
31 1
31 42
31 28
31 24
31 13
31 17
31 33
31 5
31 37
31 20
31 10
31 9
31 43
31 8
31 36
31 11
31 48
31 27
31 38
31 47
26
32 26
32 17
32 3
32 7
32 14
32 49
32 5
32 4
32 41
32 25
32 31
32 23
32 0
32 10
32 20
32 21
32 11
32 40
32 33
32 15
32 35
32 30
32 12
32 42
32 18
32 34
17
33 49
33 10
33 28
33 27
33 21
33 16
33 24
33 35
33 47
33 39
33 37
33 43
33 19
33 25
33 0
33 41
33 48
13
34 28
34 16
34 15
34 36
34 33
34 14
34 13
34 30
34 46
34 41
34 24
34 12
34 20
18
35 34
35 27
35 28
35 31
35 42
35 1
35 11
35 14
35 30
35 18
35 49
35 9
35 23
35 10
35 4
35 19
35 22
35 20
18
36 30
36 45
36 6
36 13
36 18
36 40
36 35
36 25
36 12
36 43
36 0
36 4
36 1
36 46
36 16
36 19
36 11
36 9
21
37 41
37 42
37 48
37 24
37 30
37 16
37 11
37 49
37 3
37 29
37 9
37 34
37 23
37 32
37 45
37 36
37 2
37 46
37 4
37 28
37 18
18
38 6
38 32
38 12
38 19
38 28
38 14
38 34
38 30
38 18
38 3
38 2
38 7
38 16
38 1
38 49
38 25
38 13
38 20
22
39 37
39 25
39 24
39 26
39 16
39 19
39 27
39 6
39 32
39 38
39 7
39 42
39 35
39 34
39 2
39 1
39 23
39 12
39 29
39 3
39 8
39 44
17
40 31
40 4
40 27
40 42
40 33
40 21
40 11
40 41
40 34
40 23
40 25
40 5
40 0
40 17
40 10
40 14
40 13
24
41 1
41 30
41 0
41 16
41 31
41 19
41 8
41 13
41 10
41 15
41 49
41 21
41 42
41 20
41 14
41 4
41 36
41 47
41 39
41 11
41 25
41 46
41 6
41 27
15
42 29
42 30
42 49
42 44
42 38
42 16
42 33
42 28
42 46
42 7
42 34
42 24
42 43
42 3
42 23
18
43 38
43 14
43 2
43 13
43 35
43 21
43 29
43 23
43 11
43 34
43 20
43 45
43 28
43 41
43 1
43 25
43 0
43 39
20
44 1
44 28
44 41
44 40
44 49
44 9
44 3
44 30
44 20
44 43
44 8
44 35
44 0
44 16
44 36
44 46
44 32
44 2
44 22
44 26
23
45 11
45 25
45 40
45 39
45 49
45 30
45 20
45 13
45 8
45 48
45 9
45 41
45 28
45 32
45 18
45 7
45 29
45 1
45 19
45 24
45 34
45 35
45 42
20
46 28
46 33
46 17
46 26
46 8
46 14
46 15
46 32
46 40
46 20
46 48
46 27
46 45
46 6
46 10
46 19
46 38
46 47
46 22
46 3
26
47 2
47 35
47 8
47 18
47 23
47 14
47 45
47 32
47 20
47 24
47 25
47 44
47 5
47 16
47 27
47 39
47 42
47 28
47 37
47 40
47 34
47 19
47 0
47 30
47 12
47 29
23
48 6
48 35
48 5
48 43
48 25
48 34
48 3
48 20
48 39
48 24
48 36
48 11
48 8
48 22
48 38
48 30
48 4
48 41
48 17
48 1
48 0
48 18
48 7
18
49 47
49 30
49 43
49 31
49 26
49 36
49 23
49 46
49 27
49 15
49 9
49 18
49 39
49 22
49 4
49 1
49 6
49 2
