50
0 "A19"
1 "A4"
2 "A43"
3 "A42"
4 "A48"
5 "A10"
6 "A45"
7 "A3"
8 "A1"
9 "A11"
10 "A25"
11 "A2"
12 "A22"
13 "A38"
14 "A28"
15 "A44"
16 "A14"
17 "A33"
18 "A31"
19 "A5"
20 "A32"
21 "A18"
22 "A34"
23 "A12"
24 "A24"
25 "A7"
26 "A8"
27 "A17"
28 "A16"
29 "A26"
30 "A27"
31 "A37"
32 "A6"
33 "A15"
34 "A20"
35 "A39"
36 "A0"
37 "A30"
38 "A23"
39 "A40"
40 "A41"
41 "A9"
42 "A13"
43 "A47"
44 "A35"
45 "A21"
46 "A46"
47 "A29"
48 "A49"
49 "A36"
17
0 45
0 34
0 39
0 49
0 35
0 30
0 25
0 29
0 38
0 6
0 27
0 5
0 14
0 18
0 1
0 10
0 7
18
1 27
1 30
1 19
1 17
1 5
1 40
1 42
1 44
1 24
1 21
1 8
1 4
1 32
1 25
1 46
1 22
1 45
1 37
18
2 15
2 5
2 7
2 0
2 31
2 42
2 13
2 33
2 22
2 1
2 34
2 46
2 4
2 36
2 21
2 3
2 47
2 18
18
3 22
3 35
3 7
3 20
3 15
3 42
3 41
3 12
3 1
3 29
3 23
3 11
3 4
3 39
3 26
3 6
3 16
3 25
20
4 14
4 25
4 47
4 7
4 40
4 29
4 48
4 11
4 33
4 9
4 18
4 32
4 26
4 15
4 16
4 30
4 39
4 20
4 13
4 31
25
5 13
5 19
5 15
5 24
5 3
5 4
5 11
5 37
5 8
5 17
5 43
5 10
5 28
5 35
5 39
5 23
5 21
5 46
5 36
5 14
5 31
5 42
5 25
5 38
5 26
20
6 5
6 20
6 16
6 36
6 4
6 9
6 23
6 37
6 32
6 31
6 7
6 25
6 1
6 35
6 41
6 47
6 11
6 28
6 29
6 30
18
7 33
7 49
7 37
7 21
7 36
7 41
7 44
7 15
7 46
7 35
7 43
7 31
7 5
7 24
7 45
7 48
7 38
7 17
19
8 11
8 36
8 4
8 14
8 13
8 9
8 2
8 23
8 31
8 49
8 32
8 45
8 33
8 0
8 21
8 41
8 35
8 43
8 37
19
9 46
9 16
9 14
9 5
9 48
9 36
9 20
9 12
9 32
9 3
9 34
9 1
9 0
9 7
9 19
9 13
9 38
9 35
9 11
23
10 49
10 36
10 3
10 20
10 31
10 18
10 7
10 2
10 39
10 9
10 13
10 33
10 35
10 16
10 17
10 25
10 4
10 48
10 45
10 40
10 12
10 6
10 30
16
11 24
11 22
11 42
11 44
11 1
11 2
11 7
11 0
11 14
11 31
11 47
11 10
11 17
11 46
11 49
11 19
22
12 22
12 29
12 35
12 26
12 33
12 7
12 46
12 2
12 18
12 43
12 19
12 48
12 45
12 4
12 8
12 1
12 42
12 0
12 15
12 6
12 41
12 5
20
13 15
13 23
13 33
13 44
13 32
13 27
13 6
13 1
13 24
13 22
13 3
13 46
13 31
13 35
13 19
13 48
13 0
13 11
13 39
13 36
20
14 2
14 18
14 22
14 37
14 44
14 29
14 48
14 19
14 12
14 1
14 32
14 35
14 10
14 30
14 26
14 24
14 42
14 33
14 45
14 16
20
15 8
15 38
15 36
15 19
15 6
15 1
15 37
15 49
15 14
15 33
15 30
15 9
15 44
15 0
15 40
15 47
15 24
15 16
15 22
15 42
19
16 48
16 1
16 11
16 35
16 22
16 5
16 30
16 0
16 44
16 19
16 27
16 13
16 7
16 26
16 33
16 18
16 23
16 21
16 28
22
17 3
17 41
17 19
17 25
17 13
17 36
17 9
17 33
17 29
17 35
17 46
17 4
17 49
17 39
17 0
17 28
17 40
17 8
17 27
17 15
17 16
17 2
24
18 24
18 31
18 33
18 8
18 11
18 9
18 40
18 34
18 41
18 48
18 46
18 25
18 5
18 42
18 13
18 39
18 43
18 7
18 20
18 1
18 36
18 47
18 26
18 3
17
19 7
19 32
19 0
19 6
19 4
19 48
19 41
19 42
19 28
19 29
19 45
19 10
19 21
19 40
19 2
19 31
19 39
21
20 34
20 16
20 49
20 19
20 14
20 30
20 39
20 11
20 2
20 23
20 5
20 15
20 0
20 25
20 13
20 8
20 31
20 29
20 7
20 43
20 12
19
21 37
21 12
21 24
21 4
21 22
21 17
21 10
21 31
21 36
21 20
21 44
21 11
21 0
21 3
21 18
21 47
21 15
21 14
21 28
21
22 26
22 10
22 44
22 37
22 33
22 18
22 17
22 19
22 40
22 6
22 5
22 32
22 9
22 0
22 45
22 20
22 30
22 42
22 8
22 46
22 36
19
23 32
23 41
23 26
23 7
23 14
23 25
23 1
23 18
23 28
23 42
23 19
23 40
23 12
23 10
23 45
23 24
23 22
23 21
23 15
19
24 43
24 49
24 8
24 12
24 47
24 28
24 16
24 19
24 9
24 20
24 3
24 32
24 42
24 4
24 0
24 6
24 38
24 2
24 10
16
25 35
25 43
25 11
25 44
25 14
25 15
25 21
25 31
25 8
25 45
25 22
25 49
25 24
25 12
25 7
25 16
18
26 34
26 15
26 21
26 28
26 8
26 48
26 33
26 13
26 35
26 25
26 6
26 11
26 7
26 2
26 0
26 20
26 19
26 45
20
27 30
27 12
27 8
27 24
27 20
27 15
27 5
27 41
27 43
27 31
27 7
27 4
27 21
27 2
27 3
27 48
27 18
27 19
27 14
27 11
19
28 1
28 40
28 44
28 14
28 0
28 15
28 22
28 2
28 7
28 29
28 25
28 3
28 11
28 41
28 32
28 12
28 10
28 8
28 27
24
29 9
29 45
29 33
29 11
29 21
29 1
29 25
29 15
29 41
29 10
29 8
29 27
29 23
29 7
29 38
29 32
29 34
29 24
29 30
29 49
29 16
29 26
29 48
29 40
17
30 47
30 11
30 28
30 31
30 35
30 39
30 17
30 3
30 19
30 9
30 21
30 18
30 7
30 43
30 26
30 5
30 23
13
31 29
31 23
31 1
31 46
31 24
31 26
31 12
31 36
31 15
31 3
31 28
31 22
31 16
21
32 12
32 34
32 0
32 26
32 46
32 15
32 25
32 41
32 30
32 3
32 48
32 20
32 21
32 7
32 16
32 17
32 33
32 5
32 10
32 31
32 49
19
33 39
33 21
33 36
33 0
33 42
33 28
33 25
33 5
33 45
33 43
33 24
33 27
33 6
33 35
33 31
33 19
33 41
33 3
33 1
18
34 41
34 5
34 4
34 33
34 12
34 24
34 19
34 7
34 37
34 14
34 11
34 46
34 27
34 25
34 22
34 6
34 30
34 23
19
35 23
35 20
35 48
35 49
35 43
35 15
35 31
35 34
35 28
35 19
35 22
35 29
35 2
35 18
35 24
35 45
35 4
35 40
35 42
23
36 26
36 27
36 16
36 30
36 29
36 0
36 43
36 11
36 25
36 24
36 28
36 1
36 49
36 34
36 20
36 42
36 47
36 35
36 19
36 41
36 4
36 38
36 12
20
37 41
37 24
37 11
37 29
37 3
37 33
37 10
37 30
37 13
37 36
37 23
37 46
37 12
37 42
37 26
37 9
37 35
37 0
37 28
37 2
22
38 2
38 44
38 20
38 10
38 11
38 1
38 28
38 14
38 23
38 30
38 40
38 22
38 32
38 49
38 34
38 25
38 27
38 13
38 41
38 31
38 35
38 3
19
39 8
39 16
39 25
39 41
39 35
39 28
39 6
39 42
39 37
39 9
39 32
39 38
39 1
39 15
39 22
39 23
39 12
39 7
39 36
21
40 13
40 31
40 42
40 33
40 37
40 36
40 24
40 20
40 49
40 9
40 2
40 26
40 21
40 11
40 12
40 14
40 30
40 34
40 41
40 8
40 39
15
41 15
41 47
41 24
41 46
41 22
41 30
41 25
41 20
41 13
41 2
41 5
41 45
41 31
41 16
41 42
23
42 34
42 32
42 48
42 30
42 20
42 44
42 17
42 38
42 43
42 16
42 29
42 28
42 6
42 10
42 25
42 8
42 13
42 46
42 7
42 49
42 9
42 31
42 27
20
43 11
43 47
43 14
43 19
43 37
43 2
43 1
43 29
43 39
43 10
43 6
43 13
43 45
43 22
43 26
43 28
43 21
43 0
43 16
43 40
20
44 45
44 36
44 8
44 34
44 0
44 40
44 2
44 3
44 5
44 26
44 49
44 33
44 17
44 4
44 37
44 24
44 43
44 6
44 47
44 23
20
45 9
45 24
45 31
45 37
45 38
45 16
45 42
45 15
45 11
45 47
45 30
45 27
45 48
45 40
45 3
45 34
45 36
45 21
45 4
45 20
22
46 26
46 10
46 19
46 45
46 0
46 49
46 4
46 48
46 15
46 20
46 40
46 14
46 27
46 44
46 23
46 24
46 28
46 47
46 6
46 38
46 3
46 29
24
47 16
47 42
47 7
47 14
47 32
47 39
47 1
47 27
47 35
47 28
47 23
47 25
47 20
47 38
47 40
47 33
47 9
47 34
47 12
47 13
47 19
47 8
47 31
47 5
20
48 41
48 5
48 8
48 37
48 36
48 34
48 11
48 22
48 49
48 38
48 33
48 31
48 39
48 3
48 0
48 2
48 30
48 47
48 21
48 43
13
49 23
49 37
49 2
49 30
49 43
49 26
49 9
49 45
49 4
49 47
49 18
49 6
49 31
