50
0 "A47"
1 "A46"
2 "A22"
3 "A23"
4 "A39"
5 "A38"
6 "A34"
7 "A19"
8 "A3"
9 "A10"
10 "A35"
11 "A8"
12 "A21"
13 "A26"
14 "A49"
15 "A41"
16 "A1"
17 "A9"
18 "A30"
19 "A40"
20 "A32"
21 "A5"
22 "A45"
23 "A36"
24 "A4"
25 "A28"
26 "A43"
27 "A15"
28 "A29"
29 "A6"
30 "A11"
31 "A0"
32 "A12"
33 "A37"
34 "A48"
35 "A27"
36 "A44"
37 "A7"
38 "A17"
39 "A18"
40 "A16"
41 "A42"
42 "A2"
43 "A13"
44 "A14"
45 "A20"
46 "A24"
47 "A33"
48 "A25"
49 "A31"
21
0 46
0 12
0 3
0 24
0 2
0 29
0 36
0 49
0 31
0 19
0 26
0 39
0 41
0 10
0 14
0 22
0 13
0 4
0 38
0 48
0 40
19
1 37
1 6
1 20
1 32
1 40
1 26
1 44
1 15
1 34
1 25
1 10
1 23
1 17
1 24
1 36
1 28
1 16
1 33
1 0
23
2 17
2 42
2 46
2 25
2 3
2 34
2 16
2 1
2 30
2 27
2 9
2 23
2 36
2 41
2 15
2 38
2 7
2 12
2 4
2 21
2 47
2 11
2 49
21
3 10
3 47
3 36
3 7
3 33
3 17
3 1
3 20
3 49
3 23
3 38
3 25
3 12
3 44
3 35
3 22
3 13
3 27
3 4
3 18
3 42
15
4 33
4 19
4 36
4 26
4 37
4 41
4 15
4 39
4 21
4 24
4 9
4 12
4 31
4 11
4 32
18
5 2
5 1
5 36
5 49
5 39
5 10
5 28
5 42
5 38
5 19
5 34
5 7
5 16
5 13
5 0
5 22
5 33
5 24
21
6 20
6 18
6 47
6 28
6 26
6 16
6 38
6 43
6 0
6 48
6 24
6 33
6 30
6 4
6 2
6 40
6 13
6 9
6 35
6 22
6 37
18
7 14
7 31
7 4
7 37
7 12
7 40
7 17
7 48
7 34
7 28
7 26
7 0
7 25
7 16
7 24
7 8
7 1
7 18
21
8 2
8 42
8 4
8 6
8 30
8 20
8 38
8 33
8 28
8 10
8 5
8 32
8 11
8 3
8 49
8 0
8 16
8 46
8 25
8 43
8 29
17
9 14
9 3
9 7
9 43
9 32
9 29
9 0
9 48
9 19
9 28
9 34
9 37
9 46
9 11
9 30
9 35
9 33
21
10 12
10 43
10 7
10 37
10 6
10 31
10 48
10 4
10 2
10 29
10 27
10 23
10 28
10 9
10 22
10 24
10 25
10 35
10 40
10 38
10 32
20
11 16
11 27
11 1
11 0
11 17
11 44
11 49
11 47
11 10
11 41
11 33
11 29
11 32
11 43
11 15
11 6
11 39
11 30
11 42
11 21
17
12 43
12 34
12 24
12 5
12 46
12 1
12 22
12 47
12 33
12 11
12 9
12 19
12 14
12 8
12 17
12 26
12 6
18
13 40
13 35
13 22
13 7
13 25
13 11
13 23
13 47
13 9
13 36
13 45
13 49
13 10
13 12
13 46
13 8
13 34
13 1
20
14 40
14 36
14 4
14 49
14 20
14 3
14 13
14 8
14 18
14 27
14 44
14 21
14 25
14 28
14 45
14 19
14 33
14 1
14 11
14 2
23
15 41
15 31
15 23
15 12
15 7
15 10
15 26
15 38
15 8
15 30
15 18
15 9
15 25
15 5
15 3
15 39
15 13
15 49
15 24
15 6
15 14
15 36
15 20
16
16 39
16 28
16 4
16 29
16 31
16 25
16 0
16 47
16 26
16 32
16 14
16 9
16 46
16 3
16 18
16 44
23
17 0
17 37
17 32
17 38
17 31
17 45
17 49
17 34
17 21
17 44
17 36
17 14
17 42
17 10
17 19
17 28
17 25
17 8
17 41
17 48
17 18
17 43
17 9
21
18 25
18 12
18 27
18 45
18 39
18 19
18 23
18 0
18 47
18 34
18 10
18 13
18 44
18 26
18 4
18 11
18 36
18 40
18 2
18 1
18 43
18
19 7
19 21
19 6
19 36
19 24
19 37
19 22
19 27
19 39
19 10
19 8
19 49
19 35
19 40
19 30
19 32
19 11
19 26
23
20 10
20 21
20 44
20 5
20 42
20 49
20 9
20 4
20 37
20 40
20 43
20 36
20 16
20 0
20 31
20 2
20 17
20 18
20 19
20 23
20 25
20 27
20 33
22
21 3
21 48
21 42
21 23
21 37
21 10
21 28
21 16
21 38
21 45
21 13
21 15
21 1
21 0
21 26
21 31
21 12
21 29
21 5
21 9
21 41
21 7
18
22 36
22 49
22 41
22 11
22 17
22 1
22 34
22 33
22 42
22 30
22 24
22 43
22 14
22 16
22 18
22 45
22 2
22 21
15
23 33
23 29
23 43
23 34
23 8
23 27
23 6
23 45
23 22
23 36
23 4
23 5
23 0
23 12
23 39
18
24 23
24 14
24 9
24 41
24 13
24 21
24 3
24 8
24 47
24 43
24 16
24 2
24 44
24 39
24 33
24 30
24 11
24 18
16
25 9
25 32
25 24
25 38
25 36
25 29
25 19
25 33
25 22
25 27
25 44
25 6
25 49
25 12
25 41
25 4
16
26 36
26 35
26 38
26 49
26 14
26 37
26 20
26 10
26 42
26 39
26 11
26 5
26 40
26 17
26 44
26 23
20
27 44
27 30
27 34
27 21
27 0
27 33
27 36
27 17
27 49
27 35
27 41
27 32
27 31
27 4
27 22
27 13
27 9
27 8
27 16
27 38
20
28 27
28 15
28 30
28 2
28 25
28 24
28 11
28 13
28 48
28 23
28 4
28 20
28 18
28 31
28 34
28 37
28 19
28 26
28 43
28 36
14
29 20
29 22
29 15
29 35
29 6
29 49
29 27
29 3
29 17
29 1
29 46
29 5
29 2
29 12
23
30 29
30 5
30 23
30 10
30 3
30 17
30 16
30 13
30 47
30 26
30 41
30 7
30 25
30 0
30 49
30 20
30 1
30 38
30 4
30 45
30 18
30 35
30 42
20
31 24
31 22
31 49
31 25
31 23
31 30
31 11
31 2
31 9
31 33
31 29
31 38
31 5
31 19
31 48
31 44
31 14
31 34
31 18
31 36
18
32 31
32 45
32 7
32 18
32 3
32 15
32 12
32 21
32 24
32 30
32 29
32 28
32 49
32 37
32 40
32 13
32 0
32 26
20
33 28
33 41
33 36
33 16
33 2
33 34
33 37
33 19
33 7
33 10
33 29
33 32
33 0
33 15
33 39
33 26
33 49
33 18
33 13
33 17
18
34 42
34 32
34 41
34 15
34 19
34 24
34 40
34 11
34 10
34 36
34 4
34 3
34 20
34 47
34 30
34 29
34 16
34 0
23
35 20
35 14
35 4
35 49
35 1
35 15
35 34
35 25
35 7
35 24
35 40
35 33
35 28
35 5
35 18
35 41
35 44
35 21
35 23
35 46
35 2
35 0
35 11
15
36 24
36 11
36 43
36 8
36 47
36 30
36 21
36 32
36 9
36 38
36 7
36 41
36 16
36 45
36 6
21
37 34
37 42
37 38
37 3
37 45
37 25
37 31
37 18
37 0
37 47
37 11
37 15
37 27
37 30
37 43
37 46
37 36
37 12
37 22
37 13
37 16
18
38 45
38 33
38 42
38 11
38 12
38 13
38 9
38 7
38 35
38 39
38 20
38 4
38 1
38 47
38 48
38 32
38 23
38 14
20
39 44
39 48
39 25
39 12
39 37
39 13
39 17
39 1
39 20
39 31
39 8
39 28
39 32
39 30
39 21
39 22
39 42
39 36
39 35
39 27
22
40 3
40 9
40 4
40 17
40 43
40 29
40 41
40 33
40 23
40 31
40 42
40 46
40 2
40 5
40 15
40 37
40 16
40 11
40 30
40 25
40 27
40 39
17
41 28
41 10
41 13
41 39
41 8
41 9
41 16
41 3
41 14
41 18
41 7
41 48
41 1
41 5
41 37
41 6
41 49
19
42 4
42 31
42 24
42 36
42 1
42 0
42 33
42 32
42 23
42 15
42 10
42 28
42 41
42 6
42 35
42 46
42 25
42 19
42 14
17
43 1
43 30
43 41
43 49
43 25
43 45
43 7
43 42
43 26
43 0
43 21
43 33
43 38
43 32
43 29
43 19
43 35
24
44 30
44 48
44 40
44 49
44 29
44 8
44 7
44 28
44 5
44 38
44 0
44 23
44 19
44 10
44 12
44 33
44 9
44 41
44 43
44 36
44 42
44 15
44 47
44 32
27
45 3
45 24
45 40
45 20
45 39
45 25
45 35
45 5
45 7
45 31
45 1
45 16
45 34
45 28
45 29
45 48
45 33
45 26
45 15
45 44
45 42
45 8
45 27
45 9
45 11
45 6
45 49
28
46 24
46 23
46 33
46 19
46 28
46 3
46 27
46 47
46 11
46 20
46 34
46 7
46 43
46 39
46 30
46 41
46 26
46 25
46 17
46 1
46 38
46 31
46 44
46 22
46 14
46 5
46 18
46 21
22
47 7
47 8
47 43
47 4
47 22
47 17
47 31
47 10
47 45
47 0
47 15
47 29
47 32
47 20
47 33
47 42
47 35
47 41
47 39
47 19
47 14
47 1
20
48 37
48 34
48 16
48 33
48 12
48 20
48 2
48 25
48 19
48 36
48 13
48 3
48 26
48 23
48 43
48 29
48 46
48 30
48 18
48 40
15
49 21
49 42
49 34
49 47
49 39
49 28
49 16
49 38
49 23
49 12
49 48
49 24
49 4
49 40
49 36
