50
0 "A47"
1 "A46"
2 "A22"
3 "A23"
4 "A39"
5 "A38"
6 "A34"
7 "A19"
8 "A3"
9 "A10"
10 "A35"
11 "A8"
12 "A21"
13 "A26"
14 "A49"
15 "A41"
16 "A1"
17 "A9"
18 "A30"
19 "A40"
20 "A32"
21 "A5"
22 "A45"
23 "A36"
24 "A4"
25 "A28"
26 "A43"
27 "A15"
28 "A29"
29 "A6"
30 "A11"
31 "A0"
32 "A12"
33 "A37"
34 "A48"
35 "A27"
36 "A44"
37 "A7"
38 "A17"
39 "A18"
40 "A16"
41 "A42"
42 "A2"
43 "A13"
44 "A14"
45 "A20"
46 "A24"
47 "A33"
48 "A25"
49 "A31"
15
0 39
0 18
0 40
0 27
0 1
0 37
0 29
0 46
0 11
0 35
0 49
0 25
0 10
0 42
0 26
21
1 38
1 9
1 19
1 31
1 46
1 35
1 13
1 7
1 36
1 3
1 15
1 28
1 44
1 40
1 39
1 47
1 14
1 41
1 34
1 5
1 49
20
2 34
2 8
2 26
2 47
2 38
2 7
2 46
2 42
2 15
2 43
2 13
2 39
2 35
2 48
2 30
2 21
2 11
2 49
2 5
2 32
25
3 36
3 13
3 31
3 38
3 18
3 19
3 23
3 22
3 20
3 10
3 0
3 37
3 16
3 7
3 47
3 32
3 5
3 48
3 17
3 29
3 40
3 43
3 12
3 41
3 2
20
4 19
4 26
4 48
4 24
4 46
4 44
4 43
4 1
4 7
4 11
4 5
4 10
4 9
4 42
4 29
4 31
4 49
4 16
4 3
4 22
19
5 47
5 0
5 12
5 39
5 27
5 35
5 16
5 40
5 10
5 20
5 28
5 22
5 32
5 13
5 8
5 42
5 43
5 48
5 7
20
6 41
6 39
6 2
6 21
6 33
6 40
6 22
6 28
6 4
6 5
6 14
6 13
6 8
6 3
6 35
6 10
6 18
6 43
6 44
6 16
22
7 6
7 19
7 21
7 28
7 30
7 37
7 48
7 24
7 34
7 45
7 36
7 12
7 39
7 11
7 25
7 8
7 20
7 27
7 0
7 16
7 47
7 15
16
8 46
8 27
8 11
8 29
8 37
8 28
8 41
8 4
8 26
8 12
8 9
8 30
8 44
8 20
8 0
8 24
21
9 11
9 19
9 14
9 12
9 46
9 27
9 28
9 32
9 26
9 5
9 0
9 6
9 36
9 7
9 18
9 13
9 10
9 48
9 42
9 3
9 37
18
10 39
10 14
10 2
10 29
10 36
10 43
10 26
10 13
10 47
10 18
10 31
10 34
10 12
10 30
10 35
10 15
10 27
10 8
19
11 46
11 6
11 30
11 24
11 23
11 39
11 44
11 49
11 47
11 45
11 35
11 40
11 32
11 31
11 1
11 28
11 42
11 5
11 10
23
12 4
12 23
12 49
12 48
12 17
12 0
12 32
12 14
12 46
12 36
12 27
12 19
12 34
12 35
12 16
12 30
12 24
12 37
12 25
12 39
12 45
12 26
12 13
15
13 43
13 49
13 31
13 29
13 30
13 47
13 40
13 11
13 34
13 37
13 18
13 45
13 8
13 46
13 39
23
14 27
14 37
14 28
14 36
14 3
14 4
14 38
14 22
14 19
14 33
14 2
14 17
14 13
14 39
14 25
14 15
14 42
14 7
14 30
14 31
14 44
14 5
14 32
18
15 0
15 11
15 43
15 44
15 38
15 13
15 12
15 27
15 33
15 5
15 17
15 3
15 30
15 20
15 24
15 47
15 6
15 8
23
16 2
16 15
16 13
16 20
16 27
16 0
16 43
16 11
16 47
16 14
16 10
16 32
16 39
16 9
16 35
16 33
16 49
16 18
16 17
16 1
16 26
16 28
16 8
19
17 38
17 7
17 36
17 21
17 0
17 45
17 9
17 4
17 10
17 34
17 5
17 6
17 11
17 19
17 42
17 32
17 33
17 28
17 8
15
18 38
18 40
18 1
18 4
18 35
18 12
18 25
18 37
18 48
18 7
18 17
18 19
18 14
18 24
18 11
15
19 26
19 23
19 34
19 6
19 35
19 40
19 11
19 5
19 27
19 37
19 16
19 45
19 13
19 25
19 15
18
20 27
20 2
20 13
20 45
20 9
20 4
20 1
20 10
20 47
20 42
20 23
20 24
20 0
20 49
20 6
20 36
20 32
20 11
23
21 41
21 46
21 39
21 19
21 3
21 45
21 5
21 9
21 20
21 18
21 23
21 25
21 15
21 10
21 12
21 1
21 8
21 40
21 37
21 35
21 16
21 13
21 29
26
22 0
22 37
22 21
22 12
22 17
22 46
22 20
22 27
22 16
22 8
22 36
22 49
22 15
22 19
22 9
22 31
22 11
22 26
22 28
22 41
22 13
22 32
22 23
22 1
22 18
22 39
23
23 40
23 18
23 24
23 44
23 26
23 0
23 49
23 33
23 9
23 34
23 41
23 14
23 15
23 8
23 10
23 38
23 47
23 7
23 2
23 31
23 39
23 6
23 25
21
24 10
24 3
24 5
24 9
24 22
24 40
24 2
24 36
24 21
24 13
24 29
24 1
24 46
24 33
24 45
24 30
24 43
24 49
24 17
24 14
24 27
16
25 48
25 45
25 20
25 32
25 24
25 2
25 3
25 8
25 1
25 37
25 10
25 16
25 15
25 28
25 34
25 31
20
26 47
26 11
26 15
26 21
26 6
26 36
26 44
26 45
26 20
26 41
26 14
26 29
26 35
26 24
26 3
26 25
26 13
26 17
26 27
26 42
12
27 3
27 36
27 6
27 41
27 34
27 4
27 43
27 47
27 11
27 23
27 13
27 2
22
28 2
28 46
28 3
28 37
28 34
28 12
28 10
28 15
28 0
28 32
28 20
28 33
28 43
28 4
28 13
28 30
28 21
28 44
28 41
28 31
28 29
28 48
24
29 12
29 17
29 34
29 33
29 2
29 23
29 44
29 27
29 46
29 6
29 18
29 1
29 20
29 19
29 41
29 36
29 14
29 5
29 11
29 9
29 25
29 22
29 48
29 32
17
30 18
30 31
30 22
30 25
30 4
30 16
30 1
30 9
30 5
30 21
30 19
30 17
30 49
30 32
30 39
30 23
30 6
21
31 8
31 45
31 20
31 0
31 44
31 35
31 12
31 7
31 16
31 41
31 47
31 2
31 24
31 21
31 34
31 46
31 43
31 17
31 19
31 6
31 32
19
32 21
32 7
32 38
32 47
32 40
32 19
32 8
32 24
32 0
32 39
32 42
32 27
32 4
32 33
32 45
32 44
32 18
32 13
32 10
22
33 10
33 41
33 25
33 18
33 36
33 45
33 2
33 40
33 46
33 7
33 42
33 8
33 11
33 39
33 9
33 30
33 26
33 22
33 44
33 27
33 12
33 20
14
34 14
34 32
34 18
34 30
34 39
34 6
34 44
34 4
34 22
34 3
34 0
34 9
34 40
34 16
20
35 46
35 8
35 36
35 34
35 20
35 27
35 7
35 9
35 38
35 25
35 4
35 44
35 32
35 13
35 23
35 40
35 45
35 24
35 15
35 17
17
36 42
36 11
36 28
36 6
36 45
36 48
36 15
36 38
36 43
36 13
36 41
36 40
36 0
36 16
36 19
36 5
36 46
22
37 29
37 38
37 2
37 31
37 30
37 16
37 1
37 4
37 32
37 27
37 33
37 42
37 15
37 6
37 10
37 39
37 34
37 36
37 11
37 17
37 26
37 35
19
38 34
38 39
38 33
38 27
38 13
38 22
38 21
38 5
38 24
38 12
38 46
38 6
38 19
38 20
38 4
38 41
38 25
38 29
38 11
20
39 29
39 35
39 8
39 40
39 18
39 46
39 19
39 24
39 28
39 27
39 17
39 44
39 31
39 47
39 42
39 45
39 25
39 36
39 41
39 20
18
40 38
40 20
40 4
40 17
40 43
40 41
40 37
40 16
40 2
40 26
40 45
40 42
40 14
40 8
40 27
40 25
40 31
40 29
17
41 25
41 13
41 11
41 30
41 17
41 0
41 37
41 18
41 10
41 34
41 48
41 7
41 9
41 2
41 5
41 35
41 19
17
42 7
42 8
42 21
42 31
42 48
42 28
42 29
42 44
42 6
42 18
42 25
42 22
42 27
42 23
42 10
42 45
42 13
20
43 1
43 35
43 21
43 22
43 11
43 47
43 19
43 20
43 33
43 38
43 39
43 12
43 41
43 8
43 29
43 14
43 7
43 17
43 45
43 18
22
44 37
44 41
44 36
44 20
44 3
44 9
44 24
44 47
44 46
44 25
44 27
44 13
44 17
44 18
44 16
44 5
44 7
44 43
44 30
44 10
44 0
44 22
26
45 27
45 10
45 9
45 49
45 4
45 3
45 28
45 38
45 29
45 8
45 18
45 0
45 22
45 46
45 30
45 34
45 15
45 23
45 1
45 16
45 41
45 2
45 5
45 44
45 14
45 48
14
46 30
46 32
46 34
46 40
46 27
46 20
46 37
46 49
46 10
46 15
46 19
46 7
46 43
46 5
19
47 40
47 42
47 45
47 49
47 6
47 36
47 21
47 0
47 41
47 24
47 37
47 35
47 17
47 8
47 48
47 25
47 46
47 14
47 34
25
48 23
48 0
48 26
48 35
48 39
48 27
48 13
48 24
48 43
48 16
48 14
48 17
48 46
48 33
48 34
48 30
48 19
48 31
48 38
48 10
48 49
48 1
48 11
48 21
48 32
19
49 42
49 38
49 40
49 8
49 14
49 27
49 28
49 7
49 34
49 37
49 17
49 33
49 35
49 36
49 21
49 44
49 26
49 15
49 41
