50
0 "A6"
1 "A17"
2 "A16"
3 "A45"
4 "A38"
5 "A21"
6 "A43"
7 "A8"
8 "A10"
9 "A46"
10 "A31"
11 "A24"
12 "A29"
13 "A37"
14 "A1"
15 "A25"
16 "A33"
17 "A20"
18 "A19"
19 "A3"
20 "A12"
21 "A42"
22 "A48"
23 "A18"
24 "A22"
25 "A39"
26 "A40"
27 "A27"
28 "A44"
29 "A0"
30 "A30"
31 "A14"
32 "A32"
33 "A2"
34 "A4"
35 "A26"
36 "A41"
37 "A35"
38 "A36"
39 "A9"
40 "A13"
41 "A49"
42 "A11"
43 "A23"
44 "A5"
45 "A15"
46 "A34"
47 "A47"
48 "A28"
49 "A7"
19
0 6
0 33
0 23
0 20
0 15
0 37
0 18
0 1
0 3
0 21
0 47
0 10
0 2
0 17
0 24
0 4
0 34
0 14
0 29
17
1 3
1 38
1 12
1 27
1 30
1 13
1 26
1 8
1 11
1 18
1 19
1 39
1 10
1 20
1 33
1 43
1 28
21
2 10
2 19
2 11
2 32
2 42
2 44
2 18
2 26
2 29
2 48
2 30
2 47
2 43
2 46
2 22
2 25
2 24
2 12
2 41
2 4
2 39
18
3 31
3 44
3 46
3 2
3 34
3 41
3 14
3 32
3 35
3 19
3 36
3 40
3 37
3 15
3 7
3 18
3 30
3 16
18
4 11
4 41
4 25
4 7
4 22
4 14
4 15
4 31
4 48
4 47
4 12
4 13
4 43
4 20
4 38
4 44
4 37
4 36
20
5 19
5 37
5 30
5 33
5 25
5 41
5 26
5 0
5 21
5 14
5 10
5 34
5 23
5 15
5 20
5 29
5 45
5 1
5 2
5 24
22
6 42
6 2
6 4
6 32
6 11
6 48
6 36
6 7
6 12
6 23
6 46
6 30
6 38
6 41
6 16
6 49
6 25
6 9
6 40
6 22
6 43
6 3
18
7 41
7 26
7 10
7 42
7 18
7 25
7 44
7 17
7 0
7 36
7 30
7 1
7 21
7 32
7 39
7 27
7 13
7 24
23
8 31
8 2
8 43
8 11
8 6
8 40
8 5
8 45
8 46
8 7
8 18
8 35
8 0
8 48
8 17
8 47
8 22
8 36
8 9
8 10
8 4
8 34
8 14
24
9 1
9 13
9 14
9 25
9 18
9 36
9 22
9 0
9 40
9 17
9 41
9 44
9 5
9 4
9 2
9 32
9 38
9 19
9 29
9 39
9 15
9 7
9 35
9 21
18
10 39
10 38
10 32
10 11
10 20
10 17
10 47
10 21
10 29
10 9
10 16
10 35
10 22
10 40
10 42
10 23
10 6
10 13
19
11 0
11 20
11 46
11 32
11 25
11 12
11 34
11 26
11 3
11 39
11 43
11 17
11 49
11 31
11 41
11 47
11 21
11 7
11 13
17
12 21
12 13
12 28
12 38
12 33
12 14
12 47
12 40
12 9
12 49
12 7
12 39
12 8
12 16
12 5
12 35
12 32
21
13 39
13 6
13 43
13 19
13 30
13 42
13 21
13 0
13 45
13 22
13 46
13 32
13 8
13 48
13 33
13 44
13 3
13 16
13 20
13 2
13 28
21
14 31
14 41
14 16
14 27
14 49
14 15
14 39
14 32
14 6
14 35
14 1
14 25
14 2
14 13
14 46
14 43
14 42
14 45
14 10
14 7
14 11
22
15 33
15 40
15 49
15 27
15 12
15 11
15 6
15 21
15 48
15 13
15 7
15 34
15 32
15 45
15 35
15 36
15 10
15 38
15 30
15 22
15 47
15 2
17
16 30
16 9
16 18
16 2
16 4
16 1
16 23
16 28
16 32
16 5
16 0
16 21
16 38
16 35
16 15
16 48
16 7
21
17 26
17 25
17 28
17 13
17 31
17 16
17 49
17 15
17 48
17 2
17 29
17 4
17 14
17 36
17 34
17 21
17 20
17 3
17 18
17 6
17 37
15
18 47
18 19
18 26
18 23
18 32
18 4
18 5
18 35
18 43
18 21
18 48
18 14
18 13
18 12
18 49
18
19 6
19 8
19 4
19 0
19 41
19 7
19 44
19 26
19 11
19 15
19 33
19 17
19 14
19 23
19 31
19 28
19 34
19 49
19
20 34
20 2
20 18
20 16
20 21
20 3
20 15
20 9
20 12
20 19
20 22
20 8
20 14
20 24
20 28
20 29
20 30
20 38
20 26
12
21 14
21 37
21 19
21 47
21 35
21 6
21 24
21 42
21 27
21 8
21 49
21 34
14
22 7
22 0
22 27
22 36
22 24
22 34
22 38
22 31
22 25
22 17
22 23
22 21
22 30
22 19
24
23 11
23 9
23 44
23 42
23 35
23 37
23 15
23 47
23 14
23 20
23 3
23 39
23 21
23 8
23 27
23 17
23 30
23 43
23 46
23 31
23 13
23 12
23 7
23 2
22
24 27
24 29
24 28
24 16
24 9
24 23
24 25
24 41
24 38
24 10
24 4
24 19
24 14
24 13
24 8
24 15
24 42
24 37
24 36
24 18
24 12
24 46
19
25 49
25 29
25 32
25 21
25 47
25 10
25 16
25 34
25 15
25 36
25 19
25 1
25 20
25 3
25 8
25 46
25 18
25 12
25 28
22
26 45
26 14
26 38
26 25
26 0
26 42
26 23
26 8
26 24
26 44
26 22
26 40
26 6
26 4
26 9
26 13
26 39
26 27
26 34
26 10
26 30
26 3
16
27 35
27 29
27 13
27 0
27 36
27 43
27 18
27 8
27 4
27 3
27 38
27 12
27 2
27 47
27 19
27 44
22
28 7
28 36
28 5
28 11
28 32
28 4
28 26
28 3
28 33
28 29
28 35
28 23
28 27
28 22
28 48
28 46
28 8
28 10
28 45
28 0
28 42
28 15
18
29 41
29 22
29 21
29 31
29 47
29 35
29 7
29 26
29 42
29 18
29 23
29 43
29 12
29 3
29 39
29 49
29 8
29 1
18
30 29
30 0
30 21
30 8
30 14
30 25
30 39
30 35
30 31
30 28
30 18
30 17
30 11
30 41
30 12
30 10
30 24
30 44
22
31 25
31 16
31 6
31 13
31 47
31 28
31 10
31 12
31 26
31 1
31 37
31 39
31 32
31 21
31 35
31 9
31 38
31 20
31 27
31 33
31 15
31 5
17
32 29
32 39
32 23
32 17
32 45
32 26
32 48
32 1
32 4
32 21
32 41
32 20
32 30
32 8
32 44
32 19
32 0
23
33 3
33 7
33 44
33 25
33 6
33 48
33 23
33 21
33 29
33 27
33 9
33 18
33 11
33 47
33 42
33 34
33 30
33 16
33 10
33 20
33 17
33 45
33 8
16
34 16
34 28
34 30
34 36
34 29
34 46
34 48
34 37
34 42
34 40
34 10
34 47
34 7
34 44
34 18
34 32
17
35 0
35 34
35 26
35 17
35 41
35 13
35 46
35 20
35 25
35 39
35 33
35 22
35 4
35 11
35 44
35 45
35 7
20
36 0
36 40
36 21
36 44
36 14
36 31
36 47
36 16
36 19
36 39
36 26
36 1
36 11
36 30
36 12
36 18
36 29
36 20
36 23
36 49
24
37 8
37 41
37 26
37 1
37 42
37 9
37 20
37 6
37 11
37 48
37 22
37 15
37 18
37 46
37 49
37 28
37 27
37 14
37 29
37 40
37 13
37 10
37 47
37 32
23
38 25
38 17
38 49
38 0
38 8
38 14
38 19
38 41
38 35
38 30
38 3
38 11
38 7
38 13
38 23
38 29
38 2
38 48
38 18
38 5
38 39
38 42
38 37
16
39 21
39 8
39 27
39 48
39 6
39 22
39 4
39 17
39 20
39 24
39 45
39 40
39 5
39 18
39 43
39 34
24
40 41
40 45
40 17
40 25
40 2
40 32
40 14
40 18
40 35
40 38
40 22
40 0
40 49
40 1
40 33
40 20
40 31
40 4
40 44
40 27
40 19
40 11
40 16
40 23
17
41 12
41 31
41 20
41 28
41 15
41 44
41 10
41 47
41 21
41 34
41 23
41 27
41 39
41 36
41 1
41 8
41 16
17
42 32
42 41
42 4
42 9
42 35
42 5
42 31
42 11
42 16
42 30
42 40
42 39
42 36
42 44
42 12
42 22
42 3
28
43 41
43 42
43 16
43 47
43 33
43 21
43 40
43 48
43 45
43 15
43 31
43 34
43 5
43 10
43 44
43 30
43 26
43 3
43 0
43 38
43 22
43 36
43 46
43 25
43 35
43 19
43 12
43 17
16
44 31
44 8
44 12
44 11
44 20
44 5
44 39
44 38
44 47
44 1
44 15
44 21
44 25
44 0
44 10
44 29
23
45 2
45 22
45 46
45 44
45 27
45 29
45 4
45 9
45 0
45 23
45 37
45 19
45 17
45 12
45 42
45 6
45 10
45 21
45 38
45 18
45 36
45 24
45 41
20
46 36
46 9
46 15
46 22
46 12
46 19
46 18
46 38
46 39
46 44
46 5
46 4
46 30
46 26
46 41
46 1
46 42
46 0
46 20
46 17
15
47 1
47 24
47 26
47 19
47 5
47 32
47 39
47 38
47 17
47 22
47 48
47 13
47 45
47 9
47 30
24
48 9
48 10
48 23
48 20
48 11
48 36
48 21
48 27
48 49
48 46
48 25
48 31
48 22
48 5
48 35
48 30
48 1
48 45
48 24
48 29
48 40
48 14
48 12
48 19
23
49 3
49 43
49 32
49 30
49 26
49 4
49 9
49 27
49 24
49 28
49 41
49 16
49 31
49 23
49 46
49 39
49 13
49 34
49 20
49 33
49 45
49 44
49 47
