50
0 "A6"
1 "A17"
2 "A16"
3 "A45"
4 "A38"
5 "A21"
6 "A43"
7 "A8"
8 "A10"
9 "A46"
10 "A31"
11 "A24"
12 "A29"
13 "A37"
14 "A1"
15 "A25"
16 "A33"
17 "A20"
18 "A19"
19 "A3"
20 "A12"
21 "A42"
22 "A48"
23 "A18"
24 "A22"
25 "A39"
26 "A40"
27 "A27"
28 "A44"
29 "A0"
30 "A30"
31 "A14"
32 "A32"
33 "A2"
34 "A4"
35 "A26"
36 "A41"
37 "A35"
38 "A36"
39 "A9"
40 "A13"
41 "A49"
42 "A11"
43 "A23"
44 "A5"
45 "A15"
46 "A34"
47 "A47"
48 "A28"
49 "A7"
11
0 5
0 26
0 9
0 25
0 19
0 12
0 43
0 21
0 37
0 44
0 10
23
1 3
1 12
1 25
1 48
1 11
1 21
1 18
1 16
1 37
1 32
1 23
1 2
1 43
1 44
1 29
1 45
1 38
1 42
1 22
1 47
1 10
1 26
1 4
25
2 0
2 27
2 6
2 22
2 16
2 5
2 20
2 7
2 21
2 8
2 12
2 34
2 47
2 44
2 11
2 29
2 45
2 10
2 49
2 9
2 17
2 13
2 3
2 31
2 40
12
3 35
3 4
3 29
3 28
3 26
3 30
3 32
3 18
3 21
3 5
3 6
3 0
20
4 25
4 33
4 0
4 28
4 9
4 12
4 15
4 11
4 24
4 6
4 38
4 5
4 27
4 10
4 49
4 17
4 19
4 40
4 18
4 2
19
5 38
5 8
5 24
5 13
5 9
5 29
5 11
5 20
5 1
5 15
5 21
5 22
5 40
5 45
5 14
5 6
5 33
5 23
5 39
22
6 14
6 24
6 47
6 23
6 15
6 22
6 1
6 43
6 27
6 40
6 34
6 12
6 21
6 0
6 44
6 26
6 42
6 17
6 37
6 41
6 29
6 18
20
7 27
7 48
7 4
7 18
7 0
7 47
7 38
7 24
7 46
7 16
7 41
7 20
7 6
7 23
7 15
7 14
7 17
7 37
7 31
7 8
16
8 11
8 20
8 45
8 43
8 44
8 38
8 48
8 36
8 10
8 26
8 33
8 29
8 16
8 6
8 9
8 35
15
9 21
9 46
9 6
9 49
9 35
9 18
9 15
9 22
9 28
9 1
9 20
9 44
9 10
9 33
9 37
13
10 42
10 7
10 39
10 38
10 12
10 27
10 32
10 26
10 23
10 37
10 6
10 15
10 17
19
11 7
11 30
11 6
11 33
11 28
11 32
11 25
11 23
11 46
11 0
11 41
11 42
11 34
11 10
11 12
11 13
11 3
11 20
11 29
15
12 35
12 37
12 21
12 13
12 33
12 31
12 8
12 30
12 32
12 5
12 46
12 29
12 9
12 19
12 27
27
13 39
13 15
13 33
13 16
13 9
13 28
13 25
13 22
13 43
13 24
13 31
13 8
13 3
13 46
13 1
13 49
13 32
13 36
13 27
13 14
13 42
13 7
13 18
13 26
13 0
13 47
13 35
21
14 27
14 25
14 45
14 29
14 12
14 1
14 35
14 2
14 43
14 49
14 17
14 47
14 19
14 41
14 11
14 26
14 3
14 44
14 40
14 22
14 46
18
15 37
15 3
15 23
15 1
15 26
15 2
15 28
15 34
15 14
15 12
15 22
15 46
15 47
15 39
15 33
15 8
15 45
15 21
13
16 3
16 46
16 22
16 38
16 11
16 37
16 15
16 35
16 14
16 45
16 29
16 5
16 18
25
17 23
17 9
17 11
17 24
17 42
17 44
17 43
17 8
17 46
17 38
17 5
17 47
17 35
17 26
17 3
17 27
17 28
17 40
17 39
17 19
17 41
17 12
17 13
17 22
17 21
19
18 48
18 41
18 2
18 11
18 23
18 22
18 17
18 14
18 42
18 19
18 43
18 32
18 30
18 40
18 45
18 12
18 8
18 28
18 0
23
19 39
19 10
19 5
19 15
19 28
19 43
19 8
19 3
19 46
19 20
19 27
19 6
19 35
19 23
19 41
19 24
19 1
19 9
19 45
19 16
19 29
19 49
19 42
23
20 17
20 15
20 22
20 16
20 44
20 25
20 41
20 14
20 21
20 1
20 29
20 33
20 34
20 6
20 13
20 42
20 23
20 10
20 40
20 31
20 28
20 12
20 48
15
21 46
21 14
21 39
21 7
21 23
21 29
21 40
21 18
21 41
21 4
21 45
21 8
21 47
21 38
21 28
22
22 21
22 28
22 37
22 39
22 27
22 29
22 44
22 12
22 0
22 23
22 45
22 35
22 8
22 33
22 10
22 19
22 49
22 4
22 34
22 47
22 43
22 25
18
23 31
23 39
23 29
23 28
23 34
23 38
23 41
23 0
23 8
23 13
23 45
23 26
23 49
23 37
23 48
23 4
23 9
23 30
21
24 44
24 40
24 27
24 16
24 18
24 34
24 14
24 10
24 3
24 43
24 20
24 21
24 11
24 8
24 23
24 47
24 22
24 12
24 15
24 48
24 9
23
25 2
25 48
25 7
25 39
25 36
25 30
25 3
25 44
25 17
25 16
25 5
25 10
25 18
25 37
25 34
25 42
25 38
25 35
25 47
25 29
25 24
25 15
25 8
15
26 47
26 48
26 28
26 39
26 12
26 20
26 38
26 24
26 25
26 44
26 16
26 2
26 45
26 33
26 18
21
27 38
27 48
27 23
27 15
27 28
27 25
27 11
27 9
27 37
27 5
27 36
27 42
27 8
27 21
27 41
27 3
27 35
27 20
27 44
27 1
27 0
14
28 0
28 10
28 32
28 34
28 16
28 30
28 7
28 12
28 41
28 5
28 1
28 31
28 14
28 24
17
29 48
29 32
29 17
29 10
29 46
29 28
29 27
29 34
29 40
29 45
29 41
29 44
29 43
29 33
29 15
29 7
29 0
28
30 6
30 27
30 26
30 13
30 38
30 21
30 19
30 2
30 10
30 15
30 29
30 5
30 4
30 22
30 34
30 20
30 1
30 37
30 33
30 16
30 45
30 17
30 48
30 49
30 40
30 43
30 24
30 46
21
31 24
31 22
31 17
31 41
31 16
31 14
31 1
31 27
31 32
31 10
31 11
31 26
31 3
31 40
31 9
31 8
31 47
31 19
31 30
31 43
31 5
18
32 15
32 2
32 4
32 25
32 8
32 36
32 16
32 48
32 19
32 27
32 5
32 22
32 24
32 20
32 21
32 17
32 26
32 49
20
33 34
33 32
33 7
33 40
33 28
33 44
33 1
33 17
33 47
33 18
33 0
33 14
33 46
33 3
33 36
33 24
33 23
33 25
33 45
33 6
17
34 44
34 19
34 21
34 18
34 3
34 1
34 41
34 32
34 4
34 45
34 26
34 14
34 0
34 13
34 31
34 9
34 36
22
35 1
35 37
35 47
35 2
35 4
35 38
35 48
35 42
35 33
35 24
35 31
35 23
35 6
35 20
35 44
35 29
35 43
35 18
35 30
35 34
35 45
35 32
24
36 5
36 16
36 31
36 44
36 49
36 1
36 35
36 21
36 6
36 11
36 19
36 15
36 7
36 9
36 43
36 39
36 28
36 14
36 29
36 18
36 24
36 42
36 0
36 23
20
37 31
37 17
37 19
37 40
37 38
37 8
37 47
37 46
37 34
37 33
37 43
37 3
37 13
37 20
37 44
37 21
37 2
37 24
37 36
37 32
23
38 12
38 6
38 13
38 29
38 40
38 19
38 15
38 20
38 2
38 48
38 31
38 42
38 39
38 43
38 0
38 32
38 28
38 14
38 33
38 18
38 3
38 34
38 44
25
39 6
39 29
39 12
39 0
39 33
39 3
39 42
39 35
39 2
39 44
39 20
39 28
39 45
39 30
39 37
39 49
39 14
39 27
39 1
39 4
39 40
39 9
39 34
39 8
39 24
17
40 15
40 32
40 46
40 16
40 19
40 8
40 42
40 23
40 9
40 44
40 47
40 35
40 22
40 36
40 25
40 26
40 10
23
41 30
41 2
41 9
41 8
41 33
41 43
41 16
41 3
41 10
41 47
41 4
41 39
41 46
41 22
41 38
41 12
41 49
41 25
41 13
41 5
41 40
41 15
41 0
22
42 24
42 44
42 43
42 2
42 28
42 26
42 32
42 16
42 5
42 9
42 45
42 49
42 23
42 3
42 22
42 48
42 34
42 14
42 33
42 41
42 29
42 15
16
43 28
43 45
43 9
43 26
43 48
43 4
43 44
43 12
43 49
43 11
43 15
43 20
43 27
43 2
43 40
43 34
14
44 45
44 31
44 15
44 12
44 5
44 30
44 48
44 23
44 28
44 3
44 11
44 21
44 41
44 16
20
45 28
45 12
45 27
45 10
45 13
45 11
45 41
45 7
45 48
45 3
45 31
45 40
45 4
45 36
45 9
45 24
45 17
45 32
45 46
45 20
22
46 36
46 25
46 26
46 39
46 18
46 1
46 10
46 2
46 31
46 34
46 42
46 8
46 27
46 0
46 6
46 5
46 20
46 24
46 22
46 44
46 28
46 23
22
47 28
47 42
47 4
47 49
47 45
47 9
47 27
47 23
47 39
47 19
47 8
47 16
47 3
47 43
47 34
47 11
47 5
47 46
47 38
47 30
47 10
47 0
16
48 12
48 11
48 36
48 46
48 21
48 9
48 14
48 0
48 2
48 39
48 28
48 15
48 37
48 5
48 17
48 3
25
49 1
49 5
49 16
49 34
49 24
49 21
49 18
49 25
49 10
49 38
49 27
49 12
49 26
49 28
49 46
49 33
49 15
49 20
49 7
49 29
49 40
49 6
49 37
49 8
49 44
