50
0 "A6"
1 "A17"
2 "A16"
3 "A45"
4 "A38"
5 "A21"
6 "A43"
7 "A8"
8 "A10"
9 "A46"
10 "A31"
11 "A24"
12 "A29"
13 "A37"
14 "A1"
15 "A25"
16 "A33"
17 "A20"
18 "A19"
19 "A3"
20 "A12"
21 "A42"
22 "A48"
23 "A18"
24 "A22"
25 "A39"
26 "A40"
27 "A27"
28 "A44"
29 "A0"
30 "A30"
31 "A14"
32 "A32"
33 "A2"
34 "A4"
35 "A26"
36 "A41"
37 "A35"
38 "A36"
39 "A9"
40 "A13"
41 "A49"
42 "A11"
43 "A23"
44 "A5"
45 "A15"
46 "A34"
47 "A47"
48 "A28"
49 "A7"
17
0 43
0 28
0 9
0 46
0 20
0 6
0 2
0 39
0 11
0 36
0 5
0 16
0 29
0 25
0 8
0 10
0 18
16
1 12
1 29
1 33
1 7
1 39
1 19
1 21
1 31
1 40
1 37
1 8
1 45
1 32
1 23
1 25
1 44
18
2 5
2 38
2 43
2 11
2 41
2 10
2 34
2 49
2 27
2 30
2 7
2 24
2 16
2 46
2 28
2 21
2 25
2 40
21
3 10
3 15
3 27
3 5
3 0
3 37
3 38
3 36
3 6
3 47
3 4
3 13
3 19
3 30
3 32
3 2
3 1
3 49
3 14
3 39
3 20
23
4 17
4 48
4 9
4 43
4 30
4 37
4 2
4 6
4 14
4 1
4 0
4 36
4 32
4 25
4 15
4 28
4 44
4 16
4 5
4 42
4 22
4 38
4 26
18
5 19
5 34
5 13
5 17
5 31
5 36
5 8
5 47
5 41
5 16
5 37
5 39
5 43
5 45
5 21
5 1
5 11
5 20
18
6 29
6 39
6 48
6 31
6 44
6 8
6 2
6 20
6 40
6 28
6 14
6 36
6 33
6 10
6 34
6 38
6 1
6 18
15
7 17
7 40
7 12
7 41
7 20
7 5
7 19
7 48
7 45
7 42
7 4
7 3
7 29
7 0
7 16
22
8 20
8 46
8 45
8 42
8 3
8 27
8 7
8 25
8 44
8 28
8 41
8 12
8 33
8 15
8 38
8 17
8 11
8 2
8 13
8 14
8 18
8 30
25
9 27
9 21
9 25
9 31
9 46
9 41
9 13
9 38
9 5
9 8
9 3
9 17
9 35
9 34
9 36
9 1
9 49
9 32
9 19
9 11
9 33
9 2
9 44
9 37
9 12
18
10 27
10 14
10 39
10 19
10 24
10 15
10 4
10 9
10 5
10 8
10 21
10 34
10 23
10 22
10 40
10 48
10 1
10 7
18
11 13
11 30
11 33
11 21
11 32
11 12
11 29
11 10
11 19
11 14
11 6
11 46
11 23
11 31
11 24
11 7
11 4
11 26
17
12 4
12 23
12 29
12 47
12 19
12 33
12 5
12 34
12 41
12 48
12 26
12 17
12 0
12 10
12 37
12 13
12 22
25
13 32
13 20
13 7
13 46
13 6
13 34
13 2
13 45
13 0
13 39
13 43
13 44
13 28
13 36
13 10
13 29
13 4
13 26
13 38
13 49
13 33
13 30
13 21
13 48
13 25
24
14 9
14 13
14 16
14 28
14 48
14 20
14 44
14 0
14 32
14 47
14 1
14 46
14 2
14 33
14 39
14 7
14 25
14 29
14 26
14 36
14 34
14 17
14 37
14 12
22
15 2
15 17
15 28
15 25
15 44
15 12
15 7
15 0
15 23
15 9
15 11
15 21
15 14
15 30
15 41
15 43
15 6
15 34
15 47
15 22
15 26
15 1
19
16 9
16 15
16 13
16 28
16 30
16 27
16 41
16 6
16 23
16 49
16 1
16 43
16 12
16 24
16 26
16 10
16 21
16 17
16 33
19
17 36
17 31
17 30
17 2
17 20
17 33
17 49
17 26
17 41
17 19
17 42
17 1
17 24
17 27
17 10
17 11
17 18
17 29
17 46
20
18 23
18 44
18 42
18 10
18 22
18 32
18 12
18 11
18 26
18 14
18 7
18 48
18 2
18 13
18 45
18 36
18 16
18 41
18 38
18 49
13
19 36
19 8
19 47
19 6
19 34
19 26
19 39
19 15
19 0
19 27
19 37
19 2
19 21
24
20 19
20 10
20 33
20 23
20 34
20 9
20 43
20 35
20 15
20 4
20 16
20 40
20 26
20 38
20 46
20 1
20 44
20 48
20 41
20 25
20 30
20 18
20 24
20 22
22
21 44
21 36
21 38
21 43
21 27
21 20
21 35
21 26
21 28
21 30
21 34
21 42
21 41
21 40
21 3
21 0
21 18
21 14
21 47
21 33
21 7
21 37
23
22 43
22 24
22 41
22 33
22 13
22 32
22 36
22 30
22 38
22 0
22 23
22 9
22 19
22 11
22 3
22 16
22 21
22 8
22 5
22 14
22 26
22 40
22 45
22
23 34
23 31
23 5
23 25
23 38
23 13
23 8
23 41
23 39
23 19
23 6
23 7
23 46
23 4
23 49
23 3
23 17
23 2
23 21
23 48
23 28
23 43
17
24 44
24 43
24 1
24 15
24 45
24 4
24 18
24 29
24 46
24 28
24 7
24 8
24 32
24 23
24 34
24 21
24 47
16
25 17
25 32
25 12
25 34
25 33
25 35
25 3
25 18
25 24
25 6
25 30
25 28
25 19
25 21
25 27
25 5
14
26 0
26 9
26 30
26 42
26 33
26 7
26 23
26 24
26 49
26 8
26 2
26 3
26 10
26 1
23
27 44
27 48
27 11
27 41
27 0
27 43
27 14
27 6
27 13
27 24
27 23
27 31
27 4
27 20
27 47
27 46
27 45
27 49
27 26
27 35
27 34
27 7
27 42
17
28 11
28 38
28 7
28 36
28 39
28 32
28 5
28 22
28 18
28 10
28 12
28 27
28 19
28 34
28 33
28 43
28 1
19
29 25
29 38
29 15
29 30
29 16
29 32
29 23
29 10
29 4
29 33
29 19
29 22
29 26
29 45
29 18
29 39
29 20
29 21
29 43
18
30 6
30 18
30 47
30 10
30 23
30 33
30 19
30 31
30 46
30 1
30 43
30 7
30 36
30 9
30 44
30 35
30 12
30 38
26
31 45
31 21
31 41
31 19
31 14
31 46
31 3
31 42
31 44
31 48
31 18
31 4
31 2
31 20
31 26
31 33
31 32
31 10
31 13
31 25
31 38
31 16
31 39
31 8
31 29
31 7
17
32 15
32 16
32 17
32 2
32 42
32 33
32 38
32 0
32 26
32 39
32 23
32 21
32 12
32 20
32 46
32 7
32 10
13
33 43
33 27
33 48
33 10
33 24
33 15
33 49
33 23
33 34
33 41
33 18
33 45
33 2
17
34 11
34 45
34 8
34 1
34 30
34 44
34 26
34 4
34 46
34 36
34 29
34 31
34 18
34 35
34 37
34 47
34 0
25
35 33
35 2
35 6
35 22
35 13
35 41
35 29
35 23
35 1
35 4
35 3
35 36
35 8
35 31
35 28
35 11
35 43
35 10
35 17
35 16
35 7
35 40
35 38
35 5
35 14
21
36 25
36 2
36 31
36 16
36 12
36 7
36 44
36 32
36 26
36 1
36 23
36 8
36 20
36 11
36 42
36 45
36 33
36 37
36 43
36 10
36 39
21
37 45
37 35
37 23
37 10
37 28
37 22
37 44
37 38
37 29
37 33
37 13
37 42
37 8
37 49
37 0
37 11
37 32
37 25
37 47
37 6
37 20
22
38 49
38 26
38 48
38 45
38 25
38 27
38 15
38 41
38 43
38 14
38 39
38 17
38 36
38 16
38 1
38 10
38 19
38 24
38 33
38 5
38 7
38 34
18
39 44
39 12
39 4
39 24
39 11
39 7
39 25
39 21
39 49
39 17
39 9
39 16
39 27
39 33
39 15
39 2
39 43
39 20
19
40 8
40 0
40 31
40 32
40 9
40 23
40 33
40 13
40 38
40 48
40 16
40 37
40 44
40 43
40 15
40 41
40 3
40 12
40 26
22
41 4
41 30
41 46
41 37
41 13
41 49
41 3
41 24
41 28
41 19
41 48
41 34
41 11
41 39
41 6
41 36
41 29
41 32
41 1
41 44
41 26
41 14
24
42 30
42 28
42 38
42 47
42 19
42 6
42 11
42 43
42 10
42 35
42 13
42 48
42 22
42 23
42 41
42 29
42 12
42 25
42 20
42 15
42 16
42 39
42 49
42 40
16
43 12
43 19
43 17
43 7
43 46
43 3
43 18
43 41
43 47
43 8
43 9
43 37
43 14
43 34
43 32
43 10
15
44 16
44 10
44 38
44 22
44 28
44 23
44 42
44 43
44 25
44 5
44 26
44 33
44 7
44 35
44 2
19
45 3
45 23
45 47
45 9
45 11
45 43
45 42
45 10
45 40
45 12
45 20
45 6
45 19
45 46
45 25
45 28
45 0
45 15
45 32
19
46 42
46 25
46 5
46 38
46 39
46 21
46 26
46 40
46 36
46 22
46 6
46 28
46 44
46 4
46 18
46 15
46 16
46 49
46 19
22
47 35
47 22
47 6
47 1
47 9
47 33
47 0
47 20
47 46
47 7
47 26
47 41
47 17
47 10
47 31
47 29
47 49
47 13
47 39
47 23
47 16
47 28
16
48 24
48 37
48 26
48 30
48 44
48 9
48 5
48 35
48 46
48 19
48 39
48 8
48 43
48 2
48 29
48 21
25
49 44
49 8
49 48
49 22
49 43
49 31
49 10
49 35
49 45
49 29
49 0
49 4
49 11
49 6
49 32
49 21
49 24
49 7
49 25
49 30
49 28
49 19
49 36
49 20
49 34
