50
0 "A6"
1 "A17"
2 "A16"
3 "A45"
4 "A38"
5 "A21"
6 "A43"
7 "A8"
8 "A10"
9 "A46"
10 "A31"
11 "A24"
12 "A29"
13 "A37"
14 "A1"
15 "A25"
16 "A33"
17 "A20"
18 "A19"
19 "A3"
20 "A12"
21 "A42"
22 "A48"
23 "A18"
24 "A22"
25 "A39"
26 "A40"
27 "A27"
28 "A44"
29 "A0"
30 "A30"
31 "A14"
32 "A32"
33 "A2"
34 "A4"
35 "A26"
36 "A41"
37 "A35"
38 "A36"
39 "A9"
40 "A13"
41 "A49"
42 "A11"
43 "A23"
44 "A5"
45 "A15"
46 "A34"
47 "A47"
48 "A28"
49 "A7"
15
0 41
0 22
0 18
0 26
0 44
0 19
0 14
0 6
0 16
0 24
0 40
0 30
0 15
0 23
0 20
20
1 47
1 32
1 30
1 26
1 45
1 0
1 4
1 46
1 5
1 37
1 31
1 27
1 7
1 35
1 49
1 40
1 42
1 43
1 12
1 28
24
2 10
2 11
2 48
2 28
2 24
2 43
2 12
2 37
2 20
2 3
2 5
2 26
2 9
2 38
2 1
2 23
2 41
2 45
2 21
2 13
2 29
2 49
2 36
2 19
16
3 42
3 0
3 26
3 24
3 20
3 35
3 13
3 34
3 8
3 28
3 27
3 39
3 15
3 4
3 22
3 14
18
4 16
4 23
4 31
4 44
4 20
4 15
4 22
4 47
4 17
4 28
4 42
4 11
4 10
4 30
4 37
4 18
4 2
4 35
19
5 44
5 32
5 47
5 49
5 4
5 28
5 15
5 9
5 38
5 24
5 37
5 41
5 39
5 35
5 23
5 29
5 0
5 8
5 18
17
6 23
6 12
6 22
6 33
6 31
6 25
6 19
6 13
6 26
6 14
6 27
6 46
6 32
6 7
6 9
6 48
6 47
16
7 14
7 30
7 19
7 36
7 41
7 49
7 33
7 9
7 20
7 32
7 16
7 43
7 3
7 17
7 10
7 28
23
8 17
8 43
8 49
8 26
8 29
8 7
8 11
8 0
8 20
8 4
8 45
8 15
8 12
8 34
8 35
8 41
8 38
8 2
8 30
8 36
8 6
8 18
8 14
23
9 31
9 4
9 13
9 8
9 36
9 22
9 19
9 38
9 0
9 29
9 35
9 15
9 12
9 33
9 25
9 18
9 41
9 37
9 24
9 21
9 3
9 17
9 16
24
10 44
10 37
10 20
10 41
10 5
10 13
10 40
10 22
10 33
10 49
10 15
10 25
10 45
10 3
10 9
10 1
10 27
10 14
10 43
10 8
10 12
10 36
10 0
10 21
15
11 3
11 19
11 38
11 0
11 5
11 42
11 15
11 13
11 28
11 43
11 47
11 32
11 41
11 23
11 1
17
12 37
12 33
12 16
12 18
12 3
12 38
12 32
12 4
12 43
12 42
12 19
12 35
12 21
12 28
12 5
12 30
12 29
14
13 29
13 44
13 23
13 48
13 12
13 25
13 4
13 7
13 45
13 43
13 1
13 39
13 30
13 42
17
14 30
14 17
14 44
14 13
14 1
14 28
14 45
14 24
14 35
14 42
14 27
14 34
14 2
14 15
14 41
14 33
14 26
19
15 39
15 42
15 32
15 22
15 49
15 47
15 12
15 6
15 44
15 21
15 7
15 2
15 1
15 33
15 31
15 26
15 24
15 34
15 30
25
16 1
16 21
16 24
16 22
16 20
16 28
16 36
16 47
16 8
16 39
16 33
16 2
16 41
16 49
16 6
16 40
16 44
16 31
16 25
16 3
16 32
16 45
16 43
16 15
16 13
18
17 27
17 32
17 16
17 49
17 22
17 0
17 30
17 1
17 25
17 2
17 18
17 3
17 19
17 13
17 10
17 24
17 5
17 6
23
18 10
18 31
18 28
18 33
18 11
18 32
18 37
18 2
18 43
18 6
18 39
18 15
18 3
18 48
18 27
18 44
18 36
18 1
18 21
18 30
18 14
18 41
18 23
24
19 38
19 10
19 24
19 13
19 18
19 4
19 48
19 35
19 21
19 29
19 16
19 36
19 3
19 45
19 26
19 30
19 34
19 5
19 37
19 15
19 1
19 28
19 25
19 22
23
20 17
20 42
20 5
20 44
20 32
20 38
20 48
20 37
20 9
20 12
20 14
20 36
20 24
20 47
20 41
20 13
20 29
20 15
20 26
20 40
20 34
20 27
20 19
24
21 11
21 23
21 22
21 17
21 30
21 39
21 42
21 49
21 7
21 43
21 26
21 13
21 32
21 38
21 27
21 14
21 44
21 1
21 36
21 8
21 29
21 47
21 20
21 35
18
22 5
22 47
22 8
22 49
22 33
22 11
22 45
22 1
22 32
22 13
22 20
22 14
22 2
22 34
22 48
22 12
22 46
22 29
21
23 12
23 19
23 27
23 1
23 20
23 36
23 44
23 33
23 8
23 28
23 42
23 22
23 9
23 24
23 41
23 37
23 7
23 14
23 43
23 30
23 32
22
24 12
24 35
24 8
24 11
24 45
24 4
24 28
24 26
24 46
24 29
24 25
24 6
24 48
24 18
24 34
24 30
24 21
24 40
24 1
24 38
24 43
24 22
22
25 5
25 14
25 48
25 39
25 29
25 1
25 30
25 4
25 47
25 35
25 45
25 22
25 12
25 23
25 3
25 15
25 7
25 8
25 41
25 0
25 40
25 18
24
26 40
26 31
26 41
26 9
26 7
26 48
26 5
26 45
26 23
26 25
26 13
26 47
26 22
26 18
26 17
26 49
26 4
26 43
26 38
26 29
26 37
26 35
26 11
26 12
22
27 0
27 48
27 45
27 19
27 15
27 2
27 46
27 12
27 49
27 26
27 37
27 4
27 22
27 42
27 44
27 16
27 31
27 8
27 11
27 9
27 40
27 38
19
28 47
28 27
28 31
28 9
28 41
28 13
28 48
28 26
28 6
28 17
28 46
28 21
28 37
28 0
28 15
28 25
28 10
28 39
28 20
12
29 33
29 16
29 11
29 27
29 37
29 3
29 18
29 32
29 43
29 23
29 48
29 7
13
30 29
30 26
30 45
30 48
30 16
30 9
30 10
30 47
30 31
30 32
30 6
30 5
30 28
18
31 43
31 20
31 40
31 33
31 14
31 3
31 25
31 13
31 41
31 34
31 0
31 21
31 48
31 11
31 24
31 10
31 36
31 12
13
32 26
32 43
32 3
32 4
32 10
32 8
32 47
32 31
32 34
32 33
32 45
32 13
32 42
19
33 3
33 17
33 39
33 49
33 19
33 37
33 43
33 2
33 27
33 41
33 24
33 36
33 13
33 25
33 26
33 8
33 38
33 21
33 30
16
34 16
34 26
34 29
34 28
34 6
34 9
34 4
34 46
34 30
34 0
34 13
34 10
34 36
34 5
34 27
34 33
20
35 27
35 6
35 43
35 18
35 0
35 10
35 42
35 17
35 20
35 30
35 29
35 38
35 33
35 48
35 32
35 23
35 34
35 15
35 36
35 31
24
36 5
36 30
36 43
36 4
36 38
36 42
36 6
36 45
36 32
36 0
36 27
36 12
36 46
36 14
36 15
36 13
36 1
36 48
36 40
36 26
36 25
36 28
36 22
36 24
18
37 3
37 6
37 39
37 36
37 35
37 24
37 47
37 46
37 7
37 32
37 15
37 43
37 42
37 0
37 16
37 14
37 34
37 38
20
38 46
38 25
38 28
38 3
38 17
38 16
38 40
38 42
38 1
38 14
38 6
38 32
38 39
38 13
38 29
38 18
38 10
38 22
38 43
38 23
25
39 22
39 46
39 35
39 19
39 23
39 31
39 48
39 1
39 32
39 0
39 26
39 6
39 24
39 7
39 43
39 14
39 40
39 30
39 10
39 45
39 8
39 9
39 36
39 17
39 27
18
40 34
40 33
40 15
40 17
40 49
40 4
40 14
40 19
40 32
40 5
40 37
40 30
40 13
40 6
40 42
40 41
40 7
40 23
21
41 47
41 46
41 48
41 44
41 22
41 38
41 29
41 30
41 12
41 1
41 13
41 45
41 19
41 4
41 37
41 42
41 35
41 6
41 3
41 39
41 21
11
42 19
42 34
42 24
42 2
42 9
42 31
42 16
42 25
42 44
42 33
42 10
14
43 6
43 34
43 40
43 30
43 45
43 4
43 27
43 5
43 48
43 42
43 28
43 14
43 17
43 0
23
44 36
44 47
44 24
44 40
44 9
44 38
44 33
44 26
44 46
44 11
44 3
44 28
44 35
44 49
44 8
44 32
44 29
44 25
44 37
44 22
44 17
44 12
44 1
21
45 4
45 28
45 49
45 33
45 40
45 9
45 35
45 18
45 23
45 6
45 38
45 48
45 31
45 17
45 46
45 3
45 12
45 29
45 15
45 20
45 21
27
46 19
46 5
46 10
46 26
46 25
46 9
46 11
46 4
46 42
46 13
46 20
46 0
46 21
46 33
46 7
46 48
46 30
46 49
46 23
46 43
46 16
46 40
46 18
46 3
46 17
46 12
46 15
25
47 35
47 13
47 0
47 19
47 7
47 18
47 10
47 39
47 46
47 31
47 23
47 36
47 8
47 40
47 12
47 24
47 9
47 34
47 14
47 27
47 38
47 2
47 48
47 45
47 42
19
48 14
48 32
48 8
48 21
48 23
48 0
48 9
48 7
48 5
48 4
48 33
48 16
48 42
48 44
48 38
48 12
48 17
48 3
48 10
21
49 36
49 38
49 43
49 24
49 48
49 3
49 42
49 34
49 39
49 23
49 13
49 0
49 11
49 19
49 25
49 18
49 4
49 35
49 9
49 41
49 31
