50
0 "A6"
1 "A17"
2 "A16"
3 "A45"
4 "A38"
5 "A21"
6 "A43"
7 "A8"
8 "A10"
9 "A46"
10 "A31"
11 "A24"
12 "A29"
13 "A37"
14 "A1"
15 "A25"
16 "A33"
17 "A20"
18 "A19"
19 "A3"
20 "A12"
21 "A42"
22 "A48"
23 "A18"
24 "A22"
25 "A39"
26 "A40"
27 "A27"
28 "A44"
29 "A0"
30 "A30"
31 "A14"
32 "A32"
33 "A2"
34 "A4"
35 "A26"
36 "A41"
37 "A35"
38 "A36"
39 "A9"
40 "A13"
41 "A49"
42 "A11"
43 "A23"
44 "A5"
45 "A15"
46 "A34"
47 "A47"
48 "A28"
49 "A7"
24
0 30
0 41
0 15
0 1
0 31
0 38
0 23
0 48
0 25
0 44
0 19
0 18
0 11
0 10
0 6
0 26
0 35
0 20
0 24
0 40
0 22
0 43
0 7
0 12
20
1 42
1 47
1 32
1 4
1 7
1 49
1 19
1 31
1 45
1 43
1 37
1 48
1 28
1 25
1 26
1 20
1 16
1 34
1 40
1 35
23
2 20
2 7
2 44
2 41
2 15
2 6
2 29
2 30
2 8
2 13
2 12
2 36
2 19
2 14
2 9
2 46
2 10
2 37
2 24
2 49
2 43
2 3
2 17
16
3 22
3 5
3 4
3 20
3 35
3 8
3 39
3 13
3 16
3 15
3 30
3 36
3 14
3 7
3 24
3 0
20
4 48
4 43
4 14
4 18
4 15
4 9
4 0
4 44
4 10
4 17
4 46
4 7
4 20
4 35
4 12
4 30
4 49
4 22
4 28
4 31
26
5 35
5 28
5 44
5 11
5 32
5 15
5 36
5 38
5 6
5 1
5 24
5 37
5 41
5 39
5 4
5 18
5 46
5 9
5 0
5 22
5 16
5 34
5 2
5 33
5 49
5 21
20
6 33
6 18
6 17
6 47
6 31
6 19
6 26
6 14
6 3
6 27
6 32
6 9
6 4
6 25
6 48
6 34
6 23
6 7
6 12
6 29
11
7 20
7 17
7 10
7 16
7 30
7 41
7 18
7 45
7 23
7 46
7 5
23
8 18
8 45
8 38
8 30
8 1
8 11
8 20
8 7
8 19
8 46
8 27
8 4
8 41
8 29
8 42
8 35
8 28
8 24
8 36
8 49
8 48
8 32
8 34
18
9 37
9 3
9 21
9 43
9 46
9 15
9 35
9 16
9 8
9 39
9 36
9 17
9 22
9 38
9 0
9 41
9 31
9 28
18
10 5
10 3
10 46
10 23
10 34
10 37
10 36
10 12
10 1
10 45
10 41
10 25
10 43
10 33
10 24
10 14
10 48
10 49
18
11 24
11 2
11 1
11 33
11 13
11 4
11 41
11 15
11 45
11 7
11 32
11 6
11 47
11 18
11 10
11 42
11 19
11 29
19
12 32
12 21
12 19
12 8
12 40
12 43
12 5
12 44
12 36
12 28
12 31
12 26
12 45
12 29
12 33
12 30
12 25
12 3
12 38
14
13 42
13 39
13 1
13 43
13 44
13 5
13 38
13 16
13 23
13 27
13 31
13 20
13 35
13 33
17
14 26
14 42
14 33
14 44
14 1
14 5
14 27
14 19
14 15
14 28
14 41
14 24
14 7
14 35
14 0
14 32
14 36
19
15 6
15 29
15 42
15 22
15 17
15 36
15 49
15 20
15 12
15 21
15 26
15 7
15 34
15 31
15 37
15 47
15 33
15 44
15 10
21
16 21
16 35
16 20
16 22
16 43
16 32
16 47
16 8
16 33
16 28
16 44
16 19
16 31
16 29
16 26
16 49
16 15
16 23
16 2
16 4
16 40
21
17 5
17 3
17 32
17 1
17 19
17 14
17 40
17 28
17 11
17 23
17 16
17 10
17 22
17 47
17 31
17 36
17 30
17 18
17 25
17 39
17 13
18
18 15
18 21
18 14
18 37
18 9
18 31
18 48
18 28
18 13
18 36
18 25
18 30
18 46
18 2
18 41
18 42
18 33
18 3
20
19 18
19 21
19 20
19 22
19 25
19 45
19 32
19 26
19 30
19 35
19 48
19 10
19 36
19 3
19 9
19 13
19 41
19 28
19 29
19 44
16
20 48
20 9
20 17
20 31
20 10
20 26
20 12
20 5
20 18
20 14
20 27
20 32
20 47
20 42
20 30
20 29
25
21 44
21 38
21 35
21 11
21 23
21 22
21 7
21 47
21 39
21 1
21 40
21 25
21 10
21 27
21 13
21 2
21 4
21 3
21 0
21 8
21 26
21 36
21 48
21 6
21 14
16
22 10
22 6
22 8
22 46
22 42
22 13
22 48
22 37
22 20
22 7
22 44
22 14
22 18
22 33
22 2
22 1
24
23 24
23 37
23 14
23 43
23 49
23 15
23 31
23 42
23 19
23 27
23 4
23 26
23 20
23 2
23 9
23 39
23 41
23 32
23 44
23 40
23 3
23 12
23 1
23 22
25
24 28
24 18
24 48
24 40
24 1
24 38
24 43
24 12
24 35
24 22
24 46
24 41
24 42
24 30
24 6
24 47
24 19
24 7
24 4
24 31
24 45
24 34
24 26
24 29
24 15
20
25 49
25 40
25 15
25 42
25 7
25 41
25 24
25 39
25 5
25 8
25 14
25 23
25 16
25 13
25 20
25 45
25 29
25 35
25 3
25 43
22
26 41
26 48
26 11
26 31
26 37
26 49
26 5
26 13
26 9
26 22
26 4
26 34
26 33
26 43
26 47
26 10
26 18
26 8
26 35
26 3
26 17
26 27
21
27 44
27 42
27 31
27 4
27 41
27 2
27 34
27 38
27 33
27 22
27 0
27 48
27 9
27 5
27 10
27 19
27 45
27 49
27 37
27 39
27 11
17
28 25
28 31
28 10
28 49
28 47
28 0
28 39
28 7
28 20
28 37
28 26
28 13
28 23
28 46
28 32
28 22
28 6
19
29 28
29 46
29 32
29 23
29 33
29 48
29 22
29 49
29 26
29 31
29 3
29 41
29 43
29 37
29 27
29 0
29 18
29 10
29 14
21
30 22
30 15
30 44
30 29
30 5
30 45
30 38
30 6
30 16
30 27
30 41
30 48
30 11
30 42
30 1
30 33
30 25
30 35
30 21
30 26
30 13
15
31 25
31 3
31 41
31 48
31 33
31 43
31 22
31 8
31 14
31 36
31 7
31 30
31 38
31 19
31 10
17
32 30
32 21
32 37
32 35
32 13
32 9
32 46
32 26
32 43
32 2
32 7
32 31
32 47
32 42
32 15
32 3
32 25
22
33 45
33 19
33 2
33 40
33 36
33 43
33 4
33 3
33 17
33 42
33 39
33 38
33 0
33 24
33 47
33 34
33 49
33 25
33 21
33 41
33 32
33 1
19
34 7
34 35
34 16
34 28
34 22
34 30
34 29
34 46
34 0
34 13
34 36
34 9
34 19
34 11
34 4
34 31
34 2
34 32
34 40
11
35 15
35 6
35 28
35 7
35 23
35 18
35 29
35 22
35 43
35 12
35 36
16
36 40
36 48
36 1
36 4
36 42
36 13
36 26
36 7
36 22
36 30
36 28
36 25
36 27
36 0
36 6
36 16
23
37 20
37 45
37 6
37 43
37 14
37 35
37 36
37 40
37 19
37 4
37 3
37 7
37 47
37 16
37 46
37 42
37 30
37 8
37 24
37 11
37 31
37 0
37 13
17
38 35
38 6
38 14
38 29
38 39
38 17
38 37
38 7
38 18
38 28
38 16
38 41
38 4
38 10
38 32
38 20
38 23
24
39 26
39 46
39 35
39 2
39 7
39 40
39 15
39 30
39 45
39 8
39 31
39 14
39 19
39 24
39 22
39 0
39 11
39 44
39 32
39 12
39 4
39 36
39 10
39 29
19
40 41
40 13
40 8
40 38
40 4
40 9
40 28
40 20
40 10
40 2
40 6
40 11
40 47
40 19
40 48
40 49
40 15
40 3
40 5
12
41 13
41 3
41 35
41 4
41 44
41 46
41 37
41 1
41 15
41 6
41 39
41 28
18
42 31
42 16
42 10
42 19
42 0
42 17
42 3
42 7
42 41
42 44
42 2
42 48
42 6
42 4
42 45
42 29
42 35
42 28
17
43 8
43 42
43 28
43 21
43 6
43 14
43 27
43 45
43 40
43 7
43 11
43 38
43 34
43 41
43 5
43 18
43 20
21
44 3
44 29
44 32
44 28
44 20
44 38
44 18
44 46
44 26
44 25
44 1
44 40
44 36
44 9
44 17
44 34
44 37
44 43
44 48
44 33
44 35
20
45 31
45 0
45 36
45 20
45 23
45 29
45 16
45 28
45 35
45 26
45 2
45 34
45 17
45 46
45 14
45 18
45 6
45 21
45 48
45 15
25
46 42
46 31
46 0
46 11
46 17
46 38
46 43
46 6
46 21
46 14
46 33
46 27
46 15
46 40
46 20
46 48
46 12
46 3
46 49
46 19
46 30
46 13
46 26
46 16
46 23
27
47 2
47 42
47 35
47 18
47 0
47 12
47 30
47 29
47 19
47 41
47 8
47 13
47 7
47 10
47 46
47 36
47 5
47 45
47 4
47 44
47 25
47 9
47 14
47 43
47 31
47 23
47 22
20
48 13
48 39
48 14
48 38
48 23
48 5
48 16
48 35
48 37
48 9
48 7
48 12
48 15
48 33
48 32
48 11
48 43
48 3
48 17
48 2
25
49 6
49 38
49 34
49 45
49 24
49 32
49 12
49 31
49 47
49 19
49 41
49 3
49 11
49 39
49 35
49 22
49 13
49 7
49 42
49 48
49 36
49 30
49 0
49 14
49 43
