50
0 "A6"
1 "A17"
2 "A16"
3 "A45"
4 "A38"
5 "A21"
6 "A43"
7 "A8"
8 "A10"
9 "A46"
10 "A31"
11 "A24"
12 "A29"
13 "A37"
14 "A1"
15 "A25"
16 "A33"
17 "A20"
18 "A19"
19 "A3"
20 "A12"
21 "A42"
22 "A48"
23 "A18"
24 "A22"
25 "A39"
26 "A40"
27 "A27"
28 "A44"
29 "A0"
30 "A30"
31 "A14"
32 "A32"
33 "A2"
34 "A4"
35 "A26"
36 "A41"
37 "A35"
38 "A36"
39 "A9"
40 "A13"
41 "A49"
42 "A11"
43 "A23"
44 "A5"
45 "A15"
46 "A34"
47 "A47"
48 "A28"
49 "A7"
18
0 18
0 17
0 42
0 47
0 26
0 44
0 3
0 32
0 23
0 14
0 19
0 41
0 27
0 21
0 33
0 8
0 12
0 16
19
1 16
1 15
1 26
1 8
1 44
1 37
1 10
1 23
1 6
1 0
1 28
1 11
1 32
1 24
1 46
1 4
1 30
1 39
1 42
22
2 14
2 0
2 32
2 39
2 1
2 42
2 15
2 24
2 33
2 48
2 30
2 10
2 46
2 9
2 26
2 11
2 38
2 31
2 4
2 45
2 47
2 21
19
3 9
3 32
3 36
3 46
3 35
3 1
3 5
3 2
3 28
3 25
3 18
3 11
3 4
3 49
3 47
3 31
3 14
3 8
3 15
20
4 48
4 29
4 7
4 10
4 17
4 5
4 46
4 31
4 8
4 26
4 37
4 21
4 30
4 28
4 12
4 43
4 40
4 24
4 0
4 25
25
5 11
5 36
5 20
5 13
5 49
5 19
5 0
5 2
5 25
5 14
5 42
5 29
5 18
5 10
5 35
5 27
5 31
5 17
5 7
5 32
5 15
5 46
5 1
5 34
5 38
22
6 48
6 42
6 26
6 25
6 36
6 28
6 23
6 35
6 31
6 5
6 0
6 41
6 4
6 38
6 39
6 2
6 12
6 15
6 49
6 30
6 21
6 37
19
7 2
7 41
7 39
7 18
7 24
7 45
7 32
7 47
7 0
7 12
7 21
7 6
7 9
7 49
7 40
7 43
7 29
7 27
7 26
19
8 21
8 31
8 11
8 34
8 48
8 9
8 47
8 6
8 46
8 27
8 23
8 40
8 33
8 24
8 43
8 12
8 35
8 5
8 45
20
9 25
9 38
9 27
9 17
9 19
9 32
9 31
9 41
9 13
9 1
9 40
9 21
9 35
9 18
9 43
9 4
9 16
9 39
9 20
9 34
16
10 37
10 41
10 35
10 39
10 49
10 16
10 25
10 27
10 21
10 12
10 36
10 26
10 3
10 0
10 40
10 43
20
11 45
11 25
11 29
11 22
11 17
11 20
11 13
11 4
11 31
11 21
11 26
11 19
11 0
11 9
11 6
11 36
11 33
11 43
11 16
11 24
18
12 13
12 20
12 39
12 26
12 9
12 35
12 32
12 36
12 23
12 46
12 45
12 14
12 19
12 16
12 5
12 29
12 3
12 21
23
13 22
13 39
13 41
13 8
13 32
13 3
13 47
13 2
13 33
13 4
13 37
13 45
13 15
13 24
13 38
13 1
13 35
13 7
13 36
13 25
13 40
13 44
13 0
22
14 46
14 13
14 31
14 10
14 38
14 6
14 32
14 25
14 47
14 20
14 4
14 16
14 45
14 23
14 30
14 11
14 9
14 35
14 26
14 7
14 48
14 37
18
15 21
15 16
15 34
15 42
15 11
15 22
15 43
15 30
15 14
15 32
15 20
15 18
15 12
15 8
15 39
15 46
15 9
15 28
24
16 17
16 44
16 19
16 5
16 47
16 6
16 7
16 2
16 23
16 45
16 34
16 31
16 41
16 3
16 25
16 13
16 35
16 49
16 46
16 8
16 43
16 28
16 30
16 18
23
17 10
17 41
17 24
17 1
17 26
17 36
17 22
17 13
17 29
17 2
17 19
17 6
17 21
17 25
17 8
17 48
17 14
17 23
17 38
17 43
17 15
17 34
17 12
23
18 2
18 23
18 48
18 13
18 45
18 6
18 47
18 43
18 26
18 27
18 28
18 49
18 32
18 25
18 44
18 21
18 36
18 20
18 29
18 14
18 1
18 12
18 10
17
19 26
19 1
19 22
19 39
19 24
19 14
19 29
19 10
19 37
19 33
19 35
19 28
19 18
19 30
19 25
19 13
19 48
19
20 8
20 3
20 1
20 44
20 43
20 48
20 7
20 17
20 33
20 16
20 19
20 22
20 6
20 40
20 26
20 2
20 24
20 21
20 23
14
21 46
21 24
21 34
21 44
21 49
21 3
21 41
21 42
21 27
21 40
21 14
21 5
21 1
21 19
19
22 24
22 2
22 27
22 7
22 10
22 39
22 35
22 18
22 21
22 1
22 31
22 6
22 40
22 36
22 3
22 5
22 12
22 26
22 33
17
23 25
23 46
23 34
23 22
23 19
23 4
23 39
23 3
23 15
23 37
23 44
23 40
23 41
23 45
23 33
23 2
23 11
18
24 5
24 28
24 41
24 46
24 16
24 6
24 25
24 18
24 0
24 49
24 36
24 47
24 38
24 23
24 37
24 48
24 9
24 12
21
25 15
25 36
25 41
25 44
25 7
25 2
25 1
25 37
25 8
25 47
25 39
25 45
25 49
25 38
25 32
25 22
25 31
25 48
25 20
25 46
25 12
14
26 34
26 44
26 25
26 8
26 9
26 38
26 13
26 21
26 5
26 29
26 32
26 3
26 31
26 41
24
27 12
27 34
27 42
27 31
27 2
27 11
27 33
27 28
27 32
27 3
27 41
27 19
27 44
27 38
27 48
27 39
27 6
27 49
27 16
27 14
27 15
27 45
27 1
27 25
24
28 44
28 36
28 26
28 42
28 38
28 5
28 43
28 46
28 22
28 10
28 13
28 45
28 12
28 8
28 0
28 47
28 20
28 7
28 34
28 21
28 14
28 40
28 9
28 23
23
29 8
29 15
29 36
29 9
29 47
29 0
29 16
29 23
29 6
29 22
29 21
29 34
29 13
29 27
29 1
29 49
29 31
29 10
29 14
29 3
29 25
29 42
29 33
26
30 20
30 18
30 40
30 41
30 31
30 28
30 0
30 48
30 21
30 7
30 36
30 38
30 45
30 26
30 25
30 24
30 44
30 33
30 23
30 9
30 29
30 39
30 22
30 8
30 49
30 11
19
31 28
31 34
31 44
31 12
31 20
31 13
31 19
31 36
31 42
31 0
31 18
31 32
31 10
31 47
31 21
31 23
31 37
31 1
31 17
15
32 33
32 20
32 8
32 28
32 4
32 36
32 29
32 30
32 16
32 10
32 34
32 17
32 46
32 21
32 35
20
33 44
33 7
33 16
33 21
33 24
33 12
33 9
33 14
33 1
33 10
33 28
33 15
33 6
33 47
33 3
33 4
33 42
33 37
33 18
33 17
13
34 6
34 7
34 4
34 14
34 18
34 46
34 33
34 2
34 48
34 30
34 44
34 43
34 10
21
35 44
35 27
35 0
35 23
35 21
35 24
35 1
35 41
35 39
35 45
35 33
35 28
35 47
35 2
35 7
35 49
35 18
35 4
35 46
35 17
35 29
18
36 14
36 20
36 1
36 8
36 44
36 48
36 9
36 45
36 0
36 49
36 16
36 23
36 7
36 21
36 39
36 34
36 43
36 19
20
37 21
37 15
37 46
37 8
37 3
37 47
37 35
37 0
37 12
37 48
37 36
37 20
37 28
37 17
37 32
37 9
37 38
37 43
37 5
37 22
18
38 0
38 35
38 22
38 10
38 34
38 8
38 1
38 12
38 18
38 48
38 15
38 3
38 7
38 11
38 33
38 20
38 41
38 42
15
39 48
39 18
39 40
39 20
39 8
39 33
39 16
39 28
39 34
39 5
39 24
39 31
39 26
39 38
39 3
26
40 33
40 45
40 38
40 36
40 17
40 49
40 34
40 0
40 18
40 29
40 47
40 46
40 43
40 6
40 3
40 37
40 1
40 27
40 19
40 5
40 31
40 25
40 41
40 48
40 2
40 24
14
41 39
41 47
41 28
41 32
41 34
41 46
41 5
41 37
41 3
41 31
41 12
41 49
41 1
41 44
25
42 41
42 45
42 35
42 9
42 16
42 14
42 36
42 43
42 24
42 19
42 40
42 48
42 30
42 7
42 22
42 8
42 20
42 34
42 4
42 18
42 46
42 10
42 13
42 39
42 37
21
43 3
43 48
43 27
43 39
43 25
43 0
43 6
43 35
43 49
43 5
43 32
43 46
43 30
43 22
43 31
43 2
43 21
43 19
43 13
43 33
43 12
16
44 10
44 17
44 43
44 32
44 39
44 7
44 47
44 12
44 38
44 4
44 2
44 6
44 9
44 46
44 8
44 40
20
45 39
45 21
45 3
45 37
45 4
45 34
45 19
45 0
45 6
45 24
45 1
45 5
45 33
45 22
45 9
45 44
45 46
45 17
45 41
45 38
17
46 13
46 26
46 19
46 18
46 27
46 36
46 33
46 6
46 31
46 29
46 20
46 22
46 11
46 17
46 0
46 30
46 38
17
47 26
47 6
47 43
47 4
47 19
47 42
47 38
47 46
47 34
47 49
47 9
47 5
47 45
47 1
47 23
47 20
47 21
17
48 45
48 46
48 1
48 15
48 7
48 33
48 13
48 41
48 5
48 26
48 31
48 12
48 10
48 11
48 28
48 29
48 21
22
49 37
49 26
49 34
49 9
49 38
49 2
49 42
49 22
49 12
49 48
49 13
49 11
49 23
49 44
49 15
49 45
49 0
49 46
49 4
49 28
49 8
49 32
