50
0 "A6"
1 "A17"
2 "A16"
3 "A45"
4 "A38"
5 "A21"
6 "A43"
7 "A8"
8 "A10"
9 "A46"
10 "A31"
11 "A24"
12 "A29"
13 "A37"
14 "A1"
15 "A25"
16 "A33"
17 "A20"
18 "A19"
19 "A3"
20 "A12"
21 "A42"
22 "A48"
23 "A18"
24 "A22"
25 "A39"
26 "A40"
27 "A27"
28 "A44"
29 "A0"
30 "A30"
31 "A14"
32 "A32"
33 "A2"
34 "A4"
35 "A26"
36 "A41"
37 "A35"
38 "A36"
39 "A9"
40 "A13"
41 "A49"
42 "A11"
43 "A23"
44 "A5"
45 "A15"
46 "A34"
47 "A47"
48 "A28"
49 "A7"
25
0 8
0 35
0 1
0 48
0 20
0 36
0 11
0 16
0 12
0 44
0 28
0 32
0 25
0 39
0 22
0 13
0 19
0 18
0 40
0 26
0 49
0 38
0 10
0 4
0 47
18
1 11
1 32
1 10
1 20
1 46
1 4
1 27
1 34
1 18
1 44
1 25
1 29
1 33
1 49
1 15
1 8
1 22
1 12
16
2 4
2 18
2 0
2 34
2 39
2 20
2 13
2 14
2 24
2 26
2 29
2 44
2 1
2 27
2 9
2 47
21
3 45
3 43
3 0
3 1
3 2
3 27
3 44
3 12
3 20
3 5
3 36
3 9
3 10
3 34
3 13
3 16
3 19
3 37
3 7
3 21
3 8
17
4 35
4 16
4 36
4 21
4 32
4 48
4 43
4 5
4 19
4 25
4 44
4 39
4 3
4 29
4 14
4 24
4 22
16
5 19
5 33
5 22
5 7
5 34
5 48
5 40
5 44
5 25
5 31
5 20
5 39
5 46
5 45
5 30
5 18
20
6 3
6 30
6 17
6 16
6 5
6 10
6 41
6 27
6 46
6 31
6 12
6 8
6 32
6 22
6 4
6 21
6 28
6 9
6 23
6 47
18
7 32
7 26
7 49
7 16
7 20
7 10
7 47
7 6
7 22
7 33
7 41
7 15
7 14
7 11
7 2
7 12
7 19
7 8
23
8 42
8 11
8 20
8 19
8 32
8 36
8 33
8 29
8 40
8 27
8 10
8 49
8 37
8 16
8 14
8 46
8 21
8 18
8 5
8 15
8 4
8 25
8 44
25
9 21
9 29
9 35
9 18
9 48
9 14
9 24
9 32
9 33
9 0
9 28
9 26
9 31
9 7
9 5
9 8
9 22
9 19
9 25
9 13
9 42
9 39
9 41
9 27
9 11
17
10 37
10 40
10 35
10 17
10 42
10 29
10 38
10 44
10 9
10 33
10 22
10 28
10 47
10 23
10 48
10 20
10 4
19
11 34
11 10
11 6
11 5
11 38
11 24
11 42
11 2
11 18
11 30
11 4
11 49
11 47
11 12
11 29
11 28
11 13
11 22
11 3
24
12 38
12 44
12 37
12 34
12 30
12 47
12 35
12 23
12 17
12 20
12 8
12 21
12 29
12 41
12 2
12 32
12 33
12 39
12 9
12 15
12 42
12 46
12 4
12 5
15
13 22
13 7
13 30
13 10
13 8
13 19
13 21
13 44
13 5
13 12
13 14
13 6
13 47
13 26
13 20
15
14 22
14 31
14 37
14 24
14 42
14 25
14 12
14 5
14 10
14 39
14 48
14 11
14 35
14 23
14 44
23
15 18
15 28
15 47
15 2
15 3
15 29
15 39
15 23
15 31
15 4
15 37
15 34
15 35
15 10
15 11
15 13
15 14
15 5
15 22
15 21
15 16
15 19
15 44
16
16 48
16 12
16 31
16 1
16 47
16 11
16 42
16 41
16 32
16 2
16 27
16 43
16 25
16 23
16 5
16 28
21
17 32
17 14
17 41
17 49
17 29
17 33
17 43
17 37
17 3
17 36
17 5
17 30
17 2
17 11
17 1
17 46
17 7
17 16
17 18
17 15
17 13
15
18 6
18 28
18 7
18 3
18 23
18 37
18 27
18 34
18 40
18 48
18 4
18 10
18 26
18 32
18 13
21
19 1
19 34
19 36
19 6
19 18
19 44
19 17
19 46
19 2
19 37
19 14
19 10
19 49
19 39
19 40
19 23
19 41
19 28
19 21
19 42
19 29
18
20 23
20 18
20 21
20 30
20 29
20 48
20 4
20 11
20 35
20 27
20 49
20 15
20 32
20 47
20 19
20 28
20 14
20 16
18
21 5
21 34
21 43
21 45
21 14
21 23
21 35
21 26
21 32
21 28
21 49
21 10
21 2
21 7
21 17
21 18
21 44
21 42
19
22 16
22 26
22 27
22 44
22 2
22 24
22 23
22 20
22 12
22 18
22 42
22 3
22 49
22 35
22 19
22 17
22 43
22 25
22 8
21
23 17
23 40
23 42
23 33
23 48
23 5
23 39
23 0
23 3
23 43
23 38
23 28
23 9
23 26
23 13
23 7
23 31
23 35
23 8
23 47
23 1
24
24 39
24 18
24 8
24 3
24 40
24 21
24 27
24 34
24 6
24 43
24 29
24 47
24 7
24 12
24 37
24 35
24 26
24 20
24 38
24 30
24 15
24 17
24 5
24 1
18
25 32
25 11
25 49
25 21
25 42
25 10
25 24
25 19
25 7
25 23
25 36
25 15
25 44
25 30
25 35
25 20
25 17
25 3
19
26 20
26 25
26 42
26 16
26 8
26 19
26 31
26 46
26 10
26 29
26 39
26 35
26 40
26 15
26 11
26 38
26 49
26 6
26 14
19
27 25
27 30
27 13
27 23
27 4
27 36
27 12
27 32
27 45
27 35
27 15
27 17
27 48
27 46
27 10
27 28
27 44
27 11
27 42
20
28 38
28 49
28 17
28 30
28 14
28 7
28 24
28 5
28 12
28 26
28 34
28 32
28 40
28 1
28 37
28 44
28 8
28 22
28 47
28 3
17
29 18
29 35
29 25
29 46
29 27
29 49
29 41
29 3
29 39
29 31
29 47
29 45
29 42
29 32
29 14
29 7
29 33
25
30 31
30 45
30 4
30 46
30 44
30 2
30 21
30 8
30 48
30 29
30 39
30 26
30 18
30 43
30 23
30 15
30 3
30 19
30 1
30 9
30 14
30 35
30 41
30 22
30 0
20
31 45
31 25
31 39
31 28
31 13
31 2
31 22
31 27
31 46
31 20
31 10
31 21
31 12
31 0
31 18
31 35
31 3
31 1
31 8
31 24
21
32 11
32 22
32 34
32 2
32 13
32 41
32 5
32 37
32 10
32 42
32 43
32 33
32 19
32 3
32 24
32 15
32 31
32 45
32 23
32 38
32 44
19
33 34
33 38
33 25
33 30
33 39
33 35
33 6
33 14
33 18
33 41
33 22
33 19
33 28
33 24
33 0
33 44
33 31
33 3
33 15
17
34 44
34 47
34 43
34 27
34 8
34 4
34 14
34 23
34 6
34 29
34 20
34 22
34 38
34 0
34 9
34 16
34 31
19
35 16
35 38
35 28
35 34
35 39
35 44
35 7
35 36
35 42
35 17
35 6
35 11
35 37
35 3
35 19
35 32
35 13
35 2
35 43
21
36 26
36 7
36 38
36 40
36 15
36 5
36 18
36 1
36 37
36 11
36 20
36 21
36 29
36 34
36 46
36 28
36 22
36 43
36 12
36 23
36 45
20
37 23
37 30
37 1
37 11
37 45
37 33
37 2
37 9
37 7
37 22
37 25
37 43
37 20
37 13
37 31
37 0
37 16
37 34
37 4
37 5
21
38 20
38 43
38 29
38 5
38 4
38 44
38 13
38 31
38 2
38 30
38 3
38 39
38 7
38 1
38 22
38 6
38 46
38 18
38 25
38 8
38 15
19
39 28
39 11
39 36
39 1
39 21
39 49
39 45
39 18
39 41
39 32
39 48
39 16
39 3
39 8
39 25
39 13
39 43
39 20
39 6
24
40 42
40 39
40 34
40 17
40 3
40 4
40 1
40 21
40 20
40 30
40 11
40 31
40 6
40 35
40 37
40 33
40 12
40 7
40 14
40 27
40 29
40 44
40 38
40 16
20
41 40
41 4
41 26
41 20
41 28
41 35
41 44
41 43
41 0
41 11
41 45
41 8
41 24
41 3
41 47
41 13
41 36
41 22
41 34
41 27
19
42 0
42 4
42 15
42 7
42 17
42 39
42 43
42 6
42 34
42 33
42 18
42 5
42 38
42 3
42 44
42 28
42 20
42 24
42 31
18
43 7
43 14
43 15
43 1
43 28
43 19
43 44
43 6
43 20
43 11
43 45
43 18
43 25
43 47
43 27
43 40
43 26
43 0
14
44 31
44 37
44 9
44 48
44 49
44 36
44 45
44 24
44 47
44 29
44 18
44 23
44 17
44 20
22
45 6
45 34
45 10
45 25
45 47
45 14
45 40
45 28
45 8
45 33
45 35
45 38
45 0
45 12
45 1
45 15
45 49
45 7
45 26
45 20
45 2
45 16
22
46 37
46 13
46 32
46 34
46 33
46 35
46 24
46 3
46 7
46 21
46 23
46 48
46 10
46 41
46 18
46 20
46 16
46 0
46 25
46 15
46 49
46 14
18
47 48
47 42
47 35
47 39
47 31
47 9
47 17
47 18
47 22
47 38
47 30
47 37
47 21
47 46
47 14
47 27
47 32
47 5
20
48 36
48 24
48 37
48 26
48 1
48 33
48 11
48 35
48 19
48 32
48 7
48 8
48 45
48 42
48 31
48 21
48 3
48 6
48 34
48 12
23
49 34
49 2
49 16
49 40
49 33
49 37
49 15
49 5
49 42
49 30
49 9
49 31
49 6
49 13
49 47
49 18
49 12
49 32
49 10
49 36
49 3
49 35
49 43
