50
0 "A6"
1 "A17"
2 "A16"
3 "A45"
4 "A38"
5 "A21"
6 "A43"
7 "A8"
8 "A10"
9 "A46"
10 "A31"
11 "A24"
12 "A29"
13 "A37"
14 "A1"
15 "A25"
16 "A33"
17 "A20"
18 "A19"
19 "A3"
20 "A12"
21 "A42"
22 "A48"
23 "A18"
24 "A22"
25 "A39"
26 "A40"
27 "A27"
28 "A44"
29 "A0"
30 "A30"
31 "A14"
32 "A32"
33 "A2"
34 "A4"
35 "A26"
36 "A41"
37 "A35"
38 "A36"
39 "A9"
40 "A13"
41 "A49"
42 "A11"
43 "A23"
44 "A5"
45 "A15"
46 "A34"
47 "A47"
48 "A28"
49 "A7"
21
0 33
0 12
0 26
0 41
0 4
0 6
0 16
0 5
0 13
0 9
0 8
0 35
0 30
0 48
0 19
0 21
0 2
0 44
0 23
0 7
0 11
9
1 41
1 4
1 14
1 37
1 33
1 13
1 47
1 0
1 45
19
2 27
2 18
2 24
2 5
2 40
2 34
2 26
2 10
2 38
2 9
2 47
2 23
2 29
2 3
2 1
2 45
2 16
2 15
2 49
19
3 40
3 47
3 35
3 22
3 10
3 11
3 18
3 0
3 42
3 34
3 5
3 8
3 25
3 15
3 14
3 9
3 43
3 19
3 44
19
4 15
4 8
4 12
4 27
4 32
4 9
4 37
4 29
4 25
4 28
4 24
4 5
4 2
4 34
4 33
4 48
4 3
4 46
4 22
20
5 12
5 16
5 43
5 33
5 25
5 1
5 48
5 9
5 7
5 24
5 39
5 22
5 21
5 41
5 11
5 10
5 29
5 49
5 44
5 30
22
6 21
6 34
6 18
6 49
6 33
6 10
6 16
6 23
6 2
6 24
6 15
6 30
6 31
6 39
6 8
6 3
6 25
6 43
6 26
6 19
6 13
6 28
17
7 1
7 48
7 17
7 33
7 23
7 6
7 12
7 49
7 19
7 24
7 3
7 18
7 15
7 20
7 9
7 13
7 34
17
8 32
8 25
8 23
8 21
8 37
8 17
8 10
8 43
8 29
8 46
8 34
8 5
8 7
8 49
8 28
8 44
8 12
16
9 13
9 38
9 1
9 21
9 24
9 10
9 40
9 43
9 27
9 6
9 37
9 26
9 46
9 14
9 8
9 35
21
10 41
10 0
10 1
10 31
10 44
10 20
10 11
10 7
10 4
10 24
10 37
10 28
10 26
10 45
10 49
10 39
10 48
10 40
10 17
10 22
10 38
22
11 37
11 24
11 7
11 48
11 35
11 17
11 39
11 44
11 18
11 47
11 23
11 31
11 33
11 25
11 46
11 6
11 2
11 28
11 26
11 32
11 42
11 8
16
12 2
12 10
12 1
12 49
12 3
12 13
12 38
12 26
12 16
12 24
12 18
12 32
12 9
12 27
12 45
12 31
17
13 43
13 4
13 3
13 22
13 5
13 49
13 15
13 18
13 11
13 20
13 16
13 36
13 40
13 17
13 23
13 10
13 27
23
14 47
14 39
14 13
14 35
14 43
14 32
14 48
14 37
14 33
14 28
14 8
14 4
14 42
14 25
14 5
14 46
14 41
14 45
14 0
14 29
14 10
14 16
14 12
13
15 25
15 48
15 14
15 8
15 46
15 33
15 43
15 0
15 28
15 1
15 9
15 5
15 47
27
16 33
16 25
16 32
16 35
16 47
16 10
16 20
16 48
16 30
16 46
16 7
16 8
16 15
16 3
16 1
16 27
16 36
16 26
16 17
16 43
16 40
16 39
16 41
16 18
16 38
16 11
16 21
24
17 28
17 3
17 26
17 41
17 29
17 32
17 15
17 18
17 46
17 30
17 14
17 44
17 48
17 9
17 49
17 31
17 19
17 5
17 38
17 22
17 0
17 45
17 1
17 12
18
18 8
18 14
18 26
18 23
18 4
18 41
18 36
18 0
18 5
18 1
18 42
18 45
18 48
18 20
18 19
18 9
18 40
18 15
20
19 43
19 36
19 49
19 15
19 39
19 9
19 24
19 1
19 27
19 26
19 21
19 41
19 2
19 45
19 8
19 13
19 31
19 5
19 48
19 12
27
20 0
20 19
20 26
20 35
20 27
20 40
20 23
20 21
20 31
20 8
20 48
20 4
20 2
20 49
20 36
20 5
20 47
20 15
20 33
20 6
20 1
20 9
20 28
20 14
20 41
20 44
20 11
16
21 35
21 14
21 46
21 47
21 13
21 4
21 31
21 18
21 26
21 30
21 17
21 32
21 27
21 11
21 34
21 23
21
22 31
22 27
22 6
22 28
22 12
22 21
22 18
22 23
22 11
22 33
22 16
22 2
22 29
22 7
22 19
22 34
22 40
22 9
22 8
22 48
22 42
22
23 44
23 9
23 40
23 31
23 38
23 35
23 33
23 42
23 48
23 19
23 43
23 46
23 3
23 16
23 1
23 17
23 34
23 5
23 10
23 12
23 15
23 14
19
24 16
24 23
24 17
24 25
24 20
24 32
24 3
24 38
24 22
24 26
24 1
24 47
24 46
24 42
24 14
24 41
24 40
24 8
24 45
18
25 26
25 19
25 20
25 28
25 39
25 17
25 21
25 40
25 31
25 1
25 0
25 12
25 44
25 29
25 42
25 36
25 27
25 22
18
26 35
26 7
26 46
26 4
26 23
26 13
26 34
26 33
26 1
26 43
26 38
26 22
26 39
26 49
26 30
26 15
26 3
26 14
22
27 29
27 10
27 30
27 17
27 1
27 8
27 40
27 3
27 23
27 18
27 43
27 35
27 39
27 48
27 33
27 38
27 5
27 0
27 15
27 32
27 36
27 49
16
28 31
28 46
28 2
28 5
28 21
28 1
28 36
28 0
28 43
28 27
28 18
28 40
28 24
28 12
28 34
28 23
23
29 3
29 18
29 32
29 15
29 40
29 24
29 41
29 37
29 11
29 19
29 20
29 1
29 42
29 28
29 0
29 26
29 45
29 35
29 12
29 21
29 6
29 13
29 10
25
30 49
30 29
30 1
30 43
30 4
30 33
30 31
30 37
30 7
30 24
30 38
30 47
30 34
30 11
30 39
30 23
30 12
30 44
30 45
30 42
30 14
30 20
30 8
30 13
30 3
19
31 0
31 33
31 34
31 26
31 18
31 5
31 35
31 1
31 38
31 13
31 7
31 45
31 4
31 36
31 15
31 46
31 24
31 8
31 29
16
32 33
32 22
32 25
32 43
32 15
32 13
32 30
32 26
32 7
32 40
32 46
32 28
32 1
32 31
32 19
32 2
16
33 38
33 43
33 18
33 12
33 10
33 9
33 29
33 25
33 2
33 21
33 45
33 19
33 17
33 28
33 42
33 13
15
34 32
34 12
34 25
34 15
34 20
34 9
34 16
34 45
34 44
34 13
34 1
34 27
34 0
34 14
34 11
22
35 5
35 19
35 34
35 40
35 15
35 7
35 28
35 43
35 2
35 22
35 4
35 10
35 18
35 17
35 1
35 8
35 42
35 37
35 12
35 38
35 13
35 6
24
36 14
36 9
36 4
36 10
36 2
36 24
36 39
36 49
36 35
36 3
36 37
36 7
36 34
36 41
36 26
36 11
36 33
36 17
36 23
36 43
36 8
36 0
36 5
36 46
18
37 2
37 5
37 34
37 41
37 32
37 47
37 6
37 7
37 44
37 48
37 24
37 33
37 3
37 25
37 18
37 13
37 31
37 21
19
38 14
38 46
38 8
38 42
38 28
38 4
38 45
38 7
38 39
38 13
38 3
38 1
38 34
38 25
38 22
38 11
38 44
38 36
38 0
27
39 42
39 2
39 28
39 3
39 20
39 15
39 12
39 4
39 18
39 9
39 21
39 35
39 13
39 47
39 1
39 32
39 34
39 0
39 45
39 29
39 23
39 24
39 49
39 7
39 48
39 8
39 31
21
40 36
40 14
40 1
40 30
40 43
40 49
40 21
40 12
40 47
40 19
40 39
40 6
40 42
40 38
40 7
40 26
40 11
40 33
40 17
40 5
40 15
22
41 45
41 3
41 44
41 11
41 33
41 48
41 30
41 46
41 12
41 23
41 43
41 34
41 4
41 28
41 9
41 21
41 7
41 6
41 2
41 39
41 38
41 8
17
42 41
42 5
42 4
42 34
42 8
42 12
42 27
42 13
42 0
42 31
42 7
42 48
42 19
42 17
42 37
42 21
42 6
19
43 39
43 7
43 46
43 18
43 4
43 47
43 38
43 10
43 34
43 2
43 25
43 11
43 22
43 37
43 20
43 24
43 29
43 21
43 17
20
44 12
44 6
44 45
44 14
44 2
44 4
44 21
44 42
44 46
44 19
44 1
44 16
44 47
44 27
44 13
44 48
44 18
44 9
44 29
44 33
20
45 37
45 6
45 32
45 43
45 5
45 15
45 46
45 49
45 36
45 4
45 9
45 26
45 23
45 22
45 27
45 16
45 35
45 25
45 7
45 13
22
46 35
46 42
46 34
46 2
46 10
46 37
46 5
46 40
46 27
46 30
46 6
46 25
46 13
46 39
46 29
46 7
46 19
46 3
46 0
46 22
46 49
46 33
20
47 41
47 8
47 10
47 17
47 32
47 26
47 6
47 27
47 33
47 4
47 36
47 18
47 34
47 42
47 0
47 23
47 29
47 38
47 19
47 49
17
48 25
48 26
48 21
48 32
48 9
48 1
48 13
48 6
48 46
48 8
48 47
48 31
48 2
48 30
48 38
48 12
48 24
19
49 18
49 43
49 23
49 42
49 11
49 15
49 31
49 32
49 28
49 48
49 9
49 4
49 41
49 14
49 24
49 34
49 33
49 0
49 25
