50
0 "A6"
1 "A17"
2 "A16"
3 "A45"
4 "A38"
5 "A21"
6 "A43"
7 "A8"
8 "A10"
9 "A46"
10 "A31"
11 "A24"
12 "A29"
13 "A37"
14 "A1"
15 "A25"
16 "A33"
17 "A20"
18 "A19"
19 "A3"
20 "A12"
21 "A42"
22 "A48"
23 "A18"
24 "A22"
25 "A39"
26 "A40"
27 "A27"
28 "A44"
29 "A0"
30 "A30"
31 "A14"
32 "A32"
33 "A2"
34 "A4"
35 "A26"
36 "A41"
37 "A35"
38 "A36"
39 "A9"
40 "A13"
41 "A49"
42 "A11"
43 "A23"
44 "A5"
45 "A15"
46 "A34"
47 "A47"
48 "A28"
49 "A7"
20
0 20
0 34
0 45
0 40
0 25
0 13
0 26
0 41
0 14
0 2
0 32
0 36
0 28
0 12
0 18
0 46
0 42
0 15
0 8
0 47
22
1 32
1 46
1 8
1 44
1 14
1 20
1 36
1 33
1 48
1 24
1 0
1 43
1 39
1 34
1 19
1 5
1 45
1 13
1 7
1 30
1 22
1 40
16
2 36
2 28
2 47
2 27
2 21
2 1
2 49
2 41
2 8
2 3
2 12
2 45
2 6
2 26
2 14
2 13
24
3 22
3 29
3 7
3 31
3 25
3 18
3 0
3 9
3 21
3 17
3 19
3 1
3 15
3 47
3 44
3 32
3 40
3 23
3 10
3 34
3 27
3 13
3 26
3 16
20
4 2
4 43
4 34
4 14
4 19
4 23
4 5
4 47
4 16
4 33
4 29
4 10
4 25
4 9
4 30
4 35
4 32
4 48
4 18
4 3
23
5 31
5 9
5 26
5 10
5 32
5 16
5 42
5 44
5 43
5 17
5 36
5 41
5 2
5 38
5 49
5 27
5 12
5 45
5 22
5 15
5 34
5 18
5 24
25
6 20
6 48
6 28
6 8
6 29
6 46
6 31
6 10
6 38
6 43
6 0
6 3
6 16
6 13
6 40
6 23
6 4
6 19
6 45
6 44
6 17
6 34
6 14
6 41
6 7
16
7 21
7 25
7 18
7 40
7 49
7 44
7 10
7 29
7 41
7 0
7 4
7 12
7 38
7 17
7 2
7 16
21
8 27
8 45
8 31
8 5
8 10
8 39
8 7
8 3
8 46
8 21
8 25
8 34
8 14
8 4
8 29
8 38
8 12
8 23
8 24
8 36
8 22
22
9 40
9 32
9 31
9 36
9 29
9 21
9 8
9 19
9 28
9 42
9 33
9 44
9 6
9 39
9 1
9 26
9 13
9 45
9 25
9 47
9 15
9 34
13
10 36
10 20
10 49
10 16
10 35
10 13
10 22
10 44
10 1
10 40
10 0
10 38
10 43
20
11 26
11 12
11 13
11 8
11 27
11 4
11 14
11 10
11 42
11 7
11 6
11 15
11 2
11 23
11 39
11 44
11 32
11 48
11 24
11 25
22
12 4
12 6
12 38
12 10
12 22
12 14
12 35
12 17
12 47
12 19
12 40
12 28
12 26
12 25
12 9
12 24
12 20
12 23
12 39
12 44
12 27
12 49
17
13 27
13 49
13 23
13 21
13 22
13 33
13 12
13 16
13 47
13 46
13 5
13 34
13 29
13 8
13 32
13 41
13 4
20
14 10
14 15
14 40
14 39
14 42
14 13
14 44
14 37
14 25
14 24
14 47
14 35
14 28
14 22
14 38
14 3
14 18
14 49
14 16
14 26
18
15 22
15 1
15 43
15 23
15 24
15 25
15 47
15 34
15 2
15 44
15 20
15 17
15 13
15 21
15 7
15 26
15 37
15 49
18
16 39
16 43
16 41
16 40
16 1
16 29
16 0
16 38
16 36
16 26
16 48
16 15
16 11
16 9
16 33
16 19
16 42
16 21
21
17 13
17 45
17 36
17 23
17 1
17 35
17 22
17 41
17 8
17 2
17 0
17 19
17 42
17 16
17 24
17 38
17 20
17 40
17 11
17 48
17 10
22
18 43
18 11
18 47
18 37
18 19
18 34
18 17
18 13
18 26
18 22
18 25
18 9
18 6
18 8
18 23
18 46
18 15
18 32
18 16
18 2
18 27
18 41
22
19 47
19 14
19 48
19 0
19 38
19 49
19 40
19 25
19 35
19 13
19 45
19 10
19 8
19 41
19 7
19 5
19 15
19 36
19 21
19 39
19 24
19 2
22
20 4
20 33
20 48
20 38
20 11
20 16
20 26
20 18
20 29
20 40
20 9
20 30
20 3
20 7
20 36
20 24
20 2
20 45
20 13
20 5
20 35
20 22
25
21 36
21 29
21 22
21 37
21 47
21 14
21 31
21 4
21 46
21 34
21 38
21 1
21 25
21 44
21 48
21 24
21 23
21 18
21 45
21 0
21 28
21 6
21 5
21 49
21 20
16
22 7
22 47
22 39
22 48
22 30
22 4
22 34
22 49
22 19
22 0
22 37
22 33
22 31
22 6
22 46
22 9
19
23 46
23 49
23 7
23 22
23 10
23 5
23 41
23 0
23 29
23 2
23 25
23 38
23 37
23 24
23 20
23 40
23 28
23 31
23 30
18
24 28
24 10
24 35
24 7
24 0
24 38
24 37
24 16
24 36
24 26
24 4
24 42
24 13
24 41
24 32
24 6
24 48
24 22
23
25 22
25 49
25 39
25 6
25 29
25 2
25 24
25 41
25 13
25 27
25 20
25 28
25 17
25 48
25 26
25 37
25 36
25 16
25 31
25 46
25 5
25 38
25 33
17
26 19
26 40
26 38
26 8
26 17
26 43
26 34
26 39
26 21
26 35
26 37
26 7
26 6
26 22
26 41
26 33
26 1
20
27 37
27 45
27 6
27 21
27 7
27 29
27 19
27 1
27 15
27 23
27 47
27 24
27 20
27 34
27 22
27 30
27 31
27 16
27 33
27 14
15
28 32
28 1
28 4
28 13
28 33
28 26
28 18
28 10
28 8
28 5
28 16
28 30
28 44
28 27
28 11
22
29 19
29 11
29 34
29 38
29 45
29 41
29 17
29 31
29 33
29 14
29 5
29 26
29 10
29 37
29 1
29 18
29 42
29 39
29 36
29 15
29 24
29 2
24
30 21
30 6
30 25
30 33
30 36
30 15
30 34
30 0
30 19
30 47
30 48
30 11
30 16
30 26
30 13
30 41
30 8
30 38
30 3
30 24
30 44
30 18
30 39
30 14
18
31 26
31 11
31 17
31 14
31 33
31 2
31 34
31 0
31 19
31 16
31 38
31 48
31 24
31 7
31 40
31 30
31 37
31 13
20
32 2
32 31
32 37
32 47
32 29
32 42
32 33
32 7
32 21
32 43
32 6
32 27
32 8
32 49
32 10
32 14
32 17
32 48
32 19
32 20
21
33 23
33 37
33 42
33 11
33 45
33 46
33 7
33 35
33 18
33 19
33 5
33 48
33 12
33 24
33 0
33 10
33 17
33 21
33 8
33 3
33 15
18
34 12
34 17
34 32
34 23
34 7
34 11
34 37
34 40
34 46
34 39
34 33
34 24
34 28
34 19
34 38
34 10
34 16
34 14
22
35 34
35 5
35 1
35 15
35 23
35 9
35 25
35 38
35 7
35 42
35 8
35 2
35 18
35 31
35 39
35 3
35 27
35 22
35 40
35 37
35 13
35 6
18
36 22
36 3
36 41
36 4
36 6
36 38
36 14
36 42
36 26
36 44
36 12
36 43
36 37
36 35
36 40
36 18
36 33
36 45
15
37 16
37 8
37 12
37 10
37 13
37 2
37 48
37 47
37 19
37 3
37 4
37 44
37 30
37 45
37 17
14
38 49
38 1
38 4
38 11
38 3
38 18
38 48
38 28
38 2
38 37
38 45
38 41
38 44
38 42
17
39 23
39 38
39 41
39 18
39 4
39 7
39 3
39 20
39 31
39 21
39 44
39 37
39 33
39 43
39 0
39 13
39 27
19
40 24
40 11
40 33
40 30
40 37
40 32
40 39
40 25
40 28
40 38
40 15
40 21
40 5
40 48
40 46
40 8
40 27
40 29
40 41
20
41 32
41 45
41 34
41 20
41 28
41 14
41 37
41 49
41 1
41 11
41 15
41 3
41 12
41 9
41 31
41 35
41 46
41 27
41 22
41 44
20
42 27
42 8
42 34
42 7
42 20
42 47
42 6
42 13
42 18
42 41
42 2
42 12
42 39
42 22
42 10
42 25
42 30
42 23
42 15
42 21
21
43 23
43 31
43 44
43 20
43 17
43 0
43 41
43 11
43 33
43 2
43 13
43 47
43 21
43 19
43 37
43 7
43 25
43 45
43 9
43 8
43 22
18
44 35
44 48
44 29
44 45
44 8
44 19
44 31
44 25
44 47
44 2
44 34
44 40
44 26
44 22
44 46
44 17
44 42
44 32
16
45 16
45 40
45 3
45 32
45 13
45 25
45 4
45 22
45 24
45 42
45 47
45 30
45 28
45 26
45 15
45 39
23
46 35
46 30
46 17
46 3
46 4
46 24
46 45
46 9
46 26
46 48
46 42
46 12
46 7
46 10
46 16
46 49
46 20
46 19
46 28
46 31
46 39
46 38
46 11
24
47 46
47 23
47 36
47 39
47 41
47 8
47 17
47 38
47 25
47 10
47 20
47 24
47 35
47 31
47 34
47 1
47 5
47 7
47 49
47 33
47 6
47 26
47 40
47 29
15
48 9
48 42
48 26
48 45
48 35
48 36
48 29
48 43
48 13
48 28
48 0
48 23
48 5
48 2
48 12
18
49 9
49 24
49 16
49 11
49 31
49 39
49 27
49 43
49 0
49 4
49 3
49 18
49 6
49 44
49 20
49 30
49 40
49 45
