50
0 "A6"
1 "A17"
2 "A16"
3 "A45"
4 "A38"
5 "A21"
6 "A43"
7 "A8"
8 "A10"
9 "A46"
10 "A31"
11 "A24"
12 "A29"
13 "A37"
14 "A1"
15 "A25"
16 "A33"
17 "A20"
18 "A19"
19 "A3"
20 "A12"
21 "A42"
22 "A48"
23 "A18"
24 "A22"
25 "A39"
26 "A40"
27 "A27"
28 "A44"
29 "A0"
30 "A30"
31 "A14"
32 "A32"
33 "A2"
34 "A4"
35 "A26"
36 "A41"
37 "A35"
38 "A36"
39 "A9"
40 "A13"
41 "A49"
42 "A11"
43 "A23"
44 "A5"
45 "A15"
46 "A34"
47 "A47"
48 "A28"
49 "A7"
18
0 19
0 23
0 44
0 27
0 8
0 25
0 13
0 3
0 42
0 26
0 48
0 37
0 22
0 17
0 30
0 12
0 45
0 28
18
1 24
1 9
1 35
1 4
1 29
1 20
1 0
1 8
1 34
1 7
1 6
1 22
1 28
1 30
1 17
1 38
1 45
1 36
19
2 43
2 28
2 48
2 9
2 16
2 33
2 3
2 27
2 21
2 1
2 5
2 26
2 24
2 20
2 15
2 8
2 34
2 6
2 18
17
3 36
3 28
3 25
3 4
3 41
3 44
3 49
3 33
3 39
3 19
3 37
3 48
3 7
3 18
3 12
3 21
3 6
18
4 0
4 9
4 18
4 26
4 11
4 27
4 33
4 43
4 13
4 37
4 15
4 24
4 19
4 30
4 35
4 40
4 29
4 46
20
5 29
5 1
5 3
5 19
5 11
5 43
5 26
5 32
5 42
5 4
5 14
5 23
5 6
5 7
5 48
5 25
5 37
5 18
5 41
5 44
18
6 18
6 24
6 0
6 4
6 47
6 46
6 33
6 17
6 13
6 48
6 35
6 25
6 9
6 19
6 44
6 31
6 21
6 12
21
7 32
7 0
7 40
7 33
7 45
7 4
7 8
7 25
7 34
7 6
7 11
7 48
7 31
7 47
7 41
7 39
7 16
7 9
7 49
7 43
7 44
16
8 17
8 37
8 15
8 26
8 35
8 43
8 38
8 3
8 31
8 46
8 12
8 4
8 28
8 11
8 22
8 9
20
9 42
9 24
9 37
9 3
9 39
9 18
9 33
9 22
9 0
9 32
9 44
9 41
9 36
9 27
9 13
9 19
9 40
9 34
9 29
9 11
19
10 21
10 9
10 1
10 28
10 5
10 34
10 43
10 42
10 15
10 48
10 29
10 7
10 2
10 14
10 20
10 8
10 36
10 4
10 44
26
11 18
11 49
11 3
11 46
11 1
11 19
11 34
11 47
11 39
11 29
11 45
11 20
11 10
11 15
11 25
11 27
11 41
11 48
11 32
11 36
11 26
11 30
11 44
11 23
11 43
11 31
17
12 37
12 18
12 24
12 17
12 49
12 19
12 22
12 43
12 41
12 26
12 46
12 16
12 13
12 10
12 5
12 45
12 44
18
13 18
13 26
13 39
13 36
13 8
13 33
13 1
13 41
13 25
13 5
13 43
13 27
13 34
13 17
13 46
13 42
13 30
13 2
23
14 25
14 42
14 43
14 18
14 0
14 1
14 7
14 30
14 33
14 9
14 15
14 41
14 26
14 37
14 19
14 22
14 34
14 17
14 46
14 11
14 3
14 6
14 13
18
15 5
15 21
15 33
15 7
15 35
15 13
15 37
15 16
15 3
15 23
15 32
15 43
15 30
15 18
15 47
15 22
15 6
15 1
19
16 48
16 36
16 3
16 0
16 9
16 14
16 5
16 46
16 49
16 13
16 6
16 19
16 1
16 37
16 4
16 25
16 11
16 26
16 8
19
17 38
17 47
17 41
17 23
17 48
17 19
17 24
17 10
17 40
17 16
17 29
17 11
17 34
17 5
17 3
17 18
17 36
17 28
17 7
16
18 10
18 49
18 28
18 1
18 23
18 0
18 29
18 16
18 7
18 8
18 32
18 21
18 47
18 40
18 46
18 44
15
19 18
19 31
19 22
19 47
19 26
19 15
19 13
19 38
19 33
19 25
19 34
19 7
19 49
19 20
19 48
21
20 4
20 31
20 45
20 48
20 46
20 15
20 0
20 43
20 33
20 6
20 27
20 44
20 8
20 12
20 7
20 13
20 42
20 3
20 17
20 25
20 5
19
21 42
21 19
21 32
21 38
21 13
21 20
21 37
21 7
21 0
21 4
21 17
21 9
21 8
21 1
21 33
21 31
21 14
21 12
21 16
17
22 4
22 24
22 10
22 5
22 30
22 6
22 37
22 13
22 11
22 2
22 46
22 21
22 41
22 38
22 16
22 45
22 17
23
23 19
23 33
23 12
23 9
23 1
23 8
23 20
23 27
23 30
23 41
23 7
23 13
23 43
23 37
23 38
23 10
23 44
23 21
23 4
23 35
23 16
23 6
23 3
17
24 14
24 13
24 37
24 16
24 0
24 19
24 46
24 41
24 8
24 36
24 18
24 29
24 15
24 34
24 5
24 44
24 39
25
25 10
25 36
25 22
25 26
25 21
25 34
25 38
25 24
25 1
25 9
25 17
25 15
25 23
25 4
25 42
25 18
25 49
25 41
25 44
25 30
25 39
25 12
25 2
25 46
25 8
21
26 15
26 1
26 24
26 44
26 47
26 17
26 29
26 41
26 6
26 20
26 35
26 33
26 10
26 21
26 32
26 31
26 3
26 30
26 7
26 18
26 22
26
27 37
27 5
27 32
27 26
27 21
27 6
27 40
27 38
27 16
27 30
27 8
27 1
27 17
27 18
27 33
27 29
27 22
27 19
27 31
27 3
27 7
27 25
27 45
27 24
27 46
27 10
20
28 19
28 43
28 33
28 12
28 21
28 7
28 15
28 11
28 16
28 23
28 6
28 31
28 25
28 32
28 5
28 26
28 22
28 13
28 20
28 46
18
29 42
29 20
29 25
29 41
29 19
29 0
29 39
29 43
29 14
29 44
29 6
29 3
29 28
29 47
29 2
29 12
29 32
29 31
20
30 17
30 36
30 7
30 21
30 39
30 49
30 9
30 19
30 6
30 47
30 12
30 44
30 20
30 18
30 10
30 40
30 41
30 48
30 29
30 16
21
31 13
31 25
31 17
31 0
31 10
31 15
31 49
31 46
31 24
31 14
31 37
31 42
31 22
31 47
31 5
31 2
31 30
31 12
31 44
31 33
31 1
20
32 16
32 12
32 31
32 48
32 39
32 24
32 19
32 34
32 36
32 2
32 6
32 8
32 4
32 42
32 23
32 10
32 46
32 20
32 22
32 0
17
33 17
33 22
33 18
33 24
33 16
33 11
33 30
33 5
33 35
33 47
33 41
33 10
33 8
33 44
33 37
33 38
33 43
14
34 28
34 22
34 21
34 44
34 20
34 36
34 15
34 33
34 3
34 27
34 26
34 8
34 12
34 31
29
35 13
35 41
35 31
35 2
35 36
35 12
35 22
35 16
35 9
35 39
35 7
35 25
35 28
35 38
35 48
35 43
35 34
35 32
35 20
35 24
35 19
35 37
35 45
35 44
35 40
35 47
35 49
35 18
35 30
17
36 43
36 6
36 37
36 33
36 12
36 31
36 27
36 26
36 4
36 19
36 21
36 39
36 14
36 20
36 22
36 0
36 2
20
37 2
37 40
37 34
37 10
37 7
37 1
37 18
37 29
37 48
37 19
37 43
37 49
37 13
37 45
37 46
37 30
37 20
37 28
37 17
37 32
23
38 9
38 36
38 13
38 10
38 34
38 11
38 6
38 32
38 39
38 7
38 5
38 15
38 28
38 31
38 47
38 29
38 4
38 30
38 26
38 41
38 37
38 12
38 18
21
39 4
39 6
39 8
39 28
39 0
39 1
39 31
39 19
39 2
39 23
39 17
39 18
39 27
39 10
39 21
39 42
39 5
39 15
39 33
39 22
39 47
22
40 19
40 1
40 39
40 16
40 24
40 46
40 34
40 15
40 43
40 11
40 2
40 26
40 0
40 22
40 38
40 21
40 32
40 12
40 6
40 25
40 31
40 14
16
41 37
41 43
41 18
41 2
41 10
41 16
41 27
41 34
41 48
41 6
41 44
41 0
41 15
41 39
41 8
41 21
17
42 24
42 4
42 45
42 16
42 22
42 36
42 11
42 3
42 40
42 38
42 26
42 34
42 18
42 17
42 2
42 1
42 30
18
43 26
43 16
43 34
43 21
43 48
43 17
43 46
43 42
43 24
43 39
43 31
43 25
43 18
43 32
43 9
43 22
43 38
43 30
18
44 1
44 2
44 19
44 4
44 49
44 21
44 36
44 39
44 46
44 8
44 27
44 42
44 38
44 14
44 37
44 43
44 16
44 15
23
45 23
45 28
45 49
45 6
45 46
45 24
45 36
45 34
45 26
45 19
45 16
45 3
45 41
45 15
45 9
45 38
45 44
45 32
45 17
45 13
45 18
45 10
45 29
20
46 3
46 2
46 19
46 5
46 21
46 29
46 23
46 26
46 41
46 10
46 7
46 35
46 17
46 30
46 33
46 42
46 34
46 39
46 0
46 48
18
47 36
47 2
47 1
47 9
47 4
47 14
47 0
47 16
47 41
47 42
47 25
47 46
47 8
47 23
47 24
47 22
47 32
47 27
18
48 36
48 31
48 15
48 38
48 12
48 1
48 14
48 47
48 8
48 21
48 44
48 13
48 28
48 49
48 42
48 34
48 40
48 4
26
49 9
49 17
49 27
49 13
49 0
49 14
49 1
49 26
49 10
49 46
49 38
49 23
49 15
49 47
49 2
49 36
49 39
49 4
49 24
49 33
49 43
49 34
49 8
49 21
49 6
49 40
