50
0 "A6"
1 "A17"
2 "A16"
3 "A45"
4 "A38"
5 "A21"
6 "A43"
7 "A8"
8 "A10"
9 "A46"
10 "A31"
11 "A24"
12 "A29"
13 "A37"
14 "A1"
15 "A25"
16 "A33"
17 "A20"
18 "A19"
19 "A3"
20 "A12"
21 "A42"
22 "A48"
23 "A18"
24 "A22"
25 "A39"
26 "A40"
27 "A27"
28 "A44"
29 "A0"
30 "A30"
31 "A14"
32 "A32"
33 "A2"
34 "A4"
35 "A26"
36 "A41"
37 "A35"
38 "A36"
39 "A9"
40 "A13"
41 "A49"
42 "A11"
43 "A23"
44 "A5"
45 "A15"
46 "A34"
47 "A47"
48 "A28"
49 "A7"
19
0 25
0 48
0 10
0 29
0 30
0 19
0 49
0 26
0 42
0 22
0 27
0 32
0 41
0 31
0 14
0 3
0 45
0 28
0 13
18
1 41
1 35
1 38
1 28
1 0
1 17
1 13
1 49
1 36
1 43
1 45
1 6
1 26
1 23
1 46
1 9
1 8
1 40
13
2 24
2 41
2 0
2 14
2 33
2 15
2 43
2 34
2 28
2 18
2 48
2 30
2 13
23
3 28
3 25
3 33
3 37
3 49
3 22
3 24
3 21
3 6
3 44
3 38
3 41
3 2
3 11
3 19
3 47
3 40
3 18
3 39
3 12
3 30
3 36
3 9
21
4 0
4 18
4 35
4 43
4 6
4 34
4 26
4 3
4 7
4 42
4 23
4 15
4 41
4 1
4 12
4 13
4 40
4 24
4 33
4 22
4 19
25
5 48
5 20
5 25
5 37
5 40
5 0
5 3
5 6
5 26
5 43
5 45
5 29
5 44
5 8
5 30
5 14
5 39
5 32
5 27
5 28
5 41
5 1
5 4
5 17
5 38
19
6 17
6 47
6 25
6 24
6 0
6 28
6 11
6 8
6 46
6 15
6 43
6 10
6 21
6 13
6 2
6 22
6 48
6 42
6 12
22
7 6
7 40
7 34
7 43
7 32
7 14
7 35
7 48
7 0
7 33
7 45
7 11
7 37
7 30
7 3
7 39
7 16
7 49
7 29
7 17
7 8
7 2
21
8 22
8 42
8 33
8 11
8 0
8 40
8 15
8 4
8 2
8 13
8 41
8 14
8 9
8 47
8 23
8 37
8 28
8 3
8 35
8 16
8 21
13
9 31
9 39
9 30
9 24
9 6
9 5
9 20
9 33
9 0
9 18
9 38
9 22
9 36
20
10 21
10 8
10 45
10 48
10 44
10 40
10 5
10 38
10 29
10 7
10 19
10 14
10 34
10 37
10 42
10 46
10 13
10 17
10 16
10 4
22
11 32
11 17
11 49
11 1
11 19
11 45
11 20
11 39
11 38
11 43
11 0
11 27
11 14
11 10
11 21
11 25
11 5
11 30
11 36
11 15
11 28
11 33
19
12 39
12 17
12 49
12 42
12 47
12 9
12 19
12 33
12 15
12 41
12 7
12 34
12 10
12 21
12 48
12 37
12 2
12 20
12 5
21
13 47
13 42
13 40
13 43
13 3
13 34
13 5
13 11
13 33
13 7
13 26
13 24
13 19
13 18
13 39
13 12
13 23
13 16
13 29
13 35
13 41
27
14 43
14 35
14 17
14 13
14 6
14 15
14 9
14 42
14 1
14 34
14 44
14 22
14 12
14 29
14 16
14 23
14 26
14 49
14 41
14 18
14 25
14 21
14 28
14 27
14 38
14 32
14 30
19
15 17
15 46
15 0
15 27
15 21
15 7
15 29
15 43
15 22
15 38
15 31
15 30
15 9
15 18
15 49
15 42
15 3
15 23
15 10
15
16 6
16 37
16 9
16 4
16 12
16 30
16 36
16 42
16 0
16 25
16 2
16 32
16 3
16 47
16 1
23
17 4
17 34
17 28
17 2
17 3
17 13
17 41
17 23
17 45
17 19
17 40
17 43
17 16
17 24
17 48
17 32
17 36
17 29
17 18
17 44
17 8
17 22
17 42
24
18 26
18 35
18 30
18 12
18 40
18 7
18 8
18 6
18 0
18 47
18 21
18 43
18 22
18 10
18 49
18 46
18 34
18 31
18 11
18 41
18 23
18 37
18 36
18 1
15
19 31
19 8
19 40
19 2
19 20
19 7
19 1
19 6
19 29
19 18
19 49
19 47
19 34
19 38
19 14
23
20 31
20 46
20 48
20 33
20 44
20 23
20 14
20 1
20 15
20 49
20 45
20 3
20 2
20 43
20 42
20 10
20 16
20 6
20 38
20 18
20 4
20 36
20 0
14
21 44
21 32
21 37
21 9
21 17
21 31
21 5
21 20
21 4
21 1
21 35
21 43
21 16
21 42
15
22 2
22 46
22 20
22 41
22 38
22 47
22 16
22 11
22 19
22 10
22 25
22 13
22 36
22 5
22 37
21
23 41
23 37
23 3
23 0
23 2
23 7
23 35
23 21
23 34
23 11
23 45
23 10
23 47
23 5
23 48
23 16
23 19
23 33
23 22
23 9
23 44
21
24 23
24 7
24 21
24 0
24 49
24 18
24 27
24 44
24 25
24 46
24 32
24 19
24 41
24 39
24 29
24 20
24 31
24 5
24 8
24 12
24 10
20
25 44
25 37
25 21
25 23
25 19
25 30
25 8
25 20
25 36
25 13
25 12
25 42
25 7
25 34
25 1
25 49
25 48
25 39
25 38
25 32
19
26 27
26 47
26 44
26 43
26 20
26 24
26 31
26 33
26 22
26 45
26 39
26 6
26 8
26 3
26 21
26 40
26 23
26 30
26 37
23
27 10
27 16
27 17
27 48
27 23
27 31
27 19
27 3
27 25
27 47
27 44
27 1
27 12
27 22
27 49
27 18
27 13
27 34
27 38
27 20
27 30
27 8
27 7
22
28 46
28 31
28 21
28 12
28 19
28 22
28 13
28 7
28 48
28 33
28 10
28 15
28 27
28 9
28 39
28 26
28 29
28 25
28 4
28 16
28 43
28 40
25
29 4
29 39
29 47
29 23
29 16
29 3
29 12
29 21
29 8
29 30
29 6
29 27
29 2
29 37
29 9
29 38
29 18
29 33
29 22
29 41
29 43
29 31
29 20
29 1
29 25
18
30 20
30 22
30 12
30 49
30 32
30 23
30 17
30 48
30 6
30 42
30 46
30 36
30 21
30 40
30 19
30 8
30 34
30 47
17
31 33
31 48
31 7
31 14
31 1
31 4
31 42
31 32
31 22
31 10
31 2
31 23
31 30
31 12
31 25
31 6
31 8
18
32 29
32 3
32 12
32 10
32 9
32 6
32 20
32 38
32 49
32 19
32 2
32 18
32 8
32 1
32 42
32 28
32 22
32 27
16
33 24
33 44
33 6
33 25
33 16
33 22
33 37
33 10
33 5
33 19
33 15
33 30
33 49
33 17
33 1
33 38
16
34 36
34 5
34 42
34 31
34 3
34 33
34 26
34 44
34 28
34 16
34 1
34 24
34 32
34 15
34 0
34 22
27
35 22
35 29
35 9
35 39
35 0
35 25
35 28
35 38
35 34
35 40
35 19
35 20
35 26
35 30
35 3
35 5
35 41
35 27
35 44
35 31
35 24
35 49
35 15
35 36
35 33
35 12
35 16
19
36 4
36 43
36 14
36 46
36 28
36 29
36 2
36 12
36 31
36 23
36 8
36 7
36 27
36 21
36 41
36 24
36 33
36 10
36 19
23
37 40
37 48
37 0
37 45
37 6
37 20
37 1
37 47
37 13
37 49
37 43
37 17
37 2
37 19
37 30
37 31
37 27
37 15
37 35
37 11
37 32
37 46
37 9
14
38 12
38 28
38 39
38 26
38 7
38 13
38 24
38 43
38 37
38 30
38 2
38 36
38 21
38 34
26
39 10
39 31
39 6
39 8
39 16
39 19
39 21
39 14
39 22
39 37
39 17
39 0
39 30
39 40
39 18
39 4
39 36
39 2
39 23
39 33
39 43
39 15
39 1
39 27
39 48
39 34
19
40 41
40 20
40 25
40 29
40 32
40 49
40 45
40 24
40 38
40 6
40 33
40 21
40 14
40 12
40 9
40 2
40 22
40 27
40 0
19
41 10
41 47
41 15
41 37
41 9
41 46
41 31
41 30
41 19
41 25
41 44
41 6
41 33
41 32
41 45
41 27
41 39
41 48
41 11
20
42 11
42 24
42 40
42 41
42 33
42 26
42 45
42 43
42 38
42 27
42 1
42 36
42 35
42 49
42 23
42 28
42 9
42 3
42 37
42 19
15
43 19
43 48
43 10
43 34
43 16
43 32
43 46
43 24
43 25
43 30
43 35
43 22
43 12
43 8
43 27
20
44 36
44 15
44 19
44 38
44 46
44 22
44 13
44 37
44 29
44 42
44 2
44 39
44 16
44 49
44 31
44 1
44 43
44 4
44 7
44 30
26
45 46
45 24
45 16
45 3
45 22
45 9
45 35
45 19
45 36
45 8
45 31
45 14
45 28
45 27
45 15
45 4
45 39
45 47
45 48
45 34
45 30
45 32
45 2
45 18
45 21
45 29
17
46 29
46 9
46 26
46 32
46 5
46 2
46 33
46 12
46 0
46 35
46 17
46 7
46 31
46 27
46 16
46 4
46 42
13
47 2
47 9
47 31
47 1
47 25
47 35
47 11
47 32
47 42
47 46
47 4
47 36
47 28
17
48 22
48 18
48 38
48 47
48 33
48 15
48 21
48 8
48 46
48 14
48 34
48 4
48 42
48 24
48 3
48 13
48 1
18
49 6
49 8
49 41
49 22
49 45
49 43
49 2
49 23
49 17
49 4
49 26
49 31
49 29
49 36
49 13
49 39
49 21
49 34
