50
0 "A6"
1 "A17"
2 "A16"
3 "A45"
4 "A38"
5 "A21"
6 "A43"
7 "A8"
8 "A10"
9 "A46"
10 "A31"
11 "A24"
12 "A29"
13 "A37"
14 "A1"
15 "A25"
16 "A33"
17 "A20"
18 "A19"
19 "A3"
20 "A12"
21 "A42"
22 "A48"
23 "A18"
24 "A22"
25 "A39"
26 "A40"
27 "A27"
28 "A44"
29 "A0"
30 "A30"
31 "A14"
32 "A32"
33 "A2"
34 "A4"
35 "A26"
36 "A41"
37 "A35"
38 "A36"
39 "A9"
40 "A13"
41 "A49"
42 "A11"
43 "A23"
44 "A5"
45 "A15"
46 "A34"
47 "A47"
48 "A28"
49 "A7"
17
0 23
0 39
0 46
0 15
0 40
0 25
0 24
0 8
0 47
0 36
0 20
0 11
0 48
0 37
0 31
0 49
0 2
15
1 32
1 41
1 12
1 24
1 15
1 47
1 49
1 31
1 45
1 2
1 3
1 40
1 48
1 44
1 19
20
2 17
2 36
2 28
2 18
2 39
2 5
2 14
2 37
2 20
2 9
2 11
2 29
2 41
2 13
2 42
2 24
2 8
2 26
2 30
2 25
18
3 43
3 36
3 19
3 30
3 0
3 14
3 33
3 16
3 9
3 21
3 31
3 11
3 2
3 42
3 23
3 7
3 39
3 28
28
4 8
4 35
4 3
4 29
4 26
4 32
4 1
4 30
4 14
4 18
4 20
4 41
4 46
4 47
4 0
4 9
4 38
4 13
4 10
4 2
4 34
4 36
4 48
4 27
4 39
4 17
4 49
4 11
22
5 26
5 3
5 31
5 25
5 20
5 10
5 8
5 16
5 41
5 49
5 36
5 7
5 19
5 0
5 17
5 1
5 45
5 27
5 4
5 9
5 42
5 18
25
6 33
6 36
6 40
6 37
6 18
6 22
6 30
6 13
6 10
6 49
6 43
6 25
6 27
6 8
6 9
6 12
6 15
6 35
6 23
6 28
6 14
6 24
6 31
6 39
6 48
17
7 48
7 18
7 43
7 13
7 29
7 22
7 25
7 23
7 31
7 24
7 38
7 11
7 2
7 32
7 45
7 17
7 15
20
8 13
8 19
8 42
8 34
8 25
8 49
8 11
8 24
8 17
8 45
8 20
8 1
8 47
8 7
8 3
8 27
8 41
8 37
8 44
8 14
20
9 31
9 37
9 1
9 10
9 43
9 40
9 25
9 38
9 49
9 36
9 24
9 30
9 42
9 16
9 22
9 0
9 46
9 39
9 28
9 48
19
10 45
10 20
10 41
10 27
10 46
10 47
10 16
10 1
10 2
10 0
10 36
10 29
10 7
10 43
10 24
10 31
10 3
10 33
10 48
19
11 34
11 31
11 5
11 41
11 43
11 14
11 46
11 33
11 13
11 10
11 9
11 21
11 49
11 18
11 6
11 40
11 1
11 38
11 35
26
12 20
12 36
12 49
12 45
12 22
12 13
12 37
12 28
12 7
12 11
12 18
12 25
12 10
12 0
12 48
12 9
12 43
12 3
12 2
12 35
12 44
12 14
12 46
12 17
12 23
12 16
22
13 42
13 40
13 0
13 38
13 47
13 24
13 5
13 43
13 49
13 1
13 10
13 21
13 46
13 27
13 45
13 19
13 16
13 17
13 48
13 14
13 20
13 32
22
14 49
14 23
14 24
14 44
14 10
14 19
14 20
14 38
14 31
14 5
14 0
14 15
14 46
14 18
14 37
14 32
14 33
14 43
14 41
14 30
14 9
14 22
21
15 11
15 28
15 35
15 22
15 44
15 45
15 33
15 41
15 16
15 37
15 4
15 10
15 47
15 40
15 32
15 39
15 34
15 9
15 2
15 26
15 12
15
16 24
16 33
16 6
16 11
16 39
16 46
16 25
16 38
16 8
16 47
16 35
16 45
16 41
16 7
16 27
19
17 6
17 3
17 1
17 36
17 34
17 47
17 9
17 39
17 14
17 32
17 41
17 43
17 31
17 0
17 33
17 45
17 42
17 15
17 26
15
18 31
18 40
18 24
18 15
18 43
18 33
18 1
18 32
18 46
18 16
18 29
18 26
18 9
18 20
18 3
21
19 32
19 2
19 34
19 37
19 20
19 29
19 18
19 6
19 38
19 17
19 45
19 4
19 48
19 7
19 21
19 15
19 12
19 41
19 47
19 27
19 22
18
20 37
20 31
20 21
20 49
20 48
20 38
20 1
20 6
20 25
20 16
20 39
20 36
20 32
20 26
20 17
20 11
20 9
20 7
19
21 2
21 30
21 42
21 24
21 38
21 0
21 16
21 22
21 48
21 10
21 33
21 4
21 25
21 17
21 26
21 18
21 12
21 14
21 15
19
22 38
22 4
22 39
22 16
22 8
22 5
22 36
22 27
22 17
22 11
22 2
22 37
22 35
22 33
22 10
22 30
22 34
22 0
22 13
22
23 40
23 9
23 4
23 8
23 30
23 22
23 26
23 47
23 27
23 11
23 13
23 21
23 24
23 49
23 1
23 18
23 43
23 17
23 39
23 20
23 28
23 36
18
24 17
24 31
24 41
24 30
24 12
24 33
24 40
24 32
24 36
24 5
24 48
24 26
24 11
24 29
24 22
24 15
24 44
24 3
13
25 23
25 32
25 31
25 10
25 29
25 49
25 30
25 17
25 44
25 4
25 38
25 3
25 1
21
26 12
26 28
26 25
26 3
26 42
26 0
26 31
26 1
26 41
26 10
26 35
26 34
26 33
26 22
26 16
26 49
26 44
26 13
26 37
26 27
26 8
27
27 38
27 24
27 39
27 30
27 37
27 0
27 44
27 46
27 47
27 28
27 32
27 9
27 35
27 7
27 11
27 1
27 14
27 36
27 33
27 17
27 18
27 49
27 31
27 12
27 3
27 25
27 20
14
28 46
28 32
28 19
28 1
28 4
28 16
28 5
28 22
28 29
28 13
28 21
28 38
28 43
28 0
17
29 22
29 27
29 13
29 38
29 12
29 42
29 9
29 17
29 49
29 33
29 3
29 20
29 1
29 43
29 11
29 46
29 8
18
30 34
30 5
30 0
30 10
30 15
30 8
30 18
30 1
30 20
30 13
30 41
30 46
30 43
30 28
30 7
30 26
30 29
30 49
15
31 30
31 15
31 13
31 4
31 45
31 48
31 47
31 29
31 21
31 8
31 37
31 16
31 28
31 41
31 19
16
32 47
32 26
32 23
32 9
32 21
32 40
32 46
32 2
32 11
32 38
32 31
32 29
32 12
32 49
32 8
32 10
18
33 36
33 2
33 47
33 28
33 49
33 0
33 4
33 31
33 1
33 13
33 19
33 12
33 42
33 7
33 9
33 46
33 20
33 23
26
34 18
34 24
34 32
34 0
34 3
34 12
34 14
34 36
34 13
34 37
34 39
34 43
34 7
34 6
34 10
34 21
34 40
34 23
34 2
34 25
34 28
34 27
34 5
34 16
34 38
34 41
21
35 42
35 33
35 25
35 43
35 0
35 9
35 2
35 28
35 32
35 20
35 24
35 36
35 14
35 13
35 41
35 31
35 34
35 10
35 1
35 37
35 17
18
36 28
36 29
36 47
36 7
36 11
36 30
36 15
36 14
36 43
36 8
36 25
36 1
36 44
36 32
36 31
36 21
36 16
36 19
21
37 17
37 49
37 5
37 30
37 36
37 21
37 47
37 11
37 16
37 13
37 33
37 29
37 7
37 32
37 1
37 28
37 10
37 46
37 43
37 25
37 24
14
38 18
38 3
38 37
38 31
38 23
38 30
38 17
38 10
38 2
38 45
38 47
38 26
38 8
38 44
21
39 14
39 36
39 47
39 10
39 19
39 12
39 48
39 18
39 49
39 44
39 28
39 7
39 43
39 40
39 41
39 21
39 35
39 8
39 25
39 30
39 13
23
40 27
40 16
40 4
40 5
40 3
40 46
40 37
40 21
40 31
40 2
40 20
40 26
40 49
40 30
40 28
40 35
40 33
40 25
40 10
40 17
40 45
40 22
40 29
16
41 29
41 28
41 32
41 45
41 25
41 0
41 7
41 21
41 23
41 22
41 6
41 42
41 18
41 12
41 13
41 38
21
42 6
42 0
42 20
42 19
42 25
42 11
42 32
42 28
42 27
42 12
42 18
42 10
42 36
42 40
42 23
42 15
42 30
42 7
42 34
42 16
42 31
16
43 24
43 2
43 44
43 26
43 16
43 32
43 22
43 5
43 33
43 21
43 4
43 42
43 47
43 1
43 19
43 41
23
44 29
44 7
44 13
44 5
44 28
44 37
44 10
44 4
44 42
44 6
44 3
44 2
44 33
44 19
44 9
44 21
44 30
44 22
44 40
44 41
44 45
44 17
44 0
25
45 6
45 22
45 2
45 30
45 20
45 18
45 42
45 21
45 35
45 47
45 14
45 29
45 36
45 39
45 33
45 34
45 43
45 0
45 46
45 25
45 27
45 24
45 11
45 37
45 28
20
46 39
46 19
46 15
46 17
46 21
46 43
46 3
46 31
46 42
46 44
46 47
46 38
46 49
46 20
46 24
46 41
46 36
46 2
46 26
46 25
20
47 44
47 34
47 7
47 30
47 11
47 21
47 5
47 42
47 26
47 40
47 24
47 3
47 20
47 48
47 28
47 22
47 6
47 14
47 9
47 25
25
48 11
48 46
48 25
48 36
48 14
48 5
48 34
48 2
48 44
48 41
48 15
48 35
48 23
48 45
48 27
48 17
48 22
48 8
48 33
48 42
48 32
48 49
48 26
48 18
48 29
14
49 7
49 2
49 24
49 42
49 19
49 36
49 16
49 18
49 28
49 31
49 10
49 45
49 3
49 43
