50
0 "A47"
1 "A19"
2 "A46"
3 "A43"
4 "A0"
5 "A21"
6 "A13"
7 "A26"
8 "A40"
9 "A12"
10 "A30"
11 "A7"
12 "A35"
13 "A8"
14 "A6"
15 "A14"
16 "A9"
17 "A34"
18 "A29"
19 "A37"
20 "A28"
21 "A27"
22 "A11"
23 "A5"
24 "A20"
25 "A33"
26 "A32"
27 "A24"
28 "A39"
29 "A15"
30 "A49"
31 "A45"
32 "A18"
33 "A48"
34 "A38"
35 "A16"
36 "A36"
37 "A17"
38 "A42"
39 "A2"
40 "A1"
41 "A4"
42 "A44"
43 "A10"
44 "A22"
45 "A25"
46 "A31"
47 "A3"
48 "A23"
49 "A41"
17
0 15
0 9
0 39
0 25
0 12
0 3
0 2
0 33
0 35
0 49
0 37
0 38
0 1
0 45
0 6
0 5
0 32
17
1 47
1 31
1 44
1 43
1 24
1 23
1 9
1 42
1 30
1 35
1 2
1 40
1 15
1 11
1 36
1 16
1 34
16
2 20
2 22
2 41
2 3
2 15
2 46
2 42
2 29
2 8
2 21
2 17
2 36
2 38
2 31
2 5
2 35
18
3 10
3 31
3 48
3 39
3 28
3 30
3 23
3 26
3 16
3 44
3 5
3 47
3 32
3 1
3 37
3 45
3 24
3 13
23
4 25
4 31
4 47
4 46
4 28
4 44
4 48
4 39
4 16
4 27
4 6
4 30
4 29
4 5
4 45
4 8
4 22
4 34
4 37
4 42
4 13
4 40
4 2
17
5 42
5 30
5 22
5 49
5 8
5 7
5 27
5 16
5 10
5 18
5 15
5 19
5 38
5 33
5 45
5 11
5 13
22
6 29
6 1
6 21
6 42
6 5
6 28
6 2
6 19
6 7
6 36
6 44
6 40
6 33
6 31
6 46
6 22
6 30
6 3
6 35
6 49
6 24
6 32
16
7 34
7 18
7 23
7 44
7 48
7 42
7 2
7 45
7 39
7 0
7 49
7 16
7 24
7 31
7 8
7 36
19
8 25
8 15
8 1
8 13
8 21
8 24
8 19
8 37
8 42
8 40
8 35
8 36
8 3
8 14
8 45
8 0
8 38
8 43
8 9
19
9 20
9 10
9 21
9 4
9 47
9 16
9 30
9 7
9 12
9 49
9 15
9 45
9 6
9 32
9 26
9 18
9 11
9 28
9 48
18
10 32
10 7
10 25
10 49
10 2
10 20
10 6
10 37
10 46
10 33
10 8
10 39
10 43
10 47
10 0
10 15
10 31
10 14
23
11 7
11 40
11 2
11 12
11 31
11 18
11 26
11 48
11 10
11 38
11 3
11 22
11 8
11 46
11 4
11 35
11 30
11 6
11 17
11 13
11 25
11 23
11 24
18
12 2
12 29
12 28
12 40
12 6
12 44
12 7
12 33
12 31
12 30
12 38
12 13
12 41
12 32
12 8
12 14
12 5
12 10
18
13 2
13 49
13 25
13 33
13 17
13 1
13 38
13 6
13 10
13 20
13 7
13 40
13 44
13 28
13 14
13 43
13 0
13 26
18
14 5
14 0
14 28
14 29
14 2
14 45
14 9
14 3
14 39
14 19
14 30
14 1
14 33
14 20
14 43
14 38
14 11
14 32
19
15 3
15 12
15 25
15 16
15 41
15 42
15 28
15 19
15 4
15 7
15 39
15 13
15 34
15 37
15 30
15 6
15 32
15 11
15 46
18
16 41
16 19
16 10
16 30
16 14
16 8
16 33
16 48
16 34
16 0
16 27
16 23
16 24
16 45
16 2
16 12
16 49
16 18
22
17 7
17 37
17 18
17 6
17 19
17 3
17 5
17 24
17 16
17 10
17 46
17 0
17 8
17 34
17 25
17 43
17 36
17 9
17 38
17 39
17 22
17 4
23
18 15
18 28
18 10
18 13
18 36
18 47
18 23
18 4
18 45
18 22
18 32
18 21
18 25
18 38
18 14
18 8
18 19
18 27
18 6
18 3
18 35
18 33
18 48
23
19 38
19 36
19 13
19 11
19 25
19 21
19 47
19 30
19 20
19 35
19 32
19 33
19 48
19 0
19 7
19 1
19 43
19 2
19 12
19 45
19 10
19 22
19 4
21
20 24
20 3
20 15
20 11
20 29
20 40
20 12
20 30
20 21
20 39
20 27
20 47
20 17
20 37
20 33
20 26
20 6
20 18
20 5
20 28
20 48
21
21 13
21 38
21 1
21 7
21 36
21 49
21 4
21 37
21 35
21 47
21 44
21 46
21 0
21 5
21 45
21 33
21 30
21 10
21 25
21 40
21 23
18
22 12
22 0
22 10
22 9
22 15
22 20
22 14
22 8
22 30
22 26
22 43
22 44
22 49
22 33
22 13
22 37
22 1
22 29
20
23 45
23 5
23 13
23 25
23 4
23 12
23 6
23 8
23 34
23 20
23 22
23 42
23 44
23 9
23 37
23 46
23 30
23 38
23 14
23 40
17
24 25
24 34
24 38
24 13
24 42
24 21
24 15
24 39
24 32
24 45
24 10
24 9
24 5
24 12
24 2
24 23
24 0
21
25 7
25 31
25 28
25 6
25 20
25 30
25 12
25 42
25 46
25 39
25 34
25 32
25 22
25 33
25 49
25 14
25 16
25 3
25 9
25 26
25 37
18
26 37
26 30
26 5
26 47
26 49
26 12
26 14
26 44
26 39
26 40
26 16
26 41
26 24
26 42
26 17
26 34
26 45
26 28
21
27 2
27 13
27 45
27 11
27 0
27 22
27 14
27 46
27 48
27 42
27 3
27 49
27 6
27 24
27 47
27 19
27 44
27 32
27 12
27 15
27 30
18
28 44
28 41
28 30
28 42
28 11
28 19
28 32
28 10
28 17
28 22
28 16
28 5
28 24
28 49
28 23
28 36
28 2
28 33
29
29 18
29 41
29 13
29 46
29 37
29 49
29 44
29 8
29 1
29 0
29 39
29 28
29 40
29 42
29 35
29 5
29 19
29 7
29 43
29 15
29 16
29 25
29 3
29 23
29 21
29 38
29 9
29 31
29 36
14
30 39
30 43
30 29
30 24
30 7
30 32
30 33
30 38
30 34
30 13
30 35
30 42
30 18
30 0
21
31 23
31 28
31 13
31 17
31 40
31 15
31 41
31 27
31 16
31 8
31 38
31 24
31 0
31 44
31 45
31 30
31 32
31 34
31 35
31 14
31 26
18
32 7
32 42
32 43
32 5
32 4
32 20
32 40
32 46
32 26
32 22
32 2
32 36
32 44
32 35
32 8
32 13
32 1
32 21
22
33 47
33 8
33 32
33 31
33 17
33 9
33 24
33 27
33 26
33 2
33 23
33 46
33 11
33 43
33 35
33 44
33 48
33 3
33 40
33 34
33 1
33 15
25
34 27
34 3
34 40
34 2
34 45
34 10
34 22
34 8
34 36
34 12
34 20
34 14
34 18
34 37
34 43
34 32
34 11
34 49
34 5
34 0
34 6
34 9
34 44
34 48
34 39
19
35 17
35 14
35 27
35 34
35 25
35 39
35 16
35 20
35 12
35 40
35 28
35 37
35 9
35 24
35 42
35 13
35 4
35 26
35 23
20
36 48
36 14
36 38
36 3
36 25
36 46
36 9
36 23
36 13
36 15
36 5
36 30
36 24
36 40
36 20
36 27
36 35
36 33
36 0
36 37
18
37 41
37 28
37 5
37 40
37 47
37 38
37 31
37 24
37 30
37 9
37 2
37 45
37 14
37 1
37 13
37 42
37 32
37 12
20
38 6
38 16
38 47
38 1
38 25
38 22
38 40
38 27
38 10
38 35
38 28
38 3
38 20
38 4
38 32
38 43
38 7
38 33
38 9
38 34
18
39 23
39 13
39 46
39 42
39 16
39 44
39 21
39 27
39 2
39 5
39 32
39 6
39 1
39 8
39 36
39 11
39 22
39 33
17
40 3
40 17
40 15
40 9
40 5
40 46
40 28
40 10
40 39
40 24
40 22
40 30
40 14
40 49
40 19
40 42
40 2
27
41 8
41 38
41 36
41 33
41 1
41 43
41 45
41 40
41 27
41 24
41 6
41 3
41 9
41 10
41 34
41 18
41 13
41 30
41 44
41 21
41 49
41 22
41 0
41 11
41 25
41 5
41 39
16
42 0
42 19
42 43
42 10
42 36
42 34
42 9
42 11
42 3
42 12
42 49
42 44
42 47
42 41
42 21
42 13
21
43 9
43 36
43 5
43 24
43 6
43 23
43 3
43 27
43 26
43 28
43 7
43 12
43 21
43 11
43 31
43 46
43 44
43 37
43 48
43 39
43 0
19
44 35
44 48
44 24
44 15
44 17
44 45
44 14
44 10
44 8
44 49
44 40
44 25
44 18
44 0
44 37
44 46
44 30
44 19
44 38
21
45 33
45 13
45 10
45 28
45 22
45 29
45 42
45 39
45 20
45 25
45 36
45 47
45 32
45 12
45 35
45 38
45 48
45 2
45 11
45 17
45 15
20
46 7
46 0
46 45
46 19
46 42
46 9
46 8
46 28
46 38
46 13
46 26
46 35
46 18
46 30
46 20
46 31
46 1
46 3
46 24
46 5
19
47 34
47 15
47 5
47 8
47 12
47 0
47 25
47 11
47 16
47 31
47 22
47 29
47 6
47 14
47 23
47 40
47 30
47 17
47 7
21
48 40
48 32
48 13
48 8
48 42
48 38
48 6
48 29
48 1
48 26
48 39
48 5
48 15
48 24
48 35
48 31
48 37
48 21
48 17
48 41
48 28
16
49 23
49 20
49 12
49 31
49 4
49 14
49 39
49 37
49 18
49 32
49 30
49 24
49 1
49 43
49 17
49 46
