50
0 "A48"
1 "A38"
2 "A49"
3 "A3"
4 "A27"
5 "A8"
6 "A23"
7 "A30"
8 "A11"
9 "A0"
10 "A16"
11 "A15"
12 "A34"
13 "A44"
14 "A7"
15 "A36"
16 "A18"
17 "A20"
18 "A22"
19 "A41"
20 "A5"
21 "A19"
22 "A21"
23 "A13"
24 "A2"
25 "A25"
26 "A10"
27 "A1"
28 "A47"
29 "A24"
30 "A33"
31 "A32"
32 "A31"
33 "A9"
34 "A40"
35 "A6"
36 "A43"
37 "A14"
38 "A42"
39 "A17"
40 "A26"
41 "A39"
42 "A4"
43 "A45"
44 "A46"
45 "A28"
46 "A35"
47 "A12"
48 "A37"
49 "A29"
20
0 20
0 14
0 24
0 3
0 25
0 1
0 39
0 33
0 36
0 40
0 5
0 12
0 7
0 28
0 26
0 13
0 32
0 45
0 37
0 15
18
1 25
1 40
1 23
1 22
1 29
1 2
1 3
1 9
1 39
1 6
1 28
1 27
1 21
1 11
1 15
1 26
1 33
1 34
19
2 32
2 18
2 48
2 36
2 24
2 21
2 13
2 47
2 17
2 28
2 5
2 42
2 34
2 45
2 23
2 15
2 33
2 7
2 20
19
3 36
3 7
3 34
3 49
3 5
3 48
3 4
3 11
3 29
3 40
3 39
3 2
3 22
3 41
3 18
3 47
3 25
3 10
3 38
26
4 13
4 46
4 27
4 23
4 6
4 1
4 10
4 49
4 30
4 15
4 43
4 9
4 41
4 26
4 47
4 2
4 39
4 37
4 24
4 22
4 8
4 48
4 35
4 44
4 17
4 45
19
5 25
5 34
5 41
5 18
5 42
5 23
5 21
5 32
5 4
5 10
5 26
5 8
5 17
5 48
5 31
5 37
5 36
5 9
5 39
18
6 32
6 10
6 23
6 19
6 49
6 5
6 43
6 2
6 13
6 28
6 33
6 47
6 22
6 29
6 21
6 41
6 15
6 3
20
7 43
7 39
7 23
7 30
7 11
7 40
7 49
7 34
7 1
7 5
7 15
7 25
7 41
7 22
7 16
7 35
7 44
7 24
7 6
7 4
19
8 34
8 3
8 1
8 24
8 27
8 30
8 14
8 2
8 23
8 12
8 44
8 13
8 31
8 10
8 39
8 49
8 32
8 17
8 16
26
9 33
9 24
9 13
9 32
9 3
9 42
9 2
9 7
9 23
9 44
9 31
9 18
9 36
9 29
9 8
9 27
9 0
9 30
9 22
9 43
9 46
9 26
9 12
9 25
9 28
9 45
18
10 42
10 41
10 27
10 45
10 47
10 30
10 0
10 44
10 22
10 39
10 24
10 40
10 12
10 13
10 2
10 7
10 17
10 15
23
11 6
11 2
11 40
11 0
11 49
11 9
11 33
11 36
11 10
11 39
11 12
11 20
11 21
11 31
11 28
11 15
11 17
11 44
11 30
11 38
11 46
11 8
11 42
22
12 19
12 47
12 1
12 38
12 33
12 32
12 48
12 39
12 43
12 37
12 35
12 45
12 14
12 6
12 3
12 31
12 2
12 23
12 7
12 30
12 26
12 22
20
13 48
13 12
13 41
13 3
13 27
13 17
13 37
13 38
13 32
13 11
13 45
13 16
13 23
13 20
13 30
13 44
13 39
13 34
13 31
13 26
25
14 20
14 43
14 34
14 42
14 24
14 35
14 1
14 4
14 40
14 26
14 3
14 2
14 37
14 21
14 13
14 36
14 11
14 33
14 31
14 27
14 41
14 18
14 45
14 44
14 39
23
15 42
15 48
15 35
15 21
15 47
15 31
15 19
15 43
15 9
15 18
15 13
15 33
15 16
15 14
15 3
15 39
15 24
15 40
15 25
15 28
15 36
15 17
15 46
17
16 23
16 41
16 42
16 11
16 28
16 21
16 32
16 1
16 47
16 46
16 19
16 4
16 37
16 44
16 3
16 35
16 14
21
17 19
17 27
17 41
17 14
17 21
17 39
17 25
17 48
17 7
17 44
17 30
17 40
17 16
17 31
17 28
17 24
17 12
17 9
17 43
17 42
17 45
21
18 25
18 16
18 43
18 24
18 37
18 40
18 21
18 30
18 11
18 34
18 48
18 39
18 23
18 19
18 27
18 1
18 0
18 6
18 38
18 10
18 12
27
19 9
19 48
19 39
19 3
19 10
19 5
19 14
19 49
19 45
19 11
19 0
19 33
19 8
19 27
19 22
19 4
19 20
19 29
19 1
19 42
19 46
19 13
19 25
19 44
19 31
19 47
19 28
18
20 15
20 37
20 49
20 41
20 10
20 29
20 17
20 16
20 23
20 1
20 9
20 34
20 6
20 28
20 26
20 35
20 3
20 47
22
21 13
21 12
21 4
21 19
21 22
21 7
21 8
21 3
21 23
21 35
21 27
21 0
21 42
21 32
21 24
21 29
21 28
21 31
21 10
21 36
21 25
21 47
18
22 17
22 11
22 42
22 28
22 41
22 2
22 26
22 40
22 5
22 32
22 14
22 15
22 48
22 38
22 39
22 36
22 34
22 46
11
23 10
23 15
23 45
23 19
23 40
23 43
23 17
23 37
23 48
23 49
23 30
10
24 12
24 6
24 42
24 27
24 19
24 47
24 3
24 26
24 5
24 32
21
25 23
25 31
25 42
25 8
25 43
25 37
25 33
25 12
25 6
25 26
25 34
25 28
25 47
25 16
25 20
25 41
25 44
25 46
25 4
25 22
25 35
19
26 19
26 38
26 23
26 17
26 21
26 16
26 37
26 36
26 41
26 10
26 2
26 15
26 7
26 6
26 28
26 3
26 42
26 34
26 32
20
27 23
27 25
27 11
27 37
27 12
27 45
27 44
27 20
27 36
27 49
27 22
27 30
27 6
27 16
27 29
27 0
27 7
27 15
27 43
27 46
16
28 35
28 36
28 8
28 14
28 23
28 31
28 10
28 49
28 5
28 29
28 27
28 4
28 13
28 42
28 45
28 18
21
29 18
29 34
29 49
29 45
29 47
29 14
29 22
29 4
29 2
29 23
29 17
29 44
29 12
29 31
29 41
29 24
29 7
29 5
29 11
29 15
29 26
16
30 1
30 37
30 14
30 2
30 39
30 34
30 16
30 6
30 26
30 0
30 29
30 25
30 20
30 31
30 33
30 48
15
31 6
31 10
31 4
31 23
31 3
31 1
31 37
31 40
31 18
31 2
31 45
31 49
31 20
31 48
31 32
19
32 43
32 10
32 3
32 14
32 29
32 11
32 30
32 20
32 41
32 33
32 25
32 18
32 19
32 27
32 39
32 37
32 17
32 4
32 48
24
33 24
33 4
33 5
33 10
33 38
33 41
33 23
33 17
33 26
33 37
33 18
33 46
33 28
33 31
33 40
33 39
33 22
33 13
33 29
33 8
33 34
33 16
33 27
33 35
16
34 6
34 17
34 16
34 46
34 35
34 48
34 45
34 21
34 12
34 24
34 15
34 44
34 28
34 38
34 32
34 0
20
35 8
35 24
35 22
35 48
35 29
35 26
35 43
35 37
35 30
35 0
35 45
35 18
35 9
35 39
35 31
35 3
35 5
35 6
35 36
35 10
14
36 1
36 33
36 23
36 12
36 8
36 30
36 10
36 7
36 39
36 20
36 19
36 29
36 17
36 40
18
37 3
37 29
37 21
37 24
37 9
37 34
37 36
37 40
37 17
37 7
37 47
37 22
37 19
37 2
37 15
37 46
37 8
37 38
27
38 4
38 16
38 19
38 46
38 42
38 44
38 14
38 36
38 43
38 10
38 23
38 45
38 5
38 35
38 17
38 21
38 24
38 8
38 2
38 40
38 20
38 31
38 9
38 49
38 6
38 41
38 1
16
39 9
39 37
39 31
39 25
39 41
39 26
39 23
39 21
39 24
39 27
39 6
39 46
39 29
39 28
39 38
39 43
16
40 32
40 26
40 44
40 4
40 19
40 9
40 29
40 20
40 34
40 35
40 41
40 16
40 42
40 13
40 25
40 12
20
41 47
41 11
41 24
41 37
41 31
41 28
41 9
41 19
41 1
41 0
41 36
41 34
41 43
41 2
41 35
41 30
41 48
41 45
41 27
41 18
19
42 3
42 39
42 6
42 43
42 47
42 33
42 27
42 34
42 18
42 31
42 8
42 7
42 12
42 23
42 49
42 1
42 36
42 29
42 20
16
43 8
43 45
43 34
43 37
43 0
43 29
43 22
43 31
43 40
43 30
43 13
43 19
43 10
43 48
43 2
43 24
15
44 37
44 0
44 35
44 43
44 36
44 22
44 1
44 5
44 15
44 30
44 39
44 49
44 20
44 47
44 18
19
45 20
45 36
45 15
45 42
45 3
45 6
45 18
45 7
45 24
45 8
45 22
45 25
45 1
45 30
45 33
45 11
45 26
45 47
45 44
27
46 13
46 21
46 48
46 0
46 24
46 40
46 14
46 8
46 44
46 41
46 32
46 18
46 2
46 35
46 30
46 42
46 45
46 7
46 36
46 26
46 29
46 31
46 3
46 28
46 5
46 6
46 12
23
47 46
47 8
47 36
47 26
47 31
47 28
47 32
47 1
47 39
47 43
47 30
47 27
47 0
47 14
47 35
47 48
47 7
47 11
47 40
47 17
47 5
47 22
47 23
20
48 28
48 29
48 38
48 49
48 45
48 39
48 36
48 33
48 27
48 7
48 1
48 16
48 44
48 0
48 11
48 26
48 24
48 6
48 40
48 14
23
49 25
49 26
49 22
49 43
49 45
49 14
49 10
49 33
49 5
49 16
49 35
49 15
49 47
49 37
49 40
49 13
49 1
49 36
49 34
49 39
49 21
49 41
49 18
