50
0 "A48"
1 "A38"
2 "A49"
3 "A3"
4 "A27"
5 "A8"
6 "A23"
7 "A30"
8 "A11"
9 "A0"
10 "A16"
11 "A15"
12 "A34"
13 "A44"
14 "A7"
15 "A36"
16 "A18"
17 "A20"
18 "A22"
19 "A41"
20 "A5"
21 "A19"
22 "A21"
23 "A13"
24 "A2"
25 "A25"
26 "A10"
27 "A1"
28 "A47"
29 "A24"
30 "A33"
31 "A32"
32 "A31"
33 "A9"
34 "A40"
35 "A6"
36 "A43"
37 "A14"
38 "A42"
39 "A17"
40 "A26"
41 "A39"
42 "A4"
43 "A45"
44 "A46"
45 "A28"
46 "A35"
47 "A12"
48 "A37"
49 "A29"
25
0 4
0 6
0 7
0 16
0 1
0 32
0 2
0 36
0 15
0 35
0 24
0 11
0 41
0 37
0 8
0 47
0 42
0 28
0 33
0 18
0 13
0 25
0 48
0 14
0 29
18
1 38
1 5
1 9
1 3
1 13
1 4
1 33
1 32
1 35
1 42
1 24
1 16
1 8
1 10
1 37
1 27
1 28
1 11
21
2 16
2 25
2 43
2 42
2 31
2 41
2 45
2 30
2 6
2 13
2 44
2 4
2 34
2 38
2 46
2 10
2 19
2 28
2 7
2 26
2 8
23
3 7
3 44
3 0
3 14
3 36
3 23
3 27
3 9
3 31
3 12
3 2
3 22
3 42
3 25
3 6
3 29
3 40
3 8
3 30
3 48
3 32
3 39
3 20
19
4 20
4 39
4 34
4 26
4 47
4 7
4 35
4 6
4 10
4 5
4 16
4 28
4 32
4 24
4 45
4 12
4 23
4 43
4 22
22
5 34
5 9
5 26
5 28
5 36
5 16
5 37
5 8
5 0
5 48
5 23
5 39
5 17
5 2
5 30
5 25
5 11
5 47
5 33
5 6
5 3
5 46
20
6 10
6 34
6 41
6 26
6 37
6 35
6 9
6 39
6 47
6 44
6 16
6 36
6 40
6 20
6 25
6 14
6 12
6 1
6 24
6 38
22
7 19
7 16
7 25
7 47
7 40
7 43
7 32
7 31
7 44
7 6
7 11
7 13
7 17
7 15
7 1
7 22
7 48
7 24
7 34
7 12
7 26
7 37
24
8 23
8 27
8 4
8 18
8 7
8 31
8 19
8 12
8 10
8 37
8 21
8 47
8 14
8 20
8 48
8 41
8 24
8 9
8 22
8 26
8 6
8 43
8 30
8 15
19
9 10
9 41
9 29
9 7
9 42
9 2
9 4
9 35
9 47
9 34
9 43
9 48
9 36
9 18
9 27
9 26
9 37
9 20
9 46
19
10 3
10 25
10 0
10 26
10 46
10 13
10 40
10 27
10 24
10 19
10 31
10 34
10 30
10 45
10 41
10 7
10 18
10 5
10 48
13
11 40
11 3
11 6
11 8
11 9
11 34
11 4
11 24
11 46
11 23
11 10
11 36
11 35
20
12 38
12 27
12 37
12 29
12 13
12 35
12 5
12 24
12 26
12 9
12 21
12 33
12 14
12 40
12 43
12 1
12 49
12 48
12 10
12 22
13
13 6
13 21
13 47
13 26
13 23
13 4
13 14
13 31
13 9
13 3
13 39
13 41
13 38
21
14 36
14 1
14 5
14 34
14 26
14 40
14 42
14 31
14 4
14 27
14 10
14 38
14 35
14 22
14 25
14 7
14 41
14 44
14 2
14 48
14 43
26
15 29
15 3
15 10
15 17
15 22
15 13
15 14
15 25
15 38
15 41
15 12
15 32
15 43
15 16
15 30
15 11
15 28
15 5
15 34
15 2
15 20
15 26
15 1
15 33
15 44
15 23
18
16 46
16 24
16 37
16 31
16 41
16 14
16 3
16 45
16 30
16 8
16 18
16 48
16 38
16 11
16 10
16 19
16 12
16 47
20
17 30
17 16
17 10
17 28
17 27
17 12
17 40
17 8
17 11
17 24
17 2
17 31
17 4
17 42
17 44
17 37
17 49
17 35
17 14
17 9
18
18 26
18 42
18 36
18 48
18 1
18 17
18 15
18 21
18 38
18 28
18 11
18 2
18 14
18 3
18 40
18 43
18 30
18 41
20
19 46
19 3
19 27
19 43
19 44
19 49
19 28
19 0
19 18
19 11
19 5
19 15
19 47
19 13
19 4
19 48
19 17
19 25
19 42
19 39
26
20 23
20 27
20 28
20 11
20 13
20 33
20 12
20 29
20 17
20 1
20 31
20 0
20 14
20 7
20 2
20 18
20 47
20 34
20 19
20 36
20 30
20 42
20 39
20 41
20 10
20 21
28
21 24
21 0
21 33
21 10
21 35
21 42
21 3
21 23
21 27
21 14
21 11
21 16
21 36
21 48
21 46
21 5
21 29
21 25
21 28
21 47
21 32
21 2
21 4
21 30
21 41
21 15
21 17
21 31
17
22 31
22 20
22 40
22 30
22 48
22 29
22 32
22 9
22 34
22 0
22 19
22 13
22 41
22 6
22 10
22 25
22 39
22
23 10
23 40
23 1
23 38
23 19
23 43
23 14
23 28
23 25
23 35
23 9
23 6
23 2
23 12
23 48
23 31
23 24
23 39
23 47
23 30
23 0
23 34
19
24 13
24 15
24 22
24 19
24 43
24 48
24 28
24 9
24 49
24 47
24 3
24 20
24 31
24 2
24 18
24 33
24 14
24 29
24 44
22
25 35
25 9
25 20
25 13
25 1
25 26
25 42
25 44
25 46
25 12
25 18
25 40
25 43
25 8
25 47
25 16
25 39
25 31
25 41
25 34
25 11
25 38
16
26 37
26 22
26 28
26 11
26 16
26 47
26 44
26 21
26 33
26 48
26 23
26 20
26 36
26 38
26 40
26 31
18
27 48
27 13
27 16
27 34
27 23
27 0
27 2
27 43
27 29
27 26
27 37
27 36
27 44
27 33
27 24
27 5
27 28
27 7
16
28 42
28 35
28 7
28 49
28 45
28 48
28 14
28 46
28 16
28 43
28 3
28 12
28 29
28 36
28 6
28 11
20
29 41
29 32
29 11
29 5
29 17
29 25
29 6
29 13
29 14
29 10
29 43
29 8
29 34
29 23
29 40
29 33
29 39
29 26
29 38
29 18
16
30 6
30 40
30 26
30 49
30 33
30 12
30 38
30 25
30 29
30 24
30 27
30 14
30 43
30 31
30 45
30 11
18
31 29
31 32
31 41
31 40
31 36
31 0
31 44
31 5
31 1
31 34
31 15
31 6
31 9
31 42
31 28
31 11
31 33
31 18
22
32 33
32 34
32 37
32 5
32 14
32 20
32 18
32 2
32 12
32 28
32 11
32 27
32 19
32 39
32 48
32 41
32 13
32 35
32 26
32 10
32 25
32 44
19
33 17
33 19
33 23
33 25
33 41
33 43
33 11
33 16
33 9
33 14
33 10
33 6
33 40
33 18
33 2
33 48
33 3
33 8
33 46
17
34 46
34 21
34 30
34 3
34 24
34 8
34 42
34 49
34 45
34 16
34 40
34 13
34 12
34 44
34 18
34 19
34 37
23
35 20
35 41
35 30
35 13
35 2
35 49
35 43
35 16
35 26
35 42
35 29
35 39
35 48
35 5
35 31
35 10
35 19
35 15
35 45
35 18
35 24
35 36
35 8
23
36 34
36 41
36 33
36 30
36 42
36 19
36 13
36 24
36 22
36 43
36 10
36 16
36 2
36 17
36 46
36 12
36 4
36 15
36 47
36 25
36 32
36 37
36 7
18
37 11
37 18
37 49
37 22
37 21
37 13
37 33
37 25
37 30
37 24
37 10
37 31
37 39
37 29
37 46
37 3
37 4
37 2
18
38 20
38 31
38 3
38 28
38 5
38 35
38 33
38 8
38 44
38 45
38 34
38 19
38 46
38 37
38 49
38 10
38 42
38 11
20
39 38
39 0
39 11
39 48
39 31
39 27
39 46
39 12
39 14
39 41
39 7
39 15
39 21
39 26
39 24
39 33
39 28
39 42
39 9
39 34
16
40 24
40 0
40 20
40 13
40 28
40 37
40 2
40 48
40 32
40 19
40 21
40 1
40 9
40 4
40 45
40 36
16
41 43
41 27
41 7
41 5
41 37
41 44
41 28
41 49
41 48
41 4
41 38
41 47
41 1
41 11
41 30
41 34
19
42 37
42 26
42 24
42 5
42 27
42 22
42 8
42 45
42 41
42 6
42 40
42 4
42 46
42 7
42 16
42 13
42 43
42 12
42 32
15
43 1
43 37
43 26
43 11
43 31
43 34
43 22
43 45
43 13
43 40
43 17
43 39
43 6
43 32
43 49
21
44 45
44 28
44 49
44 43
44 13
44 36
44 10
44 4
44 18
44 37
44 8
44 5
44 23
44 35
44 1
44 30
44 0
44 21
44 33
44 20
44 39
23
45 1
45 5
45 15
45 29
45 22
45 13
45 39
45 19
45 3
45 31
45 37
45 23
45 21
45 41
45 6
45 20
45 7
45 33
45 8
45 24
45 27
45 47
45 36
19
46 8
46 17
46 45
46 26
46 6
46 3
46 29
46 12
46 4
46 14
46 20
46 7
46 13
46 35
46 24
46 31
46 18
46 0
46 27
18
47 30
47 39
47 49
47 46
47 43
47 11
47 31
47 3
47 27
47 10
47 48
47 28
47 42
47 22
47 12
47 29
47 40
47 17
12
48 31
48 49
48 1
48 13
48 44
48 17
48 25
48 42
48 46
48 4
48 43
48 15
22
49 0
49 39
49 40
49 14
49 31
49 42
49 18
49 20
49 25
49 13
49 45
49 9
49 32
49 1
49 27
49 15
49 36
49 2
49 22
49 7
49 6
49 4
