50
0 "A48"
1 "A38"
2 "A49"
3 "A3"
4 "A27"
5 "A8"
6 "A23"
7 "A30"
8 "A11"
9 "A0"
10 "A16"
11 "A15"
12 "A34"
13 "A44"
14 "A7"
15 "A36"
16 "A18"
17 "A20"
18 "A22"
19 "A41"
20 "A5"
21 "A19"
22 "A21"
23 "A13"
24 "A2"
25 "A25"
26 "A10"
27 "A1"
28 "A47"
29 "A24"
30 "A33"
31 "A32"
32 "A31"
33 "A9"
34 "A40"
35 "A6"
36 "A43"
37 "A14"
38 "A42"
39 "A17"
40 "A26"
41 "A39"
42 "A4"
43 "A45"
44 "A46"
45 "A28"
46 "A35"
47 "A12"
48 "A37"
49 "A29"
15
0 37
0 38
0 12
0 34
0 46
0 21
0 25
0 16
0 42
0 32
0 24
0 45
0 40
0 14
0 3
15
1 0
1 30
1 19
1 16
1 35
1 21
1 12
1 9
1 10
1 3
1 13
1 6
1 38
1 11
1 32
25
2 9
2 39
2 14
2 46
2 10
2 25
2 6
2 26
2 41
2 47
2 11
2 29
2 15
2 19
2 37
2 38
2 12
2 28
2 32
2 36
2 4
2 43
2 24
2 7
2 27
15
3 9
3 27
3 10
3 22
3 18
3 2
3 39
3 21
3 33
3 24
3 36
3 8
3 35
3 42
3 13
23
4 0
4 49
4 19
4 36
4 18
4 42
4 38
4 45
4 8
4 9
4 24
4 16
4 39
4 43
4 41
4 25
4 34
4 40
4 31
4 32
4 26
4 46
4 30
23
5 6
5 42
5 35
5 10
5 46
5 27
5 44
5 20
5 24
5 12
5 15
5 23
5 3
5 48
5 0
5 47
5 21
5 11
5 2
5 25
5 14
5 33
5 22
17
6 41
6 37
6 42
6 31
6 38
6 3
6 15
6 0
6 20
6 47
6 35
6 25
6 29
6 49
6 9
6 21
6 32
20
7 42
7 6
7 27
7 28
7 20
7 9
7 32
7 35
7 17
7 3
7 19
7 1
7 5
7 37
7 29
7 48
7 23
7 40
7 13
7 0
18
8 40
8 48
8 46
8 39
8 45
8 42
8 6
8 23
8 9
8 33
8 2
8 5
8 38
8 11
8 14
8 37
8 10
8 41
20
9 22
9 35
9 5
9 42
9 16
9 20
9 10
9 13
9 23
9 37
9 34
9 25
9 48
9 18
9 43
9 32
9 24
9 46
9 40
9 0
23
10 4
10 11
10 33
10 22
10 26
10 47
10 45
10 46
10 48
10 42
10 7
10 24
10 15
10 34
10 31
10 6
10 43
10 49
10 12
10 40
10 23
10 16
10 28
24
11 19
11 13
11 31
11 24
11 18
11 26
11 35
11 42
11 3
11 17
11 44
11 32
11 21
11 49
11 22
11 20
11 29
11 6
11 46
11 23
11 7
11 28
11 48
11 41
19
12 45
12 39
12 22
12 3
12 17
12 34
12 9
12 11
12 25
12 21
12 4
12 23
12 49
12 27
12 30
12 38
12 16
12 7
12 31
16
13 10
13 17
13 41
13 27
13 2
13 37
13 33
13 19
13 22
13 12
13 28
13 44
13 24
13 16
13 20
13 5
19
14 47
14 33
14 10
14 20
14 28
14 34
14 13
14 9
14 7
14 1
14 41
14 36
14 37
14 32
14 16
14 27
14 24
14 39
14 18
14
15 34
15 8
15 19
15 3
15 46
15 11
15 18
15 40
15 37
15 30
15 49
15 9
15 14
15 35
16
16 28
16 22
16 8
16 19
16 7
16 15
16 33
16 34
16 30
16 3
16 23
16 26
16 2
16 44
16 37
16 6
24
17 40
17 26
17 32
17 4
17 8
17 15
17 14
17 6
17 27
17 3
17 9
17 36
17 37
17 18
17 45
17 48
17 16
17 28
17 10
17 49
17 29
17 0
17 5
17 46
27
18 29
18 27
18 31
18 43
18 23
18 33
18 0
18 30
18 2
18 46
18 13
18 12
18 19
18 37
18 5
18 47
18 42
18 28
18 35
18 1
18 25
18 8
18 38
18 22
18 36
18 7
18 44
18
19 47
19 12
19 21
19 46
19 3
19 0
19 6
19 43
19 40
19 48
19 10
19 42
19 30
19 44
19 5
19 9
19 26
19 17
15
20 1
20 27
20 25
20 34
20 35
20 18
20 15
20 3
20 41
20 10
20 19
20 2
20 46
20 31
20 44
23
21 40
21 15
21 45
21 2
21 33
21 14
21 47
21 32
21 35
21 7
21 4
21 30
21 20
21 13
21 49
21 44
21 28
21 9
21 48
21 22
21 8
21 10
21 46
22
22 1
22 44
22 4
22 25
22 17
22 23
22 6
22 42
22 8
22 20
22 7
22 33
22 48
22 2
22 0
22 38
22 35
22 34
22 19
22 15
22 14
22 43
21
23 44
23 40
23 15
23 29
23 6
23 45
23 48
23 19
23 1
23 41
23 25
23 42
23 47
23 3
23 13
23 20
23 17
23 46
23 21
23 39
23 43
20
24 6
24 38
24 29
24 48
24 40
24 31
24 32
24 16
24 22
24 43
24 23
24 21
24 20
24 25
24 44
24 35
24 12
24 27
24 41
24 37
19
25 43
25 32
25 48
25 10
25 30
25 27
25 47
25 1
25 3
25 19
25 7
25 15
25 39
25 28
25 16
25 49
25 13
25 38
25 8
22
26 39
26 47
26 45
26 12
26 9
26 18
26 29
26 22
26 15
26 23
26 8
26 32
26 42
26 43
26 25
26 21
26 1
26 6
26 13
26 41
26 24
26 46
19
27 23
27 19
27 30
27 10
27 39
27 34
27 21
27 16
27 31
27 33
27 26
27 49
27 35
27 0
27 42
27 44
27 11
27 28
27 15
14
28 9
28 48
28 37
28 35
28 30
28 19
28 22
28 3
28 0
28 23
28 8
28 36
28 5
28 41
22
29 22
29 41
29 38
29 21
29 37
29 4
29 25
29 1
29 0
29 43
29 14
29 16
29 34
29 47
29 5
29 27
29 35
29 13
29 33
29 3
29 20
29 19
26
30 22
30 35
30 7
30 49
30 42
30 14
30 5
30 26
30 0
30 20
30 10
30 2
30 34
30 11
30 29
30 37
30 33
30 40
30 23
30 3
30 9
30 36
30 31
30 47
30 8
30 17
16
31 25
31 34
31 33
31 44
31 23
31 36
31 47
31 40
31 1
31 22
31 26
31 15
31 5
31 42
31 29
31 7
19
32 20
32 28
32 22
32 41
32 12
32 27
32 8
32 35
32 37
32 46
32 13
32 15
32 38
32 18
32 10
32 3
32 19
32 30
32 34
21
33 32
33 45
33 43
33 24
33 1
33 0
33 19
33 23
33 36
33 4
33 25
33 9
33 6
33 12
33 38
33 17
33 7
33 41
33 26
33 11
33 2
21
34 44
34 46
34 42
34 28
34 24
34 5
34 39
34 8
34 6
34 43
34 23
34 21
34 36
34 11
34 26
34 48
34 13
34 41
34 1
34 25
34 17
19
35 40
35 14
35 33
35 2
35 8
35 46
35 4
35 17
35 48
35 12
35 0
35 38
35 37
35 13
35 31
35 19
35 41
35 26
35 23
16
36 42
36 7
36 40
36 20
36 23
36 5
36 12
36 0
36 29
36 26
36 16
36 6
36 27
36 32
36 24
36 43
19
37 43
37 45
37 39
37 31
37 5
37 34
37 26
37 20
37 25
37 44
37 49
37 21
37 4
37 40
37 11
37 23
37 42
37 22
37 10
22
38 7
38 17
38 44
38 31
38 28
38 13
38 36
38 34
38 40
38 14
38 42
38 19
38 10
38 26
38 45
38 30
38 23
38 21
38 47
38 46
38 41
38 11
21
39 29
39 11
39 16
39 24
39 13
39 17
39 33
39 5
39 41
39 28
39 19
39 44
39 35
39 21
39 45
39 38
39 7
39 32
39 36
39 10
39 0
15
40 46
40 39
40 29
40 34
40 41
40 16
40 25
40 14
40 13
40 49
40 6
40 43
40 27
40 20
40 11
21
41 1
41 3
41 9
41 16
41 44
41 7
41 17
41 21
41 36
41 19
41 12
41 0
41 31
41 43
41 5
41 22
41 37
41 25
41 18
41 48
41 27
19
42 29
42 21
42 20
42 33
42 48
42 24
42 43
42 1
42 40
42 14
42 2
42 44
42 39
42 12
42 16
42 28
42 35
42 15
42 25
17
43 30
43 31
43 1
43 16
43 14
43 39
43 27
43 12
43 38
43 28
43 8
43 15
43 7
43 5
43 46
43 0
43 21
18
44 26
44 8
44 29
44 15
44 3
44 30
44 46
44 10
44 45
44 36
44 6
44 32
44 4
44 17
44 49
44 40
44 43
44 35
22
45 6
45 14
45 24
45 29
45 28
45 3
45 46
45 48
45 34
45 41
45 35
45 40
45 13
45 47
45 42
45 9
45 49
45 27
45 43
45 15
45 19
45 32
11
46 49
46 22
46 31
46 37
46 28
46 6
46 36
46 1
46 39
46 12
46 41
18
47 33
47 9
47 24
47 17
47 15
47 22
47 40
47 28
47 27
47 35
47 37
47 1
47 16
47 4
47 43
47 11
47 3
47 12
24
48 39
48 13
48 18
48 0
48 27
48 29
48 16
48 40
48 12
48 49
48 38
48 43
48 47
48 37
48 3
48 2
48 36
48 4
48 1
48 44
48 30
48 32
48 15
48 26
27
49 7
49 9
49 24
49 31
49 36
49 32
49 35
49 28
49 42
49 47
49 34
49 0
49 29
49 14
49 41
49 33
49 18
49 20
49 39
49 26
49 3
49 19
49 22
49 13
49 38
49 2
49 8
