50
0 "A48"
1 "A38"
2 "A49"
3 "A3"
4 "A27"
5 "A8"
6 "A23"
7 "A30"
8 "A11"
9 "A0"
10 "A16"
11 "A15"
12 "A34"
13 "A44"
14 "A7"
15 "A36"
16 "A18"
17 "A20"
18 "A22"
19 "A41"
20 "A5"
21 "A19"
22 "A21"
23 "A13"
24 "A2"
25 "A25"
26 "A10"
27 "A1"
28 "A47"
29 "A24"
30 "A33"
31 "A32"
32 "A31"
33 "A9"
34 "A40"
35 "A6"
36 "A43"
37 "A14"
38 "A42"
39 "A17"
40 "A26"
41 "A39"
42 "A4"
43 "A45"
44 "A46"
45 "A28"
46 "A35"
47 "A12"
48 "A37"
49 "A29"
16
0 47
0 40
0 4
0 12
0 21
0 25
0 38
0 37
0 8
0 42
0 26
0 45
0 24
0 2
0 17
0 35
17
1 10
1 8
1 27
1 47
1 12
1 45
1 11
1 32
1 21
1 39
1 6
1 30
1 7
1 13
1 44
1 18
1 9
20
2 28
2 32
2 1
2 7
2 10
2 31
2 48
2 34
2 47
2 43
2 11
2 46
2 39
2 36
2 24
2 12
2 26
2 25
2 3
2 49
18
3 22
3 1
3 0
3 34
3 39
3 17
3 37
3 13
3 42
3 14
3 8
3 26
3 36
3 5
3 25
3 23
3 11
3 28
18
4 8
4 46
4 31
4 1
4 18
4 27
4 6
4 28
4 9
4 42
4 25
4 17
4 41
4 35
4 24
4 38
4 37
4 26
18
5 8
5 27
5 15
5 21
5 43
5 29
5 41
5 12
5 11
5 2
5 44
5 0
5 45
5 24
5 33
5 25
5 1
5 6
16
6 7
6 15
6 26
6 21
6 42
6 30
6 0
6 3
6 39
6 2
6 27
6 38
6 49
6 24
6 28
6 29
16
7 42
7 47
7 35
7 46
7 29
7 34
7 41
7 33
7 3
7 8
7 48
7 37
7 32
7 25
7 17
7 5
22
8 10
8 43
8 9
8 24
8 19
8 23
8 28
8 31
8 29
8 49
8 45
8 42
8 27
8 14
8 47
8 11
8 18
8 37
8 33
8 39
8 34
8 12
17
9 27
9 24
9 31
9 32
9 25
9 10
9 30
9 28
9 23
9 40
9 43
9 26
9 5
9 20
9 3
9 0
9 6
24
10 41
10 6
10 27
10 22
10 7
10 49
10 46
10 43
10 37
10 17
10 45
10 29
10 33
10 39
10 4
10 5
10 20
10 36
10 40
10 23
10 3
10 35
10 16
10 34
22
11 4
11 12
11 31
11 21
11 36
11 15
11 22
11 32
11 0
11 20
11 7
11 18
11 19
11 6
11 23
11 45
11 26
11 28
11 49
11 35
11 10
11 42
17
12 39
12 14
12 18
12 4
12 20
12 27
12 25
12 48
12 42
12 7
12 3
12 6
12 28
12 21
12 41
12 10
12 17
24
13 14
13 12
13 2
13 27
13 10
13 37
13 28
13 4
13 0
13 33
13 39
13 32
13 43
13 20
13 17
13 19
13 7
13 5
13 41
13 8
13 16
13 42
13 44
13 46
22
14 2
14 47
14 24
14 46
14 7
14 10
14 9
14 6
14 48
14 21
14 11
14 17
14 4
14 18
14 39
14 32
14 5
14 1
14 27
14 20
14 22
14 35
17
15 40
15 37
15 49
15 29
15 39
15 7
15 33
15 9
15 4
15 14
15 22
15 42
15 21
15 12
15 3
15 24
15 1
17
16 18
16 2
16 14
16 3
16 40
16 20
16 9
16 37
16 0
16 44
16 28
16 12
16 15
16 41
16 17
16 27
16 1
21
17 31
17 49
17 5
17 6
17 27
17 46
17 25
17 18
17 20
17 29
17 11
17 15
17 9
17 2
17 47
17 40
17 22
17 36
17 26
17 32
17 48
16
18 37
18 23
18 19
18 5
18 47
18 2
18 41
18 42
18 6
18 22
18 29
18 45
18 21
18 10
18 33
18 34
17
19 20
19 41
19 0
19 26
19 14
19 46
19 2
19 9
19 10
19 15
19 35
19 48
19 21
19 3
19 16
19 33
19 42
17
20 8
20 26
20 42
20 46
20 18
20 15
20 34
20 3
20 41
20 43
20 29
20 31
20 39
20 22
20 28
20 44
20 4
19
21 2
21 33
21 13
21 31
21 16
21 3
21 9
21 29
21 38
21 4
21 25
21 32
21 28
21 8
21 10
21 20
21 49
21 45
21 7
20
22 25
22 0
22 26
22 1
22 2
22 19
22 13
22 38
22 6
22 45
22 36
22 9
22 4
22 12
22 8
22 16
22 24
22 7
22 21
22 39
24
23 29
23 28
23 14
23 41
23 39
23 42
23 44
23 1
23 17
23 19
23 2
23 35
23 31
23 12
23 24
23 36
23 4
23 49
23 32
23 21
23 38
23 13
23 26
23 7
18
24 25
24 40
24 31
24 13
24 44
24 38
24 17
24 41
24 48
24 12
24 21
24 49
24 10
24 26
24 45
24 37
24 16
24 28
21
25 13
25 48
25 36
25 30
25 16
25 14
25 1
25 38
25 19
25 15
25 18
25 39
25 49
25 35
25 20
25 44
25 8
25 47
25 45
25 34
25 10
13
26 8
26 31
26 1
26 18
26 33
26 48
26 46
26 21
26 13
26 45
26 41
26 5
26 10
17
27 28
27 44
27 30
27 41
27 29
27 31
27 42
27 15
27 24
27 3
27 0
27 2
27 26
27 35
27 21
27 11
27 20
14
28 40
28 36
28 18
28 45
28 48
28 19
28 25
28 0
28 5
28 1
28 41
28 35
28 14
28 22
24
29 41
29 38
29 33
29 40
29 35
29 1
29 36
29 46
29 4
29 2
29 47
29 25
29 28
29 11
29 3
29 22
29 14
29 13
29 44
29 16
29 19
29 12
29 42
29 34
23
30 11
30 0
30 29
30 40
30 10
30 26
30 37
30 44
30 23
30 14
30 5
30 36
30 48
30 2
30 34
30 8
30 17
30 4
30 3
30 22
30 16
30 42
30 15
19
31 7
31 25
31 22
31 15
31 41
31 48
31 40
31 44
31 29
31 10
31 1
31 34
31 13
31 16
31 30
31 3
31 14
31 42
31 33
21
32 18
32 4
32 29
32 19
32 3
32 8
32 30
32 24
32 27
32 34
32 15
32 20
32 36
32 48
32 46
32 35
32 41
32 6
32 45
32 16
32 44
20
33 41
33 32
33 1
33 44
33 2
33 4
33 34
33 25
33 20
33 16
33 9
33 30
33 28
33 23
33 36
33 12
33 6
33 38
33 11
33 24
21
34 22
34 14
34 27
34 24
34 42
34 44
34 6
34 26
34 11
34 0
34 21
34 48
34 41
34 9
34 5
34 16
34 13
34 19
34 4
34 17
34 1
21
35 31
35 49
35 5
35 46
35 8
35 41
35 6
35 15
35 47
35 2
35 24
35 33
35 36
35 16
35 20
35 21
35 13
35 17
35 12
35 26
35 40
18
36 0
36 8
36 7
36 43
36 48
36 12
36 46
36 47
36 18
36 42
36 34
36 16
36 19
36 6
36 20
36 27
36 26
36 13
21
37 11
37 23
37 31
37 41
37 28
37 2
37 20
37 43
37 39
37 1
37 5
37 26
37 25
37 34
37 32
37 35
37 12
37 47
37 21
37 29
37 19
24
38 36
38 7
38 40
38 17
38 10
38 20
38 28
38 15
38 16
38 31
38 13
38 30
38 34
38 11
38 35
38 8
38 3
38 45
38 18
38 32
38 19
38 41
38 5
38 1
22
39 19
39 24
39 33
39 17
39 7
39 35
39 18
39 4
39 44
39 34
39 5
39 16
39 28
39 49
39 29
39 11
39 0
39 32
39 45
39 41
39 31
39 36
24
40 3
40 25
40 7
40 11
40 12
40 20
40 44
40 36
40 26
40 32
40 8
40 39
40 18
40 14
40 6
40 41
40 37
40 22
40 23
40 27
40 33
40 2
40 4
40 21
17
41 43
41 0
41 17
41 22
41 15
41 25
41 21
41 36
41 46
41 8
41 3
41 1
41 11
41 2
41 9
41 6
41 44
18
42 46
42 25
42 33
42 47
42 37
42 1
42 17
42 43
42 16
42 35
42 39
42 26
42 48
42 9
42 2
42 24
42 10
42 28
20
43 27
43 7
43 38
43 1
43 46
43 21
43 0
43 30
43 26
43 31
43 4
43 14
43 24
43 25
43 23
43 45
43 22
43 19
43 6
43 39
23
44 12
44 49
44 26
44 43
44 38
44 48
44 21
44 36
44 42
44 6
44 35
44 15
44 7
44 9
44 11
44 8
44 10
44 4
44 17
44 45
44 18
44 3
44 0
19
45 15
45 19
45 47
45 12
45 41
45 29
45 13
45 36
45 42
45 48
45 34
45 16
45 33
45 6
45 3
45 20
45 30
45 17
45 40
23
46 27
46 12
46 45
46 22
46 44
46 11
46 25
46 28
46 0
46 37
46 18
46 6
46 31
46 8
46 23
46 38
46 24
46 33
46 3
46 16
46 34
46 39
46 40
21
47 3
47 34
47 39
47 40
47 48
47 19
47 28
47 31
47 30
47 38
47 12
47 21
47 10
47 43
47 33
47 16
47 13
47 26
47 4
47 6
47 5
20
48 39
48 27
48 4
48 40
48 9
48 5
48 13
48 37
48 18
48 6
48 1
48 33
48 3
48 43
48 0
48 35
48 29
48 46
48 16
48 49
23
49 45
49 19
49 42
49 9
49 34
49 7
49 36
49 32
49 47
49 41
49 14
49 12
49 4
49 37
49 29
49 46
49 26
49 40
49 27
49 20
49 28
49 13
49 3
