50
0 "A39"
1 "A49"
2 "A9"
3 "A10"
4 "A32"
5 "A46"
6 "A47"
7 "A12"
8 "A29"
9 "A20"
10 "A43"
11 "A16"
12 "A37"
13 "A4"
14 "A6"
15 "A3"
16 "A22"
17 "A15"
18 "A26"
19 "A30"
20 "A17"
21 "A44"
22 "A45"
23 "A21"
24 "A19"
25 "A11"
26 "A18"
27 "A28"
28 "A34"
29 "A13"
30 "A23"
31 "A1"
32 "A40"
33 "A5"
34 "A42"
35 "A2"
36 "A48"
37 "A24"
38 "A8"
39 "A31"
40 "A25"
41 "A35"
42 "A41"
43 "A36"
44 "A27"
45 "A33"
46 "A7"
47 "A14"
48 "A38"
49 "A0"
18
0 42
0 11
0 3
0 1
0 13
0 12
0 21
0 15
0 5
0 46
0 40
0 34
0 48
0 24
0 20
0 38
0 41
0 6
18
1 5
1 6
1 43
1 30
1 36
1 2
1 13
1 49
1 29
1 39
1 31
1 8
1 26
1 45
1 40
1 7
1 35
1 37
23
2 26
2 0
2 32
2 15
2 47
2 42
2 44
2 38
2 39
2 14
2 27
2 23
2 7
2 43
2 41
2 31
2 48
2 36
2 10
2 16
2 35
2 37
2 8
22
3 22
3 49
3 45
3 31
3 10
3 47
3 13
3 36
3 5
3 9
3 15
3 39
3 26
3 1
3 42
3 29
3 24
3 32
3 43
3 37
3 2
3 25
24
4 13
4 2
4 6
4 0
4 36
4 16
4 8
4 15
4 34
4 19
4 5
4 41
4 29
4 17
4 30
4 45
4 20
4 26
4 25
4 1
4 44
4 3
4 43
4 18
18
5 27
5 6
5 35
5 8
5 2
5 14
5 34
5 39
5 19
5 18
5 37
5 24
5 30
5 41
5 48
5 13
5 47
5 16
17
6 44
6 42
6 41
6 31
6 29
6 38
6 30
6 19
6 12
6 24
6 46
6 18
6 35
6 15
6 13
6 16
6 25
24
7 41
7 9
7 13
7 42
7 10
7 21
7 0
7 38
7 31
7 3
7 46
7 26
7 14
7 32
7 35
7 34
7 5
7 6
7 28
7 16
7 4
7 47
7 23
7 33
21
8 42
8 37
8 38
8 3
8 15
8 14
8 46
8 35
8 17
8 16
8 22
8 0
8 47
8 25
8 18
8 7
8 10
8 9
8 40
8 6
8 31
25
9 40
9 21
9 25
9 38
9 22
9 28
9 24
9 46
9 36
9 12
9 37
9 0
9 17
9 27
9 45
9 30
9 4
9 42
9 29
9 15
9 35
9 13
9 31
9 1
9 5
20
10 4
10 22
10 18
10 13
10 9
10 17
10 0
10 21
10 15
10 39
10 34
10 14
10 24
10 19
10 5
10 1
10 30
10 40
10 47
10 46
22
11 35
11 42
11 30
11 20
11 5
11 26
11 8
11 33
11 41
11 37
11 17
11 36
11 22
11 44
11 7
11 40
11 28
11 32
11 9
11 3
11 6
11 21
23
12 1
12 26
12 46
12 11
12 15
12 22
12 32
12 42
12 29
12 5
12 49
12 37
12 47
12 30
12 18
12 21
12 7
12 8
12 35
12 4
12 36
12 19
12 10
16
13 28
13 2
13 29
13 12
13 23
13 16
13 39
13 20
13 34
13 21
13 15
13 27
13 8
13 38
13 40
13 30
22
14 47
14 9
14 4
14 0
14 24
14 16
14 3
14 22
14 30
14 12
14 26
14 20
14 40
14 42
14 43
14 25
14 49
14 31
14 39
14 17
14 37
14 15
15
15 35
15 41
15 49
15 33
15 38
15 16
15 22
15 45
15 47
15 26
15 11
15 48
15 44
15 20
15 23
18
16 44
16 11
16 0
16 3
16 19
16 49
16 33
16 26
16 37
16 1
16 47
16 27
16 17
16 48
16 45
16 32
16 9
16 12
16
17 39
17 24
17 12
17 6
17 31
17 42
17 1
17 0
17 7
17 2
17 3
17 40
17 46
17 21
17 32
17 41
21
18 13
18 16
18 31
18 35
18 23
18 7
18 39
18 29
18 38
18 22
18 3
18 24
18 34
18 36
18 2
18 44
18 30
18 9
18 15
18 32
18 1
19
19 49
19 15
19 23
19 21
19 8
19 0
19 35
19 42
19 3
19 43
19 46
19 28
19 1
19 36
19 44
19 2
19 9
19 30
19 17
24
20 7
20 17
20 1
20 22
20 49
20 32
20 8
20 12
20 40
20 43
20 2
20 46
20 34
20 28
20 10
20 9
20 41
20 45
20 6
20 3
20 19
20 27
20 26
20 24
22
21 34
21 49
21 1
21 25
21 5
21 44
21 14
21 37
21 30
21 22
21 16
21 15
21 23
21 26
21 8
21 45
21 24
21 31
21 6
21 40
21 18
21 2
16
22 0
22 30
22 7
22 5
22 23
22 28
22 1
22 48
22 36
22 35
22 16
22 34
22 25
22 26
22 42
22 24
18
23 0
23 6
23 49
23 8
23 16
23 48
23 33
23 37
23 46
23 40
23 36
23 32
23 10
23 14
23 35
23 1
23 34
23 11
18
24 28
24 44
24 45
24 48
24 40
24 39
24 11
24 27
24 19
24 15
24 7
24 16
24 13
24 1
24 32
24 47
24 36
24 46
22
25 15
25 27
25 10
25 5
25 16
25 38
25 41
25 33
25 2
25 24
25 11
25 42
25 7
25 31
25 23
25 44
25 17
25 45
25 20
25 49
25 0
25 34
15
26 48
26 10
26 24
26 25
26 13
26 0
26 39
26 28
26 17
26 35
26 5
26 45
26 47
26 9
26 43
24
27 47
27 30
27 35
27 48
27 10
27 42
27 26
27 44
27 22
27 39
27 19
27 38
27 33
27 14
27 3
27 12
27 15
27 45
27 21
27 17
27 1
27 4
27 7
27 23
18
28 27
28 33
28 3
28 45
28 0
28 16
28 46
28 39
28 18
28 6
28 44
28 5
28 2
28 47
28 40
28 12
28 17
28 8
20
29 23
29 24
29 19
29 21
29 11
29 38
29 25
29 33
29 28
29 36
29 17
29 20
29 27
29 26
29 44
29 14
29 45
29 2
29 10
29 16
14
30 35
30 8
30 37
30 42
30 17
30 46
30 38
30 40
30 2
30 24
30 45
30 32
30 15
30 26
23
31 28
31 13
31 37
31 23
31 27
31 12
31 30
31 39
31 24
31 44
31 49
31 11
31 41
31 48
31 10
31 15
31 26
31 42
31 16
31 22
31 19
31 4
31 29
21
32 10
32 26
32 0
32 41
32 19
32 27
32 39
32 21
32 28
32 36
32 31
32 15
32 35
32 14
32 8
32 9
32 5
32 46
32 29
32 42
32 25
19
33 20
33 44
33 0
33 2
33 22
33 42
33 4
33 46
33 37
33 49
33 21
33 6
33 24
33 17
33 18
33 1
33 41
33 34
33 36
17
34 42
34 47
34 30
34 35
34 1
34 16
34 48
34 19
34 15
34 26
34 29
34 39
34 2
34 8
34 31
34 32
34 6
18
35 24
35 42
35 43
35 29
35 0
35 48
35 17
35 3
35 44
35 4
35 40
35 20
35 45
35 47
35 14
35 13
35 10
35 21
22
36 28
36 30
36 8
36 10
36 42
36 25
36 39
36 6
36 20
36 15
36 38
36 27
36 21
36 13
36 17
36 46
36 34
36 26
36 16
36 43
36 44
36 5
20
37 38
37 10
37 15
37 6
37 49
37 22
37 17
37 46
37 24
37 19
37 29
37 47
37 27
37 26
37 13
37 34
37 44
37 42
37 43
37 35
14
38 14
38 21
38 28
38 20
38 49
38 17
38 43
38 31
38 16
38 34
38 33
38 24
38 19
38 4
18
39 37
39 16
39 8
39 19
39 22
39 41
39 9
39 40
39 0
39 12
39 35
39 30
39 25
39 47
39 6
39 46
39 38
39 20
21
40 49
40 43
40 46
40 27
40 41
40 3
40 15
40 34
40 12
40 48
40 47
40 18
40 19
40 45
40 36
40 32
40 2
40 29
40 33
40 16
40 38
22
41 34
41 19
41 8
41 10
41 12
41 35
41 29
41 46
41 9
41 26
41 1
41 43
41 18
41 27
41 13
41 24
41 49
41 38
41 28
41 14
41 37
41 3
11
42 40
42 48
42 4
42 18
42 46
42 15
42 24
42 1
42 41
42 39
42 10
17
43 27
43 16
43 8
43 0
43 30
43 32
43 13
43 17
43 21
43 22
43 42
43 11
43 9
43 18
43 25
43 31
43 23
19
44 48
44 20
44 26
44 17
44 32
44 38
44 12
44 10
44 42
44 30
44 1
44 7
44 22
44 43
44 13
44 5
44 9
44 40
44 8
22
45 2
45 23
45 42
45 41
45 44
45 13
45 19
45 47
45 32
45 39
45 8
45 14
45 49
45 18
45 0
45 10
45 5
45 36
45 22
45 11
45 37
45 17
18
46 35
46 21
46 31
46 44
46 34
46 5
46 45
46 3
46 29
46 1
46 38
46 11
46 16
46 14
46 22
46 13
46 18
46 2
23
47 19
47 38
47 21
47 22
47 29
47 11
47 17
47 1
47 23
47 9
47 25
47 4
47 31
47 32
47 18
47 30
47 46
47 0
47 13
47 6
47 33
47 49
47 44
19
48 10
48 12
48 28
48 39
48 41
48 11
48 29
48 3
48 46
48 14
48 30
48 1
48 19
48 37
48 18
48 20
48 38
48 25
48 43
23
49 30
49 32
49 44
49 29
49 24
49 26
49 11
49 4
49 17
49 36
49 10
49 27
49 46
49 34
49 48
49 13
49 28
49 5
49 18
49 43
49 39
49 7
49 35
