50
0 "A7"
1 "A29"
2 "A22"
3 "A8"
4 "A0"
5 "A16"
6 "A9"
7 "A5"
8 "A30"
9 "A33"
10 "A37"
11 "A2"
12 "A40"
13 "A18"
14 "A39"
15 "A42"
16 "A3"
17 "A13"
18 "A47"
19 "A17"
20 "A15"
21 "A31"
22 "A24"
23 "A27"
24 "A43"
25 "A4"
26 "A28"
27 "A44"
28 "A11"
29 "A32"
30 "A48"
31 "A20"
32 "A26"
33 "A23"
34 "A25"
35 "A35"
36 "A46"
37 "A34"
38 "A6"
39 "A21"
40 "A45"
41 "A14"
42 "A41"
43 "A36"
44 "A19"
45 "A10"
46 "A12"
47 "A38"
48 "A1"
49 "A49"
22
0 26
0 20
0 46
0 12
0 47
0 27
0 28
0 42
0 40
0 7
0 29
0 32
0 33
0 49
0 19
0 1
0 5
0 38
0 30
0 3
0 4
0 34
16
1 46
1 13
1 23
1 29
1 6
1 14
1 21
1 44
1 12
1 18
1 38
1 39
1 11
1 7
1 17
1 5
19
2 38
2 12
2 36
2 41
2 15
2 27
2 0
2 24
2 47
2 19
2 44
2 13
2 14
2 23
2 9
2 21
2 40
2 30
2 4
21
3 5
3 42
3 2
3 30
3 19
3 32
3 15
3 4
3 8
3 38
3 1
3 27
3 6
3 41
3 29
3 47
3 20
3 36
3 39
3 46
3 31
19
4 15
4 45
4 31
4 43
4 32
4 24
4 40
4 29
4 18
4 13
4 48
4 47
4 44
4 5
4 38
4 19
4 1
4 35
4 21
21
5 43
5 18
5 45
5 17
5 30
5 31
5 11
5 41
5 9
5 21
5 15
5 36
5 32
5 44
5 19
5 33
5 23
5 26
5 48
5 47
5 28
17
6 29
6 4
6 14
6 5
6 46
6 20
6 0
6 22
6 9
6 48
6 10
6 2
6 34
6 7
6 13
6 21
6 18
14
7 39
7 23
7 46
7 11
7 15
7 45
7 26
7 27
7 3
7 2
7 40
7 9
7 47
7 4
19
8 27
8 14
8 1
8 9
8 16
8 4
8 21
8 34
8 6
8 13
8 2
8 43
8 44
8 39
8 40
8 0
8 37
8 10
8 12
14
9 38
9 24
9 27
9 42
9 4
9 44
9 30
9 18
9 1
9 43
9 40
9 32
9 11
9 22
22
10 40
10 29
10 22
10 47
10 46
10 0
10 44
10 31
10 38
10 37
10 1
10 45
10 9
10 3
10 49
10 2
10 25
10 26
10 5
10 18
10 17
10 35
19
11 20
11 0
11 33
11 37
11 48
11 2
11 38
11 18
11 6
11 4
11 46
11 15
11 22
11 12
11 10
11 26
11 17
11 29
11 49
20
12 39
12 36
12 37
12 16
12 5
12 6
12 25
12 14
12 27
12 48
12 22
12 3
12 7
12 42
12 4
12 9
12 34
12 30
12 20
12 35
16
13 46
13 16
13 12
13 35
13 23
13 21
13 18
13 37
13 3
13 47
13 11
13 32
13 29
13 24
13 10
13 43
16
14 9
14 0
14 20
14 7
14 29
14 34
14 25
14 4
14 39
14 41
14 16
14 11
14 45
14 38
14 46
14 13
22
15 17
15 32
15 19
15 8
15 48
15 20
15 46
15 22
15 23
15 42
15 34
15 26
15 13
15 12
15 14
15 1
15 9
15 47
15 37
15 28
15 25
15 21
20
16 2
16 11
16 6
16 38
16 4
16 36
16 15
16 3
16 45
16 18
16 17
16 20
16 10
16 9
16 33
16 1
16 7
16 31
16 40
16 49
19
17 44
17 32
17 14
17 7
17 27
17 9
17 41
17 25
17 21
17 29
17 48
17 18
17 37
17 46
17 12
17 26
17 8
17 40
17 49
15
18 47
18 7
18 37
18 21
18 42
18 8
18 40
18 15
18 14
18 31
18 2
18 32
18 3
18 38
18 26
15
19 32
19 14
19 1
19 9
19 41
19 43
19 8
19 10
19 17
19 30
19 36
19 25
19 18
19 6
19 42
17
20 47
20 19
20 28
20 49
20 39
20 43
20 4
20 17
20 13
20 44
20 35
20 40
20 37
20 18
20 29
20 2
20 31
19
21 36
21 20
21 24
21 41
21 10
21 40
21 16
21 32
21 38
21 3
21 31
21 26
21 42
21 11
21 28
21 43
21 34
21 22
21 0
24
22 37
22 5
22 13
22 25
22 20
22 16
22 28
22 35
22 33
22 14
22 38
22 7
22 23
22 49
22 46
22 17
22 8
22 4
22 1
22 0
22 19
22 47
22 18
22 2
23
23 14
23 26
23 29
23 19
23 40
23 10
23 44
23 11
23 18
23 24
23 33
23 6
23 28
23 0
23 46
23 41
23 49
23 39
23 16
23 43
23 9
23 12
23 45
22
24 38
24 14
24 15
24 7
24 12
24 8
24 17
24 41
24 45
24 28
24 11
24 37
24 35
24 3
24 31
24 29
24 30
24 0
24 20
24 33
24 19
24 10
16
25 0
25 26
25 29
25 23
25 9
25 44
25 1
25 46
25 4
25 16
25 7
25 24
25 2
25 3
25 18
25 8
20
26 36
26 31
26 9
26 14
26 49
26 3
26 8
26 13
26 27
26 42
26 41
26 19
26 20
26 24
26 34
26 4
26 22
26 33
26 1
26 16
19
27 46
27 32
27 34
27 20
27 15
27 40
27 43
27 16
27 19
27 39
27 1
27 36
27 22
27 23
27 29
27 13
27 48
27 25
27 11
20
28 19
28 29
28 49
28 25
28 11
28 37
28 3
28 1
28 26
28 38
28 16
28 6
28 18
28 46
28 9
28 12
28 47
28 17
28 4
28 14
14
29 19
29 47
29 44
29 42
29 7
29 35
29 49
29 26
29 48
29 40
29 15
29 8
29 9
29 16
22
30 42
30 38
30 28
30 48
30 32
30 45
30 26
30 11
30 49
30 14
30 13
30 23
30 40
30 21
30 7
30 43
30 25
30 4
30 17
30 22
30 8
30 33
24
31 35
31 14
31 45
31 27
31 40
31 12
31 39
31 46
31 17
31 37
31 19
31 30
31 48
31 32
31 7
31 22
31 0
31 28
31 29
31 38
31 13
31 1
31 41
31 36
20
32 42
32 10
32 8
32 22
32 44
32 7
32 49
32 1
32 20
32 12
32 24
32 28
32 43
32 25
32 14
32 33
32 2
32 26
32 36
32 46
23
33 25
33 21
33 44
33 29
33 34
33 9
33 12
33 48
33 18
33 20
33 28
33 46
33 31
33 3
33 17
33 10
33 47
33 8
33 6
33 27
33 4
33 1
33 2
20
34 38
34 30
34 40
34 32
34 28
34 43
34 17
34 16
34 4
34 7
34 1
34 22
34 23
34 47
34 42
34 45
34 10
34 29
34 25
34 5
29
35 6
35 30
35 19
35 45
35 37
35 28
35 15
35 26
35 27
35 7
35 46
35 23
35 21
35 16
35 33
35 44
35 39
35 0
35 11
35 34
35 14
35 17
35 2
35 25
35 41
35 1
35 9
35 32
35 8
23
36 47
36 10
36 20
36 23
36 24
36 4
36 0
36 11
36 29
36 8
36 42
36 13
36 48
36 28
36 49
36 15
36 17
36 14
36 7
36 34
36 22
36 6
36 33
26
37 2
37 3
37 27
37 4
37 16
37 1
37 34
37 46
37 29
37 40
37 30
37 14
37 23
37 33
37 25
37 38
37 45
37 0
37 7
37 21
37 39
37 47
37 9
37 6
37 36
37 32
16
38 27
38 19
38 32
38 29
38 7
38 41
38 15
38 33
38 48
38 47
38 5
38 13
38 17
38 12
38 25
38 35
25
39 19
39 32
39 24
39 5
39 49
39 17
39 21
39 18
39 28
39 25
39 26
39 47
39 33
39 13
39 15
39 45
39 34
39 46
39 16
39 40
39 29
39 38
39 9
39 2
39 0
15
40 25
40 47
40 5
40 44
40 33
40 6
40 42
40 49
40 36
40 1
40 12
40 19
40 15
40 46
40 26
23
41 6
41 33
41 36
41 15
41 0
41 30
41 7
41 48
41 12
41 4
41 37
41 29
41 40
41 39
41 1
41 43
41 13
41 47
41 28
41 10
41 11
41 42
41 22
21
42 7
42 23
42 47
42 37
42 22
42 38
42 2
42 10
42 33
42 1
42 11
42 35
42 5
42 13
42 25
42 49
42 39
42 44
42 27
42 6
42 17
24
43 17
43 33
43 10
43 24
43 2
43 16
43 36
43 44
43 15
43 46
43 35
43 18
43 7
43 6
43 37
43 40
43 3
43 31
43 38
43 25
43 39
43 22
43 12
43 48
19
44 7
44 26
44 0
44 31
44 13
44 24
44 37
44 34
44 22
44 46
44 14
44 15
44 11
44 38
44 48
44 41
44 16
44 36
44 3
25
45 26
45 33
45 41
45 47
45 38
45 44
45 21
45 6
45 19
45 18
45 22
45 15
45 49
45 25
45 11
45 32
45 13
45 40
45 27
45 48
45 42
45 29
45 8
45 17
45 20
16
46 20
46 21
46 42
46 29
46 41
46 4
46 36
46 16
46 48
46 30
46 18
46 2
46 47
46 8
46 19
46 45
15
47 48
47 21
47 35
47 6
47 25
47 27
47 8
47 1
47 19
47 26
47 31
47 14
47 30
47 16
47 11
16
48 25
48 35
48 21
48 2
48 42
48 13
48 39
48 18
48 20
48 3
48 28
48 0
48 8
48 37
48 1
48 7
18
49 18
49 47
49 5
49 15
49 38
49 8
49 27
49 13
49 33
49 3
49 21
49 14
49 35
49 41
49 4
49 34
49 48
49 31
