50
0 "A37"
1 "A26"
2 "A49"
3 "A0"
4 "A4"
5 "A31"
6 "A23"
7 "A9"
8 "A36"
9 "A45"
10 "A6"
11 "A19"
12 "A22"
13 "A5"
14 "A11"
15 "A8"
16 "A13"
17 "A15"
18 "A42"
19 "A21"
20 "A48"
21 "A47"
22 "A34"
23 "A1"
24 "A20"
25 "A30"
26 "A14"
27 "A7"
28 "A12"
29 "A33"
30 "A17"
31 "A3"
32 "A18"
33 "A41"
34 "A46"
35 "A25"
36 "A28"
37 "A16"
38 "A35"
39 "A38"
40 "A27"
41 "A40"
42 "A10"
43 "A24"
44 "A39"
45 "A2"
46 "A43"
47 "A44"
48 "A32"
49 "A29"
20
0 20
0 40
0 38
0 10
0 30
0 37
0 3
0 6
0 29
0 2
0 18
0 31
0 15
0 39
0 45
0 23
0 21
0 44
0 35
0 17
21
1 24
1 17
1 32
1 36
1 38
1 37
1 48
1 42
1 44
1 15
1 2
1 5
1 41
1 27
1 9
1 49
1 19
1 16
1 40
1 29
1 4
21
2 27
2 21
2 34
2 45
2 5
2 12
2 29
2 30
2 25
2 17
2 19
2 10
2 11
2 6
2 36
2 33
2 39
2 31
2 15
2 48
2 16
17
3 26
3 45
3 6
3 48
3 16
3 22
3 37
3 12
3 42
3 1
3 39
3 49
3 47
3 9
3 40
3 11
3 14
12
4 18
4 35
4 11
4 46
4 48
4 15
4 33
4 0
4 2
4 29
4 32
4 49
29
5 48
5 47
5 23
5 31
5 36
5 28
5 16
5 4
5 27
5 6
5 46
5 20
5 24
5 30
5 40
5 32
5 14
5 12
5 35
5 45
5 18
5 19
5 25
5 34
5 9
5 3
5 21
5 43
5 0
21
6 31
6 19
6 12
6 48
6 17
6 39
6 30
6 9
6 36
6 15
6 45
6 14
6 1
6 16
6 8
6 27
6 21
6 29
6 33
6 28
6 26
16
7 28
7 30
7 47
7 19
7 11
7 9
7 4
7 5
7 46
7 18
7 3
7 24
7 35
7 0
7 14
7 1
18
8 11
8 4
8 31
8 43
8 38
8 2
8 1
8 45
8 18
8 5
8 27
8 21
8 13
8 0
8 37
8 42
8 25
8 7
16
9 24
9 25
9 13
9 44
9 45
9 4
9 42
9 43
9 0
9 34
9 15
9 46
9 40
9 30
9 8
9 23
21
10 30
10 47
10 4
10 20
10 41
10 42
10 3
10 39
10 27
10 9
10 49
10 16
10 26
10 33
10 21
10 25
10 15
10 48
10 13
10 38
10 23
19
11 46
11 6
11 9
11 47
11 26
11 13
11 10
11 5
11 1
11 25
11 17
11 42
11 38
11 0
11 29
11 21
11 22
11 23
11 35
24
12 41
12 45
12 8
12 26
12 49
12 31
12 44
12 36
12 30
12 32
12 7
12 43
12 15
12 42
12 22
12 0
12 9
12 11
12 20
12 34
12 1
12 33
12 14
12 18
24
13 6
13 18
13 35
13 3
13 12
13 7
13 33
13 15
13 47
13 0
13 21
13 37
13 28
13 34
13 48
13 4
13 32
13 2
13 1
13 30
13 31
13 26
13 23
13 5
23
14 37
14 42
14 0
14 39
14 20
14 34
14 40
14 41
14 13
14 47
14 26
14 33
14 2
14 48
14 1
14 49
14 36
14 35
14 43
14 18
14 44
14 9
14 11
22
15 40
15 45
15 8
15 25
15 41
15 29
15 17
15 37
15 31
15 7
15 47
15 46
15 23
15 18
15 20
15 33
15 19
15 26
15 3
15 36
15 14
15 28
24
16 43
16 7
16 21
16 39
16 25
16 14
16 28
16 42
16 38
16 9
16 48
16 26
16 36
16 40
16 46
16 19
16 47
16 33
16 12
16 31
16 44
16 11
16 24
16 15
22
17 32
17 25
17 4
17 3
17 48
17 9
17 37
17 21
17 8
17 29
17 40
17 22
17 27
17 5
17 42
17 33
17 47
17 20
17 14
17 44
17 45
17 12
18
18 43
18 2
18 26
18 24
18 34
18 3
18 36
18 6
18 10
18 40
18 38
18 31
18 16
18 49
18 44
18 17
18 45
18 9
20
19 47
19 11
19 8
19 48
19 37
19 33
19 32
19 18
19 12
19 10
19 36
19 31
19 38
19 0
19 9
19 40
19 13
19 26
19 17
19 39
16
20 35
20 28
20 19
20 30
20 22
20 25
20 43
20 27
20 6
20 31
20 46
20 40
20 32
20 47
20 7
20 3
20
21 27
21 48
21 37
21 14
21 26
21 20
21 41
21 32
21 34
21 22
21 49
21 4
21 24
21 25
21 45
21 31
21 9
21 36
21 15
21 12
24
22 9
22 16
22 23
22 47
22 19
22 15
22 33
22 43
22 24
22 6
22 1
22 7
22 37
22 45
22 5
22 0
22 2
22 18
22 49
22 10
22 4
22 30
22 14
22 42
22
23 14
23 36
23 38
23 34
23 20
23 48
23 42
23 41
23 8
23 3
23 2
23 28
23 7
23 4
23 17
23 44
23 6
23 24
23 21
23 12
23 29
23 16
19
24 19
24 26
24 33
24 11
24 8
24 34
24 25
24 39
24 2
24 35
24 38
24 44
24 15
24 48
24 31
24 12
24 6
24 0
24 49
20
25 35
25 1
25 14
25 23
25 47
25 27
25 46
25 12
25 19
25 7
25 40
25 22
25 29
25 45
25 0
25 44
25 31
25 41
25 26
25 13
18
26 8
26 32
26 4
26 23
26 43
26 20
26 30
26 49
26 17
26 38
26 40
26 9
26 34
26 1
26 33
26 39
26 7
26 5
20
27 49
27 43
27 12
27 0
27 42
27 11
27 13
27 23
27 18
27 16
27 4
27 14
27 15
27 39
27 46
27 26
27 47
27 40
27 41
27 7
15
28 40
28 47
28 30
28 18
28 46
28 45
28 24
28 8
28 27
28 35
28 22
28 9
28 10
28 21
28 25
21
29 49
29 19
29 24
29 8
29 22
29 48
29 9
29 21
29 10
29 12
29 26
29 35
29 14
29 43
29 41
29 47
29 20
29 3
29 30
29 32
29 13
15
30 31
30 23
30 49
30 15
30 19
30 25
30 14
30 44
30 36
30 18
30 1
30 43
30 24
30 38
30 27
21
31 23
31 41
31 22
31 26
31 32
31 35
31 14
31 33
31 3
31 7
31 28
31 37
31 34
31 10
31 4
31 38
31 1
31 40
31 11
31 17
31 27
17
32 27
32 0
32 30
32 3
32 49
32 28
32 15
32 8
32 40
32 18
32 7
32 37
32 23
32 11
32 9
32 46
32 22
25
33 49
33 45
33 29
33 25
33 32
33 5
33 43
33 23
33 46
33 44
33 1
33 40
33 36
33 7
33 0
33 9
33 3
33 41
33 20
33 47
33 30
33 39
33 48
33 21
33 11
18
34 20
34 32
34 7
34 4
34 0
34 47
34 27
34 8
34 28
34 10
34 22
34 40
34 42
34 49
34 48
34 16
34 1
34 17
21
35 23
35 6
35 1
35 15
35 2
35 19
35 33
35 34
35 17
35 27
35 26
35 12
35 30
35 9
35 18
35 21
35 32
35 16
35 49
35 3
35 10
17
36 4
36 22
36 9
36 10
36 41
36 35
36 7
36 48
36 27
36 34
36 20
36 0
36 25
36 32
36 45
36 40
36 3
20
37 11
37 10
37 33
37 25
37 7
37 35
37 18
37 38
37 23
37 48
37 5
37 36
37 20
37 6
37 29
37 12
37 26
37 24
37 40
37 27
15
38 2
38 22
38 20
38 43
38 25
38 15
38 35
38 5
38 47
38 9
38 7
38 32
38 14
38 13
38 45
20
39 8
39 13
39 32
39 30
39 12
39 17
39 11
39 4
39 1
39 5
39 23
39 43
39 9
39 21
39 48
39 34
39 15
39 29
39 35
39 36
14
40 42
40 10
40 30
40 11
40 47
40 44
40 46
40 21
40 41
40 13
40 23
40 24
40 39
40 2
23
41 19
41 16
41 8
41 38
41 18
41 0
41 2
41 28
41 34
41 11
41 35
41 7
41 26
41 3
41 42
41 4
41 5
41 17
41 47
41 39
41 20
41 45
41 9
21
42 20
42 37
42 49
42 24
42 0
42 5
42 43
42 4
42 7
42 26
42 19
42 35
42 44
42 6
42 29
42 13
42 15
42 31
42 36
42 2
42 30
16
43 3
43 17
43 4
43 1
43 25
43 11
43 31
43 34
43 21
43 2
43 7
43 41
43 40
43 28
43 10
43 36
21
44 5
44 11
44 28
44 46
44 6
44 19
44 43
44 34
44 31
44 4
44 20
44 21
44 26
44 8
44 41
44 38
44 49
44 39
44 32
44 10
44 27
17
45 30
45 43
45 39
45 42
45 7
45 14
45 37
45 20
45 13
45 34
45 11
45 4
45 40
45 29
45 10
45 35
45 44
22
46 24
46 10
46 8
46 34
46 22
46 43
46 1
46 26
46 42
46 37
46 17
46 23
46 49
46 18
46 2
46 29
46 31
46 36
46 38
46 45
46 0
46 14
18
47 24
47 4
47 12
47 31
47 43
47 36
47 23
47 2
47 48
47 1
47 30
47 6
47 35
47 37
47 18
47 39
47 8
47 44
18
48 15
48 25
48 32
48 31
48 41
48 44
48 20
48 45
48 40
48 28
48 46
48 12
48 8
48 38
48 26
48 7
48 9
48 22
18
49 6
49 41
49 39
49 2
49 40
49 37
49 20
49 8
49 19
49 48
49 5
49 25
49 23
49 28
49 47
49 13
49 9
49 15
