50
0 "A37"
1 "A26"
2 "A49"
3 "A0"
4 "A4"
5 "A31"
6 "A23"
7 "A9"
8 "A36"
9 "A45"
10 "A6"
11 "A19"
12 "A22"
13 "A5"
14 "A11"
15 "A8"
16 "A13"
17 "A15"
18 "A42"
19 "A21"
20 "A48"
21 "A47"
22 "A34"
23 "A1"
24 "A20"
25 "A30"
26 "A14"
27 "A7"
28 "A12"
29 "A33"
30 "A17"
31 "A3"
32 "A18"
33 "A41"
34 "A46"
35 "A25"
36 "A28"
37 "A16"
38 "A35"
39 "A38"
40 "A27"
41 "A40"
42 "A10"
43 "A24"
44 "A39"
45 "A2"
46 "A43"
47 "A44"
48 "A32"
49 "A29"
18
0 8
0 24
0 18
0 32
0 35
0 19
0 40
0 46
0 1
0 10
0 45
0 15
0 34
0 39
0 37
0 33
0 41
0 2
17
1 10
1 28
1 36
1 4
1 39
1 40
1 14
1 33
1 12
1 45
1 16
1 27
1 5
1 6
1 13
1 35
1 32
26
2 32
2 28
2 14
2 44
2 36
2 35
2 49
2 45
2 20
2 9
2 43
2 5
2 6
2 27
2 24
2 29
2 48
2 1
2 41
2 21
2 12
2 46
2 18
2 31
2 33
2 15
23
3 41
3 15
3 4
3 0
3 12
3 48
3 10
3 14
3 13
3 49
3 36
3 2
3 1
3 44
3 28
3 38
3 40
3 33
3 9
3 7
3 37
3 8
3 47
22
4 14
4 16
4 0
4 39
4 11
4 45
4 48
4 23
4 12
4 37
4 49
4 18
4 30
4 28
4 34
4 25
4 41
4 47
4 32
4 17
4 9
4 40
18
5 10
5 40
5 32
5 30
5 14
5 33
5 12
5 0
5 9
5 8
5 39
5 17
5 45
5 46
5 38
5 28
5 41
5 37
21
6 3
6 28
6 12
6 34
6 44
6 38
6 5
6 4
6 36
6 21
6 48
6 41
6 17
6 0
6 13
6 11
6 29
6 15
6 30
6 23
6 32
23
7 8
7 13
7 1
7 40
7 15
7 5
7 28
7 4
7 26
7 0
7 27
7 33
7 49
7 39
7 11
7 12
7 36
7 30
7 2
7 18
7 46
7 48
7 24
19
8 17
8 43
8 6
8 38
8 40
8 39
8 44
8 25
8 4
8 28
8 26
8 18
8 23
8 33
8 13
8 10
8 48
8 24
8 47
16
9 44
9 28
9 6
9 29
9 0
9 12
9 45
9 19
9 49
9 33
9 7
9 31
9 32
9 48
9 38
9 36
20
10 30
10 15
10 26
10 7
10 19
10 42
10 37
10 41
10 34
10 46
10 6
10 40
10 45
10 27
10 31
10 11
10 28
10 2
10 32
10 13
15
11 9
11 20
11 32
11 49
11 47
11 8
11 2
11 21
11 38
11 3
11 35
11 36
11 16
11 15
11 45
19
12 38
12 43
12 41
12 13
12 19
12 47
12 30
12 22
12 21
12 16
12 28
12 10
12 26
12 46
12 11
12 48
12 8
12 39
12 35
16
13 9
13 49
13 48
13 2
13 14
13 47
13 44
13 34
13 15
13 19
13 26
13 4
13 30
13 43
13 16
13 46
13
14 9
14 36
14 6
14 23
14 49
14 32
14 44
14 45
14 7
14 33
14 0
14 37
14 11
14
15 4
15 23
15 14
15 44
15 31
15 9
15 1
15 48
15 20
15 40
15 21
15 47
15 36
15 28
22
16 8
16 0
16 45
16 25
16 33
16 48
16 5
16 29
16 3
16 6
16 35
16 40
16 24
16 47
16 37
16 10
16 7
16 9
16 27
16 39
16 28
16 15
14
17 1
17 2
17 34
17 23
17 25
17 39
17 49
17 26
17 40
17 7
17 22
17 16
17 11
17 15
24
18 17
18 21
18 48
18 11
18 3
18 9
18 19
18 44
18 38
18 28
18 20
18 31
18 29
18 5
18 22
18 6
18 33
18 13
18 47
18 43
18 27
18 10
18 40
18 14
18
19 11
19 40
19 34
19 4
19 15
19 35
19 17
19 30
19 3
19 27
19 36
19 33
19 6
19 42
19 43
19 14
19 20
19 46
23
20 3
20 0
20 47
20 38
20 28
20 7
20 14
20 6
20 17
20 25
20 39
20 12
20 42
20 8
20 23
20 16
20 48
20 5
20 49
20 4
20 13
20 10
20 40
22
21 17
21 22
21 19
21 44
21 45
21 0
21 8
21 9
21 28
21 20
21 42
21 1
21 3
21 27
21 37
21 4
21 26
21 7
21 47
21 43
21 33
21 14
26
22 45
22 15
22 35
22 11
22 5
22 23
22 0
22 8
22 19
22 2
22 10
22 41
22 14
22 13
22 6
22 16
22 29
22 25
22 37
22 24
22 9
22 44
22 1
22 33
22 7
22 27
18
23 32
23 19
23 39
23 27
23 30
23 18
23 24
23 26
23 37
23 45
23 13
23 42
23 47
23 12
23 21
23 38
23 7
23 0
23
24 44
24 25
24 14
24 6
24 32
24 48
24 33
24 10
24 12
24 26
24 4
24 20
24 47
24 11
24 1
24 13
24 42
24 41
24 19
24 30
24 21
24 17
24 36
24
25 14
25 15
25 29
25 11
25 3
25 39
25 30
25 6
25 46
25 23
25 12
25 1
25 9
25 47
25 37
25 48
25 13
25 42
25 32
25 19
25 5
25 34
25 40
25 35
26
26 22
26 35
26 0
26 1
26 5
26 15
26 14
26 27
26 36
26 20
26 34
26 19
26 48
26 43
26 16
26 33
26 3
26 37
26 25
26 47
26 40
26 39
26 9
26 44
26 11
26 45
23
27 9
27 31
27 48
27 47
27 45
27 37
27 25
27 12
27 28
27 42
27 11
27 44
27 35
27 4
27 24
27 3
27 0
27 6
27 8
27 13
27 30
27 41
27 49
17
28 35
28 26
28 39
28 24
28 17
28 49
28 34
28 38
28 42
28 37
28 13
28 36
28 48
28 46
28 43
28 32
28 0
23
29 30
29 7
29 1
29 14
29 4
29 17
29 8
29 12
29 40
29 21
29 20
29 5
29 23
29 38
29 46
29 13
29 0
29 3
29 19
29 45
29 24
29 41
29 44
17
30 45
30 11
30 8
30 49
30 1
30 14
30 18
30 16
30 17
30 15
30 0
30 32
30 31
30 28
30 35
30 21
30 34
22
31 44
31 20
31 11
31 3
31 24
31 22
31 35
31 41
31 43
31 29
31 21
31 7
31 1
31 4
31 40
31 32
31 0
31 14
31 16
31 13
31 28
31 25
15
32 29
32 15
32 3
32 35
32 18
32 27
32 33
32 40
32 26
32 20
32 21
32 16
32 36
32 34
32 12
16
33 49
33 11
33 6
33 4
33 29
33 13
33 27
33 41
33 17
33 25
33 43
33 44
33 10
33 15
33 39
33 20
21
34 8
34 24
34 18
34 20
34 11
34 38
34 3
34 29
34 31
34 16
34 35
34 48
34 2
34 46
34 23
34 7
34 27
34 39
34 22
34 40
34 37
24
35 8
35 46
35 45
35 5
35 38
35 20
35 18
35 17
35 21
35 36
35 3
35 9
35 29
35 13
35 10
35 37
35 6
35 15
35 43
35 24
35 41
35 33
35 39
35 23
18
36 20
36 39
36 21
36 5
36 8
36 34
36 48
36 31
36 0
36 10
36 13
36 25
36 40
36 42
36 33
36 47
36 22
36 29
19
37 8
37 29
37 36
37 15
37 46
37 7
37 12
37 43
37 33
37 13
37 17
37 38
37 9
37 18
37 32
37 24
37 6
37 20
37 1
19
38 1
38 33
38 4
38 25
38 14
38 19
38 44
38 13
38 31
38 15
38 2
38 16
38 43
38 17
38 21
38 7
38 0
38 32
38 36
19
39 9
39 19
39 38
39 27
39 45
39 37
39 47
39 21
39 2
39 18
39 13
39 11
39 32
39 40
39 6
39 22
39 31
39 46
39 10
14
40 49
40 11
40 48
40 35
40 28
40 14
40 2
40 24
40 23
40 27
40 12
40 44
40 13
40 6
22
41 39
41 38
41 1
41 32
41 8
41 45
41 23
41 28
41 15
41 20
41 42
41 26
41 44
41 9
41 34
41 16
41 17
41 36
41 13
41 37
41 25
41 19
24
42 40
42 8
42 18
42 5
42 30
42 4
42 49
42 13
42 16
42 34
42 32
42 3
42 0
42 14
42 6
42 26
42 7
42 15
42 31
42 17
42 48
42 2
42 45
42 33
20
43 11
43 15
43 29
43 46
43 34
43 44
43 10
43 49
43 27
43 7
43 0
43 6
43 42
43 16
43 41
43 20
43 22
43 36
43 5
43 24
18
44 32
44 20
44 46
44 17
44 30
44 39
44 48
44 12
44 7
44 28
44 34
44 10
44 49
44 35
44 25
44 11
44 19
44 5
18
45 8
45 31
45 33
45 20
45 32
45 36
45 43
45 38
45 28
45 6
45 3
45 13
45 12
45 44
45 18
45 48
45 25
45 47
15
46 23
46 11
46 30
46 22
46 26
46 6
46 27
46 45
46 36
46 42
46 14
46 21
46 1
46 17
46 15
18
47 35
47 44
47 0
47 7
47 46
47 28
47 30
47 42
47 41
47 2
47 34
47 17
47 37
47 19
47 5
47 10
47 14
47 31
17
48 22
48 17
48 29
48 38
48 30
48 31
48 35
48 47
48 1
48 37
48 5
48 32
48 0
48 46
48 11
48 39
48 21
21
49 25
49 38
49 5
49 35
49 6
49 10
49 23
49 0
49 48
49 47
49 16
49 26
49 21
49 15
49 22
49 39
49 24
49 8
49 29
49 19
49 45
