50
0 "A37"
1 "A26"
2 "A49"
3 "A0"
4 "A4"
5 "A31"
6 "A23"
7 "A9"
8 "A36"
9 "A45"
10 "A6"
11 "A19"
12 "A22"
13 "A5"
14 "A11"
15 "A8"
16 "A13"
17 "A15"
18 "A42"
19 "A21"
20 "A48"
21 "A47"
22 "A34"
23 "A1"
24 "A20"
25 "A30"
26 "A14"
27 "A7"
28 "A12"
29 "A33"
30 "A17"
31 "A3"
32 "A18"
33 "A41"
34 "A46"
35 "A25"
36 "A28"
37 "A16"
38 "A35"
39 "A38"
40 "A27"
41 "A40"
42 "A10"
43 "A24"
44 "A39"
45 "A2"
46 "A43"
47 "A44"
48 "A32"
49 "A29"
14
0 8
0 35
0 32
0 41
0 1
0 45
0 15
0 39
0 12
0 37
0 18
0 20
0 2
0 38
21
1 12
1 5
1 6
1 13
1 32
1 10
1 28
1 36
1 16
1 39
1 40
1 14
1 19
1 44
1 21
1 43
1 35
1 33
1 22
1 45
1 38
22
2 1
2 36
2 35
2 49
2 31
2 20
2 9
2 8
2 15
2 33
2 24
2 13
2 43
2 48
2 18
2 27
2 28
2 45
2 12
2 26
2 40
2 29
25
3 33
3 41
3 8
3 4
3 0
3 47
3 48
3 10
3 14
3 13
3 40
3 36
3 2
3 1
3 44
3 28
3 38
3 22
3 43
3 37
3 26
3 30
3 9
3 12
3 7
23
4 9
4 14
4 16
4 17
4 39
4 11
4 45
4 48
4 23
4 12
4 37
4 49
4 18
4 32
4 28
4 34
4 5
4 0
4 22
4 25
4 41
4 47
4 35
17
5 32
5 37
5 17
5 33
5 12
5 0
5 45
5 28
5 39
5 41
5 9
5 3
5 27
5 2
5 38
5 40
5 46
14
6 3
6 23
6 48
6 34
6 44
6 5
6 41
6 29
6 38
6 18
6 0
6 47
6 32
6 36
25
7 2
7 48
7 8
7 24
7 1
7 40
7 15
7 5
7 28
7 49
7 26
7 18
7 30
7 41
7 43
7 27
7 33
7 42
7 39
7 20
7 31
7 11
7 46
7 6
7 25
21
8 47
8 10
8 24
8 17
8 48
8 6
8 38
8 18
8 39
8 44
8 25
8 4
8 28
8 26
8 22
8 30
8 9
8 15
8 1
8 19
8 33
17
9 0
9 12
9 45
9 31
9 49
9 33
9 7
9 48
9 36
9 19
9 23
9 44
9 28
9 6
9 32
9 39
9 24
20
10 13
10 45
10 15
10 26
10 7
10 19
10 42
10 37
10 41
10 28
10 11
10 40
10 6
10 14
10 18
10 38
10 46
10 34
10 27
10 31
24
11 21
11 3
11 35
11 36
11 16
11 15
11 45
11 9
11 20
11 32
11 49
11 47
11 23
11 41
11 2
11 12
11 28
11 42
11 29
11 39
11 6
11 1
11 8
11 38
20
12 35
12 38
12 21
12 41
12 13
12 19
12 16
12 30
12 22
12 34
12 10
12 29
12 31
12 48
12 49
12 26
12 46
12 8
12 20
12 39
16
13 4
13 30
13 14
13 34
13 41
13 9
13 17
13 48
13 44
13 0
13 18
13 7
13 35
13 47
13 19
13 49
14
14 40
14 6
14 0
14 2
14 23
14 49
14 32
14 44
14 7
14 33
14 11
14 36
14 9
14 43
10
15 21
15 9
15 40
15 48
15 31
15 1
15 20
15 47
15 36
15 18
26
16 10
16 7
16 27
16 39
16 28
16 15
16 8
16 0
16 45
16 25
16 33
16 9
16 5
16 29
16 3
16 6
16 35
16 40
16 24
16 47
16 13
16 41
16 46
16 14
16 19
16 37
12
17 23
17 25
17 7
17 49
17 26
17 40
17 22
17 11
17 1
17 9
17 2
17 34
22
18 3
18 9
18 19
18 43
18 22
18 28
18 20
18 5
18 31
18 29
18 49
18 33
18 30
18 47
18 27
18 40
18 17
18 21
18 24
18 48
18 44
18 14
20
19 34
19 4
19 20
19 35
19 17
19 30
19 6
19 0
19 36
19 33
19 24
19 42
19 14
19 43
19 11
19 3
19 44
19 7
19 40
19 37
20
20 3
20 40
20 47
20 38
20 28
20 23
20 42
20 6
20 17
20 36
20 14
20 8
20 16
20 5
20 4
20 48
20 39
20 10
20 41
20 13
21
21 26
21 7
21 43
21 33
21 4
21 17
21 22
21 19
21 44
21 45
21 37
21 8
21 9
21 28
21 20
21 3
21 47
21 27
21 34
21 29
21 14
24
22 11
22 16
22 23
22 0
22 9
22 19
22 2
22 10
22 41
22 29
22 13
22 33
22 6
22 24
22 44
22 38
22 14
22 7
22 28
22 45
22 27
22 20
22 35
22 42
20
23 27
23 30
23 12
23 24
23 26
23 42
23 45
23 13
23 21
23 44
23 33
23 2
23 7
23 0
23 15
23 32
23 47
23 39
23 43
23 48
26
24 17
24 44
24 25
24 14
24 6
24 32
24 48
24 33
24 10
24 12
24 21
24 4
24 20
24 47
24 11
24 1
24 36
24 13
24 5
24 45
24 42
24 39
24 38
24 41
24 30
24 46
26
25 40
25 35
25 14
25 15
25 29
25 11
25 3
25 39
25 30
25 32
25 34
25 23
25 12
25 1
25 9
25 47
25 37
25 48
25 13
25 42
25 44
25 20
25 49
25 2
25 19
25 5
23
26 40
26 35
26 25
26 9
26 5
26 15
26 14
26 27
26 39
26 20
26 34
26 19
26 48
26 43
26 16
26 33
26 44
26 37
26 47
26 13
26 45
26 0
26 11
23
27 31
27 48
27 47
27 45
27 37
27 25
27 12
27 28
27 42
27 11
27 30
27 35
27 4
27 24
27 3
27 0
27 8
27 41
27 6
27 19
27 9
27 17
27 13
17
28 49
28 26
28 43
28 0
28 17
28 6
28 19
28 34
28 39
28 23
28 38
28 15
28 36
28 37
28 24
28 48
28 32
23
29 1
29 14
29 4
29 17
29 46
29 24
29 40
29 5
29 47
29 13
29 15
29 10
29 0
29 3
29 27
29 19
29 45
29 31
29 41
29 36
29 23
29 38
29 7
16
30 35
30 28
30 9
30 5
30 15
30 0
30 32
30 49
30 16
30 4
30 6
30 45
30 17
30 31
30 34
30 14
18
31 3
31 14
31 43
31 35
31 41
31 6
31 0
31 40
31 13
31 4
31 25
31 22
31 17
31 44
31 32
31 34
31 21
31 8
12
32 21
32 29
32 15
32 36
32 27
32 42
32 12
32 35
32 33
32 26
32 19
32 46
22
33 49
33 11
33 6
33 4
33 29
33 13
33 27
33 25
33 43
33 20
33 10
33 15
33 39
33 42
33 41
33 47
33 46
33 31
33 0
33 17
33 28
33 34
20
34 20
34 11
34 22
34 3
34 29
34 7
34 23
34 35
34 27
34 0
34 45
34 5
34 39
34 2
34 15
34 9
34 37
34 8
34 24
34 18
19
35 46
35 45
35 5
35 38
35 33
35 18
35 17
35 21
35 6
35 3
35 29
35 37
35 15
35 43
35 20
35 36
35 10
35 9
35 8
17
36 25
36 40
36 33
36 42
36 22
36 0
36 5
36 41
36 18
36 30
36 7
36 23
36 34
36 10
36 37
36 13
36 17
19
37 17
37 1
37 46
37 24
37 32
37 43
37 33
37 13
37 23
37 14
37 18
37 6
37 9
37 22
37 40
37 20
37 12
37 8
37 29
26
38 33
38 4
38 25
38 14
38 19
38 44
38 13
38 31
38 23
38 37
38 9
38 47
38 15
38 2
38 26
38 40
38 16
38 43
38 18
38 30
38 46
38 21
38 7
38 32
38 36
38 17
14
39 2
39 19
39 38
39 27
39 22
39 37
39 13
39 32
39 21
39 18
39 10
39 47
39 6
39 31
14
40 49
40 23
40 33
40 35
40 47
40 48
40 24
40 30
40 27
40 43
40 45
40 12
40 4
40 28
20
41 45
41 23
41 28
41 15
41 17
41 42
41 26
41 34
41 37
41 25
41 40
41 19
41 39
41 38
41 1
41 32
41 49
41 14
41 46
41 8
24
42 18
42 5
42 30
42 4
42 49
42 13
42 16
42 17
42 6
42 3
42 0
42 14
42 35
42 9
42 15
42 2
42 31
42 26
42 48
42 40
42 34
42 29
42 38
42 8
16
43 5
43 34
43 32
43 29
43 44
43 10
43 41
43 12
43 42
43 27
43 49
43 0
43 11
43 15
43 16
43 6
22
44 35
44 12
44 11
44 5
44 32
44 20
44 46
44 17
44 30
44 39
44 48
44 34
44 29
44 37
44 41
44 27
44 2
44 10
44 28
44 7
44 49
44 4
16
45 8
45 25
45 33
45 20
45 32
45 18
45 31
45 12
45 14
45 46
45 28
45 38
45 3
45 48
45 13
45 15
20
46 15
46 23
46 11
46 30
46 18
46 40
46 22
46 26
46 27
46 2
46 6
46 36
46 42
46 43
46 14
46 21
46 28
46 25
46 1
46 17
21
47 44
47 0
47 7
47 46
47 34
47 2
47 37
47 41
47 19
47 5
47 22
47 14
47 36
47 17
47 48
47 30
47 31
47 28
47 35
47 45
47 10
15
48 0
48 32
48 17
48 29
48 11
48 30
48 19
48 46
48 10
48 39
48 31
48 38
48 37
48 34
48 5
23
49 38
49 45
49 24
49 6
49 10
49 23
49 0
49 39
49 47
49 16
49 21
49 32
49 35
49 15
49 46
49 22
49 8
49 29
49 20
49 5
49 31
49 37
49 48
