50
0 "A37"
1 "A26"
2 "A49"
3 "A0"
4 "A4"
5 "A31"
6 "A23"
7 "A9"
8 "A36"
9 "A45"
10 "A6"
11 "A19"
12 "A22"
13 "A5"
14 "A11"
15 "A8"
16 "A13"
17 "A15"
18 "A42"
19 "A21"
20 "A48"
21 "A47"
22 "A34"
23 "A1"
24 "A20"
25 "A30"
26 "A14"
27 "A7"
28 "A12"
29 "A33"
30 "A17"
31 "A3"
32 "A18"
33 "A41"
34 "A46"
35 "A25"
36 "A28"
37 "A16"
38 "A35"
39 "A38"
40 "A27"
41 "A40"
42 "A10"
43 "A24"
44 "A39"
45 "A2"
46 "A43"
47 "A44"
48 "A32"
49 "A29"
23
0 7
0 33
0 25
0 40
0 34
0 2
0 41
0 47
0 8
0 30
0 3
0 37
0 23
0 31
0 43
0 10
0 49
0 24
0 16
0 44
0 6
0 18
0 19
18
1 48
1 18
1 11
1 6
1 38
1 12
1 25
1 39
1 32
1 36
1 34
1 43
1 14
1 13
1 0
1 28
1 35
1 41
19
2 12
2 18
2 46
2 32
2 7
2 11
2 19
2 35
2 34
2 17
2 4
2 24
2 8
2 31
2 30
2 36
2 10
2 1
2 6
19
3 25
3 41
3 16
3 13
3 43
3 36
3 21
3 47
3 32
3 24
3 49
3 1
3 34
3 11
3 20
3 33
3 40
3 9
3 31
25
4 35
4 0
4 33
4 29
4 20
4 27
4 11
4 5
4 30
4 19
4 28
4 24
4 13
4 49
4 17
4 15
4 32
4 37
4 41
4 16
4 14
4 31
4 21
4 12
4 26
21
5 17
5 49
5 11
5 1
5 22
5 23
5 12
5 41
5 31
5 32
5 3
5 2
5 30
5 48
5 0
5 9
5 19
5 24
5 18
5 35
5 39
24
6 26
6 27
6 8
6 22
6 24
6 31
6 12
6 37
6 29
6 41
6 11
6 32
6 3
6 42
6 38
6 35
6 23
6 20
6 33
6 7
6 18
6 17
6 10
6 47
19
7 15
7 36
7 14
7 12
7 4
7 18
7 22
7 42
7 30
7 28
7 35
7 24
7 21
7 44
7 32
7 5
7 34
7 26
7 25
20
8 19
8 26
8 39
8 7
8 24
8 32
8 14
8 10
8 36
8 4
8 1
8 48
8 30
8 34
8 3
8 9
8 23
8 11
8 49
8 43
27
9 35
9 43
9 27
9 2
9 18
9 21
9 42
9 41
9 12
9 4
9 30
9 23
9 19
9 48
9 0
9 6
9 36
9 46
9 7
9 14
9 11
9 24
9 10
9 45
9 22
9 15
9 31
16
10 17
10 4
10 40
10 12
10 49
10 26
10 1
10 7
10 5
10 45
10 41
10 25
10 31
10 28
10 23
10 43
18
11 45
11 31
11 43
11 10
11 36
11 18
11 32
11 21
11 44
11 48
11 12
11 37
11 13
11 19
11 33
11 26
11 16
11 46
21
12 34
12 23
12 13
12 41
12 29
12 43
12 8
12 47
12 27
12 40
12 48
12 30
12 25
12 3
12 15
12 19
12 18
12 26
12 0
12 31
12 16
23
13 24
13 32
13 9
13 6
13 47
13 31
13 27
13 0
13 17
13 14
13 7
13 41
13 42
13 48
13 5
13 18
13 45
13 25
13 35
13 26
13 36
13 8
13 40
19
14 16
14 45
14 18
14 11
14 27
14 12
14 41
14 17
14 40
14 19
14 5
14 23
14 47
14 43
14 34
14 39
14 37
14 2
14 6
21
15 40
15 45
15 49
15 11
15 1
15 29
15 37
15 48
15 5
15 16
15 8
15 25
15 14
15 28
15 31
15 43
15 13
15 3
15 30
15 0
15 41
20
16 37
16 9
16 18
16 10
16 48
16 6
16 21
16 17
16 23
16 43
16 8
16 35
16 20
16 1
16 19
16 25
16 44
16 2
16 5
16 7
23
17 23
17 44
17 8
17 25
17 32
17 30
17 36
17 47
17 40
17 1
17 41
17 29
17 28
17 9
17 39
17 43
17 0
17 33
17 12
17 24
17 46
17 11
17 31
17
18 23
18 24
18 29
18 10
18 4
18 8
18 36
18 21
18 35
18 15
18 41
18 25
18 31
18 30
18 37
18 20
18 40
17
19 40
19 47
19 26
19 44
19 3
19 22
19 27
19 30
19 10
19 24
19 49
19 31
19 7
19 6
19 25
19 18
19 45
20
20 44
20 12
20 43
20 32
20 7
20 28
20 25
20 14
20 10
20 17
20 46
20 42
20 22
20 30
20 9
20 47
20 48
20 19
20 1
20 45
20
21 45
21 47
21 19
21 24
21 34
21 30
21 10
21 1
21 46
21 14
21 12
21 8
21 15
21 32
21 2
21 0
21 5
21 41
21 6
21 28
21
22 47
22 10
22 21
22 23
22 28
22 48
22 16
22 36
22 8
22 29
22 49
22 1
22 2
22 34
22 18
22 4
22 45
22 31
22 0
22 41
22 17
17
23 34
23 29
23 36
23 45
23 4
23 41
23 24
23 38
23 35
23 25
23 2
23 19
23 33
23 7
23 1
23 44
23 11
15
24 16
24 10
24 44
24 32
24 46
24 22
24 11
24 25
24 33
24 39
24 43
24 12
24 1
24 45
24 47
17
25 27
25 11
25 29
25 28
25 43
25 22
25 35
25 45
25 5
25 14
25 36
25 6
25 2
25 47
25 49
25 39
25 33
20
26 5
26 43
26 34
26 27
26 40
26 17
26 25
26 3
26 21
26 49
26 37
26 1
26 2
26 18
26 33
26 41
26 0
26 23
26 38
26 9
20
27 3
27 33
27 0
27 44
27 7
27 47
27 31
27 37
27 43
27 49
27 18
27 30
27 2
27 8
27 16
27 10
27 5
27 1
27 15
27 35
22
28 6
28 42
28 46
28 27
28 36
28 43
28 44
28 49
28 32
28 2
28 3
28 13
28 38
28 24
28 39
28 8
28 40
28 30
28 47
28 0
28 11
28 29
23
29 43
29 0
29 14
29 11
29 7
29 48
29 35
29 16
29 13
29 10
29 19
29 2
29 3
29 21
29 24
29 1
29 32
29 45
29 8
29 20
29 30
29 5
29 26
17
30 48
30 41
30 1
30 40
30 43
30 11
30 23
30 14
30 10
30 25
30 16
30 46
30 26
30 42
30 44
30 3
30 36
16
31 7
31 39
31 47
31 35
31 32
31 41
31 8
31 16
31 14
31 25
31 28
31 21
31 34
31 42
31 23
31 29
16
32 35
32 12
32 38
32 37
32 25
32 22
32 49
32 23
32 42
32 46
32 14
32 19
32 16
32 45
32 18
32 10
11
33 5
33 1
33 48
33 32
33 39
33 35
33 16
33 13
33 29
33 19
33 2
20
34 43
34 9
34 49
34 25
34 29
34 38
34 48
34 41
34 17
34 45
34 27
34 16
34 19
34 20
34 10
34 6
34 5
34 4
34 24
34 18
13
35 15
35 19
35 3
35 8
35 49
35 21
35 10
35 20
35 28
35 14
35 39
35 34
35 42
21
36 24
36 10
36 29
36 32
36 34
36 26
36 20
36 27
36 42
36 5
36 6
36 41
36 4
36 46
36 14
36 33
36 21
36 31
36 16
36 35
36 44
20
37 10
37 33
37 40
37 36
37 25
37 45
37 17
37 34
37 22
37 12
37 42
37 35
37 1
37 20
37 19
37 7
37 2
37 46
37 13
37 21
27
38 5
38 11
38 31
38 46
38 7
38 45
38 8
38 48
38 0
38 30
38 22
38 37
38 4
38 27
38 10
38 44
38 33
38 2
38 17
38 39
38 19
38 16
38 35
38 21
38 13
38 20
38 15
21
39 10
39 9
39 18
39 21
39 30
39 32
39 29
39 2
39 45
39 49
39 11
39 34
39 6
39 16
39 7
39 26
39 12
39 42
39 19
39 47
39 22
21
40 23
40 33
40 20
40 8
40 22
40 4
40 36
40 49
40 16
40 45
40 11
40 32
40 29
40 27
40 38
40 9
40 2
40 41
40 5
40 7
40 6
15
41 20
41 11
41 43
41 47
41 27
41 37
41 16
41 46
41 25
41 2
41 8
41 35
41 44
41 39
41 32
23
42 19
42 12
42 21
42 47
42 1
42 2
42 25
42 22
42 26
42 40
42 49
42 5
42 29
42 24
42 27
42 34
42 15
42 16
42 33
42 10
42 0
42 38
42 17
17
43 7
43 36
43 6
43 19
43 2
43 46
43 48
43 22
43 31
43 5
43 33
43 13
43 37
43 35
43 4
43 42
43 44
20
44 39
44 33
44 14
44 6
44 32
44 35
44 5
44 22
44 37
44 15
44 25
44 21
44 26
44 2
44 18
44 42
44 49
44 40
44 13
44 4
16
45 17
45 6
45 30
45 26
45 48
45 42
45 28
45 27
45 7
45 3
45 41
45 12
45 8
45 33
45 44
45 43
25
46 35
46 34
46 23
46 5
46 33
46 49
46 12
46 13
46 27
46 19
46 0
46 15
46 22
46 10
46 7
46 16
46 6
46 4
46 14
46 40
46 31
46 39
46 18
46 44
46 47
19
47 32
47 34
47 40
47 2
47 45
47 9
47 43
47 36
47 23
47 5
47 26
47 29
47 7
47 1
47 44
47 10
47 4
47 33
47 18
19
48 7
48 46
48 28
48 42
48 17
48 23
48 47
48 35
48 4
48 21
48 14
48 18
48 39
48 26
48 37
48 41
48 44
48 25
48 2
18
49 2
49 24
49 37
49 7
49 18
49 11
49 36
49 21
49 48
49 14
49 29
49 38
49 20
49 43
49 47
49 17
49 13
49 12
