50
0 "A37"
1 "A26"
2 "A49"
3 "A0"
4 "A4"
5 "A31"
6 "A23"
7 "A9"
8 "A36"
9 "A45"
10 "A6"
11 "A19"
12 "A22"
13 "A5"
14 "A11"
15 "A8"
16 "A13"
17 "A15"
18 "A42"
19 "A21"
20 "A48"
21 "A47"
22 "A34"
23 "A1"
24 "A20"
25 "A30"
26 "A14"
27 "A7"
28 "A12"
29 "A33"
30 "A17"
31 "A3"
32 "A18"
33 "A41"
34 "A46"
35 "A25"
36 "A28"
37 "A16"
38 "A35"
39 "A38"
40 "A27"
41 "A40"
42 "A10"
43 "A24"
44 "A39"
45 "A2"
46 "A43"
47 "A44"
48 "A32"
49 "A29"
14
0 35
0 6
0 9
0 38
0 32
0 23
0 42
0 27
0 26
0 2
0 31
0 47
0 4
0 45
24
1 23
1 25
1 43
1 44
1 15
1 18
1 21
1 28
1 41
1 10
1 31
1 34
1 38
1 29
1 19
1 49
1 20
1 3
1 30
1 46
1 9
1 0
1 40
1 32
22
2 13
2 28
2 32
2 15
2 33
2 34
2 17
2 24
2 4
2 49
2 21
2 39
2 42
2 31
2 23
2 45
2 10
2 16
2 3
2 8
2 30
2 6
14
3 36
3 44
3 47
3 29
3 16
3 7
3 4
3 34
3 49
3 32
3 22
3 5
3 11
3 37
24
4 16
4 21
4 8
4 44
4 18
4 23
4 37
4 40
4 12
4 24
4 31
4 41
4 36
4 27
4 28
4 1
4 39
4 34
4 26
4 20
4 38
4 9
4 48
4 10
20
5 11
5 48
5 20
5 46
5 18
5 22
5 26
5 8
5 42
5 16
5 9
5 35
5 29
5 27
5 45
5 0
5 4
5 1
5 38
5 30
22
6 18
6 3
6 1
6 25
6 24
6 45
6 41
6 21
6 38
6 29
6 27
6 30
6 43
6 13
6 33
6 39
6 44
6 37
6 12
6 28
6 5
6 14
21
7 46
7 4
7 1
7 2
7 21
7 11
7 14
7 18
7 23
7 5
7 10
7 0
7 39
7 13
7 48
7 35
7 6
7 42
7 43
7 44
7 38
21
8 25
8 18
8 43
8 14
8 11
8 48
8 26
8 45
8 12
8 27
8 10
8 47
8 9
8 22
8 20
8 15
8 19
8 33
8 3
8 24
8 31
19
9 14
9 35
9 10
9 18
9 38
9 2
9 13
9 47
9 29
9 6
9 16
9 19
9 30
9 22
9 12
9 43
9 7
9 45
9 34
17
10 12
10 20
10 48
10 21
10 6
10 27
10 25
10 28
10 40
10 3
10 41
10 0
10 26
10 32
10 19
10 38
10 5
14
11 26
11 4
11 36
11 45
11 27
11 29
11 21
11 10
11 48
11 16
11 25
11 9
11 32
11 2
20
12 7
12 25
12 28
12 0
12 33
12 41
12 13
12 43
12 16
12 11
12 23
12 14
12 2
12 20
12 35
12 40
12 31
12 3
12 37
12 44
16
13 21
13 43
13 19
13 27
13 5
13 34
13 22
13 44
13 40
13 23
13 49
13 25
13 3
13 31
13 33
13 16
21
14 34
14 17
14 29
14 37
14 47
14 5
14 26
14 35
14 21
14 3
14 0
14 20
14 45
14 11
14 18
14 2
14 1
14 24
14 40
14 13
14 32
21
15 39
15 21
15 13
15 22
15 31
15 3
15 10
15 33
15 12
15 4
15 9
15 30
15 18
15 32
15 0
15 42
15 45
15 17
15 34
15 11
15 7
18
16 18
16 15
16 6
16 1
16 36
16 37
16 24
16 14
16 44
16 22
16 43
16 25
16 17
16 10
16 29
16 7
16 20
16 45
15
17 12
17 13
17 30
17 1
17 19
17 11
17 29
17 7
17 37
17 39
17 44
17 10
17 5
17 47
17 33
20
18 19
18 29
18 42
18 49
18 2
18 0
18 3
18 34
18 23
18 11
18 48
18 33
18 17
18 10
18 30
18 22
18 41
18 47
18 37
18 36
20
19 4
19 15
19 12
19 7
19 25
19 48
19 0
19 47
19 41
19 28
19 44
19 33
19 32
19 14
19 6
19 16
19 5
19 11
19 23
19 39
20
20 11
20 40
20 17
20 34
20 28
20 48
20 6
20 37
20 39
20 27
20 18
20 19
20 9
20 0
20 2
20 7
20 26
20 38
20 3
20 25
16
21 37
21 18
21 12
21 38
21 47
21 17
21 5
21 40
21 34
21 8
21 31
21 19
21 26
21 0
21 42
21 35
16
22 20
22 4
22 39
22 17
22 11
22 0
22 24
22 1
22 6
22 32
22 33
22 10
22 14
22 31
22 2
22 49
25
23 24
23 45
23 41
23 35
23 5
23 11
23 26
23 28
23 20
23 30
23 8
23 17
23 3
23 46
23 16
23 25
23 27
23 44
23 22
23 15
23 36
23 10
23 49
23 29
23 40
27
24 10
24 15
24 32
24 25
24 31
24 19
24 45
24 43
24 17
24 18
24 7
24 12
24 48
24 13
24 36
24 28
24 41
24 11
24 21
24 9
24 20
24 5
24 42
24 26
24 40
24 46
24 0
18
25 3
25 32
25 45
25 14
25 22
25 4
25 15
25 2
25 35
25 43
25 47
25 9
25 21
25 33
25 48
25 39
25 17
25 0
20
26 33
26 6
26 22
26 13
26 2
26 35
26 18
26 37
26 17
26 46
26 19
26 43
26 9
26 1
26 7
26 31
26 48
26 3
26 38
26 16
23
27 35
27 26
27 47
27 42
27 32
27 28
27 24
27 12
27 25
27 3
27 18
27 43
27 14
27 21
27 39
27 9
27 19
27 15
27 34
27 7
27 1
27 48
27 46
18
28 37
28 15
28 35
28 7
28 36
28 9
28 17
28 47
28 34
28 25
28 42
28 41
28 46
28 0
28 18
28 16
28 26
28 5
20
29 39
29 20
29 10
29 41
29 8
29 42
29 49
29 22
29 37
29 28
29 2
29 24
29 26
29 15
29 40
29 31
29 33
29 4
29 12
29 25
22
30 22
30 24
30 3
30 26
30 33
30 14
30 11
30 44
30 37
30 28
30 4
30 45
30 0
30 29
30 47
30 49
30 40
30 20
30 35
30 21
30 25
30 27
20
31 7
31 30
31 20
31 38
31 28
31 34
31 14
31 47
31 16
31 17
31 25
31 27
31 43
31 6
31 5
31 44
31 3
31 10
31 11
31 33
20
32 33
32 34
32 9
32 41
32 38
32 43
32 6
32 21
32 29
32 17
32 35
32 36
32 8
32 12
32 7
32 5
32 40
32 31
32 16
32 20
20
33 21
33 43
33 4
33 1
33 20
33 14
33 11
33 27
33 0
33 46
33 16
33 41
33 10
33 7
33 5
33 3
33 42
33 35
33 38
33 47
17
34 47
34 7
34 11
34 6
34 25
34 49
34 0
34 19
34 17
34 5
34 24
34 30
34 43
34 16
34 33
34 40
34 23
18
35 16
35 43
35 15
35 46
35 19
35 34
35 29
35 47
35 18
35 10
35 17
35 36
35 41
35 4
35 49
35 40
35 45
35 13
24
36 6
36 9
36 2
36 0
36 8
36 5
36 46
36 15
36 1
36 47
36 49
36 44
36 17
36 22
36 21
36 29
36 20
36 13
36 7
36 42
36 39
36 19
36 33
36 48
19
37 22
37 34
37 13
37 44
37 31
37 32
37 24
37 10
37 11
37 33
37 2
37 38
37 25
37 0
37 15
37 5
37 23
37 39
37 8
18
38 12
38 28
38 3
38 17
38 39
38 30
38 27
38 34
38 45
38 13
38 2
38 16
38 15
38 24
38 35
38 29
38 11
38 22
22
39 31
39 34
39 21
39 12
39 5
39 26
39 35
39 0
39 30
39 9
39 11
39 23
39 3
39 18
39 24
39 46
39 8
39 40
39 1
39 33
39 43
39 10
14
40 15
40 25
40 37
40 11
40 44
40 33
40 41
40 8
40 48
40 31
40 45
40 18
40 36
40 17
23
41 2
41 22
41 3
41 7
41 45
41 15
41 21
41 13
41 37
41 14
41 46
41 36
41 39
41 16
41 11
41 43
41 8
41 44
41 31
41 20
41 34
41 27
41 26
24
42 31
42 22
42 30
42 34
42 41
42 8
42 20
42 1
42 17
42 16
42 6
42 10
42 9
42 14
42 26
42 37
42 39
42 25
42 35
42 12
42 40
42 23
42 44
42 38
12
43 23
43 15
43 29
43 11
43 19
43 10
43 5
43 42
43 14
43 40
43 4
43 46
18
44 27
44 22
44 29
44 38
44 24
44 43
44 28
44 32
44 25
44 18
44 2
44 15
44 26
44 8
44 5
44 39
44 46
44 14
16
45 28
45 7
45 13
45 20
45 29
45 43
45 22
45 19
45 33
45 32
45 4
45 27
45 49
45 12
45 18
45 34
19
46 32
46 20
46 17
46 0
46 22
46 42
46 37
46 6
46 11
46 25
46 15
46 38
46 12
46 19
46 21
46 14
46 16
46 10
46 18
24
47 37
47 16
47 11
47 43
47 24
47 4
47 20
47 46
47 26
47 42
47 40
47 38
47 1
47 23
47 39
47 12
47 29
47 7
47 13
47 32
47 5
47 49
47 22
47 44
20
48 44
48 15
48 23
48 32
48 41
48 46
48 12
48 22
48 47
48 0
48 16
48 34
48 31
48 17
48 9
48 21
48 33
48 2
48 42
48 35
24
49 32
49 44
49 8
49 48
49 6
49 11
49 15
49 40
49 0
49 24
49 42
49 20
49 17
49 39
49 43
49 33
49 27
49 38
49 4
49 14
49 41
49 37
49 31
49 16
