50
0 "A37"
1 "A26"
2 "A49"
3 "A0"
4 "A4"
5 "A31"
6 "A23"
7 "A9"
8 "A36"
9 "A45"
10 "A6"
11 "A19"
12 "A22"
13 "A5"
14 "A11"
15 "A8"
16 "A13"
17 "A15"
18 "A42"
19 "A21"
20 "A48"
21 "A47"
22 "A34"
23 "A1"
24 "A20"
25 "A30"
26 "A14"
27 "A7"
28 "A12"
29 "A33"
30 "A17"
31 "A3"
32 "A18"
33 "A41"
34 "A46"
35 "A25"
36 "A28"
37 "A16"
38 "A35"
39 "A38"
40 "A27"
41 "A40"
42 "A10"
43 "A24"
44 "A39"
45 "A2"
46 "A43"
47 "A44"
48 "A32"
49 "A29"
23
0 14
0 17
0 26
0 42
0 36
0 34
0 18
0 45
0 48
0 9
0 41
0 38
0 24
0 49
0 16
0 23
0 32
0 12
0 22
0 28
0 7
0 10
0 1
15
1 29
1 49
1 4
1 31
1 18
1 23
1 5
1 17
1 44
1 45
1 47
1 46
1 21
1 35
1 40
27
2 33
2 16
2 19
2 48
2 15
2 32
2 11
2 28
2 31
2 47
2 10
2 29
2 14
2 18
2 22
2 24
2 1
2 40
2 0
2 3
2 26
2 9
2 5
2 4
2 13
2 37
2 46
18
3 45
3 27
3 32
3 21
3 8
3 0
3 1
3 33
3 42
3 31
3 20
3 19
3 10
3 40
3 14
3 24
3 46
3 36
20
4 22
4 34
4 38
4 43
4 23
4 41
4 47
4 5
4 26
4 18
4 7
4 20
4 11
4 8
4 21
4 25
4 49
4 46
4 35
4 39
16
5 36
5 22
5 38
5 32
5 40
5 31
5 33
5 19
5 3
5 7
5 21
5 47
5 34
5 41
5 16
5 10
26
6 0
6 30
6 3
6 33
6 11
6 32
6 34
6 12
6 5
6 13
6 35
6 46
6 16
6 4
6 29
6 24
6 31
6 14
6 45
6 27
6 7
6 47
6 23
6 49
6 2
6 36
16
7 36
7 40
7 3
7 18
7 27
7 44
7 46
7 12
7 8
7 42
7 1
7 26
7 2
7 31
7 49
7 17
22
8 46
8 33
8 0
8 36
8 40
8 42
8 24
8 2
8 34
8 11
8 47
8 20
8 16
8 6
8 43
8 38
8 1
8 15
8 37
8 12
8 32
8 41
20
9 41
9 43
9 39
9 38
9 32
9 18
9 31
9 36
9 24
9 20
9 37
9 6
9 27
9 47
9 1
9 46
9 48
9 8
9 34
9 28
20
10 42
10 7
10 16
10 24
10 47
10 28
10 1
10 43
10 34
10 18
10 4
10 8
10 45
10 20
10 27
10 36
10 37
10 21
10 46
10 31
15
11 26
11 32
11 34
11 9
11 40
11 47
11 29
11 13
11 21
11 37
11 7
11 38
11 28
11 3
11 18
20
12 29
12 43
12 40
12 22
12 45
12 10
12 35
12 15
12 4
12 28
12 27
12 5
12 23
12 24
12 21
12 49
12 20
12 42
12 9
12 38
26
13 5
13 30
13 1
13 26
13 47
13 20
13 9
13 36
13 4
13 41
13 21
13 12
13 18
13 14
13 23
13 22
13 3
13 15
13 42
13 43
13 48
13 17
13 8
13 10
13 24
13 38
21
14 29
14 41
14 5
14 35
14 23
14 15
14 8
14 33
14 26
14 45
14 11
14 38
14 44
14 42
14 27
14 28
14 49
14 9
14 30
14 1
14 18
21
15 49
15 47
15 16
15 5
15 6
15 24
15 40
15 48
15 17
15 36
15 27
15 37
15 42
15 3
15 7
15 0
15 41
15 23
15 34
15 9
15 45
19
16 26
16 37
16 33
16 19
16 1
16 31
16 11
16 4
16 30
16 27
16 44
16 14
16 28
16 39
16 3
16 49
16 32
16 47
16 18
22
17 6
17 4
17 11
17 31
17 28
17 21
17 38
17 26
17 42
17 39
17 12
17 29
17 43
17 36
17 33
17 45
17 20
17 14
17 8
17 25
17 2
17 40
13
18 25
18 30
18 36
18 46
18 45
18 3
18 26
18 6
18 12
18 31
18 48
18 29
18 15
21
19 1
19 0
19 45
19 17
19 38
19 46
19 23
19 41
19 10
19 13
19 27
19 37
19 21
19 34
19 15
19 30
19 44
19 29
19 43
19 9
19 11
16
20 16
20 47
20 43
20 18
20 36
20 6
20 2
20 14
20 1
20 33
20 11
20 40
20 15
20 21
20 22
20 37
17
21 8
21 9
21 45
21 0
21 48
21 16
21 43
21 2
21 40
21 41
21 36
21 26
21 15
21 27
21 6
21 32
21 31
21
22 36
22 42
22 43
22 31
22 35
22 6
22 23
22 48
22 28
22 27
22 7
22 14
22 9
22 34
22 46
22 19
22 25
22 3
22 21
22 11
22 8
21
23 36
23 47
23 37
23 35
23 43
23 28
23 24
23 11
23 17
23 42
23 38
23 41
23 39
23 26
23 44
23 3
23 48
23 5
23 10
23 25
23 7
15
24 19
24 17
24 16
24 38
24 44
24 48
24 47
24 4
24 37
24 18
24 36
24 30
24 49
24 25
24 27
21
25 42
25 8
25 34
25 49
25 3
25 2
25 40
25 19
25 10
25 13
25 11
25 30
25 15
25 12
25 36
25 20
25 26
25 5
25 21
25 33
25 39
16
26 22
26 44
26 28
26 37
26 15
26 47
26 10
26 46
26 48
26 34
26 24
26 12
26 36
26 5
26 38
26 6
22
27 34
27 18
27 44
27 5
27 43
27 26
27 47
27 42
27 0
27 45
27 23
27 13
27 36
27 1
27 2
27 40
27 37
27 46
27 4
27 11
27 31
27 25
23
28 7
28 46
28 48
28 45
28 21
28 38
28 8
28 40
28 37
28 47
28 31
28 34
28 3
28 36
28 1
28 20
28 5
28 27
28 44
28 35
28 4
28 42
28 18
28
29 5
29 47
29 10
29 31
29 0
29 24
29 37
29 28
29 42
29 43
29 27
29 30
29 48
29 33
29 4
29 35
29 13
29 16
29 36
29 41
29 7
29 44
29 26
29 32
29 20
29 40
29 46
29 3
27
30 42
30 12
30 9
30 11
30 0
30 5
30 10
30 33
30 17
30 26
30 38
30 36
30 22
30 48
30 15
30 27
30 4
30 40
30 1
30 8
30 2
30 23
30 34
30 3
30 7
30 37
30 32
12
31 15
31 26
31 14
31 24
31 20
31 0
31 25
31 41
31 40
31 44
31 48
31 13
24
32 43
32 15
32 17
32 26
32 39
32 27
32 12
32 13
32 36
32 40
32 31
32 14
32 25
32 38
32 10
32 7
32 24
32 45
32 48
32 47
32 1
32 19
32 4
32 22
14
33 26
33 21
33 27
33 41
33 46
33 10
33 0
33 42
33 36
33 48
33 22
33 11
33 18
33 28
17
34 23
34 37
34 21
34 38
34 3
34 14
34 18
34 43
34 48
34 16
34 12
34 24
34 32
34 7
34 2
34 40
34 41
25
35 46
35 16
35 49
35 26
35 30
35 13
35 43
35 2
35 9
35 32
35 21
35 37
35 0
35 31
35 40
35 39
35 38
35 25
35 18
35 20
35 24
35 17
35 3
35 11
35 41
13
36 19
36 4
36 16
36 31
36 44
36 40
36 11
36 42
36 14
36 2
36 12
36 38
36 41
22
37 3
37 21
37 18
37 42
37 14
37 49
37 47
37 38
37 5
37 1
37 4
37 33
37 32
37 36
37 25
37 7
37 12
37 22
37 46
37 39
37 0
37 6
15
38 40
38 29
38 18
38 48
38 39
38 15
38 16
38 22
38 46
38 1
38 25
38 7
38 20
38 47
38 33
22
39 2
39 18
39 29
39 22
39 6
39 20
39 27
39 5
39 3
39 41
39 19
39 1
39 7
39 28
39 13
39 46
39 45
39 12
39 10
39 26
39 34
39 21
15
40 43
40 0
40 24
40 26
40 6
40 46
40 23
40 42
40 16
40 22
40 18
40 10
40 37
40 39
40 48
16
41 17
41 32
41 10
41 22
41 42
41 11
41 37
41 6
41 24
41 3
41 2
41 25
41 20
41 1
41 40
41 28
10
42 5
42 34
42 48
42 20
42 18
42 9
42 31
42 21
42 35
42 38
17
43 16
43 41
43 24
43 30
43 5
43 28
43 38
43 14
43 0
43 33
43 26
43 37
43 25
43 15
43 3
43 11
43 2
25
44 8
44 33
44 21
44 17
44 37
44 2
44 18
44 38
44 13
44 0
44 42
44 3
44 20
44 47
44 35
44 25
44 32
44 34
44 10
44 15
44 49
44 41
44 39
44 30
44 40
25
45 40
45 35
45 4
45 31
45 20
45 43
45 49
45 9
45 36
45 29
45 16
45 11
45 34
45 42
45 5
45 25
45 30
45 7
45 8
45 41
45 24
45 38
45 2
45 26
45 23
19
46 45
46 21
46 41
46 43
46 24
46 20
46 31
46 30
46 11
46 23
46 48
46 0
46 25
46 17
46 32
46 5
46 13
46 16
46 36
19
47 40
47 36
47 34
47 25
47 19
47 33
47 39
47 46
47 35
47 30
47 12
47 3
47 22
47 7
47 31
47 43
47 18
47 42
47 49
21
48 14
48 27
48 36
48 12
48 43
48 10
48 25
48 16
48 47
48 37
48 8
48 3
48 20
48 35
48 19
48 45
48 39
48 11
48 41
48 7
48 6
21
49 46
49 18
49 33
49 21
49 13
49 48
49 8
49 40
49 29
49 17
49 2
49 28
49 41
49 20
49 27
49 36
49 31
49 30
49 3
49 11
49 32
