50
0 "A37"
1 "A26"
2 "A49"
3 "A0"
4 "A4"
5 "A31"
6 "A23"
7 "A9"
8 "A36"
9 "A45"
10 "A6"
11 "A19"
12 "A22"
13 "A5"
14 "A11"
15 "A8"
16 "A13"
17 "A15"
18 "A42"
19 "A21"
20 "A48"
21 "A47"
22 "A34"
23 "A1"
24 "A20"
25 "A30"
26 "A14"
27 "A7"
28 "A12"
29 "A33"
30 "A17"
31 "A3"
32 "A18"
33 "A41"
34 "A46"
35 "A25"
36 "A28"
37 "A16"
38 "A35"
39 "A38"
40 "A27"
41 "A40"
42 "A10"
43 "A24"
44 "A39"
45 "A2"
46 "A43"
47 "A44"
48 "A32"
49 "A29"
19
0 18
0 21
0 39
0 10
0 6
0 23
0 22
0 24
0 31
0 42
0 11
0 13
0 2
0 37
0 29
0 5
0 32
0 20
0 49
24
1 43
1 19
1 45
1 11
1 44
1 39
1 16
1 42
1 23
1 37
1 49
1 48
1 12
1 10
1 26
1 17
1 47
1 2
1 46
1 20
1 30
1 22
1 31
1 35
21
2 20
2 7
2 12
2 45
2 25
2 41
2 42
2 27
2 6
2 15
2 10
2 16
2 31
2 28
2 43
2 46
2 14
2 26
2 34
2 9
2 21
21
3 2
3 37
3 14
3 17
3 15
3 35
3 18
3 0
3 6
3 46
3 40
3 24
3 1
3 48
3 20
3 39
3 41
3 23
3 43
3 34
3 33
15
4 31
4 27
4 12
4 13
4 5
4 24
4 3
4 34
4 37
4 2
4 43
4 49
4 15
4 11
4 38
16
5 22
5 3
5 23
5 12
5 20
5 47
5 18
5 17
5 48
5 2
5 21
5 35
5 40
5 1
5 24
5 15
19
6 30
6 26
6 15
6 1
6 39
6 32
6 38
6 24
6 19
6 7
6 28
6 25
6 49
6 8
6 40
6 18
6 22
6 34
6 20
15
7 13
7 8
7 4
7 16
7 5
7 22
7 3
7 27
7 30
7 12
7 11
7 37
7 10
7 38
7 1
19
8 19
8 3
8 30
8 13
8 40
8 29
8 23
8 2
8 14
8 32
8 48
8 1
8 34
8 47
8 17
8 4
8 9
8 12
8 43
24
9 20
9 26
9 39
9 21
9 16
9 25
9 49
9 14
9 24
9 42
9 6
9 0
9 30
9 27
9 22
9 35
9 41
9 18
9 28
9 46
9 11
9 7
9 3
9 15
20
10 48
10 28
10 15
10 12
10 5
10 11
10 41
10 3
10 37
10 31
10 49
10 43
10 38
10 9
10 23
10 46
10 19
10 6
10 36
10 13
18
11 40
11 33
11 37
11 48
11 30
11 19
11 44
11 34
11 21
11 49
11 6
11 15
11 29
11 5
11 38
11 14
11 22
11 2
22
12 23
12 38
12 39
12 24
12 44
12 37
12 27
12 43
12 17
12 15
12 25
12 46
12 9
12 6
12 34
12 20
12 0
12 31
12 29
12 3
12 18
12 42
20
13 2
13 11
13 46
13 20
13 44
13 36
13 23
13 6
13 27
13 1
13 15
13 29
13 5
13 42
13 17
13 40
13 9
13 41
13 30
13 3
18
14 0
14 45
14 17
14 6
14 49
14 13
14 19
14 27
14 7
14 20
14 12
14 5
14 33
14 24
14 18
14 40
14 34
14 10
16
15 41
15 26
15 21
15 38
15 37
15 48
15 7
15 20
15 34
15 16
15 30
15 25
15 8
15 24
15 1
15 18
26
16 23
16 39
16 17
16 0
16 10
16 5
16 25
16 14
16 12
16 24
16 37
16 32
16 28
16 29
16 31
16 3
16 20
16 8
16 11
16 35
16 4
16 26
16 13
16 38
16 34
16 6
23
17 31
17 25
17 0
17 48
17 45
17 4
17 32
17 23
17 44
17 10
17 28
17 15
17 9
17 22
17 2
17 42
17 39
17 33
17 7
17 49
17 37
17 26
17 6
21
18 31
18 32
18 19
18 43
18 13
18 21
18 37
18 20
18 4
18 2
18 17
18 28
18 40
18 1
18 41
18 16
18 22
18 8
18 25
18 30
18 10
25
19 12
19 23
19 22
19 48
19 0
19 9
19 20
19 16
19 24
19 30
19 3
19 17
19 44
19 43
19 29
19 21
19 46
19 27
19 5
19 34
19 26
19 31
19 41
19 28
19 36
17
20 37
20 11
20 42
20 46
20 4
20 21
20 35
20 7
20 17
20 30
20 41
20 25
20 45
20 26
20 32
20 40
20 34
19
21 36
21 43
21 42
21 46
21 22
21 24
21 35
21 3
21 12
21 10
21 37
21 8
21 38
21 25
21 39
21 6
21 34
21 4
21 48
18
22 32
22 49
22 2
22 29
22 24
22 45
22 44
22 15
22 14
22 20
22 10
22 3
22 16
22 48
22 23
22 12
22 38
22 25
19
23 24
23 15
23 46
23 49
23 25
23 47
23 45
23 18
23 14
23 6
23 43
23 4
23 48
23 20
23 31
23 7
23 26
23 9
23 2
18
24 7
24 1
24 39
24 30
24 2
24 49
24 37
24 41
24 46
24 17
24 29
24 48
24 47
24 35
24 34
24 18
24 20
24 8
16
25 32
25 8
25 47
25 37
25 7
25 0
25 4
25 29
25 41
25 36
25 10
25 19
25 35
25 43
25 1
25 44
22
26 12
26 11
26 38
26 7
26 4
26 32
26 41
26 10
26 42
26 45
26 14
26 39
26 35
26 40
26 46
26 34
26 36
26 3
26 37
26 29
26 33
26 8
21
27 20
27 31
27 18
27 26
27 44
27 5
27 29
27 36
27 24
27 40
27 33
27 30
27 16
27 43
27 47
27 1
27 37
27 21
27 23
27 6
27 11
25
28 12
28 22
28 5
28 33
28 11
28 0
28 31
28 23
28 20
28 48
28 27
28 4
28 42
28 44
28 37
28 39
28 32
28 7
28 25
28 49
28 3
28 38
28 26
28 8
28 14
22
29 45
29 23
29 1
29 30
29 42
29 31
29 14
29 38
29 3
29 4
29 43
29 46
29 6
29 18
29 15
29 7
29 17
29 37
29 21
29 10
29 28
29 9
18
30 17
30 25
30 2
30 16
30 44
30 34
30 5
30 4
30 10
30 35
30 0
30 22
30 40
30 48
30 14
30 23
30 31
30 21
21
31 14
31 40
31 11
31 15
31 45
31 36
31 7
31 21
31 24
31 32
31 42
31 44
31 8
31 25
31 49
31 46
31 20
31 5
31 13
31 6
31 33
19
32 3
32 37
32 30
32 7
32 42
32 27
32 46
32 40
32 43
32 44
32 4
32 19
32 14
32 39
32 29
32 5
32 11
32 36
32 9
25
33 4
33 49
33 6
33 32
33 38
33 1
33 23
33 36
33 34
33 10
33 20
33 5
33 8
33 24
33 42
33 19
33 13
33 48
33 0
33 22
33 39
33 25
33 12
33 30
33 2
19
34 49
34 31
34 7
34 32
34 45
34 9
34 13
34 41
34 36
34 37
34 25
34 40
34 10
34 18
34 42
34 0
34 23
34 35
34 28
15
35 28
35 48
35 42
35 10
35 2
35 27
35 43
35 12
35 49
35 4
35 19
35 13
35 14
35 33
35 32
20
36 17
36 8
36 14
36 3
36 12
36 0
36 22
36 29
36 30
36 18
36 24
36 1
36 37
36 7
36 9
36 2
36 41
36 35
36 40
36 16
13
37 39
37 14
37 23
37 35
37 38
37 46
37 19
37 45
37 13
37 48
37 9
37 2
37 22
15
38 13
38 46
38 27
38 2
38 3
38 40
38 8
38 1
38 49
38 17
38 19
38 35
38 32
38 0
38 31
20
39 7
39 5
39 2
39 20
39 10
39 29
39 42
39 47
39 44
39 36
39 49
39 30
39 23
39 4
39 25
39 45
39 35
39 22
39 38
39 40
14
40 9
40 7
40 16
40 17
40 0
40 1
40 23
40 19
40 22
40 4
40 37
40 49
40 15
40 10
21
41 33
41 6
41 28
41 5
41 11
41 22
41 7
41 29
41 42
41 38
41 16
41 23
41 31
41 47
41 4
41 35
41 0
41 14
41 37
41 45
41 30
17
42 40
42 4
42 7
42 24
42 44
42 8
42 27
42 47
42 15
42 38
42 10
42 22
42 45
42 37
42 46
42 6
42 18
21
43 15
43 16
43 20
43 40
43 41
43 33
43 49
43 31
43 30
43 42
43 0
43 13
43 26
43 6
43 47
43 28
43 17
43 22
43 5
43 36
43 9
21
44 3
44 10
44 4
44 26
44 47
44 8
44 38
44 18
44 29
44 34
44 35
44 48
44 14
44 16
44 36
44 41
44 9
44 15
44 7
44 33
44 45
16
45 7
45 3
45 33
45 6
45 11
45 43
45 18
45 0
45 19
45 24
45 38
45 10
45 27
45 25
45 35
45 16
21
46 27
46 30
46 25
46 39
46 11
46 40
46 35
46 7
46 17
46 28
46 41
46 34
46 5
46 6
46 0
46 8
46 22
46 14
46 44
46 4
46 15
24
47 13
47 33
47 29
47 19
47 31
47 38
47 36
47 9
47 0
47 10
47 14
47 40
47 15
47 32
47 46
47 37
47 12
47 16
47 3
47 45
47 30
47 17
47 20
47 4
23
48 7
48 36
48 26
48 47
48 12
48 42
48 13
48 31
48 39
48 45
48 49
48 46
48 14
48 25
48 34
48 32
48 27
48 38
48 20
48 40
48 16
48 0
48 6
18
49 30
49 46
49 37
49 29
49 2
49 15
49 41
49 5
49 20
49 32
49 13
49 45
49 44
49 26
49 19
49 27
49 36
49 16
