50
0 "A37"
1 "A26"
2 "A49"
3 "A0"
4 "A4"
5 "A31"
6 "A23"
7 "A9"
8 "A36"
9 "A45"
10 "A6"
11 "A19"
12 "A22"
13 "A5"
14 "A11"
15 "A8"
16 "A13"
17 "A15"
18 "A42"
19 "A21"
20 "A48"
21 "A47"
22 "A34"
23 "A1"
24 "A20"
25 "A30"
26 "A14"
27 "A7"
28 "A12"
29 "A33"
30 "A17"
31 "A3"
32 "A18"
33 "A41"
34 "A46"
35 "A25"
36 "A28"
37 "A16"
38 "A35"
39 "A38"
40 "A27"
41 "A40"
42 "A10"
43 "A24"
44 "A39"
45 "A2"
46 "A43"
47 "A44"
48 "A32"
49 "A29"
17
0 26
0 39
0 28
0 25
0 47
0 20
0 30
0 12
0 31
0 11
0 34
0 41
0 21
0 8
0 3
0 2
0 32
23
1 15
1 43
1 28
1 4
1 26
1 10
1 16
1 22
1 19
1 29
1 12
1 5
1 24
1 21
1 35
1 36
1 37
1 45
1 27
1 0
1 17
1 42
1 41
16
2 19
2 3
2 42
2 48
2 24
2 8
2 1
2 49
2 7
2 40
2 41
2 11
2 38
2 36
2 28
2 13
20
3 37
3 22
3 42
3 32
3 36
3 38
3 46
3 25
3 44
3 18
3 11
3 21
3 5
3 17
3 41
3 1
3 15
3 19
3 30
3 29
21
4 17
4 7
4 47
4 18
4 27
4 22
4 11
4 36
4 28
4 49
4 31
4 3
4 48
4 0
4 14
4 38
4 16
4 42
4 15
4 33
4 37
17
5 39
5 43
5 32
5 47
5 2
5 4
5 13
5 17
5 0
5 24
5 38
5 30
5 27
5 8
5 33
5 36
5 6
20
6 8
6 37
6 48
6 44
6 13
6 28
6 27
6 12
6 30
6 0
6 3
6 18
6 26
6 25
6 20
6 43
6 36
6 17
6 40
6 22
26
7 22
7 36
7 5
7 34
7 6
7 43
7 3
7 25
7 42
7 15
7 27
7 10
7 49
7 45
7 12
7 17
7 44
7 46
7 38
7 11
7 48
7 8
7 35
7 19
7 0
7 41
20
8 31
8 46
8 45
8 19
8 3
8 23
8 35
8 34
8 4
8 43
8 49
8 16
8 14
8 40
8 33
8 28
8 38
8 21
8 29
8 26
27
9 31
9 16
9 14
9 5
9 15
9 32
9 36
9 47
9 29
9 30
9 20
9 10
9 19
9 25
9 26
9 1
9 2
9 43
9 0
9 12
9 46
9 38
9 21
9 3
9 35
9 33
9 8
21
10 2
10 11
10 19
10 15
10 48
10 0
10 49
10 14
10 5
10 13
10 27
10 38
10 41
10 6
10 33
10 25
10 18
10 17
10 30
10 3
10 42
19
11 48
11 1
11 38
11 42
11 34
11 46
11 45
11 27
11 12
11 21
11 41
11 9
11 31
11 26
11 8
11 24
11 20
11 44
11 33
21
12 3
12 8
12 47
12 34
12 44
12 40
12 49
12 35
12 37
12 42
12 13
12 10
12 46
12 48
12 2
12 14
12 41
12 30
12 5
12 32
12 36
21
13 4
13 1
13 34
13 44
13 11
13 3
13 27
13 15
13 32
13 0
13 31
13 33
13 48
13 45
13 47
13 8
13 9
13 17
13 46
13 38
13 43
19
14 2
14 19
14 45
14 39
14 3
14 18
14 42
14 17
14 26
14 27
14 37
14 23
14 13
14 7
14 6
14 24
14 1
14 44
14 31
16
15 11
15 6
15 12
15 48
15 39
15 29
15 5
15 2
15 43
15 30
15 21
15 0
15 36
15 14
15 8
15 46
21
16 21
16 42
16 44
16 0
16 3
16 41
16 20
16 22
16 38
16 25
16 31
16 34
16 6
16 30
16 13
16 47
16 10
16 32
16 45
16 7
16 18
18
17 20
17 9
17 15
17 8
17 31
17 39
17 25
17 32
17 40
17 29
17 24
17 11
17 44
17 2
17 47
17 42
17 0
17 43
20
18 5
18 15
18 0
18 21
18 20
18 24
18 11
18 49
18 7
18 30
18 8
18 12
18 27
18 48
18 41
18 2
18 32
18 44
18 17
18 35
17
19 23
19 32
19 45
19 36
19 27
19 43
19 11
19 44
19 13
19 30
19 24
19 38
19 15
19 16
19 4
19 6
19 18
23
20 40
20 10
20 26
20 25
20 1
20 15
20 3
20 30
20 4
20 43
20 48
20 47
20 24
20 5
20 35
20 19
20 22
20 8
20 27
20 39
20 34
20 2
20 23
18
21 13
21 12
21 30
21 29
21 40
21 2
21 4
21 44
21 23
21 46
21 19
21 31
21 17
21 7
21 24
21 37
21 43
21 22
23
22 36
22 41
22 18
22 11
22 31
22 9
22 25
22 8
22 32
22 33
22 17
22 2
22 47
22 27
22 43
22 5
22 24
22 48
22 15
22 23
22 49
22 0
22 14
19
23 15
23 11
23 10
23 5
23 16
23 38
23 41
23 32
23 33
23 4
23 46
23 49
23 12
23 1
23 7
23 28
23 34
23 9
23 6
16
24 40
24 35
24 47
24 0
24 6
24 13
24 37
24 23
24 30
24 7
24 15
24 46
24 8
24 32
24 44
24 10
19
25 48
25 12
25 5
25 35
25 4
25 28
25 45
25 31
25 8
25 14
25 47
25 40
25 2
25 33
25 46
25 24
25 15
25 21
25 34
21
26 30
26 2
26 25
26 13
26 24
26 5
26 43
26 7
26 22
26 15
26 12
26 49
26 16
26 21
26 19
26 36
26 18
26 3
26 35
26 4
26 47
13
27 0
27 8
27 25
27 44
27 36
27 32
27 29
27 46
27 42
27 48
27 16
27 28
27 12
19
28 22
28 29
28 24
28 47
28 42
28 15
28 5
28 14
28 13
28 18
28 46
28 48
28 3
28 10
28 16
28 19
28 20
28 37
28 33
18
29 18
29 6
29 4
29 40
29 14
29 33
29 23
29 2
29 47
29 32
29 26
29 39
29 36
29 11
29 0
29 41
29 37
29 31
15
30 48
30 45
30 32
30 40
30 35
30 22
30 14
30 13
30 8
30 46
30 11
30 29
30 36
30 7
30 1
21
31 37
31 41
31 6
31 28
31 20
31 46
31 32
31 3
31 30
31 45
31 47
31 26
31 19
31 12
31 23
31 33
31 38
31 2
31 40
31 10
31 36
18
32 2
32 35
32 47
32 7
32 20
32 43
32 41
32 46
32 4
32 1
32 39
32 8
32 26
32 6
32 40
32 49
32 25
32 48
15
33 14
33 30
33 44
33 27
33 49
33 0
33 21
33 43
33 12
33 26
33 15
33 18
33 16
33 36
33 1
23
34 32
34 4
34 5
34 46
34 39
34 21
34 29
34 15
34 33
34 47
34 9
34 49
34 3
34 28
34 41
34 24
34 14
34 26
34 19
34 1
34 38
34 31
34 22
18
35 17
35 2
35 0
35 46
35 38
35 6
35 14
35 34
35 28
35 23
35 10
35 11
35 4
35 15
35 44
35 22
35 41
35 21
21
36 25
36 14
36 37
36 11
36 32
36 21
36 23
36 44
36 48
36 34
36 20
36 46
36 45
36 41
36 17
36 28
36 13
36 42
36 24
36 10
36 8
26
37 7
37 26
37 16
37 25
37 8
37 48
37 38
37 17
37 23
37 18
37 13
37 45
37 34
37 15
37 47
37 41
37 27
37 9
37 11
37 46
37 22
37 40
37 10
37 0
37 42
37 39
21
38 26
38 28
38 40
38 47
38 14
38 25
38 33
38 44
38 15
38 36
38 22
38 21
38 43
38 45
38 17
38 27
38 1
38 24
38 20
38 0
38 32
22
39 30
39 23
39 41
39 42
39 16
39 6
39 21
39 31
39 8
39 18
39 44
39 36
39 25
39 22
39 7
39 35
39 27
39 19
39 4
39 2
39 13
39 3
22
40 27
40 33
40 36
40 23
40 19
40 42
40 34
40 22
40 14
40 35
40 10
40 9
40 11
40 0
40 5
40 28
40 44
40 7
40 1
40 26
40 18
40 15
17
41 26
41 30
41 21
41 48
41 33
41 6
41 28
41 38
41 19
41 17
41 8
41 40
41 13
41 47
41 4
41 20
41 49
22
42 5
42 48
42 45
42 20
42 47
42 31
42 26
42 49
42 30
42 43
42 9
42 18
42 33
42 38
42 6
42 23
42 32
42 35
42 22
42 21
42 34
42 25
18
43 35
43 41
43 36
43 29
43 24
43 3
43 16
43 34
43 4
43 2
43 0
43 37
43 28
43 23
43 40
43 10
43 11
43 31
14
44 29
44 42
44 8
44 32
44 31
44 34
44 0
44 1
44 4
44 2
44 5
44 28
44 25
44 37
19
45 10
45 40
45 29
45 46
45 3
45 43
45 39
45 5
45 4
45 27
45 2
45 26
45 0
45 44
45 6
45 23
45 18
45 22
45 28
17
46 14
46 18
46 42
46 43
46 38
46 17
46 29
46 33
46 39
46 16
46 41
46 26
46 10
46 6
46 2
46 5
46 4
22
47 18
47 21
47 23
47 30
47 2
47 36
47 49
47 39
47 3
47 43
47 19
47 11
47 45
47 6
47 15
47 7
47 33
47 35
47 1
47 10
47 8
47 44
20
48 24
48 16
48 44
48 23
48 17
48 33
48 3
48 39
48 45
48 26
48 9
48 31
48 40
48 35
48 0
48 5
48 21
48 1
48 29
48 47
20
49 19
49 30
49 16
49 38
49 11
49 15
49 46
49 39
49 20
49 21
49 31
49 35
49 0
49 17
49 13
49 36
49 48
49 24
49 9
49 27
