50
0 "A37"
1 "A26"
2 "A49"
3 "A0"
4 "A4"
5 "A31"
6 "A23"
7 "A9"
8 "A36"
9 "A45"
10 "A6"
11 "A19"
12 "A22"
13 "A5"
14 "A11"
15 "A8"
16 "A13"
17 "A15"
18 "A42"
19 "A21"
20 "A48"
21 "A47"
22 "A34"
23 "A1"
24 "A20"
25 "A30"
26 "A14"
27 "A7"
28 "A12"
29 "A33"
30 "A17"
31 "A3"
32 "A18"
33 "A41"
34 "A46"
35 "A25"
36 "A28"
37 "A16"
38 "A35"
39 "A38"
40 "A27"
41 "A40"
42 "A10"
43 "A24"
44 "A39"
45 "A2"
46 "A43"
47 "A44"
48 "A32"
49 "A29"
24
0 39
0 28
0 47
0 18
0 10
0 29
0 42
0 2
0 1
0 3
0 12
0 40
0 33
0 13
0 49
0 21
0 34
0 19
0 44
0 6
0 24
0 16
0 7
0 11
18
1 2
1 36
1 7
1 35
1 31
1 8
1 14
1 26
1 34
1 9
1 32
1 40
1 48
1 16
1 17
1 27
1 38
1 18
21
2 11
2 31
2 25
2 34
2 12
2 32
2 27
2 22
2 33
2 8
2 24
2 30
2 48
2 39
2 18
2 19
2 15
2 37
2 47
2 13
2 46
19
3 25
3 30
3 29
3 22
3 47
3 2
3 1
3 14
3 46
3 41
3 45
3 24
3 23
3 44
3 7
3 8
3 20
3 17
3 13
19
4 44
4 39
4 13
4 15
4 22
4 5
4 17
4 3
4 27
4 28
4 29
4 6
4 12
4 1
4 36
4 31
4 21
4 2
4 10
18
5 2
5 12
5 17
5 11
5 0
5 6
5 24
5 16
5 43
5 8
5 44
5 28
5 27
5 19
5 29
5 23
5 1
5 38
16
6 33
6 35
6 45
6 10
6 38
6 44
6 11
6 31
6 27
6 16
6 30
6 40
6 19
6 43
6 18
6 36
20
7 27
7 11
7 48
7 43
7 4
7 37
7 13
7 14
7 18
7 20
7 45
7 2
7 16
7 5
7 44
7 8
7 34
7 49
7 40
7 42
16
8 25
8 29
8 37
8 4
8 15
8 48
8 41
8 49
8 28
8 26
8 39
8 44
8 6
8 27
8 19
8 0
23
9 8
9 30
9 40
9 22
9 36
9 2
9 41
9 31
9 6
9 15
9 29
9 45
9 33
9 16
9 0
9 24
9 19
9 13
9 27
9 4
9 25
9 7
9 3
16
10 25
10 19
10 48
10 2
10 29
10 46
10 16
10 40
10 9
10 34
10 1
10 41
10 38
10 7
10 3
10 24
20
11 35
11 14
11 23
11 19
11 41
11 3
11 49
11 13
11 10
11 32
11 18
11 15
11 29
11 17
11 30
11 27
11 31
11 42
11 43
11 20
29
12 10
12 45
12 22
12 41
12 40
12 9
12 30
12 36
12 25
12 6
12 18
12 33
12 16
12 19
12 13
12 47
12 1
12 8
12 11
12 7
12 48
12 35
12 28
12 46
12 21
12 3
12 44
12 34
12 24
11
13 23
13 41
13 8
13 16
13 5
13 25
13 35
13 36
13 39
13 49
13 43
17
14 46
14 23
14 21
14 4
14 30
14 8
14 5
14 9
14 47
14 12
14 31
14 48
14 17
14 35
14 18
14 13
14 0
19
15 44
15 20
15 27
15 31
15 35
15 32
15 36
15 13
15 33
15 34
15 43
15 3
15 22
15 5
15 14
15 0
15 12
15 38
15 1
20
16 4
16 32
16 11
16 3
16 23
16 42
16 20
16 43
16 15
16 36
16 2
16 40
16 33
16 35
16 30
16 17
16 29
16 8
16 25
16 14
22
17 42
17 10
17 25
17 44
17 49
17 6
17 31
17 23
17 19
17 26
17 21
17 40
17 47
17 13
17 33
17 8
17 9
17 43
17 7
17 2
17 15
17 20
23
18 3
18 31
18 46
18 21
18 36
18 43
18 40
18 41
18 19
18 28
18 4
18 16
18 49
18 22
18 5
18 30
18 8
18 45
18 25
18 17
18 32
18 34
18 13
19
19 23
19 40
19 34
19 31
19 44
19 24
19 32
19 38
19 3
19 26
19 13
19 1
19 36
19 49
19 45
19 20
19 43
19 16
19 47
19
20 13
20 4
20 6
20 25
20 45
20 10
20 21
20 40
20 18
20 49
20 0
20 12
20 22
20 5
20 39
20 24
20 27
20 41
20 2
25
21 8
21 2
21 29
21 19
21 46
21 36
21 10
21 27
21 41
21 5
21 39
21 48
21 7
21 32
21 28
21 31
21 13
21 26
21 11
21 6
21 24
21 1
21 16
21 15
21 25
23
22 29
22 23
22 5
22 37
22 17
22 16
22 25
22 8
22 41
22 39
22 49
22 30
22 1
22 0
22 44
22 33
22 48
22 32
22 11
22 19
22 45
22 47
22 28
12
23 8
23 32
23 33
23 6
23 25
23 47
23 10
23 24
23 38
23 20
23 46
23 28
21
24 35
24 18
24 15
24 33
24 37
24 27
24 22
24 17
24 49
24 16
24 7
24 26
24 32
24 8
24 41
24 43
24 28
24 4
24 36
24 6
24 34
16
25 14
25 11
25 4
25 26
25 35
25 34
25 6
25 5
25 19
25 24
25 0
25 36
25 15
25 41
25 37
25 29
18
26 39
26 43
26 4
26 34
26 2
26 27
26 5
26 36
26 38
26 46
26 30
26 3
26 11
26 31
26 18
26 44
26 9
26 23
22
27 13
27 12
27 30
27 39
27 43
27 49
27 25
27 17
27 45
27 35
27 0
27 34
27 3
27 18
27 40
27 37
27 19
27 28
27 16
27 41
27 23
27 22
16
28 35
28 30
28 14
28 19
28 37
28 25
28 47
28 46
28 15
28 3
28 44
28 11
28 38
28 45
28 42
28 29
20
29 17
29 2
29 19
29 15
29 45
29 12
29 46
29 34
29 38
29 24
29 40
29 18
29 26
29 48
29 43
29 13
29 27
29 49
29 6
29 20
20
30 43
30 15
30 29
30 25
30 39
30 19
30 23
30 46
30 8
30 20
30 42
30 48
30 35
30 17
30 45
30 4
30 47
30 0
30 10
30 1
20
31 3
31 25
31 23
31 41
31 49
31 16
31 28
31 30
31 20
31 39
31 12
31 38
31 27
31 35
31 10
31 7
31 29
31 24
31 0
31 36
22
32 31
32 34
32 10
32 5
32 27
32 28
32 26
32 12
32 39
32 20
32 14
32 25
32 43
32 13
32 41
32 30
32 4
32 37
32 48
32 0
32 3
32 46
17
33 19
33 14
33 32
33 41
33 25
33 11
33 46
33 21
33 18
33 37
33 31
33 13
33 1
33 42
33 7
33 3
33 4
24
34 3
34 17
34 38
34 42
34 22
34 28
34 37
34 5
34 44
34 49
34 16
34 9
34 31
34 33
34 8
34 39
34 48
34 45
34 13
34 21
34 14
34 4
34 20
34 23
22
35 32
35 40
35 4
35 46
35 10
35 47
35 7
35 8
35 23
35 26
35 34
35 22
35 5
35 3
35 29
35 45
35 33
35 42
35 17
35 21
35 19
35 48
17
36 2
36 27
36 8
36 7
36 48
36 10
36 14
36 37
36 33
36 35
36 23
36 42
36 34
36 49
36 46
36 39
36 30
21
37 15
37 11
37 13
37 42
37 5
37 23
37 17
37 0
37 19
37 12
37 39
37 35
37 4
37 6
37 47
37 21
37 41
37 16
37 26
37 40
37 18
22
38 7
38 35
38 45
38 42
38 27
38 22
38 40
38 9
38 33
38 11
38 44
38 13
38 18
38 37
38 46
38 0
38 43
38 21
38 17
38 12
38 14
38 2
21
39 25
39 11
39 3
39 40
39 5
39 23
39 7
39 18
39 14
39 19
39 49
39 9
39 29
39 15
39 41
39 16
39 33
39 35
39 17
39 42
39 46
22
40 33
40 24
40 28
40 15
40 21
40 36
40 8
40 45
40 34
40 26
40 44
40 31
40 30
40 14
40 13
40 4
40 23
40 3
40 2
40 11
40 25
40 47
15
41 46
41 15
41 28
41 44
41 26
41 49
41 7
41 38
41 34
41 45
41 5
41 4
41 14
41 2
41 0
21
42 4
42 21
42 40
42 26
42 13
42 14
42 10
42 27
42 8
42 23
42 32
42 45
42 9
42 49
42 48
42 25
42 18
42 29
42 5
42 1
42 15
21
43 42
43 45
43 39
43 21
43 35
43 0
43 3
43 33
43 36
43 12
43 47
43 46
43 1
43 8
43 23
43 25
43 10
43 41
43 20
43 49
43 28
22
44 2
44 14
44 43
44 31
44 42
44 32
44 24
44 49
44 10
44 13
44 18
44 11
44 47
44 20
44 25
44 1
44 37
44 16
44 9
44 29
44 30
44 21
19
45 4
45 39
45 24
45 17
45 5
45 15
45 8
45 32
45 25
45 14
45 44
45 37
45 33
45 11
45 1
45 16
45 2
45 36
45 10
15
46 20
46 11
46 48
46 9
46 8
46 42
46 7
46 16
46 34
46 1
46 4
46 6
46 5
46 13
46 45
20
47 46
47 8
47 10
47 39
47 41
47 45
47 32
47 18
47 9
47 33
47 1
47 48
47 15
47 13
47 38
47 11
47 26
47 31
47 27
47 16
21
48 19
48 49
48 0
48 25
48 33
48 9
48 23
48 27
48 3
48 24
48 28
48 6
48 40
48 38
48 15
48 44
48 16
48 41
48 45
48 5
48 13
16
49 28
49 16
49 46
49 25
49 45
49 5
49 21
49 9
49 1
49 38
49 30
49 33
49 35
49 40
49 4
49 2
