50
0 "A37"
1 "A26"
2 "A49"
3 "A0"
4 "A4"
5 "A31"
6 "A23"
7 "A9"
8 "A36"
9 "A45"
10 "A6"
11 "A19"
12 "A22"
13 "A5"
14 "A11"
15 "A8"
16 "A13"
17 "A15"
18 "A42"
19 "A21"
20 "A48"
21 "A47"
22 "A34"
23 "A1"
24 "A20"
25 "A30"
26 "A14"
27 "A7"
28 "A12"
29 "A33"
30 "A17"
31 "A3"
32 "A18"
33 "A41"
34 "A46"
35 "A25"
36 "A28"
37 "A16"
38 "A35"
39 "A38"
40 "A27"
41 "A40"
42 "A10"
43 "A24"
44 "A39"
45 "A2"
46 "A43"
47 "A44"
48 "A32"
49 "A29"
19
0 10
0 18
0 49
0 41
0 46
0 3
0 4
0 28
0 37
0 25
0 24
0 23
0 39
0 29
0 47
0 22
0 5
0 40
0 14
15
1 31
1 11
1 37
1 16
1 32
1 4
1 34
1 21
1 7
1 9
1 43
1 44
1 10
1 14
1 36
16
2 47
2 39
2 42
2 19
2 45
2 14
2 46
2 17
2 32
2 34
2 40
2 24
2 29
2 26
2 4
2 11
17
3 40
3 48
3 39
3 10
3 24
3 6
3 43
3 23
3 46
3 21
3 17
3 7
3 33
3 16
3 26
3 25
3 41
22
4 8
4 32
4 43
4 5
4 26
4 6
4 3
4 7
4 41
4 16
4 14
4 47
4 25
4 29
4 19
4 21
4 46
4 49
4 39
4 11
4 35
4 23
20
5 40
5 47
5 37
5 41
5 45
5 18
5 32
5 25
5 49
5 1
5 35
5 3
5 36
5 17
5 34
5 14
5 12
5 30
5 39
5 44
23
6 49
6 32
6 48
6 1
6 10
6 23
6 15
6 35
6 18
6 22
6 8
6 45
6 30
6 16
6 2
6 47
6 31
6 42
6 14
6 44
6 12
6 27
6 40
16
7 33
7 20
7 43
7 44
7 0
7 13
7 23
7 2
7 36
7 5
7 19
7 15
7 10
7 14
7 35
7 6
23
8 9
8 7
8 48
8 0
8 25
8 41
8 15
8 29
8 39
8 19
8 43
8 16
8 1
8 2
8 45
8 30
8 28
8 22
8 42
8 37
8 5
8 40
8 23
21
9 14
9 37
9 47
9 7
9 44
9 29
9 3
9 43
9 28
9 10
9 31
9 23
9 2
9 33
9 12
9 40
9 34
9 25
9 17
9 36
9 45
19
10 49
10 16
10 11
10 43
10 37
10 31
10 17
10 39
10 8
10 33
10 42
10 40
10 36
10 47
10 32
10 46
10 25
10 5
10 15
23
11 49
11 23
11 47
11 9
11 3
11 30
11 46
11 40
11 21
11 5
11 34
11 37
11 42
11 14
11 35
11 43
11 41
11 6
11 8
11 48
11 24
11 7
11 16
15
12 3
12 1
12 25
12 10
12 42
12 2
12 31
12 8
12 13
12 33
12 18
12 7
12 4
12 22
12 37
18
13 14
13 25
13 45
13 44
13 47
13 16
13 48
13 8
13 49
13 20
13 39
13 31
13 6
13 21
13 9
13 3
13 0
13 1
16
14 16
14 30
14 28
14 45
14 22
14 8
14 33
14 39
14 21
14 27
14 23
14 37
14 10
14 29
14 47
14 38
22
15 44
15 0
15 17
15 3
15 48
15 47
15 24
15 43
15 11
15 38
15 14
15 4
15 5
15 34
15 1
15 29
15 26
15 46
15 18
15 12
15 19
15 41
21
16 9
16 30
16 45
16 25
16 42
16 19
16 22
16 23
16 48
16 32
16 37
16 2
16 33
16 31
16 12
16 26
16 49
16 15
16 34
16 44
16 7
22
17 32
17 37
17 38
17 8
17 6
17 1
17 16
17 12
17 28
17 13
17 7
17 11
17 36
17 49
17 4
17 0
17 23
17 14
17 27
17 35
17 46
17 47
25
18 11
18 9
18 30
18 31
18 1
18 28
18 37
18 16
18 38
18 22
18 41
18 42
18 17
18 29
18 7
18 4
18 14
18 8
18 32
18 3
18 13
18 35
18 48
18 23
18 45
17
19 47
19 39
19 42
19 34
19 43
19 30
19 25
19 12
19 1
19 49
19 13
19 5
19 6
19 41
19 14
19 46
19 9
14
20 6
20 17
20 14
20 46
20 11
20 2
20 31
20 9
20 16
20 28
20 15
20 36
20 10
20 0
17
21 16
21 45
21 22
21 41
21 12
21 7
21 9
21 10
21 31
21 33
21 5
21 32
21 19
21 18
21 25
21 15
21 17
21
22 9
22 40
22 23
22 2
22 43
22 47
22 20
22 28
22 32
22 15
22 19
22 17
22 13
22 10
22 48
22 49
22 5
22 1
22 7
22 4
22 31
20
23 49
23 30
23 27
23 1
23 41
23 32
23 13
23 44
23 35
23 5
23 19
23 39
23 12
23 24
23 33
23 40
23 20
23 38
23 34
23 37
26
24 18
24 36
24 47
24 30
24 35
24 17
24 10
24 48
24 31
24 16
24 20
24 5
24 29
24 22
24 1
24 34
24 26
24 43
24 37
24 40
24 19
24 21
24 7
24 13
24 9
24 12
18
25 42
25 11
25 24
25 36
25 48
25 14
25 2
25 7
25 34
25 17
25 37
25 46
25 31
25 6
25 15
25 27
25 18
25 22
23
26 20
26 33
26 19
26 31
26 34
26 44
26 35
26 36
26 9
26 22
26 23
26 13
26 37
26 28
26 14
26 10
26 18
26 41
26 0
26 27
26 5
26 17
26 8
17
27 11
27 37
27 40
27 4
27 0
27 12
27 43
27 3
27 28
27 8
27 46
27 30
27 10
27 29
27 22
27 32
27 42
16
28 43
28 1
28 33
28 31
28 21
28 10
28 37
28 25
28 19
28 35
28 2
28 38
28 48
28 7
28 44
28 5
24
29 23
29 33
29 21
29 32
29 34
29 38
29 30
29 7
29 11
29 46
29 35
29 41
29 37
29 48
29 5
29 13
29 19
29 20
29 42
29 1
29 39
29 26
29 10
29 6
16
30 15
30 39
30 43
30 9
30 13
30 7
30 45
30 40
30 0
30 31
30 1
30 22
30 4
30 3
30 21
30 42
19
31 11
31 43
31 0
31 40
31 3
31 5
31 7
31 38
31 32
31 15
31 46
31 27
31 41
31 45
31 19
31 8
31 39
31 36
31 44
18
32 25
32 45
32 11
32 46
32 28
32 19
32 42
32 35
32 14
32 3
32 49
32 15
32 40
32 33
32 12
32 26
32 39
32 37
19
33 17
33 39
33 22
33 1
33 24
33 36
33 0
33 44
33 11
33 43
33 15
33 6
33 20
33 35
33 4
33 41
33 49
33 45
33 25
23
34 40
34 37
34 10
34 48
34 6
34 27
34 21
34 35
34 18
34 49
34 38
34 32
34 12
34 31
34 43
34 33
34 45
34 22
34 28
34 7
34 20
34 47
34 8
20
35 1
35 46
35 36
35 25
35 44
35 12
35 0
35 10
35 3
35 2
35 41
35 30
35 14
35 40
35 15
35 37
35 19
35 21
35 13
35 45
19
36 32
36 3
36 23
36 45
36 4
36 41
36 0
36 19
36 13
36 15
36 29
36 8
36 34
36 12
36 22
36 14
36 49
36 27
36 2
16
37 49
37 45
37 30
37 36
37 22
37 3
37 40
37 21
37 20
37 39
37 6
37 15
37 33
37 4
37 7
37 46
20
38 12
38 40
38 27
38 21
38 25
38 35
38 43
38 9
38 4
38 22
38 2
38 20
38 45
38 16
38 7
38 5
38 13
38 36
38 39
38 0
19
39 26
39 28
39 15
39 7
39 22
39 47
39 1
39 6
39 12
39 11
39 17
39 27
39 36
39 44
39 24
39 48
39 35
39 21
39 16
21
40 18
40 45
40 19
40 15
40 21
40 28
40 36
40 43
40 49
40 20
40 1
40 17
40 13
40 29
40 47
40 33
40 16
40 12
40 26
40 4
40 46
21
41 9
41 16
41 30
41 39
41 28
41 27
41 32
41 48
41 6
41 45
41 40
41 20
41 14
41 34
41 17
41 25
41 7
41 47
41 22
41 1
41 10
28
42 9
42 3
42 43
42 7
42 49
42 21
42 13
42 4
42 41
42 1
42 38
42 14
42 34
42 20
42 31
42 15
42 47
42 39
42 17
42 23
42 44
42 37
42 5
42 24
42 40
42 26
42 36
42 33
17
43 44
43 16
43 23
43 32
43 18
43 41
43 48
43 0
43 21
43 14
43 6
43 20
43 26
43 36
43 5
43 17
43 12
22
44 47
44 20
44 41
44 48
44 38
44 2
44 49
44 30
44 24
44 12
44 11
44 34
44 21
44 18
44 25
44 3
44 36
44 14
44 37
44 29
44 0
44 40
18
45 1
45 48
45 22
45 17
45 27
45 11
45 26
45 3
45 19
45 4
45 29
45 43
45 25
45 42
45 24
45 20
45 12
45 44
22
46 22
46 13
46 44
46 30
46 18
46 5
46 41
46 36
46 16
46 47
46 23
46 6
46 45
46 9
46 1
46 14
46 48
46 38
46 43
46 42
46 26
46 21
14
47 35
47 30
47 21
47 31
47 49
47 7
47 20
47 45
47 28
47 37
47 8
47 12
47 43
47 18
22
48 0
48 27
48 35
48 9
48 49
48 2
48 19
48 21
48 37
48 23
48 31
48 33
48 36
48 14
48 38
48 4
48 47
48 32
48 7
48 12
48 1
48 30
20
49 3
49 27
49 26
49 7
49 15
49 9
49 38
49 29
49 46
49 1
49 8
49 25
49 21
49 39
49 35
49 14
49 43
49 30
49 24
49 12
