50
0 "A37"
1 "A26"
2 "A49"
3 "A0"
4 "A4"
5 "A31"
6 "A23"
7 "A9"
8 "A36"
9 "A45"
10 "A6"
11 "A19"
12 "A22"
13 "A5"
14 "A11"
15 "A8"
16 "A13"
17 "A15"
18 "A42"
19 "A21"
20 "A48"
21 "A47"
22 "A34"
23 "A1"
24 "A20"
25 "A30"
26 "A14"
27 "A7"
28 "A12"
29 "A33"
30 "A17"
31 "A3"
32 "A18"
33 "A41"
34 "A46"
35 "A25"
36 "A28"
37 "A16"
38 "A35"
39 "A38"
40 "A27"
41 "A40"
42 "A10"
43 "A24"
44 "A39"
45 "A2"
46 "A43"
47 "A44"
48 "A32"
49 "A29"
16
0 34
0 16
0 5
0 28
0 10
0 18
0 25
0 21
0 19
0 35
0 14
0 39
0 26
0 40
0 8
0 20
28
1 44
1 32
1 14
1 6
1 31
1 38
1 18
1 15
1 47
1 20
1 25
1 29
1 3
1 16
1 36
1 0
1 27
1 33
1 45
1 42
1 43
1 21
1 23
1 4
1 41
1 10
1 22
1 37
19
2 29
2 47
2 14
2 4
2 36
2 15
2 19
2 28
2 32
2 21
2 45
2 22
2 13
2 18
2 38
2 8
2 20
2 3
2 11
22
3 40
3 31
3 8
3 41
3 33
3 34
3 43
3 42
3 25
3 17
3 18
3 47
3 37
3 45
3 38
3 15
3 36
3 14
3 6
3 29
3 9
3 0
15
4 11
4 20
4 36
4 48
4 25
4 5
4 8
4 22
4 41
4 12
4 21
4 29
4 44
4 33
4 6
16
5 14
5 18
5 32
5 24
5 3
5 31
5 22
5 49
5 26
5 1
5 17
5 33
5 44
5 46
5 41
5 9
18
6 35
6 27
6 19
6 36
6 5
6 21
6 42
6 31
6 24
6 47
6 45
6 34
6 37
6 48
6 32
6 12
6 9
6 0
21
7 3
7 42
7 24
7 34
7 37
7 22
7 20
7 12
7 28
7 36
7 38
7 31
7 46
7 23
7 6
7 5
7 0
7 11
7 35
7 4
7 32
17
8 44
8 18
8 1
8 15
8 30
8 39
8 16
8 9
8 43
8 45
8 38
8 49
8 48
8 20
8 19
8 37
8 26
14
9 10
9 16
9 15
9 39
9 1
9 44
9 22
9 28
9 33
9 40
9 24
9 37
9 2
9 46
15
10 14
10 6
10 26
10 8
10 36
10 20
10 2
10 24
10 33
10 7
10 37
10 25
10 43
10 49
10 28
18
11 1
11 28
11 42
11 33
11 38
11 43
11 17
11 24
11 12
11 8
11 35
11 45
11 19
11 10
11 6
11 26
11 9
11 49
18
12 5
12 42
12 1
12 14
12 35
12 21
12 47
12 23
12 24
12 27
12 37
12 9
12 34
12 36
12 15
12 8
12 22
12 28
19
13 12
13 19
13 3
13 0
13 48
13 21
13 35
13 39
13 9
13 8
13 32
13 20
13 45
13 10
13 46
13 14
13 47
13 5
13 11
15
14 47
14 39
14 33
14 7
14 26
14 28
14 4
14 21
14 30
14 8
14 16
14 9
14 25
14 20
14 6
16
15 31
15 25
15 34
15 6
15 0
15 16
15 44
15 28
15 27
15 24
15 5
15 30
15 7
15 10
15 41
15 45
18
16 6
16 11
16 12
16 3
16 28
16 2
16 22
16 4
16 35
16 29
16 25
16 49
16 10
16 34
16 31
16 44
16 5
16 40
21
17 28
17 30
17 0
17 46
17 16
17 19
17 47
17 13
17 8
17 14
17 49
17 21
17 2
17 1
17 38
17 42
17 23
17 36
17 4
17 33
17 7
23
18 44
18 49
18 32
18 39
18 17
18 29
18 20
18 4
18 22
18 15
18 40
18 10
18 26
18 13
18 12
18 9
18 19
18 28
18 24
18 14
18 25
18 38
18 6
15
19 5
19 37
19 38
19 16
19 43
19 10
19 14
19 31
19 46
19 12
19 39
19 1
19 30
19 24
19 3
25
20 19
20 5
20 22
20 26
20 3
20 43
20 21
20 40
20 47
20 11
20 29
20 31
20 30
20 17
20 27
20 24
20 44
20 6
20 15
20 32
20 9
20 12
20 37
20 16
20 42
17
21 40
21 45
21 15
21 42
21 22
21 44
21 29
21 5
21 7
21 38
21 8
21 19
21 43
21 9
21 34
21 10
21 18
19
22 36
22 47
22 48
22 0
22 37
22 13
22 41
22 44
22 42
22 27
22 17
22 10
22 6
22 33
22 3
22 28
22 34
22 40
22 30
27
23 38
23 35
23 27
23 44
23 18
23 20
23 4
23 14
23 31
23 2
23 10
23 11
23 34
23 13
23 47
23 24
23 40
23 8
23 6
23 22
23 48
23 37
23 45
23 5
23 9
23 33
23 16
19
24 45
24 34
24 16
24 17
24 26
24 30
24 37
24 41
24 25
24 13
24 4
24 22
24 46
24 31
24 47
24 1
24 48
24 14
24 21
17
25 20
25 32
25 47
25 13
25 48
25 40
25 19
25 26
25 7
25 43
25 8
25 28
25 29
25 17
25 6
25 23
25 9
17
26 32
26 30
26 46
26 4
26 16
26 15
26 49
26 3
26 6
26 19
26 13
26 1
26 22
26 7
26 35
26 23
26 47
21
27 44
27 46
27 42
27 13
27 18
27 40
27 2
27 11
27 32
27 49
27 3
27 5
27 9
27 19
27 35
27 28
27 34
27 0
27 4
27 8
27 26
15
28 4
28 6
28 24
28 46
28 8
28 26
28 34
28 13
28 21
28 19
28 23
28 49
28 20
28 3
28 29
24
29 38
29 33
29 11
29 44
29 31
29 7
29 26
29 19
29 46
29 8
29 15
29 24
29 0
29 6
29 41
29 49
29 14
29 47
29 32
29 39
29 10
29 48
29 12
29 27
26
30 10
30 0
30 35
30 41
30 13
30 43
30 16
30 39
30 18
30 45
30 49
30 6
30 42
30 34
30 36
30 5
30 12
30 4
30 31
30 47
30 40
30 3
30 23
30 27
30 2
30 21
21
31 39
31 28
31 41
31 25
31 48
31 4
31 21
31 12
31 18
31 40
31 0
31 9
31 27
31 37
31 32
31 17
31 47
31 8
31 35
31 49
31 14
20
32 12
32 23
32 43
32 39
32 14
32 4
32 9
32 0
32 8
32 24
32 40
32 35
32 28
32 21
32 33
32 3
32 17
32 37
32 19
32 10
17
33 7
33 43
33 16
33 20
33 21
33 27
33 48
33 6
33 44
33 36
33 18
33 24
33 13
33 19
33 15
33 49
33 2
21
34 14
34 18
34 8
34 40
34 45
34 20
34 32
34 33
34 1
34 38
34 26
34 13
34 2
34 44
34 35
34 4
34 43
34 49
34 10
34 9
34 5
17
35 40
35 43
35 17
35 49
35 18
35 20
35 9
35 21
35 3
35 2
35 22
35 8
35 44
35 28
35 36
35 25
35 10
19
36 21
36 19
36 25
36 16
36 26
36 38
36 11
36 31
36 23
36 18
36 39
36 27
36 34
36 24
36 29
36 42
36 40
36 14
36 28
18
37 21
37 15
37 29
37 5
37 18
37 35
37 16
37 49
37 14
37 2
37 13
37 38
37 4
37 0
37 36
37 27
37 28
37 47
16
38 27
38 12
38 43
38 48
38 16
38 10
38 35
38 5
38 26
38 33
38 13
38 46
38 6
38 4
38 24
38 14
22
39 38
39 11
39 21
39 17
39 10
39 27
39 12
39 15
39 47
39 23
39 34
39 49
39 22
39 25
39 43
39 35
39 1
39 7
39 46
39 28
39 3
39 40
19
40 13
40 15
40 33
40 12
40 4
40 37
40 5
40 26
40 1
40 48
40 2
40 38
40 19
40 6
40 44
40 24
40 29
40 7
40 17
26
41 26
41 0
41 19
41 32
41 39
41 37
41 7
41 12
41 40
41 13
41 20
41 33
41 48
41 28
41 49
41 25
41 9
41 23
41 8
41 16
41 18
41 35
41 17
41 36
41 27
41 2
22
42 38
42 9
42 16
42 44
42 5
42 40
42 8
42 28
42 48
42 25
42 10
42 14
42 15
42 0
42 39
42 4
42 23
42 13
42 26
42 41
42 33
42 37
22
43 27
43 13
43 12
43 42
43 41
43 14
43 24
43 2
43 23
43 5
43 26
43 4
43 9
43 28
43 22
43 0
43 31
43 44
43 45
43 17
43 40
43 16
19
44 2
44 41
44 12
44 37
44 39
44 19
44 24
44 46
44 47
44 14
44 38
44 31
44 26
44 28
44 17
44 0
44 13
44 7
44 3
26
45 44
45 17
45 19
45 9
45 10
45 22
45 37
45 29
45 38
45 39
45 28
45 18
45 31
45 27
45 26
45 36
45 47
45 5
45 41
45 35
45 33
45 32
45 12
45 16
45 42
45 25
23
46 36
46 34
46 22
46 30
46 3
46 31
46 1
46 43
46 11
46 23
46 42
46 41
46 45
46 2
46 14
46 21
46 8
46 10
46 12
46 15
46 25
46 16
46 0
15
47 7
47 27
47 42
47 21
47 41
47 36
47 18
47 38
47 32
47 15
47 40
47 28
47 11
47 9
47 5
23
48 30
48 46
48 10
48 35
48 21
48 34
48 14
48 20
48 12
48 26
48 7
48 36
48 3
48 9
48 0
48 2
48 47
48 28
48 27
48 37
48 19
48 18
48 32
23
49 19
49 13
49 3
49 4
49 9
49 1
49 44
49 45
49 12
49 48
49 7
49 40
49 20
49 21
49 6
49 47
49 38
49 22
49 36
49 25
49 43
49 15
49 46
