50
0 "A37"
1 "A26"
2 "A49"
3 "A0"
4 "A4"
5 "A31"
6 "A23"
7 "A9"
8 "A36"
9 "A45"
10 "A6"
11 "A19"
12 "A22"
13 "A5"
14 "A11"
15 "A8"
16 "A13"
17 "A15"
18 "A42"
19 "A21"
20 "A48"
21 "A47"
22 "A34"
23 "A1"
24 "A20"
25 "A30"
26 "A14"
27 "A7"
28 "A12"
29 "A33"
30 "A17"
31 "A3"
32 "A18"
33 "A41"
34 "A46"
35 "A25"
36 "A28"
37 "A16"
38 "A35"
39 "A38"
40 "A27"
41 "A40"
42 "A10"
43 "A24"
44 "A39"
45 "A2"
46 "A43"
47 "A44"
48 "A32"
49 "A29"
22
0 20
0 10
0 35
0 32
0 49
0 40
0 15
0 36
0 17
0 46
0 48
0 11
0 6
0 39
0 7
0 23
0 5
0 13
0 14
0 33
0 12
0 47
19
1 30
1 11
1 23
1 43
1 10
1 37
1 34
1 44
1 38
1 5
1 22
1 45
1 7
1 26
1 41
1 24
1 25
1 2
1 4
17
2 8
2 24
2 13
2 32
2 10
2 23
2 3
2 28
2 27
2 44
2 5
2 4
2 46
2 35
2 14
2 11
2 12
17
3 1
3 16
3 35
3 49
3 34
3 6
3 30
3 32
3 45
3 22
3 10
3 27
3 44
3 23
3 31
3 36
3 0
18
4 40
4 23
4 21
4 32
4 3
4 9
4 8
4 6
4 43
4 16
4 28
4 17
4 0
4 33
4 38
4 39
4 11
4 49
22
5 48
5 25
5 34
5 45
5 8
5 10
5 36
5 42
5 32
5 33
5 11
5 27
5 13
5 26
5 24
5 17
5 9
5 19
5 4
5 35
5 12
5 49
20
6 14
6 18
6 25
6 40
6 24
6 13
6 17
6 16
6 49
6 11
6 21
6 12
6 44
6 19
6 10
6 41
6 32
6 1
6 37
6 36
17
7 2
7 49
7 8
7 38
7 6
7 28
7 25
7 26
7 33
7 34
7 11
7 27
7 22
7 9
7 3
7 5
7 18
24
8 13
8 20
8 11
8 15
8 24
8 39
8 14
8 21
8 10
8 30
8 12
8 29
8 26
8 0
8 22
8 40
8 42
8 9
8 32
8 45
8 1
8 46
8 34
8 19
14
9 38
9 2
9 6
9 31
9 45
9 10
9 1
9 39
9 48
9 3
9 40
9 18
9 29
9 16
18
10 24
10 21
10 22
10 39
10 42
10 31
10 18
10 13
10 48
10 16
10 25
10 47
10 44
10 11
10 20
10 45
10 49
10 4
15
11 41
11 28
11 39
11 25
11 22
11 17
11 19
11 26
11 47
11 43
11 33
11 29
11 40
11 37
11 18
19
12 40
12 32
12 1
12 44
12 11
12 33
12 36
12 30
12 47
12 34
12 42
12 41
12 7
12 35
12 29
12 19
12 4
12 14
12 15
15
13 4
13 9
13 14
13 19
13 1
13 7
13 12
13 34
13 18
13 44
13 24
13 27
13 42
13 38
13 36
15
14 9
14 22
14 34
14 7
14 44
14 35
14 47
14 3
14 45
14 32
14 1
14 17
14 10
14 20
14 4
19
15 25
15 29
15 16
15 32
15 4
15 6
15 14
15 48
15 10
15 42
15 11
15 49
15 19
15 9
15 26
15 30
15 34
15 39
15 13
19
16 7
16 14
16 35
16 22
16 30
16 0
16 13
16 25
16 33
16 28
16 39
16 5
16 12
16 32
16 2
16 48
16 44
16 37
16 8
19
17 39
17 3
17 46
17 41
17 7
17 33
17 10
17 30
17 18
17 27
17 19
17 12
17 49
17 31
17 16
17 13
17 32
17 35
17 20
18
18 26
18 15
18 39
18 27
18 3
18 8
18 28
18 36
18 31
18 14
18 20
18 1
18 5
18 22
18 25
18 45
18 4
18 46
17
19 49
19 3
19 45
19 32
19 24
19 10
19 31
19 41
19 34
19 14
19 25
19 26
19 7
19 2
19 0
19 4
19 18
23
20 39
20 26
20 11
20 15
20 27
20 36
20 48
20 1
20 19
20 12
20 30
20 5
20 16
20 2
20 13
20 24
20 42
20 3
20 7
20 9
20 46
20 43
20 45
22
21 3
21 38
21 25
21 19
21 46
21 18
21 14
21 15
21 16
21 30
21 48
21 43
21 2
21 29
21 7
21 24
21 5
21 11
21 28
21 49
21 1
21 0
22
22 15
22 39
22 23
22 29
22 19
22 24
22 25
22 13
22 4
22 28
22 35
22 27
22 5
22 17
22 40
22 45
22 30
22 2
22 12
22 34
22 41
22 48
22
23 21
23 31
23 5
23 8
23 16
23 19
23 37
23 44
23 32
23 15
23 45
23 49
23 38
23 29
23 20
23 48
23 24
23 6
23 17
23 28
23 12
23 10
21
24 11
24 16
24 45
24 4
24 44
24 48
24 12
24 18
24 42
24 46
24 43
24 0
24 17
24 7
24 34
24 14
24 37
24 25
24 33
24 31
24 3
15
25 29
25 4
25 13
25 45
25 28
25 14
25 42
25 9
25 37
25 32
25 35
25 20
25 48
25 41
25 3
17
26 23
26 32
26 17
26 48
26 16
26 2
26 38
26 9
26 25
26 41
26 37
26 12
26 28
26 22
26 6
26 0
26 3
20
27 37
27 48
27 43
27 0
27 21
27 44
27 42
27 16
27 11
27 6
27 1
27 24
27 19
27 31
27 12
27 10
27 25
27 26
27 23
27 33
22
28 46
28 3
28 0
28 36
28 24
28 38
28 37
28 6
28 48
28 19
28 32
28 12
28 27
28 1
28 33
28 13
28 20
28 34
28 10
28 40
28 41
28 5
21
29 1
29 35
29 28
29 26
29 14
29 44
29 6
29 5
29 18
29 2
29 19
29 24
29 27
29 7
29 4
29 0
29 34
29 17
29 49
29 30
29 16
20
30 26
30 45
30 44
30 27
30 11
30 6
30 46
30 34
30 32
30 37
30 41
30 7
30 28
30 0
30 23
30 5
30 10
30 13
30 25
30 2
29
31 14
31 35
31 22
31 5
31 43
31 48
31 20
31 16
31 2
31 25
31 15
31 6
31 11
31 12
31 41
31 38
31 49
31 26
31 29
31 21
31 4
31 8
31 37
31 7
31 28
31 46
31 39
31 44
31 30
17
32 24
32 1
32 29
32 46
32 31
32 9
32 20
32 11
32 43
32 18
32 36
32 10
32 34
32 42
32 39
32 40
32 27
22
33 46
33 20
33 23
33 21
33 3
33 38
33 29
33 42
33 39
33 44
33 15
33 2
33 41
33 8
33 31
33 22
33 1
33 19
33 36
33 47
33 34
33 13
18
34 0
34 31
34 23
34 2
34 27
34 6
34 36
34 11
34 9
34 42
34 37
34 47
34 18
34 10
34 20
34 21
34 4
34 17
23
35 27
35 4
35 28
35 26
35 44
35 21
35 7
35 23
35 15
35 19
35 13
35 41
35 8
35 1
35 30
35 32
35 34
35 46
35 33
35 20
35 9
35 10
35 18
21
36 46
36 37
36 23
36 25
36 44
36 40
36 45
36 10
36 2
36 22
36 39
36 21
36 4
36 31
36 35
36 16
36 11
36 27
36 7
36 41
36 1
25
37 15
37 35
37 19
37 48
37 42
37 20
37 0
37 21
37 10
37 13
37 41
37 45
37 29
37 47
37 14
37 9
37 5
37 44
37 32
37 38
37 7
37 18
37 8
37 33
37 12
19
38 36
38 3
38 35
38 34
38 17
38 32
38 0
38 12
38 2
38 20
38 11
38 27
38 10
38 5
38 29
38 6
38 14
38 43
38 16
19
39 14
39 43
39 3
39 23
39 1
39 27
39 40
39 34
39 12
39 19
39 46
39 35
39 29
39 7
39 13
39 5
39 25
39 28
39 24
22
40 21
40 27
40 24
40 15
40 45
40 26
40 1
40 43
40 17
40 31
40 18
40 14
40 35
40 2
40 44
40 5
40 48
40 20
40 19
40 13
40 29
40 38
19
41 13
41 32
41 21
41 7
41 20
41 14
41 8
41 16
41 24
41 4
41 9
41 15
41 46
41 48
41 39
41 47
41 23
41 2
41 5
23
42 2
42 41
42 21
42 4
42 11
42 28
42 9
42 35
42 30
42 0
42 49
42 47
42 6
42 26
42 31
42 16
42 23
42 7
42 14
42 18
42 1
42 39
42 45
22
43 28
43 16
43 15
43 13
43 49
43 14
43 12
43 29
43 3
43 6
43 48
43 18
43 30
43 0
43 41
43 42
43 19
43 37
43 36
43 26
43 33
43 44
17
44 15
44 39
44 4
44 18
44 7
44 32
44 42
44 49
44 34
44 41
44 22
44 11
44 21
44 20
44 5
44 26
44 9
19
45 6
45 39
45 35
45 0
45 48
45 7
45 21
45 31
45 49
45 15
45 4
45 13
45 43
45 34
45 33
45 29
45 44
45 28
45 17
18
46 34
46 38
46 40
46 3
46 1
46 27
46 7
46 16
46 10
46 9
46 42
46 22
46 29
46 44
46 48
46 19
46 49
46 45
24
47 19
47 5
47 32
47 35
47 20
47 39
47 43
47 28
47 26
47 1
47 25
47 22
47 38
47 6
47 16
47 30
47 21
47 3
47 44
47 2
47 17
47 4
47 18
47 15
17
48 39
48 44
48 36
48 3
48 35
48 30
48 34
48 2
48 8
48 13
48 19
48 11
48 18
48 38
48 47
48 29
48 32
17
49 8
49 18
49 40
49 35
49 30
49 39
49 38
49 37
49 22
49 13
49 25
49 33
49 28
49 26
49 14
49 12
49 11
