50
0 "A37"
1 "A26"
2 "A49"
3 "A0"
4 "A4"
5 "A31"
6 "A23"
7 "A9"
8 "A36"
9 "A45"
10 "A6"
11 "A19"
12 "A22"
13 "A5"
14 "A11"
15 "A8"
16 "A13"
17 "A15"
18 "A42"
19 "A21"
20 "A48"
21 "A47"
22 "A34"
23 "A1"
24 "A20"
25 "A30"
26 "A14"
27 "A7"
28 "A12"
29 "A33"
30 "A17"
31 "A3"
32 "A18"
33 "A41"
34 "A46"
35 "A25"
36 "A28"
37 "A16"
38 "A35"
39 "A38"
40 "A27"
41 "A40"
42 "A10"
43 "A24"
44 "A39"
45 "A2"
46 "A43"
47 "A44"
48 "A32"
49 "A29"
22
0 32
0 33
0 48
0 11
0 36
0 3
0 17
0 22
0 14
0 25
0 38
0 40
0 23
0 30
0 46
0 5
0 47
0 10
0 15
0 44
0 20
0 29
19
1 22
1 4
1 2
1 47
1 37
1 17
1 48
1 9
1 0
1 38
1 16
1 7
1 28
1 30
1 34
1 5
1 14
1 43
1 41
15
2 22
2 35
2 46
2 42
2 25
2 44
2 5
2 8
2 24
2 26
2 48
2 21
2 13
2 32
2 0
23
3 1
3 49
3 36
3 27
3 35
3 41
3 31
3 23
3 10
3 47
3 8
3 32
3 37
3 45
3 17
3 44
3 40
3 25
3 30
3 13
3 48
3 5
3 46
16
4 8
4 3
4 25
4 49
4 21
4 36
4 7
4 2
4 11
4 26
4 17
4 0
4 38
4 46
4 23
4 40
20
5 11
5 22
5 35
5 49
5 45
5 25
5 34
5 8
5 39
5 17
5 7
5 33
5 27
5 47
5 20
5 40
5 29
5 12
5 24
5 32
28
6 48
6 41
6 24
6 2
6 32
6 25
6 49
6 34
6 21
6 15
6 16
6 11
6 22
6 33
6 28
6 10
6 29
6 8
6 12
6 46
6 1
6 20
6 47
6 40
6 42
6 4
6 13
6 44
16
7 38
7 25
7 8
7 9
7 17
7 40
7 43
7 15
7 28
7 47
7 3
7 49
7 18
7 6
7 46
7 22
20
8 27
8 24
8 0
8 45
8 42
8 19
8 9
8 30
8 20
8 28
8 26
8 44
8 15
8 11
8 13
8 1
8 14
8 17
8 47
8 40
17
9 3
9 10
9 2
9 23
9 22
9 42
9 28
9 36
9 24
9 6
9 12
9 29
9 45
9 18
9 39
9 16
9 38
17
10 16
10 48
10 42
10 13
10 20
10 21
10 23
10 30
10 8
10 24
10 31
10 7
10 22
10 4
10 25
10 46
10 32
19
11 17
11 28
11 19
11 43
11 47
11 29
11 39
11 9
11 2
11 25
11 20
11 7
11 13
11 46
11 22
11 3
11 30
11 38
11 1
19
12 19
12 45
12 44
12 25
12 2
12 36
12 14
12 22
12 40
12 34
12 1
12 3
12 8
12 35
12 32
12 18
12 4
12 0
12 7
16
13 34
13 42
13 27
13 32
13 7
13 30
13 46
13 29
13 38
13 36
13 0
13 22
13 44
13 41
13 1
13 4
19
14 4
14 47
14 37
14 27
14 17
14 7
14 10
14 11
14 35
14 3
14 32
14 49
14 38
14 9
14 22
14 24
14 39
14 45
14 6
18
15 40
15 29
15 30
15 32
15 42
15 19
15 13
15 3
15 49
15 48
15 39
15 26
15 28
15 45
15 1
15 17
15 4
15 25
24
16 18
16 22
16 2
16 37
16 8
16 13
16 14
16 43
16 25
16 30
16 0
16 23
16 11
16 24
16 26
16 35
16 48
16 28
16 17
16 27
16 3
16 39
16 32
16 5
15
17 26
17 20
17 40
17 31
17 29
17 13
17 37
17 28
17 27
17 18
17 46
17 19
17 12
17 10
17 6
19
18 20
18 10
18 31
18 25
18 39
18 22
18 8
18 3
18 0
18 47
18 32
18 15
18 45
18 14
18 6
18 4
18 2
18 1
18 29
21
19 30
19 4
19 18
19 49
19 3
19 24
19 32
19 16
19 25
19 34
19 10
19 0
19 43
19 21
19 26
19 41
19 6
19 7
19 14
19 2
19 1
18
20 4
20 7
20 15
20 27
20 24
20 29
20 13
20 3
20 12
20 49
20 40
20 28
20 25
20 38
20 37
20 19
20 2
20 36
17
21 24
21 48
21 49
21 14
21 29
21 39
21 27
21 9
21 32
21 5
21 1
21 16
21 15
21 36
21 30
21 0
21 11
19
22 38
22 40
22 8
22 37
22 23
22 4
22 49
22 44
22 35
22 48
22 30
22 41
22 39
22 29
22 43
22 15
22 21
22 19
22 24
21
23 8
23 6
23 7
23 37
23 38
23 44
23 19
23 48
23 12
23 17
23 28
23 32
23 45
23 21
23 20
23 31
23 15
23 33
23 2
23 5
23 25
14
24 12
24 18
24 31
24 0
24 3
24 1
24 49
24 34
24 13
24 43
24 44
24 7
24 48
24 42
16
25 13
25 8
25 34
25 9
25 32
25 29
25 38
25 14
25 24
25 40
25 48
25 17
25 47
25 22
25 31
25 37
23
26 24
26 25
26 22
26 36
26 29
26 34
26 6
26 3
26 12
26 18
26 46
26 20
26 11
26 7
26 30
26 41
26 49
26 28
26 10
26 38
26 14
26 9
26 21
19
27 45
27 12
27 0
27 33
27 23
27 2
27 6
27 7
27 15
27 42
27 28
27 44
27 19
27 24
27 36
27 4
27 9
27 41
27 25
22
28 10
28 37
28 13
28 46
28 12
28 0
28 4
28 33
28 3
28 32
28 49
28 36
28 24
28 25
28 35
28 43
28 21
28 14
28 40
28 47
28 30
28 5
18
29 44
29 7
29 41
29 2
29 4
29 23
29 19
29 12
29 8
29 27
29 16
29 46
29 49
29 1
29 30
29 28
29 34
29 14
18
30 18
30 39
30 49
30 32
30 5
30 25
30 24
30 23
30 2
30 6
30 45
30 44
30 9
30 27
30 41
30 12
30 34
30 46
24
31 1
31 11
31 12
31 5
31 43
31 7
31 20
31 16
31 29
31 21
31 15
31 6
31 30
31 2
31 26
31 41
31 44
31 36
31 49
31 35
31 19
31 0
31 14
31 22
14
32 24
32 26
32 44
32 40
32 9
32 11
32 34
32 20
32 29
32 47
32 39
32 31
32 1
32 22
23
33 35
33 13
33 47
33 30
33 32
33 7
33 44
33 37
33 29
33 15
33 14
33 2
33 34
33 40
33 20
33 12
33 41
33 10
33 46
33 39
33 11
33 4
33 9
16
34 10
34 4
34 0
34 17
34 15
34 23
34 36
34 31
34 11
34 37
34 20
34 9
34 46
34 42
34 22
34 27
20
35 32
35 0
35 19
35 27
35 30
35 1
35 26
35 23
35 44
35 40
35 18
35 7
35 24
35 25
35 6
35 13
35 8
35 9
35 34
35 29
19
36 40
36 7
36 44
36 8
36 37
36 19
36 10
36 2
36 16
36 33
36 41
36 15
36 18
36 32
36 5
36 14
36 1
36 25
36 22
21
37 11
37 6
37 19
37 32
37 35
37 42
37 5
37 0
37 10
37 8
37 9
37 29
37 21
37 2
37 12
37 27
37 18
37 13
37 47
37 30
37 41
19
38 34
38 36
38 17
38 10
38 30
38 5
38 42
38 21
38 24
38 12
38 16
38 19
38 27
38 8
38 2
38 29
38 35
38 32
38 31
24
39 46
39 40
39 13
39 28
39 24
39 36
39 3
39 23
39 34
39 12
39 43
39 8
39 38
39 35
39 19
39 0
39 6
39 10
39 20
39 7
39 4
39 17
39 27
39 31
18
40 13
40 37
40 48
40 11
40 18
40 19
40 21
40 29
40 38
40 34
40 24
40 1
40 10
40 23
40 14
40 9
40 44
40 41
25
41 28
41 20
41 17
41 32
41 21
41 7
41 48
41 23
41 8
41 44
41 45
41 24
41 4
41 10
41 25
41 34
41 16
41 15
41 5
41 39
41 14
41 46
41 47
41 49
41 2
28
42 41
42 18
42 17
42 40
42 16
42 0
42 11
42 39
42 1
42 35
42 22
42 7
42 5
42 47
42 3
42 29
42 31
42 19
42 23
42 33
42 45
42 4
42 12
42 14
42 25
42 44
42 30
42 48
23
43 41
43 45
43 23
43 37
43 44
43 15
43 18
43 3
43 48
43 36
43 42
43 49
43 6
43 2
43 30
43 35
43 5
43 32
43 0
43 26
43 4
43 47
43 14
19
44 9
44 15
44 39
44 5
44 18
44 7
44 25
44 1
44 48
44 16
44 14
44 21
44 19
44 34
44 20
44 17
44 11
44 28
44 26
25
45 40
45 38
45 36
45 44
45 17
45 6
45 39
45 35
45 0
45 48
45 13
45 7
45 21
45 31
45 26
45 29
45 28
45 11
45 49
45 10
45 32
45 16
45 4
45 20
45 2
23
46 38
46 48
46 21
46 32
46 49
46 23
46 24
46 36
46 47
46 20
46 19
46 31
46 16
46 35
46 18
46 14
46 9
46 42
46 22
46 25
46 27
46 44
46 43
22
47 2
47 38
47 13
47 15
47 31
47 22
47 27
47 45
47 21
47 20
47 35
47 36
47 9
47 34
47 39
47 4
47 29
47 17
47 23
47 12
47 24
47 16
19
48 32
48 39
48 33
48 11
48 30
48 35
48 29
48 17
48 19
48 31
48 36
48 13
48 4
48 14
48 38
48 8
48 47
48 12
48 20
10
49 38
49 42
49 34
49 33
49 16
49 13
49 8
49 27
49 39
49 12
