50
0 "A37"
1 "A26"
2 "A49"
3 "A0"
4 "A4"
5 "A31"
6 "A23"
7 "A9"
8 "A36"
9 "A45"
10 "A6"
11 "A19"
12 "A22"
13 "A5"
14 "A11"
15 "A8"
16 "A13"
17 "A15"
18 "A42"
19 "A21"
20 "A48"
21 "A47"
22 "A34"
23 "A1"
24 "A20"
25 "A30"
26 "A14"
27 "A7"
28 "A12"
29 "A33"
30 "A17"
31 "A3"
32 "A18"
33 "A41"
34 "A46"
35 "A25"
36 "A28"
37 "A16"
38 "A35"
39 "A38"
40 "A27"
41 "A40"
42 "A10"
43 "A24"
44 "A39"
45 "A2"
46 "A43"
47 "A44"
48 "A32"
49 "A29"
20
0 34
0 15
0 45
0 48
0 35
0 9
0 36
0 17
0 46
0 3
0 25
0 37
0 40
0 21
0 12
0 2
0 49
0 1
0 22
0 8
18
1 28
1 11
1 47
1 45
1 42
1 39
1 14
1 49
1 2
1 12
1 21
1 34
1 43
1 25
1 7
1 16
1 6
1 36
13
2 35
2 20
2 19
2 16
2 23
2 8
2 28
2 41
2 12
2 27
2 34
2 15
2 21
22
3 11
3 5
3 36
3 34
3 6
3 20
3 15
3 13
3 2
3 9
3 1
3 25
3 16
3 26
3 44
3 35
3 23
3 18
3 45
3 39
3 29
3 7
14
4 21
4 10
4 27
4 38
4 5
4 20
4 0
4 7
4 45
4 31
4 42
4 32
4 30
4 12
18
5 45
5 36
5 47
5 16
5 30
5 19
5 0
5 7
5 15
5 34
5 33
5 1
5 13
5 39
5 10
5 42
5 20
5 8
19
6 23
6 47
6 42
6 17
6 2
6 11
6 34
6 19
6 40
6 8
6 7
6 4
6 5
6 12
6 24
6 0
6 30
6 46
6 26
17
7 14
7 2
7 15
7 24
7 46
7 39
7 38
7 48
7 30
7 28
7 22
7 37
7 33
7 29
7 0
7 17
7 35
17
8 32
8 7
8 47
8 24
8 13
8 27
8 41
8 3
8 45
8 40
8 37
8 14
8 39
8 1
8 36
8 4
8 21
21
9 40
9 6
9 41
9 26
9 19
9 23
9 27
9 16
9 29
9 22
9 38
9 18
9 2
9 33
9 32
9 5
9 48
9 35
9 10
9 1
9 45
18
10 25
10 17
10 42
10 32
10 36
10 13
10 35
10 24
10 22
10 18
10 43
10 0
10 39
10 2
10 19
10 6
10 8
10 41
24
11 33
11 30
11 31
11 4
11 29
11 19
11 12
11 48
11 36
11 2
11 34
11 18
11 42
11 43
11 0
11 37
11 9
11 38
11 7
11 26
11 40
11 25
11 15
11 8
20
12 26
12 37
12 38
12 18
12 47
12 34
12 40
12 32
12 19
12 3
12 5
12 45
12 25
12 20
12 7
12 17
12 8
12 14
12 30
12 42
17
13 24
13 4
13 38
13 19
13 45
13 48
13 9
13 34
13 6
13 2
13 49
13 7
13 35
13 1
13 39
13 29
13 22
21
14 49
14 38
14 43
14 10
14 2
14 16
14 37
14 11
14 26
14 4
14 45
14 18
14 9
14 34
14 44
14 22
14 32
14 25
14 48
14 24
14 19
19
15 8
15 31
15 30
15 47
15 49
15 4
15 24
15 18
15 40
15 33
15 1
15 22
15 20
15 46
15 35
15 32
15 36
15 9
15 45
19
16 49
16 17
16 47
16 33
16 22
16 4
16 37
16 6
16 10
16 0
16 35
16 27
16 15
16 24
16 25
16 26
16 46
16 23
16 11
25
17 20
17 30
17 46
17 11
17 43
17 4
17 44
17 8
17 31
17 5
17 18
17 23
17 24
17 33
17 3
17 48
17 13
17 25
17 32
17 36
17 15
17 34
17 2
17 1
17 42
24
18 38
18 27
18 46
18 21
18 1
18 35
18 22
18 0
18 43
18 2
18 41
18 48
18 13
18 23
18 8
18 4
18 7
18 31
18 30
18 40
18 16
18 29
18 32
18 44
22
19 28
19 0
19 39
19 23
19 24
19 44
19 48
19 1
19 46
19 3
19 47
19 32
19 45
19 16
19 30
19 8
19 42
19 4
19 25
19 38
19 15
19 18
20
20 23
20 25
20 35
20 22
20 47
20 39
20 13
20 41
20 27
20 38
20 28
20 18
20 9
20 42
20 19
20 46
20 14
20 8
20 33
20 48
27
21 28
21 7
21 32
21 35
21 25
21 12
21 37
21 13
21 19
21 11
21 46
21 6
21 17
21 48
21 44
21 40
21 15
21 20
21 27
21 38
21 33
21 36
21 22
21 9
21 3
21 16
21 14
23
22 26
22 31
22 44
22 28
22 29
22 11
22 19
22 4
22 48
22 36
22 38
22 46
22 2
22 6
22 30
22 42
22 17
22 45
22 34
22 49
22 12
22 47
22 3
21
23 48
23 44
23 29
23 4
23 22
23 36
23 37
23 5
23 43
23 8
23 11
23 28
23 32
23 12
23 10
23 15
23 39
23 0
23 34
23 7
23 1
18
24 31
24 36
24 5
24 0
24 9
24 1
24 27
24 44
24 34
24 47
24 38
24 45
24 35
24 23
24 22
24 4
24 20
24 18
11
25 47
25 28
25 6
25 5
25 27
25 29
25 13
25 43
25 2
25 23
25 9
19
26 43
26 24
26 23
26 18
26 15
26 10
26 19
26 25
26 36
26 7
26 31
26 44
26 13
26 2
26 41
26 17
26 37
26 8
26 21
17
27 46
27 26
27 47
27 7
27 48
27 10
27 44
27 15
27 39
27 11
27 49
27 17
27 19
27 35
27 12
27 1
27 6
19
28 35
28 16
28 33
28 24
28 41
28 36
28 14
28 32
28 27
28 18
28 17
28 49
28 5
28 6
28 4
28 34
28 3
28 0
28 9
19
29 38
29 20
29 14
29 41
29 26
29 8
29 44
29 28
29 0
29 15
29 1
29 21
29 27
29 46
29 19
29 36
29 2
29 6
29 10
17
30 8
30 32
30 20
30 16
30 28
30 21
30 46
30 35
30 13
30 41
30 10
30 24
30 29
30 45
30 48
30 47
30 2
22
31 25
31 40
31 29
31 19
31 0
31 30
31 1
31 20
31 23
31 32
31 21
31 7
31 13
31 6
31 14
31 45
31 33
31 3
31 8
31 44
31 47
31 2
22
32 45
32 7
32 3
32 11
32 6
32 1
32 5
32 13
32 36
32 29
32 42
32 16
32 2
32 48
32 20
32 38
32 39
32 27
32 33
32 44
32 0
32 26
21
33 18
33 8
33 23
33 35
33 13
33 19
33 2
33 27
33 43
33 41
33 38
33 10
33 29
33 25
33 3
33 24
33 36
33 37
33 39
33 1
33 34
20
34 20
34 26
34 31
34 35
34 45
34 32
34 27
34 43
34 29
34 15
34 25
34 39
34 49
34 47
34 48
34 30
34 38
34 9
34 21
34 10
21
35 14
35 19
35 38
35 25
35 11
35 22
35 29
35 44
35 1
35 8
35 40
35 36
35 17
35 12
35 31
35 6
35 32
35 42
35 23
35 4
35 46
17
36 25
36 7
36 27
36 40
36 4
36 39
36 30
36 18
36 19
36 20
36 16
36 43
36 45
36 9
36 31
36 46
36 12
26
37 20
37 34
37 32
37 44
37 24
37 29
37 30
37 3
37 13
37 17
37 38
37 9
37 39
37 2
37 22
37 28
37 6
37 42
37 31
37 19
37 48
37 5
37 25
37 41
37 36
37 35
20
38 42
38 47
38 26
38 44
38 16
38 30
38 28
38 25
38 2
38 8
38 0
38 41
38 1
38 45
38 31
38 48
38 5
38 15
38 27
38 17
20
39 17
39 35
39 0
39 38
39 9
39 18
39 26
39 24
39 12
39 46
39 25
39 49
39 28
39 14
39 44
39 22
39 30
39 2
39 15
39 21
22
40 47
40 19
40 13
40 43
40 28
40 26
40 25
40 49
40 2
40 14
40 10
40 24
40 34
40 30
40 39
40 29
40 23
40 48
40 5
40 3
40 32
40 1
19
41 15
41 1
41 6
41 17
41 3
41 39
41 7
41 0
41 40
41 12
41 19
41 23
41 49
41 32
41 21
41 22
41 46
41 45
41 31
18
42 31
42 25
42 47
42 36
42 7
42 16
42 3
42 23
42 41
42 49
42 44
42 30
42 26
42 48
42 34
42 15
42 21
42 14
23
43 13
43 21
43 29
43 7
43 31
43 27
43 41
43 39
43 9
43 3
43 28
43 4
43 38
43 42
43 32
43 47
43 22
43 8
43 24
43 35
43 15
43 6
43 16
23
44 15
44 20
44 45
44 2
44 41
44 5
44 16
44 1
44 12
44 6
44 7
44 40
44 8
44 25
44 10
44 49
44 4
44 48
44 0
44 11
44 9
44 33
44 43
13
45 20
45 49
45 37
45 17
45 35
45 42
45 43
45 33
45 6
45 27
45 29
45 2
45 46
17
46 8
46 40
46 5
46 14
46 2
46 48
46 13
46 9
46 12
46 31
46 4
46 24
46 3
46 44
46 1
46 32
46 34
18
47 44
47 49
47 7
47 33
47 3
47 14
47 29
47 41
47 9
47 11
47 39
47 17
47 13
47 0
47 23
47 2
47 37
47 10
16
48 10
48 25
48 12
48 33
48 8
48 3
48 36
48 35
48 49
48 39
48 2
48 31
48 45
48 41
48 29
48 28
23
49 6
49 31
49 17
49 35
49 37
49 26
49 30
49 10
49 19
49 29
49 24
49 11
49 21
49 36
49 23
49 38
49 3
49 18
49 25
49 20
49 32
49 43
49 7
