50
0 "A44"
1 "A33"
2 "A25"
3 "A28"
4 "A19"
5 "A32"
6 "A46"
7 "A48"
8 "A17"
9 "A30"
10 "A43"
11 "A40"
12 "A36"
13 "A37"
14 "A39"
15 "A45"
16 "A5"
17 "A11"
18 "A22"
19 "A41"
20 "A26"
21 "A42"
22 "A38"
23 "A2"
24 "A47"
25 "A18"
26 "A1"
27 "A6"
28 "A8"
29 "A3"
30 "A24"
31 "A29"
32 "A12"
33 "A20"
34 "A4"
35 "A27"
36 "A21"
37 "A16"
38 "A49"
39 "A23"
40 "A31"
41 "A0"
42 "A7"
43 "A15"
44 "A14"
45 "A34"
46 "A9"
47 "A13"
48 "A35"
49 "A10"
19
0 47
0 8
0 18
0 20
0 14
0 27
0 3
0 15
0 9
0 37
0 23
0 7
0 38
0 31
0 6
0 48
0 46
0 34
0 36
28
1 20
1 24
1 10
1 25
1 32
1 39
1 31
1 44
1 8
1 9
1 6
1 48
1 7
1 33
1 49
1 0
1 38
1 19
1 4
1 43
1 23
1 46
1 21
1 15
1 17
1 29
1 13
1 5
20
2 31
2 20
2 42
2 14
2 45
2 33
2 34
2 7
2 24
2 0
2 30
2 5
2 1
2 47
2 46
2 21
2 27
2 17
2 43
2 28
21
3 8
3 25
3 29
3 5
3 30
3 13
3 26
3 49
3 38
3 11
3 45
3 17
3 43
3 2
3 7
3 46
3 27
3 16
3 4
3 14
3 1
16
4 18
4 25
4 29
4 23
4 21
4 40
4 39
4 45
4 9
4 13
4 26
4 7
4 17
4 47
4 46
4 12
20
5 12
5 38
5 32
5 16
5 0
5 41
5 21
5 22
5 9
5 24
5 25
5 44
5 39
5 45
5 48
5 31
5 29
5 6
5 28
5 36
19
6 12
6 3
6 16
6 30
6 19
6 10
6 22
6 26
6 9
6 24
6 2
6 35
6 15
6 14
6 7
6 4
6 20
6 11
6 38
21
7 21
7 45
7 48
7 36
7 19
7 32
7 49
7 33
7 14
7 26
7 17
7 39
7 29
7 38
7 30
7 31
7 35
7 8
7 47
7 15
7 5
20
8 47
8 24
8 16
8 6
8 39
8 23
8 33
8 30
8 31
8 11
8 25
8 35
8 34
8 10
8 44
8 22
8 4
8 19
8 37
8 32
21
9 44
9 2
9 41
9 48
9 22
9 42
9 37
9 32
9 31
9 19
9 29
9 28
9 12
9 8
9 38
9 33
9 30
9 40
9 14
9 34
9 36
12
10 2
10 4
10 3
10 42
10 43
10 13
10 30
10 32
10 0
10 20
10 5
10 46
23
11 4
11 28
11 41
11 20
11 1
11 19
11 36
11 24
11 40
11 0
11 12
11 46
11 29
11 18
11 21
11 37
11 38
11 7
11 17
11 16
11 10
11 15
11 9
21
12 48
12 35
12 29
12 30
12 36
12 27
12 42
12 39
12 16
12 22
12 41
12 7
12 1
12 44
12 3
12 40
12 0
12 24
12 45
12 10
12 32
21
13 35
13 19
13 23
13 0
13 24
13 28
13 21
13 11
13 25
13 45
13 17
13 12
13 14
13 48
13 2
13 38
13 36
13 5
13 16
13 6
13 22
15
14 42
14 12
14 32
14 35
14 39
14 30
14 20
14 37
14 24
14 8
14 44
14 4
14 16
14 10
14 49
24
15 39
15 19
15 42
15 44
15 2
15 38
15 8
15 28
15 32
15 13
15 10
15 9
15 46
15 29
15 22
15 30
15 4
15 35
15 17
15 23
15 12
15 14
15 20
15 5
21
16 17
16 20
16 33
16 45
16 1
16 29
16 28
16 30
16 24
16 9
16 36
16 2
16 32
16 38
16 4
16 10
16 48
16 31
16 47
16 22
16 0
25
17 31
17 40
17 42
17 28
17 5
17 34
17 24
17 12
17 21
17 49
17 47
17 27
17 0
17 38
17 32
17 37
17 48
17 14
17 8
17 29
17 46
17 36
17 10
17 9
17 41
20
18 24
18 17
18 1
18 37
18 9
18 30
18 32
18 7
18 40
18 38
18 5
18 31
18 28
18 15
18 12
18 44
18 21
18 48
18 41
18 27
17
19 16
19 17
19 36
19 4
19 42
19 27
19 45
19 3
19 31
19 18
19 10
19 43
19 33
19 21
19 20
19 29
19 14
15
20 24
20 9
20 13
20 7
20 3
20 21
20 36
20 41
20 39
20 5
20 18
20 31
20 27
20 37
20 23
12
21 0
21 36
21 16
21 14
21 9
21 33
21 6
21 47
21 46
21 22
21 41
21 27
18
22 49
22 18
22 36
22 32
22 41
22 45
22 26
22 7
22 19
22 29
22 23
22 27
22 10
22 0
22 43
22 4
22 31
22 42
18
23 24
23 9
23 10
23 5
23 18
23 29
23 3
23 40
23 32
23 19
23 14
23 2
23 6
23 17
23 12
23 7
23 34
23 21
17
24 40
24 21
24 38
24 15
24 9
24 3
24 49
24 7
24 36
24 44
24 29
24 47
24 27
24 46
24 48
24 4
24 10
17
25 30
25 21
25 7
25 48
25 23
25 33
25 6
25 10
25 19
25 36
25 26
25 31
25 0
25 16
25 40
25 24
25 2
27
26 12
26 49
26 44
26 5
26 14
26 11
26 21
26 24
26 48
26 8
26 1
26 40
26 34
26 45
26 13
26 43
26 9
26 36
26 23
26 17
26 30
26 15
26 19
26 16
26 38
26 20
26 27
22
27 28
27 15
27 29
27 34
27 32
27 11
27 7
27 36
27 46
27 31
27 41
27 38
27 10
27 43
27 14
27 6
27 13
27 35
27 1
27 16
27 5
27 9
21
28 26
28 47
28 3
28 36
28 43
28 10
28 42
28 44
28 1
28 48
28 8
28 40
28 19
28 33
28 46
28 35
28 20
28 31
28 4
28 25
28 7
14
29 38
29 37
29 25
29 10
29 34
29 41
29 13
29 6
29 21
29 28
29 20
29 33
29 45
29 0
20
30 48
30 28
30 5
30 13
30 41
30 32
30 22
30 23
30 20
30 0
30 29
30 19
30 36
30 21
30 17
30 27
30 24
30 37
30 34
30 4
13
31 41
31 24
31 15
31 46
31 38
31 21
31 26
31 45
31 32
31 13
31 30
31 29
31 4
18
32 0
32 49
32 6
32 3
32 28
32 13
32 26
32 39
32 4
32 35
32 37
32 24
32 47
32 40
32 25
32 45
32 29
32 21
21
33 37
33 30
33 35
33 46
33 34
33 0
33 31
33 6
33 26
33 36
33 14
33 15
33 12
33 27
33 5
33 45
33 17
33 32
33 40
33 20
33 4
20
34 25
34 5
34 15
34 14
34 16
34 12
34 38
34 21
34 31
34 40
34 1
34 28
34 24
34 22
34 36
34 39
34 4
34 10
34 3
34 7
15
35 16
35 43
35 34
35 10
35 1
35 0
35 9
35 18
35 24
35 46
35 22
35 20
35 41
35 5
35 19
14
36 3
36 38
36 4
36 1
36 14
36 8
36 47
36 35
36 29
36 42
36 31
36 6
36 15
36 10
24
37 23
37 28
37 35
37 5
37 44
37 1
37 3
37 10
37 26
37 12
37 34
37 25
37 16
37 15
37 43
37 6
37 31
37 4
37 7
37 13
37 46
37 2
37 22
37 47
12
38 20
38 21
38 14
38 40
38 8
38 19
38 44
38 32
38 12
38 28
38 30
38 37
22
39 49
39 18
39 6
39 3
39 21
39 33
39 47
39 22
39 40
39 25
39 36
39 37
39 10
39 48
39 16
39 42
39 23
39 2
39 0
39 13
39 27
39 29
20
40 8
40 5
40 15
40 0
40 49
40 35
40 14
40 42
40 10
40 29
40 43
40 6
40 7
40 31
40 22
40 13
40 45
40 27
40 20
40 21
20
41 24
41 42
41 3
41 25
41 7
41 44
41 19
41 1
41 14
41 4
41 33
41 47
41 0
41 15
41 48
41 32
41 2
41 26
41 37
41 28
25
42 16
42 3
42 13
42 20
42 29
42 4
42 23
42 48
42 8
42 32
42 5
42 47
42 33
42 46
42 24
42 0
42 25
42 30
42 49
42 18
42 21
42 34
42 11
42 38
42 43
23
43 23
43 29
43 32
43 21
43 24
43 6
43 39
43 33
43 16
43 30
43 4
43 17
43 20
43 45
43 7
43 9
43 13
43 14
43 41
43 31
43 5
43 12
43 11
20
44 3
44 17
44 30
44 40
44 6
44 19
44 32
44 36
44 42
44 20
44 7
44 13
44 25
44 33
44 0
44 27
44 23
44 29
44 11
44 10
22
45 41
45 35
45 44
45 10
45 23
45 36
45 27
45 39
45 34
45 37
45 28
45 21
45 30
45 0
45 15
45 11
45 17
45 24
45 38
45 47
45 1
45 8
21
46 9
46 18
46 5
46 43
46 38
46 26
46 12
46 16
46 23
46 19
46 40
46 29
46 44
46 34
46 36
46 7
46 14
46 32
46 22
46 20
46 39
16
47 44
47 6
47 12
47 20
47 25
47 13
47 22
47 30
47 27
47 31
47 38
47 11
47 40
47 29
47 15
47 48
21
48 21
48 3
48 23
48 8
48 36
48 27
48 2
48 19
48 38
48 15
48 35
48 22
48 29
48 14
48 40
48 31
48 45
48 33
48 46
48 32
48 6
28
49 4
49 35
49 43
49 21
49 37
49 38
49 16
49 41
49 25
49 34
49 48
49 5
49 15
49 44
49 28
49 13
49 30
49 29
49 36
49 18
49 46
49 12
49 31
49 2
49 0
49 47
49 9
49 27
