50
0 "A13"
1 "A29"
2 "A34"
3 "A9"
4 "A45"
5 "A18"
6 "A40"
7 "A4"
8 "A11"
9 "A26"
10 "A15"
11 "A25"
12 "A37"
13 "A47"
14 "A10"
15 "A16"
16 "A21"
17 "A38"
18 "A5"
19 "A14"
20 "A27"
21 "A31"
22 "A24"
23 "A36"
24 "A8"
25 "A7"
26 "A46"
27 "A17"
28 "A12"
29 "A20"
30 "A6"
31 "A48"
32 "A0"
33 "A49"
34 "A42"
35 "A1"
36 "A35"
37 "A33"
38 "A32"
39 "A23"
40 "A44"
41 "A2"
42 "A28"
43 "A3"
44 "A39"
45 "A19"
46 "A43"
47 "A30"
48 "A41"
49 "A22"
20
0 30
0 44
0 20
0 35
0 19
0 45
0 16
0 26
0 5
0 23
0 37
0 43
0 11
0 34
0 22
0 15
0 42
0 1
0 38
0 31
22
1 49
1 29
1 23
1 33
1 9
1 15
1 42
1 21
1 48
1 45
1 28
1 38
1 27
1 32
1 41
1 20
1 43
1 46
1 17
1 36
1 24
1 47
20
2 5
2 24
2 23
2 0
2 39
2 34
2 41
2 8
2 47
2 6
2 32
2 12
2 29
2 46
2 36
2 27
2 9
2 38
2 21
2 28
18
3 29
3 8
3 5
3 4
3 18
3 37
3 7
3 30
3 26
3 0
3 6
3 43
3 35
3 38
3 34
3 45
3 44
3 25
21
4 12
4 31
4 39
4 35
4 37
4 17
4 28
4 7
4 43
4 27
4 21
4 19
4 48
4 2
4 40
4 14
4 36
4 8
4 34
4 1
4 41
18
5 24
5 27
5 4
5 29
5 18
5 36
5 20
5 47
5 44
5 15
5 6
5 23
5 12
5 35
5 43
5 8
5 1
5 32
20
6 13
6 12
6 43
6 28
6 16
6 21
6 11
6 38
6 1
6 4
6 17
6 46
6 20
6 49
6 15
6 48
6 10
6 37
6 36
6 34
20
7 35
7 13
7 32
7 6
7 27
7 30
7 45
7 2
7 8
7 5
7 29
7 20
7 34
7 25
7 16
7 37
7 31
7 24
7 22
7 10
18
8 42
8 49
8 31
8 17
8 9
8 1
8 34
8 32
8 0
8 6
8 15
8 18
8 47
8 27
8 48
8 39
8 43
8 21
20
9 19
9 35
9 33
9 11
9 22
9 42
9 45
9 46
9 12
9 37
9 6
9 15
9 20
9 47
9 3
9 31
9 27
9 7
9 48
9 43
21
10 16
10 1
10 41
10 11
10 38
10 4
10 23
10 27
10 44
10 8
10 42
10 21
10 31
10 26
10 35
10 33
10 9
10 19
10 47
10 40
10 18
15
11 12
11 3
11 21
11 7
11 5
11 27
11 34
11 40
11 41
11 19
11 47
11 44
11 33
11 45
11 8
12
12 36
12 8
12 47
12 30
12 37
12 26
12 18
12 31
12 0
12 1
12 40
12 7
20
13 9
13 11
13 12
13 39
13 40
13 21
13 0
13 22
13 41
13 1
13 2
13 29
13 48
13 47
13 5
13 4
13 44
13 23
13 3
13 31
25
14 13
14 1
14 9
14 18
14 39
14 45
14 49
14 10
14 22
14 27
14 41
14 8
14 47
14 43
14 48
14 37
14 0
14 17
14 15
14 21
14 5
14 3
14 32
14 26
14 38
17
15 41
15 4
15 33
15 31
15 28
15 20
15 21
15 44
15 37
15 19
15 2
15 10
15 7
15 16
15 13
15 36
15 24
16
16 2
16 12
16 9
16 26
16 35
16 4
16 19
16 42
16 1
16 3
16 8
16 11
16 14
16 30
16 48
16 44
20
17 16
17 39
17 13
17 28
17 20
17 25
17 18
17 32
17 40
17 42
17 38
17 27
17 0
17 15
17 30
17 24
17 22
17 46
17 3
17 23
23
18 39
18 2
18 42
18 37
18 45
18 30
18 44
18 29
18 28
18 7
18 1
18 11
18 32
18 6
18 15
18 49
18 21
18 43
18 16
18 0
18 9
18 13
18 33
17
19 13
19 2
19 18
19 27
19 1
19 39
19 41
19 44
19 5
19 26
19 22
19 24
19 8
19 38
19 17
19 49
19 48
24
20 13
20 23
20 3
20 41
20 18
20 21
20 8
20 19
20 39
20 34
20 2
20 11
20 16
20 10
20 24
20 46
20 36
20 27
20 49
20 42
20 45
20 38
20 14
20 12
19
21 16
21 41
21 17
21 38
21 26
21 48
21 34
21 9
21 36
21 24
21 5
21 39
21 37
21 43
21 3
21 7
21 30
21 46
21 0
22
22 43
22 38
22 24
22 16
22 18
22 39
22 48
22 26
22 4
22 34
22 11
22 8
22 21
22 2
22 42
22 15
22 5
22 32
22 44
22 3
22 12
22 41
18
23 12
23 16
23 34
23 6
23 35
23 40
23 7
23 24
23 9
23 3
23 18
23 11
23 49
23 21
23 31
23 4
23 22
23 28
22
24 14
24 27
24 3
24 44
24 18
24 46
24 13
24 11
24 39
24 30
24 4
24 33
24 16
24 40
24 43
24 9
24 8
24 31
24 41
24 28
24 10
24 45
21
25 23
25 13
25 42
25 28
25 24
25 49
25 6
25 31
25 9
25 5
25 19
25 2
25 45
25 10
25 33
25 18
25 14
25 11
25 0
25 1
25 21
21
26 9
26 25
26 31
26 28
26 47
26 30
26 2
26 17
26 13
26 24
26 5
26 45
26 43
26 36
26 15
26 29
26 33
26 44
26 6
26 8
26 7
17
27 43
27 12
27 41
27 26
27 15
27 13
27 45
27 36
27 6
27 42
27 37
27 46
27 34
27 44
27 49
27 25
27 3
18
28 0
28 45
28 27
28 46
28 3
28 22
28 12
28 47
28 11
28 40
28 19
28 16
28 13
28 9
28 32
28 29
28 37
28 20
21
29 17
29 39
29 27
29 30
29 10
29 9
29 44
29 24
29 8
29 38
29 20
29 6
29 34
29 23
29 12
29 42
29 4
29 16
29 14
29 0
29 41
21
30 43
30 1
30 15
30 6
30 19
30 11
30 23
30 27
30 32
30 39
30 9
30 2
30 13
30 48
30 46
30 42
30 35
30 47
30 25
30 28
30 4
20
31 11
31 14
31 32
31 33
31 21
31 40
31 2
31 22
31 18
31 30
31 38
31 28
31 29
31 48
31 19
31 47
31 6
31 1
31 20
31 17
15
32 26
32 13
32 21
32 23
32 19
32 29
32 47
32 15
32 42
32 33
32 11
32 3
32 0
32 24
32 6
22
33 2
33 48
33 30
33 12
33 34
33 46
33 23
33 7
33 20
33 27
33 42
33 41
33 4
33 38
33 8
33 28
33 36
33 49
33 29
33 5
33 17
33 6
21
34 15
34 19
34 5
34 17
34 45
34 18
34 13
34 30
34 28
34 25
34 47
34 1
34 38
34 10
34 37
34 31
34 32
34 40
34 26
34 12
34 14
21
35 2
35 45
35 11
35 37
35 21
35 36
35 24
35 46
35 14
35 8
35 17
35 29
35 22
35 33
35 6
35 47
35 43
35 1
35 26
35 13
35 49
23
36 16
36 47
36 30
36 37
36 18
36 11
36 28
36 42
36 13
36 24
36 41
36 10
36 32
36 31
36 19
36 45
36 14
36 34
36 0
36 44
36 9
36 22
36 3
23
37 30
37 2
37 42
37 5
37 39
37 10
37 43
37 22
37 31
37 16
37 49
37 23
37 41
37 11
37 20
37 32
37 45
37 26
37 38
37 8
37 24
37 1
37 13
18
38 15
38 12
38 18
38 13
38 45
38 49
38 4
38 27
38 8
38 9
38 40
38 47
38 30
38 28
38 35
38 44
38 5
38 23
22
39 28
39 38
39 34
39 48
39 33
39 1
39 32
39 10
39 23
39 26
39 35
39 31
39 15
39 9
39 36
39 42
39 49
39 45
39 27
39 12
39 25
39 5
21
40 26
40 7
40 29
40 36
40 46
40 37
40 48
40 14
40 35
40 19
40 21
40 18
40 5
40 2
40 0
40 47
40 39
40 16
40 33
40 30
40 25
16
41 38
41 16
41 7
41 30
41 32
41 35
41 8
41 12
41 34
41 49
41 3
41 25
41 18
41 39
41 31
41 48
18
42 47
42 26
42 24
42 31
42 46
42 40
42 44
42 49
42 12
42 48
42 5
42 43
42 4
42 19
42 41
42 34
42 3
42 23
18
43 16
43 19
43 20
43 48
43 28
43 33
43 12
43 41
43 13
43 40
43 36
43 7
43 31
43 34
43 11
43 23
43 32
43 2
17
44 31
44 28
44 40
44 37
44 32
44 47
44 48
44 35
44 21
44 49
44 12
44 7
44 39
44 1
44 25
44 20
44 6
19
45 41
45 19
45 40
45 16
45 2
45 5
45 21
45 22
45 47
45 13
45 33
45 12
45 23
45 4
45 17
45 30
45 44
45 15
45 32
22
46 44
46 39
46 5
46 36
46 22
46 19
46 29
46 0
46 12
46 11
46 23
46 26
46 14
46 18
46 37
46 13
46 3
46 41
46 10
46 31
46 34
46 45
17
47 33
47 39
47 17
47 4
47 18
47 0
47 24
47 46
47 43
47 20
47 21
47 29
47 3
47 7
47 37
47 23
47 15
20
48 28
48 24
48 25
48 0
48 27
48 18
48 5
48 12
48 2
48 46
48 3
48 10
48 34
48 20
48 15
48 23
48 32
48 47
48 37
48 38
20
49 15
49 30
49 10
49 2
49 31
49 17
49 43
49 36
49 29
49 32
49 9
49 22
49 48
49 12
49 7
49 40
49 34
49 47
49 0
49 24
