50
0 "A13"
1 "A29"
2 "A34"
3 "A9"
4 "A45"
5 "A18"
6 "A40"
7 "A4"
8 "A11"
9 "A26"
10 "A15"
11 "A25"
12 "A37"
13 "A47"
14 "A10"
15 "A16"
16 "A21"
17 "A38"
18 "A5"
19 "A14"
20 "A27"
21 "A31"
22 "A24"
23 "A36"
24 "A8"
25 "A7"
26 "A46"
27 "A17"
28 "A12"
29 "A20"
30 "A6"
31 "A48"
32 "A0"
33 "A49"
34 "A42"
35 "A1"
36 "A35"
37 "A33"
38 "A32"
39 "A23"
40 "A44"
41 "A2"
42 "A28"
43 "A3"
44 "A39"
45 "A19"
46 "A43"
47 "A30"
48 "A41"
49 "A22"
22
0 45
0 10
0 47
0 19
0 12
0 44
0 40
0 29
0 17
0 31
0 43
0 46
0 32
0 48
0 20
0 41
0 11
0 33
0 27
0 4
0 1
0 3
22
1 26
1 2
1 3
1 32
1 21
1 39
1 24
1 22
1 45
1 40
1 38
1 6
1 28
1 18
1 43
1 49
1 15
1 14
1 8
1 12
1 41
1 7
20
2 27
2 40
2 15
2 47
2 45
2 20
2 28
2 7
2 43
2 30
2 49
2 14
2 41
2 33
2 12
2 42
2 5
2 34
2 0
2 17
16
3 28
3 36
3 4
3 30
3 12
3 7
3 13
3 48
3 14
3 25
3 29
3 16
3 34
3 2
3 20
3 40
23
4 38
4 46
4 20
4 16
4 41
4 25
4 22
4 8
4 33
4 36
4 18
4 5
4 6
4 24
4 32
4 37
4 1
4 27
4 15
4 43
4 2
4 23
4 31
21
5 24
5 18
5 39
5 12
5 14
5 37
5 25
5 16
5 6
5 33
5 43
5 8
5 48
5 41
5 42
5 1
5 9
5 27
5 21
5 34
5 40
19
6 7
6 44
6 25
6 31
6 13
6 0
6 2
6 29
6 11
6 24
6 37
6 18
6 14
6 35
6 45
6 16
6 34
6 23
6 9
17
7 41
7 42
7 39
7 29
7 16
7 21
7 23
7 31
7 33
7 9
7 48
7 27
7 22
7 0
7 28
7 10
7 26
26
8 41
8 15
8 3
8 18
8 6
8 33
8 44
8 43
8 2
8 32
8 22
8 40
8 38
8 46
8 34
8 14
8 28
8 0
8 24
8 35
8 37
8 13
8 17
8 47
8 10
8 42
12
9 44
9 31
9 10
9 3
9 4
9 27
9 40
9 16
9 24
9 34
9 42
9 30
19
10 4
10 1
10 25
10 5
10 46
10 17
10 42
10 27
10 32
10 45
10 16
10 24
10 23
10 3
10 20
10 2
10 12
10 39
10 47
19
11 18
11 27
11 35
11 17
11 14
11 40
11 38
11 24
11 10
11 29
11 12
11 44
11 16
11 25
11 23
11 1
11 9
11 30
11 42
15
12 47
12 33
12 25
12 34
12 28
12 9
12 40
12 49
12 21
12 8
12 22
12 31
12 30
12 19
12 43
21
13 17
13 34
13 2
13 25
13 20
13 49
13 40
13 0
13 33
13 1
13 14
13 29
13 11
13 7
13 41
13 19
13 48
13 31
13 16
13 42
13 12
13
14 30
14 41
14 49
14 19
14 0
14 47
14 9
14 22
14 28
14 36
14 12
14 7
14 27
20
15 26
15 45
15 6
15 16
15 10
15 38
15 14
15 35
15 21
15 12
15 47
15 11
15 49
15 24
15 9
15 42
15 7
15 28
15 43
15 44
17
16 20
16 45
16 44
16 25
16 12
16 14
16 48
16 0
16 31
16 46
16 42
16 29
16 39
16 26
16 47
16 34
16 2
24
17 18
17 23
17 7
17 6
17 12
17 28
17 29
17 15
17 39
17 37
17 9
17 1
17 20
17 3
17 34
17 46
17 30
17 27
17 26
17 42
17 44
17 32
17 14
17 47
21
18 39
18 41
18 48
18 30
18 42
18 7
18 2
18 13
18 10
18 19
18 40
18 34
18 37
18 44
18 14
18 9
18 29
18 0
18 15
18 25
18 3
20
19 42
19 35
19 31
19 39
19 24
19 2
19 8
19 16
19 20
19 6
19 25
19 46
19 47
19 26
19 10
19 5
19 1
19 21
19 4
19 22
20
20 44
20 12
20 36
20 41
20 21
20 6
20 26
20 34
20 7
20 15
20 28
20 30
20 9
20 5
20 18
20 8
20 11
20 33
20 24
20 1
17
21 40
21 17
21 8
21 16
21 6
21 26
21 33
21 11
21 24
21 23
21 45
21 2
21 4
21 41
21 9
21 36
21 27
24
22 48
22 11
22 47
22 13
22 39
22 28
22 27
22 25
22 30
22 15
22 23
22 37
22 40
22 3
22 17
22 41
22 33
22 49
22 18
22 2
22 43
22 9
22 10
22 0
22
23 48
23 24
23 43
23 9
23 37
23 8
23 26
23 16
23 19
23 46
23 28
23 34
23 29
23 2
23 38
23 5
23 13
23 20
23 18
23 0
23 31
23 27
15
24 7
24 44
24 3
24 39
24 14
24 26
24 42
24 45
24 38
24 22
24 29
24 31
24 41
24 13
24 27
20
25 26
25 42
25 27
25 30
25 20
25 45
25 2
25 44
25 36
25 1
25 24
25 14
25 40
25 0
25 49
25 29
25 38
25 47
25 21
25 35
17
26 11
26 14
26 44
26 45
26 12
26 30
26 9
26 34
26 42
26 36
26 37
26 5
26 6
26 3
26 48
26 2
26 13
16
27 39
27 6
27 48
27 34
27 13
27 8
27 30
27 36
27 18
27 33
27 28
27 19
27 12
27 38
27 16
27 45
20
28 18
28 32
28 29
28 19
28 16
28 25
28 24
28 43
28 44
28 40
28 33
28 13
28 4
28 38
28 21
28 48
28 34
28 47
28 0
28 10
17
29 14
29 22
29 2
29 19
29 43
29 10
29 21
29 12
29 47
29 40
29 4
29 42
29 15
29 5
29 20
29 44
29 34
20
30 28
30 47
30 10
30 48
30 8
30 0
30 45
30 1
30 5
30 4
30 13
30 24
30 33
30 49
30 7
30 41
30 37
30 43
30 32
30 29
18
31 28
31 37
31 8
31 17
31 47
31 10
31 21
31 18
31 2
31 32
31 49
31 22
31 11
31 48
31 20
31 29
31 25
31 15
27
32 23
32 38
32 5
32 14
32 45
32 33
32 9
32 29
32 22
32 2
32 48
32 26
32 34
32 39
32 25
32 3
32 7
32 12
32 27
32 49
32 43
32 6
32 13
32 47
32 44
32 19
32 11
16
33 39
33 36
33 43
33 10
33 35
33 9
33 17
33 6
33 19
33 18
33 45
33 14
33 25
33 3
33 29
33 23
12
34 15
34 19
34 22
34 44
34 11
34 24
34 36
34 10
34 49
34 46
34 42
34 41
25
35 40
35 38
35 27
35 29
35 18
35 1
35 7
35 47
35 10
35 34
35 12
35 5
35 22
35 37
35 26
35 49
35 24
35 16
35 36
35 0
35 3
35 9
35 14
35 13
35 32
21
36 17
36 48
36 10
36 44
36 8
36 22
36 46
36 0
36 30
36 5
36 24
36 9
36 32
36 16
36 47
36 7
36 31
36 19
36 13
36 38
36 2
20
37 32
37 10
37 25
37 45
37 1
37 0
37 41
37 12
37 21
37 24
37 13
37 29
37 16
37 3
37 44
37 2
37 9
37 7
37 36
37 34
23
38 20
38 12
38 44
38 7
38 3
38 31
38 21
38 17
38 22
38 18
38 13
38 6
38 33
38 48
38 10
38 2
38 9
38 37
38 0
38 16
38 41
38 29
38 47
23
39 41
39 44
39 23
39 0
39 40
39 2
39 49
39 21
39 26
39 28
39 15
39 35
39 3
39 14
39 4
39 31
39 34
39 13
39 12
39 37
39 30
39 43
39 25
19
40 31
40 48
40 30
40 19
40 20
40 23
40 38
40 16
40 17
40 10
40 49
40 4
40 44
40 33
40 36
40 7
40 6
40 45
40 32
20
41 10
41 19
41 25
41 17
41 29
41 27
41 26
41 33
41 16
41 49
41 47
41 32
41 45
41 15
41 36
41 48
41 35
41 31
41 40
41 28
25
42 46
42 38
42 20
42 41
42 30
42 32
42 21
42 0
42 3
42 27
42 22
42 39
42 14
42 33
42 23
42 37
42 28
42 31
42 36
42 4
42 45
42 6
42 35
42 12
42 1
15
43 18
43 7
43 27
43 37
43 38
43 17
43 41
43 3
43 47
43 11
43 6
43 36
43 14
43 9
43 10
16
44 4
44 31
44 13
44 43
44 41
44 19
44 1
44 49
44 22
44 47
44 35
44 14
44 10
44 7
44 2
44 5
14
45 29
45 8
45 22
45 5
45 9
45 20
45 17
45 14
45 23
45 44
45 43
45 11
45 18
45 38
29
46 49
46 25
46 41
46 35
46 3
46 37
46 24
46 40
46 15
46 47
46 27
46 20
46 9
46 18
46 30
46 32
46 14
46 44
46 21
46 6
46 29
46 5
46 33
46 39
46 45
46 31
46 22
46 13
46 1
19
47 4
47 34
47 40
47 39
47 24
47 37
47 33
47 42
47 13
47 5
47 3
47 7
47 48
47 20
47 11
47 1
47 23
47 26
47 18
20
48 2
48 24
48 45
48 10
48 8
48 14
48 17
48 15
48 11
48 43
48 25
48 12
48 21
48 19
48 9
48 29
48 34
48 39
48 33
48 35
23
49 7
49 27
49 0
49 29
49 8
49 9
49 10
49 20
49 16
49 19
49 11
49 48
49 33
49 24
49 37
49 6
49 36
49 4
49 26
49 17
49 18
49 21
49 38
