50
0 "A13"
1 "A29"
2 "A34"
3 "A9"
4 "A45"
5 "A18"
6 "A40"
7 "A4"
8 "A11"
9 "A26"
10 "A15"
11 "A25"
12 "A37"
13 "A47"
14 "A10"
15 "A16"
16 "A21"
17 "A38"
18 "A5"
19 "A14"
20 "A27"
21 "A31"
22 "A24"
23 "A36"
24 "A8"
25 "A7"
26 "A46"
27 "A17"
28 "A12"
29 "A20"
30 "A6"
31 "A48"
32 "A0"
33 "A49"
34 "A42"
35 "A1"
36 "A35"
37 "A33"
38 "A32"
39 "A23"
40 "A44"
41 "A2"
42 "A28"
43 "A3"
44 "A39"
45 "A19"
46 "A43"
47 "A30"
48 "A41"
49 "A22"
14
0 27
0 37
0 6
0 5
0 23
0 40
0 15
0 47
0 25
0 42
0 1
0 26
0 39
0 17
21
1 35
1 26
1 37
1 17
1 20
1 38
1 34
1 7
1 5
1 10
1 4
1 41
1 9
1 11
1 13
1 36
1 40
1 22
1 14
1 43
1 21
21
2 10
2 32
2 33
2 42
2 19
2 38
2 31
2 21
2 47
2 17
2 20
2 7
2 28
2 30
2 49
2 11
2 27
2 37
2 13
2 45
2 26
24
3 12
3 1
3 43
3 6
3 34
3 29
3 21
3 40
3 38
3 26
3 28
3 22
3 46
3 48
3 14
3 30
3 36
3 20
3 10
3 0
3 35
3 13
3 24
3 4
18
4 9
4 43
4 40
4 12
4 46
4 35
4 48
4 28
4 27
4 42
4 32
4 11
4 29
4 2
4 18
4 19
4 7
4 33
20
5 42
5 10
5 39
5 12
5 28
5 16
5 17
5 49
5 8
5 6
5 11
5 33
5 23
5 32
5 4
5 41
5 14
5 15
5 30
5 19
16
6 23
6 22
6 26
6 8
6 48
6 4
6 29
6 43
6 28
6 34
6 7
6 20
6 39
6 1
6 2
6 30
19
7 25
7 24
7 34
7 15
7 8
7 12
7 26
7 5
7 41
7 0
7 13
7 9
7 16
7 37
7 27
7 33
7 14
7 44
7 17
20
8 23
8 28
8 2
8 36
8 43
8 4
8 29
8 20
8 48
8 3
8 1
8 25
8 0
8 14
8 32
8 42
8 34
8 17
8 11
8 10
20
9 35
9 6
9 0
9 23
9 40
9 12
9 17
9 43
9 29
9 28
9 2
9 19
9 25
9 8
9 3
9 45
9 49
9 37
9 22
9 15
23
10 29
10 39
10 42
10 43
10 0
10 21
10 31
10 7
10 32
10 37
10 13
10 35
10 34
10 38
10 49
10 40
10 14
10 4
10 25
10 45
10 28
10 19
10 44
18
11 10
11 38
11 22
11 13
11 42
11 16
11 6
11 39
11 49
11 27
11 34
11 25
11 14
11 23
11 44
11 26
11 7
11 24
19
12 30
12 22
12 48
12 19
12 11
12 15
12 10
12 18
12 6
12 36
12 26
12 17
12 45
12 0
12 37
12 1
12 8
12 41
12 14
22
13 14
13 15
13 5
13 19
13 28
13 41
13 30
13 22
13 0
13 33
13 24
13 39
13 31
13 26
13 48
13 36
13 44
13 27
13 23
13 6
13 16
13 17
21
14 4
14 35
14 27
14 44
14 38
14 21
14 15
14 17
14 29
14 36
14 6
14 25
14 18
14 19
14 48
14 2
14 46
14 20
14 9
14 37
14 24
20
15 27
15 40
15 43
15 25
15 37
15 35
15 19
15 8
15 18
15 6
15 38
15 32
15 33
15 10
15 22
15 23
15 49
15 1
15 29
15 28
23
16 28
16 32
16 15
16 18
16 0
16 22
16 38
16 31
16 6
16 20
16 1
16 45
16 23
16 19
16 14
16 30
16 17
16 29
16 4
16 3
16 35
16 25
16 40
23
17 19
17 42
17 10
17 46
17 36
17 4
17 48
17 45
17 6
17 20
17 49
17 22
17 25
17 27
17 21
17 34
17 18
17 47
17 30
17 15
17 41
17 24
17 32
15
18 44
18 8
18 9
18 2
18 11
18 48
18 13
18 28
18 37
18 29
18 1
18 40
18 7
18 5
18 19
17
19 44
19 24
19 32
19 36
19 0
19 39
19 45
19 23
19 46
19 42
19 7
19 33
19 40
19 49
19 21
19 8
19 3
22
20 18
20 33
20 27
20 21
20 15
20 23
20 48
20 42
20 49
20 41
20 39
20 32
20 29
20 12
20 46
20 22
20 24
20 44
20 11
20 38
20 10
20 28
19
21 40
21 23
21 28
21 7
21 9
21 39
21 6
21 11
21 49
21 29
21 27
21 30
21 42
21 45
21 25
21 41
21 46
21 43
21 24
20
22 2
22 19
22 41
22 7
22 21
22 27
22 4
22 44
22 10
22 38
22 29
22 40
22 14
22 43
22 33
22 39
22 42
22 31
22 0
22 32
22
23 37
23 25
23 40
23 29
23 17
23 22
23 7
23 34
23 46
23 1
23 18
23 42
23 47
23 12
23 36
23 26
23 33
23 10
23 30
23 2
23 45
23 3
16
24 4
24 1
24 30
24 18
24 45
24 8
24 16
24 0
24 39
24 27
24 36
24 9
24 40
24 23
24 10
24 15
16
25 41
25 36
25 4
25 48
25 18
25 24
25 45
25 26
25 22
25 2
25 13
25 29
25 37
25 3
25 30
25 12
23
26 9
26 28
26 37
26 42
26 44
26 24
26 27
26 30
26 20
26 5
26 15
26 41
26 43
26 19
26 49
26 17
26 14
26 22
26 10
26 21
26 47
26 4
26 48
15
27 8
27 9
27 12
27 28
27 45
27 36
27 6
27 18
27 16
27 34
27 10
27 35
27 3
27 30
27 1
19
28 12
28 24
28 48
28 7
28 46
28 35
28 23
28 44
28 36
28 32
28 45
28 40
28 19
28 30
28 11
28 17
28 0
28 22
28 14
19
29 31
29 36
29 11
29 39
29 48
29 12
29 40
29 1
29 45
29 5
29 0
29 34
29 7
29 26
29 41
29 27
29 24
29 28
29 37
17
30 14
30 22
30 32
30 38
30 43
30 15
30 10
30 37
30 29
30 1
30 48
30 11
30 0
30 8
30 47
30 35
30 20
23
31 42
31 49
31 9
31 0
31 1
31 18
31 28
31 47
31 5
31 34
31 15
31 17
31 27
31 45
31 19
31 8
31 25
31 6
31 35
31 11
31 26
31 4
31 23
17
32 34
32 3
32 26
32 23
32 33
32 13
32 44
32 0
32 49
32 14
32 48
32 24
32 36
32 40
32 27
32 21
32 1
25
33 37
33 25
33 40
33 48
33 31
33 28
33 34
33 14
33 43
33 17
33 24
33 18
33 30
33 6
33 11
33 42
33 29
33 1
33 12
33 35
33 26
33 27
33 0
33 21
33 10
21
34 38
34 49
34 36
34 12
34 47
34 21
34 28
34 48
34 18
34 0
34 14
34 44
34 26
34 15
34 9
34 25
34 24
34 5
34 20
34 19
34 39
18
35 39
35 13
35 24
35 34
35 49
35 8
35 32
35 21
35 0
35 7
35 25
35 40
35 29
35 37
35 36
35 19
35 18
35 38
13
36 43
36 22
36 11
36 4
36 15
36 6
36 21
36 45
36 10
36 5
36 42
36 44
36 39
16
37 19
37 32
37 11
37 6
37 28
37 36
37 31
37 41
37 8
37 47
37 48
37 22
37 44
37 20
37 17
37 4
18
38 36
38 24
38 23
38 21
38 31
38 9
38 28
38 26
38 4
38 32
38 5
38 0
38 12
38 42
38 46
38 25
38 29
38 8
22
39 25
39 41
39 43
39 4
39 8
39 12
39 14
39 9
39 26
39 16
39 31
39 45
39 32
39 7
39 15
39 37
39 1
39 44
39 49
39 27
39 17
39 40
19
40 11
40 37
40 30
40 6
40 5
40 17
40 31
40 12
40 43
40 14
40 48
40 38
40 42
40 7
40 20
40 34
40 41
40 25
40 36
20
41 2
41 31
41 19
41 9
41 11
41 4
41 0
41 8
41 35
41 16
41 32
41 30
41 6
41 36
41 38
41 28
41 34
41 10
41 18
41 48
21
42 32
42 28
42 13
42 12
42 35
42 1
42 45
42 39
42 14
42 49
42 24
42 30
42 34
42 9
42 18
42 43
42 15
42 6
42 16
42 25
42 27
19
43 32
43 5
43 31
43 0
43 19
43 12
43 29
43 34
43 38
43 46
43 37
43 35
43 24
43 7
43 2
43 28
43 49
43 18
43 16
21
44 15
44 48
44 21
44 27
44 8
44 3
44 47
44 43
44 24
44 0
44 30
44 25
44 17
44 35
44 2
44 1
44 6
44 41
44 23
44 5
44 38
19
45 15
45 14
45 0
45 35
45 4
45 11
45 20
45 48
45 30
45 37
45 41
45 5
45 33
45 44
45 22
45 7
45 3
45 18
45 40
20
46 11
46 24
46 29
46 37
46 0
46 12
46 39
46 6
46 41
46 15
46 40
46 32
46 33
46 31
46 1
46 7
46 35
46 47
46 30
46 2
28
47 10
47 11
47 4
47 15
47 48
47 24
47 29
47 41
47 22
47 32
47 19
47 25
47 12
47 42
47 6
47 8
47 20
47 27
47 1
47 3
47 38
47 21
47 33
47 9
47 36
47 28
47 39
47 7
17
48 0
48 10
48 11
48 39
48 21
48 5
48 27
48 43
48 36
48 35
48 38
48 46
48 9
48 31
48 24
48 7
48 16
21
49 41
49 29
49 24
49 3
49 33
49 45
49 40
49 7
49 18
49 28
49 14
49 1
49 48
49 6
49 38
49 4
49 25
49 8
49 12
49 36
49 23
