50
0 "A13"
1 "A29"
2 "A34"
3 "A9"
4 "A45"
5 "A18"
6 "A40"
7 "A4"
8 "A11"
9 "A26"
10 "A15"
11 "A25"
12 "A37"
13 "A47"
14 "A10"
15 "A16"
16 "A21"
17 "A38"
18 "A5"
19 "A14"
20 "A27"
21 "A31"
22 "A24"
23 "A36"
24 "A8"
25 "A7"
26 "A46"
27 "A17"
28 "A12"
29 "A20"
30 "A6"
31 "A48"
32 "A0"
33 "A49"
34 "A42"
35 "A1"
36 "A35"
37 "A33"
38 "A32"
39 "A23"
40 "A44"
41 "A2"
42 "A28"
43 "A3"
44 "A39"
45 "A19"
46 "A43"
47 "A30"
48 "A41"
49 "A22"
22
0 12
0 37
0 1
0 44
0 9
0 18
0 2
0 33
0 41
0 48
0 11
0 47
0 31
0 49
0 43
0 25
0 45
0 42
0 38
0 3
0 15
0 32
17
1 17
1 49
1 7
1 10
1 22
1 44
1 15
1 30
1 45
1 21
1 20
1 13
1 19
1 34
1 33
1 5
1 28
22
2 5
2 4
2 35
2 22
2 40
2 14
2 24
2 37
2 42
2 31
2 17
2 38
2 25
2 43
2 18
2 11
2 36
2 33
2 46
2 26
2 48
2 39
28
3 4
3 15
3 36
3 37
3 19
3 2
3 5
3 12
3 42
3 32
3 22
3 24
3 27
3 16
3 18
3 14
3 49
3 45
3 47
3 40
3 30
3 31
3 6
3 17
3 8
3 23
3 46
3 35
23
4 43
4 24
4 9
4 13
4 26
4 17
4 32
4 46
4 27
4 8
4 28
4 38
4 44
4 14
4 7
4 1
4 37
4 49
4 21
4 5
4 10
4 45
4 29
14
5 10
5 0
5 34
5 48
5 25
5 37
5 16
5 32
5 39
5 46
5 26
5 13
5 15
5 8
24
6 45
6 16
6 22
6 43
6 28
6 5
6 42
6 13
6 33
6 44
6 20
6 9
6 30
6 26
6 40
6 19
6 0
6 25
6 17
6 49
6 23
6 41
6 15
6 47
20
7 17
7 6
7 49
7 30
7 3
7 13
7 16
7 27
7 48
7 44
7 31
7 34
7 11
7 8
7 23
7 39
7 5
7 19
7 38
7 32
18
8 41
8 26
8 22
8 29
8 43
8 24
8 6
8 35
8 32
8 38
8 46
8 34
8 33
8 31
8 27
8 19
8 39
8 44
15
9 14
9 30
9 42
9 19
9 7
9 8
9 36
9 3
9 45
9 38
9 2
9 24
9 5
9 17
9 44
19
10 11
10 30
10 20
10 23
10 35
10 3
10 32
10 42
10 38
10 24
10 8
10 7
10 47
10 6
10 37
10 0
10 33
10 14
10 27
15
11 31
11 35
11 3
11 25
11 21
11 22
11 4
11 38
11 1
11 41
11 42
11 6
11 44
11 34
11 32
23
12 2
12 38
12 36
12 27
12 32
12 22
12 25
12 17
12 24
12 4
12 29
12 7
12 43
12 14
12 6
12 42
12 33
12 23
12 1
12 9
12 8
12 16
12 49
20
13 21
13 0
13 8
13 31
13 10
13 25
13 48
13 46
13 12
13 14
13 36
13 22
13 27
13 34
13 9
13 18
13 33
13 44
13 37
13 19
19
14 0
14 40
14 46
14 38
14 48
14 11
14 36
14 33
14 6
14 1
14 8
14 44
14 26
14 20
14 5
14 47
14 23
14 21
14 28
23
15 41
15 34
15 42
15 29
15 30
15 27
15 16
15 7
15 14
15 25
15 40
15 32
15 12
15 35
15 44
15 17
15 2
15 23
15 8
15 18
15 10
15 4
15 24
25
16 28
16 34
16 8
16 46
16 11
16 10
16 24
16 36
16 0
16 4
16 25
16 22
16 45
16 44
16 42
16 2
16 20
16 13
16 14
16 23
16 39
16 9
16 47
16 26
16 37
20
17 36
17 23
17 43
17 28
17 27
17 22
17 47
17 5
17 40
17 38
17 31
17 10
17 29
17 16
17 49
17 21
17 18
17 45
17 8
17 19
21
18 12
18 6
18 45
18 1
18 14
18 49
18 20
18 7
18 19
18 34
18 10
18 24
18 9
18 22
18 8
18 38
18 16
18 25
18 26
18 36
18 23
19
19 39
19 42
19 11
19 12
19 43
19 26
19 21
19 35
19 36
19 44
19 31
19 5
19 15
19 14
19 24
19 2
19 22
19 0
19 37
24
20 33
20 27
20 31
20 0
20 23
20 26
20 25
20 32
20 46
20 2
20 11
20 34
20 48
20 45
20 44
20 5
20 17
20 13
20 19
20 7
20 43
20 8
20 42
20 49
20
21 16
21 29
21 20
21 28
21 18
21 2
21 36
21 12
21 15
21 8
21 9
21 35
21 10
21 39
21 5
21 42
21 0
21 40
21 6
21 7
14
22 15
22 25
22 43
22 28
22 26
22 30
22 44
22 46
22 5
22 4
22 21
22 47
22 35
22 23
13
23 41
23 0
23 2
23 33
23 13
23 44
23 38
23 19
23 25
23 47
23 1
23 35
23 9
27
24 7
24 33
24 5
24 47
24 41
24 43
24 20
24 39
24 0
24 22
24 26
24 25
24 48
24 30
24 17
24 28
24 36
24 27
24 23
24 42
24 31
24 38
24 29
24 13
24 14
24 32
24 1
14
25 19
25 41
25 45
25 47
25 9
25 14
25 42
25 7
25 28
25 40
25 36
25 34
25 29
25 21
18
26 0
26 13
26 40
26 25
26 9
26 15
26 43
26 37
26 33
26 3
26 49
26 46
26 10
26 7
26 45
26 12
26 31
26 21
20
27 21
27 30
27 43
27 5
27 16
27 23
27 25
27 48
27 9
27 49
27 14
27 1
27 40
27 33
27 6
27 18
27 0
27 41
27 46
27 35
26
28 27
28 31
28 33
28 2
28 40
28 12
28 20
28 45
28 39
28 13
28 46
28 3
28 47
28 10
28 43
28 19
28 26
28 18
28 44
28 37
28 32
28 23
28 11
28 38
28 49
28 42
14
29 9
29 35
29 41
29 11
29 1
29 5
29 0
29 27
29 2
29 43
29 47
29 48
29 13
29 40
18
30 28
30 23
30 17
30 42
30 19
30 32
30 4
30 45
30 21
30 20
30 26
30 11
30 2
30 36
30 25
30 16
30 14
30 37
21
31 29
31 47
31 45
31 10
31 49
31 44
31 46
31 30
31 22
31 1
31 9
31 14
31 40
31 4
31 6
31 25
31 21
31 33
31 23
31 35
31 34
17
32 16
32 21
32 9
32 36
32 27
32 6
32 14
32 19
32 49
32 34
32 41
32 13
32 22
32 29
32 1
32 39
32 17
16
33 46
33 29
33 37
33 16
33 3
33 18
33 11
33 32
33 5
33 47
33 39
33 38
33 17
33 36
33 25
33 4
21
34 2
34 10
34 44
34 29
34 48
34 3
34 24
34 23
34 22
34 33
34 38
34 14
34 4
34 27
34 12
34 35
34 0
34 26
34 43
34 41
34 42
24
35 25
35 7
35 20
35 4
35 0
35 9
35 5
35 40
35 12
35 47
35 41
35 14
35 6
35 18
35 37
35 30
35 16
35 32
35 42
35 24
35 39
35 33
35 43
35 28
14
36 26
36 34
36 4
36 10
36 5
36 46
36 11
36 28
36 29
36 48
36 7
36 8
36 37
36 23
22
37 49
37 20
37 7
37 24
37 34
37 38
37 27
37 31
37 22
37 6
37 44
37 12
37 1
37 32
37 29
37 25
37 14
37 18
37 11
37 46
37 21
37 48
14
38 19
38 20
38 25
38 42
38 35
38 1
38 26
38 43
38 27
38 5
38 15
38 44
38 3
38 22
18
39 4
39 17
39 22
39 37
39 48
39 27
39 11
39 18
39 49
39 12
39 10
39 36
39 30
39 23
39 26
39 14
39 38
39 9
24
40 32
40 9
40 8
40 20
40 16
40 41
40 48
40 47
40 12
40 19
40 1
40 23
40 5
40 39
40 0
40 38
40 7
40 10
40 11
40 24
40 4
40 30
40 36
40 33
22
41 2
41 10
41 30
41 46
41 19
41 28
41 21
41 14
41 37
41 38
41 20
41 39
41 17
41 1
41 12
41 4
41 7
41 9
41 43
41 33
41 3
41 13
17
42 5
42 8
42 4
42 1
42 45
42 43
42 44
42 47
42 14
42 18
42 37
42 31
42 29
42 7
42 26
42 36
42 48
22
43 15
43 23
43 10
43 33
43 40
43 32
43 46
43 44
43 39
43 11
43 7
43 1
43 21
43 14
43 48
43 37
43 5
43 49
43 18
43 45
43 31
43 13
9
44 27
44 41
44 25
44 30
44 10
44 3
44 39
44 21
44 26
18
45 27
45 11
45 2
45 48
45 12
45 36
45 22
45 29
45 13
45 15
45 32
45 21
45 23
45 47
45 5
45 44
45 34
45 24
22
46 15
46 32
46 47
46 10
46 24
46 18
46 0
46 38
46 25
46 1
46 30
46 44
46 6
46 23
46 48
46 19
46 40
46 42
46 12
46 7
46 21
46 29
24
47 26
47 11
47 13
47 44
47 36
47 15
47 5
47 38
47 43
47 37
47 2
47 32
47 8
47 4
47 48
47 18
47 1
47 34
47 21
47 19
47 30
47 27
47 7
47 9
18
48 9
48 11
48 1
48 33
48 21
48 8
48 32
48 4
48 31
48 25
48 15
48 44
48 12
48 3
48 26
48 16
48 19
48 22
22
49 15
49 9
49 42
49 30
49 36
49 47
49 16
49 41
49 48
49 13
49 35
49 22
49 23
49 34
49 19
49 10
49 2
49 46
49 29
49 21
49 38
49 25
