50
0 "A13"
1 "A29"
2 "A34"
3 "A9"
4 "A45"
5 "A18"
6 "A40"
7 "A4"
8 "A11"
9 "A26"
10 "A15"
11 "A25"
12 "A37"
13 "A47"
14 "A10"
15 "A16"
16 "A21"
17 "A38"
18 "A5"
19 "A14"
20 "A27"
21 "A31"
22 "A24"
23 "A36"
24 "A8"
25 "A7"
26 "A46"
27 "A17"
28 "A12"
29 "A20"
30 "A6"
31 "A48"
32 "A0"
33 "A49"
34 "A42"
35 "A1"
36 "A35"
37 "A33"
38 "A32"
39 "A23"
40 "A44"
41 "A2"
42 "A28"
43 "A3"
44 "A39"
45 "A19"
46 "A43"
47 "A30"
48 "A41"
49 "A22"
23
0 19
0 2
0 1
0 35
0 29
0 12
0 41
0 9
0 22
0 17
0 6
0 25
0 23
0 14
0 36
0 39
0 49
0 20
0 18
0 44
0 34
0 45
0 38
21
1 8
1 38
1 23
1 43
1 41
1 17
1 39
1 5
1 49
1 2
1 3
1 13
1 44
1 4
1 27
1 29
1 20
1 37
1 35
1 47
1 42
15
2 41
2 33
2 18
2 32
2 43
2 30
2 46
2 38
2 24
2 27
2 12
2 16
2 35
2 17
2 28
23
3 30
3 41
3 44
3 20
3 24
3 17
3 6
3 43
3 12
3 31
3 45
3 47
3 0
3 34
3 7
3 23
3 21
3 29
3 5
3 25
3 8
3 42
3 16
24
4 25
4 15
4 0
4 43
4 29
4 17
4 33
4 12
4 21
4 14
4 37
4 2
4 16
4 10
4 44
4 45
4 11
4 35
4 28
4 13
4 27
4 39
4 22
4 34
23
5 10
5 29
5 39
5 30
5 36
5 28
5 38
5 9
5 42
5 7
5 49
5 15
5 20
5 35
5 26
5 11
5 0
5 19
5 4
5 22
5 43
5 2
5 23
17
6 43
6 17
6 12
6 41
6 9
6 44
6 24
6 26
6 46
6 30
6 23
6 20
6 47
6 21
6 27
6 33
6 5
22
7 2
7 6
7 8
7 38
7 47
7 22
7 30
7 1
7 40
7 0
7 15
7 20
7 19
7 28
7 41
7 29
7 49
7 37
7 18
7 35
7 9
7 44
18
8 6
8 19
8 32
8 28
8 42
8 29
8 4
8 16
8 0
8 12
8 33
8 2
8 44
8 36
8 37
8 25
8 34
8 41
15
9 1
9 32
9 29
9 4
9 17
9 39
9 3
9 22
9 31
9 46
9 8
9 35
9 45
9 33
9 11
19
10 25
10 27
10 18
10 6
10 24
10 41
10 37
10 3
10 17
10 2
10 9
10 21
10 28
10 1
10 7
10 20
10 30
10 46
10 14
21
11 29
11 23
11 1
11 39
11 26
11 35
11 3
11 31
11 34
11 49
11 32
11 6
11 44
11 43
11 10
11 38
11 15
11 48
11 46
11 28
11 20
23
12 34
12 10
12 15
12 30
12 5
12 27
12 48
12 9
12 45
12 11
12 26
12 21
12 20
12 37
12 24
12 1
12 29
12 31
12 32
12 13
12 17
12 33
12 14
25
13 42
13 28
13 14
13 37
13 29
13 0
13 16
13 46
13 20
13 49
13 22
13 33
13 44
13 5
13 39
13 2
13 9
13 10
13 45
13 47
13 43
13 6
13 7
13 8
13 36
25
14 45
14 49
14 5
14 18
14 20
14 26
14 39
14 1
14 28
14 32
14 48
14 23
14 11
14 33
14 16
14 22
14 7
14 31
14 34
14 3
14 8
14 44
14 46
14 47
14 24
19
15 22
15 26
15 2
15 32
15 3
15 20
15 29
15 13
15 27
15 1
15 19
15 30
15 31
15 0
15 9
15 34
15 25
15 21
15 16
18
16 0
16 26
16 7
16 27
16 40
16 21
16 5
16 32
16 12
16 9
16 20
16 23
16 29
16 10
16 28
16 6
16 43
16 24
25
17 31
17 23
17 16
17 47
17 46
17 25
17 40
17 7
17 43
17 11
17 26
17 44
17 18
17 21
17 28
17 42
17 34
17 5
17 45
17 38
17 29
17 22
17 32
17 14
17 37
19
18 35
18 23
18 45
18 49
18 11
18 5
18 1
18 20
18 48
18 34
18 30
18 12
18 37
18 21
18 46
18 40
18 25
18 15
18 41
17
19 47
19 10
19 38
19 16
19 14
19 33
19 22
19 26
19 35
19 1
19 4
19 49
19 18
19 44
19 9
19 48
19 6
15
20 34
20 47
20 33
20 8
20 25
20 2
20 21
20 26
20 48
20 17
20 45
20 24
20 44
20 23
20 19
16
21 49
21 28
21 1
21 39
21 8
21 9
21 14
21 23
21 0
21 35
21 7
21 31
21 37
21 38
21 42
21 2
22
22 21
22 6
22 1
22 12
22 41
22 23
22 18
22 25
22 28
22 8
22 44
22 33
22 27
22 40
22 42
22 20
22 34
22 36
22 26
22 2
22 43
22 3
19
23 48
23 38
23 2
23 35
23 42
23 44
23 34
23 27
23 47
23 15
23 19
23 29
23 9
23 41
23 33
23 43
23 8
23 31
23 10
21
24 48
24 8
24 36
24 34
24 23
24 21
24 5
24 18
24 37
24 22
24 43
24 19
24 17
24 4
24 1
24 13
24 33
24 40
24 47
24 41
24 9
13
25 5
25 2
25 21
25 1
25 40
25 28
25 41
25 7
25 23
25 9
25 24
25 13
25 11
19
26 21
26 7
26 49
26 43
26 9
26 37
26 4
26 23
26 46
26 33
26 27
26 45
26 1
26 39
26 24
26 18
26 13
26 32
26 36
22
27 11
27 0
27 48
27 45
27 36
27 13
27 49
27 25
27 30
27 8
27 21
27 43
27 28
27 3
27 5
27 32
27 37
27 19
27 35
27 42
27 46
27 7
22
28 49
28 12
28 20
28 32
28 26
28 42
28 40
28 1
28 41
28 15
28 38
28 36
28 47
28 9
28 33
28 0
28 3
28 29
28 31
28 46
28 45
28 6
17
29 31
29 6
29 43
29 38
29 48
29 30
29 14
29 44
29 42
29 34
29 37
29 25
29 26
29 10
29 24
29 19
29 20
18
30 25
30 4
30 32
30 48
30 19
30 41
30 16
30 38
30 17
30 39
30 21
30 47
30 37
30 45
30 0
30 49
30 28
30 9
19
31 18
31 25
31 34
31 24
31 43
31 22
31 19
31 33
31 37
31 30
31 42
31 2
31 1
31 10
31 36
31 48
31 16
31 13
31 27
19
32 24
32 0
32 46
32 41
32 45
32 4
32 39
32 23
32 6
32 19
32 48
32 36
32 10
32 25
32 31
32 29
32 34
32 21
32 33
18
33 46
33 17
33 5
33 43
33 27
33 11
33 18
33 1
33 36
33 16
33 15
33 29
33 42
33 30
33 48
33 49
33 44
33 37
20
34 16
34 30
34 13
34 42
34 21
34 26
34 1
34 44
34 28
34 36
34 45
34 46
34 38
34 43
34 25
34 33
34 41
34 6
34 2
34 27
20
35 48
35 16
35 42
35 43
35 24
35 30
35 6
35 33
35 17
35 25
35 40
35 12
35 28
35 26
35 31
35 46
35 14
35 41
35 32
35 15
20
36 3
36 29
36 20
36 18
36 14
36 49
36 10
36 4
36 42
36 12
36 41
36 1
36 17
36 11
36 48
36 23
36 7
36 19
36 2
36 35
23
37 3
37 9
37 22
37 11
37 41
37 6
37 42
37 34
37 16
37 2
37 43
37 32
37 14
37 49
37 28
37 48
37 0
37 36
37 40
37 5
37 44
37 25
37 35
20
38 4
38 48
38 47
38 37
38 42
38 27
38 8
38 22
38 6
38 44
38 9
38 26
38 46
38 25
38 33
38 31
38 20
38 10
38 12
38 16
24
39 23
39 38
39 34
39 10
39 20
39 29
39 16
39 31
39 3
39 35
39 17
39 44
39 22
39 19
39 7
39 12
39 48
39 40
39 28
39 8
39 6
39 15
39 24
39 27
21
40 8
40 5
40 45
40 27
40 21
40 36
40 32
40 29
40 6
40 11
40 20
40 33
40 19
40 49
40 3
40 26
40 2
40 0
40 34
40 14
40 23
16
41 4
41 14
41 17
41 29
41 48
41 9
41 20
41 40
41 27
41 31
41 33
41 39
41 15
41 16
41 5
41 26
11
42 7
42 41
42 32
42 26
42 10
42 2
42 40
42 16
42 18
42 4
42 0
18
43 20
43 30
43 44
43 48
43 0
43 28
43 10
43 8
43 40
43 15
43 14
43 49
43 32
43 36
43 21
43 7
43 47
43 25
19
44 26
44 27
44 21
44 42
44 25
44 41
44 40
44 36
44 12
44 24
44 10
44 2
44 49
44 18
44 5
44 31
44 35
44 32
44 15
23
45 41
45 44
45 33
45 8
45 35
45 31
45 43
45 39
45 37
45 24
45 16
45 19
45 29
45 11
45 23
45 21
45 5
45 1
45 15
45 6
45 36
45 25
45 2
21
46 19
46 44
46 40
46 30
46 39
46 24
46 5
46 42
46 48
46 36
46 1
46 7
46 0
46 43
46 23
46 25
46 16
46 15
46 45
46 21
46 29
23
47 29
47 32
47 2
47 36
47 35
47 26
47 37
47 8
47 40
47 34
47 12
47 42
47 25
47 18
47 44
47 45
47 5
47 33
47 22
47 9
47 27
47 11
47 49
14
48 8
48 15
48 25
48 42
48 40
48 22
48 26
48 4
48 21
48 6
48 44
48 17
48 3
48 47
15
49 6
49 23
49 45
49 41
49 4
49 16
49 42
49 10
49 34
49 12
49 8
49 29
49 32
49 24
49 20
