50
0 "A13"
1 "A29"
2 "A34"
3 "A9"
4 "A45"
5 "A18"
6 "A40"
7 "A4"
8 "A11"
9 "A26"
10 "A15"
11 "A25"
12 "A37"
13 "A47"
14 "A10"
15 "A16"
16 "A21"
17 "A38"
18 "A5"
19 "A14"
20 "A27"
21 "A31"
22 "A24"
23 "A36"
24 "A8"
25 "A7"
26 "A46"
27 "A17"
28 "A12"
29 "A20"
30 "A6"
31 "A48"
32 "A0"
33 "A49"
34 "A42"
35 "A1"
36 "A35"
37 "A33"
38 "A32"
39 "A23"
40 "A44"
41 "A2"
42 "A28"
43 "A3"
44 "A39"
45 "A19"
46 "A43"
47 "A30"
48 "A41"
49 "A22"
26
0 46
0 20
0 11
0 23
0 1
0 35
0 12
0 41
0 10
0 9
0 47
0 17
0 6
0 14
0 29
0 15
0 38
0 48
0 25
0 19
0 18
0 39
0 49
0 30
0 22
0 45
20
1 47
1 13
1 35
1 21
1 3
1 8
1 25
1 2
1 41
1 7
1 20
1 43
1 9
1 24
1 29
1 17
1 46
1 18
1 5
1 4
16
2 8
2 18
2 45
2 12
2 16
2 24
2 41
2 29
2 39
2 19
2 17
2 11
2 5
2 30
2 22
2 33
20
3 11
3 4
3 42
3 24
3 7
3 5
3 25
3 14
3 19
3 8
3 38
3 15
3 47
3 26
3 34
3 48
3 30
3 0
3 43
3 32
18
4 39
4 28
4 26
4 33
4 21
4 10
4 22
4 15
4 12
4 5
4 34
4 7
4 2
4 16
4 45
4 11
4 14
4 19
22
5 35
5 32
5 14
5 43
5 18
5 10
5 40
5 6
5 29
5 30
5 22
5 15
5 33
5 28
5 7
5 23
5 8
5 9
5 0
5 31
5 36
5 20
20
6 4
6 44
6 47
6 7
6 32
6 26
6 9
6 20
6 21
6 24
6 33
6 43
6 45
6 3
6 31
6 16
6 46
6 42
6 29
6 18
18
7 47
7 0
7 23
7 27
7 28
7 44
7 38
7 34
7 9
7 45
7 32
7 42
7 24
7 49
7 11
7 40
7 18
7 36
25
8 31
8 32
8 15
8 7
8 48
8 26
8 22
8 47
8 21
8 40
8 37
8 45
8 49
8 27
8 28
8 4
8 42
8 19
8 36
8 33
8 25
8 6
8 41
8 46
8 0
19
9 34
9 14
9 10
9 26
9 19
9 43
9 4
9 41
9 48
9 8
9 25
9 42
9 20
9 22
9 35
9 31
9 44
9 39
9 12
17
10 43
10 27
10 28
10 25
10 14
10 1
10 20
10 48
10 18
10 8
10 33
10 34
10 17
10 21
10 29
10 26
10 24
18
11 31
11 18
11 23
11 48
11 24
11 20
11 34
11 6
11 43
11 28
11 10
11 12
11 1
11 46
11 30
11 41
11 8
11 29
20
12 38
12 34
12 16
12 33
12 13
12 25
12 21
12 40
12 24
12 31
12 20
12 3
12 5
12 45
12 10
12 26
12 15
12 42
12 6
12 30
23
13 45
13 10
13 48
13 44
13 9
13 47
13 8
13 27
13 4
13 20
13 16
13 28
13 14
13 5
13 29
13 3
13 21
13 39
13 7
13 23
13 18
13 2
13 35
18
14 45
14 31
14 48
14 44
14 28
14 7
14 22
14 35
14 25
14 27
14 11
14 29
14 18
14 17
14 2
14 20
14 8
14 38
18
15 14
15 31
15 30
15 13
15 25
15 1
15 17
15 16
15 6
15 35
15 27
15 23
15 21
15 18
15 7
15 9
15 2
15 42
16
16 24
16 22
16 28
16 17
16 26
16 31
16 0
16 5
16 45
16 43
16 10
16 37
16 42
16 3
16 20
16 8
18
17 40
17 5
17 43
17 30
17 3
17 6
17 36
17 19
17 13
17 32
17 12
17 4
17 18
17 21
17 29
17 11
17 44
17 23
16
18 25
18 28
18 8
18 49
18 21
18 30
18 12
18 48
18 45
18 47
18 43
18 3
18 37
18 39
18 38
18 31
17
19 6
19 42
19 27
19 34
19 30
19 5
19 12
19 43
19 13
19 49
19 18
19 14
19 11
19 38
19 29
19 37
19 33
17
20 23
20 3
20 4
20 24
20 17
20 7
20 21
20 49
20 19
20 8
20 48
20 35
20 46
20 34
20 37
20 31
20 44
18
21 29
21 42
21 49
21 0
21 9
21 7
21 41
21 16
21 46
21 19
21 3
21 2
21 40
21 14
21 43
21 28
21 34
21 27
23
22 41
22 15
22 21
22 31
22 36
22 26
22 40
22 30
22 10
22 34
22 44
22 13
22 19
22 20
22 6
22 28
22 12
22 23
22 39
22 18
22 27
22 11
22 42
12
23 38
23 44
23 6
23 27
23 43
23 12
23 35
23 10
23 18
23 48
23 33
23 4
20
24 38
24 26
24 47
24 13
24 40
24 0
24 41
24 34
24 36
24 23
24 30
24 28
24 21
24 35
24 29
24 22
24 18
24 4
24 8
24 5
18
25 19
25 49
25 22
25 17
25 7
25 41
25 6
25 42
25 20
25 23
25 13
25 5
25 31
25 39
25 43
25 16
25 2
25 24
20
26 5
26 18
26 13
26 0
26 25
26 49
26 43
26 42
26 21
26 2
26 1
26 33
26 38
26 45
26 28
26 47
26 7
26 31
26 14
26 15
23
27 32
27 42
27 46
27 35
27 36
27 40
27 2
27 11
27 38
27 47
27 4
27 6
27 25
27 48
27 0
27 44
27 3
27 29
27 16
27 43
27 28
27 20
27 39
19
28 48
28 39
28 0
28 23
28 36
28 6
28 43
28 20
28 12
28 9
28 15
28 29
28 46
28 25
28 49
28 47
28 41
28 44
28 40
16
29 36
29 45
29 9
29 35
29 7
29 18
29 12
29 26
29 25
29 48
29 22
29 20
29 31
29 42
29 4
29 43
18
30 1
30 4
30 23
30 8
30 10
30 13
30 41
30 38
30 21
30 47
30 32
30 9
30 44
30 48
30 27
30 36
30 49
30 6
14
31 21
31 3
31 36
31 19
31 30
31 41
31 37
31 48
31 23
31 39
31 35
31 10
31 28
31 2
24
32 42
32 24
32 33
32 2
32 16
32 10
32 38
32 36
32 15
32 19
32 20
32 21
32 0
32 39
32 41
32 31
32 9
32 23
32 4
32 49
32 43
32 25
32 18
32 12
23
33 1
33 34
33 47
33 24
33 43
33 16
33 20
33 49
33 44
33 15
33 46
33 13
33 9
33 37
33 41
33 0
33 27
33 18
33 31
33 22
33 7
33 17
33 11
21
34 27
34 16
34 13
34 15
34 25
34 6
34 1
34 14
34 32
34 42
34 8
34 46
34 18
34 28
34 17
34 23
34 29
34 5
34 31
34 36
34 47
22
35 38
35 22
35 21
35 46
35 6
35 12
35 45
35 3
35 17
35 34
35 33
35 10
35 32
35 43
35 18
35 26
35 25
35 28
35 30
35 41
35 19
35 40
23
36 49
36 4
36 3
36 13
36 12
36 18
36 48
36 0
36 23
36 1
36 38
36 11
36 41
36 16
36 20
36 10
36 35
36 40
36 42
36 21
36 19
36 43
36 2
25
37 35
37 7
37 24
37 21
37 23
37 27
37 44
37 49
37 40
37 17
37 34
37 11
37 1
37 15
37 25
37 36
37 13
37 12
37 2
37 22
37 3
37 32
37 6
37 29
37 30
19
38 21
38 25
38 33
38 6
38 29
38 42
38 15
38 13
38 11
38 34
38 5
38 4
38 8
38 48
38 37
38 31
38 1
38 10
38 46
21
39 17
39 36
39 23
39 1
39 33
39 35
39 10
39 24
39 34
39 16
39 40
39 3
39 46
39 42
39 49
39 26
39 45
39 7
39 11
39 38
39 12
22
40 23
40 44
40 34
40 48
40 9
40 29
40 31
40 26
40 33
40 14
40 41
40 11
40 43
40 4
40 16
40 6
40 2
40 20
40 13
40 32
40 0
40 3
19
41 12
41 26
41 5
41 18
41 38
41 16
41 34
41 14
41 15
41 42
41 23
41 17
41 47
41 3
41 20
41 10
41 27
41 49
41 44
13
42 13
42 23
42 4
42 11
42 33
42 40
42 48
42 18
42 0
42 28
42 49
42 31
42 24
14
43 34
43 14
43 44
43 7
43 30
43 24
43 8
43 38
43 31
43 0
43 37
43 12
43 42
43 47
23
44 15
44 29
44 36
44 38
44 2
44 10
44 26
44 1
44 24
44 5
44 49
44 31
44 16
44 25
44 19
44 32
44 0
44 8
44 3
44 18
44 42
44 12
44 34
23
45 41
45 28
45 5
45 19
45 33
45 15
45 21
45 3
45 31
45 24
45 46
45 36
45 34
45 38
45 30
45 27
45 43
45 37
45 1
45 48
45 17
45 44
45 23
26
46 25
46 5
46 26
46 44
46 42
46 14
46 30
46 22
46 2
46 19
46 10
46 32
46 47
46 31
46 49
46 29
46 24
46 48
46 40
46 7
46 4
46 16
46 36
46 13
46 18
46 17
20
47 29
47 36
47 5
47 15
47 21
47 2
47 42
47 20
47 23
47 38
47 11
47 22
47 16
47 44
47 39
47 9
47 37
47 35
47 19
47 14
23
48 43
48 6
48 37
48 33
48 1
48 47
48 5
48 12
48 16
48 19
48 25
48 32
48 39
48 22
48 24
48 15
48 26
48 21
48 7
48 35
48 44
48 49
48 34
16
49 40
49 22
49 14
49 24
49 6
49 4
49 45
49 27
49 17
49 23
49 5
49 3
49 43
49 9
49 12
49 47
