50
0 "A13"
1 "A29"
2 "A34"
3 "A9"
4 "A45"
5 "A18"
6 "A40"
7 "A4"
8 "A11"
9 "A26"
10 "A15"
11 "A25"
12 "A37"
13 "A47"
14 "A10"
15 "A16"
16 "A21"
17 "A38"
18 "A5"
19 "A14"
20 "A27"
21 "A31"
22 "A24"
23 "A36"
24 "A8"
25 "A7"
26 "A46"
27 "A17"
28 "A12"
29 "A20"
30 "A6"
31 "A48"
32 "A0"
33 "A49"
34 "A42"
35 "A1"
36 "A35"
37 "A33"
38 "A32"
39 "A23"
40 "A44"
41 "A2"
42 "A28"
43 "A3"
44 "A39"
45 "A19"
46 "A43"
47 "A30"
48 "A41"
49 "A22"
19
0 28
0 42
0 31
0 5
0 36
0 9
0 47
0 46
0 25
0 43
0 15
0 29
0 22
0 6
0 17
0 35
0 49
0 44
0 38
21
1 32
1 24
1 17
1 21
1 3
1 34
1 16
1 0
1 27
1 45
1 47
1 20
1 6
1 15
1 8
1 9
1 25
1 2
1 42
1 12
1 41
14
2 26
2 11
2 35
2 17
2 43
2 30
2 41
2 22
2 3
2 48
2 8
2 13
2 27
2 33
18
3 0
3 36
3 32
3 34
3 7
3 48
3 39
3 24
3 5
3 29
3 17
3 38
3 18
3 11
3 40
3 22
3 19
3 14
14
4 23
4 13
4 38
4 16
4 29
4 6
4 48
4 37
4 12
4 43
4 39
4 0
4 11
4 1
18
5 22
5 30
5 7
5 23
5 8
5 12
5 40
5 31
5 46
5 42
5 13
5 14
5 44
5 1
5 24
5 49
5 34
5 25
18
6 18
6 20
6 49
6 19
6 5
6 32
6 36
6 2
6 28
6 16
6 47
6 40
6 39
6 3
6 9
6 38
6 7
6 25
19
7 10
7 49
7 28
7 46
7 32
7 24
7 15
7 8
7 23
7 27
7 21
7 42
7 31
7 1
7 44
7 0
7 22
7 38
7 20
15
8 22
8 45
8 38
8 4
8 41
8 0
8 35
8 6
8 48
8 11
8 34
8 36
8 26
8 25
8 37
21
9 14
9 2
9 3
9 40
9 47
9 37
9 39
9 25
9 11
9 10
9 4
9 5
9 32
9 16
9 33
9 36
9 12
9 22
9 27
9 42
9 28
22
10 23
10 20
10 25
10 29
10 37
10 27
10 22
10 1
10 5
10 24
10 0
10 49
10 35
10 36
10 4
10 21
10 26
10 8
10 48
10 12
10 13
10 45
16
11 15
11 39
11 45
11 7
11 25
11 48
11 1
11 29
11 28
11 36
11 18
11 23
11 20
11 5
11 27
11 37
22
12 15
12 33
12 26
12 0
12 18
12 49
12 31
12 6
12 8
12 19
12 42
12 2
12 29
12 7
12 36
12 34
12 28
12 21
12 3
12 45
12 23
12 46
22
13 7
13 20
13 1
13 34
13 39
13 3
13 16
13 48
13 33
13 28
13 6
13 27
13 8
13 18
13 12
13 49
13 19
13 22
13 43
13 9
13 11
13 17
21
14 0
14 32
14 43
14 25
14 22
14 23
14 24
14 38
14 19
14 21
14 1
14 34
14 2
14 6
14 7
14 10
14 40
14 12
14 18
14 13
14 37
23
15 46
15 19
15 24
15 25
15 42
15 5
15 8
15 29
15 16
15 14
15 49
15 44
15 38
15 13
15 32
15 4
15 10
15 28
15 40
15 27
15 3
15 26
15 36
17
16 10
16 26
16 47
16 21
16 22
16 42
16 23
16 5
16 36
16 41
16 20
16 39
16 30
16 3
16 44
16 46
16 11
18
17 27
17 15
17 6
17 8
17 44
17 38
17 24
17 36
17 46
17 48
17 43
17 9
17 33
17 14
17 28
17 10
17 16
17 29
17
18 43
18 10
18 23
18 5
18 49
18 20
18 9
18 40
18 48
18 2
18 17
18 29
18 4
18 8
18 31
18 1
18 39
25
19 32
19 11
19 30
19 7
19 33
19 39
19 16
19 21
19 10
19 43
19 0
19 8
19 2
19 49
19 41
19 18
19 44
19 22
19 9
19 46
19 23
19 36
19 42
19 17
19 20
16
20 33
20 17
20 3
20 47
20 9
20 4
20 2
20 39
20 29
20 49
20 44
20 0
20 14
20 48
20 15
20 21
20
21 49
21 39
21 11
21 2
21 6
21 36
21 42
21 17
21 0
21 18
21 33
21 5
21 4
21 48
21 29
21 40
21 24
21 45
21 32
21 9
22
22 20
22 43
22 33
22 44
22 11
22 49
22 1
22 27
22 25
22 4
22 35
22 41
22 21
22 24
22 23
22 30
22 12
22 45
22 31
22 34
22 18
22 46
15
23 30
23 3
23 9
23 47
23 28
23 17
23 44
23 32
23 38
23 15
23 31
23 0
23 39
23 13
23 29
17
24 16
24 30
24 45
24 4
24 13
24 19
24 0
24 33
24 48
24 47
24 40
24 34
24 38
24 29
24 18
24 26
24 8
23
25 26
25 23
25 12
25 34
25 27
25 39
25 38
25 13
25 32
25 45
25 35
25 7
25 17
25 42
25 4
25 30
25 28
25 46
25 43
25 20
25 16
25 49
25 24
21
26 23
26 49
26 5
26 13
26 19
26 33
26 29
26 18
26 37
26 45
26 34
26 47
26 38
26 6
26 3
26 17
26 39
26 41
26 1
26 36
26 42
19
27 5
27 36
27 29
27 21
27 47
27 24
27 26
27 8
27 19
27 40
27 31
27 20
27 6
27 0
27 28
27 16
27 18
27 45
27 37
25
28 5
28 40
28 22
28 8
28 41
28 36
28 44
28 21
28 16
28 26
28 3
28 10
28 2
28 29
28 33
28 49
28 45
28 47
28 35
28 14
28 24
28 4
28 38
28 42
28 1
14
29 1
29 36
29 9
29 8
29 43
29 40
29 25
29 16
29 32
29 19
29 6
29 7
29 38
29 35
19
30 28
30 35
30 7
30 34
30 18
30 27
30 47
30 20
30 3
30 41
30 1
30 48
30 4
30 17
30 26
30 14
30 8
30 10
30 21
22
31 26
31 6
31 20
31 28
31 17
31 38
31 21
31 30
31 24
31 1
31 49
31 9
31 10
31 34
31 15
31 43
31 4
31 8
31 14
31 16
31 19
31 11
22
32 41
32 11
32 40
32 44
32 13
32 30
32 10
32 2
32 31
32 37
32 8
32 18
32 12
32 27
32 42
32 46
32 43
32 5
32 35
32 16
32 28
32 49
20
33 36
33 15
33 48
33 18
33 38
33 11
33 47
33 32
33 34
33 6
33 3
33 44
33 0
33 39
33 29
33 7
33 14
33 31
33 10
33 5
19
34 17
34 29
34 23
34 27
34 16
34 11
34 10
34 4
34 35
34 48
34 20
34 19
34 0
34 2
34 18
34 49
34 21
34 42
34 44
22
35 31
35 18
35 4
35 23
35 13
35 20
35 5
35 48
35 12
35 26
35 44
35 42
35 11
35 24
35 15
35 17
35 37
35 27
35 16
35 41
35 36
35 7
19
36 22
36 40
36 37
36 41
36 45
36 46
36 23
36 34
36 42
36 44
36 31
36 48
36 14
36 25
36 18
36 4
36 39
36 1
36 24
16
37 40
37 16
37 30
37 3
37 21
37 29
37 49
37 28
37 19
37 48
37 34
37 17
37 46
37 13
37 15
37 5
21
38 11
38 36
38 10
38 16
38 9
38 48
38 22
38 30
38 12
38 2
38 21
38 41
38 13
38 27
38 18
38 45
38 5
38 37
38 34
38 20
38 39
19
39 47
39 1
39 28
39 14
39 2
39 0
39 27
39 46
39 22
39 40
39 34
39 29
39 48
39 15
39 35
39 7
39 12
39 8
39 45
20
40 23
40 30
40 49
40 0
40 13
40 12
40 31
40 26
40 38
40 22
40 16
40 10
40 34
40 17
40 33
40 7
40 45
40 47
40 48
40 44
25
41 3
41 43
41 34
41 25
41 47
41 45
41 24
41 11
41 17
41 40
41 14
41 48
41 20
41 9
41 31
41 33
41 39
41 4
41 29
41 7
41 23
41 15
41 13
41 12
41 21
20
42 49
42 4
42 14
42 38
42 3
42 13
42 41
42 6
42 24
42 17
42 11
42 10
42 18
42 8
42 2
42 33
42 43
42 29
42 22
42 23
22
43 30
43 39
43 34
43 24
43 49
43 26
43 12
43 36
43 46
43 38
43 8
43 20
43 1
43 16
43 27
43 15
43 37
43 7
43 3
43 10
43 35
43 23
16
44 25
44 31
44 29
44 3
44 41
44 12
44 10
44 39
44 38
44 9
44 4
44 6
44 47
44 24
44 30
44 45
20
45 33
45 31
45 18
45 7
45 15
45 4
45 13
45 35
45 0
45 46
45 43
45 32
45 3
45 16
45 14
45 23
45 5
45 9
45 17
45 19
24
46 9
46 49
46 38
46 13
46 21
46 6
46 27
46 30
46 10
46 14
46 42
46 4
46 24
46 23
46 1
46 11
46 44
46 33
46 3
46 29
46 31
46 34
46 18
46 8
25
47 18
47 3
47 10
47 22
47 13
47 29
47 37
47 17
47 5
47 14
47 2
47 42
47 36
47 21
47 15
47 35
47 34
47 25
47 32
47 7
47 11
47 38
47 46
47 45
47 43
18
48 42
48 5
48 47
48 26
48 43
48 6
48 0
48 27
48 45
48 9
48 25
48 46
48 22
48 28
48 49
48 7
48 32
48 1
19
49 8
49 35
49 16
49 17
49 14
49 27
49 41
49 2
49 3
49 29
49 9
49 23
49 38
49 47
49 39
49 24
49 33
49 45
49 11
