50
0 "A13"
1 "A29"
2 "A34"
3 "A9"
4 "A45"
5 "A18"
6 "A40"
7 "A4"
8 "A11"
9 "A26"
10 "A15"
11 "A25"
12 "A37"
13 "A47"
14 "A10"
15 "A16"
16 "A21"
17 "A38"
18 "A5"
19 "A14"
20 "A27"
21 "A31"
22 "A24"
23 "A36"
24 "A8"
25 "A7"
26 "A46"
27 "A17"
28 "A12"
29 "A20"
30 "A6"
31 "A48"
32 "A0"
33 "A49"
34 "A42"
35 "A1"
36 "A35"
37 "A33"
38 "A32"
39 "A23"
40 "A44"
41 "A2"
42 "A28"
43 "A3"
44 "A39"
45 "A19"
46 "A43"
47 "A30"
48 "A41"
49 "A22"
18
0 6
0 42
0 36
0 18
0 38
0 35
0 44
0 17
0 3
0 15
0 8
0 13
0 28
0 49
0 10
0 24
0 22
0 34
25
1 43
1 48
1 28
1 18
1 35
1 6
1 24
1 33
1 5
1 2
1 29
1 19
1 0
1 21
1 31
1 40
1 49
1 23
1 46
1 39
1 27
1 37
1 17
1 45
1 7
19
2 41
2 35
2 29
2 44
2 45
2 40
2 7
2 20
2 24
2 0
2 11
2 23
2 17
2 42
2 46
2 18
2 15
2 28
2 9
13
3 19
3 48
3 38
3 8
3 1
3 7
3 37
3 9
3 13
3 42
3 2
3 5
3 6
18
4 38
4 2
4 19
4 0
4 20
4 7
4 29
4 44
4 34
4 35
4 18
4 21
4 5
4 23
4 41
4 16
4 8
4 42
19
5 47
5 48
5 36
5 42
5 17
5 12
5 46
5 2
5 7
5 21
5 40
5 43
5 8
5 38
5 20
5 15
5 32
5 25
5 33
16
6 23
6 43
6 18
6 10
6 4
6 15
6 11
6 8
6 27
6 34
6 21
6 46
6 39
6 5
6 38
6 36
25
7 46
7 44
7 11
7 6
7 22
7 40
7 34
7 18
7 31
7 28
7 32
7 33
7 25
7 48
7 42
7 35
7 21
7 26
7 39
7 37
7 16
7 49
7 45
7 43
7 10
14
8 43
8 49
8 10
8 40
8 46
8 32
8 9
8 15
8 14
8 7
8 34
8 44
8 19
8 47
20
9 47
9 42
9 48
9 45
9 23
9 7
9 43
9 40
9 21
9 0
9 17
9 1
9 46
9 32
9 5
9 34
9 39
9 4
9 18
9 38
19
10 48
10 3
10 2
10 29
10 45
10 49
10 9
10 33
10 24
10 36
10 31
10 11
10 5
10 47
10 46
10 20
10 44
10 32
10 15
14
11 32
11 29
11 5
11 36
11 14
11 33
11 8
11 42
11 30
11 41
11 17
11 46
11 45
11 24
24
12 24
12 48
12 35
12 4
12 39
12 9
12 49
12 15
12 46
12 41
12 6
12 7
12 11
12 27
12 3
12 21
12 17
12 47
12 38
12 28
12 19
12 0
12 14
12 32
22
13 32
13 2
13 22
13 6
13 4
13 23
13 10
13 8
13 7
13 29
13 11
13 14
13 38
13 48
13 44
13 31
13 5
13 1
13 9
13 21
13 34
13 16
20
14 45
14 33
14 32
14 1
14 7
14 2
14 5
14 26
14 4
14 3
14 20
14 41
14 40
14 10
14 6
14 29
14 31
14 27
14 35
14 24
17
15 33
15 29
15 18
15 21
15 32
15 22
15 37
15 39
15 4
15 26
15 3
15 36
15 34
15 30
15 17
15 11
15 13
25
16 23
16 21
16 42
16 10
16 47
16 12
16 35
16 6
16 19
16 9
16 48
16 11
16 43
16 5
16 14
16 0
16 1
16 30
16 17
16 2
16 24
16 8
16 15
16 32
16 40
17
17 42
17 29
17 30
17 40
17 20
17 47
17 34
17 4
17 10
17 39
17 33
17 7
17 13
17 14
17 26
17 6
17 37
24
18 14
18 17
18 35
18 12
18 31
18 8
18 27
18 33
18 20
18 10
18 44
18 11
18 41
18 34
18 42
18 32
18 46
18 23
18 5
18 26
18 19
18 36
18 16
18 3
21
19 25
19 2
19 15
19 47
19 23
19 38
19 30
19 27
19 11
19 13
19 24
19 20
19 5
19 33
19 17
19 40
19 0
19 37
19 49
19 21
19 10
22
20 1
20 0
20 48
20 15
20 41
20 37
20 46
20 42
20 44
20 16
20 11
20 3
20 8
20 25
20 29
20 6
20 12
20 13
20 9
20 39
20 36
20 31
16
21 3
21 2
21 41
21 26
21 31
21 46
21 34
21 0
21 10
21 11
21 44
21 37
21 25
21 22
21 18
21 39
21
22 3
22 17
22 27
22 48
22 49
22 40
22 2
22 12
22 25
22 9
22 23
22 6
22 36
22 33
22 19
22 4
22 29
22 14
22 20
22 16
22 45
16
23 15
23 44
23 17
23 40
23 20
23 24
23 47
23 34
23 0
23 10
23 37
23 21
23 11
23 36
23 12
23 46
20
24 34
24 44
24 22
24 38
24 6
24 3
24 9
24 49
24 30
24 7
24 5
24 15
24 43
24 25
24 26
24 48
24 8
24 36
24 17
24 27
24
25 18
25 15
25 4
25 33
25 49
25 42
25 32
25 10
25 6
25 1
25 16
25 12
25 47
25 30
25 46
25 23
25 37
25 0
25 9
25 26
25 36
25 17
25 3
25 44
21
26 16
26 30
26 5
26 35
26 13
26 39
26 43
26 46
26 8
26 32
26 6
26 1
26 0
26 38
26 12
26 19
26 20
26 11
26 22
26 2
26 37
20
27 4
27 20
27 21
27 36
27 30
27 38
27 16
27 25
27 47
27 48
27 37
27 11
27 8
27 23
27 26
27 5
27 44
27 3
27 49
27 17
28
28 13
28 25
28 14
28 41
28 40
28 27
28 4
28 46
28 18
28 21
28 35
28 11
28 30
28 36
28 19
28 22
28 20
28 26
28 6
28 10
28 33
28 15
28 44
28 17
28 37
28 49
28 5
28 8
17
29 34
29 24
29 38
29 36
29 41
29 7
29 25
29 27
29 5
29 16
29 0
29 8
29 3
29 18
29 32
29 33
29 9
15
30 41
30 0
30 2
30 13
30 47
30 1
30 39
30 40
30 42
30 6
30 14
30 5
30 23
30 20
30 22
21
31 30
31 48
31 24
31 34
31 46
31 37
31 15
31 2
31 40
31 6
31 32
31 27
31 29
31 16
31 4
31 11
31 9
31 12
31 22
31 25
31 28
21
32 0
32 20
32 49
32 4
32 36
32 46
32 42
32 28
32 22
32 35
32 6
32 45
32 27
32 24
32 21
32 30
32 23
32 33
32 3
32 41
32 2
20
33 40
33 24
33 43
33 23
33 3
33 13
33 31
33 38
33 8
33 2
33 26
33 0
33 47
33 30
33 45
33 20
33 9
33 46
33 36
33 44
15
34 11
34 38
34 3
34 1
34 33
34 22
34 5
34 14
34 47
34 2
34 19
34 49
34 41
34 26
34 30
21
35 42
35 9
35 6
35 17
35 27
35 33
35 22
35 25
35 13
35 8
35 10
35 31
35 20
35 43
35 49
35 24
35 46
35 23
35 19
35 37
35 3
23
36 41
36 3
36 46
36 17
36 42
36 35
36 47
36 12
36 4
36 30
36 39
36 9
36 21
36 44
36 37
36 7
36 16
36 19
36 34
36 14
36 31
36 1
36 45
16
37 41
37 48
37 13
37 49
37 46
37 2
37 4
37 9
37 12
37 29
37 6
37 10
37 14
37 39
37 34
37 5
20
38 10
38 7
38 16
38 11
38 42
38 48
38 18
38 44
38 22
38 40
38 32
38 15
38 17
38 37
38 23
38 36
38 30
38 8
38 14
38 1
24
39 27
39 0
39 2
39 16
39 24
39 13
39 18
39 14
39 31
39 19
39 4
39 44
39 8
39 43
39 45
39 5
39 25
39 29
39 23
39 34
39 32
39 46
39 22
39 38
20
40 41
40 46
40 25
40 20
40 11
40 21
40 45
40 6
40 34
40 15
40 36
40 43
40 39
40 3
40 12
40 44
40 13
40 26
40 24
40 10
19
41 9
41 26
41 48
41 3
41 22
41 43
41 6
41 44
41 24
41 33
41 27
41 13
41 17
41 25
41 7
41 46
41 39
41 16
41 0
16
42 12
42 27
42 24
42 31
42 21
42 23
42 49
42 10
42 14
42 39
42 19
42 33
42 29
42 43
42 48
42 34
26
43 25
43 19
43 4
43 15
43 44
43 10
43 22
43 21
43 30
43 34
43 12
43 13
43 37
43 3
43 28
43 2
43 31
43 48
43 0
43 27
43 38
43 32
43 18
43 17
43 45
43 23
15
44 48
44 49
44 30
44 32
44 31
44 19
44 35
44 37
44 22
44 12
44 42
44 34
44 14
44 3
44 11
22
45 28
45 47
45 18
45 24
45 42
45 29
45 37
45 16
45 5
45 41
45 26
45 44
45 38
45 30
45 3
45 4
45 49
45 8
45 13
45 0
45 23
45 27
17
46 27
46 24
46 34
46 30
46 48
46 22
46 38
46 4
46 13
46 49
46 45
46 15
46 17
46 42
46 47
46 16
46 29
18
47 43
47 40
47 18
47 31
47 11
47 20
47 4
47 13
47 26
47 49
47 35
47 21
47 1
47 6
47 15
47 39
47 44
47 28
17
48 6
48 19
48 34
48 21
48 28
48 33
48 30
48 40
48 23
48 39
48 32
48 45
48 25
48 29
48 14
48 35
48 47
19
49 9
49 33
49 16
49 17
49 20
49 26
49 38
49 40
49 2
49 30
49 36
49 23
49 11
49 18
49 43
49 41
49 48
49 5
49 15
