50
0 "A13"
1 "A29"
2 "A34"
3 "A9"
4 "A45"
5 "A18"
6 "A40"
7 "A4"
8 "A11"
9 "A26"
10 "A15"
11 "A25"
12 "A37"
13 "A47"
14 "A10"
15 "A16"
16 "A21"
17 "A38"
18 "A5"
19 "A14"
20 "A27"
21 "A31"
22 "A24"
23 "A36"
24 "A8"
25 "A7"
26 "A46"
27 "A17"
28 "A12"
29 "A20"
30 "A6"
31 "A48"
32 "A0"
33 "A49"
34 "A42"
35 "A1"
36 "A35"
37 "A33"
38 "A32"
39 "A23"
40 "A44"
41 "A2"
42 "A28"
43 "A3"
44 "A39"
45 "A19"
46 "A43"
47 "A30"
48 "A41"
49 "A22"
16
0 37
0 28
0 46
0 35
0 34
0 11
0 7
0 48
0 26
0 20
0 21
0 1
0 25
0 47
0 43
0 30
18
1 41
1 48
1 26
1 5
1 18
1 33
1 10
1 6
1 29
1 24
1 40
1 34
1 16
1 7
1 9
1 19
1 23
1 8
17
2 7
2 24
2 12
2 9
2 33
2 5
2 15
2 27
2 43
2 20
2 28
2 38
2 46
2 18
2 19
2 26
2 17
21
3 48
3 45
3 16
3 0
3 18
3 43
3 17
3 31
3 36
3 32
3 19
3 39
3 8
3 33
3 47
3 49
3 2
3 11
3 1
3 28
3 7
19
4 45
4 27
4 35
4 2
4 31
4 1
4 3
4 48
4 34
4 36
4 19
4 6
4 21
4 10
4 37
4 23
4 15
4 0
4 11
20
5 14
5 42
5 45
5 23
5 49
5 9
5 26
5 12
5 0
5 40
5 15
5 7
5 44
5 22
5 33
5 35
5 46
5 32
5 3
5 4
19
6 18
6 11
6 24
6 2
6 13
6 25
6 38
6 39
6 21
6 43
6 12
6 37
6 10
6 42
6 3
6 28
6 27
6 47
6 17
16
7 9
7 44
7 41
7 21
7 34
7 17
7 14
7 47
7 16
7 19
7 42
7 4
7 25
7 20
7 49
7 6
19
8 12
8 33
8 35
8 6
8 19
8 0
8 32
8 9
8 38
8 7
8 11
8 41
8 4
8 43
8 24
8 31
8 13
8 2
8 20
23
9 45
9 24
9 17
9 21
9 3
9 23
9 39
9 0
9 27
9 14
9 20
9 6
9 22
9 33
9 37
9 41
9 30
9 19
9 31
9 48
9 49
9 43
9 28
25
10 47
10 35
10 27
10 43
10 44
10 30
10 36
10 49
10 2
10 21
10 32
10 0
10 40
10 17
10 13
10 3
10 37
10 31
10 41
10 25
10 7
10 24
10 8
10 9
10 16
18
11 39
11 9
11 28
11 43
11 44
11 45
11 49
11 48
11 2
11 38
11 7
11 26
11 41
11 17
11 16
11 5
11 21
11 10
24
12 19
12 36
12 27
12 47
12 11
12 29
12 16
12 1
12 25
12 34
12 41
12 7
12 38
12 14
12 20
12 44
12 18
12 13
12 39
12 48
12 42
12 10
12 4
12 32
18
13 36
13 35
13 15
13 17
13 4
13 20
13 3
13 1
13 31
13 19
13 23
13 0
13 11
13 24
13 25
13 2
13 34
13 29
25
14 39
14 48
14 27
14 38
14 11
14 1
14 17
14 35
14 29
14 28
14 41
14 3
14 40
14 15
14 21
14 26
14 0
14 33
14 6
14 44
14 23
14 4
14 8
14 36
14 2
28
15 42
15 43
15 18
15 40
15 21
15 36
15 17
15 3
15 23
15 1
15 41
15 22
15 7
15 30
15 19
15 37
15 45
15 35
15 27
15 47
15 11
15 29
15 46
15 34
15 0
15 32
15 8
15 33
21
16 8
16 19
16 28
16 39
16 6
16 46
16 20
16 49
16 15
16 38
16 45
16 0
16 18
16 34
16 32
16 17
16 14
16 5
16 2
16 26
16 25
14
17 25
17 1
17 20
17 39
17 31
17 34
17 23
17 22
17 29
17 21
17 0
17 26
17 18
17 35
21
18 24
18 49
18 43
18 29
18 0
18 41
18 5
18 33
18 40
18 10
18 39
18 14
18 34
18 22
18 28
18 20
18 36
18 21
18 13
18 7
18 25
21
19 6
19 14
19 35
19 18
19 23
19 5
19 21
19 0
19 17
19 10
19 37
19 11
19 39
19 46
19 42
19 32
19 45
19 30
19 27
19 43
19 44
23
20 37
20 23
20 19
20 36
20 3
20 26
20 6
20 49
20 1
20 46
20 15
20 39
20 43
20 10
20 30
20 44
20 28
20 29
20 27
20 47
20 11
20 35
20 14
13
21 43
21 26
21 39
21 41
21 42
21 1
21 12
21 31
21 13
21 28
21 2
21 16
21 20
24
22 6
22 44
22 12
22 20
22 23
22 30
22 34
22 28
22 8
22 35
22 14
22 16
22 36
22 7
22 48
22 41
22 25
22 13
22 32
22 0
22 47
22 27
22 39
22 4
26
23 3
23 10
23 29
23 25
23 34
23 42
23 28
23 7
23 30
23 21
23 18
23 40
23 8
23 24
23 45
23 49
23 46
23 11
23 37
23 32
23 31
23 6
23 12
23 0
23 43
23 26
19
24 16
24 40
24 28
24 25
24 36
24 11
24 39
24 34
24 0
24 14
24 37
24 30
24 5
24 43
24 4
24 27
24 20
24 19
24 32
18
25 33
25 29
25 39
25 32
25 9
25 27
25 35
25 15
25 5
25 38
25 20
25 3
25 44
25 8
25 30
25 49
25 19
25 11
19
26 4
26 18
26 36
26 13
26 33
26 32
26 8
26 12
26 10
26 15
26 41
26 48
26 37
26 40
26 29
26 45
26 34
26 24
26 22
16
27 17
27 44
27 18
27 21
27 30
27 16
27 13
27 42
27 43
27 32
27 23
27 5
27 48
27 47
27 11
27 41
24
28 15
28 43
28 12
28 48
28 26
28 27
28 42
28 39
28 1
28 19
28 5
28 4
28 44
28 13
28 32
28 41
28 8
28 33
28 10
28 37
28 25
28 31
28 30
28 17
20
29 39
29 40
29 36
29 16
29 33
29 7
29 5
29 44
29 43
29 3
29 22
29 4
29 41
29 6
29 49
29 19
29 27
29 32
29 8
29 21
20
30 3
30 2
30 46
30 14
30 37
30 17
30 44
30 29
30 38
30 16
30 33
30 49
30 26
30 43
30 12
30 1
30 41
30 21
30 13
30 7
21
31 43
31 1
31 11
31 5
31 25
31 33
31 34
31 12
31 38
31 41
31 19
31 24
31 30
31 6
31 7
31 15
31 46
31 37
31 16
31 20
31 0
16
32 4
32 0
32 42
32 35
32 13
32 49
32 37
32 40
32 17
32 46
32 20
32 14
32 31
32 48
32 30
32 1
19
33 23
33 21
33 36
33 11
33 19
33 34
33 27
33 47
33 6
33 20
33 45
33 12
33 49
33 42
33 0
33 39
33 7
33 48
33 4
18
34 27
34 28
34 25
34 36
34 19
34 3
34 9
34 21
34 20
34 49
34 11
34 5
34 44
34 8
34 40
34 29
34 14
34 37
21
35 21
35 37
35 28
35 12
35 48
35 6
35 2
35 11
35 18
35 30
35 45
35 42
35 7
35 9
35 29
35 23
35 24
35 36
35 33
35 38
35 16
19
36 45
36 16
36 46
36 28
36 42
36 0
36 23
36 43
36 32
36 8
36 40
36 21
36 30
36 9
36 7
36 39
36 19
36 11
36 27
19
37 13
37 2
37 21
37 33
37 14
37 17
37 25
37 8
37 36
37 7
37 18
37 39
37 5
37 16
37 42
37 22
37 3
37 49
37 38
22
38 39
38 19
38 7
38 49
38 43
38 24
38 22
38 34
38 26
38 0
38 18
38 45
38 20
38 48
38 4
38 5
38 10
38 28
38 40
38 27
38 29
38 1
19
39 13
39 42
39 32
39 8
39 31
39 26
39 27
39 34
39 43
39 35
39 30
39 10
39 1
39 15
39 47
39 40
39 44
39 7
39 41
17
40 44
40 3
40 28
40 27
40 31
40 4
40 48
40 13
40 0
40 45
40 22
40 25
40 30
40 19
40 46
40 21
40 7
15
41 40
41 5
41 42
41 23
41 3
41 19
41 2
41 24
41 6
41 46
41 38
41 17
41 35
41 33
41 20
20
42 38
42 9
42 29
42 16
42 13
42 0
42 44
42 30
42 22
42 18
42 31
42 4
42 1
42 40
42 20
42 14
42 2
42 11
42 8
42 3
20
43 5
43 48
43 4
43 40
43 49
43 46
43 12
43 34
43 33
43 13
43 17
43 26
43 41
43 47
43 25
43 16
43 22
43 7
43 42
43 37
17
44 2
44 17
44 33
44 13
44 45
44 9
44 36
44 16
44 6
44 32
44 23
44 15
44 48
44 24
44 31
44 4
44 37
22
45 0
45 34
45 28
45 14
45 10
45 42
45 21
45 18
45 43
45 48
45 6
45 32
45 31
45 13
45 25
45 39
45 20
45 41
45 17
45 30
45 1
45 7
18
46 12
46 1
46 21
46 4
46 28
46 10
46 13
46 37
46 38
46 24
46 3
46 44
46 27
46 17
46 26
46 45
46 29
46 9
19
47 24
47 23
47 44
47 11
47 14
47 36
47 19
47 2
47 29
47 13
47 35
47 41
47 30
47 34
47 31
47 38
47 25
47 5
47 40
12
48 30
48 24
48 21
48 42
48 6
48 2
48 37
48 13
48 47
48 20
48 25
48 15
21
49 40
49 28
49 42
49 4
49 41
49 35
49 46
49 14
49 39
49 12
49 22
49 0
49 19
49 44
49 31
49 6
49 47
49 15
49 1
49 48
49 21
