50
0 "A13"
1 "A29"
2 "A34"
3 "A9"
4 "A45"
5 "A18"
6 "A40"
7 "A4"
8 "A11"
9 "A26"
10 "A15"
11 "A25"
12 "A37"
13 "A47"
14 "A10"
15 "A16"
16 "A21"
17 "A38"
18 "A5"
19 "A14"
20 "A27"
21 "A31"
22 "A24"
23 "A36"
24 "A8"
25 "A7"
26 "A46"
27 "A17"
28 "A12"
29 "A20"
30 "A6"
31 "A48"
32 "A0"
33 "A49"
34 "A42"
35 "A1"
36 "A35"
37 "A33"
38 "A32"
39 "A23"
40 "A44"
41 "A2"
42 "A28"
43 "A3"
44 "A39"
45 "A19"
46 "A43"
47 "A30"
48 "A41"
49 "A22"
22
0 14
0 27
0 2
0 21
0 10
0 5
0 34
0 20
0 25
0 48
0 44
0 1
0 17
0 3
0 16
0 37
0 19
0 24
0 36
0 22
0 9
0 8
24
1 16
1 46
1 43
1 42
1 4
1 30
1 47
1 6
1 32
1 2
1 44
1 9
1 27
1 20
1 3
1 19
1 23
1 37
1 34
1 17
1 12
1 15
1 8
1 21
23
2 33
2 20
2 7
2 41
2 40
2 13
2 19
2 44
2 31
2 38
2 36
2 9
2 14
2 15
2 3
2 11
2 34
2 27
2 5
2 29
2 23
2 6
2 37
21
3 26
3 48
3 24
3 8
3 10
3 22
3 35
3 11
3 42
3 49
3 17
3 45
3 20
3 39
3 25
3 30
3 28
3 37
3 33
3 15
3 12
22
4 47
4 14
4 31
4 17
4 2
4 24
4 18
4 9
4 44
4 33
4 22
4 25
4 37
4 28
4 5
4 36
4 10
4 41
4 23
4 48
4 46
4 0
21
5 1
5 35
5 17
5 3
5 26
5 42
5 29
5 33
5 27
5 45
5 38
5 10
5 41
5 18
5 23
5 32
5 7
5 12
5 6
5 19
5 40
16
6 35
6 14
6 16
6 3
6 47
6 26
6 24
6 36
6 31
6 4
6 13
6 48
6 30
6 46
6 18
6 12
19
7 37
7 36
7 25
7 0
7 9
7 46
7 4
7 19
7 44
7 35
7 43
7 31
7 23
7 48
7 6
7 14
7 15
7 41
7 22
18
8 26
8 44
8 41
8 48
8 49
8 31
8 16
8 6
8 47
8 24
8 35
8 17
8 5
8 10
8 19
8 9
8 42
8 32
15
9 16
9 20
9 32
9 18
9 25
9 36
9 5
9 47
9 6
9 22
9 38
9 37
9 44
9 19
9 13
21
10 7
10 40
10 1
10 19
10 44
10 45
10 21
10 39
10 43
10 6
10 24
10 41
10 49
10 2
10 9
10 31
10 18
10 29
10 30
10 22
10 46
16
11 41
11 21
11 23
11 42
11 22
11 9
11 10
11 4
11 28
11 19
11 1
11 24
11 6
11 34
11 37
11 36
24
12 0
12 8
12 31
12 26
12 33
12 2
12 22
12 23
12 20
12 32
12 27
12 17
12 29
12 34
12 25
12 11
12 30
12 39
12 7
12 43
12 35
12 19
12 4
12 36
26
13 28
13 48
13 0
13 46
13 29
13 1
13 22
13 33
13 44
13 8
13 12
13 36
13 16
13 47
13 45
13 3
13 26
13 32
13 42
13 49
13 25
13 35
13 4
13 24
13 5
13 11
20
14 13
14 36
14 49
14 25
14 41
14 22
14 27
14 31
14 1
14 46
14 24
14 28
14 29
14 9
14 3
14 12
14 8
14 15
14 11
14 44
20
15 0
15 10
15 9
15 36
15 29
15 22
15 8
15 31
15 39
15 43
15 6
15 35
15 18
15 34
15 28
15 25
15 32
15 37
15 21
15 23
20
16 39
16 44
16 36
16 7
16 28
16 42
16 47
16 37
16 40
16 41
16 29
16 45
16 14
16 21
16 23
16 10
16 2
16 27
16 3
16 38
23
17 28
17 7
17 22
17 47
17 35
17 39
17 2
17 11
17 32
17 34
17 20
17 40
17 43
17 30
17 10
17 9
17 49
17 36
17 14
17 44
17 16
17 13
17 6
18
18 32
18 7
18 36
18 48
18 13
18 26
18 35
18 38
18 28
18 31
18 16
18 14
18 12
18 21
18 41
18 2
18 1
18 47
16
19 37
19 4
19 23
19 35
19 34
19 24
19 38
19 45
19 3
19 44
19 13
19 33
19 17
19 20
19 49
19 43
18
20 42
20 10
20 37
20 44
20 8
20 14
20 5
20 16
20 21
20 47
20 11
20 4
20 6
20 40
20 7
20 26
20 45
20 18
17
21 41
21 43
21 7
21 5
21 12
21 23
21 38
21 8
21 36
21 14
21 26
21 17
21 6
21 13
21 30
21 2
21 39
18
22 5
22 38
22 44
22 45
22 43
22 18
22 1
22 30
22 21
22 23
22 42
22 2
22 20
22 8
22 19
22 16
22 31
22 36
13
23 6
23 43
23 17
23 9
23 8
23 29
23 31
23 28
23 0
23 47
23 37
23 3
23 40
20
24 44
24 43
24 49
24 23
24 5
24 7
24 15
24 40
24 22
24 45
24 20
24 48
24 33
24 17
24 26
24 1
24 9
24 47
24 16
24 32
22
25 16
25 6
25 45
25 2
25 24
25 26
25 33
25 1
25 18
25 32
25 48
25 5
25 43
25 30
25 39
25 19
25 11
25 38
25 17
25 23
25 22
25 21
22
26 16
26 28
26 42
26 36
26 30
26 19
26 1
26 10
26 9
26 11
26 48
26 23
26 45
26 40
26 37
26 17
26 4
26 15
26 35
26 14
26 41
26 22
22
27 43
27 32
27 20
27 25
27 46
27 39
27 10
27 4
27 18
27 26
27 38
27 34
27 8
27 11
27 42
27 48
27 9
27 3
27 23
27 19
27 30
27 17
13
28 7
28 12
28 36
28 48
28 34
28 38
28 22
28 32
28 20
28 30
28 9
28 10
28 5
19
29 19
29 39
29 28
29 20
29 42
29 27
29 11
29 35
29 41
29 3
29 17
29 33
29 8
29 4
29 25
29 26
29 22
29 0
29 36
16
30 7
30 45
30 20
30 23
30 13
30 11
30 38
30 33
30 34
30 2
30 0
30 4
30 18
30 35
30 37
30 16
18
31 11
31 16
31 28
31 34
31 20
31 1
31 24
31 13
31 37
31 36
31 5
31 33
31 27
31 43
31 0
31 49
31 29
31 32
23
32 21
32 46
32 39
32 0
32 20
32 49
32 42
32 26
32 14
32 10
32 11
32 29
32 38
32 3
32 2
32 44
32 23
32 36
32 30
32 16
32 33
32 41
32 6
21
33 11
33 49
33 6
33 14
33 20
33 26
33 41
33 1
33 17
33 39
33 35
33 38
33 10
33 23
33 28
33 48
33 21
33 15
33 16
33 7
33 8
18
34 36
34 14
34 42
34 44
34 47
34 4
34 3
34 23
34 6
34 37
34 9
34 20
34 13
34 21
34 29
34 25
34 35
34 16
22
35 25
35 37
35 9
35 28
35 43
35 14
35 16
35 41
35 1
35 10
35 21
35 22
35 11
35 2
35 40
35 47
35 31
35 24
35 23
35 20
35 42
35 27
15
36 38
36 45
36 47
36 1
36 25
36 40
36 48
36 27
36 44
36 24
36 5
36 43
36 46
36 8
36 33
14
37 36
37 28
37 48
37 6
37 40
37 14
37 32
37 46
37 42
37 18
37 8
37 27
37 10
37 5
26
38 0
38 44
38 39
38 7
38 37
38 29
38 15
38 48
38 26
38 6
38 31
38 1
38 47
38 42
38 13
38 24
38 10
38 20
38 35
38 8
38 23
38 41
38 12
38 14
38 34
38 46
27
39 49
39 40
39 18
39 35
39 30
39 42
39 48
39 9
39 47
39 11
39 24
39 1
39 2
39 5
39 28
39 20
39 13
39 23
39 6
39 19
39 7
39 36
39 45
39 0
39 26
39 8
39 46
18
40 38
40 7
40 31
40 27
40 34
40 41
40 4
40 29
40 47
40 3
40 33
40 46
40 32
40 6
40 28
40 43
40 15
40 9
18
41 47
41 9
41 28
41 13
41 39
41 24
41 12
41 27
41 46
41 45
41 37
41 15
41 31
41 3
41 36
41 17
41 19
41 20
18
42 2
42 18
42 9
42 28
42 25
42 4
42 45
42 30
42 7
42 17
42 23
42 41
42 49
42 0
42 44
42 10
42 31
42 6
20
43 47
43 3
43 29
43 42
43 9
43 34
43 14
43 18
43 16
43 28
43 26
43 46
43 13
43 30
43 20
43 4
43 33
43 37
43 11
43 5
19
44 5
44 40
44 12
44 46
44 21
44 31
44 23
44 11
44 25
44 37
44 39
44 26
44 3
44 15
44 28
44 33
44 30
44 41
44 43
19
45 34
45 23
45 35
45 8
45 29
45 38
45 32
45 47
45 0
45 14
45 18
45 9
45 6
45 43
45 40
45 37
45 31
45 17
45 46
21
46 19
46 21
46 25
46 12
46 15
46 47
46 33
46 29
46 23
46 0
46 18
46 20
46 31
46 34
46 24
46 16
46 5
46 9
46 2
46 35
46 22
15
47 26
47 44
47 5
47 21
47 0
47 30
47 49
47 48
47 25
47 28
47 3
47 15
47 7
47 22
47 37
21
48 43
48 32
48 29
48 22
48 23
48 40
48 9
48 10
48 35
48 12
48 20
48 45
48 19
48 30
48 5
48 15
48 34
48 44
48 31
48 17
48 41
22
49 11
49 45
49 38
49 16
49 36
49 1
49 48
49 46
49 37
49 25
49 6
49 44
49 40
49 9
49 22
49 29
49 7
49 41
49 34
49 12
49 30
49 5
