50
0 "A13"
1 "A29"
2 "A34"
3 "A9"
4 "A45"
5 "A18"
6 "A40"
7 "A4"
8 "A11"
9 "A26"
10 "A15"
11 "A25"
12 "A37"
13 "A47"
14 "A10"
15 "A16"
16 "A21"
17 "A38"
18 "A5"
19 "A14"
20 "A27"
21 "A31"
22 "A24"
23 "A36"
24 "A8"
25 "A7"
26 "A46"
27 "A17"
28 "A12"
29 "A20"
30 "A6"
31 "A48"
32 "A0"
33 "A49"
34 "A42"
35 "A1"
36 "A35"
37 "A33"
38 "A32"
39 "A23"
40 "A44"
41 "A2"
42 "A28"
43 "A3"
44 "A39"
45 "A19"
46 "A43"
47 "A30"
48 "A41"
49 "A22"
21
0 20
0 7
0 45
0 27
0 42
0 13
0 28
0 3
0 9
0 17
0 18
0 22
0 25
0 10
0 43
0 12
0 24
0 11
0 15
0 41
0 30
16
1 10
1 37
1 49
1 30
1 2
1 21
1 22
1 25
1 42
1 9
1 5
1 20
1 7
1 17
1 27
1 38
28
2 5
2 29
2 46
2 38
2 41
2 43
2 26
2 32
2 18
2 49
2 35
2 13
2 30
2 39
2 23
2 45
2 6
2 27
2 42
2 31
2 19
2 10
2 3
2 7
2 37
2 44
2 28
2 48
23
3 8
3 20
3 28
3 40
3 26
3 22
3 10
3 14
3 5
3 19
3 47
3 21
3 1
3 7
3 42
3 43
3 6
3 25
3 24
3 4
3 32
3 12
3 46
24
4 9
4 37
4 26
4 45
4 2
4 7
4 25
4 14
4 33
4 0
4 5
4 12
4 40
4 19
4 43
4 10
4 17
4 36
4 27
4 49
4 47
4 16
4 11
4 30
14
5 9
5 45
5 34
5 10
5 6
5 24
5 16
5 11
5 19
5 20
5 41
5 7
5 18
5 0
18
6 44
6 42
6 14
6 10
6 37
6 26
6 48
6 9
6 1
6 16
6 21
6 20
6 22
6 12
6 0
6 39
6 25
6 49
12
7 28
7 19
7 15
7 23
7 31
7 46
7 25
7 26
7 37
7 33
7 48
7 8
18
8 29
8 11
8 37
8 36
8 4
8 6
8 22
8 17
8 43
8 9
8 45
8 0
8 1
8 40
8 35
8 30
8 16
8 5
13
9 3
9 18
9 22
9 45
9 20
9 30
9 38
9 47
9 43
9 7
9 49
9 39
9 13
15
10 7
10 40
10 25
10 34
10 49
10 12
10 32
10 44
10 47
10 45
10 23
10 36
10 24
10 42
10 48
17
11 17
11 6
11 22
11 25
11 49
11 10
11 3
11 37
11 9
11 32
11 24
11 29
11 1
11 7
11 41
11 44
11 31
23
12 49
12 24
12 35
12 5
12 38
12 1
12 31
12 36
12 22
12 48
12 8
12 42
12 34
12 46
12 20
12 41
12 29
12 47
12 7
12 9
12 16
12 37
12 18
22
13 24
13 3
13 39
13 6
13 36
13 17
13 41
13 12
13 8
13 29
13 4
13 5
13 20
13 33
13 32
13 1
13 34
13 16
13 42
13 26
13 40
13 7
21
14 22
14 45
14 30
14 46
14 17
14 7
14 38
14 12
14 11
14 19
14 44
14 16
14 18
14 47
14 29
14 1
14 2
14 36
14 20
14 39
14 33
31
15 20
15 34
15 12
15 47
15 11
15 49
15 24
15 19
15 10
15 2
15 3
15 6
15 4
15 40
15 44
15 31
15 13
15 36
15 27
15 14
15 28
15 25
15 33
15 29
15 42
15 9
15 46
15 37
15 41
15 8
15 21
27
16 26
16 15
16 32
16 35
16 20
16 19
16 40
16 46
16 2
16 39
16 3
16 42
16 11
16 7
16 43
16 10
16 9
16 1
16 34
16 47
16 31
16 17
16 0
16 38
16 36
16 44
16 24
17
17 40
17 3
17 12
17 35
17 29
17 5
17 39
17 48
17 27
17 2
17 15
17 33
17 36
17 18
17 24
17 7
17 23
16
18 24
18 45
18 47
18 29
18 49
18 26
18 37
18 32
18 15
18 16
18 6
18 7
18 4
18 13
18 28
18 34
19
19 9
19 13
19 24
19 25
19 0
19 17
19 48
19 35
19 22
19 6
19 12
19 18
19 10
19 11
19 8
19 23
19 40
19 28
19 41
23
20 19
20 8
20 32
20 2
20 35
20 40
20 10
20 22
20 27
20 7
20 11
20 25
20 39
20 44
20 43
20 46
20 4
20 42
20 26
20 33
20 34
20 18
20 38
16
21 41
21 0
21 18
21 47
21 22
21 30
21 34
21 46
21 5
21 16
21 44
21 49
21 20
21 2
21 23
21 8
19
22 23
22 15
22 29
22 30
22 38
22 7
22 28
22 26
22 32
22 25
22 46
22 10
22 33
22 36
22 43
22 16
22 47
22 24
22 5
16
23 33
23 9
23 32
23 16
23 45
23 31
23 1
23 12
23 8
23 41
23 37
23 14
23 18
23 44
23 15
23 5
17
24 37
24 8
24 6
24 2
24 7
24 14
24 25
24 21
24 1
24 44
24 31
24 9
24 29
24 39
24 28
24 35
24 4
17
25 44
25 47
25 40
25 17
25 30
25 9
25 12
25 8
25 46
25 31
25 23
25 13
25 42
25 14
25 26
25 33
25 36
20
26 21
26 45
26 36
26 34
26 5
26 39
26 43
26 27
26 9
26 23
26 17
26 8
26 0
26 49
26 24
26 11
26 1
26 41
26 42
26 14
22
27 35
27 40
27 38
27 21
27 12
27 22
27 25
27 24
27 13
27 37
27 19
27 39
27 3
27 10
27 7
27 9
27 29
27 28
27 44
27 16
27 14
27 32
22
28 38
28 1
28 37
28 43
28 46
28 40
28 35
28 11
28 5
28 44
28 16
28 41
28 33
28 17
28 4
28 42
28 48
28 6
28 10
28 23
28 20
28 8
18
29 7
29 36
29 16
29 42
29 45
29 30
29 35
29 1
29 38
29 4
29 9
29 47
29 23
29 39
29 6
29 3
29 21
29 25
17
30 13
30 5
30 41
30 35
30 20
30 10
30 28
30 18
30 26
30 19
30 48
30 37
30 27
30 3
30 12
30 24
30 7
20
31 10
31 8
31 45
31 4
31 29
31 47
31 27
31 22
31 41
31 46
31 17
31 13
31 28
31 18
31 35
31 49
31 20
31 14
31 40
31 1
19
32 45
32 7
32 17
32 29
32 6
32 35
32 9
32 19
32 40
32 14
32 25
32 26
32 21
32 49
32 31
32 24
32 0
32 34
32 5
22
33 41
33 0
33 30
33 37
33 45
33 9
33 1
33 48
33 10
33 32
33 24
33 18
33 5
33 2
33 12
33 21
33 19
33 16
33 31
33 29
33 3
33 39
20
34 36
34 39
34 1
34 7
34 29
34 30
34 46
34 8
34 27
34 2
34 11
34 28
34 24
34 31
34 3
34 0
34 14
34 45
34 25
34 17
18
35 21
35 34
35 33
35 26
35 6
35 3
35 10
35 48
35 0
35 15
35 4
35 23
35 38
35 5
35 7
35 39
35 14
35 22
23
36 1
36 31
36 48
36 24
36 45
36 0
36 3
36 5
36 47
36 32
36 21
36 2
36 38
36 35
36 6
36 30
36 41
36 18
36 33
36 19
36 28
36 23
36 39
17
37 32
37 13
37 22
37 29
37 36
37 14
37 39
37 34
37 21
37 41
37 20
37 40
37 49
37 35
37 42
37 5
37 19
25
38 33
38 24
38 30
38 42
38 11
38 19
38 10
38 23
38 25
38 34
38 5
38 18
38 32
38 3
38 44
38 7
38 48
38 6
38 41
38 4
38 47
38 8
38 17
38 39
38 21
21
39 43
39 28
39 19
39 23
39 22
39 12
39 31
39 40
39 15
39 32
39 41
39 11
39 47
39 8
39 3
39 1
39 44
39 4
39 21
39 25
39 42
24
40 22
40 0
40 34
40 36
40 11
40 46
40 41
40 6
40 12
40 43
40 18
40 21
40 44
40 29
40 2
40 42
40 14
40 7
40 33
40 35
40 47
40 38
40 23
40 24
18
41 20
41 3
41 25
41 42
41 6
41 24
41 10
41 17
41 49
41 45
41 47
41 7
41 18
41 46
41 48
41 27
41 14
41 29
15
42 8
42 24
42 45
42 32
42 5
42 19
42 49
42 14
42 36
42 33
42 27
42 35
42 9
42 21
42 48
18
43 15
43 34
43 23
43 21
43 6
43 38
43 31
43 35
43 32
43 33
43 27
43 42
43 45
43 11
43 36
43 14
43 29
43 1
20
44 9
44 5
44 47
44 8
44 43
44 46
44 41
44 19
44 34
44 49
44 26
44 33
44 36
44 22
44 32
44 7
44 31
44 30
44 42
44 13
16
45 39
45 49
45 12
45 13
45 28
45 6
45 22
45 20
45 40
45 3
45 37
45 21
45 19
45 47
45 11
45 7
17
46 1
46 47
46 6
46 0
46 9
46 42
46 26
46 19
46 39
46 30
46 37
46 10
46 8
46 35
46 32
46 49
46 18
21
47 2
47 1
47 23
47 32
47 26
47 27
47 37
47 8
47 30
47 11
47 48
47 34
47 17
47 0
47 42
47 5
47 35
47 33
47 7
47 43
47 20
24
48 26
48 8
48 37
48 45
48 11
48 32
48 0
48 20
48 15
48 40
48 5
48 1
48 25
48 22
48 29
48 34
48 24
48 39
48 21
48 49
48 44
48 43
48 9
48 18
20
49 16
49 35
49 13
49 43
49 34
49 30
49 0
49 24
49 20
49 3
49 28
49 25
49 38
49 39
49 33
49 40
49 8
49 7
49 29
49 17
