50
0 "A0"
1 "A17"
2 "A35"
3 "A21"
4 "A9"
5 "A11"
6 "A37"
7 "A46"
8 "A45"
9 "A6"
10 "A29"
11 "A10"
12 "A12"
13 "A40"
14 "A28"
15 "A43"
16 "A15"
17 "A22"
18 "A16"
19 "A3"
20 "A38"
21 "A36"
22 "A19"
23 "A26"
24 "A8"
25 "A4"
26 "A49"
27 "A14"
28 "A25"
29 "A39"
30 "A41"
31 "A42"
32 "A30"
33 "A44"
34 "A47"
35 "A5"
36 "A18"
37 "A20"
38 "A31"
39 "A32"
40 "A27"
41 "A7"
42 "A2"
43 "A23"
44 "A24"
45 "A1"
46 "A33"
47 "A13"
48 "A48"
49 "A34"
18
0 28
0 34
0 17
0 44
0 30
0 36
0 4
0 26
0 27
0 2
0 49
0 18
0 38
0 31
0 20
0 22
0 39
0 1
18
1 13
1 30
1 5
1 40
1 19
1 37
1 21
1 8
1 10
1 14
1 25
1 3
1 11
1 15
1 22
1 34
1 46
1 49
18
2 28
2 42
2 23
2 1
2 21
2 45
2 7
2 36
2 32
2 41
2 6
2 37
2 26
2 12
2 39
2 17
2 25
2 30
16
3 12
3 35
3 31
3 46
3 14
3 36
3 42
3 49
3 23
3 28
3 37
3 41
3 0
3 25
3 20
3 2
21
4 42
4 11
4 33
4 13
4 46
4 6
4 48
4 22
4 8
4 17
4 28
4 43
4 32
4 47
4 49
4 29
4 30
4 10
4 7
4 25
4 26
21
5 33
5 9
5 14
5 41
5 4
5 45
5 15
5 47
5 3
5 29
5 13
5 12
5 17
5 22
5 19
5 0
5 38
5 25
5 20
5 32
5 34
22
6 49
6 29
6 35
6 17
6 20
6 11
6 34
6 48
6 41
6 8
6 12
6 47
6 9
6 7
6 33
6 23
6 0
6 42
6 19
6 3
6 13
6 5
20
7 41
7 26
7 36
7 18
7 24
7 19
7 10
7 39
7 34
7 9
7 14
7 28
7 1
7 27
7 42
7 25
7 43
7 40
7 33
7 45
13
8 47
8 17
8 27
8 49
8 15
8 31
8 7
8 38
8 14
8 13
8 29
8 5
8 35
21
9 23
9 15
9 30
9 40
9 8
9 28
9 11
9 12
9 39
9 35
9 16
9 26
9 1
9 4
9 29
9 25
9 19
9 32
9 48
9 3
9 43
19
10 9
10 35
10 44
10 43
10 37
10 24
10 14
10 5
10 23
10 32
10 0
10 46
10 17
10 26
10 28
10 48
10 41
10 21
10 8
17
11 28
11 29
11 31
11 5
11 42
11 3
11 35
11 32
11 8
11 17
11 2
11 45
11 40
11 0
11 24
11 22
11 49
22
12 33
12 8
12 16
12 32
12 7
12 17
12 14
12 10
12 29
12 49
12 41
12 44
12 34
12 27
12 40
12 15
12 0
12 25
12 30
12 36
12 31
12 1
20
13 23
13 30
13 0
13 22
13 46
13 42
13 7
13 11
13 43
13 41
13 20
13 49
13 15
13 2
13 29
13 21
13 12
13 31
13 10
13 32
16
14 28
14 46
14 9
14 49
14 40
14 42
14 35
14 13
14 11
14 25
14 21
14 29
14 44
14 2
14 20
14 48
22
15 32
15 14
15 3
15 48
15 34
15 47
15 11
15 28
15 0
15 7
15 41
15 20
15 19
15 21
15 16
15 45
15 10
15 18
15 43
15 30
15 6
15 39
21
16 35
16 18
16 10
16 0
16 42
16 17
16 6
16 38
16 13
16 30
16 4
16 2
16 25
16 36
16 11
16 43
16 45
16 26
16 31
16 8
16 3
19
17 46
17 43
17 19
17 25
17 14
17 15
17 23
17 13
17 31
17 1
17 47
17 30
17 36
17 9
17 7
17 18
17 38
17 3
17 45
22
18 4
18 5
18 2
18 3
18 27
18 1
18 13
18 35
18 44
18 31
18 39
18 28
18 20
18 38
18 24
18 11
18 46
18 47
18 14
18 6
18 10
18 8
15
19 35
19 37
19 46
19 49
19 32
19 33
19 16
19 12
19 42
19 43
19 14
19 18
19 2
19 3
19 8
20
20 8
20 27
20 25
20 46
20 24
20 29
20 43
20 36
20 33
20 38
20 40
20 17
20 7
20 45
20 10
20 16
20 9
20 19
20 12
20 23
25
21 12
21 35
21 23
21 6
21 19
21 16
21 11
21 26
21 32
21 8
21 4
21 42
21 47
21 46
21 9
21 7
21 28
21 33
21 18
21 44
21 3
21 0
21 20
21 30
21 29
21
22 36
22 21
22 24
22 43
22 38
22 17
22 19
22 48
22 15
22 42
22 25
22 46
22 16
22 7
22 18
22 28
22 20
22 3
22 6
22 2
22 26
20
23 1
23 43
23 15
23 26
23 48
23 7
23 0
23 5
23 34
23 12
23 14
23 33
23 4
23 46
23 19
23 22
23 29
23 24
23 28
23 18
21
24 38
24 32
24 49
24 21
24 13
24 37
24 9
24 19
24 0
24 15
24 2
24 5
24 29
24 4
24 17
24 16
24 34
24 8
24 14
24 40
24 42
19
25 24
25 0
25 33
25 23
25 48
25 13
25 15
25 49
25 8
25 18
25 47
25 29
25 19
25 34
25 10
25 35
25 36
25 21
25 32
21
26 44
26 15
26 35
26 17
26 12
26 39
26 48
26 6
26 25
26 13
26 5
26 36
26 1
26 14
26 29
26 47
26 37
26 3
26 18
26 19
26 34
25
27 9
27 22
27 19
27 23
27 47
27 21
27 24
27 6
27 4
27 13
27 15
27 3
27 28
27 29
27 11
27 14
27 10
27 17
27 49
27 33
27 30
27 43
27 46
27 41
27 38
17
28 16
28 31
28 29
28 5
28 32
28 24
28 30
28 20
28 33
28 42
28 1
28 17
28 40
28 25
28 37
28 8
28 44
14
29 33
29 45
29 46
29 2
29 3
29 36
29 15
29 32
29 49
29 0
29 19
29 38
29 1
29 30
20
30 25
30 37
30 6
30 5
30 3
30 33
30 14
30 10
30 32
30 31
30 22
30 36
30 19
30 24
30 44
30 11
30 47
30 38
30 20
30 8
21
31 15
31 5
31 9
31 49
31 6
31 37
31 26
31 40
31 10
31 4
31 33
31 29
31 21
31 35
31 1
31 25
31 42
31 14
31 24
31 2
31 27
19
32 20
32 45
32 33
32 7
32 22
32 48
32 1
32 6
32 31
32 8
32 46
32 49
32 18
32 3
32 26
32 23
32 35
32 39
32 17
17
33 46
33 17
33 0
33 15
33 11
33 44
33 43
33 13
33 45
33 48
33 42
33 36
33 9
33 38
33 37
33 14
33 8
24
34 42
34 2
34 14
34 13
34 31
34 21
34 49
34 20
34 16
34 10
34 37
34 45
34 8
34 28
34 33
34 32
34 35
34 22
34 3
34 18
34 48
34 27
34 38
34 4
24
35 20
35 12
35 7
35 40
35 42
35 24
35 4
35 23
35 45
35 43
35 36
35 1
35 33
35 17
35 46
35 38
35 47
35 30
35 28
35 44
35 2
35 15
35 27
35 48
19
36 28
36 45
36 43
36 1
36 13
36 40
36 10
36 31
36 48
36 8
36 11
36 4
36 15
36 9
36 18
36 32
36 34
36 24
36 14
23
37 7
37 44
37 6
37 21
37 29
37 11
37 49
37 20
37 5
37 17
37 18
37 47
37 15
37 38
37 32
37 4
37 13
37 35
37 27
37 25
37 8
37 48
37 46
16
38 47
38 3
38 1
38 13
38 2
38 11
38 15
38 40
38 23
38 19
38 31
38 32
38 9
38 7
38 12
38 36
25
39 25
39 14
39 42
39 38
39 40
39 3
39 27
39 21
39 24
39 10
39 22
39 6
39 20
39 5
39 35
39 49
39 48
39 13
39 1
39 29
39 12
39 36
39 31
39 16
39 34
14
40 10
40 46
40 32
40 3
40 25
40 4
40 29
40 17
40 0
40 26
40 37
40 19
40 15
40 18
22
41 47
41 30
41 25
41 0
41 20
41 23
41 21
41 9
41 19
41 17
41 45
41 34
41 29
41 31
41 39
41 33
41 36
41 1
41 32
41 37
41 22
41 24
18
42 9
42 15
42 46
42 8
42 43
42 32
42 20
42 44
42 1
42 5
42 23
42 40
42 18
42 37
42 27
42 41
42 25
42 49
17
43 12
43 38
43 37
43 30
43 1
43 2
43 41
43 6
43 11
43 0
43 34
43 32
43 14
43 44
43 29
43 46
43 26
20
44 5
44 20
44 34
44 11
44 2
44 8
44 39
44 7
44 16
44 29
44 32
44 9
44 45
44 4
44 15
44 1
44 22
44 13
44 19
44 40
19
45 39
45 22
45 0
45 28
45 25
45 19
45 4
45 14
45 42
45 10
45 38
45 26
45 12
45 43
45 3
45 18
45 48
45 21
45 47
14
46 11
46 15
46 45
46 16
46 36
46 7
46 25
46 0
46 34
46 9
46 24
46 49
46 28
46 41
21
47 13
47 32
47 20
47 23
47 46
47 16
47 42
47 10
47 19
47 7
47 12
47 14
47 11
47 34
47 39
47 36
47 31
47 43
47 3
47 0
47 29
23
48 41
48 8
48 49
48 16
48 42
48 31
48 5
48 47
48 1
48 29
48 7
48 12
48 43
48 24
48 18
48 0
48 17
48 19
48 28
48 11
48 21
48 40
48 38
20
49 47
49 41
49 18
49 35
49 38
49 10
49 44
49 28
49 16
49 36
49 22
49 26
49 21
49 33
49 30
49 45
49 2
49 17
49 23
49 20
