50
0 "A0"
1 "A17"
2 "A35"
3 "A21"
4 "A9"
5 "A11"
6 "A37"
7 "A46"
8 "A45"
9 "A6"
10 "A29"
11 "A10"
12 "A12"
13 "A40"
14 "A28"
15 "A43"
16 "A15"
17 "A22"
18 "A16"
19 "A3"
20 "A38"
21 "A36"
22 "A19"
23 "A26"
24 "A8"
25 "A4"
26 "A49"
27 "A14"
28 "A25"
29 "A39"
30 "A41"
31 "A42"
32 "A30"
33 "A44"
34 "A47"
35 "A5"
36 "A18"
37 "A20"
38 "A31"
39 "A32"
40 "A27"
41 "A7"
42 "A2"
43 "A23"
44 "A24"
45 "A1"
46 "A33"
47 "A13"
48 "A48"
49 "A34"
15
0 40
0 20
0 33
0 25
0 22
0 11
0 45
0 12
0 30
0 28
0 26
0 41
0 38
0 42
0 49
20
1 41
1 37
1 14
1 3
1 4
1 29
1 48
1 38
1 12
1 35
1 31
1 0
1 30
1 11
1 17
1 20
1 45
1 21
1 13
1 15
21
2 14
2 5
2 0
2 4
2 30
2 48
2 23
2 22
2 19
2 1
2 46
2 32
2 13
2 44
2 47
2 21
2 39
2 8
2 27
2 7
2 6
18
3 10
3 22
3 32
3 13
3 2
3 23
3 9
3 35
3 11
3 25
3 44
3 16
3 12
3 7
3 21
3 4
3 17
3 39
14
4 49
4 5
4 32
4 46
4 20
4 36
4 0
4 12
4 11
4 30
4 15
4 22
4 21
4 9
14
5 14
5 49
5 0
5 7
5 13
5 6
5 12
5 15
5 48
5 41
5 28
5 40
5 1
5 32
17
6 1
6 39
6 9
6 13
6 30
6 24
6 0
6 26
6 19
6 10
6 31
6 14
6 27
6 17
6 18
6 15
6 16
24
7 4
7 38
7 17
7 34
7 37
7 6
7 22
7 29
7 43
7 30
7 28
7 31
7 32
7 39
7 41
7 26
7 42
7 20
7 0
7 18
7 45
7 16
7 48
7 27
19
8 27
8 9
8 1
8 7
8 39
8 21
8 26
8 5
8 43
8 13
8 38
8 19
8 0
8 49
8 29
8 32
8 4
8 42
8 10
21
9 26
9 22
9 14
9 42
9 11
9 18
9 25
9 1
9 41
9 40
9 0
9 17
9 45
9 34
9 24
9 33
9 5
9 15
9 31
9 37
9 28
20
10 38
10 37
10 18
10 7
10 2
10 16
10 12
10 13
10 15
10 4
10 1
10 48
10 36
10 23
10 45
10 28
10 27
10 46
10 22
10 33
19
11 48
11 8
11 22
11 16
11 41
11 33
11 2
11 47
11 49
11 38
11 34
11 18
11 6
11 39
11 46
11 20
11 42
11 26
11 19
16
12 23
12 45
12 25
12 32
12 28
12 8
12 26
12 30
12 33
12 20
12 42
12 29
12 18
12 22
12 7
12 44
15
13 9
13 35
13 32
13 0
13 40
13 38
13 4
13 49
13 30
13 7
13 11
13 23
13 14
13 41
13 12
19
14 35
14 47
14 38
14 29
14 48
14 41
14 18
14 22
14 32
14 8
14 4
14 37
14 0
14 24
14 27
14 3
14 20
14 46
14 30
18
15 13
15 30
15 43
15 34
15 36
15 19
15 25
15 42
15 0
15 12
15 2
15 31
15 14
15 20
15 3
15 35
15 11
15 21
21
16 44
16 17
16 26
16 15
16 21
16 40
16 5
16 38
16 24
16 14
16 12
16 2
16 9
16 22
16 36
16 32
16 31
16 49
16 20
16 19
16 39
15
17 31
17 5
17 47
17 13
17 0
17 11
17 4
17 48
17 8
17 18
17 30
17 45
17 27
17 23
17 21
24
18 43
18 33
18 13
18 3
18 8
18 39
18 37
18 49
18 35
18 16
18 29
18 25
18 0
18 20
18 42
18 4
18 21
18 45
18 5
18 44
18 38
18 28
18 1
18 22
20
19 26
19 17
19 18
19 33
19 38
19 30
19 42
19 35
19 48
19 28
19 1
19 13
19 32
19 4
19 45
19 10
19 14
19 9
19 3
19 12
18
20 45
20 3
20 47
20 36
20 35
20 49
20 41
20 48
20 42
20 27
20 9
20 2
20 13
20 40
20 43
20 5
20 28
20 6
22
21 38
21 25
21 40
21 39
21 37
21 7
21 27
21 19
21 26
21 9
21 13
21 47
21 46
21 20
21 42
21 10
21 28
21 14
21 6
21 12
21 30
21 5
13
22 5
22 31
22 38
22 20
22 45
22 15
22 17
22 26
22 46
22 23
22 40
22 8
22 27
20
23 14
23 0
23 43
23 28
23 32
23 37
23 40
23 19
23 35
23 15
23 26
23 44
23 45
23 9
23 6
23 1
23 7
23 5
23 24
23 29
22
24 39
24 12
24 19
24 8
24 22
24 28
24 32
24 34
24 43
24 1
24 21
24 45
24 4
24 17
24 3
24 25
24 35
24 7
24 15
24 38
24 44
24 41
21
25 20
25 36
25 14
25 48
25 43
25 8
25 7
25 30
25 13
25 47
25 22
25 17
25 31
25 16
25 45
25 39
25 1
25 40
25 10
25 23
25 28
19
26 35
26 2
26 14
26 10
26 4
26 18
26 48
26 37
26 3
26 38
26 34
26 1
26 17
26 41
26 5
26 25
26 33
26 29
26 24
20
27 41
27 48
27 46
27 39
27 12
27 13
27 32
27 33
27 1
27 49
27 16
27 23
27 4
27 3
27 26
27 28
27 24
27 11
27 18
27 38
19
28 30
28 16
28 38
28 26
28 22
28 31
28 41
28 29
28 6
28 33
28 11
28 1
28 45
28 15
28 35
28 34
28 8
28 43
28 48
19
29 38
29 13
29 34
29 49
29 5
29 45
29 19
29 16
29 2
29 9
29 41
29 25
29 33
29 0
29 20
29 21
29 31
29 30
29 27
16
30 47
30 23
30 11
30 22
30 41
30 27
30 36
30 16
30 40
30 38
30 35
30 5
30 9
30 45
30 3
30 8
23
31 19
31 11
31 43
31 18
31 20
31 41
31 21
31 36
31 33
31 13
31 0
31 48
31 10
31 24
31 46
31 8
31 30
31 42
31 35
31 37
31 27
31 14
31 3
16
32 29
32 35
32 30
32 40
32 17
32 26
32 38
32 15
32 28
32 44
32 49
32 46
32 47
32 39
32 10
32 1
20
33 8
33 17
33 3
33 43
33 22
33 15
33 23
33 2
33 20
33 32
33 14
33 49
33 36
33 24
33 5
33 16
33 34
33 4
33 1
33 35
22
34 2
34 23
34 42
34 22
34 21
34 39
34 31
34 18
34 17
34 16
34 13
34 5
34 25
34 8
34 3
34 19
34 44
34 40
34 12
34 41
34 0
34 32
18
35 38
35 5
35 48
35 27
35 47
35 0
35 25
35 40
35 34
35 16
35 10
35 7
35 4
35 22
35 46
35 9
35 8
35 2
25
36 12
36 6
36 39
36 24
36 27
36 2
36 5
36 45
36 1
36 18
36 49
36 0
36 13
36 11
36 41
36 43
36 19
36 28
36 40
36 22
36 26
36 29
36 14
36 32
36 7
24
37 6
37 33
37 5
37 13
37 28
37 0
37 30
37 16
37 44
37 47
37 17
37 11
37 35
37 24
37 32
37 46
37 39
37 2
37 34
37 40
37 20
37 22
37 19
37 27
15
38 6
38 34
38 4
38 41
38 43
38 31
38 37
38 9
38 47
38 20
38 25
38 5
38 12
38 3
38 39
20
39 1
39 14
39 29
39 12
39 42
39 13
39 35
39 15
39 17
39 19
39 28
39 33
39 22
39 9
39 10
39 0
39 48
39 31
39 23
39 20
21
40 2
40 31
40 43
40 27
40 6
40 3
40 17
40 41
40 44
40 29
40 8
40 39
40 24
40 33
40 15
40 38
40 28
40 11
40 47
40 10
40 14
19
41 4
41 21
41 19
41 3
41 17
41 25
41 47
41 10
41 33
41 6
41 23
41 32
41 42
41 18
41 22
41 46
41 43
41 12
41 44
24
42 14
42 26
42 10
42 16
42 48
42 23
42 6
42 33
42 29
42 25
42 1
42 2
42 36
42 38
42 22
42 49
42 4
42 5
42 17
42 24
42 47
42 32
42 13
42 37
21
43 4
43 49
43 32
43 16
43 14
43 46
43 37
43 3
43 34
43 27
43 13
43 12
43 42
43 19
43 30
43 9
43 6
43 21
43 10
43 17
43 11
25
44 4
44 42
44 39
44 45
44 25
44 8
44 27
44 36
44 7
44 1
44 15
44 6
44 17
44 22
44 30
44 0
44 33
44 20
44 5
44 9
44 35
44 21
44 19
44 31
44 26
23
45 35
45 40
45 39
45 31
45 5
45 13
45 16
45 21
45 34
45 32
45 33
45 26
45 3
45 48
45 6
45 47
45 38
45 46
45 41
45 49
45 4
45 37
45 14
20
46 12
46 40
46 19
46 39
46 9
46 20
46 3
46 1
46 30
46 26
46 33
46 13
46 15
46 17
46 38
46 5
46 24
46 34
46 7
46 28
22
47 39
47 3
47 1
47 4
47 29
47 0
47 22
47 31
47 26
47 13
47 28
47 46
47 24
47 44
47 33
47 5
47 19
47 27
47 10
47 18
47 34
47 8
18
48 21
48 8
48 43
48 47
48 32
48 37
48 30
48 4
48 9
48 40
48 36
48 15
48 22
48 13
48 41
48 24
48 44
48 38
25
49 47
49 41
49 7
49 19
49 28
49 21
49 44
49 35
49 10
49 38
49 48
49 2
49 46
49 1
49 24
49 40
49 39
49 12
49 6
49 14
49 23
49 9
49 30
49 34
49 25
