50
0 "A30"
1 "A18"
2 "A15"
3 "A5"
4 "A12"
5 "A25"
6 "A17"
7 "A28"
8 "A31"
9 "A39"
10 "A4"
11 "A10"
12 "A42"
13 "A11"
14 "A48"
15 "A27"
16 "A41"
17 "A49"
18 "A19"
19 "A21"
20 "A1"
21 "A32"
22 "A22"
23 "A34"
24 "A40"
25 "A6"
26 "A2"
27 "A37"
28 "A23"
29 "A36"
30 "A45"
31 "A24"
32 "A46"
33 "A13"
34 "A38"
35 "A16"
36 "A26"
37 "A14"
38 "A7"
39 "A8"
40 "A29"
41 "A43"
42 "A9"
43 "A47"
44 "A20"
45 "A35"
46 "A0"
47 "A3"
48 "A44"
49 "A33"
20
0 37
0 23
0 46
0 47
0 34
0 48
0 26
0 8
0 36
0 11
0 16
0 32
0 44
0 3
0 39
0 4
0 24
0 30
0 43
0 29
24
1 39
1 19
1 47
1 13
1 28
1 48
1 46
1 33
1 44
1 5
1 25
1 23
1 45
1 42
1 29
1 31
1 20
1 43
1 7
1 41
1 30
1 16
1 26
1 12
17
2 38
2 45
2 24
2 0
2 35
2 5
2 27
2 19
2 1
2 42
2 25
2 7
2 48
2 31
2 39
2 10
2 11
18
3 4
3 20
3 13
3 25
3 33
3 41
3 1
3 44
3 36
3 39
3 7
3 22
3 31
3 48
3 42
3 28
3 32
3 46
19
4 34
4 10
4 33
4 19
4 28
4 6
4 23
4 37
4 45
4 5
4 49
4 7
4 36
4 31
4 22
4 39
4 42
4 46
4 2
12
5 42
5 20
5 30
5 29
5 43
5 32
5 14
5 40
5 9
5 39
5 48
5 45
23
6 42
6 31
6 5
6 10
6 29
6 38
6 22
6 30
6 14
6 49
6 7
6 26
6 1
6 48
6 24
6 2
6 0
6 19
6 39
6 40
6 41
6 21
6 23
17
7 49
7 10
7 46
7 12
7 0
7 37
7 38
7 25
7 22
7 28
7 39
7 15
7 32
7 23
7 13
7 30
7 5
19
8 7
8 14
8 5
8 42
8 15
8 19
8 20
8 6
8 28
8 9
8 3
8 35
8 41
8 12
8 21
8 10
8 2
8 29
8 46
15
9 46
9 16
9 39
9 6
9 1
9 22
9 4
9 21
9 31
9 23
9 28
9 35
9 2
9 7
9 20
22
10 13
10 45
10 19
10 30
10 38
10 12
10 20
10 44
10 33
10 23
10 0
10 25
10 35
10 3
10 37
10 9
10 24
10 42
10 43
10 28
10 26
10 47
26
11 12
11 13
11 10
11 40
11 44
11 21
11 6
11 48
11 23
11 17
11 35
11 46
11 4
11 1
11 24
11 33
11 47
11 27
11 26
11 8
11 20
11 22
11 45
11 9
11 16
11 43
22
12 43
12 38
12 29
12 41
12 4
12 40
12 47
12 17
12 22
12 9
12 15
12 44
12 20
12 28
12 23
12 37
12 19
12 35
12 3
12 6
12 26
12 2
27
13 15
13 46
13 24
13 36
13 4
13 29
13 32
13 12
13 31
13 18
13 14
13 28
13 30
13 42
13 5
13 22
13 19
13 2
13 49
13 38
13 40
13 0
13 41
13 16
13 34
13 6
13 47
20
14 26
14 28
14 0
14 41
14 32
14 2
14 40
14 24
14 12
14 9
14 48
14 42
14 27
14 39
14 11
14 4
14 20
14 25
14 16
14 3
21
15 5
15 34
15 23
15 0
15 18
15 49
15 17
15 3
15 22
15 10
15 9
15 46
15 29
15 27
15 25
15 14
15 45
15 48
15 4
15 19
15 43
19
16 3
16 43
16 10
16 4
16 48
16 15
16 33
16 47
16 26
16 8
16 5
16 31
16 22
16 36
16 17
16 2
16 44
16 6
16 41
21
17 43
17 28
17 1
17 14
17 49
17 18
17 25
17 35
17 29
17 4
17 27
17 0
17 7
17 2
17 20
17 42
17 32
17 6
17 44
17 10
17 30
28
18 32
18 3
18 22
18 33
18 21
18 36
18 40
18 11
18 10
18 30
18 1
18 7
18 24
18 28
18 4
18 46
18 37
18 19
18 0
18 8
18 26
18 20
18 44
18 2
18 45
18 38
18 5
18 14
17
19 0
19 46
19 49
19 26
19 11
19 27
19 23
19 30
19 7
19 40
19 5
19 41
19 45
19 22
19 31
19 16
19 14
14
20 30
20 27
20 0
20 49
20 46
20 13
20 45
20 19
20 47
20 7
20 34
20 28
20 6
20 15
19
21 7
21 15
21 23
21 1
21 35
21 42
21 0
21 16
21 2
21 27
21 36
21 10
21 4
21 20
21 31
21 13
21 17
21 5
21 12
19
22 33
22 14
22 2
22 27
22 8
22 45
22 35
22 5
22 20
22 41
22 25
22 42
22 46
22 10
22 17
22 23
22 30
22 47
22 31
13
23 29
23 14
23 3
23 37
23 27
23 33
23 43
23 8
23 35
23 28
23 36
23 40
23 44
17
24 37
24 7
24 46
24 44
24 3
24 20
24 34
24 23
24 31
24 28
24 12
24 38
24 33
24 9
24 16
24 22
24 21
19
25 35
25 30
25 27
25 32
25 5
25 12
25 16
25 44
25 33
25 13
25 4
25 20
25 18
25 6
25 39
25 36
25 9
25 21
25 19
22
26 44
26 33
26 37
26 9
26 39
26 38
26 42
26 3
26 41
26 23
26 20
26 29
26 49
26 4
26 15
26 24
26 22
26 32
26 13
26 21
26 28
26 43
22
27 35
27 6
27 47
27 49
27 12
27 40
27 8
27 16
27 31
27 0
27 4
27 48
27 28
27 32
27 45
27 18
27 39
27 3
27 1
27 9
27 26
27 37
15
28 11
28 19
28 37
28 46
28 45
28 36
28 32
28 6
28 22
28 49
28 43
28 47
28 21
28 42
28 38
18
29 36
29 20
29 25
29 21
29 2
29 46
29 19
29 28
29 4
29 38
29 27
29 3
29 10
29 14
29 41
29 43
29 40
29 7
14
30 15
30 3
30 4
30 28
30 37
30 34
30 8
30 14
30 48
30 16
30 49
30 9
30 33
30 12
18
31 0
31 43
31 8
31 23
31 11
31 26
31 32
31 7
31 12
31 5
31 28
31 47
31 15
31 20
31 25
31 30
31 40
31 29
21
32 44
32 9
32 22
32 39
32 30
32 6
32 10
32 24
32 41
32 33
32 29
32 35
32 34
32 8
32 4
32 47
32 19
32 46
32 12
32 20
32 48
21
33 8
33 42
33 44
33 2
33 21
33 17
33 39
33 12
33 29
33 35
33 0
33 5
33 43
33 31
33 49
33 9
33 20
33 28
33 27
33 41
33 7
24
34 46
34 16
34 19
34 45
34 9
34 14
34 7
34 23
34 28
34 6
34 17
34 41
34 33
34 2
34 26
34 27
34 8
34 21
34 11
34 1
34 25
34 31
34 18
34 39
19
35 24
35 37
35 49
35 15
35 1
35 30
35 46
35 20
35 39
35 16
35 42
35 26
35 6
35 4
35 5
35 34
35 45
35 3
35 7
21
36 31
36 22
36 19
36 46
36 44
36 11
36 20
36 12
36 2
36 26
36 33
36 48
36 10
36 8
36 6
36 34
36 41
36 17
36 15
36 47
36 5
23
37 5
37 1
37 36
37 3
37 15
37 2
37 17
37 19
37 48
37 29
37 41
37 32
37 45
37 21
37 13
37 22
37 9
37 34
37 25
37 8
37 11
37 16
37 33
26
38 11
38 20
38 14
38 48
38 47
38 23
38 33
38 42
38 35
38 45
38 30
38 27
38 8
38 43
38 4
38 0
38 16
38 32
38 37
38 39
38 3
38 31
38 15
38 34
38 40
38 5
15
39 24
39 29
39 28
39 40
39 12
39 45
39 8
39 37
39 36
39 13
39 22
39 11
39 30
39 21
39 44
15
40 3
40 17
40 24
40 8
40 21
40 4
40 0
40 35
40 15
40 9
40 48
40 46
40 32
40 28
40 34
24
41 31
41 23
41 20
41 10
41 18
41 30
41 7
41 45
41 49
41 46
41 40
41 39
41 9
41 17
41 48
41 21
41 24
41 43
41 35
41 5
41 38
41 0
41 11
41 25
16
42 23
42 15
42 34
42 30
42 29
42 0
42 19
42 49
42 45
42 20
42 40
42 31
42 25
42 24
42 12
42 27
22
43 48
43 44
43 21
43 19
43 35
43 34
43 32
43 18
43 42
43 22
43 20
43 3
43 46
43 4
43 7
43 37
43 30
43 2
43 39
43 47
43 25
43 27
18
44 5
44 35
44 37
44 34
44 40
44 41
44 29
44 42
44 27
44 21
44 30
44 2
44 19
44 14
44 8
44 9
44 13
44 7
19
45 32
45 16
45 36
45 3
45 29
45 43
45 33
45 25
45 44
45 26
45 24
45 17
45 23
45 14
45 13
45 31
45 0
45 9
45 6
15
46 17
46 27
46 37
46 5
46 39
46 6
46 2
46 30
46 16
46 14
46 47
46 31
46 23
46 10
46 44
24
47 4
47 24
47 30
47 26
47 42
47 23
47 37
47 45
47 34
47 18
47 6
47 40
47 39
47 35
47 48
47 44
47 41
47 19
47 21
47 2
47 3
47 5
47 9
47 17
18
48 28
48 19
48 10
48 9
48 35
48 18
48 20
48 21
48 44
48 26
48 45
48 17
48 49
48 46
48 29
48 34
48 24
48 31
22
49 38
49 11
49 29
49 22
49 32
49 36
49 45
49 12
49 2
49 39
49 37
49 23
49 8
49 0
49 21
49 14
49 24
49 43
49 25
49 5
49 31
49 47
