50
0 "A30"
1 "A18"
2 "A15"
3 "A5"
4 "A12"
5 "A25"
6 "A17"
7 "A28"
8 "A31"
9 "A39"
10 "A4"
11 "A10"
12 "A42"
13 "A11"
14 "A48"
15 "A27"
16 "A41"
17 "A49"
18 "A19"
19 "A21"
20 "A1"
21 "A32"
22 "A22"
23 "A34"
24 "A40"
25 "A6"
26 "A2"
27 "A37"
28 "A23"
29 "A36"
30 "A45"
31 "A24"
32 "A46"
33 "A13"
34 "A38"
35 "A16"
36 "A26"
37 "A14"
38 "A7"
39 "A8"
40 "A29"
41 "A43"
42 "A9"
43 "A47"
44 "A20"
45 "A35"
46 "A0"
47 "A3"
48 "A44"
49 "A33"
19
0 7
0 10
0 27
0 4
0 29
0 44
0 23
0 34
0 18
0 49
0 21
0 26
0 19
0 35
0 24
0 1
0 30
0 32
0 48
23
1 13
1 27
1 26
1 2
1 37
1 39
1 19
1 28
1 48
1 11
1 9
1 23
1 29
1 24
1 6
1 5
1 32
1 12
1 33
1 22
1 30
1 16
1 36
16
2 48
2 13
2 8
2 0
2 41
2 32
2 5
2 42
2 35
2 20
2 39
2 43
2 47
2 12
2 3
2 31
20
3 18
3 42
3 29
3 20
3 25
3 34
3 36
3 1
3 26
3 0
3 47
3 28
3 37
3 31
3 19
3 33
3 30
3 35
3 39
3 7
17
4 45
4 47
4 16
4 35
4 3
4 28
4 6
4 7
4 10
4 41
4 36
4 24
4 17
4 8
4 2
4 42
4 48
27
5 21
5 28
5 27
5 10
5 32
5 13
5 15
5 0
5 31
5 4
5 7
5 8
5 18
5 46
5 40
5 33
5 25
5 11
5 44
5 6
5 12
5 22
5 24
5 39
5 34
5 41
5 36
21
6 44
6 10
6 15
6 7
6 3
6 37
6 20
6 42
6 23
6 0
6 13
6 32
6 2
6 24
6 22
6 46
6 36
6 26
6 27
6 17
6 30
24
7 26
7 18
7 49
7 48
7 42
7 39
7 16
7 13
7 30
7 10
7 22
7 19
7 45
7 34
7 43
7 33
7 8
7 9
7 32
7 11
7 14
7 17
7 29
7 1
26
8 14
8 17
8 48
8 39
8 23
8 37
8 0
8 20
8 19
8 3
8 29
8 9
8 6
8 30
8 25
8 18
8 16
8 46
8 33
8 43
8 32
8 15
8 11
8 41
8 13
8 12
16
9 42
9 31
9 48
9 40
9 39
9 34
9 43
9 16
9 32
9 25
9 30
9 6
9 11
9 4
9 0
9 45
21
10 24
10 20
10 32
10 16
10 39
10 3
10 18
10 28
10 8
10 26
10 9
10 35
10 44
10 1
10 30
10 33
10 34
10 25
10 21
10 41
10 27
21
11 2
11 42
11 10
11 12
11 16
11 23
11 49
11 44
11 43
11 39
11 32
11 21
11 14
11 3
11 4
11 17
11 31
11 27
11 25
11 38
11 6
20
12 49
12 0
12 31
12 45
12 6
12 32
12 14
12 3
12 48
12 17
12 47
12 10
12 23
12 18
12 39
12 21
12 38
12 13
12 29
12 40
24
13 48
13 0
13 45
13 30
13 16
13 47
13 49
13 40
13 28
13 34
13 26
13 11
13 36
13 41
13 18
13 38
13 3
13 20
13 33
13 10
13 37
13 9
13 32
13 4
20
14 28
14 41
14 25
14 18
14 37
14 10
14 2
14 26
14 44
14 43
14 17
14 9
14 16
14 30
14 32
14 3
14 47
14 4
14 0
14 21
21
15 42
15 13
15 49
15 17
15 12
15 38
15 44
15 23
15 30
15 7
15 9
15 0
15 46
15 2
15 4
15 22
15 21
15 25
15 28
15 14
15 20
20
16 19
16 33
16 39
16 28
16 44
16 48
16 40
16 46
16 43
16 47
16 41
16 42
16 24
16 34
16 27
16 17
16 12
16 21
16 49
16 20
21
17 0
17 19
17 32
17 2
17 42
17 25
17 47
17 3
17 27
17 43
17 36
17 46
17 10
17 24
17 13
17 23
17 35
17 22
17 49
17 31
17 9
13
18 49
18 17
18 33
18 32
18 42
18 9
18 39
18 26
18 22
18 6
18 2
18 20
18 41
20
19 34
19 42
19 15
19 27
19 38
19 10
19 6
19 13
19 47
19 18
19 5
19 26
19 14
19 31
19 35
19 32
19 40
19 28
19 22
19 44
16
20 40
20 12
20 49
20 5
20 24
20 11
20 35
20 23
20 1
20 45
20 30
20 4
20 19
20 47
20 17
20 9
14
21 22
21 35
21 9
21 3
21 34
21 17
21 40
21 13
21 27
21 26
21 20
21 4
21 29
21 8
18
22 41
22 30
22 12
22 16
22 3
22 10
22 20
22 4
22 37
22 35
22 33
22 11
22 28
22 8
22 14
22 42
22 26
22 13
17
23 21
23 9
23 43
23 10
23 42
23 2
23 16
23 41
23 7
23 40
23 34
23 24
23 49
23 4
23 35
23 47
23 27
22
24 27
24 9
24 3
24 19
24 29
24 13
24 7
24 37
24 28
24 41
24 14
24 15
24 31
24 18
24 11
24 40
24 43
24 12
24 21
24 30
24 25
24 22
21
25 20
25 23
25 2
25 28
25 38
25 12
25 30
25 16
25 47
25 0
25 22
25 1
25 27
25 21
25 26
25 41
25 45
25 44
25 4
25 42
25 13
16
26 42
26 23
26 47
26 33
26 30
26 32
26 24
26 15
26 5
26 11
26 29
26 45
26 39
26 48
26 4
26 9
19
27 13
27 48
27 18
27 28
27 14
27 15
27 2
27 8
27 41
27 20
27 12
27 43
27 26
27 49
27 29
27 9
27 30
27 44
27 42
16
28 8
28 48
28 31
28 11
28 47
28 38
28 21
28 26
28 7
28 23
28 18
28 44
28 42
28 0
28 12
28 17
21
29 18
29 11
29 35
29 13
29 38
29 44
29 39
29 32
29 28
29 10
29 16
29 49
29 42
29 43
29 5
29 19
29 6
29 23
29 30
29 14
29 40
11
30 4
30 49
30 21
30 44
30 12
30 43
30 31
30 11
30 33
30 40
30 19
25
31 20
31 46
31 15
31 26
31 21
31 8
31 23
31 13
31 25
31 7
31 48
31 38
31 42
31 34
31 44
31 10
31 41
31 0
31 4
31 1
31 18
31 35
31 45
31 27
31 40
17
32 3
32 36
32 41
32 28
32 23
32 20
32 46
32 44
32 22
32 40
32 30
32 24
32 27
32 4
32 45
32 25
32 37
20
33 0
33 32
33 20
33 25
33 6
33 40
33 31
33 4
33 27
33 48
33 29
33 21
33 24
33 28
33 34
33 11
33 49
33 9
33 23
33 42
23
34 32
34 22
34 25
34 40
34 12
34 38
34 11
34 45
34 46
34 14
34 30
34 8
34 43
34 37
34 15
34 26
34 2
34 17
34 47
34 24
34 20
34 4
34 27
18
35 8
35 5
35 27
35 26
35 11
35 42
35 7
35 30
35 12
35 15
35 37
35 49
35 16
35 1
35 13
35 39
35 34
35 9
23
36 28
36 12
36 15
36 31
36 29
36 30
36 9
36 23
36 48
36 41
36 26
36 43
36 46
36 24
36 8
36 34
36 38
36 21
36 0
36 27
36 7
36 19
36 20
21
37 10
37 31
37 38
37 44
37 21
37 7
37 9
37 23
37 20
37 39
37 42
37 4
37 19
37 27
37 2
37 5
37 30
37 12
37 28
37 47
37 15
22
38 10
38 0
38 22
38 4
38 6
38 27
38 14
38 16
38 41
38 3
38 7
38 5
38 17
38 26
38 32
38 18
38 44
38 20
38 33
38 9
38 24
38 47
21
39 21
39 30
39 43
39 34
39 22
39 17
39 14
39 19
39 45
39 24
39 41
39 32
39 13
39 0
39 33
39 6
39 49
39 31
39 28
39 4
39 42
24
40 26
40 41
40 18
40 44
40 37
40 11
40 1
40 49
40 7
40 6
40 8
40 3
40 28
40 46
40 0
40 47
40 42
40 2
40 15
40 39
40 22
40 17
40 10
40 25
15
41 9
41 11
41 47
41 33
41 15
41 17
41 26
41 35
41 20
41 1
41 28
41 3
41 7
41 29
41 42
13
42 47
42 10
42 5
42 24
42 32
42 20
42 30
42 45
42 36
42 0
42 1
42 21
42 34
24
43 37
43 1
43 38
43 3
43 28
43 4
43 42
43 31
43 32
43 46
43 15
43 20
43 12
43 35
43 18
43 10
43 5
43 40
43 41
43 13
43 47
43 25
43 19
43 45
17
44 13
44 2
44 23
44 9
44 1
44 35
44 17
44 26
44 21
44 34
44 46
44 24
44 3
44 43
44 45
44 18
44 20
19
45 0
45 24
45 38
45 37
45 3
45 22
45 47
45 17
45 29
45 35
45 27
45 40
45 8
45 10
45 28
45 2
45 1
45 23
45 21
21
46 38
46 30
46 45
46 39
46 26
46 28
46 13
46 7
46 42
46 47
46 10
46 11
46 1
46 29
46 9
46 22
46 14
46 12
46 41
46 24
46 37
17
47 22
47 15
47 30
47 6
47 36
47 32
47 11
47 0
47 24
47 18
47 31
47 7
47 49
47 21
47 5
47 35
47 44
19
48 40
48 32
48 41
48 35
48 17
48 5
48 44
48 42
48 22
48 46
48 24
48 21
48 47
48 6
48 43
48 14
48 38
48 39
48 20
20
49 36
49 3
49 14
49 32
49 28
49 2
49 44
49 5
49 25
49 1
49 42
49 6
49 37
49 38
49 45
49 9
49 31
49 19
49 21
49 8
