50
0 "A30"
1 "A18"
2 "A15"
3 "A5"
4 "A12"
5 "A25"
6 "A17"
7 "A28"
8 "A31"
9 "A39"
10 "A4"
11 "A10"
12 "A42"
13 "A11"
14 "A48"
15 "A27"
16 "A41"
17 "A49"
18 "A19"
19 "A21"
20 "A1"
21 "A32"
22 "A22"
23 "A34"
24 "A40"
25 "A6"
26 "A2"
27 "A37"
28 "A23"
29 "A36"
30 "A45"
31 "A24"
32 "A46"
33 "A13"
34 "A38"
35 "A16"
36 "A26"
37 "A14"
38 "A7"
39 "A8"
40 "A29"
41 "A43"
42 "A9"
43 "A47"
44 "A20"
45 "A35"
46 "A0"
47 "A3"
48 "A44"
49 "A33"
18
0 6
0 8
0 23
0 32
0 25
0 24
0 49
0 10
0 13
0 21
0 43
0 18
0 3
0 15
0 34
0 42
0 20
0 39
19
1 43
1 13
1 37
1 16
1 19
1 26
1 7
1 44
1 0
1 31
1 24
1 40
1 49
1 3
1 5
1 11
1 30
1 45
1 36
24
2 29
2 21
2 22
2 47
2 20
2 41
2 3
2 44
2 26
2 49
2 18
2 16
2 27
2 46
2 12
2 24
2 45
2 32
2 11
2 38
2 43
2 9
2 15
2 4
15
3 9
3 44
3 32
3 47
3 35
3 39
3 12
3 28
3 33
3 14
3 38
3 40
3 19
3 15
3 29
21
4 6
4 29
4 37
4 36
4 7
4 12
4 34
4 11
4 22
4 15
4 30
4 0
4 1
4 3
4 41
4 28
4 43
4 19
4 26
4 25
4 10
19
5 13
5 47
5 26
5 35
5 29
5 22
5 42
5 7
5 48
5 8
5 16
5 2
5 49
5 34
5 21
5 37
5 10
5 20
5 40
21
6 10
6 1
6 25
6 31
6 43
6 14
6 2
6 19
6 5
6 32
6 26
6 11
6 20
6 7
6 27
6 23
6 12
6 8
6 45
6 16
6 9
16
7 39
7 19
7 0
7 10
7 14
7 34
7 3
7 28
7 21
7 35
7 2
7 11
7 46
7 23
7 30
7 13
24
8 3
8 35
8 27
8 12
8 40
8 47
8 42
8 22
8 2
8 43
8 11
8 44
8 16
8 15
8 4
8 37
8 23
8 33
8 19
8 49
8 17
8 10
8 13
8 7
19
9 22
9 39
9 23
9 44
9 17
9 48
9 31
9 34
9 7
9 40
9 1
9 19
9 8
9 29
9 35
9 5
9 49
9 4
9 0
12
10 43
10 41
10 45
10 1
10 46
10 12
10 14
10 13
10 9
10 2
10 25
10 19
15
11 39
11 9
11 19
11 29
11 46
11 5
11 13
11 12
11 24
11 36
11 43
11 18
11 22
11 14
11 0
13
12 30
12 24
12 0
12 40
12 1
12 47
12 23
12 49
12 9
12 18
12 7
12 33
12 43
21
13 30
13 4
13 42
13 46
13 2
13 16
13 3
13 22
13 24
13 9
13 28
13 40
13 14
13 6
13 34
13 15
13 36
13 45
13 23
13 19
13 33
17
14 30
14 9
14 0
14 4
14 25
14 12
14 31
14 17
14 46
14 1
14 41
14 38
14 15
14 35
14 39
14 42
14 28
16
15 5
15 30
15 42
15 43
15 18
15 38
15 44
15 9
15 39
15 10
15 29
15 6
15 7
15 12
15 47
15 11
16
16 15
16 3
16 31
16 24
16 49
16 4
16 36
16 14
16 45
16 0
16 25
16 37
16 41
16 10
16 17
16 9
19
17 24
17 0
17 15
17 45
17 46
17 10
17 48
17 34
17 12
17 3
17 36
17 4
17 2
17 13
17 7
17 21
17 23
17 42
17 20
21
18 3
18 27
18 37
18 26
18 8
18 10
18 14
18 39
18 9
18 36
18 19
18 31
18 29
18 25
18 20
18 17
18 48
18 4
18 23
18 28
18 21
20
19 34
19 14
19 12
19 27
19 41
19 22
19 36
19 44
19 39
19 30
19 2
19 5
19 43
19 40
19 49
19 21
19 0
19 29
19 46
19 17
18
20 1
20 16
20 15
20 7
20 19
20 14
20 31
20 42
20 8
20 23
20 3
20 12
20 4
20 27
20 40
20 47
20 45
20 13
19
21 48
21 15
21 12
21 14
21 42
21 16
21 8
21 1
21 10
21 45
21 41
21 3
21 9
21 44
21 13
21 25
21 20
21 34
21 43
16
22 20
22 15
22 45
22 29
22 37
22 23
22 32
22 38
22 10
22 47
22 18
22 16
22 21
22 40
22 7
22 36
18
23 45
23 10
23 19
23 47
23 16
23 46
23 29
23 4
23 15
23 28
23 44
23 36
23 5
23 37
23 39
23 42
23 31
23 14
22
24 46
24 43
24 25
24 20
24 37
24 3
24 4
24 49
24 35
24 26
24 34
24 42
24 15
24 5
24 6
24 10
24 33
24 31
24 18
24 30
24 21
24 8
19
25 19
25 3
25 9
25 48
25 39
25 23
25 40
25 28
25 5
25 17
25 45
25 7
25 34
25 12
25 15
25 1
25 2
25 8
25 11
24
26 9
26 45
26 10
26 3
26 11
26 13
26 22
26 15
26 29
26 19
26 7
26 40
26 31
26 20
26 49
26 25
26 16
26 8
26 46
26 48
26 21
26 41
26 35
26 28
22
27 0
27 23
27 32
27 15
27 14
27 43
27 45
27 16
27 12
27 28
27 11
27 21
27 34
27 48
27 49
27 17
27 37
27 31
27 1
27 7
27 33
27 3
19
28 21
28 36
28 40
28 15
28 12
28 42
28 48
28 11
28 16
28 29
28 17
28 6
28 9
28 30
28 47
28 31
28 44
28 5
28 46
17
29 47
29 20
29 12
29 42
29 13
29 6
29 41
29 25
29 45
29 24
29 27
29 21
29 0
29 43
29 36
29 44
29 8
25
30 47
30 29
30 18
30 22
30 48
30 41
30 49
30 2
30 37
30 32
30 17
30 5
30 0
30 6
30 25
30 39
30 21
30 31
30 10
30 3
30 26
30 11
30 27
30 34
30 16
15
31 3
31 5
31 39
31 2
31 46
31 48
31 37
31 19
31 13
31 29
31 0
31 11
31 21
31 17
31 12
24
32 18
32 48
32 35
32 7
32 47
32 28
32 23
32 9
32 10
32 24
32 11
32 31
32 4
32 49
32 5
32 13
32 12
32 16
32 14
32 39
32 19
32 1
32 40
32 42
23
33 32
33 2
33 0
33 46
33 4
33 23
33 34
33 28
33 6
33 35
33 10
33 15
33 7
33 19
33 22
33 14
33 49
33 29
33 17
33 39
33 43
33 9
33 36
21
34 46
34 44
34 14
34 1
34 36
34 18
34 15
34 40
34 20
34 32
34 31
34 16
34 26
34 8
34 23
34 39
34 28
34 12
34 42
34 6
34 3
27
35 41
35 46
35 42
35 2
35 31
35 4
35 36
35 23
35 30
35 38
35 20
35 10
35 6
35 17
35 1
35 49
35 13
35 19
35 21
35 12
35 45
35 37
35 15
35 0
35 29
35 28
35 43
20
36 3
36 6
36 10
36 32
36 8
36 15
36 14
36 21
36 0
36 5
36 12
36 26
36 30
36 9
36 25
36 38
36 42
36 37
36 27
36 2
22
37 26
37 21
37 7
37 47
37 14
37 0
37 28
37 17
37 19
37 32
37 12
37 20
37 40
37 42
37 6
37 10
37 11
37 15
37 9
37 25
37 3
37 33
22
38 7
38 13
38 45
38 8
38 37
38 6
38 31
38 4
38 27
38 18
38 24
38 21
38 44
38 20
38 26
38 9
38 5
38 10
38 33
38 32
38 46
38 30
21
39 29
39 49
39 28
39 24
39 48
39 17
39 12
39 38
39 2
39 13
39 6
39 26
39 22
39 4
39 36
39 5
39 35
39 21
39 8
39 1
39 16
15
40 10
40 23
40 21
40 0
40 24
40 27
40 17
40 18
40 15
40 49
40 35
40 29
40 46
40 33
40 39
24
41 7
41 27
41 9
41 40
41 22
41 24
41 17
41 25
41 37
41 36
41 49
41 15
41 5
41 12
41 46
41 20
41 47
41 8
41 18
41 45
41 28
41 39
41 38
41 0
18
42 31
42 33
42 3
42 19
42 30
42 40
42 2
42 16
42 41
42 45
42 26
42 6
42 1
42 12
42 39
42 18
42 38
42 9
17
43 26
43 34
43 32
43 28
43 46
43 23
43 49
43 44
43 5
43 18
43 42
43 36
43 25
43 37
43 20
43 39
43 22
25
44 17
44 14
44 46
44 31
44 25
44 22
44 35
44 36
44 18
44 13
44 16
44 0
44 6
44 5
44 37
44 7
44 42
44 24
44 11
44 10
44 30
44 4
44 12
44 32
44 20
19
45 33
45 0
45 14
45 5
45 37
45 24
45 3
45 15
45 18
45 7
45 36
45 39
45 4
45 30
45 8
45 9
45 34
45 44
45 12
11
46 15
46 9
46 6
46 3
46 5
46 45
46 37
46 29
46 1
46 16
46 32
24
47 33
47 40
47 34
47 6
47 46
47 42
47 27
47 25
47 44
47 36
47 7
47 31
47 16
47 17
47 45
47 48
47 14
47 35
47 11
47 26
47 24
47 21
47 39
47 18
26
48 45
48 44
48 16
48 24
48 8
48 34
48 1
48 22
48 15
48 41
48 42
48 43
48 35
48 0
48 40
48 46
48 38
48 6
48 37
48 36
48 7
48 23
48 19
48 13
48 33
48 3
21
49 45
49 7
49 14
49 11
49 23
49 28
49 36
49 4
49 15
49 13
49 38
49 34
49 44
49 20
49 47
49 31
49 25
49 21
49 48
49 17
49 6
