50
0 "A30"
1 "A18"
2 "A15"
3 "A5"
4 "A12"
5 "A25"
6 "A17"
7 "A28"
8 "A31"
9 "A39"
10 "A4"
11 "A10"
12 "A42"
13 "A11"
14 "A48"
15 "A27"
16 "A41"
17 "A49"
18 "A19"
19 "A21"
20 "A1"
21 "A32"
22 "A22"
23 "A34"
24 "A40"
25 "A6"
26 "A2"
27 "A37"
28 "A23"
29 "A36"
30 "A45"
31 "A24"
32 "A46"
33 "A13"
34 "A38"
35 "A16"
36 "A26"
37 "A14"
38 "A7"
39 "A8"
40 "A29"
41 "A43"
42 "A9"
43 "A47"
44 "A20"
45 "A35"
46 "A0"
47 "A3"
48 "A44"
49 "A33"
16
0 8
0 46
0 45
0 23
0 14
0 4
0 3
0 33
0 49
0 18
0 20
0 42
0 7
0 9
0 22
0 40
21
1 36
1 35
1 33
1 45
1 22
1 42
1 38
1 20
1 24
1 17
1 7
1 27
1 48
1 2
1 0
1 39
1 49
1 6
1 23
1 26
1 10
23
2 6
2 0
2 16
2 49
2 21
2 46
2 29
2 48
2 39
2 33
2 40
2 38
2 10
2 17
2 20
2 43
2 26
2 30
2 7
2 47
2 3
2 36
2 13
21
3 17
3 21
3 19
3 40
3 16
3 44
3 26
3 35
3 12
3 11
3 49
3 7
3 28
3 22
3 33
3 13
3 39
3 14
3 36
3 31
3 15
22
4 48
4 45
4 24
4 9
4 1
4 18
4 47
4 31
4 6
4 36
4 10
4 7
4 34
4 2
4 42
4 13
4 27
4 21
4 26
4 3
4 38
4 33
22
5 26
5 46
5 16
5 9
5 25
5 39
5 38
5 43
5 40
5 7
5 17
5 3
5 18
5 24
5 32
5 35
5 20
5 0
5 27
5 29
5 11
5 1
22
6 19
6 35
6 3
6 36
6 43
6 31
6 44
6 21
6 38
6 0
6 25
6 10
6 39
6 14
6 34
6 30
6 13
6 5
6 33
6 37
6 7
6 18
17
7 19
7 16
7 15
7 14
7 11
7 30
7 38
7 33
7 48
7 37
7 36
7 23
7 45
7 9
7 21
7 18
7 8
23
8 26
8 2
8 14
8 37
8 6
8 43
8 34
8 1
8 4
8 5
8 23
8 15
8 41
8 28
8 13
8 12
8 49
8 20
8 40
8 18
8 3
8 21
8 30
16
9 3
9 36
9 42
9 12
9 10
9 21
9 11
9 1
9 22
9 46
9 13
9 6
9 44
9 8
9 14
9 38
18
10 7
10 15
10 44
10 25
10 37
10 24
10 38
10 47
10 0
10 27
10 5
10 18
10 35
10 28
10 13
10 26
10 20
10 45
18
11 43
11 32
11 6
11 8
11 20
11 15
11 41
11 25
11 26
11 27
11 31
11 29
11 37
11 0
11 40
11 34
11 45
11 14
14
12 31
12 28
12 22
12 4
12 0
12 18
12 42
12 34
12 47
12 7
12 49
12 17
12 33
12 2
11
13 39
13 25
13 23
13 48
13 40
13 43
13 1
13 46
13 31
13 35
13 7
18
14 26
14 28
14 24
14 5
14 35
14 43
14 2
14 38
14 4
14 25
14 37
14 12
14 39
14 40
14 41
14 15
14 19
14 1
18
15 6
15 43
15 38
15 39
15 25
15 34
15 26
15 45
15 13
15 37
15 49
15 4
15 2
15 12
15 0
15 48
15 29
15 33
17
16 10
16 9
16 22
16 49
16 18
16 11
16 20
16 19
16 14
16 46
16 1
16 12
16 6
16 4
16 8
16 35
16 21
25
17 15
17 37
17 26
17 49
17 8
17 29
17 4
17 10
17 22
17 0
17 16
17 24
17 19
17 13
17 30
17 6
17 20
17 33
17 11
17 25
17 21
17 7
17 38
17 42
17 31
15
18 28
18 31
18 17
18 14
18 22
18 47
18 33
18 15
18 3
18 1
18 11
18 21
18 36
18 19
18 38
18
19 10
19 38
19 0
19 25
19 22
19 8
19 4
19 11
19 46
19 37
19 36
19 2
19 45
19 42
19 9
19 24
19 48
19 1
23
20 4
20 44
20 33
20 24
20 37
20 28
20 40
20 19
20 3
20 6
20 30
20 14
20 7
20 21
20 9
20 13
20 12
20 38
20 29
20 23
20 22
20 15
20 48
21
21 13
21 44
21 32
21 36
21 46
21 37
21 33
21 19
21 49
21 1
21 41
21 28
21 15
21 10
21 11
21 24
21 27
21 14
21 43
21 5
21 12
21
22 14
22 5
22 29
22 30
22 27
22 32
22 2
22 13
22 35
22 47
22 34
22 15
22 46
22 33
22 4
22 10
22 6
22 40
22 8
22 42
22 11
18
23 6
23 42
23 28
23 25
23 11
23 18
23 9
23 19
23 10
23 4
23 47
23 16
23 31
23 17
23 5
23 22
23 48
23 39
18
24 2
24 9
24 13
24 49
24 42
24 15
24 11
24 3
24 0
24 32
24 18
24 47
24 16
24 41
24 29
24 22
24 45
24 34
23
25 28
25 26
25 27
25 30
25 7
25 41
25 8
25 4
25 39
25 22
25 1
25 42
25 46
25 3
25 12
25 29
25 34
25 16
25 21
25 47
25 48
25 44
25 35
14
26 20
26 6
26 27
26 23
26 43
26 38
26 21
26 24
26 30
26 41
26 19
26 35
26 9
26 13
19
27 49
27 45
27 14
27 19
27 33
27 6
27 8
27 7
27 41
27 9
27 24
27 2
27 12
27 35
27 20
27 38
27 46
27 18
27 48
20
28 40
28 6
28 15
28 36
28 1
28 16
28 38
28 45
28 9
28 19
28 7
28 30
28 26
28 5
28 4
28 35
28 2
28 31
28 0
28 44
23
29 19
29 7
29 31
29 30
29 39
29 21
29 3
29 27
29 33
29 34
29 6
29 0
29 41
29 26
29 4
29 28
29 14
29 12
29 48
29 38
29 16
29 35
29 8
21
30 5
30 13
30 0
30 15
30 24
30 48
30 16
30 43
30 4
30 31
30 1
30 3
30 38
30 12
30 9
30 47
30 34
30 45
30 27
30 44
30 23
23
31 21
31 8
31 35
31 43
31 37
31 0
31 20
31 10
31 27
31 25
31 7
31 46
31 26
31 15
31 36
31 2
31 19
31 48
31 38
31 9
31 24
31 49
31 16
25
32 0
32 38
32 23
32 18
32 17
32 47
32 19
32 46
32 33
32 20
32 39
32 15
32 31
32 26
32 27
32 28
32 10
32 48
32 14
32 30
32 2
32 41
32 37
32 3
32 12
14
33 24
33 26
33 31
33 10
33 14
33 5
33 34
33 13
33 28
33 19
33 36
33 30
33 38
33 43
26
34 13
34 9
34 36
34 45
34 18
34 10
34 3
34 23
34 46
34 31
34 41
34 37
34 2
34 21
34 14
34 7
34 5
34 32
34 19
34 26
34 39
34 44
34 27
34 1
34 16
34 48
14
35 17
35 33
35 11
35 32
35 4
35 36
35 7
35 15
35 0
35 38
35 9
35 12
35 49
35 19
19
36 26
36 29
36 27
36 8
36 32
36 42
36 10
36 14
36 16
36 24
36 46
36 11
36 30
36 49
36 22
36 37
36 12
36 13
36 20
16
37 33
37 9
37 43
37 3
37 0
37 27
37 47
37 26
37 45
37 25
37 29
37 30
37 40
37 35
37 5
37 13
13
38 43
38 34
38 37
38 3
38 0
38 21
38 24
38 46
38 16
38 13
38 12
38 25
38 22
25
39 4
39 47
39 40
39 27
39 20
39 45
39 46
39 7
39 17
39 9
39 31
39 18
39 38
39 33
39 44
39 26
39 10
39 21
39 16
39 11
39 12
39 28
39 8
39 30
39 22
26
40 4
40 26
40 6
40 17
40 35
40 15
40 21
40 19
40 7
40 16
40 25
40 10
40 1
40 32
40 24
40 38
40 12
40 30
40 18
40 29
40 44
40 48
40 34
40 33
40 27
40 36
23
41 10
41 6
41 9
41 7
41 31
41 5
41 37
41 33
41 36
41 0
41 18
41 15
41 45
41 23
41 4
41 1
41 38
41 17
41 19
41 43
41 2
41 13
41 30
24
42 2
42 15
42 40
42 35
42 39
42 3
42 16
42 38
42 37
42 30
42 8
42 29
42 34
42 6
42 31
42 45
42 28
42 21
42 5
42 11
42 10
42 7
42 46
42 41
18
43 28
43 19
43 47
43 27
43 45
43 0
43 16
43 17
43 23
43 46
43 10
43 34
43 48
43 12
43 18
43 29
43 36
43 1
21
44 41
44 1
44 27
44 15
44 13
44 43
44 22
44 8
44 11
44 14
44 33
44 29
44 45
44 31
44 16
44 23
44 18
44 7
44 0
44 17
44 48
18
45 29
45 21
45 5
45 49
45 14
45 48
45 35
45 20
45 13
45 8
45 2
45 47
45 23
45 38
45 18
45 26
45 12
45 17
19
46 44
46 11
46 17
46 29
46 23
46 30
46 45
46 35
46 28
46 1
46 18
46 37
46 41
46 12
46 4
46 3
46 14
46 10
46 6
23
47 34
47 36
47 41
47 40
47 35
47 19
47 15
47 1
47 7
47 48
47 11
47 8
47 13
47 16
47 20
47 6
47 26
47 29
47 14
47 33
47 42
47 44
47 31
17
48 17
48 10
48 0
48 46
48 39
48 5
48 21
48 37
48 14
48 9
48 28
48 22
48 11
48 41
48 36
48 35
48 3
20
49 26
49 19
49 47
49 39
49 25
49 5
49 13
49 14
49 7
49 48
49 46
49 11
49 9
49 37
49 22
49 43
49 23
49 44
49 18
49 30
