50
0 "A30"
1 "A18"
2 "A15"
3 "A5"
4 "A12"
5 "A25"
6 "A17"
7 "A28"
8 "A31"
9 "A39"
10 "A4"
11 "A10"
12 "A42"
13 "A11"
14 "A48"
15 "A27"
16 "A41"
17 "A49"
18 "A19"
19 "A21"
20 "A1"
21 "A32"
22 "A22"
23 "A34"
24 "A40"
25 "A6"
26 "A2"
27 "A37"
28 "A23"
29 "A36"
30 "A45"
31 "A24"
32 "A46"
33 "A13"
34 "A38"
35 "A16"
36 "A26"
37 "A14"
38 "A7"
39 "A8"
40 "A29"
41 "A43"
42 "A9"
43 "A47"
44 "A20"
45 "A35"
46 "A0"
47 "A3"
48 "A44"
49 "A33"
24
0 3
0 37
0 43
0 15
0 29
0 2
0 4
0 31
0 27
0 20
0 39
0 25
0 16
0 7
0 14
0 34
0 21
0 36
0 41
0 19
0 45
0 32
0 1
0 35
13
1 14
1 45
1 40
1 47
1 30
1 36
1 24
1 34
1 29
1 19
1 33
1 10
1 7
18
2 13
2 21
2 29
2 39
2 26
2 37
2 46
2 27
2 33
2 1
2 18
2 30
2 31
2 43
2 36
2 24
2 25
2 6
18
3 20
3 38
3 43
3 2
3 11
3 25
3 19
3 36
3 35
3 6
3 12
3 46
3 28
3 1
3 39
3 14
3 18
3 32
20
4 25
4 36
4 13
4 47
4 27
4 23
4 29
4 9
4 2
4 48
4 49
4 44
4 15
4 10
4 20
4 17
4 28
4 37
4 46
4 21
22
5 18
5 44
5 12
5 36
5 26
5 29
5 25
5 34
5 3
5 43
5 8
5 47
5 33
5 11
5 22
5 16
5 32
5 14
5 4
5 30
5 35
5 42
24
6 15
6 46
6 0
6 1
6 48
6 12
6 47
6 36
6 23
6 32
6 4
6 31
6 20
6 16
6 19
6 40
6 29
6 10
6 49
6 42
6 34
6 5
6 26
6 30
16
7 18
7 30
7 25
7 36
7 13
7 35
7 41
7 44
7 8
7 32
7 47
7 6
7 5
7 46
7 39
7 4
19
8 31
8 0
8 11
8 27
8 35
8 16
8 43
8 49
8 32
8 3
8 14
8 1
8 47
8 6
8 12
8 19
8 33
8 41
8 4
19
9 14
9 27
9 6
9 35
9 11
9 1
9 39
9 44
9 23
9 21
9 13
9 8
9 2
9 36
9 26
9 18
9 7
9 20
9 5
20
10 30
10 29
10 0
10 23
10 36
10 7
10 9
10 17
10 39
10 37
10 48
10 14
10 5
10 31
10 35
10 44
10 22
10 20
10 47
10 26
22
11 7
11 46
11 12
11 33
11 10
11 41
11 34
11 21
11 45
11 27
11 35
11 15
11 42
11 31
11 38
11 6
11 32
11 17
11 4
11 30
11 23
11 36
24
12 10
12 40
12 35
12 27
12 31
12 15
12 22
12 48
12 25
12 45
12 38
12 34
12 24
12 1
12 7
12 23
12 4
12 49
12 44
12 9
12 14
12 32
12 2
12 46
21
13 5
13 40
13 6
13 49
13 32
13 0
13 47
13 27
13 45
13 46
13 33
13 11
13 12
13 35
13 34
13 25
13 44
13 10
13 19
13 48
13 38
19
14 4
14 6
14 26
14 39
14 28
14 2
14 22
14 40
14 44
14 45
14 31
14 47
14 35
14 34
14 19
14 7
14 43
14 32
14 29
21
15 8
15 29
15 14
15 1
15 27
15 24
15 10
15 2
15 5
15 25
15 32
15 7
15 33
15 39
15 49
15 41
15 3
15 42
15 28
15 43
15 37
20
16 48
16 36
16 7
16 19
16 17
16 21
16 2
16 29
16 47
16 43
16 9
16 12
16 42
16 35
16 11
16 14
16 4
16 32
16 10
16 27
27
17 40
17 15
17 33
17 37
17 29
17 7
17 43
17 34
17 27
17 48
17 14
17 23
17 5
17 36
17 32
17 13
17 35
17 44
17 2
17 30
17 49
17 41
17 9
17 12
17 6
17 3
17 8
25
18 40
18 25
18 37
18 45
18 19
18 36
18 16
18 33
18 12
18 20
18 13
18 11
18 38
18 47
18 31
18 34
18 39
18 8
18 44
18 6
18 17
18 14
18 0
18 49
18 26
21
19 22
19 9
19 45
19 17
19 33
19 30
19 21
19 10
19 35
19 2
19 20
19 11
19 4
19 31
19 46
19 48
19 39
19 15
19 49
19 43
19 27
27
20 2
20 7
20 17
20 16
20 5
20 8
20 24
20 47
20 13
20 35
20 37
20 26
20 38
20 34
20 46
20 43
20 40
20 25
20 44
20 32
20 1
20 12
20 41
20 11
20 29
20 15
20 21
17
21 6
21 29
21 36
21 30
21 25
21 33
21 10
21 48
21 12
21 41
21 3
21 43
21 13
21 17
21 34
21 15
21 18
20
22 1
22 15
22 30
22 0
22 36
22 20
22 21
22 8
22 2
22 34
22 40
22 47
22 6
22 4
22 11
22 49
22 39
22 45
22 23
22 7
20
23 21
23 25
23 39
23 48
23 15
23 14
23 45
23 16
23 42
23 40
23 35
23 5
23 7
23 8
23 27
23 13
23 18
23 29
23 20
23 49
22
24 7
24 5
24 42
24 3
24 43
24 14
24 13
24 11
24 4
24 0
24 8
24 30
24 27
24 10
24 19
24 17
24 29
24 40
24 45
24 35
24 31
24 49
20
25 35
25 31
25 19
25 26
25 9
25 11
25 36
25 30
25 22
25 34
25 46
25 24
25 14
25 39
25 1
25 40
25 17
25 29
25 8
25 43
18
26 1
26 21
26 7
26 44
26 42
26 19
26 24
26 16
26 39
26 28
26 30
26 48
26 0
26 49
26 45
26 15
26 8
26 33
17
27 42
27 40
27 29
27 26
27 6
27 7
27 44
27 33
27 30
27 18
27 43
27 5
27 22
27 21
27 14
27 36
27 3
21
28 46
28 32
28 19
28 22
28 17
28 0
28 27
28 37
28 13
28 24
28 42
28 10
28 21
28 16
28 18
28 45
28 39
28 31
28 25
28 47
28 5
14
29 11
29 33
29 12
29 41
29 42
29 35
29 49
29 36
29 31
29 19
29 7
29 9
29 30
29 32
18
30 33
30 40
30 8
30 41
30 45
30 4
30 9
30 48
30 31
30 15
30 12
30 42
30 0
30 47
30 18
30 39
30 14
30 34
18
31 4
31 7
31 26
31 1
31 20
31 39
31 22
31 5
31 42
31 45
31 32
31 17
31 15
31 27
31 21
31 35
31 43
31 13
19
32 27
32 21
32 38
32 49
32 39
32 34
32 40
32 45
32 18
32 48
32 44
32 36
32 19
32 22
32 9
32 4
32 26
32 30
32 23
18
33 6
33 16
33 37
33 44
33 10
33 34
33 41
33 28
33 25
33 3
33 4
33 7
33 24
33 43
33 22
33 23
33 32
33 48
18
34 49
34 23
34 19
34 27
34 43
34 7
34 37
34 3
34 28
34 26
34 24
34 38
34 8
34 29
34 10
34 16
34 44
34 15
13
35 1
35 28
35 6
35 43
35 40
35 26
35 27
35 22
35 33
35 18
35 32
35 46
35 39
18
36 34
36 20
36 33
36 43
36 28
36 15
36 8
36 19
36 42
36 26
36 30
36 13
36 44
36 37
36 14
36 48
36 24
36 38
19
37 3
37 41
37 46
37 9
37 29
37 40
37 26
37 19
37 5
37 35
37 8
37 13
37 6
37 25
37 38
37 12
37 11
37 47
37 1
19
38 17
38 15
38 0
38 31
38 8
38 19
38 27
38 42
38 28
38 26
38 25
38 33
38 6
38 35
38 48
38 30
38 7
38 24
38 10
16
39 16
39 47
39 6
39 27
39 29
39 36
39 42
39 41
39 12
39 34
39 1
39 4
39 8
39 21
39 46
39 5
21
40 10
40 9
40 36
40 2
40 42
40 16
40 49
40 41
40 29
40 7
40 5
40 11
40 45
40 31
40 28
40 26
40 3
40 0
40 34
40 4
40 43
25
41 46
41 4
41 26
41 31
41 9
41 23
41 32
41 2
41 13
41 18
41 48
41 12
41 16
41 10
41 34
41 27
41 45
41 1
41 6
41 36
41 22
41 25
41 35
41 28
41 24
15
42 19
42 8
42 13
42 34
42 25
42 2
42 1
42 0
42 18
42 14
42 33
42 4
42 9
42 44
42 10
17
43 26
43 11
43 9
43 37
43 32
43 22
43 7
43 38
43 46
43 41
43 29
43 48
43 6
43 39
43 1
43 18
43 42
17
44 6
44 46
44 39
44 24
44 3
44 37
44 28
44 15
44 2
44 22
44 29
44 25
44 41
44 1
44 11
44 30
44 19
19
45 46
45 42
45 2
45 4
45 5
45 10
45 38
45 6
45 44
45 43
45 17
45 36
45 8
45 21
45 37
45 20
45 27
45 16
45 35
22
46 9
46 10
46 23
46 36
46 18
46 30
46 40
46 16
46 15
46 26
46 14
46 42
46 47
46 33
46 29
46 22
46 27
46 1
46 8
46 21
46 38
46 0
20
47 12
47 32
47 41
47 23
47 38
47 42
47 49
47 44
47 17
47 31
47 43
47 34
47 21
47 2
47 3
47 27
47 35
47 11
47 26
47 0
20
48 2
48 11
48 14
48 25
48 35
48 22
48 7
48 34
48 0
48 44
48 47
48 27
48 8
48 29
48 49
48 1
48 37
48 39
48 42
48 9
19
49 2
49 31
49 37
49 35
49 36
49 41
49 5
49 27
49 46
49 21
49 33
49 44
49 9
49 1
49 3
49 43
49 39
49 20
49 45
