50
0 "A18"
1 "A7"
2 "A11"
3 "A26"
4 "A8"
5 "A48"
6 "A31"
7 "A41"
8 "A5"
9 "A32"
10 "A45"
11 "A14"
12 "A15"
13 "A19"
14 "A21"
15 "A40"
16 "A33"
17 "A38"
18 "A44"
19 "A47"
20 "A2"
21 "A43"
22 "A24"
23 "A42"
24 "A27"
25 "A34"
26 "A13"
27 "A1"
28 "A49"
29 "A12"
30 "A20"
31 "A35"
32 "A25"
33 "A29"
34 "A3"
35 "A16"
36 "A37"
37 "A4"
38 "A30"
39 "A10"
40 "A39"
41 "A9"
42 "A22"
43 "A17"
44 "A23"
45 "A28"
46 "A0"
47 "A36"
48 "A46"
49 "A6"
22
0 21
0 6
0 33
0 5
0 45
0 35
0 49
0 47
0 11
0 8
0 31
0 28
0 1
0 3
0 22
0 27
0 48
0 40
0 14
0 2
0 19
0 44
15
1 12
1 10
1 15
1 31
1 44
1 13
1 38
1 21
1 27
1 28
1 36
1 34
1 29
1 3
1 24
22
2 5
2 40
2 46
2 12
2 16
2 29
2 15
2 8
2 28
2 34
2 26
2 48
2 37
2 19
2 33
2 10
2 3
2 27
2 1
2 6
2 9
2 14
20
3 8
3 34
3 17
3 22
3 25
3 13
3 14
3 29
3 46
3 5
3 11
3 28
3 41
3 7
3 31
3 42
3 4
3 47
3 10
3 30
13
4 26
4 14
4 13
4 29
4 23
4 2
4 7
4 45
4 19
4 6
4 5
4 47
4 41
15
5 29
5 36
5 30
5 24
5 25
5 19
5 34
5 27
5 31
5 26
5 23
5 8
5 18
5 22
5 42
17
6 34
6 1
6 12
6 10
6 36
6 32
6 40
6 31
6 25
6 23
6 13
6 20
6 17
6 30
6 15
6 19
6 16
17
7 36
7 23
7 26
7 29
7 39
7 25
7 5
7 48
7 18
7 0
7 30
7 2
7 19
7 28
7 6
7 46
7 44
22
8 19
8 25
8 39
8 10
8 14
8 17
8 46
8 4
8 38
8 49
8 23
8 33
8 15
8 21
8 36
8 40
8 47
8 24
8 20
8 11
8 6
8 7
26
9 46
9 0
9 35
9 44
9 31
9 23
9 24
9 10
9 1
9 13
9 11
9 19
9 37
9 20
9 12
9 25
9 3
9 14
9 7
9 15
9 16
9 8
9 47
9 41
9 21
9 6
18
10 16
10 24
10 34
10 4
10 25
10 11
10 43
10 20
10 36
10 21
10 39
10 23
10 45
10 27
10 42
10 5
10 7
10 0
22
11 1
11 7
11 15
11 47
11 23
11 28
11 40
11 45
11 42
11 36
11 43
11 29
11 16
11 27
11 20
11 2
11 35
11 6
11 18
11 14
11 31
11 4
17
12 8
12 30
12 14
12 21
12 5
12 17
12 3
12 20
12 10
12 49
12 7
12 22
12 29
12 4
12 18
12 44
12 35
16
13 29
13 44
13 11
13 40
13 0
13 21
13 27
13 35
13 20
13 22
13 16
13 10
13 43
13 18
13 2
13 47
18
14 5
14 39
14 17
14 38
14 28
14 33
14 26
14 10
14 30
14 19
14 36
14 13
14 7
14 43
14 6
14 37
14 20
14 32
22
15 20
15 13
15 36
15 5
15 42
15 39
15 17
15 27
15 26
15 30
15 25
15 34
15 12
15 44
15 47
15 3
15 49
15 29
15 32
15 14
15 41
15 4
22
16 0
16 24
16 28
16 47
16 27
16 7
16 15
16 22
16 12
16 8
16 4
16 17
16 49
16 3
16 5
16 48
16 45
16 36
16 32
16 43
16 44
16 26
17
17 26
17 43
17 7
17 49
17 10
17 31
17 33
17 28
17 18
17 4
17 2
17 41
17 48
17 1
17 5
17 36
17 13
17
18 0
18 9
18 27
18 28
18 37
18 32
18 2
18 40
18 8
18 21
18 20
18 10
18 44
18 6
18 24
18 30
18 26
15
19 28
19 18
19 49
19 29
19 35
19 37
19 33
19 13
19 46
19 12
19 42
19 26
19 36
19 11
19 31
22
20 24
20 3
20 45
20 49
20 16
20 19
20 33
20 22
20 27
20 37
20 23
20 7
20 4
20 0
20 40
20 5
20 39
20 17
20 35
20 36
20 25
20 38
22
21 11
21 49
21 37
21 40
21 23
21 35
21 20
21 39
21 34
21 15
21 4
21 3
21 28
21 33
21 46
21 30
21 19
21 5
21 43
21 2
21 47
21 45
17
22 39
22 31
22 28
22 36
22 15
22 6
22 17
22 4
22 1
22 32
22 14
22 19
22 49
22 18
22 21
22 30
22 38
19
23 13
23 33
23 27
23 3
23 32
23 1
23 2
23 30
23 24
23 45
23 19
23 25
23 42
23 34
23 38
23 14
23 12
23 48
23 26
21
24 21
24 11
24 35
24 43
24 15
24 49
24 27
24 44
24 17
24 22
24 28
24 25
24 34
24 31
24 30
24 19
24 38
24 2
24 4
24 14
24 6
12
25 28
25 16
25 2
25 42
25 40
25 17
25 21
25 45
25 13
25 35
25 39
25 44
19
26 3
26 10
26 29
26 22
26 12
26 27
26 36
26 21
26 25
26 13
26 33
26 39
26 20
26 28
26 46
26 6
26 43
26 44
26 35
19
27 3
27 34
27 38
27 43
27 22
27 25
27 17
27 31
27 19
27 6
27 7
27 33
27 40
27 8
27 36
27 21
27 49
27 45
27 44
19
28 45
28 46
28 13
28 10
28 38
28 27
28 41
28 31
28 15
28 6
28 48
28 20
28 8
28 30
28 39
28 12
28 5
28 9
28 4
14
29 16
29 25
29 45
29 17
29 10
29 31
29 30
29 27
29 44
29 20
29 24
29 49
29 9
29 48
14
30 25
30 1
30 17
30 0
30 2
30 27
30 20
30 40
30 13
30 4
30 35
30 19
30 10
30 49
21
31 21
31 41
31 42
31 38
31 23
31 8
31 20
31 7
31 18
31 32
31 2
31 37
31 46
31 25
31 45
31 13
31 10
31 48
31 4
31 14
31 16
22
32 10
32 41
32 13
32 0
32 4
32 7
32 25
32 30
32 29
32 9
32 5
32 28
32 40
32 8
32 11
32 17
32 19
32 3
32 26
32 1
32 27
32 38
18
33 3
33 30
33 11
33 49
33 5
33 42
33 15
33 39
33 10
33 28
33 7
33 31
33 32
33 45
33 29
33 4
33 18
33 6
24
34 46
34 33
34 20
34 25
34 22
34 17
34 30
34 29
34 32
34 43
34 36
34 49
34 48
34 45
34 13
34 9
34 47
34 41
34 14
34 26
34 40
34 28
34 19
34 4
21
35 27
35 14
35 36
35 7
35 32
35 42
35 1
35 46
35 44
35 40
35 15
35 3
35 6
35 5
35 18
35 8
35 33
35 16
35 10
35 28
35 29
19
36 3
36 18
36 30
36 28
36 40
36 42
36 23
36 2
36 47
36 33
36 29
36 0
36 12
36 31
36 49
36 21
36 25
36 39
36 32
27
37 17
37 10
37 40
37 29
37 26
37 43
37 35
37 42
37 30
37 25
37 7
37 22
37 49
37 15
37 12
37 36
37 5
37 34
37 24
37 33
37 44
37 0
37 47
37 16
37 3
37 6
37 32
26
38 6
38 33
38 11
38 30
38 37
38 13
38 35
38 44
38 47
38 2
38 48
38 12
38 17
38 15
38 4
38 10
38 5
38 21
38 19
38 0
38 29
38 18
38 25
38 16
38 9
38 40
22
39 12
39 34
39 32
39 41
39 27
39 19
39 37
39 35
39 11
39 13
39 5
39 29
39 31
39 17
39 42
39 2
39 9
39 18
39 30
39 23
39 16
39 1
16
40 33
40 19
40 23
40 41
40 15
40 48
40 4
40 10
40 31
40 29
40 28
40 3
40 17
40 16
40 24
40 42
24
41 1
41 18
41 47
41 11
41 37
41 36
41 42
41 12
41 21
41 26
41 5
41 24
41 29
41 7
41 35
41 2
41 23
41 22
41 46
41 30
41 6
41 13
41 10
41 43
21
42 4
42 1
42 0
42 22
42 30
42 38
42 7
42 9
42 29
42 43
42 47
42 45
42 20
42 27
42 18
42 17
42 16
42 48
42 2
42 49
42 34
23
43 31
43 1
43 35
43 22
43 8
43 0
43 4
43 39
43 2
43 30
43 48
43 36
43 29
43 6
43 33
43 23
43 25
43 38
43 49
43 32
43 19
43 7
43 5
23
44 11
44 8
44 19
44 31
44 6
44 49
44 41
44 32
44 2
44 10
44 17
44 42
44 30
44 43
44 33
44 14
44 3
44 47
44 45
44 40
44 39
44 5
44 20
16
45 36
45 24
45 35
45 26
45 14
45 41
45 39
45 9
45 22
45 12
45 32
45 17
45 8
45 7
45 6
45 19
27
46 18
46 39
46 11
46 40
46 27
46 25
46 32
46 43
46 45
46 44
46 22
46 5
46 48
46 20
46 6
46 17
46 12
46 24
46 1
46 0
46 4
46 42
46 37
46 29
46 16
46 10
46 47
21
47 39
47 33
47 27
47 14
47 1
47 24
47 20
47 25
47 26
47 12
47 19
47 7
47 35
47 31
47 30
47 23
47 45
47 22
47 2
47 10
47 40
22
48 30
48 1
48 47
48 10
48 4
48 11
48 3
48 26
48 39
48 5
48 27
48 24
48 14
48 12
48 36
48 6
48 18
48 22
48 45
48 19
48 35
48 41
16
49 1
49 26
49 9
49 7
49 31
49 6
49 32
49 45
49 46
49 4
49 14
49 3
49 28
49 39
49 41
49 35
