50
0 "A18"
1 "A7"
2 "A11"
3 "A26"
4 "A8"
5 "A48"
6 "A31"
7 "A41"
8 "A5"
9 "A32"
10 "A45"
11 "A14"
12 "A15"
13 "A19"
14 "A21"
15 "A40"
16 "A33"
17 "A38"
18 "A44"
19 "A47"
20 "A2"
21 "A43"
22 "A24"
23 "A42"
24 "A27"
25 "A34"
26 "A13"
27 "A1"
28 "A49"
29 "A12"
30 "A20"
31 "A35"
32 "A25"
33 "A29"
34 "A3"
35 "A16"
36 "A37"
37 "A4"
38 "A30"
39 "A10"
40 "A39"
41 "A9"
42 "A22"
43 "A17"
44 "A23"
45 "A28"
46 "A0"
47 "A36"
48 "A46"
49 "A6"
19
0 36
0 18
0 38
0 17
0 40
0 43
0 28
0 5
0 31
0 11
0 24
0 32
0 42
0 4
0 25
0 46
0 27
0 39
0 47
20
1 31
1 12
1 23
1 48
1 20
1 37
1 42
1 0
1 41
1 38
1 39
1 49
1 44
1 16
1 18
1 28
1 17
1 32
1 35
1 19
22
2 28
2 31
2 27
2 23
2 22
2 34
2 18
2 36
2 24
2 38
2 42
2 9
2 32
2 20
2 14
2 29
2 8
2 35
2 26
2 0
2 16
2 30
27
3 1
3 41
3 36
3 32
3 12
3 22
3 18
3 34
3 20
3 45
3 29
3 38
3 25
3 44
3 48
3 24
3 10
3 49
3 9
3 33
3 28
3 23
3 16
3 19
3 17
3 2
3 31
25
4 47
4 32
4 18
4 15
4 27
4 45
4 29
4 36
4 6
4 46
4 40
4 38
4 17
4 26
4 35
4 48
4 28
4 42
4 3
4 5
4 13
4 14
4 49
4 24
4 9
18
5 10
5 11
5 28
5 2
5 6
5 41
5 33
5 39
5 3
5 49
5 38
5 18
5 29
5 20
5 30
5 32
5 19
5 7
25
6 22
6 8
6 1
6 11
6 13
6 9
6 33
6 32
6 20
6 45
6 24
6 29
6 39
6 44
6 48
6 43
6 41
6 36
6 0
6 19
6 30
6 23
6 25
6 26
6 2
24
7 41
7 8
7 2
7 9
7 29
7 35
7 40
7 1
7 19
7 4
7 34
7 12
7 3
7 6
7 27
7 31
7 48
7 0
7 21
7 25
7 15
7 30
7 39
7 17
14
8 3
8 5
8 13
8 1
8 11
8 33
8 31
8 4
8 47
8 10
8 29
8 21
8 12
8 19
18
9 35
9 20
9 5
9 45
9 8
9 21
9 26
9 19
9 33
9 29
9 14
9 10
9 23
9 27
9 0
9 31
9 1
9 32
18
10 2
10 43
10 31
10 32
10 0
10 4
10 45
10 37
10 15
10 33
10 6
10 11
10 27
10 19
10 49
10 13
10 38
10 7
20
11 9
11 41
11 24
11 28
11 2
11 23
11 33
11 14
11 25
11 45
11 12
11 49
11 38
11 7
11 20
11 48
11 21
11 30
11 15
11 1
22
12 9
12 16
12 31
12 20
12 46
12 22
12 0
12 10
12 27
12 29
12 45
12 37
12 34
12 26
12 48
12 14
12 2
12 43
12 44
12 25
12 40
12 36
18
13 11
13 0
13 48
13 33
13 20
13 22
13 5
13 1
13 2
13 25
13 3
13 43
13 47
13 32
13 12
13 21
13 41
13 38
22
14 30
14 10
14 39
14 8
14 33
14 1
14 36
14 17
14 19
14 18
14 42
14 25
14 0
14 31
14 29
14 20
14 6
14 43
14 16
14 7
14 13
14 46
22
15 37
15 13
15 14
15 1
15 18
15 24
15 3
15 31
15 40
15 30
15 29
15 46
15 6
15 25
15 38
15 23
15 16
15 12
15 48
15 21
15 0
15 33
23
16 39
16 30
16 35
16 10
16 32
16 43
16 29
16 8
16 26
16 46
16 20
16 4
16 45
16 22
16 36
16 5
16 25
16 21
16 27
16 28
16 13
16 6
16 17
16
17 40
17 24
17 43
17 46
17 25
17 15
17 30
17 6
17 21
17 2
17 10
17 18
17 45
17 9
17 13
17 44
18
18 22
18 45
18 9
18 35
18 28
18 21
18 34
18 12
18 25
18 29
18 37
18 6
18 33
18 8
18 41
18 39
18 24
18 11
16
19 42
19 44
19 41
19 31
19 21
19 4
19 36
19 13
19 22
19 24
19 35
19 11
19 16
19 39
19 43
19 38
22
20 0
20 42
20 21
20 30
20 43
20 29
20 35
20 19
20 15
20 49
20 24
20 17
20 41
20 22
20 28
20 4
20 31
20 10
20 23
20 26
20 47
20 34
19
21 2
21 49
21 10
21 32
21 42
21 34
21 3
21 0
21 33
21 29
21 25
21 5
21 36
21 37
21 38
21 28
21 35
21 44
21 26
24
22 21
22 15
22 8
22 43
22 47
22 1
22 32
22 10
22 4
22 33
22 46
22 5
22 31
22 27
22 37
22 26
22 29
22 17
22 39
22 42
22 9
22 34
22 48
22 40
23
23 22
23 21
23 10
23 17
23 38
23 28
23 12
23 4
23 36
23 37
23 30
23 19
23 31
23 24
23 13
23 49
23 5
23 39
23 25
23 26
23 46
23 27
23 8
16
24 16
24 39
24 25
24 40
24 32
24 37
24 30
24 35
24 31
24 34
24 9
24 10
24 7
24 21
24 47
24 8
15
25 46
25 1
25 34
25 19
25 36
25 20
25 35
25 10
25 45
25 40
25 41
25 8
25 9
25 48
25 22
20
26 19
26 11
26 40
26 7
26 5
26 35
26 24
26 28
26 37
26 33
26 48
26 10
26 1
26 13
26 0
26 15
26 17
26 43
26 8
26 42
21
27 17
27 38
27 29
27 1
27 19
27 40
27 41
27 3
27 8
27 31
27 47
27 32
27 26
27 5
27 46
27 15
27 13
27 18
27 30
27 49
27 14
16
28 13
28 14
28 32
28 38
28 39
28 41
28 17
28 45
28 35
28 8
28 25
28 29
28 15
28 33
28 40
28 27
12
29 19
29 1
29 33
29 17
29 40
29 26
29 30
29 37
29 23
29 39
29 35
29 25
16
30 8
30 3
30 4
30 22
30 18
30 31
30 19
30 33
30 12
30 28
30 21
30 9
30 13
30 41
30 42
30 37
15
31 21
31 26
31 44
31 28
31 40
31 35
31 17
31 4
31 29
31 45
31 37
31 46
31 38
31 32
31 6
17
32 36
32 7
32 18
32 17
32 14
32 29
32 20
32 34
32 45
32 26
32 19
32 15
32 48
32 30
32 44
32 46
32 23
20
33 20
33 24
33 42
33 4
33 12
33 27
33 38
33 46
33 23
33 7
33 44
33 31
33 25
33 40
33 2
33 36
33 17
33 1
33 35
33 49
24
34 13
34 37
34 36
34 19
34 35
34 16
34 28
34 27
34 0
34 42
34 38
34 44
34 14
34 8
34 48
34 47
34 30
34 45
34 40
34 11
34 43
34 15
34 9
34 23
21
35 12
35 3
35 6
35 42
35 44
35 41
35 14
35 23
35 17
35 11
35 13
35 39
35 8
35 46
35 27
35 48
35 0
35 47
35 22
35 10
35 43
21
36 26
36 35
36 42
36 18
36 29
36 43
36 31
36 10
36 39
36 47
36 15
36 9
36 5
36 22
36 8
36 13
36 37
36 27
36 41
36 28
36 20
17
37 13
37 17
37 9
37 3
37 38
37 16
37 49
37 39
37 7
37 4
37 0
37 47
37 2
37 25
37 28
37 19
37 14
17
38 16
38 30
38 7
38 46
38 32
38 35
38 24
38 14
38 26
38 36
38 20
38 8
38 29
38 12
38 6
38 9
38 43
19
39 13
39 4
39 17
39 46
39 25
39 41
39 44
39 10
39 26
39 33
39 2
39 31
39 11
39 20
39 34
39 42
39 9
39 15
39 30
20
40 10
40 46
40 8
40 48
40 1
40 43
40 3
40 16
40 30
40 35
40 39
40 23
40 45
40 19
40 36
40 44
40 37
40 20
40 2
40 6
18
41 15
41 29
41 17
41 32
41 26
41 0
41 12
41 23
41 21
41 2
41 40
41 24
41 22
41 44
41 37
41 16
41 46
41 8
24
42 25
42 11
42 29
42 9
42 15
42 28
42 3
42 8
42 17
42 32
42 27
42 31
42 18
42 43
42 5
42 7
42 13
42 46
42 10
42 37
42 38
42 12
42 40
42 24
17
43 24
43 29
43 4
43 1
43 9
43 45
43 37
43 15
43 44
43 3
43 32
43 11
43 7
43 31
43 21
43 27
43 23
21
44 9
44 8
44 37
44 49
44 28
44 16
44 10
44 36
44 29
44 5
44 4
44 0
44 22
44 13
44 38
44 26
44 14
44 30
44 2
44 11
44 23
14
45 0
45 13
45 41
45 7
45 27
45 15
45 1
45 30
45 42
45 37
45 24
45 26
45 21
45 22
15
46 19
46 49
46 44
46 20
46 34
46 36
46 3
46 45
46 29
46 47
46 26
46 24
46 18
46 2
46 6
20
47 1
47 38
47 19
47 44
47 9
47 5
47 11
47 28
47 18
47 41
47 39
47 25
47 2
47 26
47 21
47 17
47 7
47 45
47 31
47 29
26
48 0
48 30
48 37
48 24
48 2
48 36
48 29
48 27
48 28
48 23
48 10
48 49
48 14
48 9
48 18
48 42
48 31
48 47
48 39
48 19
48 41
48 21
48 20
48 16
48 44
48 33
23
49 2
49 29
49 19
49 14
49 38
49 31
49 43
49 26
49 35
49 41
49 40
49 42
49 7
49 47
49 32
49 15
49 6
49 17
49 13
49 16
49 45
49 28
49 12
