50
0 "A49"
1 "A31"
2 "A24"
3 "A20"
4 "A41"
5 "A44"
6 "A1"
7 "A26"
8 "A40"
9 "A23"
10 "A33"
11 "A4"
12 "A42"
13 "A0"
14 "A37"
15 "A16"
16 "A39"
17 "A11"
18 "A38"
19 "A18"
20 "A25"
21 "A47"
22 "A29"
23 "A35"
24 "A8"
25 "A14"
26 "A21"
27 "A45"
28 "A30"
29 "A17"
30 "A12"
31 "A5"
32 "A6"
33 "A43"
34 "A2"
35 "A32"
36 "A34"
37 "A10"
38 "A15"
39 "A28"
40 "A48"
41 "A13"
42 "A19"
43 "A27"
44 "A22"
45 "A7"
46 "A3"
47 "A9"
48 "A46"
49 "A36"
18
0 26
0 42
0 28
0 13
0 22
0 16
0 32
0 4
0 23
0 8
0 9
0 1
0 41
0 21
0 7
0 34
0 46
0 43
16
1 12
1 26
1 22
1 4
1 30
1 47
1 19
1 34
1 5
1 11
1 18
1 29
1 14
1 15
1 20
1 45
18
2 17
2 24
2 42
2 43
2 41
2 39
2 3
2 49
2 37
2 20
2 1
2 38
2 25
2 45
2 12
2 28
2 5
2 23
23
3 27
3 39
3 15
3 35
3 46
3 36
3 8
3 16
3 13
3 48
3 12
3 47
3 0
3 4
3 29
3 23
3 44
3 17
3 18
3 10
3 41
3 20
3 26
23
4 48
4 8
4 30
4 29
4 44
4 46
4 21
4 47
4 13
4 15
4 49
4 17
4 26
4 27
4 28
4 39
4 12
4 11
4 35
4 36
4 16
4 20
4 31
14
5 45
5 40
5 6
5 38
5 21
5 22
5 9
5 4
5 28
5 41
5 39
5 48
5 0
5 12
17
6 1
6 26
6 29
6 18
6 46
6 9
6 2
6 48
6 7
6 19
6 13
6 44
6 45
6 3
6 20
6 12
6 15
21
7 19
7 15
7 5
7 1
7 23
7 41
7 22
7 45
7 13
7 4
7 24
7 25
7 36
7 44
7 26
7 33
7 40
7 32
7 27
7 12
7 37
22
8 6
8 14
8 18
8 28
8 9
8 36
8 30
8 1
8 29
8 19
8 21
8 37
8 40
8 48
8 2
8 10
8 22
8 44
8 42
8 5
8 7
8 35
21
9 37
9 33
9 12
9 25
9 2
9 47
9 16
9 11
9 35
9 21
9 32
9 46
9 31
9 40
9 49
9 38
9 34
9 26
9 17
9 13
9 27
25
10 17
10 31
10 22
10 6
10 45
10 1
10 49
10 35
10 29
10 41
10 42
10 40
10 14
10 11
10 46
10 37
10 7
10 24
10 30
10 44
10 48
10 5
10 25
10 12
10 32
15
11 26
11 14
11 22
11 6
11 5
11 36
11 24
11 44
11 8
11 7
11 13
11 38
11 2
11 0
11 39
15
12 28
12 8
12 11
12 15
12 39
12 22
12 42
12 38
12 37
12 14
12 29
12 0
12 47
12 13
12 40
15
13 47
13 8
13 45
13 40
13 23
13 43
13 29
13 16
13 38
13 18
13 24
13 14
13 27
13 10
13 17
20
14 42
14 2
14 19
14 9
14 35
14 17
14 3
14 47
14 28
14 34
14 39
14 46
14 40
14 5
14 7
14 4
14 20
14 18
14 43
14 33
25
15 46
15 10
15 37
15 11
15 20
15 44
15 28
15 40
15 36
15 13
15 38
15 23
15 9
15 26
15 48
15 39
15 31
15 22
15 42
15 0
15 32
15 17
15 45
15 8
15 29
19
16 45
16 27
16 2
16 23
16 47
16 7
16 37
16 33
16 14
16 40
16 5
16 11
16 30
16 8
16 42
16 28
16 39
16 43
16 38
21
17 27
17 23
17 5
17 44
17 39
17 38
17 12
17 33
17 1
17 49
17 35
17 45
17 31
17 8
17 20
17 32
17 11
17 41
17 21
17 47
17 37
24
18 41
18 48
18 39
18 44
18 28
18 4
18 19
18 46
18 12
18 45
18 7
18 25
18 29
18 36
18 35
18 15
18 17
18 49
18 9
18 16
18 24
18 21
18 0
18 2
24
19 5
19 25
19 41
19 0
19 38
19 28
19 34
19 47
19 3
19 11
19 4
19 10
19 33
19 22
19 15
19 24
19 36
19 12
19 13
19 17
19 39
19 27
19 42
19 20
17
20 49
20 11
20 38
20 25
20 31
20 13
20 26
20 8
20 42
20 34
20 48
20 9
20 16
20 5
20 0
20 23
20 22
19
21 3
21 46
21 44
21 10
21 43
21 25
21 22
21 2
21 34
21 31
21 13
21 1
21 29
21 15
21 39
21 30
21 27
21 36
21 16
17
22 36
22 4
22 32
22 40
22 2
22 3
22 13
22 25
22 16
22 31
22 14
22 9
22 33
22 49
22 28
22 30
22 17
20
23 39
23 38
23 21
23 10
23 22
23 33
23 25
23 43
23 5
23 14
23 1
23 6
23 18
23 48
23 11
23 44
23 8
23 45
23 24
23 12
20
24 28
24 45
24 12
24 41
24 33
24 0
24 1
24 3
24 34
24 27
24 22
24 31
24 20
24 4
24 44
24 16
24 14
24 6
24 39
24 8
15
25 27
25 13
25 29
25 1
25 37
25 15
25 34
25 40
25 8
25 46
25 42
25 5
25 41
25 43
25 26
19
26 23
26 49
26 14
26 5
26 10
26 19
26 28
26 32
26 17
26 22
26 44
26 16
26 31
26 13
26 29
26 18
26 30
26 40
26 12
21
27 30
27 31
27 39
27 37
27 43
27 23
27 22
27 15
27 8
27 38
27 47
27 11
27 28
27 12
27 2
27 46
27 20
27 10
27 26
27 36
27 18
23
28 6
28 46
28 44
28 30
28 29
28 10
28 17
28 23
28 1
28 25
28 7
28 38
28 21
28 35
28 49
28 11
28 20
28 47
28 34
28 33
28 48
28 9
28 39
18
29 9
29 45
29 0
29 36
29 27
29 20
29 14
29 32
29 48
29 46
29 43
29 40
29 11
29 47
29 19
29 17
29 2
29 23
24
30 32
30 29
30 34
30 33
30 15
30 6
30 25
30 19
30 9
30 23
30 17
30 31
30 18
30 5
30 20
30 46
30 0
30 47
30 13
30 43
30 12
30 45
30 24
30 14
15
31 40
31 11
31 5
31 33
31 0
31 46
31 2
31 8
31 44
31 1
31 38
31 23
31 7
31 45
31 28
25
32 8
32 28
32 19
32 47
32 38
32 12
32 14
32 20
32 21
32 5
32 40
32 4
32 6
32 1
32 3
32 33
32 16
32 18
32 48
32 46
32 2
32 11
32 34
32 35
32 13
25
33 8
33 29
33 18
33 36
33 21
33 4
33 25
33 41
33 27
33 48
33 26
33 38
33 5
33 46
33 43
33 3
33 6
33 10
33 44
33 0
33 13
33 11
33 15
33 1
33 42
25
34 18
34 8
34 35
34 39
34 6
34 27
34 37
34 49
34 26
34 29
34 47
34 7
34 4
34 44
34 36
34 5
34 40
34 10
34 46
34 43
34 33
34 12
34 13
34 31
34 16
22
35 21
35 6
35 24
35 2
35 30
35 36
35 22
35 5
35 25
35 13
35 27
35 31
35 43
35 12
35 38
35 16
35 48
35 7
35 23
35 33
35 39
35 19
17
36 28
36 39
36 5
36 16
36 2
36 24
36 12
36 17
36 13
36 10
36 1
36 23
36 49
36 25
36 38
36 43
36 0
20
37 18
37 19
37 6
37 5
37 22
37 38
37 35
37 13
37 20
37 46
37 42
37 33
37 3
37 4
37 1
37 0
37 21
37 11
37 31
37 30
16
38 25
38 24
38 41
38 6
38 42
38 30
38 0
38 45
38 26
38 49
38 48
38 10
38 4
38 3
38 43
38 22
18
39 44
39 22
39 26
39 33
39 10
39 49
39 41
39 31
39 46
39 40
39 38
39 8
39 48
39 37
39 29
39 43
39 6
39 20
18
40 4
40 3
40 19
40 37
40 42
40 20
40 21
40 48
40 0
40 6
40 1
40 35
40 38
40 24
40 18
40 36
40 17
40 28
20
41 8
41 1
41 4
41 45
41 20
41 12
41 6
41 30
41 48
41 28
41 22
41 14
41 49
41 27
41 35
41 36
41 40
41 32
41 21
41 13
16
42 27
42 48
42 36
42 26
42 32
42 39
42 17
42 44
42 7
42 23
42 41
42 43
42 3
42 4
42 11
42 18
19
43 31
43 9
43 19
43 45
43 15
43 10
43 12
43 37
43 3
43 20
43 28
43 1
43 7
43 11
43 40
43 18
43 24
43 17
43 26
18
44 36
44 12
44 46
44 32
44 13
44 41
44 37
44 5
44 27
44 40
44 29
44 25
44 49
44 19
44 20
44 47
44 35
44 38
20
45 25
45 34
45 9
45 48
45 21
45 28
45 36
45 14
45 46
45 11
45 0
45 8
45 49
45 27
45 37
45 39
45 26
45 32
45 40
45 22
20
46 1
46 16
46 20
46 48
46 35
46 5
46 43
46 13
46 23
46 38
46 41
46 19
46 42
46 2
46 24
46 11
46 36
46 12
46 8
46 47
23
47 48
47 36
47 11
47 24
47 25
47 18
47 23
47 15
47 33
47 40
47 49
47 37
47 10
47 2
47 5
47 38
47 0
47 21
47 43
47 35
47 39
47 22
47 8
16
48 27
48 43
48 17
48 25
48 37
48 36
48 31
48 26
48 0
48 22
48 24
48 2
48 9
48 44
48 13
48 7
18
49 11
49 33
49 43
49 5
49 15
49 48
49 37
49 25
49 21
49 35
49 46
49 24
49 23
49 14
49 31
49 30
49 19
49 13
