50
0 "A49"
1 "A31"
2 "A24"
3 "A20"
4 "A41"
5 "A44"
6 "A1"
7 "A26"
8 "A40"
9 "A23"
10 "A33"
11 "A4"
12 "A42"
13 "A0"
14 "A37"
15 "A16"
16 "A39"
17 "A11"
18 "A38"
19 "A18"
20 "A25"
21 "A47"
22 "A29"
23 "A35"
24 "A8"
25 "A14"
26 "A21"
27 "A45"
28 "A30"
29 "A17"
30 "A12"
31 "A5"
32 "A6"
33 "A43"
34 "A2"
35 "A32"
36 "A34"
37 "A10"
38 "A15"
39 "A28"
40 "A48"
41 "A13"
42 "A19"
43 "A27"
44 "A22"
45 "A7"
46 "A3"
47 "A9"
48 "A46"
49 "A36"
20
0 28
0 13
0 22
0 16
0 32
0 4
0 23
0 8
0 9
0 46
0 41
0 34
0 7
0 39
0 35
0 17
0 21
0 2
0 26
0 42
16
1 26
1 22
1 4
1 20
1 11
1 19
1 34
1 5
1 45
1 14
1 15
1 12
1 30
1 49
1 21
1 0
20
2 24
2 28
2 43
2 41
2 23
2 3
2 49
2 37
2 20
2 1
2 38
2 25
2 34
2 15
2 45
2 46
2 12
2 5
2 44
2 17
23
3 35
3 20
3 36
3 8
3 16
3 41
3 48
3 12
3 47
3 0
3 4
3 29
3 23
3 44
3 17
3 18
3 10
3 26
3 1
3 27
3 39
3 15
3 11
23
4 48
4 8
4 30
4 29
4 31
4 46
4 21
4 47
4 13
4 36
4 49
4 17
4 20
4 27
4 28
4 39
4 12
4 11
4 45
4 9
4 35
4 16
4 26
13
5 45
5 40
5 6
5 0
5 21
5 22
5 9
5 48
5 42
5 4
5 28
5 39
5 12
20
6 29
6 15
6 46
6 9
6 2
6 48
6 7
6 19
6 25
6 43
6 13
6 45
6 1
6 3
6 20
6 44
6 0
6 27
6 18
6 26
23
7 15
7 37
7 1
7 23
7 41
7 22
7 27
7 13
7 4
7 24
7 25
7 36
7 44
7 26
7 33
7 39
7 29
7 32
7 30
7 12
7 10
7 19
7 47
23
8 7
8 35
8 6
8 14
8 18
8 28
8 9
8 36
8 30
8 1
8 29
8 19
8 21
8 37
8 40
8 48
8 2
8 10
8 22
8 44
8 32
8 42
8 5
22
9 13
9 27
9 37
9 33
9 12
9 25
9 2
9 47
9 49
9 11
9 35
9 21
9 32
9 46
9 31
9 36
9 40
9 34
9 28
9 26
9 7
9 16
16
10 46
10 45
10 1
10 49
10 32
10 11
10 41
10 30
10 40
10 14
10 2
10 48
10 37
10 5
10 25
10 22
15
11 0
11 26
11 14
11 22
11 6
11 39
11 36
11 24
11 13
11 8
11 7
11 34
11 38
11 2
11 32
17
12 47
12 40
12 28
12 8
12 13
12 15
12 39
12 22
12 42
12 38
12 37
12 14
12 29
12 43
12 16
12 0
12 6
14
13 10
13 17
13 47
13 24
13 16
13 40
13 23
13 43
13 38
13 18
13 30
13 42
13 14
13 27
20
14 18
14 35
14 17
14 3
14 47
14 28
14 20
14 39
14 46
14 40
14 27
14 4
14 43
14 33
14 5
14 42
14 22
14 7
14 23
14 19
25
15 8
15 46
15 10
15 37
15 11
15 20
15 44
15 28
15 40
15 36
15 13
15 29
15 23
15 9
15 17
15 48
15 39
15 31
15 22
15 42
15 0
15 32
15 5
15 45
15 4
25
16 43
16 38
16 45
16 27
16 2
16 23
16 47
16 39
16 37
16 33
16 14
16 40
16 5
16 11
16 30
16 8
16 42
16 19
16 1
16 49
16 32
16 25
16 28
16 10
16 26
18
17 45
17 37
17 23
17 5
17 44
17 39
17 38
17 12
17 33
17 1
17 49
17 35
17 31
17 8
17 47
17 41
17 46
17 6
22
18 2
18 17
18 21
18 39
18 44
18 28
18 4
18 19
18 46
18 12
18 9
18 7
18 49
18 29
18 36
18 16
18 35
18 41
18 20
18 15
18 24
18 0
23
19 5
19 13
19 41
19 0
19 38
19 28
19 34
19 47
19 3
19 11
19 4
19 10
19 33
19 22
19 15
19 36
19 12
19 27
19 39
19 49
19 43
19 42
19 20
19
20 16
20 5
20 0
20 23
20 49
20 11
20 38
20 25
20 31
20 13
20 26
20 22
20 42
20 34
20 48
20 28
20 9
20 44
20 21
20
21 16
21 44
21 10
21 43
21 25
21 22
21 2
21 34
21 31
21 13
21 27
21 46
21 14
21 30
21 49
21 15
21 29
21 39
21 36
21 3
14
22 36
22 30
22 32
22 40
22 2
22 3
22 13
22 49
22 16
22 31
22 38
22 33
22 28
22 34
17
23 12
23 33
23 25
23 43
23 5
23 8
23 1
23 6
23 18
23 48
23 11
23 39
23 41
23 38
23 19
23 21
23 10
20
24 6
24 16
24 8
24 28
24 4
24 12
24 41
24 33
24 0
24 1
24 14
24 34
24 27
24 3
24 17
24 22
24 31
24 20
24 5
24 25
19
25 43
25 27
25 13
25 26
25 1
25 37
25 15
25 34
25 40
25 32
25 22
25 8
25 44
25 46
25 14
25 17
25 42
25 5
25 41
19
26 29
26 23
26 49
26 14
26 5
26 10
26 19
26 28
26 12
26 17
26 22
26 21
26 24
26 18
26 13
26 40
26 31
26 41
26 30
18
27 12
27 39
27 37
27 20
27 28
27 22
27 15
27 8
27 2
27 47
27 11
27 46
27 23
27 10
27 31
27 38
27 49
27 30
21
28 44
28 30
28 29
28 10
28 17
28 23
28 1
28 25
28 7
28 38
28 21
28 35
28 39
28 11
28 48
28 47
28 34
28 33
28 6
28 3
28 46
17
29 45
29 0
29 17
29 27
29 20
29 14
29 32
29 48
29 47
29 43
29 40
29 11
29 19
29 31
29 2
29 23
29 9
24
30 45
30 25
30 19
30 43
30 23
30 17
30 31
30 18
30 5
30 20
30 12
30 0
30 24
30 9
30 48
30 14
30 32
30 11
30 29
30 34
30 33
30 15
30 6
30 42
18
31 38
31 40
31 11
31 5
31 33
31 0
31 46
31 2
31 7
31 44
31 1
31 19
31 3
31 13
31 23
31 45
31 32
31 36
19
32 12
32 14
32 20
32 21
32 5
32 2
32 4
32 6
32 1
32 46
32 43
32 13
32 3
32 28
32 23
32 24
32 35
32 34
32 38
25
33 1
33 8
33 29
33 18
33 36
33 21
33 4
33 25
33 42
33 27
33 48
33 26
33 38
33 5
33 46
33 43
33 3
33 6
33 10
33 44
33 0
33 13
33 11
33 2
33 32
23
34 8
34 35
34 43
34 6
34 27
34 33
34 49
34 26
34 29
34 47
34 7
34 4
34 44
34 36
34 5
34 40
34 10
34 46
34 12
34 16
34 18
34 39
34 14
25
35 33
35 23
35 6
35 24
35 2
35 30
35 39
35 22
35 5
35 25
35 48
35 27
35 31
35 43
35 12
35 1
35 38
35 29
35 7
35 10
35 45
35 46
35 36
35 19
35 21
21
36 0
36 23
36 43
36 5
36 16
36 49
36 24
36 12
36 17
36 13
36 10
36 1
36 14
36 30
36 28
36 39
36 25
36 38
36 32
36 2
36 37
23
37 31
37 18
37 19
37 6
37 5
37 22
37 38
37 35
37 13
37 20
37 30
37 42
37 33
37 3
37 4
37 1
37 41
37 43
37 0
37 23
37 21
37 29
37 11
18
38 3
38 4
38 43
38 25
38 26
38 41
38 6
38 42
38 30
38 0
38 45
38 49
38 24
38 10
38 14
38 5
38 48
38 18
18
39 22
39 8
39 33
39 10
39 49
39 41
39 31
39 46
39 40
39 38
39 29
39 9
39 43
39 37
39 20
39 6
39 30
39 44
18
40 1
40 17
40 35
40 3
40 19
40 37
40 28
40 20
40 21
40 38
40 0
40 6
40 27
40 32
40 30
40 24
40 18
40 7
19
41 8
41 1
41 4
41 45
41 20
41 12
41 32
41 30
41 48
41 28
41 22
41 14
41 40
41 27
41 35
41 29
41 36
41 21
41 13
17
42 3
42 36
42 26
42 32
42 39
42 17
42 44
42 7
42 23
42 29
42 4
42 11
42 48
42 40
42 6
42 18
42 43
16
43 45
43 15
43 10
43 26
43 11
43 3
43 40
43 28
43 1
43 7
43 24
43 17
43 31
43 9
43 18
43 8
18
44 47
44 35
44 38
44 36
44 12
44 46
44 32
44 13
44 41
44 27
44 5
44 37
44 40
44 23
44 4
44 14
44 49
44 19
21
45 37
45 39
45 26
45 25
45 22
45 9
45 48
45 21
45 28
45 36
45 14
45 46
45 11
45 0
45 8
45 13
45 47
45 18
45 49
45 27
45 3
16
46 47
46 1
46 16
46 41
46 48
46 12
46 36
46 43
46 13
46 23
46 38
46 19
46 24
46 42
46 11
46 8
21
47 8
47 21
47 36
47 11
47 22
47 5
47 18
47 23
47 15
47 33
47 39
47 49
47 0
47 10
47 2
47 43
47 48
47 35
47 37
47 26
47 25
16
48 7
48 2
48 13
48 27
48 43
48 44
48 25
48 37
48 36
48 39
48 31
48 26
48 17
48 40
48 0
48 22
22
49 5
49 15
49 48
49 37
49 30
49 23
49 35
49 46
49 24
49 25
49 8
49 13
49 7
49 31
49 12
49 6
49 29
49 11
49 33
49 43
49 28
49 42
