50
0 "A7"
1 "A27"
2 "A4"
3 "A32"
4 "A37"
5 "A17"
6 "A24"
7 "A29"
8 "A26"
9 "A40"
10 "A46"
11 "A0"
12 "A3"
13 "A34"
14 "A20"
15 "A49"
16 "A31"
17 "A16"
18 "A36"
19 "A43"
20 "A44"
21 "A41"
22 "A8"
23 "A45"
24 "A19"
25 "A10"
26 "A22"
27 "A23"
28 "A25"
29 "A5"
30 "A12"
31 "A2"
32 "A11"
33 "A48"
34 "A39"
35 "A47"
36 "A6"
37 "A35"
38 "A9"
39 "A28"
40 "A21"
41 "A33"
42 "A42"
43 "A18"
44 "A30"
45 "A14"
46 "A15"
47 "A38"
48 "A13"
49 "A1"
18
0 33
0 28
0 38
0 47
0 8
0 31
0 45
0 2
0 17
0 25
0 36
0 42
0 37
0 9
0 3
0 43
0 44
0 39
17
1 4
1 13
1 16
1 23
1 35
1 48
1 45
1 5
1 15
1 27
1 20
1 18
1 2
1 8
1 32
1 19
1 31
20
2 9
2 31
2 18
2 25
2 35
2 26
2 46
2 14
2 7
2 47
2 34
2 24
2 29
2 30
2 12
2 44
2 23
2 4
2 19
2 48
16
3 17
3 24
3 27
3 46
3 20
3 44
3 11
3 23
3 35
3 48
3 28
3 47
3 10
3 42
3 6
3 15
18
4 22
4 46
4 7
4 11
4 33
4 28
4 49
4 8
4 12
4 40
4 19
4 31
4 43
4 5
4 23
4 32
4 30
4 18
17
5 17
5 33
5 19
5 0
5 30
5 36
5 22
5 44
5 31
5 11
5 35
5 49
5 46
5 2
5 40
5 37
5 34
18
6 37
6 8
6 13
6 1
6 45
6 19
6 31
6 26
6 16
6 23
6 42
6 9
6 34
6 5
6 2
6 0
6 4
6 33
21
7 5
7 18
7 13
7 33
7 41
7 1
7 21
7 35
7 23
7 20
7 19
7 38
7 24
7 14
7 37
7 29
7 17
7 27
7 30
7 42
7 26
14
8 15
8 17
8 23
8 2
8 19
8 18
8 29
8 3
8 20
8 32
8 16
8 39
8 7
8 11
22
9 3
9 28
9 34
9 43
9 32
9 47
9 42
9 46
9 21
9 14
9 12
9 7
9 22
9 27
9 40
9 16
9 11
9 19
9 41
9 29
9 39
9 37
21
10 49
10 16
10 6
10 12
10 1
10 40
10 42
10 23
10 35
10 7
10 31
10 2
10 0
10 34
10 18
10 5
10 41
10 24
10 28
10 9
10 13
16
11 27
11 48
11 15
11 49
11 35
11 36
11 6
11 14
11 19
11 2
11 7
11 0
11 21
11 26
11 41
11 1
21
12 40
12 15
12 17
12 14
12 37
12 7
12 27
12 24
12 6
12 3
12 8
12 22
12 34
12 5
12 1
12 43
12 30
12 33
12 36
12 23
12 38
23
13 41
13 36
13 45
13 12
13 44
13 26
13 29
13 25
13 46
13 28
13 11
13 23
13 43
13 19
13 3
13 15
13 9
13 35
13 48
13 30
13 20
13 42
13 2
19
14 15
14 18
14 34
14 38
14 22
14 23
14 30
14 1
14 45
14 32
14 0
14 31
14 47
14 5
14 27
14 44
14 37
14 10
14 41
16
15 7
15 23
15 9
15 33
15 19
15 4
15 37
15 0
15 2
15 17
15 20
15 29
15 39
15 44
15 5
15 42
16
16 45
16 12
16 15
16 26
16 40
16 37
16 47
16 14
16 11
16 39
16 49
16 2
16 19
16 24
16 5
16 13
20
17 27
17 42
17 35
17 1
17 44
17 2
17 41
17 13
17 14
17 29
17 11
17 36
17 30
17 21
17 6
17 26
17 39
17 4
17 48
17 9
19
18 15
18 49
18 24
18 39
18 12
18 11
18 33
18 47
18 43
18 22
18 21
18 5
18 48
18 35
18 13
18 38
18 25
18 29
18 16
16
19 27
19 49
19 45
19 21
19 40
19 12
19 10
19 24
19 30
19 47
19 18
19 0
19 37
19 22
19 25
19 14
19
20 28
20 30
20 19
20 29
20 9
20 16
20 21
20 33
20 49
20 18
20 4
20 42
20 6
20 12
20 0
20 39
20 23
20 14
20 35
26
21 12
21 44
21 15
21 8
21 3
21 34
21 47
21 33
21 41
21 5
21 40
21 2
21 39
21 37
21 10
21 43
21 13
21 0
21 4
21 22
21 30
21 49
21 24
21 31
21 46
21 38
19
22 27
22 15
22 16
22 0
22 13
22 2
22 20
22 8
22 37
22 46
22 36
22 43
22 1
22 30
22 34
22 17
22 3
22 10
22 29
16
23 30
23 21
23 33
23 11
23 19
23 18
23 40
23 35
23 26
23 32
23 41
23 16
23 43
23 17
23 5
23 36
22
24 13
24 1
24 17
24 31
24 5
24 15
24 6
24 4
24 46
24 8
24 14
24 48
24 11
24 37
24 20
24 23
24 28
24 27
24 22
24 39
24 40
24 0
26
25 32
25 26
25 40
25 17
25 22
25 7
25 12
25 14
25 38
25 36
25 3
25 15
25 48
25 9
25 21
25 37
25 4
25 6
25 24
25 42
25 45
25 46
25 35
25 43
25 33
25 10
19
26 40
26 12
26 8
26 15
26 4
26 48
26 14
26 5
26 46
26 9
26 32
26 31
26 39
26 3
26 44
26 36
26 28
26 0
26 37
23
27 20
27 16
27 0
27 49
27 36
27 30
27 25
27 29
27 10
27 32
27 5
27 23
27 13
27 15
27 18
27 41
27 40
27 28
27 6
27 46
27 4
27 21
27 44
19
28 36
28 11
28 32
28 17
28 31
28 25
28 12
28 5
28 14
28 16
28 1
28 8
28 47
28 43
28 23
28 41
28 37
28 44
28 15
21
29 49
29 12
29 25
29 3
29 39
29 31
29 33
29 35
29 21
29 19
29 43
29 44
29 5
29 4
29 24
29 0
29 10
29 11
29 45
29 16
29 1
22
30 16
30 28
30 25
30 32
30 37
30 41
30 49
30 6
30 29
30 45
30 11
30 39
30 40
30 26
30 34
30 3
30 24
30 1
30 0
30 18
30 46
30 9
25
31 23
31 19
31 34
31 41
31 9
31 16
31 46
31 37
31 20
31 25
31 13
31 33
31 32
31 43
31 44
31 38
31 40
31 22
31 30
31 18
31 7
31 35
31 27
31 12
31 11
20
32 41
32 48
32 33
32 24
32 21
32 13
32 10
32 42
32 19
32 18
32 17
32 34
32 5
32 29
32 7
32 0
32 11
32 16
32 20
32 22
18
33 8
33 41
33 30
33 11
33 35
33 46
33 16
33 19
33 2
33 27
33 47
33 37
33 14
33 26
33 34
33 22
33 10
33 45
24
34 29
34 23
34 25
34 24
34 41
34 20
34 15
34 37
34 48
34 16
34 43
34 28
34 1
34 26
34 40
34 11
34 35
34 17
34 49
34 13
34 0
34 27
34 3
34 7
19
35 49
35 48
35 19
35 12
35 22
35 16
35 8
35 32
35 24
35 26
35 42
35 44
35 0
35 28
35 6
35 40
35 21
35 30
35 37
19
36 16
36 1
36 29
36 15
36 19
36 8
36 42
36 21
36 38
36 6
36 31
36 34
36 49
36 7
36 41
36 24
36 32
36 2
36 30
13
37 46
37 10
37 32
37 1
37 13
37 36
37 41
37 18
37 8
37 47
37 39
37 27
37 42
24
38 32
38 11
38 42
38 39
38 22
38 43
38 3
38 26
38 34
38 44
38 13
38 27
38 23
38 30
38 19
38 10
38 16
38 9
38 35
38 8
38 47
38 2
38 29
38 28
21
39 48
39 46
39 6
39 19
39 34
39 2
39 42
39 23
39 14
39 28
39 22
39 12
39 45
39 13
39 25
39 49
39 31
39 36
39 4
39 32
39 27
20
40 1
40 2
40 32
40 29
40 28
40 18
40 38
40 6
40 20
40 42
40 39
40 37
40 22
40 33
40 36
40 43
40 14
40 15
40 0
40 7
16
41 20
41 38
41 29
41 44
41 22
41 12
41 39
41 46
41 6
41 3
41 40
41 8
41 15
41 18
41 45
41 5
21
42 5
42 12
42 45
42 2
42 21
42 14
42 34
42 28
42 33
42 41
42 31
42 22
42 8
42 43
42 46
42 16
42 1
42 11
42 24
42 30
42 18
23
43 37
43 32
43 6
43 17
43 19
43 30
43 41
43 44
43 47
43 26
43 24
43 14
43 11
43 3
43 8
43 20
43 5
43 15
43 48
43 33
43 27
43 2
43 39
18
44 49
44 36
44 4
44 8
44 30
44 9
44 34
44 32
44 48
44 45
44 6
44 10
44 47
44 18
44 23
44 42
44 19
44 16
16
45 11
45 8
45 23
45 48
45 36
45 22
45 5
45 27
45 34
45 7
45 31
45 20
45 18
45 10
45 21
45 3
20
46 14
46 6
46 38
46 23
46 32
46 18
46 19
46 16
46 15
46 34
46 29
46 48
46 20
46 12
46 7
46 45
46 28
46 35
46 40
46 49
26
47 20
47 27
47 8
47 24
47 29
47 5
47 32
47 35
47 31
47 40
47 34
47 17
47 15
47 25
47 12
47 7
47 22
47 13
47 23
47 42
47 36
47 1
47 45
47 30
47 48
47 11
20
48 15
48 49
48 10
48 5
48 28
48 40
48 31
48 7
48 6
48 0
48 42
48 33
48 23
48 14
48 38
48 16
48 41
48 9
48 30
48 37
17
49 17
49 14
49 24
49 8
49 47
49 37
49 25
49 41
49 32
49 2
49 43
49 9
49 0
49 23
49 42
49 13
49 26
