50
0 "A7"
1 "A27"
2 "A4"
3 "A32"
4 "A37"
5 "A17"
6 "A24"
7 "A29"
8 "A26"
9 "A40"
10 "A46"
11 "A0"
12 "A3"
13 "A34"
14 "A20"
15 "A49"
16 "A31"
17 "A16"
18 "A36"
19 "A43"
20 "A44"
21 "A41"
22 "A8"
23 "A45"
24 "A19"
25 "A10"
26 "A22"
27 "A23"
28 "A25"
29 "A5"
30 "A12"
31 "A2"
32 "A11"
33 "A48"
34 "A39"
35 "A47"
36 "A6"
37 "A35"
38 "A9"
39 "A28"
40 "A21"
41 "A33"
42 "A42"
43 "A18"
44 "A30"
45 "A14"
46 "A15"
47 "A38"
48 "A13"
49 "A1"
21
0 17
0 42
0 19
0 32
0 5
0 35
0 25
0 27
0 40
0 20
0 16
0 44
0 48
0 18
0 43
0 38
0 41
0 30
0 4
0 39
0 10
18
1 5
1 13
1 29
1 42
1 20
1 11
1 38
1 40
1 35
1 4
1 27
1 37
1 0
1 21
1 47
1 32
1 24
1 7
18
2 41
2 36
2 48
2 42
2 29
2 11
2 31
2 23
2 38
2 26
2 6
2 49
2 45
2 1
2 24
2 5
2 17
2 25
18
3 45
3 24
3 37
3 2
3 30
3 12
3 6
3 14
3 7
3 1
3 29
3 13
3 27
3 44
3 38
3 46
3 35
3 4
19
4 11
4 16
4 28
4 32
4 44
4 15
4 47
4 42
4 14
4 19
4 40
4 2
4 12
4 22
4 6
4 25
4 10
4 31
4 13
17
5 10
5 37
5 6
5 18
5 48
5 16
5 30
5 20
5 9
5 27
5 3
5 49
5 32
5 44
5 11
5 19
5 4
17
6 33
6 23
6 36
6 49
6 28
6 10
6 40
6 48
6 12
6 30
6 21
6 31
6 24
6 27
6 1
6 42
6 8
21
7 17
7 33
7 19
7 18
7 9
7 8
7 28
7 27
7 2
7 4
7 38
7 25
7 24
7 11
7 21
7 22
7 36
7 39
7 0
7 6
7 42
18
8 16
8 22
8 29
8 48
8 33
8 11
8 18
8 19
8 9
8 34
8 25
8 12
8 1
8 3
8 4
8 0
8 28
8 17
21
9 26
9 30
9 3
9 0
9 23
9 40
9 27
9 35
9 36
9 4
9 20
9 38
9 25
9 16
9 11
9 18
9 47
9 42
9 39
9 12
9 14
19
10 23
10 8
10 39
10 35
10 33
10 42
10 46
10 25
10 17
10 45
10 1
10 3
10 31
10 26
10 16
10 15
10 11
10 27
10 7
14
11 32
11 22
11 3
11 29
11 24
11 28
11 34
11 49
11 39
11 26
11 43
11 12
11 20
11 18
20
12 45
12 48
12 17
12 31
12 27
12 35
12 14
12 25
12 2
12 0
12 42
12 23
12 33
12 38
12 47
12 20
12 41
12 19
12 10
12 46
17
13 37
13 17
13 42
13 6
13 24
13 28
13 20
13 16
13 29
13 12
13 0
13 47
13 26
13 35
13 27
13 19
13 46
21
14 8
14 45
14 26
14 11
14 2
14 49
14 25
14 22
14 37
14 7
14 39
14 10
14 13
14 17
14 36
14 1
14 29
14 18
14 30
14 31
14 21
17
15 43
15 29
15 8
15 12
15 5
15 13
15 6
15 17
15 20
15 7
15 14
15 9
15 33
15 46
15 21
15 44
15 11
18
16 38
16 14
16 48
16 11
16 43
16 19
16 33
16 3
16 29
16 15
16 49
16 36
16 32
16 12
16 37
16 45
16 25
16 35
20
17 11
17 21
17 5
17 47
17 36
17 23
17 32
17 44
17 26
17 34
17 1
17 48
17 40
17 37
17 35
17 46
17 4
17 38
17 25
17 42
22
18 20
18 12
18 23
18 48
18 21
18 25
18 37
18 31
18 44
18 43
18 17
18 15
18 2
18 22
18 30
18 29
18 38
18 45
18 16
18 28
18 13
18 46
13
19 1
19 35
19 43
19 26
19 10
19 24
19 9
19 2
19 3
19 14
19 23
19 17
19 11
22
20 34
20 39
20 22
20 42
20 4
20 32
20 2
20 7
20 43
20 3
20 23
20 44
20 38
20 47
20 8
20 17
20 48
20 33
20 45
20 14
20 37
20 35
25
21 2
21 26
21 43
21 19
21 46
21 23
21 36
21 10
21 12
21 41
21 40
21 45
21 25
21 8
21 13
21 30
21 22
21 5
21 4
21 44
21 16
21 9
21 3
21 11
21 33
22
22 28
22 12
22 29
22 1
22 15
22 36
22 2
22 46
22 48
22 16
22 38
22 0
22 5
22 32
22 26
22 44
22 42
22 10
22 34
22 17
22 39
22 33
19
23 8
23 4
23 0
23 48
23 1
23 47
23 26
23 33
23 34
23 14
23 5
23 7
23 49
23 32
23 15
23 46
23 39
23 3
23 24
27
24 16
24 15
24 9
24 25
24 37
24 8
24 26
24 21
24 14
24 10
24 22
24 17
24 39
24 31
24 18
24 30
24 48
24 45
24 28
24 32
24 0
24 36
24 49
24 47
24 40
24 12
24 27
18
25 3
25 19
25 15
25 1
25 13
25 6
25 22
25 31
25 40
25 11
25 29
25 32
25 30
25 39
25 26
25 5
25 34
25 44
15
26 33
26 20
26 27
26 7
26 36
26 31
26 6
26 43
26 0
26 3
26 18
26 4
26 1
26 28
26 39
18
27 11
27 32
27 40
27 2
27 38
27 31
27 23
27 15
27 19
27 49
27 4
27 16
27 25
27 41
27 18
27 21
27 8
27 46
20
28 30
28 48
28 36
28 1
28 16
28 14
28 27
28 12
28 9
28 41
28 3
28 5
28 46
28 39
28 20
28 23
28 0
28 35
28 19
28 2
19
29 26
29 5
29 39
29 21
29 0
29 10
29 32
29 31
29 12
29 7
29 48
29 19
29 47
29 35
29 17
29 4
29 24
29 43
29 9
17
30 11
30 13
30 19
30 8
30 36
30 1
30 22
30 27
30 7
30 29
30 44
30 47
30 16
30 26
30 17
30 32
30 34
22
31 17
31 30
31 0
31 22
31 23
31 40
31 43
31 28
31 44
31 19
31 38
31 1
31 16
31 39
31 13
31 49
31 48
31 15
31 20
31 45
31 8
31 3
20
32 34
32 14
32 36
32 37
32 19
32 2
32 21
32 3
32 7
32 13
32 10
32 15
32 41
32 8
32 31
32 6
32 26
32 48
32 45
32 47
15
33 46
33 42
33 24
33 5
33 43
33 32
33 48
33 30
33 17
33 1
33 18
33 40
33 14
33 31
33 9
24
34 10
34 38
34 29
34 19
34 3
34 7
34 49
34 27
34 35
34 9
34 31
34 39
34 37
34 24
34 47
34 43
34 6
34 48
34 13
34 41
34 45
34 14
34 21
34 18
21
35 33
35 26
35 5
35 49
35 22
35 15
35 39
35 4
35 27
35 43
35 48
35 45
35 2
35 6
35 37
35 11
35 30
35 21
35 32
35 36
35 14
22
36 18
36 10
36 1
36 12
36 27
36 29
36 46
36 40
36 48
36 43
36 0
36 47
36 5
36 38
36 13
36 49
36 15
36 4
36 33
36 8
36 23
36 3
19
37 6
37 22
37 10
37 26
37 28
37 0
37 31
37 41
37 2
37 11
37 43
37 7
37 49
37 15
37 39
37 19
37 8
37 42
37 33
21
38 14
38 44
38 33
38 46
38 40
38 30
38 21
38 29
38 10
38 26
38 35
38 13
38 32
38 28
38 42
38 19
38 24
38 48
38 47
38 11
38 15
18
39 38
39 12
39 19
39 8
39 36
39 13
39 1
39 16
39 6
39 44
39 17
39 3
39 43
39 15
39 4
39 2
39 27
39 21
18
40 19
40 22
40 7
40 37
40 5
40 12
40 32
40 15
40 28
40 23
40 2
40 11
40 14
40 20
40 29
40 39
40 30
40 18
31
41 35
41 15
41 23
41 48
41 20
41 22
41 49
41 45
41 25
41 40
41 3
41 6
41 36
41 42
41 43
41 29
41 7
41 1
41 4
41 26
41 14
41 30
41 39
41 10
41 16
41 11
41 24
41 33
41 8
41 9
41 47
21
42 43
42 31
42 32
42 15
42 8
42 30
42 26
42 19
42 29
42 18
42 27
42 28
42 34
42 39
42 14
42 25
42 40
42 5
42 21
42 35
42 3
16
43 24
43 1
43 10
43 7
43 27
43 8
43 4
43 28
43 32
43 5
43 22
43 45
43 23
43 6
43 3
43 14
25
44 26
44 19
44 34
44 41
44 40
44 8
44 28
44 9
44 7
44 6
44 2
44 36
44 13
44 46
44 24
44 1
44 14
44 43
44 35
44 23
44 27
44 47
44 12
44 16
44 33
23
45 36
45 40
45 9
45 42
45 47
45 17
45 44
45 33
45 19
45 26
45 8
45 6
45 25
45 37
45 22
45 7
45 13
45 11
45 30
45 46
45 28
45 4
45 39
17
46 35
46 49
46 16
46 24
46 39
46 34
46 29
46 14
46 41
46 26
46 20
46 4
46 0
46 6
46 8
46 7
46 5
19
47 46
47 21
47 49
47 2
47 40
47 33
47 43
47 31
47 15
47 5
47 16
47 7
47 11
47 6
47 25
47 8
47 14
47 28
47 27
18
48 3
48 37
48 49
48 45
48 14
48 46
48 15
48 25
48 7
48 10
48 9
48 4
48 40
48 43
48 13
48 21
48 30
48 27
19
49 42
49 18
49 30
49 43
49 40
49 26
49 44
49 0
49 38
49 25
49 7
49 19
49 1
49 3
49 28
49 33
49 32
49 29
49 4
