50
0 "A7"
1 "A27"
2 "A4"
3 "A32"
4 "A37"
5 "A17"
6 "A24"
7 "A29"
8 "A26"
9 "A40"
10 "A46"
11 "A0"
12 "A3"
13 "A34"
14 "A20"
15 "A49"
16 "A31"
17 "A16"
18 "A36"
19 "A43"
20 "A44"
21 "A41"
22 "A8"
23 "A45"
24 "A19"
25 "A10"
26 "A22"
27 "A23"
28 "A25"
29 "A5"
30 "A12"
31 "A2"
32 "A11"
33 "A48"
34 "A39"
35 "A47"
36 "A6"
37 "A35"
38 "A9"
39 "A28"
40 "A21"
41 "A33"
42 "A42"
43 "A18"
44 "A30"
45 "A14"
46 "A15"
47 "A38"
48 "A13"
49 "A1"
19
0 36
0 26
0 10
0 29
0 38
0 19
0 49
0 21
0 37
0 2
0 15
0 18
0 6
0 24
0 12
0 8
0 35
0 28
0 41
19
1 26
1 48
1 36
1 42
1 49
1 16
1 29
1 2
1 4
1 18
1 12
1 38
1 0
1 44
1 43
1 33
1 6
1 46
1 32
18
2 49
2 37
2 4
2 8
2 15
2 18
2 14
2 36
2 13
2 29
2 45
2 7
2 11
2 25
2 40
2 46
2 30
2 35
24
3 18
3 49
3 40
3 11
3 23
3 10
3 43
3 37
3 20
3 4
3 0
3 15
3 35
3 1
3 24
3 14
3 12
3 38
3 2
3 46
3 33
3 5
3 22
3 48
15
4 27
4 28
4 10
4 19
4 46
4 21
4 45
4 47
4 15
4 40
4 20
4 29
4 23
4 12
4 14
22
5 49
5 0
5 46
5 22
5 21
5 34
5 2
5 10
5 11
5 32
5 1
5 48
5 24
5 36
5 4
5 43
5 13
5 8
5 15
5 37
5 26
5 6
21
6 2
6 34
6 13
6 14
6 24
6 39
6 4
6 37
6 48
6 23
6 11
6 3
6 8
6 33
6 22
6 15
6 41
6 10
6 19
6 9
6 20
17
7 1
7 11
7 3
7 38
7 36
7 23
7 43
7 34
7 37
7 20
7 5
7 33
7 22
7 31
7 17
7 24
7 12
16
8 11
8 1
8 21
8 25
8 43
8 3
8 26
8 13
8 49
8 12
8 18
8 37
8 19
8 17
8 41
8 10
23
9 4
9 28
9 49
9 41
9 31
9 14
9 12
9 46
9 43
9 5
9 37
9 7
9 0
9 30
9 29
9 2
9 18
9 17
9 22
9 39
9 13
9 1
9 8
21
10 13
10 23
10 29
10 49
10 7
10 43
10 9
10 37
10 20
10 35
10 30
10 1
10 32
10 27
10 39
10 36
10 17
10 44
10 22
10 46
10 24
23
11 17
11 9
11 4
11 15
11 37
11 38
11 13
11 25
11 29
11 45
11 49
11 43
11 0
11 33
11 28
11 1
11 12
11 39
11 31
11 16
11 36
11 41
11 32
19
12 17
12 23
12 26
12 5
12 22
12 21
12 33
12 41
12 37
12 24
12 2
12 10
12 34
12 35
12 19
12 13
12 20
12 47
12 32
16
13 37
13 31
13 1
13 46
13 42
13 35
13 36
13 44
13 14
13 27
13 7
13 4
13 38
13 17
13 30
13 41
22
14 43
14 12
14 26
14 29
14 22
14 34
14 45
14 40
14 25
14 16
14 10
14 47
14 0
14 31
14 44
14 28
14 23
14 38
14 46
14 21
14 39
14 7
21
15 13
15 36
15 1
15 14
15 20
15 41
15 23
15 44
15 31
15 42
15 22
15 28
15 10
15 9
15 40
15 19
15 7
15 35
15 30
15 43
15 24
20
16 21
16 28
16 47
16 4
16 38
16 7
16 3
16 8
16 0
16 6
16 10
16 13
16 18
16 49
16 12
16 30
16 9
16 29
16 33
16 34
23
17 32
17 45
17 14
17 39
17 34
17 37
17 29
17 46
17 3
17 25
17 24
17 5
17 22
17 42
17 2
17 26
17 1
17 16
17 21
17 48
17 0
17 47
17 20
19
18 47
18 40
18 33
18 15
18 12
18 31
18 11
18 27
18 6
18 13
18 43
18 19
18 38
18 36
18 4
18 17
18 21
18 25
18 5
16
19 30
19 37
19 5
19 11
19 13
19 9
19 32
19 10
19 34
19 27
19 17
19 33
19 7
19 36
19 22
19 1
10
20 39
20 25
20 34
20 16
20 9
20 26
20 8
20 14
20 29
20 46
23
21 2
21 3
21 20
21 7
21 36
21 44
21 29
21 19
21 15
21 31
21 48
21 39
21 34
21 1
21 43
21 26
21 23
21 11
21 40
21 9
21 47
21 13
21 24
20
22 23
22 34
22 41
22 49
22 44
22 40
22 33
22 27
22 26
22 47
22 32
22 1
22 30
22 35
22 8
22 0
22 16
22 25
22 4
22 20
19
23 19
23 25
23 28
23 38
23 24
23 47
23 16
23 1
23 5
23 11
23 32
23 27
23 26
23 31
23 20
23 8
23 35
23 18
23 17
21
24 14
24 27
24 8
24 31
24 20
24 18
24 13
24 4
24 22
24 47
24 2
24 1
24 40
24 46
24 9
24 37
24 44
24 39
24 26
24 30
24 33
18
25 38
25 21
25 3
25 35
25 5
25 46
25 31
25 1
25 32
25 6
25 29
25 19
25 47
25 10
25 7
25 41
25 34
25 27
15
26 13
26 35
26 25
26 29
26 16
26 30
26 10
26 15
26 3
26 19
26 48
26 4
26 18
26 45
26 11
21
27 12
27 44
27 3
27 15
27 45
27 30
27 33
27 11
27 8
27 1
27 28
27 29
27 5
27 14
27 21
27 16
27 6
27 20
27 17
27 7
27 48
23
28 19
28 42
28 31
28 32
28 29
28 40
28 10
28 12
28 34
28 17
28 37
28 8
28 36
28 26
28 1
28 24
28 25
28 6
28 41
28 35
28 21
28 45
28 38
18
29 47
29 38
29 24
29 15
29 7
29 13
29 6
29 12
29 33
29 46
29 30
29 19
29 40
29 43
29 22
29 8
29 34
29 48
23
30 7
30 3
30 18
30 25
30 5
30 20
30 49
30 0
30 21
30 1
30 41
30 39
30 43
30 44
30 6
30 37
30 17
30 4
30 32
30 35
30 8
30 42
30 33
21
31 34
31 37
31 30
31 20
31 2
31 44
31 6
31 5
31 39
31 33
31 32
31 41
31 3
31 1
31 19
31 17
31 48
31 45
31 16
31 27
31 10
22
32 13
32 38
32 18
32 46
32 27
32 9
32 8
32 3
32 48
32 15
32 4
32 14
32 34
32 20
32 43
32 26
32 0
32 40
32 21
32 24
32 2
32 29
16
33 15
33 36
33 20
33 21
33 2
33 32
33 39
33 8
33 0
33 44
33 25
33 26
33 49
33 47
33 17
33 10
17
34 49
34 9
34 27
34 10
34 33
34 43
34 18
34 48
34 30
34 8
34 26
34 35
34 45
34 23
34 4
34 36
34 13
19
35 9
35 49
35 20
35 24
35 31
35 37
35 27
35 16
35 7
35 48
35 6
35 17
35 5
35 18
35 39
35 14
35 8
35 21
35 11
20
36 27
36 3
36 30
36 16
36 9
36 37
36 4
36 26
36 8
36 17
36 29
36 14
36 45
36 47
36 35
36 42
36 43
36 38
36 6
36 20
12
37 43
37 25
37 39
37 20
37 27
37 32
37 22
37 14
37 47
37 29
37 34
37 44
16
38 46
38 20
38 10
38 39
38 35
38 31
38 24
38 21
38 19
38 6
38 49
38 9
38 37
38 12
38 26
38 8
17
39 28
39 26
39 27
39 48
39 2
39 16
39 0
39 12
39 29
39 15
39 19
39 1
39 45
39 25
39 47
39 3
39 32
24
40 13
40 1
40 23
40 46
40 39
40 49
40 25
40 16
40 17
40 35
40 31
40 26
40 12
40 37
40 47
40 45
40 38
40 34
40 30
40 8
40 48
40 27
40 10
40 6
21
41 29
41 27
41 5
41 37
41 20
41 48
41 19
41 43
41 4
41 10
41 40
41 35
41 14
41 26
41 33
41 2
41 45
41 21
41 18
41 42
41 17
25
42 29
42 24
42 33
42 48
42 0
42 20
42 47
42 5
42 10
42 12
42 40
42 38
42 19
42 39
42 8
42 32
42 27
42 37
42 22
42 26
42 25
42 7
42 3
42 44
42 11
19
43 26
43 33
43 2
43 47
43 40
43 4
43 0
43 31
43 23
43 24
43 38
43 13
43 19
43 27
43 16
43 35
43 45
43 22
43 12
23
44 8
44 3
44 36
44 43
44 25
44 7
44 26
44 40
44 12
44 41
44 6
44 4
44 9
44 18
44 11
44 47
44 20
44 2
44 28
44 39
44 46
44 29
44 5
25
45 19
45 9
45 5
45 0
45 22
45 38
45 29
45 35
45 25
45 32
45 37
45 44
45 10
45 48
45 3
45 15
45 33
45 24
45 20
45 21
45 46
45 7
45 1
45 30
45 8
19
46 28
46 15
46 12
46 30
46 31
46 18
46 27
46 39
46 16
46 42
46 0
46 35
46 6
46 23
46 11
46 43
46 19
46 49
46 21
22
47 15
47 2
47 45
47 13
47 35
47 5
47 31
47 19
47 6
47 0
47 32
47 26
47 27
47 1
47 41
47 28
47 7
47 3
47 11
47 10
47 34
47 30
17
48 30
48 25
48 24
48 14
48 36
48 18
48 2
48 22
48 8
48 38
48 47
48 28
48 12
48 15
48 43
48 33
48 11
20
49 43
49 32
49 18
49 47
49 13
49 36
49 48
49 26
49 45
49 24
49 28
49 31
49 21
49 42
49 12
49 14
49 27
49 25
49 39
49 44
