50
0 "A7"
1 "A27"
2 "A4"
3 "A32"
4 "A37"
5 "A17"
6 "A24"
7 "A29"
8 "A26"
9 "A40"
10 "A46"
11 "A0"
12 "A3"
13 "A34"
14 "A20"
15 "A49"
16 "A31"
17 "A16"
18 "A36"
19 "A43"
20 "A44"
21 "A41"
22 "A8"
23 "A45"
24 "A19"
25 "A10"
26 "A22"
27 "A23"
28 "A25"
29 "A5"
30 "A12"
31 "A2"
32 "A11"
33 "A48"
34 "A39"
35 "A47"
36 "A6"
37 "A35"
38 "A9"
39 "A28"
40 "A21"
41 "A33"
42 "A42"
43 "A18"
44 "A30"
45 "A14"
46 "A15"
47 "A38"
48 "A13"
49 "A1"
13
0 45
0 39
0 2
0 35
0 17
0 48
0 15
0 29
0 8
0 28
0 40
0 46
0 43
17
1 31
1 20
1 13
1 30
1 45
1 32
1 12
1 10
1 44
1 22
1 19
1 39
1 34
1 33
1 38
1 3
1 28
18
2 35
2 31
2 27
2 6
2 22
2 3
2 8
2 15
2 46
2 17
2 36
2 33
2 12
2 1
2 47
2 28
2 9
2 10
21
3 12
3 14
3 24
3 39
3 35
3 5
3 49
3 40
3 47
3 44
3 18
3 48
3 41
3 36
3 4
3 23
3 21
3 15
3 37
3 38
3 31
24
4 41
4 8
4 40
4 21
4 16
4 19
4 31
4 11
4 34
4 0
4 20
4 35
4 47
4 29
4 36
4 25
4 10
4 26
4 24
4 22
4 17
4 15
4 44
4 23
18
5 19
5 22
5 32
5 18
5 49
5 24
5 2
5 26
5 46
5 38
5 11
5 35
5 34
5 1
5 28
5 23
5 44
5 48
18
6 10
6 1
6 39
6 33
6 41
6 14
6 15
6 26
6 40
6 48
6 16
6 31
6 47
6 0
6 37
6 43
6 9
6 45
26
7 23
7 48
7 2
7 19
7 49
7 20
7 3
7 18
7 1
7 5
7 35
7 34
7 21
7 12
7 43
7 8
7 45
7 6
7 36
7 14
7 4
7 13
7 16
7 38
7 0
7 28
24
8 13
8 26
8 37
8 49
8 24
8 39
8 42
8 14
8 43
8 16
8 31
8 36
8 19
8 10
8 15
8 6
8 3
8 1
8 27
8 34
8 11
8 32
8 48
8 28
24
9 34
9 27
9 39
9 31
9 42
9 48
9 23
9 18
9 3
9 36
9 29
9 40
9 8
9 38
9 4
9 0
9 37
9 1
9 46
9 13
9 7
9 25
9 41
9 33
15
10 27
10 26
10 39
10 24
10 13
10 21
10 42
10 0
10 48
10 35
10 32
10 28
10 7
10 5
10 3
20
11 6
11 40
11 29
11 45
11 18
11 49
11 22
11 1
11 20
11 2
11 12
11 28
11 30
11 35
11 31
11 21
11 9
11 41
11 24
11 10
14
12 28
12 9
12 8
12 48
12 15
12 5
12 30
12 0
12 31
12 4
12 16
12 22
12 10
12 41
21
13 47
13 20
13 42
13 38
13 34
13 14
13 0
13 12
13 46
13 45
13 48
13 18
13 6
13 33
13 40
13 22
13 41
13 37
13 3
13 5
13 36
18
14 46
14 25
14 49
14 45
14 0
14 20
14 36
14 44
14 2
14 21
14 4
14 15
14 42
14 19
14 35
14 12
14 40
14 10
23
15 31
15 7
15 45
15 28
15 10
15 11
15 17
15 41
15 37
15 5
15 22
15 24
15 13
15 42
15 35
15 36
15 40
15 44
15 27
15 48
15 20
15 9
15 33
16
16 15
16 49
16 31
16 29
16 18
16 45
16 11
16 3
16 28
16 38
16 48
16 10
16 25
16 46
16 5
16 2
26
17 37
17 23
17 20
17 21
17 38
17 42
17 14
17 8
17 26
17 47
17 40
17 49
17 1
17 9
17 5
17 19
17 33
17 29
17 12
17 34
17 10
17 39
17 6
17 48
17 24
17 13
19
18 17
18 33
18 14
18 34
18 40
18 4
18 6
18 42
18 36
18 19
18 0
18 10
18 38
18 30
18 8
18 2
18 35
18 37
18 41
13
19 41
19 37
19 29
19 43
19 11
19 15
19 30
19 26
19 40
19 35
19 0
19 27
19 49
20
20 19
20 30
20 33
20 44
20 5
20 43
20 23
20 26
20 22
20 28
20 10
20 12
20 6
20 31
20 32
20 45
20 3
20 35
20 9
20 16
14
21 19
21 39
21 49
21 5
21 33
21 15
21 16
21 27
21 13
21 12
21 0
21 23
21 31
21 18
13
22 14
22 33
22 18
22 45
22 6
22 35
22 40
22 9
22 3
22 10
22 21
22 17
22 16
26
23 8
23 11
23 18
23 35
23 25
23 30
23 27
23 28
23 15
23 34
23 26
23 31
23 22
23 43
23 24
23 10
23 39
23 42
23 40
23 0
23 13
23 46
23 38
23 32
23 12
23 16
21
24 13
24 14
24 21
24 29
24 38
24 25
24 18
24 27
24 20
24 32
24 12
24 6
24 45
24 22
24 1
24 16
24 40
24 2
24 30
24 0
24 43
15
25 39
25 29
25 15
25 10
25 33
25 1
25 11
25 48
25 2
25 43
25 12
25 21
25 47
25 19
25 5
24
26 40
26 12
26 15
26 29
26 11
26 43
26 28
26 0
26 31
26 42
26 14
26 25
26 9
26 39
26 18
26 21
26 16
26 22
26 2
26 3
26 1
26 37
26 30
26 32
23
27 3
27 16
27 7
27 22
27 11
27 0
27 12
27 13
27 26
27 41
27 29
27 32
27 20
27 40
27 31
27 37
27 39
27 36
27 5
27 14
27 1
27 33
27 35
18
28 14
28 40
28 30
28 18
28 3
28 19
28 44
28 21
28 9
28 33
28 46
28 27
28 48
28 4
28 13
28 6
28 35
28 31
20
29 22
29 43
29 15
29 7
29 20
29 2
29 34
29 13
29 6
29 42
29 18
29 10
29 28
29 30
29 46
29 35
29 38
29 31
29 8
29 1
21
30 17
30 32
30 44
30 25
30 33
30 10
30 37
30 39
30 0
30 41
30 5
30 22
30 48
30 15
30 45
30 16
30 13
30 47
30 27
30 7
30 2
15
31 40
31 0
31 14
31 46
31 42
31 18
31 30
31 41
31 37
31 33
31 7
31 22
31 34
31 19
31 25
20
32 29
32 42
32 17
32 40
32 9
32 37
32 25
32 4
32 16
32 19
32 2
32 41
32 11
32 21
32 3
32 13
32 6
32 15
32 14
32 28
16
33 8
33 29
33 16
33 35
33 12
33 11
33 14
33 37
33 10
33 0
33 7
33 23
33 45
33 3
33 24
33 47
22
34 46
34 32
34 21
34 0
34 26
34 11
34 20
34 40
34 38
34 28
34 37
34 30
34 15
34 33
34 39
34 14
34 22
34 2
34 27
34 44
34 19
34 47
17
35 24
35 31
35 42
35 12
35 47
35 1
35 17
35 6
35 34
35 32
35 43
35 48
35 16
35 21
35 26
35 44
35 9
24
36 49
36 10
36 40
36 42
36 31
36 1
36 32
36 44
36 12
36 21
36 17
36 26
36 5
36 39
36 35
36 22
36 11
36 19
36 24
36 28
36 0
36 33
36 25
36 30
21
37 1
37 5
37 44
37 2
37 36
37 24
37 16
37 20
37 11
37 10
37 21
37 14
37 35
37 22
37 23
37 47
37 46
37 4
37 29
37 49
37 7
25
38 15
38 12
38 32
38 28
38 41
38 20
38 49
38 11
38 26
38 6
38 8
38 33
38 0
38 39
38 35
38 10
38 36
38 27
38 21
38 25
38 2
38 47
38 22
38 4
38 30
18
39 22
39 2
39 32
39 19
39 37
39 33
39 29
39 14
39 40
39 35
39 41
39 20
39 15
39 7
39 12
39 42
39 5
39 18
13
40 46
40 20
40 47
40 1
40 8
40 43
40 42
40 10
40 30
40 7
40 29
40 37
40 16
18
41 22
41 28
41 42
41 33
41 14
41 24
41 0
41 10
41 20
41 1
41 16
41 8
41 47
41 7
41 26
41 25
41 21
41 2
19
42 27
42 28
42 16
42 12
42 19
42 21
42 30
42 5
42 37
42 7
42 11
42 4
42 24
42 33
42 6
42 22
42 45
42 1
42 3
22
43 27
43 16
43 14
43 5
43 15
43 41
43 13
43 12
43 11
43 9
43 31
43 1
43 17
43 21
43 22
43 18
43 34
43 32
43 46
43 37
43 42
43 33
22
44 19
44 8
44 43
44 49
44 12
44 17
44 9
44 33
44 13
44 48
44 0
44 41
44 25
44 10
44 11
44 38
44 47
44 45
44 6
44 39
44 24
44 18
21
45 29
45 26
45 18
45 3
45 12
45 39
45 43
45 32
45 35
45 4
45 8
45 2
45 37
45 38
45 5
45 31
45 34
45 17
45 23
45 21
45 41
22
46 7
46 1
46 26
46 18
46 11
46 27
46 41
46 36
46 49
46 21
46 6
46 22
46 45
46 35
46 4
46 19
46 17
46 32
46 24
46 25
46 33
46 3
19
47 42
47 28
47 27
47 31
47 11
47 39
47 29
47 1
47 5
47 10
47 22
47 18
47 26
47 21
47 19
47 7
47 24
47 43
47 45
20
48 24
48 32
48 29
48 14
48 18
48 42
48 47
48 11
48 31
48 34
48 22
48 33
48 41
48 26
48 23
48 1
48 4
48 19
48 46
48 38
23
49 42
49 33
49 30
49 15
49 25
49 6
49 9
49 28
49 2
49 22
49 47
49 27
49 48
49 12
49 13
49 10
49 1
49 34
49 32
49 29
49 31
49 4
49 23
