50
0 "A7"
1 "A27"
2 "A4"
3 "A32"
4 "A37"
5 "A17"
6 "A24"
7 "A29"
8 "A26"
9 "A40"
10 "A46"
11 "A0"
12 "A3"
13 "A34"
14 "A20"
15 "A49"
16 "A31"
17 "A16"
18 "A36"
19 "A43"
20 "A44"
21 "A41"
22 "A8"
23 "A45"
24 "A19"
25 "A10"
26 "A22"
27 "A23"
28 "A25"
29 "A5"
30 "A12"
31 "A2"
32 "A11"
33 "A48"
34 "A39"
35 "A47"
36 "A6"
37 "A35"
38 "A9"
39 "A28"
40 "A21"
41 "A33"
42 "A42"
43 "A18"
44 "A30"
45 "A14"
46 "A15"
47 "A38"
48 "A13"
49 "A1"
19
0 28
0 6
0 30
0 22
0 37
0 11
0 26
0 39
0 13
0 45
0 23
0 16
0 32
0 46
0 3
0 14
0 19
0 17
0 27
18
1 39
1 41
1 17
1 16
1 35
1 26
1 36
1 40
1 25
1 29
1 6
1 0
1 22
1 3
1 42
1 31
1 20
1 48
26
2 12
2 36
2 7
2 25
2 9
2 22
2 18
2 4
2 11
2 21
2 31
2 38
2 20
2 33
2 48
2 10
2 16
2 35
2 0
2 14
2 40
2 17
2 28
2 37
2 49
2 8
20
3 22
3 43
3 27
3 10
3 16
3 39
3 44
3 18
3 11
3 33
3 45
3 46
3 6
3 42
3 13
3 36
3 38
3 19
3 29
3 2
20
4 47
4 18
4 32
4 41
4 23
4 22
4 48
4 12
4 11
4 37
4 16
4 15
4 8
4 35
4 0
4 1
4 34
4 20
4 24
4 3
23
5 24
5 28
5 26
5 3
5 12
5 18
5 2
5 10
5 25
5 23
5 1
5 29
5 14
5 21
5 47
5 19
5 33
5 4
5 7
5 34
5 32
5 0
5 37
26
6 25
6 10
6 33
6 5
6 42
6 7
6 21
6 8
6 12
6 31
6 4
6 47
6 19
6 2
6 18
6 15
6 20
6 38
6 35
6 45
6 24
6 11
6 29
6 44
6 13
6 30
25
7 30
7 22
7 31
7 35
7 21
7 3
7 0
7 8
7 43
7 39
7 14
7 19
7 29
7 42
7 11
7 48
7 4
7 32
7 9
7 28
7 26
7 1
7 24
7 27
7 12
15
8 31
8 9
8 30
8 21
8 29
8 20
8 36
8 22
8 19
8 26
8 33
8 3
8 32
8 5
8 13
18
9 32
9 17
9 44
9 11
9 1
9 42
9 45
9 19
9 37
9 0
9 3
9 26
9 5
9 18
9 14
9 4
9 16
9 33
23
10 23
10 17
10 21
10 19
10 32
10 47
10 36
10 25
10 24
10 18
10 9
10 16
10 27
10 13
10 31
10 4
10 42
10 41
10 12
10 7
10 44
10 38
10 8
19
11 43
11 47
11 20
11 14
11 44
11 15
11 27
11 5
11 32
11 33
11 8
11 10
11 23
11 22
11 38
11 21
11 31
11 49
11 45
23
12 28
12 17
12 34
12 35
12 13
12 37
12 45
12 14
12 31
12 40
12 23
12 0
12 8
12 22
12 3
12 44
12 48
12 15
12 38
12 33
12 27
12 19
12 1
15
13 17
13 26
13 16
13 44
13 38
13 32
13 47
13 39
13 48
13 40
13 22
13 27
13 18
13 11
13 42
21
14 34
14 10
14 20
14 39
14 3
14 21
14 42
14 37
14 44
14 26
14 13
14 41
14 35
14 29
14 33
14 6
14 15
14 16
14 18
14 27
14 47
20
15 22
15 10
15 35
15 32
15 25
15 31
15 8
15 48
15 9
15 7
15 16
15 42
15 3
15 27
15 30
15 0
15 41
15 23
15 2
15 49
25
16 24
16 37
16 31
16 5
16 46
16 17
16 12
16 38
16 28
16 42
16 8
16 44
16 36
16 39
16 32
16 26
16 49
16 22
16 6
16 11
16 23
16 27
16 7
16 40
16 34
18
17 14
17 19
17 47
17 37
17 22
17 31
17 45
17 49
17 3
17 29
17 28
17 44
17 8
17 30
17 7
17 15
17 46
17 4
21
18 22
18 36
18 24
18 16
18 43
18 37
18 45
18 42
18 17
18 30
18 15
18 32
18 11
18 1
18 0
18 35
18 12
18 48
18 26
18 8
18 39
15
19 35
19 2
19 1
19 37
19 34
19 11
19 27
19 36
19 47
19 18
19 30
19 13
19 16
19 29
19 38
20
20 43
20 31
20 32
20 9
20 23
20 10
20 35
20 30
20 24
20 27
20 26
20 16
20 45
20 3
20 29
20 15
20 44
20 38
20 42
20 17
24
21 4
21 3
21 1
21 37
21 32
21 33
21 23
21 27
21 28
21 46
21 41
21 15
21 9
21 38
21 45
21 17
21 16
21 20
21 26
21 34
21 39
21 36
21 12
21 48
16
22 47
22 40
22 19
22 24
22 44
22 28
22 26
22 30
22 33
22 6
22 10
22 5
22 49
22 36
22 21
22 48
20
23 43
23 3
23 41
23 18
23 32
23 34
23 17
23 6
23 14
23 47
23 2
23 37
23 25
23 46
23 39
23 7
23 19
23 49
23 33
23 36
12
24 35
24 32
24 3
24 41
24 12
24 13
24 1
24 14
24 17
24 11
24 0
24 49
22
25 9
25 11
25 0
25 22
25 19
25 46
25 47
25 12
25 8
25 28
25 18
25 33
25 7
25 4
25 36
25 13
25 27
25 30
25 41
25 49
25 44
25 37
21
26 43
26 45
26 17
26 6
26 12
26 33
26 49
26 47
26 29
26 25
26 34
26 2
26 11
26 48
26 46
26 15
26 3
26 30
26 10
26 19
26 38
20
27 28
27 8
27 44
27 17
27 40
27 2
27 45
27 47
27 1
27 22
27 4
27 5
27 48
27 36
27 23
27 32
27 29
27 6
27 9
27 33
15
28 3
28 47
28 49
28 33
28 40
28 38
28 11
28 23
28 15
28 1
28 19
28 4
28 14
28 31
28 8
20
29 33
29 2
29 32
29 47
29 23
29 38
29 30
29 4
29 12
29 22
29 13
29 41
29 18
29 10
29 40
29 43
29 16
29 28
29 42
29 21
18
30 10
30 12
30 24
30 3
30 39
30 31
30 46
30 41
30 36
30 33
30 43
30 1
30 44
30 28
30 23
30 5
30 42
30 4
18
31 39
31 9
31 49
31 25
31 21
31 26
31 22
31 45
31 46
31 27
31 18
31 41
31 5
31 48
31 0
31 13
31 38
31 37
19
32 46
32 6
32 39
32 19
32 42
32 3
32 25
32 31
32 43
32 34
32 30
32 17
32 2
32 48
32 38
32 26
32 33
32 28
32 41
13
33 17
33 10
33 40
33 44
33 47
33 39
33 7
33 31
33 19
33 38
33 15
33 18
33 36
21
34 27
34 48
34 6
34 47
34 33
34 25
34 44
34 22
34 7
34 2
34 0
34 1
34 30
34 15
34 18
34 35
34 31
34 24
34 13
34 17
34 29
17
35 8
35 22
35 32
35 27
35 26
35 9
35 5
35 33
35 0
35 30
35 17
35 42
35 13
35 21
35 16
35 37
35 25
14
36 24
36 17
36 6
36 29
36 15
36 4
36 20
36 5
36 0
36 42
36 13
36 32
36 34
36 11
22
37 10
37 40
37 38
37 49
37 34
37 22
37 8
37 20
37 28
37 24
37 29
37 27
37 42
37 7
37 36
37 3
37 45
37 26
37 48
37 33
37 1
37 30
19
38 17
38 27
38 24
38 22
38 25
38 46
38 14
38 0
38 44
38 39
38 7
38 36
38 40
38 30
38 5
38 18
38 23
38 1
38 35
18
39 35
39 20
39 42
39 6
39 25
39 8
39 17
39 29
39 26
39 22
39 36
39 5
39 15
39 9
39 10
39 28
39 46
39 37
23
40 35
40 46
40 34
40 5
40 48
40 8
40 41
40 6
40 9
40 32
40 36
40 11
40 39
40 7
40 21
40 14
40 0
40 31
40 3
40 4
40 18
40 45
40 23
22
41 17
41 45
41 8
41 7
41 49
41 26
41 33
41 27
41 43
41 13
41 22
41 5
41 34
41 28
41 3
41 16
41 46
41 20
41 6
41 2
41 11
41 9
21
42 40
42 44
42 31
42 33
42 25
42 2
42 49
42 47
42 19
42 4
42 12
42 43
42 38
42 21
42 17
42 45
42 22
42 11
42 27
42 5
42 0
25
43 17
43 8
43 40
43 49
43 0
43 38
43 24
43 4
43 31
43 16
43 28
43 5
43 12
43 9
43 14
43 10
43 39
43 19
43 6
43 33
43 37
43 13
43 22
43 1
43 45
10
44 2
44 46
44 26
44 24
44 1
44 31
44 29
44 21
44 4
44 32
15
45 22
45 34
45 35
45 19
45 24
45 13
45 5
45 15
45 30
45 16
45 7
45 32
45 33
45 4
45 36
15
46 2
46 20
46 4
46 18
46 24
46 1
46 11
46 36
46 12
46 43
46 10
46 13
46 22
46 27
46 5
26
47 43
47 38
47 35
47 18
47 45
47 3
47 2
47 8
47 9
47 39
47 20
47 40
47 31
47 30
47 15
47 7
47 44
47 32
47 0
47 41
47 21
47 1
47 48
47 24
47 46
47 37
21
48 5
48 9
48 46
48 45
48 11
48 14
48 16
48 0
48 30
48 39
48 24
48 8
48 23
48 19
48 36
48 6
48 28
48 20
48 10
48 43
48 25
23
49 19
49 4
49 29
49 40
49 14
49 13
49 32
49 45
49 39
49 35
49 46
49 44
49 47
49 33
49 6
49 9
49 18
49 0
49 20
49 12
49 36
49 30
49 8
