50
0 "A7"
1 "A27"
2 "A4"
3 "A32"
4 "A37"
5 "A17"
6 "A24"
7 "A29"
8 "A26"
9 "A40"
10 "A46"
11 "A0"
12 "A3"
13 "A34"
14 "A20"
15 "A49"
16 "A31"
17 "A16"
18 "A36"
19 "A43"
20 "A44"
21 "A41"
22 "A8"
23 "A45"
24 "A19"
25 "A10"
26 "A22"
27 "A23"
28 "A25"
29 "A5"
30 "A12"
31 "A2"
32 "A11"
33 "A48"
34 "A39"
35 "A47"
36 "A6"
37 "A35"
38 "A9"
39 "A28"
40 "A21"
41 "A33"
42 "A42"
43 "A18"
44 "A30"
45 "A14"
46 "A15"
47 "A38"
48 "A13"
49 "A1"
17
0 12
0 38
0 26
0 36
0 10
0 20
0 46
0 9
0 2
0 13
0 24
0 29
0 23
0 43
0 48
0 4
0 30
20
1 37
1 4
1 26
1 9
1 47
1 19
1 6
1 25
1 14
1 44
1 32
1 11
1 0
1 33
1 36
1 13
1 48
1 34
1 24
1 35
26
2 48
2 19
2 17
2 10
2 30
2 32
2 43
2 4
2 46
2 42
2 3
2 34
2 24
2 9
2 12
2 35
2 11
2 13
2 23
2 7
2 5
2 41
2 6
2 37
2 33
2 29
16
3 10
3 5
3 41
3 30
3 14
3 44
3 20
3 46
3 37
3 48
3 32
3 0
3 17
3 42
3 49
3 24
21
4 7
4 35
4 18
4 9
4 6
4 19
4 23
4 46
4 21
4 32
4 8
4 36
4 45
4 11
4 28
4 29
4 37
4 41
4 49
4 3
4 44
22
5 15
5 13
5 4
5 12
5 16
5 17
5 37
5 44
5 35
5 7
5 25
5 10
5 46
5 8
5 27
5 33
5 6
5 1
5 14
5 20
5 30
5 0
20
6 42
6 34
6 16
6 44
6 10
6 28
6 0
6 21
6 29
6 3
6 25
6 9
6 45
6 14
6 31
6 47
6 17
6 27
6 36
6 40
20
7 31
7 26
7 21
7 34
7 16
7 3
7 43
7 8
7 48
7 19
7 36
7 25
7 1
7 44
7 39
7 11
7 46
7 13
7 6
7 40
20
8 6
8 46
8 37
8 28
8 27
8 3
8 22
8 43
8 23
8 0
8 34
8 31
8 48
8 1
8 11
8 19
8 40
8 15
8 39
8 2
21
9 15
9 28
9 3
9 40
9 43
9 29
9 35
9 31
9 25
9 46
9 18
9 22
9 33
9 11
9 19
9 38
9 49
9 8
9 12
9 7
9 48
21
10 20
10 13
10 7
10 31
10 24
10 9
10 37
10 15
10 30
10 49
10 29
10 21
10 46
10 19
10 17
10 4
10 43
10 38
10 44
10 12
10 32
22
11 6
11 10
11 25
11 36
11 15
11 41
11 30
11 40
11 17
11 32
11 42
11 49
11 3
11 13
11 26
11 39
11 46
11 48
11 31
11 35
11 34
11 33
24
12 29
12 31
12 8
12 25
12 44
12 21
12 3
12 26
12 27
12 11
12 35
12 15
12 22
12 30
12 43
12 40
12 16
12 23
12 33
12 48
12 6
12 39
12 36
12 19
18
13 47
13 35
13 9
13 19
13 12
13 27
13 46
13 21
13 28
13 39
13 6
13 30
13 33
13 44
13 3
13 42
13 38
13 32
19
14 36
14 26
14 38
14 45
14 34
14 35
14 20
14 41
14 24
14 13
14 0
14 12
14 4
14 32
14 19
14 27
14 15
14 31
14 28
16
15 13
15 44
15 43
15 36
15 2
15 3
15 7
15 41
15 4
15 23
15 17
15 39
15 25
15 1
15 27
15 28
18
16 31
16 37
16 10
16 8
16 13
16 3
16 2
16 1
16 4
16 15
16 23
16 14
16 35
16 28
16 24
16 39
16 26
16 47
19
17 43
17 19
17 23
17 12
17 39
17 0
17 44
17 46
17 28
17 38
17 9
17 7
17 42
17 16
17 13
17 33
17 29
17 18
17 8
21
18 46
18 28
18 11
18 12
18 45
18 19
18 36
18 0
18 35
18 1
18 3
18 34
18 30
18 15
18 10
18 5
18 20
18 14
18 33
18 24
18 39
14
19 42
19 6
19 27
19 33
19 41
19 5
19 46
19 29
19 0
19 39
19 22
19 15
19 3
19 28
20
20 19
20 44
20 23
20 24
20 13
20 12
20 2
20 46
20 17
20 11
20 39
20 33
20 1
20 31
20 45
20 48
20 37
20 22
20 35
20 7
20
21 14
21 5
21 36
21 37
21 41
21 20
21 32
21 24
21 16
21 11
21 35
21 45
21 30
21 9
21 18
21 1
21 47
21 31
21 2
21 49
20
22 10
22 0
22 42
22 18
22 28
22 15
22 43
22 7
22 2
22 4
22 40
22 34
22 11
22 14
22 1
22 16
22 6
22 33
22 23
22 35
16
23 1
23 43
23 13
23 46
23 28
23 45
23 29
23 37
23 10
23 48
23 32
23 36
23 14
23 42
23 5
23 19
22
24 6
24 5
24 13
24 47
24 12
24 7
24 37
24 22
24 39
24 17
24 11
24 36
24 9
24 35
24 31
24 43
24 32
24 15
24 26
24 41
24 46
24 23
21
25 36
25 10
25 19
25 21
25 31
25 24
25 17
25 14
25 18
25 28
25 4
25 37
25 2
25 16
25 33
25 8
25 0
25 44
25 32
25 22
25 23
21
26 41
26 17
26 2
26 37
26 32
26 46
26 23
26 3
26 21
26 18
26 19
26 35
26 6
26 4
26 28
26 33
26 34
26 25
26 8
26 29
26 22
23
27 42
27 18
27 39
27 17
27 23
27 35
27 11
27 21
27 2
27 26
27 44
27 0
27 31
27 41
27 1
27 3
27 9
27 28
27 25
27 29
27 24
27 16
27 34
17
28 29
28 5
28 46
28 37
28 24
28 7
28 3
28 2
28 34
28 21
28 1
28 48
28 33
28 49
28 12
28 39
28 42
23
29 30
29 49
29 34
29 16
29 18
29 41
29 42
29 48
29 1
29 11
29 5
29 45
29 35
29 43
29 39
29 14
29 21
29 46
29 13
29 7
29 22
29 3
29 47
18
30 41
30 36
30 23
30 43
30 45
30 22
30 15
30 40
30 16
30 28
30 26
30 38
30 27
30 49
30 24
30 33
30 4
30 20
18
31 30
31 41
31 2
31 39
31 18
31 23
31 17
31 13
31 42
31 3
31 15
31 1
31 49
31 26
31 29
31 34
31 33
31 5
27
32 30
32 28
32 0
32 7
32 29
32 47
32 37
32 20
32 5
32 9
32 41
32 19
32 44
32 17
32 18
32 6
32 27
32 16
32 45
32 38
32 49
32 35
32 34
32 48
32 36
32 33
32 15
18
33 8
33 48
33 3
33 15
33 0
33 24
33 27
33 38
33 43
33 10
33 14
33 39
33 44
33 29
33 34
33 21
33 7
33 6
17
34 19
34 25
34 21
34 5
34 41
34 16
34 40
34 30
34 24
34 35
34 45
34 36
34 15
34 10
34 48
34 38
34 13
12
35 19
35 8
35 25
35 47
35 45
35 28
35 3
35 41
35 10
35 36
35 46
35 15
17
36 8
36 29
36 9
36 13
36 22
36 17
36 47
36 20
36 33
36 49
36 5
36 31
36 16
36 2
36 48
36 19
36 26
17
37 34
37 31
37 33
37 18
37 42
37 13
37 14
37 49
37 6
37 45
37 19
37 17
37 38
37 30
37 43
37 36
37 11
15
38 12
38 16
38 7
38 19
38 5
38 25
38 47
38 35
38 31
38 2
38 48
38 20
38 26
38 36
38 11
17
39 41
39 2
39 5
39 9
39 14
39 38
39 43
39 36
39 6
39 4
39 34
39 35
39 23
39 10
39 46
39 47
39 30
29
40 16
40 25
40 48
40 23
40 29
40 37
40 10
40 17
40 46
40 38
40 28
40 39
40 0
40 35
40 32
40 36
40 49
40 24
40 18
40 33
40 5
40 19
40 1
40 27
40 14
40 42
40 31
40 45
40 15
21
41 17
41 37
41 1
41 42
41 16
41 0
41 13
41 9
41 25
41 47
41 6
41 43
41 12
41 8
41 36
41 28
41 22
41 40
41 48
41 20
41 23
21
42 7
42 45
42 30
42 26
42 16
42 9
42 4
42 48
42 0
42 12
42 18
42 5
42 36
42 8
42 1
42 34
42 21
42 33
42 39
42 20
42 47
19
43 3
43 4
43 35
43 28
43 32
43 21
43 18
43 13
43 1
43 34
43 42
43 20
43 40
43 27
43 36
43 31
43 14
43 6
43 11
22
44 34
44 18
44 49
44 0
44 37
44 28
44 22
44 29
44 43
44 39
44 24
44 36
44 35
44 40
44 31
44 23
44 41
44 16
44 9
44 38
44 26
44 19
21
45 33
45 16
45 46
45 1
45 15
45 48
45 41
45 17
45 25
45 39
45 43
45 27
45 2
45 26
45 0
45 10
45 13
45 5
45 19
45 49
45 31
13
46 37
46 6
46 36
46 12
46 33
46 15
46 30
46 22
46 1
46 38
46 21
46 43
46 16
18
47 40
47 46
47 44
47 14
47 31
47 43
47 37
47 10
47 9
47 12
47 22
47 11
47 45
47 28
47 23
47 26
47 15
47 7
19
48 13
48 10
48 43
48 6
48 25
48 35
48 17
48 27
48 22
48 49
48 26
48 39
48 5
48 44
48 31
48 18
48 30
48 4
48 24
23
49 12
49 34
49 13
49 19
49 23
49 16
49 18
49 22
49 0
49 15
49 33
49 42
49 6
49 8
49 7
49 24
49 47
49 5
49 20
49 46
49 27
49 17
49 38
