50
0 "A7"
1 "A27"
2 "A4"
3 "A32"
4 "A37"
5 "A17"
6 "A24"
7 "A29"
8 "A26"
9 "A40"
10 "A46"
11 "A0"
12 "A3"
13 "A34"
14 "A20"
15 "A49"
16 "A31"
17 "A16"
18 "A36"
19 "A43"
20 "A44"
21 "A41"
22 "A8"
23 "A45"
24 "A19"
25 "A10"
26 "A22"
27 "A23"
28 "A25"
29 "A5"
30 "A12"
31 "A2"
32 "A11"
33 "A48"
34 "A39"
35 "A47"
36 "A6"
37 "A35"
38 "A9"
39 "A28"
40 "A21"
41 "A33"
42 "A42"
43 "A18"
44 "A30"
45 "A14"
46 "A15"
47 "A38"
48 "A13"
49 "A1"
23
0 6
0 28
0 16
0 15
0 19
0 9
0 34
0 7
0 1
0 20
0 29
0 38
0 5
0 18
0 32
0 25
0 24
0 35
0 36
0 11
0 13
0 14
0 21
21
1 49
1 6
1 23
1 18
1 28
1 37
1 21
1 41
1 4
1 46
1 45
1 15
1 8
1 2
1 30
1 12
1 25
1 7
1 24
1 14
1 40
16
2 27
2 22
2 6
2 4
2 37
2 46
2 8
2 42
2 32
2 15
2 24
2 0
2 39
2 36
2 19
2 41
16
3 46
3 6
3 31
3 49
3 20
3 14
3 15
3 26
3 45
3 39
3 7
3 2
3 0
3 12
3 47
3 19
20
4 22
4 46
4 49
4 16
4 3
4 26
4 38
4 8
4 29
4 18
4 43
4 19
4 27
4 7
4 11
4 48
4 15
4 34
4 31
4 35
26
5 44
5 41
5 14
5 38
5 35
5 46
5 42
5 11
5 32
5 40
5 23
5 10
5 2
5 30
5 31
5 8
5 22
5 7
5 13
5 29
5 21
5 20
5 19
5 1
5 15
5 28
17
6 33
6 7
6 45
6 46
6 47
6 5
6 10
6 30
6 37
6 20
6 43
6 16
6 42
6 31
6 41
6 35
6 38
18
7 25
7 2
7 10
7 9
7 8
7 47
7 16
7 38
7 34
7 49
7 11
7 36
7 39
7 45
7 41
7 23
7 19
7 20
14
8 29
8 6
8 35
8 9
8 22
8 13
8 31
8 10
8 20
8 25
8 33
8 12
8 47
8 11
18
9 16
9 41
9 19
9 4
9 39
9 47
9 2
9 17
9 5
9 13
9 45
9 35
9 3
9 27
9 42
9 32
9 33
9 34
20
10 42
10 11
10 45
10 4
10 43
10 46
10 2
10 15
10 9
10 14
10 36
10 29
10 12
10 16
10 40
10 47
10 13
10 21
10 25
10 27
15
11 22
11 42
11 35
11 2
11 28
11 15
11 39
11 1
11 33
11 9
11 20
11 3
11 40
11 32
11 41
21
12 46
12 13
12 15
12 16
12 4
12 0
12 27
12 44
12 25
12 14
12 48
12 21
12 47
12 28
12 26
12 18
12 11
12 20
12 6
12 2
12 30
26
13 47
13 4
13 43
13 1
13 6
13 27
13 41
13 29
13 3
13 31
13 24
13 11
13 33
13 20
13 36
13 30
13 2
13 39
13 22
13 18
13 32
13 44
13 7
13 25
13 21
13 35
21
14 23
14 38
14 27
14 36
14 18
14 11
14 4
14 20
14 35
14 16
14 9
14 44
14 7
14 8
14 42
14 48
14 41
14 26
14 47
14 37
14 13
15
15 9
15 28
15 29
15 44
15 43
15 47
15 30
15 39
15 19
15 24
15 31
15 41
15 8
15 23
15 7
18
16 5
16 39
16 45
16 15
16 23
16 24
16 37
16 35
16 19
16 43
16 49
16 1
16 11
16 20
16 30
16 2
16 32
16 25
24
17 22
17 2
17 32
17 28
17 40
17 3
17 21
17 24
17 45
17 31
17 16
17 13
17 37
17 1
17 35
17 44
17 5
17 6
17 10
17 39
17 25
17 7
17 15
17 38
12
18 26
18 2
18 39
18 3
18 28
18 16
18 33
18 41
18 21
18 6
18 48
18 29
19
19 40
19 32
19 10
19 13
19 29
19 41
19 22
19 14
19 26
19 21
19 35
19 1
19 17
19 46
19 45
19 44
19 18
19 12
19 43
16
20 18
20 49
20 47
20 48
20 31
20 10
20 15
20 37
20 17
20 27
20 38
20 19
20 26
20 36
20 4
20 2
19
21 4
21 40
21 45
21 42
21 14
21 24
21 2
21 16
21 49
21 15
21 26
21 43
21 3
21 11
21 30
21 34
21 6
21 22
21 39
20
22 9
22 16
22 29
22 14
22 25
22 48
22 1
22 44
22 43
22 49
22 41
22 26
22 31
22 33
22 45
22 15
22 10
22 18
22 3
22 20
24
23 48
23 11
23 31
23 37
23 34
23 19
23 3
23 42
23 27
23 2
23 8
23 10
23 26
23 9
23 20
23 44
23 22
23 38
23 36
23 13
23 6
23 43
23 12
23 40
22
24 20
24 4
24 6
24 9
24 22
24 35
24 34
24 7
24 40
24 11
24 46
24 31
24 43
24 32
24 29
24 3
24 23
24 42
24 39
24 30
24 48
24 8
18
25 32
25 24
25 45
25 43
25 20
25 48
25 26
25 15
25 6
25 40
25 23
25 35
25 34
25 5
25 4
25 18
25 2
25 3
21
26 8
26 30
26 5
26 1
26 10
26 6
26 24
26 7
26 9
26 13
26 35
26 29
26 16
26 46
26 33
26 15
26 48
26 17
26 47
26 0
26 32
22
27 7
27 25
27 38
27 19
27 1
27 36
27 37
27 43
27 26
27 40
27 22
27 33
27 29
27 3
27 6
27 24
27 18
27 41
27 11
27 32
27 45
27 16
22
28 22
28 44
28 13
28 16
28 43
28 6
28 46
28 25
28 30
28 7
28 2
28 41
28 45
28 48
28 29
28 33
28 40
28 20
28 27
28 39
28 19
28 21
16
29 34
29 48
29 1
29 6
29 11
29 36
29 23
29 20
29 7
29 38
29 49
29 32
29 42
29 3
29 45
29 46
28
30 14
30 43
30 40
30 3
30 9
30 23
30 46
30 27
30 10
30 36
30 22
30 0
30 18
30 8
30 33
30 20
30 29
30 39
30 11
30 48
30 45
30 49
30 42
30 4
30 19
30 2
30 25
30 31
22
31 38
31 21
31 41
31 27
31 25
31 40
31 18
31 47
31 49
31 34
31 48
31 28
31 11
31 37
31 26
31 36
31 1
31 12
31 19
31 7
31 0
31 14
16
32 28
32 6
32 31
32 23
32 39
32 42
32 3
32 46
32 18
32 8
32 30
32 22
32 20
32 43
32 4
32 12
22
33 47
33 41
33 17
33 4
33 5
33 20
33 2
33 40
33 35
33 45
33 1
33 15
33 7
33 24
33 3
33 16
33 46
33 49
33 37
33 25
33 23
33 14
25
34 27
34 8
34 3
34 32
34 26
34 39
34 1
34 19
34 35
34 43
34 36
34 10
34 37
34 20
34 14
34 2
34 22
34 11
34 33
34 18
34 15
34 12
34 5
34 16
34 46
18
35 10
35 20
35 23
35 27
35 21
35 2
35 39
35 28
35 36
35 15
35 30
35 18
35 40
35 12
35 7
35 1
35 31
35 22
19
36 17
36 24
36 26
36 42
36 33
36 5
36 39
36 18
36 1
36 38
36 21
36 8
36 37
36 22
36 48
36 3
36 16
36 15
36 46
26
37 24
37 7
37 10
37 26
37 35
37 8
37 28
37 32
37 4
37 9
37 12
37 0
37 25
37 11
37 48
37 3
37 44
37 22
37 19
37 47
37 46
37 15
37 13
37 29
37 43
37 42
22
38 40
38 35
38 33
38 10
38 49
38 41
38 12
38 15
38 21
38 16
38 8
38 25
38 30
38 1
38 13
38 22
38 11
38 9
38 2
38 47
38 46
38 3
13
39 37
39 23
39 19
39 38
39 26
39 6
39 5
39 46
39 48
39 31
39 45
39 25
39 1
17
40 9
40 36
40 42
40 12
40 22
40 0
40 34
40 26
40 20
40 7
40 8
40 18
40 3
40 44
40 45
40 2
40 37
15
41 21
41 26
41 37
41 23
41 42
41 30
41 16
41 34
41 35
41 29
41 32
41 40
41 25
41 43
41 3
20
42 0
42 1
42 47
42 19
42 39
42 28
42 15
42 17
42 38
42 22
42 44
42 18
42 31
42 8
42 26
42 25
42 43
42 20
42 46
42 13
20
43 36
43 0
43 9
43 7
43 38
43 5
43 1
43 26
43 39
43 35
43 31
43 46
43 40
43 29
43 17
43 2
43 11
43 33
43 12
43 18
22
44 32
44 21
44 1
44 33
44 10
44 3
44 0
44 27
44 29
44 34
44 30
44 7
44 26
44 4
44 2
44 35
44 6
44 24
44 45
44 9
44 36
44 31
21
45 34
45 8
45 31
45 5
45 12
45 4
45 26
45 46
45 37
45 11
45 38
45 2
45 42
45 24
45 35
45 32
45 43
45 20
45 0
45 23
45 36
14
46 15
46 21
46 41
46 17
46 40
46 18
46 31
46 20
46 7
46 11
46 48
46 27
46 16
46 47
19
47 39
47 41
47 22
47 29
47 40
47 5
47 48
47 23
47 27
47 32
47 30
47 43
47 17
47 25
47 44
47 49
47 45
47 16
47 4
21
48 19
48 34
48 33
48 17
48 41
48 10
48 40
48 11
48 13
48 32
48 43
48 6
48 49
48 44
48 9
48 27
48 42
48 16
48 7
48 0
48 15
20
49 5
49 17
49 36
49 32
49 43
49 42
49 27
49 14
49 39
49 12
49 46
49 37
49 24
49 10
49 23
49 15
49 35
49 28
49 6
49 9
