50
0 "A7"
1 "A27"
2 "A4"
3 "A32"
4 "A37"
5 "A17"
6 "A24"
7 "A29"
8 "A26"
9 "A40"
10 "A46"
11 "A0"
12 "A3"
13 "A34"
14 "A20"
15 "A49"
16 "A31"
17 "A16"
18 "A36"
19 "A43"
20 "A44"
21 "A41"
22 "A8"
23 "A45"
24 "A19"
25 "A10"
26 "A22"
27 "A23"
28 "A25"
29 "A5"
30 "A12"
31 "A2"
32 "A11"
33 "A48"
34 "A39"
35 "A47"
36 "A6"
37 "A35"
38 "A9"
39 "A28"
40 "A21"
41 "A33"
42 "A42"
43 "A18"
44 "A30"
45 "A14"
46 "A15"
47 "A38"
48 "A13"
49 "A1"
23
0 6
0 28
0 16
0 36
0 19
0 5
0 21
0 7
0 1
0 47
0 29
0 13
0 38
0 32
0 23
0 24
0 31
0 39
0 25
0 11
0 4
0 14
0 20
20
1 49
1 6
1 12
1 18
1 28
1 46
1 21
1 41
1 37
1 11
1 17
1 45
1 32
1 10
1 14
1 15
1 25
1 24
1 40
1 26
23
2 42
2 19
2 24
2 29
2 41
2 11
2 13
2 32
2 43
2 15
2 22
2 4
2 36
2 37
2 0
2 8
2 18
2 31
2 26
2 1
2 14
2 46
2 45
18
3 6
3 12
3 46
3 2
3 10
3 22
3 18
3 49
3 20
3 7
3 19
3 14
3 1
3 0
3 39
3 31
3 34
3 27
23
4 27
4 11
4 30
4 23
4 37
4 6
4 31
4 40
4 17
4 34
4 22
4 49
4 20
4 46
4 15
4 16
4 26
4 39
4 29
4 8
4 18
4 12
4 19
26
5 8
5 44
5 41
5 1
5 38
5 35
5 46
5 31
5 11
5 32
5 14
5 49
5 23
5 29
5 2
5 25
5 12
5 48
5 30
5 22
5 47
5 37
5 7
5 3
5 45
5 40
15
6 47
6 45
6 33
6 7
6 10
6 37
6 43
6 41
6 35
6 21
6 26
6 38
6 19
6 11
6 5
17
7 2
7 10
7 9
7 38
7 8
7 14
7 47
7 49
7 32
7 39
7 45
7 43
7 23
7 19
7 20
7 34
7 41
12
8 19
8 9
8 20
8 44
8 17
8 10
8 6
8 41
8 35
8 12
8 29
8 47
24
9 35
9 42
9 11
9 22
9 1
9 12
9 44
9 34
9 45
9 16
9 27
9 32
9 39
9 19
9 47
9 17
9 40
9 2
9 36
9 5
9 4
9 23
9 3
9 18
18
10 45
10 43
10 32
10 2
10 37
10 16
10 5
10 33
10 40
10 21
10 31
10 28
10 47
10 15
10 46
10 14
10 42
10 13
14
11 28
11 18
11 7
11 8
11 19
11 3
11 35
11 32
11 16
11 22
11 20
11 42
11 33
11 38
21
12 42
12 36
12 22
12 29
12 0
12 48
12 44
12 25
12 14
12 24
12 21
12 20
12 6
12 30
12 11
12 46
12 33
12 13
12 15
12 16
12 2
24
13 1
13 6
13 3
13 34
13 22
13 45
13 21
13 33
13 27
13 32
13 14
13 30
13 4
13 18
13 28
13 9
13 16
13 35
13 39
13 7
13 40
13 25
13 11
13 31
18
14 48
14 42
14 37
14 40
14 38
14 27
14 44
14 36
14 18
14 11
14 46
14 29
14 9
14 8
14 25
14 41
14 47
14 16
18
15 20
15 22
15 42
15 9
15 41
15 28
15 32
15 29
15 18
15 47
15 31
15 30
15 11
15 39
15 13
15 8
15 14
15 6
18
16 1
16 7
16 5
16 8
16 45
16 29
16 2
16 37
16 32
16 49
16 47
16 27
16 3
16 19
16 43
16 39
16 20
16 15
25
17 22
17 2
17 32
17 28
17 40
17 3
17 39
17 44
17 15
17 13
17 34
17 18
17 10
17 0
17 24
17 35
17 25
17 7
17 6
17 38
17 12
17 30
17 31
17 49
17 45
14
18 6
18 39
18 34
18 28
18 49
18 8
18 44
18 37
18 16
18 12
18 38
18 23
18 7
18 29
18
19 18
19 13
19 24
19 29
19 47
19 17
19 26
19 14
19 42
19 41
19 27
19 45
19 43
19 46
19 33
19 22
19 35
19 15
16
20 26
20 36
20 39
20 18
20 47
20 49
20 19
20 6
20 17
20 9
20 10
20 37
20 41
20 14
20 2
20 13
19
21 14
21 30
21 49
21 8
21 26
21 3
21 11
21 35
21 34
21 22
21 4
21 24
21 7
21 23
21 16
21 44
21 42
21 18
21 5
10
22 31
22 14
22 29
22 46
22 1
22 0
22 26
22 45
22 10
22 16
20
23 27
23 13
23 2
23 37
23 10
23 34
23 8
23 15
23 46
23 28
23 25
23 19
23 1
23 44
23 22
23 40
23 6
23 26
23 11
23 38
23
24 42
24 29
24 43
24 9
24 22
24 35
24 46
24 5
24 11
24 18
24 38
24 7
24 6
24 3
24 23
24 44
24 31
24 39
24 10
24 26
24 14
24 16
24 8
19
25 48
25 37
25 32
25 21
25 43
25 20
25 7
25 2
25 16
25 18
25 34
25 24
25 19
25 3
25 10
25 44
25 4
25 40
25 6
21
26 32
26 8
26 30
26 5
26 16
26 10
26 33
26 0
26 42
26 13
26 9
26 14
26 15
26 49
26 12
26 7
26 35
26 17
26 46
26 48
26 47
18
27 38
27 31
27 42
27 12
27 8
27 1
27 24
27 40
27 5
27 2
27 26
27 45
27 39
27 6
27 11
27 7
27 21
27 41
18
28 16
28 43
28 6
28 36
28 26
28 21
28 2
28 41
28 27
28 44
28 20
28 45
28 39
28 5
28 22
28 7
28 14
28 25
21
29 38
29 6
29 11
29 20
29 13
29 36
29 10
29 45
29 35
29 28
29 7
29 33
29 49
29 41
29 27
29 32
29 23
29 3
29 47
29 34
29 1
27
30 48
30 20
30 39
30 11
30 45
30 14
30 19
30 40
30 3
30 9
30 23
30 24
30 7
30 43
30 46
30 27
30 35
30 47
30 10
30 18
30 34
30 22
30 6
30 2
30 29
30 42
30 36
26
31 19
31 7
31 18
31 14
31 38
31 21
31 47
31 16
31 1
31 25
31 33
31 29
31 49
31 42
31 34
31 30
31 41
31 48
31 28
31 11
31 40
31 37
31 26
31 6
31 20
31 12
16
32 6
32 49
32 31
32 28
32 46
32 8
32 40
32 14
32 3
32 23
32 38
32 33
32 22
32 39
32 24
32 18
20
33 4
33 21
33 47
33 5
33 2
33 22
33 24
33 35
33 42
33 15
33 28
33 27
33 9
33 1
33 3
33 16
33 37
33 7
33 8
33 25
21
34 39
34 44
34 32
34 14
34 8
34 2
34 43
34 20
34 12
34 33
34 49
34 15
34 5
34 19
34 26
34 1
34 22
34 27
34 10
34 24
34 28
18
35 41
35 7
35 43
35 28
35 27
35 14
35 12
35 23
35 15
35 32
35 34
35 20
35 42
35 25
35 39
35 18
35 22
35 36
20
36 8
36 16
36 48
36 1
36 23
36 38
36 42
36 33
36 22
36 5
36 47
36 25
36 32
36 39
36 41
36 15
36 24
36 3
36 21
36 11
26
37 7
37 13
37 47
37 38
37 46
37 36
37 8
37 28
37 32
37 11
37 12
37 9
37 26
37 21
37 42
37 0
37 15
37 48
37 22
37 3
37 35
37 27
37 30
37 34
37 24
37 29
24
38 15
38 26
38 1
38 8
38 13
38 34
38 2
38 45
38 25
38 33
38 39
38 48
38 46
38 21
38 30
38 19
38 4
38 22
38 20
38 9
38 16
38 12
38 10
38 41
18
39 25
39 23
39 43
39 31
39 49
39 6
39 11
39 47
39 26
39 41
39 45
39 21
39 37
39 1
39 22
39 48
39 42
39 44
19
40 12
40 26
40 37
40 36
40 24
40 19
40 22
40 42
40 38
40 20
40 7
40 2
40 21
40 48
40 8
40 18
40 3
40 11
40 6
17
41 10
41 0
41 34
41 25
41 37
41 13
41 3
41 40
41 12
41 16
41 42
41 43
41 21
41 32
41 17
41 26
41 4
13
42 25
42 18
42 8
42 13
42 22
42 1
42 38
42 28
42 0
42 20
42 44
42 23
42 32
23
43 46
43 26
43 29
43 1
43 5
43 13
43 17
43 18
43 23
43 9
43 0
43 12
43 15
43 38
43 11
43 36
43 27
43 4
43 40
43 14
43 3
43 22
43 8
21
44 6
44 1
44 7
44 10
44 33
44 15
44 40
44 0
44 27
44 2
44 29
44 4
44 26
44 47
44 46
44 31
44 13
44 45
44 36
44 11
44 32
20
45 34
45 8
45 0
45 25
45 3
45 21
45 23
45 35
45 43
45 32
45 31
45 12
45 42
45 40
45 11
45 15
45 24
45 37
45 26
45 36
17
46 7
46 45
46 21
46 41
46 17
46 33
46 11
46 34
46 40
46 18
46 27
46 9
46 42
46 15
46 31
46 13
46 20
20
47 46
47 18
47 12
47 4
47 35
47 3
47 25
47 43
47 17
47 27
47 38
47 22
47 48
47 23
47 21
47 1
47 45
47 11
47 41
47 32
24
48 34
48 16
48 44
48 10
48 42
48 13
48 11
48 2
48 4
48 27
48 0
48 35
48 20
48 7
48 21
48 17
48 33
48 23
48 15
48 9
48 19
48 29
48 32
48 49
16
49 23
49 42
49 12
49 40
49 46
49 37
49 30
49 15
49 14
49 41
49 9
49 38
49 19
49 43
49 27
49 10
