50
0 "A7"
1 "A27"
2 "A4"
3 "A32"
4 "A37"
5 "A17"
6 "A24"
7 "A29"
8 "A26"
9 "A40"
10 "A46"
11 "A0"
12 "A3"
13 "A34"
14 "A20"
15 "A49"
16 "A31"
17 "A16"
18 "A36"
19 "A43"
20 "A44"
21 "A41"
22 "A8"
23 "A45"
24 "A19"
25 "A10"
26 "A22"
27 "A23"
28 "A25"
29 "A5"
30 "A12"
31 "A2"
32 "A11"
33 "A48"
34 "A39"
35 "A47"
36 "A6"
37 "A35"
38 "A9"
39 "A28"
40 "A21"
41 "A33"
42 "A42"
43 "A18"
44 "A30"
45 "A14"
46 "A15"
47 "A38"
48 "A13"
49 "A1"
19
0 34
0 18
0 12
0 11
0 8
0 22
0 29
0 23
0 32
0 24
0 38
0 9
0 35
0 10
0 4
0 25
0 15
0 27
0 13
18
1 19
1 0
1 29
1 39
1 10
1 31
1 38
1 36
1 3
1 2
1 42
1 12
1 48
1 26
1 34
1 4
1 11
1 7
18
2 13
2 20
2 37
2 0
2 36
2 10
2 34
2 32
2 31
2 14
2 29
2 39
2 25
2 33
2 45
2 44
2 8
2 6
21
3 21
3 13
3 17
3 33
3 31
3 7
3 27
3 12
3 36
3 42
3 41
3 5
3 2
3 20
3 25
3 22
3 6
3 28
3 38
3 15
3 9
18
4 12
4 3
4 29
4 5
4 8
4 44
4 36
4 17
4 19
4 10
4 38
4 41
4 32
4 48
4 42
4 33
4 22
4 2
19
5 24
5 2
5 48
5 34
5 10
5 27
5 41
5 30
5 45
5 19
5 15
5 25
5 31
5 36
5 42
5 33
5 13
5 23
5 0
16
6 36
6 38
6 7
6 0
6 43
6 31
6 9
6 14
6 48
6 1
6 28
6 18
6 47
6 22
6 45
6 26
20
7 0
7 42
7 13
7 41
7 10
7 44
7 15
7 39
7 14
7 40
7 36
7 4
7 48
7 16
7 23
7 2
7 46
7 29
7 11
7 22
18
8 10
8 32
8 14
8 23
8 12
8 24
8 26
8 40
8 1
8 3
8 38
8 11
8 6
8 5
8 9
8 28
8 47
8 42
24
9 10
9 21
9 17
9 32
9 45
9 43
9 2
9 27
9 38
9 5
9 1
9 30
9 33
9 26
9 7
9 46
9 40
9 31
9 15
9 14
9 34
9 25
9 4
9 41
15
10 30
10 28
10 44
10 26
10 34
10 23
10 33
10 27
10 25
10 20
10 48
10 41
10 49
10 3
10 45
18
11 20
11 5
11 23
11 26
11 31
11 27
11 25
11 17
11 33
11 24
11 48
11 41
11 3
11 29
11 10
11 2
11 4
11 43
22
12 2
12 33
12 30
12 14
12 10
12 27
12 48
12 46
12 40
12 25
12 35
12 6
12 47
12 26
12 13
12 43
12 18
12 5
12 7
12 45
12 24
12 44
21
13 1
13 37
13 17
13 31
13 38
13 40
13 32
13 10
13 20
13 4
13 47
13 19
13 21
13 6
13 26
13 11
13 25
13 41
13 44
13 39
13 30
20
14 34
14 10
14 23
14 43
14 16
14 48
14 3
14 13
14 41
14 31
14 20
14 33
14 24
14 47
14 1
14 49
14 11
14 39
14 29
14 22
18
15 44
15 4
15 34
15 30
15 33
15 10
15 13
15 42
15 26
15 37
15 25
15 41
15 1
15 20
15 14
15 24
15 22
15 45
20
16 27
16 0
16 42
16 35
16 15
16 6
16 24
16 40
16 28
16 47
16 12
16 10
16 5
16 45
16 49
16 34
16 8
16 32
16 20
16 11
23
17 47
17 24
17 33
17 32
17 15
17 19
17 1
17 16
17 21
17 10
17 26
17 0
17 20
17 41
17 5
17 37
17 18
17 14
17 2
17 49
17 25
17 30
17 46
19
18 43
18 29
18 46
18 33
18 15
18 13
18 5
18 3
18 49
18 21
18 25
18 40
18 14
18 31
18 16
18 48
18 2
18 7
18 32
16
19 3
19 49
19 2
19 10
19 6
19 12
19 18
19 26
19 46
19 7
19 9
19 45
19 24
19 40
19 27
19 20
20
20 34
20 0
20 25
20 1
20 8
20 12
20 9
20 45
20 4
20 32
20 5
20 26
20 41
20 23
20 43
20 46
20 44
20 28
20 39
20 18
26
21 14
21 16
21 6
21 47
21 40
21 23
21 39
21 12
21 5
21 48
21 42
21 43
21 7
21 31
21 19
21 22
21 44
21 28
21 10
21 4
21 32
21 37
21 30
21 1
21 29
21 2
24
22 36
22 10
22 26
22 13
22 25
22 46
22 9
22 34
22 41
22 1
22 18
22 35
22 17
22 16
22 40
22 43
22 5
22 42
22 11
22 31
22 37
22 39
22 48
22 27
18
23 34
23 48
23 22
23 9
23 2
23 19
23 49
23 3
23 30
23 12
23 15
23 28
23 38
23 6
23 18
23 47
23 4
23 43
22
24 46
24 44
24 1
24 25
24 42
24 31
24 7
24 13
24 27
24 38
24 21
24 33
24 34
24 23
24 2
24 29
24 41
24 4
24 48
24 6
24 45
24 32
20
25 7
25 8
25 32
25 39
25 16
25 1
25 30
25 19
25 31
25 28
25 43
25 36
25 23
25 47
25 4
25 48
25 46
25 6
25 45
25 44
18
26 24
26 25
26 46
26 45
26 5
26 0
26 4
26 36
26 38
26 16
26 21
26 44
26 33
26 2
26 39
26 14
26 37
26 23
24
27 23
27 18
27 4
27 43
27 49
27 25
27 21
27 37
27 8
27 20
27 30
27 35
27 7
27 42
27 46
27 14
27 28
27 38
27 15
27 29
27 2
27 6
27 44
27 39
19
28 9
28 39
28 34
28 36
28 31
28 26
28 4
28 1
28 5
28 30
28 44
28 29
28 38
28 15
28 40
28 12
28 13
28 19
28 0
14
29 23
29 12
29 17
29 6
29 20
29 22
29 30
29 8
29 5
29 34
29 16
29 10
29 3
29 9
20
30 20
30 22
30 48
30 0
30 14
30 37
30 6
30 39
30 32
30 49
30 38
30 42
30 1
30 16
30 31
30 43
30 46
30 19
30 2
30 3
21
31 27
31 8
31 44
31 23
31 47
31 33
31 39
31 20
31 7
31 15
31 38
31 41
31 26
31 16
31 12
31 37
31 42
31 40
31 17
31 34
31 4
21
32 46
32 26
32 41
32 33
32 11
32 19
32 3
32 39
32 49
32 22
32 28
32 12
32 7
32 10
32 31
32 43
32 38
32 23
32 48
32 14
32 5
18
33 48
33 27
33 28
33 34
33 16
33 8
33 21
33 43
33 36
33 42
33 22
33 29
33 23
33 19
33 25
33 1
33 6
33 13
14
34 21
34 19
34 48
34 38
34 4
34 27
34 37
34 6
34 18
34 8
34 49
34 3
34 25
34 40
22
35 30
35 1
35 17
35 6
35 13
35 24
35 4
35 3
35 29
35 11
35 36
35 25
35 7
35 46
35 15
35 21
35 23
35 5
35 33
35 10
35 26
35 31
25
36 9
36 39
36 17
36 14
36 15
36 11
36 31
36 48
36 24
36 0
36 18
36 29
36 8
36 44
36 30
36 23
36 21
36 42
36 40
36 20
36 41
36 13
36 27
36 32
36 16
25
37 5
37 39
37 36
37 4
37 1
37 11
37 33
37 6
37 14
37 47
37 28
37 9
37 18
37 10
37 7
37 24
37 32
37 48
37 19
37 0
37 20
37 12
37 29
37 25
37 3
17
38 14
38 40
38 11
38 49
38 2
38 41
38 47
38 29
38 19
38 5
38 18
38 35
38 7
38 21
38 22
38 45
38 15
16
39 35
39 29
39 19
39 23
39 33
39 4
39 0
39 17
39 40
39 38
39 15
39 46
39 34
39 5
39 16
39 41
16
40 11
40 6
40 1
40 45
40 3
40 33
40 24
40 48
40 37
40 14
40 15
40 26
40 2
40 0
40 23
40 30
19
41 35
41 26
41 25
41 6
41 42
41 19
41 18
41 34
41 27
41 40
41 28
41 30
41 43
41 8
41 33
41 37
41 0
41 23
41 2
22
42 19
42 29
42 38
42 10
42 9
42 11
42 45
42 28
42 37
42 25
42 32
42 35
42 20
42 39
42 12
42 17
42 40
42 13
42 34
42 6
42 23
42 26
17
43 39
43 36
43 45
43 35
43 4
43 7
43 38
43 26
43 5
43 28
43 24
43 31
43 37
43 8
43 19
43 47
43 42
18
44 1
44 39
44 34
44 19
44 47
44 46
44 9
44 41
44 42
44 29
44 16
44 37
44 30
44 11
44 6
44 32
44 14
44 40
23
45 3
45 35
45 33
45 11
45 14
45 4
45 36
45 1
45 37
45 18
45 30
45 17
45 41
45 34
45 46
45 48
45 29
45 44
45 21
45 31
45 39
45 22
45 32
16
46 3
46 13
46 21
46 48
46 43
46 0
46 38
46 37
46 23
46 29
46 10
46 14
46 42
46 31
46 34
46 41
18
47 19
47 24
47 9
47 1
47 28
47 48
47 20
47 0
47 39
47 11
47 2
47 46
47 30
47 29
47 3
47 41
47 18
47 35
16
48 49
48 38
48 3
48 17
48 31
48 43
48 13
48 0
48 35
48 28
48 15
48 39
48 41
48 42
48 20
48 44
28
49 1
49 22
49 5
49 37
49 42
49 9
49 13
49 21
49 20
49 28
49 36
49 26
49 41
49 46
49 40
49 6
49 44
49 39
49 8
49 47
49 24
49 3
49 7
49 0
49 31
49 4
49 2
49 15
