50
0 "A7"
1 "A27"
2 "A4"
3 "A32"
4 "A37"
5 "A17"
6 "A24"
7 "A29"
8 "A26"
9 "A40"
10 "A46"
11 "A0"
12 "A3"
13 "A34"
14 "A20"
15 "A49"
16 "A31"
17 "A16"
18 "A36"
19 "A43"
20 "A44"
21 "A41"
22 "A8"
23 "A45"
24 "A19"
25 "A10"
26 "A22"
27 "A23"
28 "A25"
29 "A5"
30 "A12"
31 "A2"
32 "A11"
33 "A48"
34 "A39"
35 "A47"
36 "A6"
37 "A35"
38 "A9"
39 "A28"
40 "A21"
41 "A33"
42 "A42"
43 "A18"
44 "A30"
45 "A14"
46 "A15"
47 "A38"
48 "A13"
49 "A1"
17
0 5
0 26
0 33
0 16
0 36
0 41
0 20
0 6
0 2
0 38
0 3
0 46
0 45
0 9
0 11
0 12
0 24
18
1 49
1 17
1 39
1 28
1 40
1 14
1 19
1 48
1 29
1 23
1 33
1 13
1 12
1 34
1 21
1 5
1 4
1 43
21
2 16
2 14
2 31
2 22
2 38
2 23
2 30
2 10
2 35
2 41
2 46
2 25
2 4
2 15
2 47
2 5
2 28
2 19
2 3
2 6
2 42
21
3 43
3 41
3 13
3 16
3 24
3 31
3 18
3 47
3 38
3 14
3 12
3 9
3 25
3 21
3 8
3 30
3 26
3 7
3 28
3 32
3 1
24
4 44
4 28
4 3
4 32
4 18
4 7
4 30
4 10
4 49
4 8
4 29
4 14
4 11
4 24
4 22
4 41
4 6
4 9
4 26
4 23
4 33
4 0
4 40
4 45
23
5 42
5 24
5 30
5 47
5 26
5 37
5 13
5 18
5 15
5 8
5 17
5 29
5 34
5 31
5 49
5 10
5 20
5 32
5 23
5 3
5 48
5 4
5 25
23
6 30
6 39
6 37
6 27
6 17
6 1
6 32
6 26
6 23
6 43
6 25
6 33
6 40
6 42
6 24
6 13
6 3
6 47
6 41
6 34
6 49
6 29
6 11
22
7 6
7 49
7 0
7 23
7 45
7 41
7 14
7 30
7 36
7 40
7 18
7 2
7 17
7 33
7 48
7 47
7 39
7 38
7 16
7 34
7 21
7 28
19
8 42
8 33
8 31
8 2
8 13
8 7
8 6
8 47
8 22
8 28
8 27
8 48
8 18
8 41
8 23
8 0
8 12
8 32
8 30
26
9 47
9 14
9 8
9 19
9 7
9 36
9 5
9 21
9 48
9 35
9 17
9 29
9 34
9 43
9 1
9 25
9 12
9 41
9 39
9 28
9 15
9 42
9 32
9 27
9 6
9 11
17
10 11
10 8
10 49
10 27
10 13
10 19
10 0
10 34
10 31
10 35
10 43
10 42
10 16
10 15
10 46
10 6
10 38
20
11 20
11 36
11 5
11 21
11 18
11 49
11 27
11 39
11 44
11 12
11 46
11 26
11 38
11 8
11 3
11 1
11 31
11 30
11 37
11 16
19
12 45
12 14
12 30
12 25
12 10
12 20
12 46
12 42
12 38
12 32
12 48
12 13
12 4
12 41
12 6
12 21
12 7
12 18
12 28
24
13 36
13 33
13 40
13 22
13 29
13 9
13 26
13 37
13 25
13 34
13 32
13 38
13 41
13 39
13 44
13 21
13 18
13 4
13 23
13 43
13 24
13 11
13 49
13 7
14
14 35
14 6
14 13
14 17
14 5
14 11
14 22
14 0
14 33
14 32
14 27
14 45
14 49
14 37
17
15 38
15 46
15 49
15 6
15 32
15 1
15 39
15 14
15 21
15 29
15 4
15 35
15 37
15 42
15 34
15 47
15 12
25
16 14
16 43
16 45
16 30
16 17
16 31
16 42
16 1
16 24
16 25
16 6
16 18
16 44
16 40
16 8
16 23
16 41
16 32
16 9
16 38
16 5
16 28
16 35
16 4
16 36
16
17 3
17 4
17 18
17 8
17 44
17 33
17 47
17 40
17 49
17 0
17 2
17 11
17 31
17 28
17 27
17 45
16
18 27
18 31
18 19
18 14
18 0
18 47
18 15
18 10
18 38
18 45
18 2
18 21
18 26
18 1
18 9
18 37
22
19 23
19 24
19 40
19 42
19 16
19 34
19 22
19 38
19 36
19 35
19 20
19 17
19 6
19 49
19 25
19 27
19 3
19 44
19 43
19 8
19 4
19 15
23
20 24
20 4
20 33
20 10
20 40
20 18
20 2
20 21
20 48
20 27
20 34
20 37
20 13
20 17
20 1
20 36
20 23
20 16
20 28
20 31
20 47
20 15
20 9
17
21 31
21 42
21 2
21 23
21 19
21 49
21 29
21 26
21 28
21 44
21 16
21 38
21 4
21 22
21 17
21 46
21 5
23
22 3
22 26
22 20
22 25
22 32
22 38
22 23
22 0
22 6
22 46
22 7
22 9
22 17
22 49
22 33
22 42
22 24
22 15
22 47
22 1
22 43
22 5
22 18
20
23 35
23 34
23 14
23 11
23 43
23 17
23 18
23 10
23 15
23 33
23 12
23 27
23 45
23 39
23 3
23 44
23 31
23 32
23 46
23 25
19
24 15
24 12
24 31
24 29
24 45
24 11
24 41
24 17
24 1
24 36
24 46
24 21
24 48
24 23
24 28
24 26
24 8
24 10
24 42
18
25 21
25 48
25 27
25 45
25 39
25 32
25 24
25 14
25 8
25 7
25 15
25 20
25 34
25 1
25 11
25 44
25 42
25 36
18
26 19
26 42
26 20
26 14
26 45
26 47
26 41
26 9
26 2
26 7
26 31
26 25
26 30
26 46
26 23
26 1
26 12
26 10
19
27 16
27 35
27 7
27 22
27 36
27 40
27 30
27 15
27 33
27 44
27 34
27 5
27 26
27 24
27 0
27 32
27 21
27 1
27 3
19
28 6
28 34
28 22
28 35
28 0
28 26
28 27
28 19
28 41
28 42
28 44
28 5
28 38
28 14
28 11
28 10
28 15
28 13
28 30
22
29 18
29 25
29 19
29 46
29 10
29 42
29 28
29 44
29 20
29 26
29 23
29 36
29 34
29 37
29 16
29 3
29 22
29 27
29 7
29 14
29 2
29 8
18
30 15
30 10
30 21
30 29
30 44
30 18
30 22
30 13
30 9
30 36
30 23
30 25
30 43
30 0
30 14
30 40
30 1
30 45
16
31 14
31 47
31 4
31 36
31 9
31 35
31 28
31 13
31 0
31 40
31 12
31 27
31 38
31 22
31 19
31 15
15
32 35
32 0
32 46
32 47
32 11
32 42
32 26
32 18
32 34
32 7
32 24
32 20
32 29
32 10
32 30
14
33 2
33 18
33 40
33 19
33 24
33 11
33 35
33 5
33 31
33 32
33 29
33 21
33 43
33 3
16
34 12
34 0
34 4
34 16
34 30
34 21
34 37
34 11
34 22
34 3
34 18
34 35
34 45
34 14
34 39
34 26
18
35 49
35 26
35 8
35 29
35 6
35 45
35 1
35 0
35 36
35 30
35 18
35 20
35 13
35 4
35 25
35 22
35 44
35 21
19
36 18
36 2
36 45
36 42
36 5
36 39
36 37
36 17
36 43
36 33
36 28
36 22
36 44
36 1
36 23
36 15
36 8
36 12
36 21
25
37 48
37 23
37 41
37 19
37 21
37 1
37 40
37 33
37 17
37 27
37 4
37 26
37 32
37 8
37 44
37 3
37 2
37 30
37 31
37 10
37 25
37 42
37 28
37 22
37 38
22
38 9
38 40
38 47
38 33
38 26
38 30
38 25
38 14
38 23
38 20
38 6
38 17
38 8
38 45
38 39
38 24
38 32
38 4
38 43
38 27
38 46
38 5
18
39 43
39 30
39 46
39 2
39 35
39 24
39 18
39 0
39 26
39 14
39 41
39 3
39 32
39 33
39 27
39 5
39 31
39 17
17
40 9
40 36
40 8
40 45
40 14
40 29
40 28
40 2
40 0
40 21
40 18
40 15
40 10
40 26
40 44
40 34
40 12
19
41 10
41 45
41 35
41 19
41 43
41 15
41 22
41 1
41 29
41 30
41 11
41 23
41 40
41 38
41 31
41 14
41 34
41 33
41 21
20
42 48
42 31
42 41
42 40
42 3
42 39
42 38
42 23
42 44
42 7
42 0
42 14
42 30
42 18
42 11
42 27
42 20
42 47
42 34
42 46
21
43 17
43 42
43 4
43 28
43 15
43 29
43 0
43 12
43 27
43 2
43 49
43 5
43 26
43 48
43 31
43 14
43 37
43 35
43 11
43 18
43 34
15
44 38
44 3
44 39
44 26
44 22
44 48
44 8
44 14
44 43
44 0
44 9
44 33
44 20
44 15
44 1
20
45 37
45 31
45 21
45 28
45 19
45 1
45 49
45 32
45 5
45 15
45 8
45 42
45 6
45 22
45 10
45 33
45 39
45 20
45 43
45 47
19
46 8
46 1
46 17
46 18
46 48
46 30
46 7
46 27
46 6
46 34
46 5
46 36
46 19
46 28
46 4
46 31
46 41
46 40
46 25
21
47 23
47 41
47 24
47 28
47 1
47 43
47 30
47 39
47 21
47 40
47 25
47 11
47 16
47 49
47 14
47 36
47 13
47 19
47 37
47 4
47 46
25
48 13
48 30
48 45
48 3
48 35
48 26
48 36
48 17
48 18
48 10
48 4
48 31
48 11
48 23
48 40
48 22
48 38
48 15
48 32
48 6
48 41
48 28
48 14
48 34
48 47
20
49 38
49 2
49 25
49 3
49 9
49 12
49 37
49 23
49 8
49 16
49 31
49 39
49 18
49 27
49 34
49 36
49 20
49 29
49 33
49 32
