50
0 "A27"
1 "A33"
2 "A46"
3 "A24"
4 "A11"
5 "A37"
6 "A42"
7 "A5"
8 "A29"
9 "A14"
10 "A16"
11 "A45"
12 "A4"
13 "A40"
14 "A25"
15 "A28"
16 "A48"
17 "A10"
18 "A8"
19 "A0"
20 "A49"
21 "A7"
22 "A18"
23 "A32"
24 "A30"
25 "A26"
26 "A1"
27 "A47"
28 "A12"
29 "A19"
30 "A34"
31 "A3"
32 "A38"
33 "A21"
34 "A2"
35 "A35"
36 "A43"
37 "A39"
38 "A15"
39 "A20"
40 "A31"
41 "A44"
42 "A23"
43 "A36"
44 "A6"
45 "A17"
46 "A13"
47 "A9"
48 "A22"
49 "A41"
24
0 35
0 18
0 23
0 17
0 28
0 15
0 40
0 24
0 29
0 19
0 47
0 48
0 32
0 10
0 3
0 26
0 9
0 34
0 49
0 22
0 31
0 25
0 36
0 42
19
1 0
1 44
1 22
1 25
1 28
1 41
1 19
1 13
1 26
1 14
1 21
1 36
1 23
1 6
1 46
1 39
1 3
1 42
1 40
18
2 26
2 35
2 46
2 39
2 13
2 0
2 41
2 6
2 23
2 43
2 14
2 47
2 19
2 7
2 11
2 30
2 33
2 17
12
3 40
3 30
3 43
3 34
3 38
3 22
3 37
3 39
3 42
3 44
3 12
3 35
24
4 8
4 6
4 23
4 41
4 27
4 25
4 3
4 42
4 24
4 40
4 28
4 31
4 1
4 39
4 36
4 14
4 45
4 11
4 15
4 13
4 22
4 35
4 16
4 34
28
5 34
5 17
5 38
5 6
5 43
5 25
5 19
5 22
5 3
5 7
5 9
5 2
5 4
5 47
5 21
5 10
5 39
5 44
5 13
5 18
5 37
5 16
5 1
5 24
5 8
5 11
5 41
5 45
19
6 37
6 3
6 30
6 14
6 15
6 10
6 21
6 39
6 16
6 33
6 20
6 26
6 40
6 36
6 42
6 45
6 9
6 27
6 38
19
7 21
7 0
7 3
7 38
7 32
7 4
7 1
7 45
7 9
7 33
7 40
7 11
7 28
7 13
7 18
7 26
7 15
7 23
7 30
18
8 17
8 3
8 2
8 41
8 37
8 28
8 13
8 6
8 7
8 19
8 1
8 14
8 22
8 49
8 23
8 0
8 32
8 48
20
9 32
9 20
9 45
9 1
9 11
9 8
9 33
9 4
9 10
9 42
9 46
9 13
9 44
9 25
9 2
9 12
9 17
9 28
9 15
9 16
15
10 7
10 36
10 34
10 37
10 13
10 42
10 4
10 8
10 22
10 3
10 33
10 24
10 29
10 30
10 31
18
11 1
11 42
11 16
11 28
11 8
11 27
11 21
11 24
11 6
11 0
11 26
11 40
11 18
11 49
11 44
11 3
11 39
11 15
23
12 48
12 39
12 22
12 23
12 45
12 17
12 1
12 5
12 36
12 7
12 21
12 11
12 33
12 8
12 2
12 4
12 46
12 38
12 47
12 29
12 24
12 26
12 44
18
13 15
13 16
13 38
13 44
13 42
13 39
13 40
13 36
13 3
13 41
13 11
13 28
13 14
13 47
13 22
13 0
13 34
13 12
21
14 22
14 26
14 47
14 15
14 7
14 21
14 44
14 18
14 34
14 43
14 0
14 31
14 48
14 27
14 3
14 49
14 29
14 38
14 20
14 46
14 11
20
15 3
15 19
15 12
15 2
15 1
15 21
15 20
15 38
15 41
15 36
15 48
15 43
15 22
15 17
15 34
15 45
15 8
15 10
15 28
15 27
16
16 26
16 3
16 40
16 2
16 14
16 15
16 39
16 30
16 28
16 43
16 12
16 1
16 0
16 18
16 31
16 20
21
17 37
17 45
17 49
17 38
17 44
17 30
17 13
17 6
17 47
17 25
17 19
17 14
17 10
17 4
17 46
17 39
17 24
17 3
17 23
17 16
17 11
25
18 9
18 23
18 32
18 12
18 43
18 24
18 25
18 26
18 29
18 22
18 2
18 10
18 41
18 30
18 8
18 36
18 1
18 44
18 19
18 37
18 38
18 34
18 13
18 20
18 3
20
19 16
19 42
19 35
19 43
19 39
19 11
19 45
19 21
19 30
19 34
19 46
19 27
19 10
19 4
19 28
19 49
19 12
19 3
19 9
19 47
19
20 2
20 32
20 10
20 27
20 48
20 0
20 19
20 42
20 1
20 44
20 3
20 13
20 7
20 5
20 49
20 47
20 26
20 17
20 29
21
21 48
21 44
21 45
21 0
21 8
21 41
21 18
21 30
21 13
21 38
21 9
21 32
21 46
21 23
21 25
21 16
21 39
21 4
21 33
21 34
21 31
15
22 28
22 33
22 32
22 30
22 29
22 40
22 11
22 16
22 37
22 24
22 49
22 35
22 42
22 7
22 25
20
23 25
23 27
23 37
23 28
23 15
23 30
23 49
23 22
23 9
23 24
23 13
23 45
23 43
23 10
23 32
23 14
23 11
23 38
23 41
23 44
15
24 9
24 34
24 39
24 26
24 14
24 15
24 31
24 32
24 33
24 16
24 2
24 19
24 29
24 20
24 46
18
25 35
25 49
25 47
25 24
25 15
25 34
25 12
25 31
25 44
25 13
25 29
25 14
25 16
25 30
25 8
25 39
25 2
25 11
13
26 48
26 3
26 22
26 21
26 23
26 39
26 15
26 37
26 9
26 42
26 28
26 44
26 13
20
27 38
27 45
27 0
27 3
27 13
27 21
27 7
27 37
27 24
27 5
27 32
27 33
27 18
27 42
27 30
27 44
27 26
27 25
27 16
27 22
20
28 29
28 32
28 17
28 10
28 46
28 6
28 25
28 20
28 41
28 21
28 31
28 18
28 34
28 40
28 2
28 36
28 47
28 14
28 33
28 42
18
29 34
29 8
29 2
29 37
29 19
29 26
29 16
29 21
29 23
29 1
29 32
29 7
29 11
29 4
29 47
29 5
29 40
29 3
21
30 11
30 37
30 1
30 40
30 15
30 46
30 14
30 12
30 13
30 31
30 48
30 8
30 24
30 28
30 20
30 5
30 44
30 29
30 43
30 9
30 26
20
31 8
31 42
31 13
31 3
31 47
31 23
31 11
31 18
31 15
31 2
31 7
31 46
31 34
31 19
31 22
31 32
31 9
31 49
31 17
31 12
16
32 1
32 15
32 14
32 40
32 26
32 37
32 6
32 10
32 5
32 30
32 39
32 35
32 44
32 36
32 19
32 13
25
33 0
33 38
33 8
33 36
33 30
33 32
33 49
33 43
33 17
33 20
33 19
33 5
33 13
33 44
33 34
33 23
33 48
33 41
33 11
33 26
33 37
33 16
33 18
33 15
33 29
18
34 41
34 23
34 44
34 7
34 40
34 42
34 17
34 6
34 8
34 11
34 43
34 20
34 16
34 1
34 32
34 30
34 9
34 12
30
35 1
35 46
35 30
35 16
35 8
35 21
35 6
35 26
35 13
35 10
35 43
35 9
35 39
35 20
35 48
35 11
35 29
35 42
35 27
35 28
35 34
35 41
35 33
35 31
35 14
35 49
35 7
35 24
35 12
35 37
18
36 9
36 34
36 14
36 7
36 23
36 8
36 35
36 45
36 25
36 40
36 48
36 11
36 27
36 24
36 22
36 5
36 31
36 43
19
37 41
37 2
37 15
37 36
37 28
37 46
37 9
37 24
37 11
37 31
37 12
37 34
37 16
37 19
37 7
37 1
37 42
37 13
37 21
19
38 0
38 4
38 25
38 43
38 19
38 35
38 8
38 10
38 45
38 24
38 31
38 20
38 30
38 34
38 1
38 48
38 11
38 26
38 46
22
39 45
39 34
39 30
39 14
39 10
39 44
39 22
39 33
39 47
39 49
39 27
39 9
39 20
39 8
39 42
39 15
39 31
39 48
39 0
39 18
39 40
39 28
22
40 9
40 14
40 37
40 48
40 31
40 27
40 12
40 43
40 33
40 47
40 26
40 18
40 38
40 35
40 5
40 46
40 21
40 17
40 24
40 49
40 41
40 15
21
41 9
41 32
41 22
41 27
41 45
41 38
41 20
41 39
41 48
41 30
41 31
41 25
41 14
41 42
41 12
41 17
41 24
41 44
41 19
41 16
41 10
8
42 40
42 33
42 21
42 30
42 14
42 15
42 23
42 32
16
43 45
43 29
43 11
43 12
43 1
43 32
43 44
43 42
43 25
43 10
43 17
43 0
43 22
43 28
43 37
43 20
17
44 37
44 29
44 15
44 4
44 36
44 40
44 16
44 38
44 0
44 6
44 8
44 24
44 28
44 7
44 10
44 35
44 42
24
45 18
45 35
45 11
45 25
45 33
45 26
45 28
45 46
45 2
45 48
45 22
45 34
45 40
45 37
45 29
45 13
45 16
45 32
45 14
45 3
45 30
45 20
45 47
45 44
22
46 39
46 16
46 20
46 41
46 44
46 5
46 43
46 42
46 15
46 36
46 3
46 18
46 26
46 22
46 23
46 29
46 27
46 13
46 11
46 25
46 48
46 7
20
47 38
47 43
47 44
47 27
47 6
47 11
47 37
47 46
47 23
47 34
47 42
47 41
47 4
47 24
47 48
47 15
47 16
47 3
47 9
47 30
18
48 37
48 34
48 4
48 44
48 24
48 27
48 29
48 3
48 16
48 13
48 28
48 42
48 10
48 6
48 43
48 7
48 5
48 23
27
49 27
49 44
49 18
49 38
49 7
49 46
49 30
49 41
49 48
49 9
49 4
49 24
49 42
49 10
49 43
49 3
49 6
49 28
49 32
49 34
49 36
49 15
49 47
49 1
49 45
49 2
49 16
