50
0 "A27"
1 "A33"
2 "A46"
3 "A24"
4 "A11"
5 "A37"
6 "A42"
7 "A5"
8 "A29"
9 "A14"
10 "A16"
11 "A45"
12 "A4"
13 "A40"
14 "A25"
15 "A28"
16 "A48"
17 "A10"
18 "A8"
19 "A0"
20 "A49"
21 "A7"
22 "A18"
23 "A32"
24 "A30"
25 "A26"
26 "A1"
27 "A47"
28 "A12"
29 "A19"
30 "A34"
31 "A3"
32 "A38"
33 "A21"
34 "A2"
35 "A35"
36 "A43"
37 "A39"
38 "A15"
39 "A20"
40 "A31"
41 "A44"
42 "A23"
43 "A36"
44 "A6"
45 "A17"
46 "A13"
47 "A9"
48 "A22"
49 "A41"
18
0 42
0 34
0 2
0 14
0 37
0 36
0 7
0 10
0 11
0 38
0 27
0 15
0 45
0 48
0 19
0 9
0 4
0 13
23
1 14
1 21
1 16
1 40
1 42
1 13
1 48
1 44
1 37
1 25
1 46
1 10
1 39
1 4
1 12
1 36
1 29
1 30
1 22
1 8
1 18
1 0
1 3
17
2 3
2 37
2 47
2 46
2 1
2 8
2 12
2 43
2 45
2 6
2 42
2 25
2 20
2 41
2 30
2 22
2 49
15
3 5
3 8
3 43
3 42
3 27
3 49
3 7
3 18
3 0
3 45
3 14
3 32
3 33
3 24
3 22
21
4 8
4 39
4 30
4 28
4 12
4 16
4 36
4 21
4 43
4 44
4 15
4 13
4 2
4 45
4 27
4 19
4 38
4 22
4 6
4 20
4 5
21
5 44
5 38
5 23
5 7
5 17
5 10
5 39
5 14
5 21
5 27
5 35
5 16
5 41
5 1
5 40
5 43
5 48
5 34
5 37
5 36
5 28
21
6 39
6 34
6 48
6 45
6 20
6 14
6 25
6 17
6 16
6 27
6 10
6 47
6 21
6 29
6 7
6 0
6 8
6 30
6 23
6 9
6 32
19
7 44
7 14
7 12
7 9
7 41
7 26
7 15
7 43
7 46
7 47
7 22
7 2
7 42
7 38
7 4
7 23
7 45
7 31
7 40
18
8 34
8 7
8 12
8 49
8 22
8 18
8 9
8 17
8 29
8 45
8 26
8 40
8 23
8 27
8 47
8 5
8 44
8 24
21
9 11
9 26
9 3
9 37
9 23
9 27
9 4
9 41
9 42
9 40
9 49
9 16
9 46
9 43
9 30
9 5
9 2
9 36
9 19
9 1
9 35
20
10 31
10 20
10 48
10 22
10 7
10 26
10 29
10 44
10 28
10 18
10 38
10 30
10 2
10 47
10 25
10 4
10 9
10 15
10 39
10 35
24
11 36
11 19
11 47
11 38
11 41
11 30
11 21
11 43
11 44
11 32
11 13
11 35
11 29
11 22
11 20
11 8
11 39
11 37
11 4
11 25
11 45
11 10
11 7
11 14
20
12 23
12 31
12 27
12 13
12 48
12 44
12 5
12 10
12 16
12 38
12 20
12 28
12 36
12 25
12 11
12 33
12 6
12 22
12 21
12 3
16
13 19
13 30
13 10
13 36
13 21
13 9
13 37
13 45
13 44
13 6
13 40
13 14
13 39
13 20
13 8
13 16
17
14 41
14 2
14 30
14 23
14 34
14 4
14 17
14 24
14 33
14 46
14 18
14 45
14 36
14 9
14 22
14 20
14 8
22
15 26
15 45
15 9
15 11
15 43
15 14
15 20
15 13
15 5
15 18
15 32
15 35
15 37
15 42
15 21
15 12
15 38
15 6
15 49
15 8
15 33
15 24
20
16 10
16 35
16 7
16 15
16 3
16 36
16 40
16 24
16 49
16 30
16 0
16 37
16 25
16 20
16 43
16 33
16 28
16 19
16 21
16 38
28
17 12
17 49
17 4
17 1
17 36
17 29
17 30
17 9
17 3
17 25
17 2
17 28
17 40
17 41
17 39
17 44
17 21
17 20
17 11
17 10
17 48
17 15
17 45
17 33
17 7
17 47
17 0
17 16
16
18 16
18 44
18 42
18 13
18 7
18 22
18 41
18 34
18 2
18 9
18 46
18 11
18 48
18 39
18 5
18 23
20
19 17
19 22
19 15
19 5
19 43
19 6
19 45
19 34
19 28
19 10
19 35
19 40
19 42
19 46
19 21
19 2
19 33
19 23
19 39
19 7
15
20 3
20 0
20 18
20 42
20 27
20 28
20 9
20 26
20 33
20 32
20 30
20 5
20 29
20 48
20 36
14
21 8
21 47
21 3
21 7
21 35
21 31
21 24
21 14
21 45
21 33
21 0
21 28
21 43
21 20
16
22 28
22 0
22 49
22 5
22 45
22 21
22 42
22 15
22 32
22 17
22 34
22 13
22 38
22 20
22 41
22 39
23
23 32
23 42
23 48
23 16
23 15
23 13
23 39
23 3
23 0
23 28
23 21
23 31
23 33
23 45
23 11
23 2
23 17
23 26
23 43
23 30
23 4
23 41
23 22
20
24 33
24 19
24 38
24 20
24 23
24 1
24 18
24 32
24 29
24 2
24 44
24 30
24 34
24 10
24 41
24 36
24 0
24 37
24 31
24 13
18
25 15
25 19
25 3
25 38
25 23
25 29
25 7
25 21
25 18
25 44
25 37
25 13
25 5
25 39
25 33
25 34
25 4
25 22
26
26 44
26 13
26 41
26 40
26 11
26 21
26 48
26 14
26 12
26 1
26 29
26 27
26 22
26 16
26 28
26 47
26 43
26 32
26 30
26 5
26 38
26 2
26 25
26 3
26 19
26 24
18
27 1
27 36
27 24
27 46
27 2
27 39
27 34
27 13
27 18
27 43
27 33
27 11
27 48
27 23
27 15
27 30
27 10
27 45
20
28 35
28 39
28 48
28 38
28 8
28 46
28 13
28 1
28 18
28 2
28 30
28 3
28 24
28 14
28 15
28 9
28 25
28 29
28 6
28 11
25
29 18
29 34
29 16
29 45
29 3
29 37
29 36
29 47
29 22
29 19
29 31
29 15
29 41
29 2
29 14
29 39
29 23
29 12
29 32
29 27
29 21
29 48
29 9
29 5
29 7
15
30 22
30 8
30 31
30 19
30 32
30 18
30 36
30 15
30 47
30 5
30 41
30 29
30 12
30 3
30 21
26
31 44
31 1
31 18
31 17
31 8
31 22
31 3
31 28
31 48
31 11
31 41
31 6
31 33
31 15
31 14
31 20
31 39
31 27
31 26
31 35
31 19
31 9
31 16
31 46
31 0
31 4
25
32 46
32 27
32 21
32 19
32 25
32 1
32 45
32 39
32 28
32 5
32 4
32 40
32 17
32 49
32 42
32 9
32 34
32 14
32 12
32 35
32 7
32 2
32 16
32 43
32 48
14
33 0
33 26
33 1
33 7
33 5
33 13
33 2
33 47
33 8
33 4
33 46
33 41
33 32
33 9
19
34 30
34 38
34 17
34 2
34 46
34 31
34 35
34 12
34 1
34 4
34 37
34 45
34 36
34 42
34 28
34 10
34 41
34 33
34 11
14
35 2
35 23
35 17
35 0
35 44
35 12
35 33
35 47
35 14
35 4
35 41
35 7
35 38
35 3
20
36 31
36 7
36 22
36 40
36 35
36 39
36 10
36 32
36 43
36 15
36 42
36 49
36 6
36 46
36 26
36 28
36 19
36 48
36 47
36 38
27
37 36
37 38
37 31
37 10
37 18
37 30
37 19
37 17
37 21
37 45
37 12
37 20
37 46
37 14
37 32
37 27
37 48
37 23
37 22
37 3
37 35
37 33
37 8
37 6
37 49
37 28
37 39
19
38 6
38 18
38 3
38 44
38 32
38 27
38 30
38 41
38 1
38 45
38 14
38 40
38 8
38 9
38 33
38 49
38 20
38 23
38 2
14
39 38
39 46
39 9
39 14
39 3
39 8
39 30
39 41
39 47
39 12
39 24
39 7
39 15
39 40
19
40 46
40 23
40 14
40 24
40 21
40 28
40 49
40 3
40 42
40 6
40 22
40 4
40 45
40 34
40 27
40 18
40 37
40 2
40 11
21
41 12
41 21
41 15
41 42
41 25
41 13
41 4
41 10
41 6
41 20
41 47
41 36
41 3
41 40
41 19
41 32
41 49
41 1
41 28
41 16
41 0
21
42 43
42 44
42 39
42 45
42 5
42 31
42 24
42 10
42 17
42 46
42 16
42 8
42 35
42 13
42 33
42 30
42 28
42 12
42 27
42 6
42 38
18
43 34
43 46
43 39
43 18
43 10
43 8
43 38
43 22
43 12
43 25
43 20
43 1
43 14
43 48
43 30
43 44
43 28
43 33
22
44 28
44 40
44 48
44 9
44 16
44 6
44 14
44 32
44 34
44 47
44 15
44 2
44 30
44 41
44 33
44 0
44 46
44 21
44 19
44 36
44 20
44 23
13
45 5
45 39
45 1
45 47
45 24
45 26
45 25
45 12
45 36
45 35
45 10
45 41
45 33
19
46 35
46 45
46 0
46 11
46 3
46 41
46 17
46 13
46 10
46 8
46 21
46 16
46 22
46 23
46 30
46 20
46 38
46 48
46 5
20
47 16
47 49
47 34
47 20
47 23
47 1
47 18
47 38
47 9
47 12
47 43
47 40
47 42
47 27
47 14
47 24
47 37
47 46
47 19
47 32
17
48 30
48 9
48 45
48 25
48 38
48 33
48 8
48 21
48 19
48 40
48 14
48 3
48 49
48 16
48 24
48 7
48 4
25
49 12
49 7
49 5
49 4
49 39
49 31
49 45
49 34
49 35
49 46
49 6
49 33
49 23
49 21
49 1
49 27
49 28
49 24
49 43
49 30
49 26
49 13
49 19
49 44
49 0
