50
0 "A27"
1 "A33"
2 "A46"
3 "A24"
4 "A11"
5 "A37"
6 "A42"
7 "A5"
8 "A29"
9 "A14"
10 "A16"
11 "A45"
12 "A4"
13 "A40"
14 "A25"
15 "A28"
16 "A48"
17 "A10"
18 "A8"
19 "A0"
20 "A49"
21 "A7"
22 "A18"
23 "A32"
24 "A30"
25 "A26"
26 "A1"
27 "A47"
28 "A12"
29 "A19"
30 "A34"
31 "A3"
32 "A38"
33 "A21"
34 "A2"
35 "A35"
36 "A43"
37 "A39"
38 "A15"
39 "A20"
40 "A31"
41 "A44"
42 "A23"
43 "A36"
44 "A6"
45 "A17"
46 "A13"
47 "A9"
48 "A22"
49 "A41"
19
0 14
0 36
0 47
0 49
0 33
0 5
0 2
0 10
0 43
0 44
0 8
0 11
0 29
0 18
0 32
0 26
0 13
0 21
0 25
18
1 39
1 9
1 24
1 2
1 47
1 27
1 15
1 40
1 25
1 12
1 48
1 45
1 42
1 16
1 10
1 38
1 21
1 14
19
2 35
2 31
2 15
2 13
2 14
2 45
2 38
2 22
2 25
2 18
2 5
2 30
2 28
2 47
2 4
2 43
2 42
2 37
2 17
23
3 1
3 32
3 0
3 45
3 27
3 36
3 38
3 37
3 24
3 15
3 11
3 49
3 5
3 34
3 22
3 47
3 42
3 30
3 25
3 16
3 7
3 29
3 6
19
4 3
4 39
4 0
4 31
4 25
4 12
4 43
4 48
4 1
4 36
4 20
4 18
4 46
4 26
4 21
4 27
4 6
4 19
4 22
14
5 15
5 9
5 46
5 37
5 21
5 24
5 7
5 35
5 30
5 19
5 25
5 18
5 10
5 36
21
6 38
6 36
6 48
6 21
6 0
6 26
6 49
6 13
6 30
6 10
6 2
6 20
6 1
6 5
6 24
6 19
6 23
6 31
6 25
6 47
6 34
19
7 35
7 27
7 31
7 2
7 1
7 49
7 17
7 29
7 6
7 16
7 37
7 36
7 4
7 42
7 46
7 0
7 11
7 21
7 26
22
8 36
8 48
8 6
8 18
8 38
8 12
8 44
8 40
8 7
8 4
8 3
8 14
8 25
8 43
8 11
8 32
8 5
8 47
8 46
8 10
8 2
8 1
12
9 25
9 4
9 39
9 32
9 44
9 6
9 41
9 17
9 37
9 26
9 46
9 7
22
10 41
10 3
10 46
10 39
10 31
10 47
10 48
10 29
10 34
10 23
10 16
10 12
10 15
10 28
10 4
10 42
10 37
10 2
10 49
10 44
10 35
10 22
21
11 18
11 19
11 4
11 16
11 13
11 9
11 33
11 41
11 15
11 2
11 29
11 23
11 46
11 5
11 42
11 30
11 22
11 40
11 1
11 20
11 24
14
12 38
12 24
12 19
12 20
12 45
12 31
12 22
12 2
12 15
12 33
12 26
12 27
12 6
12 37
15
13 9
13 38
13 43
13 46
13 40
13 22
13 20
13 42
13 49
13 21
13 7
13 28
13 30
13 10
13 12
23
14 7
14 47
14 16
14 22
14 38
14 25
14 39
14 49
14 10
14 43
14 30
14 13
14 27
14 48
14 37
14 26
14 28
14 11
14 12
14 35
14 36
14 6
14 15
19
15 38
15 23
15 0
15 48
15 30
15 33
15 13
15 21
15 22
15 32
15 25
15 45
15 36
15 4
15 40
15 28
15 31
15 9
15 19
19
16 17
16 2
16 5
16 39
16 43
16 35
16 31
16 47
16 9
16 44
16 15
16 29
16 40
16 24
16 25
16 48
16 8
16 13
16 12
21
17 14
17 1
17 4
17 41
17 0
17 45
17 28
17 44
17 25
17 5
17 12
17 3
17 6
17 40
17 27
17 15
17 39
17 19
17 11
17 23
17 34
25
18 30
18 40
18 27
18 34
18 42
18 1
18 7
18 19
18 13
18 46
18 3
18 35
18 12
18 14
18 17
18 41
18 16
18 39
18 15
18 6
18 20
18 48
18 38
18 29
18 10
19
19 48
19 23
19 13
19 2
19 3
19 28
19 20
19 30
19 41
19 14
19 24
19 25
19 8
19 1
19 0
19 32
19 21
19 9
19 49
15
20 14
20 46
20 45
20 39
20 30
20 5
20 47
20 31
20 49
20 27
20 48
20 16
20 15
20 44
20 7
18
21 32
21 48
21 20
21 44
21 31
21 10
21 2
21 24
21 36
21 37
21 33
21 12
21 11
21 40
21 8
21 17
21 14
21 16
19
22 44
22 7
22 47
22 38
22 39
22 20
22 16
22 6
22 33
22 28
22 41
22 35
22 8
22 26
22 32
22 9
22 18
22 45
22 19
17
23 20
23 13
23 12
23 36
23 28
23 2
23 34
23 18
23 35
23 14
23 7
23 5
23 4
23 26
23 45
23 0
23 30
20
24 49
24 32
24 40
24 18
24 23
24 17
24 37
24 13
24 0
24 39
24 46
24 22
24 15
24 29
24 30
24 4
24 8
24 20
24 26
24 14
12
25 34
25 21
25 38
25 12
25 46
25 42
25 7
25 23
25 40
25 11
25 10
25 20
17
26 25
26 1
26 48
26 47
26 16
26 20
26 29
26 18
26 21
26 2
26 15
26 17
26 10
26 5
26 34
26 45
26 13
20
27 5
27 32
27 8
27 46
27 22
27 43
27 13
27 40
27 16
27 34
27 35
27 11
27 15
27 25
27 41
27 0
27 9
27 29
27 2
27 28
20
28 21
28 32
28 33
28 25
28 37
28 20
28 31
28 9
28 16
28 39
28 44
28 7
28 4
28 18
28 0
28 6
28 24
28 11
28 12
28 1
17
29 43
29 28
29 8
29 14
29 17
29 2
29 39
29 12
29 25
29 5
29 13
29 22
29 37
29 1
29 4
29 6
29 23
18
30 4
30 0
30 40
30 12
30 43
30 38
30 45
30 22
30 34
30 25
30 42
30 17
30 26
30 16
30 32
30 10
30 49
30 1
19
31 0
31 18
31 42
31 23
31 14
31 25
31 39
31 22
31 45
31 17
31 47
31 33
31 27
31 38
31 34
31 19
31 3
31 9
31 11
19
32 47
32 44
32 4
32 11
32 16
32 39
32 12
32 41
32 7
32 17
32 25
32 13
32 18
32 38
32 40
32 31
32 26
32 2
32 14
20
33 6
33 4
33 1
33 27
33 24
33 40
33 10
33 23
33 35
33 25
33 14
33 3
33 20
33 49
33 13
33 5
33 47
33 36
33 30
33 45
19
34 8
34 14
34 28
34 22
34 49
34 32
34 48
34 33
34 13
34 47
34 44
34 36
34 4
34 29
34 41
34 2
34 9
34 11
34 15
23
35 9
35 17
35 20
35 1
35 39
35 42
35 30
35 3
35 21
35 15
35 34
35 11
35 0
35 8
35 32
35 12
35 43
35 31
35 46
35 26
35 24
35 44
35 6
24
36 44
36 35
36 2
36 45
36 46
36 9
36 26
36 19
36 31
36 16
36 30
36 1
36 37
36 18
36 49
36 42
36 32
36 17
36 12
36 43
36 22
36 11
36 29
36 24
22
37 35
37 48
37 23
37 22
37 4
37 27
37 13
37 1
37 40
37 11
37 18
37 34
37 45
37 32
37 42
37 33
37 31
37 8
37 19
37 30
37 25
37 44
22
38 28
38 33
38 49
38 7
38 10
38 26
38 19
38 5
38 9
38 42
38 11
38 45
38 37
38 36
38 23
38 29
38 16
38 35
38 47
38 27
38 24
38 20
16
39 40
39 42
39 26
39 43
39 49
39 33
39 2
39 11
39 34
39 19
39 8
39 25
39 13
39 37
39 5
39 3
26
40 44
40 35
40 31
40 36
40 4
40 49
40 41
40 22
40 3
40 46
40 42
40 6
40 45
40 20
40 7
40 28
40 26
40 19
40 38
40 29
40 48
40 2
40 14
40 34
40 9
40 47
24
41 21
41 2
41 29
41 5
41 15
41 31
41 25
41 16
41 7
41 38
41 48
41 44
41 3
41 4
41 30
41 33
41 26
41 47
41 0
41 28
41 37
41 36
41 13
41 46
22
42 34
42 0
42 4
42 41
42 33
42 5
42 48
42 43
42 22
42 27
42 6
42 47
42 28
42 29
42 46
42 16
42 19
42 32
42 23
42 17
42 9
42 26
26
43 24
43 5
43 15
43 11
43 25
43 34
43 40
43 32
43 22
43 33
43 10
43 44
43 21
43 9
43 28
43 7
43 3
43 41
43 6
43 18
43 17
43 31
43 20
43 37
43 23
43 49
22
44 38
44 6
44 2
44 29
44 39
44 30
44 11
44 1
44 5
44 14
44 49
44 27
44 12
44 42
44 3
44 19
44 7
44 15
44 33
44 4
44 18
44 25
21
45 44
45 6
45 29
45 9
45 14
45 7
45 34
45 35
45 21
45 42
45 10
45 32
45 43
45 5
45 39
45 27
45 46
45 4
45 18
45 25
45 19
21
46 17
46 1
46 37
46 33
46 30
46 2
46 31
46 39
46 34
46 15
46 43
46 14
46 16
46 28
46 6
46 12
46 21
46 48
46 47
46 29
46 0
21
47 9
47 27
47 17
47 37
47 43
47 12
47 30
47 25
47 19
47 15
47 39
47 23
47 5
47 24
47 11
47 21
47 18
47 7
47 44
47 35
47 13
18
48 12
48 39
48 27
48 28
48 45
48 22
48 44
48 29
48 47
48 3
48 38
48 5
48 7
48 25
48 35
48 17
48 0
48 23
18
49 17
49 23
49 18
49 46
49 1
49 4
49 2
49 47
49 9
49 21
49 11
49 22
49 25
49 15
49 29
49 31
49 27
49 37
