50
0 "A27"
1 "A33"
2 "A46"
3 "A24"
4 "A11"
5 "A37"
6 "A42"
7 "A5"
8 "A29"
9 "A14"
10 "A16"
11 "A45"
12 "A4"
13 "A40"
14 "A25"
15 "A28"
16 "A48"
17 "A10"
18 "A8"
19 "A0"
20 "A49"
21 "A7"
22 "A18"
23 "A32"
24 "A30"
25 "A26"
26 "A1"
27 "A47"
28 "A12"
29 "A19"
30 "A34"
31 "A3"
32 "A38"
33 "A21"
34 "A2"
35 "A35"
36 "A43"
37 "A39"
38 "A15"
39 "A20"
40 "A31"
41 "A44"
42 "A23"
43 "A36"
44 "A6"
45 "A17"
46 "A13"
47 "A9"
48 "A22"
49 "A41"
27
0 15
0 11
0 23
0 4
0 3
0 22
0 16
0 40
0 41
0 14
0 2
0 39
0 38
0 43
0 8
0 13
0 47
0 36
0 26
0 34
0 30
0 25
0 28
0 5
0 45
0 20
0 12
24
1 24
1 21
1 34
1 3
1 41
1 35
1 11
1 10
1 31
1 9
1 22
1 36
1 44
1 0
1 15
1 19
1 43
1 25
1 5
1 47
1 28
1 46
1 40
1 12
21
2 6
2 10
2 28
2 21
2 29
2 31
2 25
2 47
2 44
2 34
2 43
2 33
2 20
2 24
2 14
2 27
2 1
2 39
2 32
2 17
2 38
22
3 28
3 22
3 46
3 26
3 6
3 40
3 29
3 36
3 42
3 48
3 2
3 32
3 11
3 21
3 47
3 44
3 31
3 49
3 38
3 43
3 30
3 27
21
4 33
4 46
4 9
4 2
4 1
4 48
4 14
4 39
4 45
4 19
4 43
4 25
4 37
4 11
4 24
4 40
4 10
4 32
4 22
4 18
4 23
19
5 35
5 4
5 17
5 24
5 3
5 14
5 43
5 19
5 33
5 38
5 47
5 34
5 22
5 48
5 30
5 32
5 18
5 2
5 9
23
6 13
6 12
6 24
6 32
6 16
6 40
6 25
6 39
6 27
6 37
6 31
6 18
6 42
6 1
6 11
6 19
6 47
6 23
6 38
6 33
6 17
6 5
6 0
20
7 40
7 46
7 36
7 39
7 29
7 15
7 43
7 49
7 30
7 3
7 4
7 24
7 10
7 48
7 25
7 18
7 6
7 32
7 33
7 0
18
8 41
8 6
8 21
8 31
8 29
8 20
8 24
8 14
8 46
8 44
8 11
8 38
8 49
8 36
8 4
8 13
8 1
8 48
16
9 42
9 7
9 21
9 18
9 0
9 11
9 3
9 12
9 6
9 27
9 14
9 19
9 48
9 16
9 34
9 49
18
10 9
10 22
10 29
10 8
10 21
10 11
10 25
10 47
10 6
10 36
10 39
10 5
10 19
10 48
10 27
10 12
10 13
10 3
17
11 27
11 29
11 47
11 7
11 25
11 44
11 46
11 13
11 45
11 34
11 30
11 40
11 22
11 36
11 5
11 35
11 43
17
12 13
12 21
12 37
12 23
12 7
12 15
12 20
12 2
12 25
12 29
12 26
12 3
12 33
12 5
12 24
12 42
12 4
17
13 9
13 18
13 35
13 17
13 3
13 43
13 49
13 5
13 7
13 44
13 15
13 19
13 41
13 45
13 24
13 25
13 42
18
14 35
14 6
14 1
14 34
14 48
14 23
14 25
14 21
14 38
14 10
14 29
14 12
14 33
14 3
14 17
14 41
14 24
14 13
20
15 26
15 22
15 32
15 19
15 36
15 2
15 39
15 40
15 46
15 42
15 11
15 10
15 49
15 38
15 3
15 16
15 41
15 28
15 48
15 17
26
16 49
16 13
16 45
16 21
16 48
16 12
16 31
16 26
16 46
16 37
16 25
16 11
16 18
16 2
16 4
16 30
16 14
16 8
16 7
16 28
16 38
16 19
16 27
16 5
16 40
16 3
21
17 38
17 9
17 47
17 11
17 44
17 12
17 7
17 24
17 1
17 3
17 31
17 48
17 46
17 10
17 4
17 49
17 26
17 0
17 41
17 32
17 29
25
18 24
18 2
18 39
18 48
18 43
18 34
18 45
18 29
18 0
18 3
18 15
18 25
18 20
18 10
18 22
18 30
18 1
18 26
18 21
18 19
18 38
18 40
18 12
18 8
18 23
14
19 46
19 37
19 2
19 39
19 20
19 26
19 17
19 0
19 42
19 12
19 35
19 33
19 23
19 11
22
20 31
20 21
20 47
20 17
20 4
20 29
20 22
20 16
20 3
20 26
20 43
20 28
20 1
20 9
20 13
20 11
20 23
20 7
20 5
20 33
20 10
20 6
20
21 45
21 38
21 46
21 15
21 40
21 4
21 31
21 43
21 24
21 0
21 7
21 13
21 26
21 47
21 49
21 28
21 44
21 19
21 25
21 35
16
22 12
22 16
22 13
22 27
22 21
22 33
22 48
22 39
22 30
22 37
22 46
22 29
22 35
22 47
22 8
22 19
18
23 8
23 28
23 45
23 35
23 17
23 2
23 1
23 36
23 9
23 27
23 41
23 13
23 15
23 40
23 39
23 29
23 7
23 3
16
24 29
24 19
24 44
24 9
24 43
24 48
24 10
24 32
24 20
24 23
24 30
24 41
24 45
24 39
24 15
24 49
14
25 45
25 23
25 20
25 38
25 19
25 35
25 9
25 15
25 47
25 8
25 46
25 24
25 22
25 5
22
26 40
26 28
26 22
26 43
26 29
26 42
26 24
26 9
26 38
26 4
26 6
26 41
26 46
26 31
26 48
26 23
26 5
26 30
26 13
26 10
26 8
26 36
21
27 40
27 1
27 18
27 28
27 43
27 29
27 14
27 0
27 19
27 35
27 37
27 25
27 12
27 13
27 42
27 8
27 20
27 26
27 39
27 7
27 47
14
28 7
28 17
28 31
28 11
28 25
28 18
28 10
28 32
28 14
28 8
28 45
28 13
28 42
28 49
16
29 4
29 28
29 44
29 39
29 21
29 42
29 38
29 48
29 36
29 40
29 35
29 0
29 46
29 19
29 49
29 15
22
30 39
30 42
30 14
30 4
30 10
30 20
30 13
30 17
30 2
30 28
30 48
30 21
30 1
30 8
30 9
30 43
30 15
30 25
30 23
30 12
30 49
30 34
22
31 23
31 12
31 9
31 11
31 24
31 27
31 4
31 39
31 18
31 13
31 5
31 0
31 37
31 22
31 42
31 47
31 32
31 10
31 15
31 35
31 36
31 44
25
32 44
32 47
32 39
32 16
32 25
32 26
32 13
32 11
32 20
32 21
32 48
32 19
32 29
32 18
32 22
32 43
32 41
32 12
32 8
32 1
32 10
32 35
32 14
32 33
32 36
22
33 41
33 1
33 21
33 29
33 46
33 15
33 25
33 43
33 11
33 38
33 13
33 24
33 30
33 28
33 36
33 10
33 35
33 8
33 31
33 3
33 49
33 34
20
34 36
34 24
34 17
34 47
34 21
34 31
34 38
34 7
34 16
34 15
34 19
34 20
34 37
34 13
34 43
34 4
34 6
34 23
34 25
34 40
13
35 20
35 18
35 26
35 12
35 39
35 6
35 30
35 0
35 41
35 8
35 45
35 36
35 28
18
36 14
36 46
36 42
36 18
36 49
36 9
36 28
36 30
36 24
36 25
36 6
36 2
36 16
36 27
36 19
36 12
36 40
36 17
21
37 25
37 35
37 39
37 2
37 8
37 18
37 47
37 11
37 21
37 38
37 44
37 1
37 36
37 17
37 10
37 26
37 14
37 0
37 30
37 29
37 7
20
38 32
38 1
38 20
38 42
38 10
38 31
38 27
38 28
38 49
38 19
38 7
38 4
38 24
38 36
38 35
38 30
38 44
38 12
38 23
38 22
23
39 45
39 9
39 48
39 25
39 21
39 42
39 36
39 11
39 28
39 14
39 47
39 13
39 16
39 20
39 8
39 3
39 33
39 12
39 34
39 5
39 1
39 49
39 46
22
40 24
40 35
40 45
40 14
40 31
40 25
40 28
40 8
40 2
40 20
40 12
40 30
40 32
40 9
40 22
40 13
40 33
40 17
40 41
40 39
40 38
40 37
24
41 5
41 20
41 48
41 28
41 36
41 37
41 18
41 29
41 22
41 12
41 19
41 11
41 25
41 3
41 2
41 39
41 4
41 16
41 43
41 49
41 27
41 30
41 34
41 21
14
42 1
42 5
42 49
42 46
42 33
42 16
42 10
42 17
42 24
42 0
42 41
42 8
42 11
42 45
21
43 15
43 40
43 16
43 19
43 23
43 38
43 35
43 29
43 47
43 36
43 22
43 12
43 8
43 28
43 42
43 39
43 49
43 14
43 45
43 6
43 31
18
44 26
44 23
44 0
44 45
44 41
44 10
44 43
44 28
44 40
44 7
44 19
44 25
44 48
44 4
44 39
44 20
44 14
44 15
22
45 22
45 36
45 32
45 5
45 2
45 19
45 8
45 34
45 47
45 31
45 10
45 3
45 27
45 38
45 49
45 15
45 7
45 9
45 12
45 14
45 26
45 6
19
46 28
46 40
46 5
46 37
46 20
46 44
46 18
46 14
46 30
46 23
46 43
46 13
46 0
46 24
46 34
46 6
46 45
46 9
46 35
17
47 41
47 38
47 42
47 23
47 26
47 40
47 29
47 12
47 28
47 46
47 36
47 24
47 14
47 9
47 30
47 13
47 33
20
48 49
48 38
48 11
48 40
48 28
48 46
48 21
48 13
48 1
48 0
48 47
48 34
48 12
48 45
48 43
48 19
48 31
48 42
48 2
48 6
14
49 26
49 4
49 10
49 11
49 46
49 14
49 18
49 20
49 35
49 25
49 2
49 1
49 47
49 44
