50
0 "A27"
1 "A33"
2 "A46"
3 "A24"
4 "A11"
5 "A37"
6 "A42"
7 "A5"
8 "A29"
9 "A14"
10 "A16"
11 "A45"
12 "A4"
13 "A40"
14 "A25"
15 "A28"
16 "A48"
17 "A10"
18 "A8"
19 "A0"
20 "A49"
21 "A7"
22 "A18"
23 "A32"
24 "A30"
25 "A26"
26 "A1"
27 "A47"
28 "A12"
29 "A19"
30 "A34"
31 "A3"
32 "A38"
33 "A21"
34 "A2"
35 "A35"
36 "A43"
37 "A39"
38 "A15"
39 "A20"
40 "A31"
41 "A44"
42 "A23"
43 "A36"
44 "A6"
45 "A17"
46 "A13"
47 "A9"
48 "A22"
49 "A41"
23
0 10
0 21
0 43
0 48
0 36
0 25
0 45
0 4
0 6
0 42
0 2
0 46
0 15
0 33
0 32
0 37
0 28
0 1
0 19
0 13
0 20
0 41
0 8
10
1 49
1 14
1 8
1 43
1 48
1 28
1 36
1 39
1 35
1 42
22
2 35
2 7
2 17
2 41
2 5
2 23
2 37
2 12
2 49
2 48
2 36
2 20
2 45
2 28
2 44
2 21
2 31
2 18
2 24
2 11
2 13
2 30
22
3 14
3 39
3 5
3 48
3 24
3 0
3 37
3 32
3 43
3 46
3 28
3 6
3 16
3 26
3 44
3 49
3 13
3 20
3 11
3 34
3 4
3 19
18
4 33
4 39
4 22
4 31
4 26
4 49
4 25
4 13
4 27
4 44
4 2
4 32
4 1
4 21
4 7
4 10
4 40
4 43
19
5 29
5 20
5 26
5 41
5 43
5 8
5 15
5 13
5 32
5 16
5 37
5 0
5 31
5 45
5 9
5 24
5 10
5 47
5 6
21
6 30
6 11
6 39
6 2
6 44
6 13
6 27
6 17
6 41
6 43
6 26
6 49
6 42
6 22
6 37
6 19
6 47
6 46
6 20
6 24
6 28
25
7 12
7 36
7 45
7 26
7 33
7 40
7 38
7 24
7 25
7 23
7 1
7 3
7 42
7 17
7 9
7 31
7 44
7 15
7 29
7 8
7 20
7 0
7 46
7 6
7 27
15
8 38
8 4
8 37
8 14
8 3
8 28
8 41
8 29
8 15
8 42
8 30
8 43
8 33
8 11
8 45
21
9 8
9 43
9 15
9 27
9 1
9 39
9 30
9 37
9 3
9 13
9 31
9 48
9 47
9 4
9 32
9 10
9 14
9 42
9 23
9 0
9 41
18
10 36
10 25
10 3
10 32
10 7
10 1
10 24
10 30
10 21
10 28
10 42
10 47
10 15
10 6
10 20
10 27
10 2
10 17
23
11 12
11 33
11 10
11 13
11 18
11 42
11 0
11 47
11 4
11 14
11 40
11 7
11 15
11 27
11 48
11 9
11 46
11 44
11 35
11 26
11 24
11 49
11 41
27
12 45
12 17
12 36
12 19
12 4
12 28
12 0
12 24
12 49
12 3
12 41
12 40
12 43
12 9
12 26
12 8
12 42
12 30
12 22
12 35
12 1
12 25
12 38
12 29
12 39
12 10
12 5
16
13 27
13 48
13 1
13 26
13 32
13 45
13 31
13 10
13 28
13 15
13 14
13 8
13 21
13 22
13 30
13 29
22
14 4
14 47
14 43
14 37
14 15
14 41
14 25
14 28
14 5
14 30
14 6
14 27
14 16
14 12
14 46
14 2
14 22
14 32
14 21
14 49
14 42
14 17
21
15 12
15 22
15 1
15 18
15 31
15 2
15 28
15 35
15 3
15 27
15 43
15 33
15 34
15 37
15 49
15 6
15 32
15 30
15 16
15 4
15 20
21
16 4
16 23
16 46
16 39
16 45
16 0
16 34
16 26
16 2
16 30
16 10
16 8
16 36
16 35
16 20
16 37
16 11
16 32
16 41
16 25
16 1
23
17 29
17 15
17 34
17 5
17 9
17 22
17 49
17 47
17 3
17 4
17 19
17 8
17 16
17 48
17 35
17 28
17 1
17 40
17 23
17 30
17 11
17 41
17 24
22
18 16
18 3
18 27
18 31
18 8
18 43
18 33
18 12
18 32
18 38
18 21
18 23
18 4
18 34
18 46
18 47
18 1
18 17
18 39
18 37
18 14
18 5
21
19 37
19 28
19 34
19 49
19 10
19 21
19 36
19 23
19 48
19 4
19 15
19 16
19 2
19 14
19 7
19 11
19 47
19 26
19 27
19 45
19 1
19
20 4
20 40
20 1
20 36
20 29
20 39
20 14
20 19
20 18
20 17
20 44
20 12
20 47
20 45
20 37
20 32
20 28
20 8
20 24
18
21 29
21 32
21 16
21 49
21 27
21 46
21 17
21 43
21 38
21 39
21 8
21 41
21 20
21 11
21 40
21 9
21 47
21 25
18
22 43
22 39
22 2
22 26
22 1
22 46
22 25
22 0
22 7
22 40
22 3
22 49
22 8
22 5
22 9
22 48
22 18
22 35
22
23 49
23 37
23 24
23 31
23 11
23 36
23 48
23 6
23 39
23 15
23 1
23 27
23 10
23 8
23 34
23 20
23 21
23 28
23 0
23 42
23 30
23 3
21
24 13
24 36
24 40
24 43
24 22
24 18
24 14
24 47
24 28
24 29
24 4
24 21
24 8
24 27
24 41
24 26
24 9
24 0
24 35
24 42
24 38
15
25 39
25 43
25 26
25 15
25 29
25 24
25 1
25 49
25 6
25 23
25 33
25 19
25 46
25 18
25 34
17
26 2
26 0
26 8
26 27
26 41
26 38
26 31
26 37
26 18
26 9
26 48
26 20
26 23
26 21
26 28
26 30
26 10
15
27 45
27 5
27 34
27 38
27 0
27 36
27 25
27 37
27 17
27 8
27 1
27 47
27 31
27 43
27 20
19
28 46
28 45
28 38
28 34
28 7
28 33
28 25
28 9
28 44
28 22
28 27
28 16
28 21
28 29
28 39
28 32
28 37
28 18
28 48
15
29 16
29 18
29 33
29 3
29 9
29 39
29 19
29 38
29 10
29 40
29 46
29 15
29 22
29 14
29 23
22
30 29
30 38
30 25
30 47
30 37
30 1
30 11
30 5
30 40
30 20
30 27
30 7
30 24
30 34
30 44
30 36
30 32
30 33
30 4
30 3
30 43
30 31
20
31 21
31 17
31 19
31 22
31 20
31 1
31 42
31 38
31 14
31 36
31 25
31 29
31 41
31 11
31 3
31 10
31 28
31 6
31 24
31 12
17
32 22
32 42
32 29
32 26
32 12
32 11
32 25
32 24
32 27
32 39
32 2
32 33
32 35
32 48
32 40
32 43
32 1
21
33 6
33 47
33 14
33 27
33 1
33 9
33 49
33 46
33 23
33 24
33 12
33 3
33 40
33 31
33 13
33 17
33 5
33 16
33 43
33 44
33 10
25
34 45
34 24
34 31
34 43
34 37
34 12
34 20
34 42
34 4
34 32
34 26
34 48
34 47
34 6
34 46
34 44
34 22
34 5
34 11
34 41
34 21
34 49
34 1
34 10
34 2
22
35 39
35 38
35 18
35 48
35 40
35 7
35 43
35 20
35 46
35 10
35 34
35 5
35 19
35 6
35 30
35 36
35 28
35 4
35 21
35 23
35 44
35 25
16
36 44
36 14
36 33
36 45
36 28
36 11
36 26
36 25
36 8
36 18
36 41
36 17
36 3
36 15
36 42
36 13
16
37 46
37 43
37 1
37 25
37 41
37 4
37 42
37 11
37 22
37 10
37 29
37 33
37 39
37 13
37 21
37 32
24
38 20
38 36
38 49
38 9
38 5
38 41
38 48
38 4
38 33
38 22
38 1
38 23
38 0
38 17
38 2
38 6
38 25
38 19
38 3
38 42
38 14
38 39
38 32
38 16
18
39 15
39 40
39 0
39 33
39 45
39 26
39 2
39 31
39 30
39 27
39 24
39 34
39 5
39 8
39 36
39 41
39 11
39 10
25
40 25
40 16
40 9
40 5
40 18
40 1
40 38
40 0
40 2
40 6
40 14
40 27
40 10
40 37
40 49
40 15
40 28
40 31
40 48
40 23
40 3
40 34
40 47
40 42
40 19
18
41 49
41 4
41 29
41 28
41 43
41 32
41 25
41 35
41 33
41 40
41 1
41 27
41 15
41 44
41 3
41 23
41 10
41 20
19
42 25
42 18
42 43
42 35
42 27
42 3
42 15
42 29
42 5
42 28
42 48
42 30
42 13
42 22
42 47
42 16
42 21
42 20
42 41
15
43 26
43 20
43 13
43 45
43 16
43 49
43 17
43 39
43 31
43 47
43 38
43 2
43 48
43 40
43 28
23
44 25
44 21
44 15
44 22
44 38
44 10
44 31
44 27
44 24
44 16
44 29
44 43
44 19
44 42
44 9
44 18
44 17
44 39
44 37
44 12
44 23
44 5
44 8
25
45 1
45 46
45 15
45 40
45 6
45 41
45 47
45 30
45 29
45 14
45 32
45 25
45 38
45 22
45 31
45 24
45 10
45 37
45 3
45 26
45 35
45 17
45 18
45 4
45 23
20
46 10
46 19
46 32
46 36
46 15
46 5
46 9
46 49
46 43
46 13
46 27
46 8
46 38
46 41
46 23
46 47
46 42
46 44
46 17
46 26
17
47 37
47 38
47 0
47 28
47 32
47 13
47 25
47 2
47 41
47 12
47 22
47 49
47 8
47 16
47 29
47 48
47 31
14
48 14
48 29
48 49
48 37
48 41
48 44
48 4
48 15
48 46
48 18
48 21
48 10
48 24
48 7
14
49 44
49 5
49 36
49 39
49 30
49 28
49 16
49 26
49 7
49 0
49 27
49 42
49 45
49 35
