50
0 "A27"
1 "A33"
2 "A46"
3 "A24"
4 "A11"
5 "A37"
6 "A42"
7 "A5"
8 "A29"
9 "A14"
10 "A16"
11 "A45"
12 "A4"
13 "A40"
14 "A25"
15 "A28"
16 "A48"
17 "A10"
18 "A8"
19 "A0"
20 "A49"
21 "A7"
22 "A18"
23 "A32"
24 "A30"
25 "A26"
26 "A1"
27 "A47"
28 "A12"
29 "A19"
30 "A34"
31 "A3"
32 "A38"
33 "A21"
34 "A2"
35 "A35"
36 "A43"
37 "A39"
38 "A15"
39 "A20"
40 "A31"
41 "A44"
42 "A23"
43 "A36"
44 "A6"
45 "A17"
46 "A13"
47 "A9"
48 "A22"
49 "A41"
16
0 43
0 46
0 22
0 25
0 34
0 27
0 23
0 38
0 1
0 10
0 31
0 15
0 30
0 8
0 41
0 14
20
1 43
1 42
1 13
1 40
1 16
1 32
1 22
1 25
1 28
1 35
1 6
1 4
1 45
1 17
1 37
1 21
1 30
1 23
1 38
1 34
23
2 29
2 3
2 49
2 26
2 11
2 10
2 41
2 1
2 4
2 32
2 42
2 39
2 25
2 13
2 28
2 0
2 37
2 24
2 33
2 22
2 9
2 20
2 17
24
3 21
3 26
3 44
3 22
3 48
3 32
3 35
3 9
3 41
3 38
3 33
3 29
3 23
3 47
3 12
3 31
3 18
3 4
3 20
3 7
3 6
3 17
3 37
3 19
20
4 31
4 44
4 48
4 24
4 5
4 7
4 30
4 43
4 35
4 16
4 23
4 20
4 45
4 8
4 49
4 37
4 40
4 34
4 46
4 17
21
5 37
5 6
5 7
5 16
5 44
5 11
5 2
5 23
5 28
5 0
5 34
5 39
5 47
5 35
5 26
5 13
5 9
5 21
5 31
5 27
5 40
10
6 2
6 16
6 27
6 28
6 32
6 44
6 37
6 43
6 29
6 33
19
7 29
7 36
7 21
7 44
7 34
7 16
7 20
7 39
7 1
7 9
7 47
7 2
7 14
7 15
7 35
7 22
7 18
7 27
7 49
21
8 15
8 26
8 23
8 37
8 47
8 10
8 41
8 14
8 45
8 12
8 1
8 3
8 11
8 20
8 27
8 49
8 24
8 16
8 28
8 18
8 25
24
9 35
9 25
9 36
9 30
9 4
9 24
9 33
9 40
9 44
9 6
9 31
9 42
9 22
9 37
9 48
9 23
9 15
9 11
9 13
9 18
9 19
9 12
9 32
9 26
26
10 5
10 1
10 20
10 36
10 9
10 28
10 19
10 6
10 22
10 17
10 42
10 40
10 21
10 18
10 32
10 24
10 48
10 41
10 3
10 4
10 37
10 38
10 39
10 47
10 45
10 35
22
11 16
11 14
11 19
11 15
11 41
11 26
11 42
11 13
11 30
11 20
11 44
11 38
11 24
11 3
11 37
11 49
11 40
11 32
11 45
11 18
11 47
11 31
20
12 35
12 39
12 34
12 33
12 14
12 44
12 29
12 46
12 28
12 18
12 25
12 10
12 17
12 6
12 32
12 11
12 5
12 45
12 26
12 2
21
13 29
13 8
13 10
13 35
13 12
13 28
13 36
13 14
13 19
13 37
13 20
13 22
13 4
13 15
13 41
13 21
13 16
13 6
13 34
13 47
13 7
17
14 36
14 15
14 39
14 22
14 47
14 28
14 37
14 20
14 4
14 23
14 38
14 34
14 17
14 10
14 2
14 21
14 42
20
15 3
15 1
15 10
15 47
15 31
15 6
15 25
15 18
15 40
15 4
15 2
15 20
15 12
15 5
15 35
15 37
15 23
15 36
15 45
15 43
24
16 40
16 24
16 45
16 17
16 44
16 19
16 39
16 22
16 38
16 48
16 34
16 37
16 32
16 2
16 46
16 41
16 15
16 23
16 30
16 10
16 9
16 18
16 0
16 25
20
17 33
17 36
17 15
17 45
17 49
17 35
17 41
17 20
17 48
17 0
17 34
17 43
17 8
17 11
17 25
17 31
17 6
17 24
17 7
17 39
23
18 14
18 17
18 47
18 40
18 13
18 36
18 27
18 32
18 4
18 26
18 21
18 22
18 6
18 5
18 43
18 0
18 2
18 45
18 28
18 41
18 19
18 24
18 1
20
19 12
19 29
19 33
19 31
19 37
19 24
19 21
19 4
19 23
19 14
19 26
19 8
19 15
19 25
19 34
19 7
19 20
19 5
19 47
19 39
11
20 22
20 5
20 24
20 32
20 9
20 43
20 45
20 0
20 18
20 41
20 31
19
21 12
21 11
21 48
21 6
21 17
21 26
21 42
21 49
21 30
21 24
21 16
21 32
21 27
21 20
21 33
21 22
21 4
21 0
21 15
14
22 5
22 4
22 11
22 35
22 31
22 38
22 47
22 40
22 24
22 12
22 30
22 6
22 8
22 15
21
23 6
23 17
23 7
23 29
23 47
23 28
23 40
23 20
23 34
23 37
23 18
23 13
23 25
23 42
23 41
23 12
23 49
23 31
23 33
23 21
23 26
9
24 13
24 42
24 15
24 1
24 3
24 12
24 44
24 32
24 30
13
25 13
25 4
25 37
25 35
25 34
25 38
25 33
25 11
25 42
25 24
25 36
25 39
25 7
21
26 6
26 29
26 37
26 46
26 14
26 1
26 34
26 39
26 15
26 24
26 22
26 0
26 13
26 41
26 32
26 4
26 44
26 27
26 16
26 40
26 35
22
27 34
27 2
27 20
27 16
27 32
27 19
27 49
27 10
27 48
27 14
27 17
27 23
27 11
27 13
27 22
27 31
27 25
27 33
27 36
27 45
27 37
27 4
20
28 9
28 20
28 21
28 22
28 19
28 15
28 32
28 36
28 16
28 44
28 25
28 35
28 7
28 31
28 24
28 41
28 43
28 0
28 4
28 3
20
29 1
29 46
29 37
29 42
29 22
29 15
29 32
29 28
29 25
29 27
29 39
29 17
29 41
29 8
29 5
29 4
29 11
29 36
29 20
29 45
20
30 12
30 3
30 19
30 38
30 23
30 2
30 29
30 6
30 33
30 28
30 5
30 8
30 15
30 48
30 13
30 34
30 37
30 46
30 17
30 20
18
31 14
31 39
31 25
31 10
31 32
31 7
31 12
31 24
31 6
31 48
31 26
31 37
31 36
31 49
31 8
31 38
31 21
31 45
13
32 43
32 30
32 5
32 41
32 46
32 19
32 14
32 49
32 15
32 25
32 40
32 37
32 38
21
33 7
33 29
33 28
33 5
33 18
33 11
33 0
33 16
33 40
33 46
33 24
33 32
33 22
33 14
33 37
33 34
33 15
33 42
33 49
33 4
33 44
19
34 9
34 28
34 38
34 46
34 29
34 22
34 15
34 42
34 3
34 32
34 31
34 8
34 35
34 11
34 2
34 18
34 36
34 6
34 21
22
35 0
35 30
35 2
35 23
35 27
35 18
35 41
35 21
35 43
35 11
35 42
35 19
35 36
35 47
35 6
35 14
35 24
35 33
35 31
35 44
35 49
35 48
13
36 2
36 5
36 20
36 26
36 1
36 6
36 33
36 43
36 3
36 22
36 11
36 8
36 30
14
37 7
37 28
37 20
37 46
37 24
37 44
37 49
37 34
37 0
37 45
37 17
37 12
37 36
37 47
19
38 7
38 5
38 4
38 9
38 17
38 28
38 27
38 19
38 2
38 13
38 35
38 6
38 33
38 18
38 43
38 8
38 40
38 36
38 20
21
39 9
39 3
39 48
39 36
39 27
39 40
39 20
39 24
39 1
39 6
39 13
39 34
39 45
39 44
39 18
39 28
39 0
39 8
39 4
39 21
39 35
21
40 28
40 2
40 44
40 48
40 36
40 24
40 34
40 47
40 37
40 14
40 43
40 29
40 30
40 3
40 13
40 19
40 7
40 25
40 21
40 20
40 6
26
41 46
41 19
41 4
41 14
41 5
41 1
41 7
41 48
41 40
41 22
41 21
41 27
41 33
41 25
41 15
41 43
41 45
41 9
41 30
41 47
41 39
41 34
41 6
41 31
41 36
41 37
23
42 37
42 49
42 38
42 32
42 8
42 3
42 48
42 45
42 28
42 27
42 0
42 36
42 18
42 19
42 6
42 5
42 47
42 39
42 4
42 26
42 40
42 13
42 20
21
43 8
43 46
43 30
43 9
43 27
43 12
43 3
43 21
43 42
43 5
43 33
43 19
43 34
43 24
43 2
43 44
43 22
43 7
43 29
43 48
43 14
22
44 14
44 36
44 22
44 29
44 30
44 47
44 2
44 34
44 19
44 18
44 1
44 41
44 32
44 10
44 13
44 23
44 8
44 15
44 20
44 42
44 27
44 0
19
45 34
45 46
45 43
45 47
45 49
45 48
45 25
45 28
45 40
45 5
45 21
45 36
45 30
45 38
45 3
45 24
45 13
45 26
45 14
23
46 35
46 19
46 2
46 38
46 8
46 15
46 21
46 28
46 36
46 6
46 13
46 11
46 10
46 24
46 27
46 25
46 7
46 20
46 44
46 5
46 1
46 9
46 17
23
47 26
47 32
47 17
47 4
47 25
47 16
47 27
47 46
47 38
47 28
47 2
47 20
47 33
47 39
47 24
47 30
47 1
47 31
47 21
47 6
47 12
47 29
47 34
19
48 23
48 12
48 25
48 20
48 19
48 34
48 29
48 38
48 26
48 18
48 36
48 47
48 28
48 22
48 44
48 11
48 7
48 2
48 46
22
49 48
49 34
49 29
49 15
49 6
49 43
49 9
49 41
49 40
49 20
49 0
49 38
49 25
49 5
49 46
49 47
49 30
49 18
49 14
49 3
49 24
49 36
