50
0 "A27"
1 "A33"
2 "A46"
3 "A24"
4 "A11"
5 "A37"
6 "A42"
7 "A5"
8 "A29"
9 "A14"
10 "A16"
11 "A45"
12 "A4"
13 "A40"
14 "A25"
15 "A28"
16 "A48"
17 "A10"
18 "A8"
19 "A0"
20 "A49"
21 "A7"
22 "A18"
23 "A32"
24 "A30"
25 "A26"
26 "A1"
27 "A47"
28 "A12"
29 "A19"
30 "A34"
31 "A3"
32 "A38"
33 "A21"
34 "A2"
35 "A35"
36 "A43"
37 "A39"
38 "A15"
39 "A20"
40 "A31"
41 "A44"
42 "A23"
43 "A36"
44 "A6"
45 "A17"
46 "A13"
47 "A9"
48 "A22"
49 "A41"
16
0 41
0 27
0 22
0 16
0 7
0 29
0 49
0 23
0 42
0 33
0 37
0 36
0 44
0 31
0 9
0 15
9
1 36
1 22
1 21
1 37
1 7
1 16
1 0
1 9
1 35
15
2 39
2 14
2 9
2 6
2 19
2 16
2 37
2 20
2 21
2 27
2 32
2 10
2 30
2 28
2 8
21
3 48
3 21
3 34
3 43
3 2
3 27
3 22
3 15
3 9
3 46
3 18
3 33
3 1
3 39
3 23
3 8
3 36
3 10
3 42
3 25
3 30
26
4 1
4 38
4 48
4 18
4 47
4 43
4 2
4 21
4 0
4 49
4 27
4 42
4 31
4 5
4 45
4 26
4 20
4 35
4 29
4 39
4 22
4 40
4 11
4 25
4 3
4 34
22
5 29
5 7
5 48
5 8
5 42
5 12
5 28
5 21
5 40
5 2
5 47
5 3
5 17
5 13
5 34
5 33
5 32
5 37
5 41
5 1
5 18
5 35
25
6 18
6 32
6 4
6 17
6 35
6 41
6 38
6 3
6 46
6 29
6 40
6 30
6 21
6 1
6 0
6 10
6 12
6 39
6 42
6 23
6 43
6 9
6 48
6 31
6 45
24
7 11
7 3
7 17
7 37
7 8
7 47
7 27
7 15
7 38
7 45
7 25
7 22
7 31
7 30
7 29
7 43
7 28
7 20
7 4
7 2
7 24
7 19
7 49
7 35
19
8 49
8 18
8 4
8 23
8 9
8 20
8 37
8 41
8 27
8 35
8 0
8 31
8 26
8 6
8 28
8 44
8 1
8 47
8 32
24
9 28
9 14
9 32
9 41
9 18
9 5
9 36
9 42
9 4
9 43
9 22
9 44
9 16
9 20
9 45
9 13
9 17
9 33
9 26
9 49
9 31
9 47
9 27
9 11
23
10 13
10 43
10 45
10 23
10 42
10 19
10 26
10 17
10 38
10 18
10 33
10 41
10 14
10 1
10 9
10 20
10 35
10 4
10 39
10 16
10 22
10 40
10 0
13
11 16
11 0
11 39
11 28
11 3
11 22
11 8
11 1
11 2
11 6
11 27
11 21
11 46
19
12 19
12 3
12 33
12 8
12 45
12 27
12 29
12 16
12 22
12 34
12 26
12 18
12 13
12 20
12 14
12 11
12 43
12 47
12 2
22
13 25
13 3
13 32
13 24
13 8
13 1
13 26
13 45
13 49
13 28
13 40
13 0
13 11
13 22
13 31
13 18
13 4
13 7
13 2
13 20
13 14
13 35
16
14 43
14 18
14 22
14 36
14 32
14 4
14 1
14 26
14 49
14 37
14 8
14 3
14 42
14 38
14 44
14 6
18
15 13
15 5
15 14
15 34
15 43
15 8
15 47
15 40
15 48
15 39
15 10
15 36
15 28
15 11
15 32
15 9
15 21
15 19
22
16 6
16 35
16 4
16 41
16 5
16 20
16 37
16 42
16 27
16 47
16 43
16 33
16 28
16 3
16 24
16 45
16 8
16 36
16 15
16 19
16 29
16 14
19
17 42
17 14
17 1
17 29
17 20
17 30
17 37
17 16
17 8
17 35
17 0
17 4
17 15
17 21
17 18
17 47
17 32
17 48
17 49
21
18 20
18 22
18 48
18 43
18 24
18 33
18 23
18 41
18 25
18 15
18 2
18 1
18 46
18 47
18 19
18 21
18 44
18 11
18 27
18 31
18 36
20
19 28
19 17
19 31
19 5
19 21
19 8
19 6
19 46
19 11
19 42
19 23
19 14
19 40
19 38
19 13
19 1
19 0
19 30
19 27
19 39
14
20 3
20 33
20 22
20 15
20 19
20 1
20 45
20 47
20 11
20 25
20 41
20 0
20 5
20 14
23
21 32
21 20
21 0
21 26
21 48
21 13
21 10
21 46
21 12
21 36
21 37
21 14
21 29
21 27
21 24
21 30
21 28
21 38
21 9
21 8
21 45
21 41
21 23
21
22 43
22 5
22 19
22 35
22 37
22 49
22 17
22 45
22 41
22 36
22 2
22 6
22 8
22 47
22 15
22 40
22 29
22 34
22 48
22 24
22 42
22
23 14
23 38
23 39
23 9
23 2
23 4
23 36
23 27
23 35
23 5
23 12
23 13
23 11
23 17
23 1
23 31
23 24
23 46
23 37
23 45
23 28
23 26
24
24 5
24 46
24 41
24 14
24 4
24 3
24 38
24 30
24 8
24 49
24 43
24 26
24 35
24 11
24 6
24 34
24 48
24 39
24 29
24 10
24 0
24 47
24 20
24 37
21
25 12
25 0
25 30
25 46
25 29
25 32
25 22
25 48
25 1
25 2
25 35
25 26
25 23
25 36
25 14
25 47
25 43
25 6
25 19
25 24
25 21
20
26 17
26 11
26 30
26 28
26 44
26 42
26 46
26 7
26 3
26 15
26 34
26 1
26 43
26 45
26 37
26 18
26 41
26 48
26 19
26 49
15
27 48
27 49
27 46
27 35
27 20
27 10
27 29
27 13
27 36
27 28
27 40
27 38
27 15
27 17
27 44
14
28 29
28 10
28 14
28 34
28 0
28 25
28 46
28 43
28 6
28 33
28 38
28 12
28 42
28 18
21
29 39
29 42
29 36
29 3
29 23
29 2
29 44
29 33
29 11
29 15
29 26
29 32
29 34
29 31
29 1
29 45
29 13
29 41
29 9
29 19
29 37
17
30 40
30 28
30 14
30 9
30 1
30 4
30 44
30 39
30 31
30 18
30 5
30 11
30 8
30 27
30 34
30 10
30 0
17
31 46
31 27
31 11
31 41
31 3
31 26
31 48
31 20
31 14
31 25
31 12
31 47
31 33
31 16
31 2
31 5
31 32
26
32 18
32 46
32 4
32 1
32 0
32 28
32 16
32 30
32 37
32 10
32 26
32 19
32 44
32 27
32 42
32 48
32 39
32 49
32 45
32 33
32 23
32 12
32 3
32 22
32 36
32 11
15
33 19
33 2
33 21
33 27
33 40
33 26
33 37
33 45
33 6
33 43
33 22
33 30
33 24
33 35
33 8
25
34 27
34 36
34 1
34 44
34 8
34 16
34 17
34 7
34 33
34 2
34 18
34 25
34 6
34 21
34 40
34 32
34 49
34 31
34 11
34 14
34 10
34 9
34 23
34 39
34 13
18
35 31
35 14
35 2
35 44
35 39
35 32
35 38
35 26
35 28
35 43
35 29
35 12
35 20
35 21
35 0
35 18
35 37
35 19
18
36 6
36 17
36 49
36 4
36 8
36 47
36 20
36 39
36 26
36 40
36 19
36 37
36 30
36 46
36 31
36 7
36 11
36 5
19
37 34
37 4
37 3
37 47
37 19
37 28
37 44
37 27
37 30
37 20
37 15
37 10
37 9
37 12
37 38
37 43
37 41
37 31
37 13
25
38 5
38 15
38 26
38 17
38 1
38 11
38 3
38 30
38 22
38 33
38 48
38 2
38 20
38 25
38 16
38 46
38 34
38 39
38 18
38 0
38 41
38 13
38 40
38 12
38 9
18
39 9
39 16
39 46
39 17
39 40
39 18
39 28
39 31
39 45
39 20
39 33
39 14
39 1
39 37
39 27
39 48
39 42
39 0
22
40 26
40 11
40 45
40 25
40 47
40 35
40 12
40 48
40 16
40 31
40 42
40 37
40 9
40 0
40 2
40 14
40 46
40 23
40 29
40 28
40 7
40 18
22
41 2
41 40
41 7
41 12
41 28
41 42
41 13
41 11
41 30
41 19
41 32
41 46
41 48
41 44
41 25
41 36
41 14
41 27
41 34
41 45
41 3
41 39
20
42 11
42 18
42 38
42 31
42 27
42 2
42 36
42 34
42 25
42 44
42 13
42 21
42 33
42 12
42 48
42 30
42 45
42 8
42 15
42 20
20
43 41
43 46
43 13
43 31
43 48
43 30
43 20
43 23
43 38
43 47
43 5
43 1
43 29
43 34
43 2
43 42
43 21
43 27
43 11
43 19
17
44 24
44 33
44 36
44 38
44 7
44 21
44 25
44 6
44 20
44 4
44 10
44 31
44 5
44 16
44 40
44 1
44 13
18
45 34
45 35
45 37
45 1
45 19
45 31
45 17
45 8
45 47
45 11
45 5
45 43
45 27
45 30
45 2
45 49
45 0
45 46
18
46 9
46 2
46 48
46 15
46 7
46 4
46 20
46 35
46 47
46 16
46 34
46 33
46 17
46 30
46 12
46 42
46 14
46 29
19
47 38
47 0
47 19
47 30
47 26
47 10
47 41
47 34
47 35
47 27
47 2
47 29
47 23
47 39
47 42
47 48
47 6
47 13
47 28
17
48 29
48 8
48 19
48 16
48 12
48 7
48 44
48 28
48 11
48 45
48 2
48 34
48 1
48 0
48 33
48 36
48 9
20
49 33
49 39
49 47
49 25
49 2
49 29
49 28
49 44
49 5
49 16
49 20
49 40
49 30
49 42
49 23
49 3
49 11
49 48
49 31
49 37
