50
0 "A27"
1 "A33"
2 "A46"
3 "A24"
4 "A11"
5 "A37"
6 "A42"
7 "A5"
8 "A29"
9 "A14"
10 "A16"
11 "A45"
12 "A4"
13 "A40"
14 "A25"
15 "A28"
16 "A48"
17 "A10"
18 "A8"
19 "A0"
20 "A49"
21 "A7"
22 "A18"
23 "A32"
24 "A30"
25 "A26"
26 "A1"
27 "A47"
28 "A12"
29 "A19"
30 "A34"
31 "A3"
32 "A38"
33 "A21"
34 "A2"
35 "A35"
36 "A43"
37 "A39"
38 "A15"
39 "A20"
40 "A31"
41 "A44"
42 "A23"
43 "A36"
44 "A6"
45 "A17"
46 "A13"
47 "A9"
48 "A22"
49 "A41"
17
0 36
0 40
0 26
0 2
0 19
0 28
0 31
0 3
0 5
0 37
0 47
0 17
0 48
0 11
0 24
0 43
0 33
18
1 41
1 21
1 33
1 6
1 23
1 15
1 10
1 32
1 12
1 46
1 0
1 19
1 28
1 39
1 22
1 34
1 31
1 25
17
2 49
2 25
2 9
2 1
2 14
2 32
2 40
2 27
2 39
2 42
2 16
2 22
2 20
2 13
2 46
2 24
2 29
21
3 44
3 7
3 27
3 18
3 10
3 12
3 11
3 37
3 38
3 20
3 25
3 22
3 4
3 39
3 17
3 30
3 35
3 1
3 48
3 21
3 46
22
4 2
4 13
4 48
4 12
4 20
4 26
4 43
4 17
4 16
4 14
4 5
4 24
4 7
4 1
4 21
4 35
4 36
4 41
4 29
4 0
4 45
4 31
23
5 36
5 22
5 29
5 2
5 19
5 11
5 6
5 41
5 24
5 43
5 26
5 1
5 7
5 49
5 33
5 39
5 37
5 25
5 38
5 32
5 46
5 12
5 3
12
6 11
6 19
6 8
6 42
6 48
6 41
6 26
6 20
6 10
6 43
6 44
6 30
16
7 9
7 6
7 39
7 41
7 2
7 31
7 1
7 8
7 14
7 33
7 21
7 24
7 35
7 13
7 49
7 34
18
8 9
8 46
8 49
8 3
8 1
8 42
8 14
8 17
8 15
8 0
8 29
8 33
8 20
8 23
8 10
8 2
8 40
8 28
17
9 33
9 0
9 16
9 18
9 26
9 25
9 12
9 22
9 32
9 46
9 1
9 23
9 15
9 35
9 3
9 30
9 11
18
10 23
10 17
10 25
10 20
10 7
10 15
10 44
10 18
10 0
10 49
10 13
10 27
10 14
10 11
10 38
10 19
10 43
10 30
23
11 13
11 34
11 41
11 14
11 1
11 23
11 4
11 46
11 35
11 8
11 38
11 43
11 7
11 45
11 44
11 22
11 47
11 19
11 33
11 15
11 36
11 26
11 20
26
12 44
12 36
12 26
12 20
12 6
12 43
12 2
12 31
12 34
12 16
12 21
12 38
12 14
12 10
12 7
12 49
12 11
12 47
12 15
12 22
12 39
12 35
12 42
12 8
12 17
12 29
20
13 21
13 42
13 31
13 3
13 34
13 30
13 37
13 29
13 5
13 1
13 23
13 41
13 39
13 28
13 46
13 17
13 20
13 35
13 9
13 14
18
14 18
14 47
14 16
14 6
14 3
14 23
14 38
14 24
14 27
14 35
14 0
14 44
14 46
14 31
14 21
14 30
14 15
14 32
18
15 48
15 33
15 23
15 49
15 34
15 26
15 19
15 13
15 20
15 40
15 46
15 6
15 35
15 0
15 25
15 22
15 5
15 43
19
16 36
16 34
16 37
16 23
16 31
16 11
16 46
16 6
16 13
16 3
16 22
16 27
16 38
16 43
16 49
16 32
16 19
16 39
16 15
20
17 38
17 37
17 19
17 11
17 43
17 6
17 39
17 15
17 48
17 5
17 14
17 31
17 25
17 49
17 35
17 7
17 47
17 46
17 34
17 33
25
18 34
18 6
18 43
18 11
18 37
18 44
18 16
18 36
18 12
18 7
18 5
18 17
18 2
18 0
18 38
18 21
18 20
18 24
18 29
18 48
18 39
18 15
18 8
18 27
18 26
21
19 47
19 23
19 25
19 13
19 43
19 21
19 3
19 32
19 24
19 26
19 45
19 7
19 46
19 12
19 31
19 4
19 33
19 9
19 30
19 22
19 18
20
20 28
20 5
20 26
20 30
20 39
20 36
20 17
20 19
20 48
20 16
20 37
20 32
20 46
20 34
20 31
20 14
20 33
20 0
20 40
20 42
19
21 34
21 47
21 8
21 0
21 42
21 23
21 32
21 30
21 10
21 5
21 48
21 27
21 11
21 15
21 20
21 9
21 24
21 16
21 35
19
22 43
22 32
22 10
22 17
22 41
22 0
22 28
22 20
22 40
22 23
22 14
22 13
22 33
22 7
22 6
22 4
22 47
22 49
22 29
16
23 17
23 18
23 36
23 32
23 12
23 34
23 5
23 46
23 44
23 4
23 41
23 37
23 47
23 45
23 29
23 35
19
24 35
24 9
24 30
24 36
24 23
24 13
24 20
24 29
24 25
24 17
24 11
24 33
24 12
24 16
24 42
24 1
24 15
24 10
24 48
20
25 37
25 43
25 48
25 8
25 4
25 12
25 23
25 26
25 11
25 41
25 22
25 13
25 21
25 34
25 30
25 18
25 16
25 29
25 31
25 14
20
26 24
26 45
26 37
26 2
26 13
26 27
26 42
26 8
26 39
26 23
26 7
26 3
26 14
26 28
26 21
26 10
26 48
26 22
26 17
26 46
23
27 4
27 34
27 12
27 39
27 9
27 48
27 24
27 8
27 25
27 45
27 46
27 33
27 1
27 0
27 20
27 5
27 42
27 13
27 32
27 15
27 29
27 11
27 37
23
28 43
28 31
28 11
28 23
28 16
28 29
28 2
28 10
28 3
28 14
28 5
28 46
28 35
28 48
28 17
28 21
28 44
28 9
28 6
28 18
28 34
28 40
28 42
20
29 45
29 17
29 46
29 42
29 3
29 0
29 11
29 10
29 43
29 44
29 19
29 14
29 15
29 16
29 37
29 36
29 6
29 21
29 31
29 9
25
30 29
30 32
30 37
30 23
30 4
30 11
30 35
30 40
30 47
30 18
30 42
30 41
30 7
30 45
30 17
30 26
30 2
30 33
30 16
30 12
30 31
30 22
30 36
30 15
30 1
19
31 22
31 36
31 33
31 10
31 2
31 47
31 34
31 11
31 45
31 9
31 21
31 18
31 15
31 42
31 27
31 26
31 5
31 43
31 6
24
32 37
32 0
32 40
32 12
32 4
32 24
32 6
32 28
32 31
32 8
32 34
32 36
32 49
32 26
32 48
32 13
32 46
32 39
32 15
32 7
32 35
32 3
32 11
32 29
16
33 37
33 13
33 47
33 6
33 14
33 3
33 29
33 28
33 10
33 40
33 46
33 44
33 26
33 48
33 21
33 35
13
34 44
34 38
34 9
34 43
34 40
34 39
34 26
34 14
34 6
34 10
34 48
34 8
34 4
18
35 39
35 25
35 1
35 5
35 18
35 38
35 49
35 2
35 20
35 45
35 41
35 37
35 26
35 34
35 31
35 0
35 10
35 19
23
36 33
36 42
36 35
36 7
36 49
36 47
36 27
36 17
36 15
36 6
36 28
36 41
36 48
36 10
36 25
36 8
36 40
36 46
36 34
36 21
36 26
36 1
36 22
18
37 6
37 39
37 45
37 49
37 10
37 48
37 8
37 4
37 19
37 7
37 11
37 36
37 21
37 24
37 1
37 14
37 22
37 43
22
38 22
38 39
38 0
38 15
38 36
38 48
38 20
38 4
38 41
38 21
38 2
38 24
38 45
38 47
38 43
38 29
38 32
38 6
38 44
38 1
38 25
38 23
18
39 47
39 23
39 11
39 33
39 36
39 8
39 4
39 25
39 14
39 19
39 30
39 29
39 28
39 0
39 6
39 31
39 22
39 21
19
40 42
40 9
40 17
40 7
40 10
40 3
40 24
40 46
40 23
40 29
40 26
40 49
40 12
40 13
40 39
40 25
40 35
40 16
40 19
20
41 33
41 48
41 46
41 10
41 24
41 14
41 34
41 43
41 42
41 26
41 18
41 20
41 27
41 15
41 3
41 2
41 12
41 8
41 31
41 29
19
42 18
42 17
42 46
42 23
42 11
42 43
42 19
42 34
42 33
42 14
42 49
42 35
42 4
42 38
42 47
42 32
42 0
42 48
42 45
12
43 13
43 35
43 44
43 21
43 9
43 46
43 24
43 39
43 30
43 8
43 40
43 14
23
44 21
44 39
44 0
44 40
44 8
44 48
44 36
44 9
44 27
44 20
44 4
44 42
44 19
44 24
44 37
44 32
44 13
44 35
44 7
44 16
44 17
44 46
44 31
24
45 46
45 2
45 13
45 16
45 36
45 15
45 10
45 32
45 9
45 5
45 33
45 1
45 41
45 25
45 14
45 21
45 40
45 7
45 28
45 0
45 39
45 48
45 22
45 43
14
46 4
46 47
46 37
46 21
46 49
46 7
46 25
46 31
46 38
46 18
46 12
46 10
46 22
46 39
21
47 49
47 29
47 6
47 15
47 45
47 35
47 40
47 4
47 27
47 44
47 2
47 25
47 34
47 3
47 18
47 43
47 16
47 8
47 24
47 32
47 41
22
48 43
48 39
48 35
48 31
48 30
48 47
48 11
48 10
48 5
48 8
48 12
48 9
48 29
48 49
48 2
48 1
48 13
48 23
48 16
48 14
48 7
48 40
22
49 34
49 28
49 19
49 14
49 38
49 1
49 18
49 6
49 25
49 0
49 26
49 27
49 41
49 43
49 30
49 13
49 11
49 33
49 39
49 20
49 21
49 31
