50
0 "A15"
1 "A2"
2 "A4"
3 "A35"
4 "A16"
5 "A12"
6 "A14"
7 "A31"
8 "A30"
9 "A33"
10 "A6"
11 "A41"
12 "A38"
13 "A48"
14 "A34"
15 "A1"
16 "A9"
17 "A18"
18 "A46"
19 "A3"
20 "A10"
21 "A20"
22 "A21"
23 "A32"
24 "A45"
25 "A40"
26 "A44"
27 "A24"
28 "A47"
29 "A0"
30 "A13"
31 "A36"
32 "A43"
33 "A27"
34 "A42"
35 "A29"
36 "A8"
37 "A23"
38 "A37"
39 "A5"
40 "A7"
41 "A39"
42 "A25"
43 "A49"
44 "A28"
45 "A11"
46 "A19"
47 "A17"
48 "A22"
49 "A26"
17
0 31
0 47
0 18
0 39
0 29
0 40
0 49
0 25
0 13
0 5
0 38
0 24
0 11
0 43
0 44
0 27
0 8
24
1 25
1 23
1 47
1 21
1 2
1 48
1 0
1 29
1 33
1 40
1 27
1 15
1 17
1 13
1 14
1 24
1 6
1 45
1 20
1 38
1 12
1 43
1 39
1 10
22
2 34
2 33
2 19
2 11
2 44
2 27
2 20
2 13
2 10
2 23
2 28
2 16
2 12
2 43
2 15
2 17
2 37
2 32
2 0
2 46
2 26
2 22
23
3 23
3 27
3 10
3 13
3 8
3 43
3 12
3 17
3 39
3 14
3 29
3 4
3 16
3 46
3 19
3 41
3 47
3 36
3 31
3 15
3 37
3 49
3 20
27
4 10
4 28
4 47
4 40
4 33
4 49
4 43
4 38
4 37
4 8
4 11
4 13
4 25
4 26
4 48
4 5
4 29
4 2
4 6
4 17
4 16
4 12
4 0
4 18
4 31
4 1
4 14
18
5 2
5 28
5 1
5 15
5 39
5 23
5 24
5 7
5 17
5 37
5 27
5 31
5 33
5 41
5 8
5 10
5 49
5 13
15
6 23
6 29
6 34
6 35
6 45
6 14
6 11
6 21
6 25
6 46
6 39
6 15
6 16
6 2
6 41
13
7 6
7 34
7 25
7 21
7 9
7 3
7 10
7 36
7 24
7 13
7 20
7 33
7 41
18
8 43
8 46
8 1
8 2
8 13
8 6
8 49
8 24
8 31
8 28
8 32
8 45
8 36
8 18
8 35
8 39
8 17
8 40
16
9 30
9 12
9 46
9 28
9 42
9 2
9 0
9 8
9 6
9 10
9 47
9 49
9 40
9 4
9 23
9 38
21
10 36
10 16
10 35
10 23
10 26
10 12
10 41
10 28
10 34
10 48
10 33
10 8
10 14
10 31
10 21
10 0
10 24
10 18
10 39
10 25
10 22
21
11 44
11 13
11 9
11 45
11 7
11 14
11 1
11 41
11 28
11 39
11 36
11 34
11 24
11 20
11 10
11 8
11 3
11 40
11 18
11 32
11 22
19
12 21
12 13
12 28
12 0
12 5
12 23
12 38
12 16
12 40
12 49
12 8
12 11
12 44
12 24
12 34
12 7
12 25
12 19
12 37
13
13 33
13 32
13 19
13 27
13 48
13 15
13 6
13 41
13 47
13 17
13 25
13 14
13 16
18
14 25
14 7
14 8
14 42
14 16
14 29
14 47
14 18
14 22
14 15
14 28
14 43
14 45
14 9
14 41
14 34
14 20
14 0
15
15 10
15 44
15 26
15 20
15 33
15 27
15 38
15 31
15 12
15 25
15 16
15 11
15 40
15 8
15 0
21
16 20
16 0
16 27
16 22
16 1
16 28
16 41
16 35
16 26
16 40
16 49
16 8
16 9
16 32
16 43
16 30
16 44
16 42
16 36
16 29
16 24
26
17 30
17 37
17 15
17 44
17 39
17 18
17 21
17 32
17 16
17 19
17 29
17 7
17 0
17 47
17 41
17 45
17 12
17 25
17 9
17 10
17 27
17 20
17 33
17 31
17 6
17 11
21
18 48
18 36
18 38
18 5
18 2
18 21
18 27
18 15
18 31
18 13
18 7
18 24
18 44
18 41
18 1
18 19
18 30
18 6
18 3
18 9
18 20
21
19 7
19 36
19 27
19 4
19 48
19 30
19 43
19 31
19 25
19 34
19 16
19 38
19 15
19 0
19 5
19 47
19 45
19 8
19 40
19 32
19 41
18
20 8
20 4
20 25
20 41
20 9
20 10
20 39
20 40
20 49
20 12
20 19
20 34
20 45
20 32
20 43
20 35
20 6
20 38
19
21 3
21 28
21 0
21 38
21 19
21 42
21 11
21 14
21 39
21 37
21 40
21 8
21 5
21 45
21 4
21 25
21 27
21 15
21 36
21
22 4
22 47
22 24
22 18
22 28
22 49
22 48
22 19
22 7
22 15
22 36
22 5
22 8
22 25
22 39
22 46
22 44
22 9
22 3
22 6
22 42
14
23 46
23 19
23 26
23 45
23 35
23 13
23 28
23 7
23 29
23 17
23 8
23 20
23 21
23 40
20
24 23
24 29
24 17
24 26
24 40
24 21
24 20
24 47
24 15
24 45
24 30
24 27
24 38
24 14
24 35
24 32
24 43
24 19
24 46
24 25
19
25 5
25 36
25 30
25 3
25 9
25 2
25 38
25 16
25 46
25 44
25 45
25 35
25 8
25 37
25 32
25 18
25 29
25 43
25 23
21
26 32
26 14
26 21
26 40
26 1
26 13
26 11
26 27
26 47
26 49
26 44
26 25
26 17
26 7
26 39
26 18
26 46
26 48
26 3
26 30
26 22
17
27 14
27 6
27 45
27 12
27 25
27 8
27 4
27 39
27 23
27 41
27 38
27 33
27 43
27 22
27 40
27 20
27 37
21
28 35
28 1
28 39
28 24
28 13
28 36
28 40
28 7
28 32
28 48
28 30
28 37
28 44
28 19
28 34
28 47
28 17
28 49
28 42
28 18
28 25
21
29 2
29 44
29 33
29 18
29 8
29 34
29 31
29 7
29 20
29 11
29 48
29 21
29 27
29 45
29 5
29 36
29 15
29 12
29 10
29 32
29 13
27
30 5
30 8
30 23
30 44
30 11
30 22
30 4
30 7
30 3
30 36
30 15
30 34
30 31
30 14
30 48
30 41
30 12
30 1
30 43
30 47
30 13
30 37
30 6
30 20
30 27
30 0
30 2
16
31 6
31 14
31 13
31 2
31 48
31 35
31 49
31 7
31 28
31 24
31 23
31 39
31 16
31 9
31 22
31 27
18
32 18
32 10
32 23
32 42
32 0
32 5
32 3
32 33
32 30
32 6
32 4
32 47
32 9
32 14
32 22
32 46
32 27
32 7
20
33 26
33 25
33 43
33 28
33 24
33 35
33 14
33 40
33 11
33 48
33 38
33 23
33 39
33 12
33 49
33 19
33 37
33 21
33 31
33 20
19
34 1
34 38
34 46
34 16
34 32
34 0
34 33
34 31
34 27
34 26
34 3
34 25
34 40
34 39
34 42
34 18
34 21
34 37
34 17
24
35 5
35 12
35 7
35 13
35 11
35 2
35 9
35 48
35 15
35 26
35 1
35 40
35 29
35 0
35 45
35 38
35 34
35 32
35 30
35 39
35 27
35 46
35 14
35 19
19
36 0
36 35
36 42
36 15
36 31
36 4
36 32
36 13
36 20
36 6
36 17
36 24
36 45
36 27
36 37
36 5
36 46
36 38
36 23
16
37 22
37 0
37 26
37 6
37 43
37 7
37 35
37 32
37 40
37 20
37 39
37 19
37 48
37 41
37 31
37 13
17
38 46
38 40
38 41
38 39
38 17
38 6
38 14
38 32
38 13
38 37
38 8
38 22
38 31
38 28
38 10
38 30
38 2
16
39 40
39 13
39 4
39 2
39 19
39 14
39 24
39 25
39 29
39 7
39 18
39 12
39 9
39 46
39 44
39 32
12
40 41
40 10
40 7
40 13
40 5
40 22
40 3
40 25
40 47
40 29
40 30
40 2
17
41 33
41 22
41 12
41 21
41 0
41 34
41 28
41 32
41 29
41 24
41 43
41 31
41 23
41 36
41 48
41 1
41 39
21
42 33
42 39
42 27
42 35
42 31
42 10
42 23
42 2
42 37
42 45
42 6
42 48
42 41
42 19
42 13
42 25
42 11
42 30
42 3
42 26
42 38
21
43 38
43 49
43 12
43 40
43 9
43 29
43 7
43 21
43 48
43 17
43 18
43 13
43 15
43 35
43 31
43 26
43 42
43 11
43 5
43 36
43 32
26
44 35
44 1
44 19
44 46
44 36
44 40
44 38
44 37
44 34
44 32
44 33
44 31
44 20
44 24
44 10
44 27
44 42
44 43
44 7
44 4
44 13
44 45
44 5
44 14
44 9
44 23
21
45 37
45 43
45 22
45 9
45 3
45 12
45 31
45 32
45 4
45 34
45 30
45 48
45 13
45 18
45 0
45 16
45 10
45 39
45 41
45 2
45 40
24
46 41
46 1
46 29
46 13
46 48
46 4
46 15
46 45
46 5
46 19
46 37
46 28
46 10
46 33
46 21
46 18
46 11
46 31
46 47
46 42
46 12
46 43
46 27
46 16
21
47 45
47 27
47 38
47 43
47 31
47 5
47 25
47 7
47 37
47 18
47 29
47 36
47 8
47 6
47 41
47 10
47 44
47 20
47 42
47 23
47 11
18
48 36
48 5
48 11
48 20
48 15
48 25
48 21
48 2
48 12
48 9
48 39
48 17
48 6
48 23
48 38
48 16
48 44
48 34
27
49 13
49 34
49 24
49 15
49 19
49 11
49 1
49 39
49 17
49 25
49 38
49 18
49 6
49 45
49 2
49 47
49 23
49 27
49 21
49 7
49 37
49 35
49 29
49 48
49 10
49 41
49 32
