50
0 "A15"
1 "A2"
2 "A4"
3 "A35"
4 "A16"
5 "A12"
6 "A14"
7 "A31"
8 "A30"
9 "A33"
10 "A6"
11 "A41"
12 "A38"
13 "A48"
14 "A34"
15 "A1"
16 "A9"
17 "A18"
18 "A46"
19 "A3"
20 "A10"
21 "A20"
22 "A21"
23 "A32"
24 "A45"
25 "A40"
26 "A44"
27 "A24"
28 "A47"
29 "A0"
30 "A13"
31 "A36"
32 "A43"
33 "A27"
34 "A42"
35 "A29"
36 "A8"
37 "A23"
38 "A37"
39 "A5"
40 "A7"
41 "A39"
42 "A25"
43 "A49"
44 "A28"
45 "A11"
46 "A19"
47 "A17"
48 "A22"
49 "A26"
22
0 43
0 21
0 42
0 19
0 37
0 46
0 26
0 32
0 34
0 24
0 47
0 49
0 48
0 2
0 3
0 27
0 44
0 14
0 36
0 15
0 40
0 6
18
1 16
1 5
1 33
1 4
1 35
1 25
1 21
1 32
1 8
1 38
1 6
1 44
1 23
1 24
1 49
1 18
1 31
1 7
24
2 30
2 35
2 11
2 37
2 23
2 8
2 24
2 4
2 29
2 1
2 20
2 26
2 46
2 9
2 36
2 47
2 19
2 16
2 42
2 22
2 7
2 3
2 43
2 28
16
3 30
3 7
3 35
3 37
3 16
3 1
3 4
3 22
3 32
3 5
3 31
3 19
3 29
3 20
3 48
3 11
16
4 18
4 24
4 26
4 12
4 48
4 46
4 25
4 47
4 39
4 31
4 0
4 20
4 14
4 45
4 49
4 16
22
5 47
5 0
5 39
5 27
5 42
5 19
5 28
5 46
5 20
5 6
5 49
5 15
5 18
5 41
5 2
5 35
5 40
5 23
5 38
5 7
5 33
5 4
19
6 7
6 41
6 14
6 3
6 11
6 21
6 4
6 38
6 36
6 23
6 15
6 32
6 9
6 43
6 24
6 2
6 18
6 31
6 40
19
7 47
7 0
7 31
7 14
7 37
7 11
7 33
7 27
7 18
7 4
7 16
7 36
7 40
7 21
7 42
7 32
7 13
7 8
7 41
22
8 29
8 48
8 11
8 49
8 3
8 39
8 13
8 40
8 46
8 34
8 14
8 5
8 0
8 44
8 4
8 10
8 6
8 28
8 32
8 45
8 9
8 25
9
9 12
9 23
9 5
9 4
9 3
9 13
9 15
9 20
9 18
20
10 34
10 6
10 35
10 23
10 4
10 46
10 15
10 14
10 7
10 0
10 9
10 16
10 47
10 39
10 2
10 1
10 19
10 30
10 44
10 3
18
11 0
11 20
11 4
11 33
11 1
11 24
11 9
11 46
11 49
11 37
11 42
11 5
11 19
11 43
11 30
11 23
11 31
11 10
20
12 6
12 14
12 35
12 29
12 30
12 41
12 15
12 2
12 34
12 33
12 23
12 7
12 11
12 3
12 27
12 21
12 26
12 8
12 44
12 5
19
13 10
13 28
13 3
13 16
13 46
13 22
13 0
13 35
13 4
13 27
13 19
13 49
13 29
13 23
13 18
13 17
13 25
13 38
13 15
21
14 42
14 5
14 33
14 43
14 31
14 47
14 11
14 44
14 38
14 3
14 13
14 2
14 24
14 22
14 28
14 9
14 35
14 25
14 36
14 23
14 32
13
15 8
15 16
15 37
15 49
15 44
15 21
15 46
15 1
15 3
15 28
15 33
15 7
15 41
19
16 38
16 47
16 25
16 12
16 5
16 37
16 43
16 31
16 45
16 30
16 34
16 41
16 46
16 17
16 32
16 23
16 0
16 8
16 6
24
17 7
17 42
17 39
17 2
17 23
17 1
17 3
17 48
17 33
17 21
17 44
17 24
17 4
17 30
17 14
17 11
17 22
17 10
17 6
17 47
17 25
17 15
17 8
17 27
24
18 37
18 48
18 43
18 8
18 14
18 0
18 20
18 15
18 47
18 33
18 30
18 26
18 49
18 34
18 19
18 12
18 39
18 31
18 2
18 16
18 35
18 32
18 22
18 11
21
19 30
19 26
19 45
19 12
19 40
19 6
19 44
19 8
19 42
19 20
19 14
19 33
19 17
19 39
19 21
19 15
19 9
19 25
19 49
19 1
19 16
21
20 42
20 7
20 47
20 8
20 28
20 6
20 0
20 15
20 23
20 38
20 48
20 26
20 43
20 31
20 33
20 27
20 37
20 32
20 36
20 17
20 13
20
21 40
21 23
21 4
21 29
21 3
21 30
21 5
21 2
21 31
21 28
21 44
21 8
21 14
21 43
21 36
21 45
21 25
21 20
21 11
21 32
23
22 42
22 44
22 45
22 4
22 23
22 10
22 29
22 15
22 9
22 0
22 25
22 36
22 16
22 48
22 46
22 41
22 6
22 19
22 1
22 40
22 8
22 5
22 20
14
23 35
23 3
23 44
23 32
23 18
23 26
23 37
23 24
23 45
23 4
23 19
23 7
23 27
23 38
23
24 30
24 44
24 48
24 26
24 19
24 10
24 15
24 42
24 40
24 8
24 12
24 21
24 13
24 36
24 39
24 33
24 37
24 31
24 28
24 3
24 18
24 35
24 9
16
25 23
25 48
25 11
25 5
25 15
25 40
25 9
25 32
25 7
25 42
25 2
25 28
25 20
25 3
25 10
25 12
18
26 33
26 3
26 30
26 27
26 35
26 5
26 10
26 11
26 28
26 22
26 44
26 13
26 6
26 17
26 38
26 21
26 25
26 16
23
27 34
27 24
27 46
27 43
27 49
27 14
27 8
27 31
27 6
27 22
27 18
27 25
27 42
27 2
27 1
27 35
27 21
27 38
27 3
27 10
27 15
27 9
27 11
18
28 32
28 4
28 44
28 11
28 45
28 33
28 10
28 47
28 18
28 42
28 29
28 30
28 40
28 12
28 17
28 37
28 1
28 23
22
29 26
29 23
29 39
29 1
29 18
29 44
29 14
29 9
29 42
29 47
29 7
29 45
29 4
29 25
29 19
29 49
29 27
29 16
29 36
29 20
29 6
29 40
21
30 32
30 5
30 29
30 14
30 44
30 6
30 37
30 27
30 38
30 40
30 42
30 25
30 13
30 39
30 0
30 1
30 35
30 9
30 45
30 4
30 36
20
31 45
31 9
31 13
31 8
31 32
31 23
31 28
31 10
31 39
31 19
31 40
31 0
31 25
31 38
31 22
31 30
31 17
31 5
31 33
31 26
22
32 34
32 29
32 26
32 42
32 36
32 5
32 13
32 10
32 27
32 24
32 46
32 40
32 17
32 48
32 22
32 2
32 38
32 19
32 15
32 9
32 4
32 41
21
33 30
33 9
33 0
33 16
33 43
33 35
33 13
33 32
33 40
33 22
33 3
33 47
33 4
33 37
33 41
33 25
33 34
33 2
33 27
33 23
33 6
22
34 31
34 17
34 14
34 1
34 48
34 20
34 24
34 19
34 25
34 41
34 40
34 30
34 23
34 22
34 45
34 11
34 13
34 3
34 46
34 28
34 21
34 15
16
35 21
35 45
35 19
35 17
35 9
35 34
35 28
35 29
35 43
35 8
35 0
35 31
35 25
35 39
35 6
35 7
19
36 48
36 44
36 11
36 15
36 31
36 9
36 10
36 33
36 35
36 34
36 5
36 41
36 1
36 39
36 28
36 4
36 17
36 16
36 27
16
37 21
37 22
37 40
37 10
37 32
37 13
37 46
37 49
37 14
37 36
37 25
37 35
37 4
37 31
37 27
37 19
19
38 28
38 7
38 35
38 10
38 43
38 48
38 49
38 24
38 29
38 33
38 3
38 41
38 34
38 2
38 15
38 17
38 25
38 37
38 19
21
39 27
39 12
39 37
39 15
39 7
39 11
39 33
39 46
39 44
39 41
39 20
39 6
39 0
39 22
39 25
39 38
39 2
39 16
39 42
39 40
39 26
14
40 14
40 3
40 44
40 23
40 12
40 20
40 41
40 49
40 10
40 26
40 2
40 17
40 1
40 16
21
41 49
41 14
41 11
41 19
41 30
41 43
41 1
41 28
41 2
41 3
41 37
41 4
41 21
41 45
41 31
41 18
41 13
41 8
41 26
41 0
41 25
25
42 4
42 6
42 26
42 35
42 46
42 40
42 1
42 37
42 15
42 48
42 47
42 45
42 34
42 31
42 41
42 21
42 49
42 33
42 10
42 9
42 23
42 12
42 13
42 16
42 36
24
43 19
43 42
43 22
43 12
43 23
43 32
43 26
43 5
43 8
43 13
43 45
43 37
43 4
43 36
43 9
43 24
43 7
43 30
43 3
43 34
43 1
43 29
43 39
43 28
19
44 33
44 25
44 47
44 41
44 37
44 32
44 3
44 46
44 20
44 4
44 38
44 7
44 45
44 13
44 16
44 18
44 49
44 6
44 11
16
45 14
45 10
45 0
45 37
45 6
45 20
45 12
45 3
45 15
45 32
45 49
45 9
45 27
45 1
45 24
45 2
15
46 26
46 43
46 25
46 24
46 47
46 23
46 19
46 48
46 30
46 35
46 38
46 21
46 9
46 7
46 28
26
47 1
47 19
47 13
47 15
47 34
47 30
47 24
47 49
47 23
47 39
47 6
47 3
47 31
47 26
47 8
47 21
47 36
47 43
47 27
47 38
47 35
47 25
47 40
47 37
47 22
47 12
20
48 28
48 23
48 7
48 29
48 49
48 39
48 33
48 16
48 13
48 27
48 37
48 44
48 45
48 43
48 21
48 9
48 35
48 6
48 1
48 41
19
49 21
49 20
49 43
49 23
49 6
49 22
49 30
49 12
49 9
49 10
49 28
49 35
49 7
49 24
49 2
49 34
49 46
49 17
49 25
