50
0 "A15"
1 "A2"
2 "A4"
3 "A35"
4 "A16"
5 "A12"
6 "A14"
7 "A31"
8 "A30"
9 "A33"
10 "A6"
11 "A41"
12 "A38"
13 "A48"
14 "A34"
15 "A1"
16 "A9"
17 "A18"
18 "A46"
19 "A3"
20 "A10"
21 "A20"
22 "A21"
23 "A32"
24 "A45"
25 "A40"
26 "A44"
27 "A24"
28 "A47"
29 "A0"
30 "A13"
31 "A36"
32 "A43"
33 "A27"
34 "A42"
35 "A29"
36 "A8"
37 "A23"
38 "A37"
39 "A5"
40 "A7"
41 "A39"
42 "A25"
43 "A49"
44 "A28"
45 "A11"
46 "A19"
47 "A17"
48 "A22"
49 "A26"
18
0 40
0 44
0 16
0 18
0 9
0 30
0 3
0 1
0 6
0 43
0 22
0 13
0 35
0 48
0 38
0 24
0 25
0 26
15
1 28
1 23
1 35
1 14
1 26
1 13
1 3
1 7
1 49
1 19
1 6
1 16
1 48
1 40
1 22
19
2 44
2 48
2 29
2 0
2 36
2 17
2 43
2 11
2 45
2 34
2 33
2 1
2 49
2 19
2 23
2 46
2 22
2 24
2 12
27
3 6
3 35
3 39
3 13
3 34
3 14
3 33
3 23
3 4
3 27
3 46
3 49
3 21
3 8
3 41
3 42
3 48
3 11
3 19
3 17
3 15
3 18
3 22
3 16
3 12
3 45
3 25
17
4 10
4 25
4 42
4 47
4 15
4 26
4 28
4 44
4 20
4 34
4 12
4 39
4 37
4 23
4 40
4 21
4 29
22
5 8
5 25
5 40
5 0
5 42
5 16
5 41
5 33
5 31
5 4
5 3
5 47
5 1
5 21
5 49
5 45
5 38
5 39
5 22
5 46
5 43
5 19
18
6 5
6 23
6 26
6 40
6 37
6 43
6 22
6 34
6 48
6 24
6 17
6 32
6 15
6 25
6 49
6 18
6 4
6 44
20
7 5
7 31
7 42
7 37
7 33
7 35
7 24
7 16
7 23
7 17
7 21
7 39
7 4
7 30
7 6
7 20
7 26
7 15
7 28
7 2
20
8 0
8 42
8 4
8 10
8 22
8 12
8 20
8 26
8 7
8 1
8 16
8 31
8 6
8 29
8 49
8 2
8 38
8 11
8 27
8 39
20
9 49
9 18
9 46
9 2
9 23
9 4
9 14
9 5
9 30
9 19
9 1
9 31
9 26
9 43
9 17
9 7
9 22
9 20
9 10
9 40
17
10 33
10 47
10 14
10 41
10 38
10 35
10 1
10 31
10 30
10 3
10 29
10 20
10 44
10 37
10 49
10 34
10 25
21
11 21
11 24
11 5
11 43
11 7
11 36
11 28
11 1
11 0
11 26
11 37
11 9
11 6
11 15
11 12
11 33
11 22
11 25
11 48
11 44
11 20
24
12 13
12 18
12 22
12 34
12 0
12 26
12 30
12 28
12 31
12 41
12 49
12 35
12 40
12 20
12 48
12 6
12 5
12 21
12 24
12 47
12 25
12 42
12 16
12 36
16
13 10
13 46
13 37
13 31
13 22
13 41
13 2
13 32
13 9
13 27
13 8
13 17
13 40
13 15
13 11
13 6
22
14 41
14 8
14 31
14 0
14 23
14 43
14 42
14 2
14 40
14 30
14 21
14 12
14 25
14 39
14 6
14 46
14 29
14 28
14 5
14 13
14 4
14 18
23
15 0
15 21
15 48
15 44
15 28
15 40
15 25
15 2
15 10
15 12
15 37
15 38
15 42
15 30
15 36
15 20
15 17
15 5
15 8
15 27
15 49
15 14
15 33
21
16 26
16 6
16 44
16 48
16 41
16 11
16 37
16 13
16 20
16 42
16 32
16 15
16 45
16 9
16 2
16 49
16 34
16 27
16 24
16 36
16 46
17
17 24
17 28
17 41
17 42
17 36
17 31
17 45
17 5
17 0
17 38
17 39
17 32
17 33
17 12
17 34
17 4
17 43
20
18 24
18 37
18 46
18 13
18 25
18 33
18 4
18 38
18 17
18 31
18 42
18 36
18 7
18 43
18 8
18 1
18 45
18 29
18 44
18 10
23
19 14
19 42
19 24
19 13
19 16
19 37
19 35
19 8
19 31
19 12
19 41
19 20
19 15
19 47
19 17
19 18
19 34
19 33
19 0
19 4
19 44
19 7
19 11
11
20 21
20 34
20 35
20 18
20 32
20 41
20 24
20 0
20 26
20 23
20 39
19
21 34
21 9
21 17
21 10
21 13
21 23
21 6
21 48
21 47
21 35
21 33
21 39
21 2
21 42
21 26
21 18
21 1
21 27
21 46
18
22 4
22 40
22 35
22 17
22 21
22 20
22 10
22 19
22 7
22 23
22 27
22 38
22 47
22 48
22 36
22 42
22 49
22 32
22
23 15
23 39
23 27
23 5
23 41
23 48
23 13
23 31
23 10
23 18
23 47
23 46
23 37
23 25
23 8
23 12
23 17
23 32
23 19
23 30
23 29
23 24
17
24 1
24 21
24 22
24 36
24 5
24 40
24 4
24 9
24 25
24 27
24 8
24 10
24 30
24 15
24 37
24 33
24 28
22
25 41
25 26
25 29
25 8
25 31
25 30
25 35
25 7
25 33
25 39
25 20
25 38
25 45
25 28
25 27
25 32
25 42
25 16
25 22
25 9
25 13
25 49
19
26 42
26 3
26 36
26 49
26 37
26 2
26 14
26 30
26 5
26 29
26 13
26 46
26 19
26 32
26 40
26 17
26 24
26 22
26 10
22
27 44
27 49
27 29
27 38
27 17
27 45
27 32
27 5
27 26
27 37
27 47
27 1
27 11
27 6
27 10
27 9
27 2
27 19
27 14
27 46
27 20
27 28
20
28 46
28 45
28 21
28 37
28 2
28 5
28 43
28 29
28 8
28 6
28 18
28 30
28 31
28 10
28 13
28 0
28 35
28 38
28 3
28 9
22
29 37
29 13
29 38
29 12
29 16
29 22
29 44
29 5
29 9
29 21
29 1
29 20
29 49
29 3
29 36
29 42
29 40
29 48
29 11
29 15
29 19
29 30
17
30 3
30 19
30 8
30 36
30 38
30 32
30 20
30 6
30 33
30 5
30 13
30 40
30 16
30 18
30 48
30 44
30 11
18
31 0
31 35
31 37
31 24
31 44
31 38
31 3
31 47
31 6
31 20
31 2
31 27
31 22
31 39
31 15
31 11
31 41
31 16
21
32 8
32 15
32 19
32 46
32 2
32 48
32 4
32 10
32 41
32 28
32 42
32 43
32 12
32 49
32 11
32 36
32 0
32 45
32 47
32 24
32 5
24
33 13
33 14
33 45
33 37
33 16
33 28
33 39
33 4
33 23
33 48
33 34
33 1
33 29
33 22
33 43
33 12
33 26
33 6
33 0
33 38
33 31
33 36
33 35
33 27
21
34 9
34 24
34 28
34 26
34 25
34 11
34 14
34 29
34 18
34 0
34 22
34 30
34 7
34 27
34 44
34 46
34 49
34 40
34 36
34 8
34 47
23
35 45
35 47
35 30
35 27
35 15
35 43
35 42
35 46
35 29
35 38
35 8
35 2
35 18
35 4
35 32
35 11
35 14
35 23
35 5
35 17
35 13
35 24
35 16
22
36 31
36 49
36 35
36 3
36 0
36 39
36 14
36 48
36 40
36 43
36 23
36 5
36 28
36 25
36 8
36 47
36 21
36 7
36 10
36 1
36 19
36 13
15
37 39
37 5
37 20
37 44
37 38
37 49
37 0
37 34
37 35
37 22
37 32
37 36
37 1
37 9
37 3
23
38 2
38 43
38 45
38 44
38 49
38 19
38 39
38 16
38 13
38 26
38 21
38 3
38 20
38 24
38 14
38 9
38 6
38 11
38 32
38 4
38 42
38 34
38 46
16
39 29
39 11
39 19
39 35
39 13
39 12
39 24
39 47
39 18
39 34
39 26
39 16
39 46
39 40
39 9
39 1
18
40 43
40 32
40 17
40 38
40 2
40 10
40 42
40 19
40 3
40 31
40 37
40 45
40 27
40 7
40 16
40 20
40 33
40 21
26
41 29
41 1
41 36
41 30
41 37
41 6
41 44
41 35
41 49
41 21
41 46
41 24
41 34
41 40
41 7
41 26
41 22
41 8
41 15
41 2
41 48
41 28
41 43
41 47
41 4
41 39
16
42 27
42 44
42 9
42 6
42 48
42 34
42 10
42 28
42 31
42 36
42 1
42 11
42 2
42 33
42 0
42 41
17
43 27
43 26
43 15
43 30
43 39
43 29
43 4
43 3
43 31
43 8
43 19
43 20
43 21
43 13
43 34
43 12
43 22
15
44 32
44 5
44 40
44 1
44 14
44 22
44 21
44 20
44 35
44 23
44 33
44 39
44 28
44 8
44 25
22
45 15
45 9
45 14
45 49
45 13
45 39
45 36
45 31
45 8
45 34
45 4
45 10
45 11
45 42
45 19
45 0
45 29
45 1
45 30
45 44
45 43
45 47
18
46 1
46 7
46 42
46 29
46 20
46 36
46 0
46 40
46 6
46 15
46 45
46 10
46 17
46 30
46 24
46 37
46 25
46 12
20
47 1
47 6
47 40
47 43
47 16
47 44
47 8
47 30
47 38
47 3
47 20
47 18
47 17
47 42
47 14
47 2
47 13
47 9
47 25
47 0
19
48 34
48 47
48 26
48 35
48 17
48 27
48 8
48 7
48 19
48 45
48 49
48 40
48 14
48 39
48 24
48 18
48 37
48 38
48 4
17
49 11
49 44
49 7
49 18
49 43
49 24
49 40
49 31
49 21
49 19
49 28
49 47
49 20
49 39
49 30
49 42
49 4
