50
0 "A15"
1 "A2"
2 "A4"
3 "A35"
4 "A16"
5 "A12"
6 "A14"
7 "A31"
8 "A30"
9 "A33"
10 "A6"
11 "A41"
12 "A38"
13 "A48"
14 "A34"
15 "A1"
16 "A9"
17 "A18"
18 "A46"
19 "A3"
20 "A10"
21 "A20"
22 "A21"
23 "A32"
24 "A45"
25 "A40"
26 "A44"
27 "A24"
28 "A47"
29 "A0"
30 "A13"
31 "A36"
32 "A43"
33 "A27"
34 "A42"
35 "A29"
36 "A8"
37 "A23"
38 "A37"
39 "A5"
40 "A7"
41 "A39"
42 "A25"
43 "A49"
44 "A28"
45 "A11"
46 "A19"
47 "A17"
48 "A22"
49 "A26"
19
0 46
0 19
0 35
0 47
0 42
0 48
0 21
0 8
0 34
0 16
0 29
0 20
0 1
0 33
0 12
0 4
0 38
0 6
0 44
22
1 35
1 38
1 8
1 6
1 30
1 39
1 15
1 9
1 32
1 21
1 31
1 47
1 34
1 7
1 44
1 19
1 23
1 13
1 18
1 17
1 42
1 24
22
2 34
2 27
2 21
2 9
2 48
2 26
2 16
2 25
2 31
2 33
2 32
2 0
2 47
2 7
2 39
2 13
2 22
2 44
2 4
2 35
2 42
2 11
22
3 10
3 4
3 39
3 11
3 21
3 0
3 44
3 12
3 17
3 13
3 28
3 9
3 40
3 46
3 16
3 37
3 33
3 1
3 23
3 24
3 45
3 2
15
4 39
4 9
4 46
4 43
4 14
4 15
4 42
4 30
4 36
4 12
4 22
4 34
4 7
4 32
4 45
21
5 11
5 35
5 16
5 37
5 3
5 1
5 18
5 4
5 27
5 12
5 26
5 25
5 0
5 42
5 46
5 7
5 41
5 22
5 20
5 2
5 40
20
6 5
6 12
6 3
6 16
6 9
6 2
6 4
6 14
6 36
6 46
6 45
6 24
6 40
6 35
6 31
6 30
6 32
6 10
6 29
6 48
16
7 9
7 21
7 30
7 36
7 42
7 41
7 14
7 37
7 46
7 6
7 43
7 11
7 44
7 45
7 16
7 32
19
8 4
8 48
8 23
8 20
8 44
8 15
8 29
8 19
8 3
8 46
8 49
8 11
8 27
8 32
8 9
8 17
8 34
8 6
8 26
18
9 16
9 12
9 0
9 21
9 37
9 30
9 28
9 23
9 42
9 26
9 47
9 18
9 48
9 45
9 22
9 5
9 39
9 32
16
10 19
10 0
10 7
10 8
10 5
10 48
10 15
10 36
10 11
10 45
10 4
10 49
10 37
10 35
10 2
10 29
14
11 4
11 20
11 18
11 49
11 14
11 46
11 37
11 13
11 41
11 0
11 1
11 42
11 23
11 6
22
12 27
12 41
12 25
12 20
12 11
12 8
12 32
12 21
12 7
12 35
12 39
12 23
12 45
12 19
12 48
12 26
12 30
12 15
12 24
12 44
12 2
12 29
19
13 41
13 37
13 43
13 5
13 45
13 6
13 0
13 4
13 29
13 10
13 12
13 31
13 24
13 23
13 32
13 27
13 7
13 39
13 18
14
14 28
14 48
14 8
14 25
14 10
14 37
14 40
14 41
14 24
14 29
14 13
14 27
14 12
14 0
18
15 32
15 11
15 24
15 0
15 37
15 40
15 34
15 5
15 35
15 20
15 43
15 29
15 36
15 19
15 14
15 9
15 44
15 13
25
16 37
16 31
16 14
16 11
16 36
16 13
16 33
16 42
16 38
16 49
16 30
16 24
16 19
16 10
16 18
16 20
16 15
16 26
16 1
16 48
16 29
16 41
16 34
16 35
16 47
18
17 6
17 49
17 21
17 34
17 31
17 7
17 19
17 14
17 39
17 43
17 25
17 44
17 13
17 35
17 38
17 11
17 4
17 2
18
18 15
18 4
18 44
18 6
18 0
18 7
18 8
18 24
18 49
18 25
18 33
18 30
18 3
18 47
18 39
18 21
18 12
18 35
19
19 4
19 31
19 49
19 30
19 32
19 42
19 29
19 38
19 18
19 47
19 45
19 46
19 28
19 2
19 37
19 48
19 9
19 14
19 40
17
20 9
20 19
20 26
20 14
20 2
20 29
20 10
20 4
20 32
20 28
20 44
20 47
20 34
20 41
20 43
20 38
20 17
20
21 11
21 6
21 31
21 10
21 19
21 41
21 23
21 14
21 34
21 4
21 37
21 15
21 49
21 35
21 46
21 38
21 13
21 42
21 8
21 36
28
22 36
22 14
22 6
22 35
22 25
22 21
22 17
22 7
22 1
22 20
22 15
22 28
22 19
22 13
22 44
22 40
22 43
22 45
22 41
22 10
22 0
22 3
22 23
22 33
22 31
22 34
22 26
22 49
18
23 4
23 14
23 17
23 33
23 0
23 36
23 7
23 35
23 10
23 38
23 16
23 31
23 29
23 44
23 25
23 24
23 45
23 15
18
24 9
24 20
24 19
24 7
24 17
24 25
24 47
24 32
24 22
24 21
24 30
24 35
24 44
24 8
24 28
24 37
24 42
24 0
20
25 45
25 13
25 16
25 0
25 36
25 19
25 42
25 7
25 4
25 3
25 44
25 20
25 33
25 27
25 1
25 47
25 9
25 34
25 21
25 43
22
26 37
26 13
26 11
26 30
26 0
26 1
26 19
26 17
26 14
26 10
26 3
26 34
26 40
26 42
26 35
26 6
26 47
26 46
26 43
26 25
26 38
26 31
22
27 10
27 43
27 40
27 26
27 39
27 28
27 44
27 17
27 38
27 16
27 7
27 3
27 4
27 24
27 18
27 33
27 49
27 35
27 20
27 19
27 9
27 0
26
28 47
28 33
28 34
28 38
28 10
28 8
28 26
28 21
28 2
28 37
28 35
28 23
28 4
28 18
28 45
28 31
28 13
28 25
28 7
28 40
28 6
28 1
28 36
28 5
28 12
28 49
20
29 40
29 48
29 9
29 24
29 2
29 25
29 3
29 22
29 31
29 17
29 43
29 44
29 7
29 26
29 5
29 36
29 30
29 4
29 18
29 21
19
30 10
30 3
30 22
30 8
30 46
30 43
30 25
30 2
30 20
30 14
30 40
30 28
30 27
30 11
30 31
30 23
30 13
30 42
30 0
18
31 35
31 4
31 47
31 27
31 8
31 11
31 15
31 3
31 37
31 46
31 18
31 41
31 40
31 36
31 9
31 25
31 12
31 7
19
32 18
32 45
32 21
32 17
32 11
32 35
32 40
32 38
32 46
32 48
32 23
32 16
32 29
32 5
32 36
32 28
32 3
32 0
32 26
22
33 6
33 45
33 37
33 26
33 34
33 13
33 1
33 39
33 21
33 7
33 29
33 41
33 11
33 30
33 32
33 20
33 8
33 40
33 9
33 14
33 38
33 49
17
34 6
34 46
34 14
34 31
34 9
34 45
34 38
34 3
34 48
34 30
34 32
34 19
34 12
34 23
34 5
34 13
34 35
15
35 7
35 47
35 33
35 3
35 39
35 44
35 48
35 25
35 29
35 13
35 41
35 49
35 43
35 46
35 9
20
36 27
36 43
36 17
36 47
36 9
36 26
36 40
36 30
36 18
36 33
36 13
36 12
36 45
36 48
36 20
36 35
36 1
36 2
36 14
36 0
19
37 34
37 2
37 23
37 1
37 18
37 45
37 8
37 6
37 47
37 29
37 49
37 4
37 22
37 27
37 20
37 0
37 35
37 39
37 43
26
38 10
38 5
38 35
38 2
38 15
38 42
38 6
38 40
38 18
38 24
38 48
38 44
38 31
38 45
38 9
38 4
38 7
38 30
38 43
38 29
38 14
38 25
38 8
38 13
38 22
38 11
26
39 29
39 22
39 8
39 5
39 42
39 15
39 47
39 19
39 20
39 23
39 34
39 49
39 21
39 0
39 10
39 46
39 32
39 26
39 40
39 28
39 7
39 36
39 11
39 38
39 31
39 6
17
40 9
40 37
40 4
40 16
40 43
40 1
40 8
40 13
40 0
40 35
40 11
40 44
40 34
40 24
40 25
40 21
40 10
22
41 27
41 1
41 45
41 2
41 15
41 28
41 0
41 29
41 4
41 37
41 3
41 43
41 18
41 6
41 48
41 32
41 30
41 26
41 9
41 34
41 39
41 17
21
42 20
42 18
42 27
42 29
42 13
42 41
42 3
42 17
42 31
42 46
42 23
42 45
42 28
42 22
42 37
42 43
42 12
42 8
42 40
42 34
42 33
19
43 8
43 23
43 19
43 10
43 31
43 32
43 11
43 28
43 16
43 5
43 1
43 3
43 2
43 9
43 34
43 33
43 0
43 18
43 14
15
44 13
44 47
44 30
44 32
44 9
44 42
44 26
44 49
44 6
44 10
44 5
44 14
44 28
44 33
44 21
20
45 31
45 39
45 27
45 30
45 47
45 35
45 2
45 46
45 5
45 24
45 43
45 0
45 48
45 29
45 21
45 20
45 1
45 11
45 14
45 18
20
46 12
46 43
46 41
46 36
46 38
46 15
46 23
46 1
46 44
46 2
46 18
46 49
46 14
46 37
46 16
46 27
46 40
46 13
46 10
46 24
19
47 15
47 7
47 32
47 22
47 30
47 13
47 17
47 29
47 27
47 34
47 4
47 6
47 38
47 33
47 11
47 23
47 42
47 40
47 14
16
48 23
48 46
48 20
48 3
48 25
48 18
48 28
48 22
48 5
48 39
48 11
48 4
48 26
48 27
48 44
48 33
22
49 25
49 32
49 48
49 6
49 42
49 12
49 45
49 24
49 43
49 23
49 26
49 4
49 15
49 5
49 2
49 20
49 38
49 31
49 47
49 29
49 30
49 41
