50
0 "A15"
1 "A2"
2 "A4"
3 "A35"
4 "A16"
5 "A12"
6 "A14"
7 "A31"
8 "A30"
9 "A33"
10 "A6"
11 "A41"
12 "A38"
13 "A48"
14 "A34"
15 "A1"
16 "A9"
17 "A18"
18 "A46"
19 "A3"
20 "A10"
21 "A20"
22 "A21"
23 "A32"
24 "A45"
25 "A40"
26 "A44"
27 "A24"
28 "A47"
29 "A0"
30 "A13"
31 "A36"
32 "A43"
33 "A27"
34 "A42"
35 "A29"
36 "A8"
37 "A23"
38 "A37"
39 "A5"
40 "A7"
41 "A39"
42 "A25"
43 "A49"
44 "A28"
45 "A11"
46 "A19"
47 "A17"
48 "A22"
49 "A26"
21
0 9
0 5
0 11
0 1
0 7
0 48
0 24
0 47
0 12
0 15
0 20
0 40
0 22
0 2
0 49
0 23
0 45
0 35
0 16
0 29
0 28
24
1 28
1 21
1 13
1 6
1 45
1 8
1 14
1 10
1 49
1 34
1 35
1 38
1 5
1 3
1 47
1 17
1 42
1 29
1 22
1 40
1 18
1 46
1 4
1 25
15
2 38
2 7
2 42
2 37
2 27
2 11
2 15
2 35
2 23
2 21
2 39
2 1
2 31
2 13
2 20
20
3 45
3 40
3 30
3 37
3 32
3 47
3 10
3 29
3 36
3 0
3 46
3 22
3 24
3 20
3 14
3 9
3 43
3 7
3 8
3 21
17
4 49
4 3
4 29
4 0
4 34
4 46
4 36
4 20
4 21
4 39
4 48
4 30
4 16
4 27
4 40
4 31
4 9
24
5 22
5 20
5 24
5 25
5 48
5 42
5 10
5 47
5 29
5 39
5 2
5 8
5 45
5 23
5 12
5 35
5 9
5 38
5 27
5 43
5 41
5 40
5 26
5 3
21
6 42
6 5
6 10
6 40
6 13
6 33
6 27
6 25
6 34
6 12
6 18
6 48
6 28
6 22
6 9
6 32
6 49
6 47
6 8
6 2
6 3
20
7 6
7 33
7 37
7 15
7 4
7 23
7 5
7 29
7 25
7 21
7 43
7 38
7 44
7 8
7 42
7 30
7 13
7 41
7 14
7 46
10
8 23
8 36
8 45
8 30
8 22
8 15
8 29
8 0
8 17
8 31
17
9 41
9 30
9 8
9 18
9 44
9 21
9 36
9 16
9 42
9 26
9 34
9 11
9 43
9 1
9 12
9 2
9 13
25
10 26
10 46
10 31
10 39
10 42
10 27
10 49
10 35
10 40
10 21
10 28
10 41
10 11
10 25
10 34
10 2
10 4
10 7
10 47
10 33
10 12
10 0
10 32
10 14
10 43
18
11 41
11 38
11 44
11 16
11 7
11 26
11 37
11 4
11 13
11 8
11 40
11 43
11 31
11 5
11 47
11 6
11 20
11 46
22
12 29
12 38
12 17
12 48
12 37
12 26
12 30
12 8
12 41
12 42
12 7
12 33
12 47
12 20
12 18
12 3
12 21
12 39
12 34
12 27
12 46
12 13
20
13 45
13 47
13 8
13 15
13 18
13 48
13 33
13 10
13 14
13 29
13 16
13 24
13 28
13 44
13 38
13 37
13 3
13 19
13 22
13 40
22
14 49
14 15
14 42
14 48
14 36
14 18
14 44
14 0
14 9
14 8
14 6
14 11
14 21
14 32
14 30
14 24
14 27
14 31
14 41
14 28
14 5
14 4
22
15 4
15 1
15 48
15 43
15 6
15 36
15 41
15 23
15 12
15 35
15 39
15 20
15 17
15 9
15 16
15 19
15 10
15 47
15 46
15 45
15 40
15 29
20
16 37
16 20
16 7
16 26
16 6
16 29
16 31
16 45
16 1
16 23
16 30
16 48
16 14
16 25
16 38
16 36
16 27
16 10
16 35
16 34
14
17 11
17 7
17 20
17 21
17 3
17 48
17 36
17 23
17 10
17 30
17 18
17 5
17 45
17 6
16
18 15
18 5
18 0
18 47
18 49
18 35
18 7
18 30
18 11
18 8
18 36
18 26
18 19
18 44
18 27
18 16
23
19 20
19 17
19 11
19 2
19 29
19 46
19 42
19 3
19 12
19 0
19 26
19 39
19 30
19 6
19 9
19 4
19 48
19 24
19 5
19 14
19 16
19 40
19 1
17
20 24
20 1
20 29
20 40
20 48
20 33
20 18
20 23
20 28
20 9
20 36
20 35
20 27
20 42
20 10
20 6
20 14
12
21 15
21 42
21 13
21 27
21 16
21 22
21 34
21 32
21 38
21 43
21 24
21 46
21
22 11
22 7
22 38
22 12
22 48
22 15
22 17
22 9
22 16
22 4
22 18
22 2
22 35
22 28
22 10
22 23
22 42
22 36
22 41
22 33
22 45
18
23 19
23 3
23 26
23 34
23 11
23 39
23 49
23 32
23 13
23 14
23 18
23 1
23 6
23 48
23 10
23 45
23 46
23 25
23
24 2
24 10
24 12
24 18
24 49
24 23
24 4
24 25
24 26
24 9
24 46
24 6
24 39
24 38
24 16
24 36
24 42
24 34
24 11
24 7
24 1
24 35
24 17
25
25 2
25 19
25 37
25 36
25 20
25 22
25 27
25 41
25 0
25 45
25 46
25 21
25 17
25 33
25 18
25 43
25 9
25 38
25 15
25 12
25 4
25 14
25 40
25 32
25 26
21
26 35
26 7
26 14
26 34
26 31
26 4
26 38
26 47
26 36
26 40
26 33
26 6
26 45
26 13
26 21
26 8
26 1
26 22
26 48
26 32
26 20
17
27 26
27 13
27 22
27 33
27 24
27 28
27 3
27 0
27 32
27 34
27 30
27 40
27 7
27 44
27 9
27 31
27 11
21
28 18
28 49
28 21
28 31
28 12
28 4
28 34
28 17
28 35
28 23
28 25
28 7
28 33
28 8
28 32
28 44
28 26
28 3
28 24
28 2
28 9
16
29 43
29 23
29 39
29 22
29 24
29 11
29 41
29 31
29 14
29 6
29 10
29 33
29 30
29 37
29 17
29 26
15
30 31
30 6
30 21
30 48
30 20
30 0
30 43
30 49
30 15
30 1
30 10
30 2
30 28
30 24
30 23
19
31 6
31 0
31 23
31 1
31 20
31 40
31 49
31 21
31 5
31 25
31 36
31 24
31 17
31 41
31 34
31 45
31 19
31 12
31 43
21
32 16
32 13
32 1
32 18
32 29
32 34
32 2
32 15
32 0
32 40
32 19
32 24
32 41
32 30
32 11
32 31
32 12
32 20
32 33
32 4
32 17
24
33 30
33 35
33 47
33 31
33 37
33 40
33 18
33 16
33 0
33 9
33 4
33 3
33 14
33 24
33 44
33 19
33 21
33 5
33 38
33 11
33 23
33 45
33 17
33 15
21
34 7
34 2
34 14
34 0
34 30
34 44
34 3
34 8
34 17
34 47
34 29
34 25
34 15
34 41
34 22
34 11
34 18
34 36
34 20
34 49
34 33
23
35 49
35 3
35 8
35 32
35 42
35 13
35 17
35 4
35 29
35 40
35 36
35 45
35 25
35 27
35 34
35 39
35 11
35 23
35 43
35 12
35 38
35 46
35 21
18
36 11
36 47
36 27
36 2
36 1
36 30
36 38
36 32
36 10
36 44
36 7
36 43
36 48
36 33
36 42
36 28
36 23
36 39
20
37 14
37 19
37 21
37 42
37 17
37 31
37 0
37 4
37 27
37 36
37 46
37 15
37 34
37 1
37 32
37 30
37 26
37 45
37 35
37 18
24
38 0
38 44
38 46
38 19
38 9
38 18
38 31
38 34
38 20
38 23
38 3
38 8
38 28
38 17
38 27
38 37
38 10
38 40
38 48
38 4
38 6
38 39
38 30
38 32
22
39 3
39 0
39 31
39 7
39 17
39 18
39 30
39 34
39 28
39 8
39 37
39 27
39 26
39 32
39 48
39 6
39 33
39 20
39 43
39 16
39 46
39 11
21
40 12
40 29
40 8
40 21
40 9
40 22
40 17
40 30
40 44
40 34
40 2
40 7
40 41
40 47
40 46
40 36
40 49
40 23
40 24
40 28
40 39
20
41 23
41 49
41 35
41 26
41 17
41 33
41 0
41 13
41 39
41 19
41 4
41 46
41 36
41 42
41 37
41 1
41 30
41 3
41 24
41 8
16
42 26
42 32
42 31
42 13
42 33
42 0
42 3
42 34
42 27
42 49
42 23
42 38
42 29
42 39
42 30
42 28
16
43 4
43 40
43 26
43 41
43 22
43 27
43 18
43 14
43 0
43 38
43 8
43 17
43 16
43 2
43 23
43 32
22
44 17
44 20
44 30
44 26
44 0
44 32
44 10
44 2
44 16
44 22
44 41
44 6
44 19
44 12
44 8
44 21
44 1
44 46
44 31
44 25
44 5
44 4
26
45 14
45 12
45 47
45 9
45 34
45 27
45 46
45 19
45 30
45 24
45 11
45 28
45 36
45 18
45 7
45 20
45 2
45 44
45 10
45 38
45 39
45 42
45 6
45 32
45 29
45 4
20
46 8
46 2
46 16
46 20
46 30
46 43
46 22
46 13
46 27
46 18
46 36
46 49
46 29
46 0
46 31
46 6
46 42
46 17
46 33
46 34
18
47 14
47 19
47 17
47 25
47 46
47 22
47 39
47 44
47 7
47 29
47 43
47 41
47 27
47 16
47 31
47 38
47 24
47 37
17
48 31
48 46
48 47
48 9
48 11
48 41
48 43
48 49
48 7
48 44
48 34
48 33
48 45
48 25
48 27
48 1
48 24
15
49 37
49 16
49 39
49 5
49 22
49 29
49 43
49 8
49 38
49 9
49 19
49 2
49 32
49 3
49 44
