50
0 "A15"
1 "A2"
2 "A4"
3 "A35"
4 "A16"
5 "A12"
6 "A14"
7 "A31"
8 "A30"
9 "A33"
10 "A6"
11 "A41"
12 "A38"
13 "A48"
14 "A34"
15 "A1"
16 "A9"
17 "A18"
18 "A46"
19 "A3"
20 "A10"
21 "A20"
22 "A21"
23 "A32"
24 "A45"
25 "A40"
26 "A44"
27 "A24"
28 "A47"
29 "A0"
30 "A13"
31 "A36"
32 "A43"
33 "A27"
34 "A42"
35 "A29"
36 "A8"
37 "A23"
38 "A37"
39 "A5"
40 "A7"
41 "A39"
42 "A25"
43 "A49"
44 "A28"
45 "A11"
46 "A19"
47 "A17"
48 "A22"
49 "A26"
16
0 35
0 22
0 12
0 2
0 29
0 1
0 16
0 47
0 37
0 45
0 20
0 40
0 5
0 23
0 9
0 17
23
1 22
1 3
1 8
1 40
1 42
1 49
1 34
1 46
1 38
1 47
1 4
1 29
1 17
1 27
1 7
1 18
1 39
1 5
1 28
1 21
1 14
1 12
1 13
22
2 16
2 23
2 42
2 41
2 27
2 20
2 28
2 14
2 47
2 13
2 33
2 48
2 39
2 22
2 38
2 24
2 1
2 11
2 15
2 26
2 31
2 4
21
3 22
3 7
3 8
3 45
3 40
3 30
3 0
3 9
3 27
3 24
3 10
3 18
3 15
3 43
3 29
3 35
3 37
3 11
3 36
3 23
3 46
17
4 44
4 3
4 0
4 38
4 29
4 49
4 6
4 45
4 46
4 5
4 42
4 36
4 48
4 21
4 31
4 39
4 32
20
5 10
5 37
5 12
5 34
5 46
5 27
5 43
5 45
5 22
5 3
5 20
5 39
5 25
5 48
5 6
5 47
5 26
5 2
5 24
5 42
22
6 42
6 9
6 37
6 1
6 35
6 8
6 12
6 48
6 28
6 22
6 30
6 13
6 2
6 40
6 27
6 26
6 41
6 47
6 34
6 32
6 38
6 0
20
7 4
7 18
7 25
7 33
7 9
7 37
7 46
7 44
7 41
7 31
7 2
7 6
7 8
7 27
7 15
7 23
7 49
7 13
7 14
7 30
16
8 0
8 22
8 17
8 40
8 42
8 48
8 29
8 11
8 20
8 26
8 19
8 5
8 23
8 4
8 10
8 21
18
9 26
9 37
9 21
9 2
9 13
9 30
9 1
9 29
9 18
9 44
9 4
9 27
9 12
9 5
9 38
9 43
9 8
9 19
21
10 49
10 31
10 28
10 47
10 6
10 11
10 48
10 18
10 35
10 42
10 2
10 1
10 34
10 25
10 0
10 4
10 39
10 40
10 9
10 27
10 26
20
11 23
11 38
11 49
11 0
11 16
11 7
11 9
11 20
11 4
11 13
11 37
11 28
11 25
11 40
11 43
11 6
11 44
11 31
11 15
11 5
16
12 14
12 36
12 46
12 21
12 8
12 41
12 7
12 11
12 33
12 39
12 18
12 17
12 43
12 38
12 47
12 2
20
13 8
13 15
13 24
13 48
13 31
13 3
13 29
13 36
13 17
13 38
13 40
13 28
13 14
13 20
13 26
13 33
13 4
13 44
13 45
13 30
21
14 5
14 0
14 41
14 15
14 42
14 48
14 8
14 6
14 21
14 19
14 49
14 16
14 3
14 32
14 18
14 30
14 27
14 36
14 45
14 9
14 28
21
15 40
15 4
15 35
15 19
15 18
15 26
15 48
15 25
15 21
15 33
15 6
15 22
15 46
15 39
15 47
15 8
15 45
15 42
15 16
15 10
15 34
21
16 5
16 26
16 41
16 8
16 29
16 25
16 6
16 30
16 48
16 34
16 38
16 20
16 44
16 27
16 43
16 13
16 10
16 22
16 9
16 37
16 24
16
17 44
17 11
17 7
17 48
17 6
17 5
17 49
17 21
17 23
17 3
17 36
17 30
17 42
17 10
17 26
17 18
16
18 8
18 30
18 42
18 11
18 32
18 16
18 19
18 46
18 33
18 6
18 27
18 2
18 0
18 5
18 49
18 35
25
19 48
19 1
19 3
19 4
19 41
19 2
19 11
19 22
19 0
19 16
19 26
19 24
19 37
19 42
19 20
19 7
19 10
19 47
19 36
19 29
19 46
19 6
19 30
19 45
19 17
17
20 21
20 12
20 14
20 1
20 48
20 4
20 33
20 35
20 46
20 23
20 28
20 44
20 6
20 27
20 24
20 17
20 9
20
21 11
21 42
21 3
21 13
21 0
21 34
21 16
21 39
21 22
21 18
21 43
21 6
21 27
21 41
21 46
21 2
21 5
21 44
21 36
21 38
16
22 26
22 20
22 4
22 34
22 17
22 10
22 40
22 36
22 18
22 42
22 9
22 38
22 25
22 48
22 14
22 11
20
23 1
23 45
23 48
23 46
23 13
23 19
23 9
23 5
23 24
23 38
23 10
23 26
23 15
23 47
23 34
23 44
23 49
23 32
23 14
23 18
17
24 11
24 1
24 39
24 0
24 35
24 10
24 18
24 49
24 38
24 33
24 4
24 26
24 9
24 6
24 7
24 42
24 17
21
25 43
25 20
25 0
25 41
25 49
25 26
25 17
25 46
25 47
25 27
25 21
25 9
25 35
25 12
25 2
25 19
25 3
25 38
25 1
25 6
25 40
18
26 7
26 45
26 28
26 49
26 4
26 18
26 40
26 12
26 20
26 0
26 21
26 42
26 1
26 36
26 33
26 48
26 14
26 35
18
27 13
27 17
27 15
27 33
27 4
27 24
27 30
27 11
27 12
27 34
27 32
27 22
27 28
27 40
27 19
27 26
27 44
27 43
20
28 34
28 44
28 8
28 42
28 17
28 16
28 33
28 3
28 9
28 35
28 25
28 23
28 37
28 21
28 7
28 12
28 47
28 0
28 48
28 4
22
29 21
29 26
29 37
29 12
29 2
29 23
29 28
29 25
29 38
29 7
29 43
29 40
29 24
29 6
29 11
29 17
29 31
29 14
29 22
29 5
29 20
29 18
15
30 32
30 11
30 28
30 23
30 10
30 0
30 24
30 25
30 20
30 31
30 43
30 15
30 12
30 29
30 2
22
31 36
31 45
31 17
31 12
31 5
31 25
31 0
31 23
31 28
31 1
31 22
31 34
31 14
31 16
31 40
31 15
31 24
31 26
31 20
31 33
31 21
31 18
23
32 40
32 31
32 12
32 34
32 17
32 19
32 13
32 10
32 7
32 28
32 16
32 41
32 21
32 8
32 0
32 1
32 9
32 48
32 5
32 11
32 29
32 15
32 22
19
33 21
33 17
33 49
33 5
33 30
33 23
33 22
33 35
33 44
33 37
33 14
33 9
33 4
33 6
33 16
33 38
33 29
33 11
33 1
23
34 20
34 36
34 49
34 18
34 7
34 29
34 35
34 0
34 30
34 44
34 12
34 48
34 4
34 33
34 3
34 8
34 17
34 25
34 9
34 14
34 13
34 39
34 41
20
35 4
35 8
35 37
35 47
35 32
35 13
35 1
35 31
35 17
35 11
35 39
35 43
35 12
35 9
35 30
35 38
35 21
35 48
35 40
35 27
17
36 28
36 48
36 2
36 16
36 24
36 47
36 30
36 8
36 25
36 32
36 11
36 0
36 41
36 23
36 10
36 38
36 44
23
37 42
37 36
37 31
37 10
37 46
37 30
37 1
37 2
37 27
37 26
37 45
37 25
37 13
37 18
37 14
37 20
37 34
37 12
37 8
37 47
37 21
37 15
37 4
20
38 5
38 18
38 34
38 28
38 8
38 37
38 10
38 30
38 40
38 27
38 31
38 26
38 46
38 7
38 32
38 0
38 20
38 39
38 41
38 17
22
39 16
39 46
39 11
39 3
39 0
39 31
39 33
39 30
39 45
39 22
39 14
39 37
39 8
39 19
39 29
39 27
39 47
39 48
39 6
39 28
39 7
39 20
18
40 17
40 14
40 9
40 47
40 5
40 39
40 2
40 28
40 7
40 46
40 21
40 36
40 49
40 23
40 42
40 20
40 24
40 12
23
41 30
41 24
41 0
41 29
41 40
41 17
41 23
41 13
41 10
41 4
41 18
41 42
41 15
41 1
41 46
41 5
41 22
41 3
41 35
41 37
41 48
41 8
41 11
17
42 25
42 3
42 34
42 7
42 27
42 49
42 9
42 13
42 38
42 0
42 31
42 20
42 39
42 23
42 47
42 33
42 35
18
43 8
43 2
43 37
43 1
43 42
43 18
43 28
43 32
43 23
43 38
43 40
43 41
43 34
43 17
43 13
43 7
43 4
43 0
20
44 26
44 0
44 32
44 22
44 39
44 31
44 6
44 38
44 5
44 19
44 12
44 18
44 25
44 8
44 10
44 2
44 3
44 1
44 30
44 15
28
45 7
45 30
45 42
45 11
45 44
45 28
45 47
45 32
45 29
45 1
45 34
45 38
45 36
45 27
45 40
45 6
45 41
45 25
45 2
45 43
45 24
45 35
45 22
45 16
45 18
45 9
45 20
45 10
21
46 34
46 31
46 17
46 36
46 28
46 8
46 44
46 43
46 24
46 10
46 9
46 16
46 32
46 35
46 0
46 29
46 30
46 27
46 42
46 33
46 49
19
47 44
47 33
47 38
47 34
47 21
47 17
47 16
47 29
47 43
47 30
47 41
47 24
47 27
47 11
47 31
47 18
47 8
47 22
47 9
14
48 25
48 1
48 30
48 33
48 44
48 40
48 9
48 27
48 47
48 38
48 46
48 3
48 49
48 18
17
49 16
49 9
49 39
49 32
49 44
49 2
49 43
49 28
49 19
49 27
49 22
49 12
49 29
49 37
49 21
49 45
49 13
