50
0 "A15"
1 "A2"
2 "A4"
3 "A35"
4 "A16"
5 "A12"
6 "A14"
7 "A31"
8 "A30"
9 "A33"
10 "A6"
11 "A41"
12 "A38"
13 "A48"
14 "A34"
15 "A1"
16 "A9"
17 "A18"
18 "A46"
19 "A3"
20 "A10"
21 "A20"
22 "A21"
23 "A32"
24 "A45"
25 "A40"
26 "A44"
27 "A24"
28 "A47"
29 "A0"
30 "A13"
31 "A36"
32 "A43"
33 "A27"
34 "A42"
35 "A29"
36 "A8"
37 "A23"
38 "A37"
39 "A5"
40 "A7"
41 "A39"
42 "A25"
43 "A49"
44 "A28"
45 "A11"
46 "A19"
47 "A17"
48 "A22"
49 "A26"
20
0 18
0 34
0 45
0 4
0 9
0 35
0 46
0 39
0 17
0 21
0 27
0 32
0 38
0 43
0 49
0 29
0 25
0 44
0 26
0 47
22
1 25
1 3
1 2
1 10
1 22
1 36
1 35
1 41
1 20
1 4
1 32
1 0
1 13
1 49
1 23
1 42
1 15
1 46
1 7
1 37
1 40
1 18
18
2 21
2 11
2 47
2 49
2 15
2 23
2 3
2 45
2 35
2 17
2 28
2 8
2 41
2 10
2 26
2 43
2 22
2 33
13
3 49
3 43
3 26
3 18
3 19
3 29
3 33
3 17
3 45
3 4
3 47
3 46
3 12
13
4 7
4 8
4 43
4 19
4 44
4 28
4 18
4 30
4 42
4 49
4 2
4 21
4 34
24
5 7
5 30
5 28
5 25
5 8
5 41
5 2
5 19
5 9
5 38
5 33
5 0
5 4
5 45
5 24
5 22
5 1
5 6
5 12
5 18
5 29
5 36
5 3
5 46
18
6 38
6 20
6 3
6 34
6 28
6 29
6 25
6 18
6 7
6 45
6 37
6 32
6 30
6 48
6 24
6 9
6 44
6 4
16
7 21
7 33
7 9
7 16
7 2
7 17
7 37
7 26
7 12
7 28
7 15
7 20
7 27
7 38
7 3
7 40
22
8 40
8 45
8 25
8 22
8 38
8 1
8 48
8 7
8 30
8 24
8 26
8 49
8 11
8 35
8 33
8 0
8 6
8 16
8 39
8 20
8 14
8 17
22
9 23
9 36
9 15
9 26
9 2
9 14
9 42
9 39
9 10
9 38
9 3
9 1
9 48
9 31
9 41
9 22
9 40
9 34
9 30
9 29
9 4
9 32
19
10 0
10 17
10 44
10 20
10 38
10 11
10 18
10 32
10 6
10 26
10 12
10 47
10 34
10 35
10 48
10 13
10 37
10 8
10 19
19
11 4
11 36
11 29
11 15
11 18
11 39
11 42
11 47
11 30
11 0
11 20
11 9
11 17
11 49
11 1
11 38
11 3
11 16
11 28
22
12 9
12 15
12 26
12 42
12 2
12 20
12 0
12 30
12 31
12 44
12 43
12 33
12 24
12 38
12 49
12 18
12 11
12 27
12 21
12 47
12 14
12 28
20
13 7
13 8
13 16
13 26
13 19
13 11
13 20
13 28
13 12
13 38
13 4
13 3
13 36
13 5
13 27
13 48
13 2
13 15
13 34
13 17
26
14 18
14 22
14 16
14 19
14 30
14 2
14 36
14 43
14 38
14 13
14 11
14 3
14 0
14 42
14 40
14 5
14 10
14 17
14 31
14 41
14 6
14 4
14 48
14 20
14 1
14 29
16
15 33
15 47
15 6
15 5
15 24
15 45
15 4
15 35
15 27
15 17
15 18
15 37
15 36
15 20
15 38
15 14
24
16 32
16 47
16 15
16 22
16 21
16 1
16 49
16 30
16 27
16 4
16 3
16 18
16 38
16 12
16 44
16 45
16 31
16 10
16 48
16 23
16 20
16 2
16 29
16 26
17
17 48
17 24
17 12
17 27
17 4
17 22
17 21
17 36
17 1
17 42
17 29
17 39
17 43
17 30
17 38
17 5
17 40
13
18 13
18 29
18 21
18 38
18 42
18 19
18 22
18 20
18 26
18 27
18 46
18 7
18 30
19
19 15
19 34
19 31
19 22
19 33
19 44
19 32
19 24
19 12
19 8
19 11
19 29
19 6
19 42
19 41
19 16
19 47
19 30
19 45
18
20 4
20 5
20 33
20 38
20 42
20 29
20 47
20 39
20 31
20 32
20 2
20 21
20 17
20 30
20 48
20 37
20 19
20 44
21
21 41
21 49
21 39
21 46
21 15
21 45
21 10
21 1
21 23
21 36
21 47
21 30
21 26
21 5
21 28
21 11
21 22
21 13
21 3
21 8
21 6
14
22 26
22 3
22 20
22 11
22 7
22 0
22 37
22 35
22 41
22 6
22 33
22 42
22 10
22 34
20
23 30
23 13
23 14
23 7
23 39
23 22
23 5
23 29
23 38
23 44
23 20
23 42
23 19
23 0
23 26
23 10
23 17
23 12
23 15
23 25
27
24 10
24 45
24 23
24 36
24 13
24 11
24 42
24 1
24 31
24 29
24 46
24 22
24 20
24 25
24 7
24 3
24 0
24 28
24 9
24 18
24 48
24 49
24 16
24 37
24 2
24 21
24 40
25
25 49
25 47
25 37
25 42
25 13
25 35
25 21
25 36
25 22
25 4
25 29
25 33
25 20
25 30
25 10
25 17
25 32
25 2
25 18
25 40
25 11
25 28
25 12
25 41
25 7
15
26 14
26 4
26 32
26 30
26 46
26 41
26 45
26 38
26 19
26 42
26 17
26 33
26 20
26 37
26 27
28
27 48
27 31
27 49
27 47
27 20
27 33
27 2
27 8
27 5
27 4
27 39
27 34
27 41
27 28
27 24
27 25
27 9
27 38
27 30
27 42
27 21
27 11
27 45
27 19
27 10
27 35
27 1
27 43
18
28 41
28 32
28 1
28 18
28 15
28 33
28 49
28 9
28 42
28 0
28 40
28 10
28 48
28 29
28 8
28 38
28 3
28 23
15
29 15
29 4
29 34
29 1
29 22
29 48
29 42
29 2
29 21
29 8
29 43
29 10
29 30
29 12
29 45
15
30 7
30 13
30 39
30 3
30 37
30 44
30 38
30 0
30 36
30 41
30 28
30 45
30 1
30 49
30 47
28
31 48
31 7
31 1
31 11
31 13
31 33
31 2
31 25
31 30
31 44
31 10
31 8
31 4
31 46
31 15
31 41
31 49
31 3
31 32
31 45
31 0
31 47
31 22
31 38
31 17
31 23
31 21
31 39
27
32 22
32 8
32 12
32 34
32 4
32 14
32 2
32 17
32 35
32 7
32 29
32 3
32 41
32 43
32 33
32 27
32 47
32 45
32 30
32 13
32 23
32 15
32 36
32 38
32 40
32 44
32 18
18
33 11
33 47
33 30
33 42
33 10
33 1
33 34
33 21
33 46
33 16
33 37
33 45
33 4
33 13
33 0
33 38
33 43
33 23
18
34 45
34 2
34 30
34 1
34 35
34 21
34 11
34 23
34 5
34 8
34 7
34 44
34 15
34 40
34 48
34 46
34 24
34 16
23
35 3
35 9
35 28
35 18
35 21
35 36
35 26
35 31
35 24
35 37
35 23
35 20
35 14
35 19
35 39
35 41
35 17
35 13
35 16
35 29
35 47
35 48
35 6
19
36 26
36 3
36 20
36 7
36 2
36 28
36 47
36 31
36 34
36 45
36 46
36 12
36 39
36 6
36 33
36 0
36 29
36 48
36 27
19
37 45
37 34
37 42
37 27
37 17
37 3
37 4
37 36
37 39
37 32
37 31
37 46
37 38
37 29
37 28
37 14
37 2
37 19
37 0
10
38 40
38 1
38 25
38 41
38 47
38 4
38 49
38 29
38 36
38 34
22
39 48
39 28
39 32
39 44
39 5
39 24
39 43
39 25
39 14
39 33
39 34
39 19
39 7
39 49
39 22
39 42
39 26
39 12
39 29
39 15
39 3
39 4
25
40 13
40 22
40 29
40 49
40 36
40 11
40 23
40 19
40 27
40 21
40 33
40 3
40 20
40 2
40 12
40 6
40 16
40 42
40 10
40 35
40 0
40 39
40 5
40 18
40 4
23
41 33
41 18
41 17
41 45
41 15
41 29
41 4
41 24
41 7
41 48
41 8
41 46
41 0
41 12
41 34
41 40
41 16
41 11
41 23
41 39
41 36
41 10
41 37
15
42 3
42 5
42 32
42 0
42 10
42 13
42 38
42 44
42 35
42 21
42 8
42 36
42 6
42 48
42 16
27
43 42
43 25
43 38
43 40
43 1
43 41
43 49
43 11
43 46
43 21
43 9
43 19
43 30
43 37
43 15
43 5
43 6
43 10
43 24
43 16
43 13
43 20
43 8
43 35
43 18
43 22
43 28
24
44 2
44 18
44 36
44 22
44 38
44 29
44 28
44 33
44 14
44 37
44 7
44 3
44 15
44 26
44 11
44 35
44 17
44 46
44 43
44 45
44 8
44 13
44 27
44 40
14
45 13
45 49
45 14
45 11
45 43
45 25
45 12
45 35
45 40
45 7
45 39
45 17
45 9
45 23
22
46 16
46 20
46 35
46 30
46 27
46 48
46 32
46 15
46 22
46 12
46 13
46 7
46 39
46 6
46 9
46 29
46 45
46 4
46 17
46 38
46 40
46 23
16
47 43
47 17
47 24
47 14
47 6
47 37
47 13
47 48
47 1
47 29
47 45
47 34
47 22
47 49
47 26
47 9
16
48 44
48 40
48 32
48 5
48 12
48 37
48 19
48 0
48 38
48 45
48 18
48 25
48 21
48 43
48 22
48 7
15
49 9
49 18
49 5
49 46
49 32
49 33
49 23
49 29
49 41
49 35
49 19
49 13
49 14
49 7
49 17
