50
0 "A15"
1 "A2"
2 "A4"
3 "A35"
4 "A16"
5 "A12"
6 "A14"
7 "A31"
8 "A30"
9 "A33"
10 "A6"
11 "A41"
12 "A38"
13 "A48"
14 "A34"
15 "A1"
16 "A9"
17 "A18"
18 "A46"
19 "A3"
20 "A10"
21 "A20"
22 "A21"
23 "A32"
24 "A45"
25 "A40"
26 "A44"
27 "A24"
28 "A47"
29 "A0"
30 "A13"
31 "A36"
32 "A43"
33 "A27"
34 "A42"
35 "A29"
36 "A8"
37 "A23"
38 "A37"
39 "A5"
40 "A7"
41 "A39"
42 "A25"
43 "A49"
44 "A28"
45 "A11"
46 "A19"
47 "A17"
48 "A22"
49 "A26"
21
0 47
0 45
0 38
0 17
0 23
0 26
0 46
0 10
0 8
0 39
0 4
0 49
0 32
0 20
0 21
0 12
0 24
0 44
0 43
0 13
0 18
14
1 13
1 4
1 36
1 48
1 20
1 37
1 0
1 23
1 41
1 43
1 25
1 42
1 11
1 7
22
2 35
2 17
2 15
2 37
2 11
2 39
2 3
2 36
2 22
2 19
2 49
2 10
2 32
2 33
2 41
2 12
2 7
2 26
2 0
2 42
2 47
2 25
12
3 19
3 47
3 46
3 18
3 8
3 32
3 33
3 13
3 41
3 0
3 6
3 17
18
4 15
4 26
4 48
4 40
4 43
4 21
4 35
4 30
4 9
4 44
4 18
4 45
4 2
4 38
4 27
4 24
4 19
4 3
27
5 37
5 46
5 30
5 6
5 29
5 24
5 47
5 35
5 34
5 2
5 38
5 9
5 36
5 26
5 12
5 4
5 45
5 44
5 20
5 19
5 1
5 11
5 18
5 31
5 27
5 21
5 28
24
6 37
6 4
6 29
6 25
6 24
6 16
6 23
6 35
6 18
6 43
6 9
6 45
6 12
6 32
6 34
6 11
6 7
6 2
6 40
6 31
6 44
6 38
6 15
6 20
15
7 20
7 34
7 19
7 11
7 41
7 8
7 37
7 33
7 4
7 14
7 44
7 28
7 36
7 21
7 0
19
8 22
8 33
8 6
8 20
8 39
8 43
8 24
8 47
8 26
8 17
8 35
8 16
8 23
8 15
8 11
8 30
8 40
8 46
8 14
26
9 38
9 39
9 41
9 31
9 17
9 45
9 33
9 2
9 14
9 44
9 42
9 18
9 29
9 0
9 8
9 3
9 1
9 30
9 25
9 11
9 35
9 22
9 23
9 43
9 7
9 19
19
10 4
10 41
10 15
10 25
10 19
10 11
10 17
10 6
10 26
10 44
10 34
10 5
10 30
10 12
10 32
10 1
10 49
10 13
10 8
16
11 47
11 0
11 49
11 20
11 38
11 33
11 30
11 29
11 36
11 4
11 25
11 32
11 39
11 18
11 48
11 42
20
12 43
12 15
12 28
12 42
12 34
12 20
12 8
12 17
12 32
12 38
12 14
12 31
12 1
12 33
12 24
12 4
12 11
12 9
12 47
12 49
22
13 6
13 42
13 16
13 15
13 2
13 27
13 31
13 20
13 28
13 39
13 34
13 8
13 38
13 5
13 11
13 29
13 19
13 4
13 7
13 24
13 48
13 23
21
14 48
14 44
14 36
14 18
14 5
14 43
14 0
14 35
14 40
14 20
14 31
14 27
14 29
14 6
14 2
14 39
14 11
14 16
14 3
14 38
14 49
19
15 40
15 28
15 47
15 24
15 18
15 45
15 44
15 37
15 35
15 46
15 42
15 17
15 32
15 36
15 30
15 48
15 20
15 25
15 14
21
16 12
16 4
16 1
16 30
16 15
16 43
16 3
16 37
16 18
16 7
16 23
16 10
16 9
16 41
16 20
16 44
16 48
16 29
16 32
16 33
16 27
19
17 29
17 48
17 43
17 38
17 5
17 27
17 36
17 4
17 26
17 6
17 11
17 22
17 32
17 1
17 41
17 23
17 21
17 42
17 33
21
18 39
18 7
18 20
18 10
18 8
18 24
18 13
18 35
18 17
18 46
18 38
18 28
18 45
18 48
18 27
18 21
18 12
18 29
18 37
18 36
18 2
20
19 25
19 0
19 30
19 14
19 27
19 41
19 21
19 15
19 38
19 44
19 24
19 29
19 45
19 22
19 1
19 31
19 34
19 36
19 39
19 23
13
20 2
20 39
20 41
20 9
20 30
20 19
20 26
20 17
20 4
20 23
20 45
20 29
20 3
22
21 22
21 3
21 6
21 23
21 49
21 39
21 28
21 13
21 45
21 47
21 30
21 34
21 31
21 33
21 2
21 41
21 8
21 1
21 10
21 16
21 38
21 11
19
22 47
22 6
22 4
22 15
22 7
22 37
22 3
22 20
22 11
22 35
22 38
22 40
22 41
22 31
22 13
22 12
22 16
22 14
22 33
20
23 35
23 11
23 26
23 7
23 32
23 4
23 15
23 12
23 14
23 41
23 5
23 30
23 22
23 34
23 3
23 45
23 25
23 44
23 47
23 38
24
24 23
24 20
24 21
24 2
24 22
24 3
24 9
24 38
24 25
24 47
24 11
24 33
24 31
24 17
24 49
24 48
24 26
24 1
24 39
24 16
24 14
24 10
24 43
24 45
19
25 47
25 21
25 39
25 4
25 41
25 14
25 16
25 28
25 8
25 22
25 13
25 26
25 36
25 12
25 43
25 42
25 20
25 35
25 3
15
26 41
26 6
26 30
26 28
26 18
26 7
26 37
26 42
26 32
26 48
26 1
26 31
26 14
26 12
26 3
22
27 21
27 42
27 45
27 11
27 0
27 9
27 47
27 22
27 1
27 6
27 15
27 43
27 28
27 25
27 7
27 8
27 20
27 10
27 36
27 24
27 23
27 2
24
28 48
28 22
28 44
28 23
28 33
28 19
28 34
28 41
28 46
28 29
28 3
28 10
28 4
28 1
28 9
28 17
28 20
28 11
28 0
28 39
28 16
28 36
28 8
28 2
19
29 21
29 36
29 23
29 7
29 1
29 43
29 37
29 30
29 4
29 26
29 22
29 45
29 10
29 34
29 8
29 12
29 0
29 31
29 27
18
30 49
30 38
30 7
30 13
30 27
30 3
30 37
30 44
30 0
30 17
30 39
30 18
30 41
30 28
30 1
30 42
30 12
30 48
16
31 47
31 46
31 7
31 25
31 27
31 44
31 16
31 3
31 33
31 15
31 0
31 35
31 11
31 45
31 10
31 40
21
32 38
32 34
32 4
32 14
32 36
32 21
32 18
32 7
32 30
32 40
32 5
32 43
32 39
32 25
32 28
32 9
32 35
32 13
32 49
32 29
32 37
21
33 15
33 25
33 13
33 0
33 5
33 43
33 23
33 38
33 30
33 10
33 37
33 4
33 19
33 35
33 20
33 32
33 14
33 6
33 48
33 18
33 42
20
34 8
34 40
34 16
34 31
34 45
34 2
34 48
34 11
34 1
34 27
34 43
34 36
34 0
34 44
34 15
34 14
34 4
34 46
34 25
34 30
20
35 10
35 24
35 19
35 17
35 37
35 13
35 26
35 45
35 16
35 0
35 11
35 49
35 29
35 48
35 28
35 41
35 47
35 20
35 30
35 12
22
36 13
36 23
36 20
36 16
36 44
36 33
36 45
36 47
36 12
36 0
36 24
36 3
36 22
36 26
36 10
36 49
36 30
36 31
36 21
36 4
36 6
36 48
17
37 45
37 27
37 8
37 41
37 9
37 4
37 23
37 20
37 21
37 34
37 14
37 46
37 28
37 19
37 11
37 25
37 38
17
38 35
38 1
38 15
38 34
38 2
38 41
38 3
38 39
38 36
38 25
38 10
38 8
38 31
38 26
38 29
38 7
38 20
17
39 46
39 4
39 35
39 48
39 26
39 22
39 10
39 34
39 29
39 37
39 27
39 3
39 43
39 15
39 12
39 1
39 5
22
40 18
40 21
40 23
40 11
40 26
40 25
40 16
40 20
40 10
40 2
40 0
40 13
40 5
40 1
40 24
40 29
40 39
40 17
40 7
40 30
40 37
40 3
17
41 15
41 32
41 18
41 11
41 40
41 46
41 8
41 33
41 39
41 0
41 12
41 6
41 44
41 5
41 45
41 24
41 48
24
42 31
42 6
42 21
42 8
42 44
42 18
42 0
42 4
42 39
42 36
42 5
42 23
42 32
42 3
42 46
42 16
42 35
42 19
42 34
42 29
42 22
42 14
42 7
42 45
18
43 2
43 5
43 10
43 19
43 42
43 20
43 26
43 15
43 22
43 18
43 23
43 35
43 40
43 21
43 13
43 41
43 30
43 31
21
44 29
44 40
44 32
44 46
44 43
44 37
44 45
44 35
44 24
44 8
44 13
44 26
44 38
44 18
44 22
44 17
44 1
44 27
44 39
44 33
44 11
12
45 13
45 17
45 49
45 14
45 11
45 30
45 32
45 12
45 43
45 40
45 16
45 8
25
46 40
46 11
46 16
46 20
46 35
46 30
46 25
46 48
46 2
46 12
46 23
46 10
46 32
46 6
46 43
46 36
46 9
46 7
46 27
46 33
46 29
46 1
46 21
46 45
46 38
21
47 48
47 42
47 26
47 9
47 40
47 13
47 19
47 49
47 39
47 44
47 16
47 4
47 6
47 17
47 41
47 14
47 18
47 45
47 46
47 37
47 34
17
48 43
48 44
48 27
48 40
48 2
48 32
48 9
48 5
48 42
48 29
48 0
48 22
48 20
48 3
48 6
48 7
48 25
21
49 28
49 33
49 37
49 34
49 38
49 22
49 31
49 7
49 43
49 29
49 5
49 41
49 9
49 3
49 19
49 15
49 20
49 17
49 42
49 4
49 13
