50
0 "A15"
1 "A2"
2 "A4"
3 "A35"
4 "A16"
5 "A12"
6 "A14"
7 "A31"
8 "A30"
9 "A33"
10 "A6"
11 "A41"
12 "A38"
13 "A48"
14 "A34"
15 "A1"
16 "A9"
17 "A18"
18 "A46"
19 "A3"
20 "A10"
21 "A20"
22 "A21"
23 "A32"
24 "A45"
25 "A40"
26 "A44"
27 "A24"
28 "A47"
29 "A0"
30 "A13"
31 "A36"
32 "A43"
33 "A27"
34 "A42"
35 "A29"
36 "A8"
37 "A23"
38 "A37"
39 "A5"
40 "A7"
41 "A39"
42 "A25"
43 "A49"
44 "A28"
45 "A11"
46 "A19"
47 "A17"
48 "A22"
49 "A26"
17
0 34
0 37
0 40
0 18
0 24
0 19
0 7
0 12
0 41
0 47
0 8
0 33
0 22
0 27
0 30
0 11
0 15
18
1 33
1 2
1 29
1 0
1 46
1 9
1 41
1 6
1 12
1 36
1 31
1 7
1 19
1 47
1 48
1 26
1 35
1 15
17
2 37
2 15
2 22
2 24
2 46
2 42
2 4
2 49
2 26
2 40
2 0
2 36
2 47
2 21
2 11
2 16
2 28
18
3 8
3 31
3 27
3 9
3 44
3 11
3 14
3 48
3 24
3 1
3 35
3 34
3 19
3 2
3 6
3 32
3 0
3 45
16
4 10
4 24
4 28
4 20
4 16
4 0
4 42
4 13
4 40
4 31
4 18
4 49
4 17
4 35
4 5
4 39
17
5 49
5 7
5 30
5 46
5 35
5 29
5 43
5 19
5 48
5 2
5 34
5 47
5 44
5 1
5 18
5 33
5 31
23
6 8
6 9
6 33
6 41
6 10
6 18
6 34
6 4
6 20
6 19
6 37
6 0
6 43
6 5
6 14
6 2
6 35
6 29
6 13
6 46
6 27
6 11
6 25
24
7 43
7 37
7 3
7 21
7 29
7 41
7 19
7 26
7 2
7 25
7 33
7 32
7 8
7 17
7 45
7 31
7 44
7 12
7 34
7 39
7 23
7 27
7 47
7 6
21
8 26
8 40
8 25
8 19
8 16
8 15
8 1
8 46
8 36
8 31
8 47
8 48
8 20
8 49
8 35
8 11
8 41
8 28
8 21
8 32
8 2
21
9 5
9 44
9 10
9 37
9 7
9 47
9 43
9 36
9 34
9 0
9 42
9 27
9 4
9 26
9 13
9 49
9 20
9 8
9 15
9 45
9 11
20
10 5
10 42
10 36
10 48
10 13
10 41
10 3
10 37
10 28
10 22
10 45
10 20
10 39
10 1
10 33
10 32
10 46
10 26
10 2
10 21
21
11 46
11 30
11 35
11 4
11 27
11 36
11 41
11 42
11 13
11 5
11 7
11 20
11 18
11 37
11 40
11 43
11 48
11 10
11 47
11 19
11 39
18
12 16
12 44
12 37
12 45
12 8
12 39
12 6
12 3
12 25
12 40
12 11
12 38
12 26
12 5
12 23
12 46
12 43
12 22
19
13 48
13 3
13 14
13 5
13 39
13 38
13 32
13 34
13 31
13 27
13 40
13 12
13 23
13 1
13 7
13 28
13 29
13 36
13 42
26
14 19
14 2
14 18
14 10
14 42
14 1
14 39
14 33
14 35
14 25
14 7
14 11
14 0
14 44
14 38
14 21
14 4
14 23
14 20
14 12
14 5
14 16
14 31
14 45
14 8
14 24
19
15 35
15 30
15 24
15 19
15 32
15 37
15 16
15 11
15 4
15 10
15 6
15 49
15 44
15 34
15 26
15 46
15 14
15 33
15 5
21
16 23
16 26
16 29
16 6
16 20
16 7
16 42
16 0
16 43
16 32
16 38
16 5
16 35
16 22
16 11
16 30
16 36
16 3
16 10
16 48
16 1
17
17 5
17 15
17 26
17 28
17 10
17 8
17 13
17 16
17 24
17 12
17 11
17 35
17 45
17 34
17 39
17 9
17 43
21
18 19
18 12
18 22
18 39
18 47
18 37
18 7
18 16
18 23
18 32
18 34
18 10
18 45
18 35
18 28
18 42
18 1
18 40
18 8
18 33
18 17
22
19 12
19 47
19 20
19 28
19 4
19 39
19 36
19 2
19 24
19 40
19 16
19 17
19 13
19 45
19 21
19 10
19 44
19 27
19 38
19 43
19 9
19 49
18
20 12
20 1
20 30
20 35
20 7
20 17
20 46
20 28
20 34
20 43
20 38
20 0
20 32
20 22
20 39
20 29
20 13
20 26
24
21 27
21 42
21 22
21 46
21 9
21 32
21 6
21 40
21 30
21 18
21 13
21 15
21 31
21 5
21 0
21 3
21 41
21 49
21 47
21 12
21 36
21 24
21 20
21 17
17
22 37
22 48
22 15
22 4
22 45
22 47
22 43
22 38
22 29
22 25
22 6
22 34
22 5
22 17
22 19
22 40
22 7
22
23 19
23 27
23 22
23 24
23 40
23 45
23 8
23 30
23 47
23 5
23 21
23 15
23 33
23 44
23 43
23 25
23 1
23 34
23 0
23 35
23 2
23 46
21
24 37
24 9
24 38
24 39
24 33
24 22
24 26
24 32
24 48
24 30
24 29
24 47
24 11
24 8
24 34
24 5
24 45
24 7
24 25
24 18
24 49
23
25 9
25 0
25 11
25 28
25 3
25 21
25 29
25 5
25 33
25 19
25 43
25 15
25 39
25 20
25 16
25 17
25 10
25 18
25 2
25 31
25 49
25 45
25 13
12
26 46
26 21
26 4
26 45
26 18
26 3
26 42
26 13
26 25
26 22
26 6
26 0
27
27 20
27 45
27 16
27 43
27 30
27 41
27 44
27 34
27 48
27 22
27 12
27 24
27 5
27 47
27 42
27 46
27 2
27 8
27 4
27 36
27 26
27 15
27 29
27 10
27 18
27 49
27 35
19
28 0
28 30
28 46
28 11
28 45
28 38
28 3
28 12
28 43
28 1
28 14
28 26
28 29
28 24
28 49
28 21
28 6
28 16
28 15
14
29 17
29 11
29 23
29 32
29 42
29 15
29 34
29 38
29 10
29 3
29 4
29 0
29 31
29 45
19
30 14
30 39
30 38
30 46
30 45
30 9
30 12
30 35
30 6
30 34
30 31
30 19
30 18
30 2
30 8
30 22
30 13
30 4
30 17
19
31 23
31 28
31 37
31 44
31 43
31 12
31 17
31 6
31 48
31 33
31 20
31 19
31 16
31 27
31 24
31 10
31 46
31 0
31 22
22
32 2
32 5
32 40
32 28
32 47
32 19
32 43
32 1
32 37
32 30
32 26
32 25
32 6
32 38
32 4
32 39
32 11
32 17
32 12
32 0
32 23
32 42
22
33 41
33 47
33 17
33 13
33 8
33 39
33 16
33 27
33 26
33 29
33 28
33 21
33 9
33 46
33 3
33 34
33 19
33 42
33 48
33 35
33 45
33 2
13
34 37
34 21
34 2
34 28
34 8
34 26
34 43
34 45
34 25
34 1
34 32
34 19
34 10
19
35 46
35 26
35 0
35 31
35 45
35 25
35 9
35 37
35 42
35 19
35 28
35 22
35 39
35 48
35 34
35 24
35 2
35 32
35 29
20
36 44
36 22
36 32
36 17
36 7
36 43
36 33
36 12
36 15
36 38
36 3
36 35
36 46
36 24
36 37
36 26
36 47
36 34
36 30
36 23
21
37 30
37 46
37 13
37 4
37 28
37 5
37 33
37 45
37 26
37 48
37 16
37 44
37 3
37 38
37 17
37 8
37 27
37 1
37 25
37 20
37 14
18
38 10
38 5
38 40
38 41
38 15
38 11
38 47
38 27
38 8
38 4
38 21
38 48
38 25
38 35
38 45
38 0
38 31
38 9
19
39 40
39 42
39 16
39 6
39 46
39 34
39 9
39 0
39 49
39 22
39 23
39 8
39 31
39 3
39 1
39 37
39 43
39 29
39 27
19
40 15
40 3
40 20
40 35
40 48
40 41
40 24
40 25
40 16
40 33
40 17
40 27
40 30
40 31
40 14
40 45
40 29
40 5
40 26
30
41 39
41 34
41 9
41 22
41 43
41 24
41 15
41 44
41 30
41 32
41 49
41 12
41 35
41 31
41 23
41 26
41 37
41 36
41 20
41 28
41 4
41 18
41 13
41 29
41 47
41 16
41 5
41 3
41 17
41 2
16
42 36
42 17
42 40
42 25
42 20
42 38
42 34
42 23
42 31
42 19
42 12
42 5
42 24
42 47
42 28
42 22
16
43 21
43 33
43 48
43 0
43 40
43 14
43 2
43 1
43 26
43 38
43 42
43 15
43 49
43 13
43 3
43 29
23
44 10
44 26
44 45
44 29
44 40
44 33
44 20
44 21
44 43
44 46
44 35
44 6
44 1
44 38
44 13
44 39
44 30
44 25
44 32
44 22
44 42
44 11
44 49
14
45 11
45 42
45 32
45 16
45 5
45 41
45 15
45 2
45 48
45 43
45 20
45 13
45 0
45 8
20
46 9
46 34
46 38
46 22
46 49
46 13
46 14
46 16
46 4
46 45
46 7
46 17
46 18
46 0
46 25
46 41
46 29
46 43
46 48
46 40
18
47 35
47 46
47 3
47 4
47 13
47 6
47 25
47 43
47 30
47 31
47 26
47 28
47 34
47 14
47 48
47 40
47 20
47 16
19
48 34
48 26
48 21
48 25
48 36
48 17
48 20
48 18
48 41
48 9
48 7
48 6
48 23
48 4
48 0
48 2
48 19
48 30
48 15
20
49 35
49 3
49 12
49 37
49 1
49 6
49 48
49 38
49 40
49 16
49 17
49 36
49 32
49 0
49 10
49 18
49 47
49 26
49 7
49 45
