50
0 "A3"
1 "A5"
2 "A46"
3 "A28"
4 "A30"
5 "A11"
6 "A24"
7 "A15"
8 "A27"
9 "A29"
10 "A6"
11 "A45"
12 "A21"
13 "A20"
14 "A25"
15 "A31"
16 "A41"
17 "A36"
18 "A19"
19 "A8"
20 "A7"
21 "A43"
22 "A38"
23 "A40"
24 "A37"
25 "A2"
26 "A4"
27 "A16"
28 "A9"
29 "A48"
30 "A17"
31 "A26"
32 "A35"
33 "A34"
34 "A49"
35 "A13"
36 "A47"
37 "A32"
38 "A44"
39 "A10"
40 "A39"
41 "A18"
42 "A0"
43 "A33"
44 "A22"
45 "A1"
46 "A14"
47 "A42"
48 "A23"
49 "A12"
17
0 39
0 24
0 29
0 13
0 48
0 7
0 31
0 35
0 8
0 47
0 23
0 28
0 43
0 46
0 10
0 41
0 37
20
1 22
1 2
1 10
1 42
1 0
1 32
1 13
1 27
1 30
1 15
1 34
1 20
1 3
1 14
1 46
1 12
1 8
1 36
1 40
1 45
18
2 7
2 35
2 8
2 12
2 14
2 11
2 30
2 33
2 0
2 28
2 43
2 21
2 24
2 46
2 42
2 34
2 49
2 31
20
3 37
3 29
3 24
3 20
3 5
3 12
3 9
3 30
3 34
3 6
3 18
3 26
3 10
3 48
3 8
3 2
3 11
3 16
3 38
3 42
25
4 41
4 6
4 40
4 48
4 8
4 23
4 19
4 21
4 37
4 44
4 24
4 46
4 31
4 25
4 12
4 26
4 32
4 49
4 2
4 3
4 20
4 1
4 0
4 45
4 22
17
5 36
5 14
5 42
5 15
5 43
5 35
5 31
5 4
5 25
5 12
5 45
5 29
5 26
5 18
5 49
5 2
5 7
17
6 18
6 15
6 24
6 32
6 17
6 19
6 0
6 14
6 20
6 44
6 41
6 21
6 42
6 1
6 30
6 49
6 7
14
7 46
7 19
7 29
7 34
7 17
7 18
7 20
7 49
7 10
7 38
7 13
7 39
7 3
7 43
21
8 45
8 23
8 5
8 25
8 17
8 32
8 30
8 19
8 21
8 47
8 28
8 40
8 11
8 9
8 14
8 34
8 20
8 7
8 41
8 38
8 6
15
9 14
9 48
9 5
9 28
9 12
9 36
9 2
9 46
9 18
9 11
9 6
9 22
9 32
9 41
9 4
20
10 40
10 28
10 30
10 16
10 5
10 18
10 4
10 2
10 6
10 17
10 8
10 15
10 37
10 13
10 23
10 9
10 21
10 29
10 20
10 39
20
11 19
11 32
11 22
11 45
11 31
11 12
11 33
11 27
11 26
11 10
11 7
11 28
11 6
11 1
11 16
11 46
11 0
11 24
11 5
11 37
15
12 10
12 17
12 27
12 48
12 22
12 13
12 36
12 8
12 0
12 19
12 47
12 28
12 38
12 31
12 34
22
13 20
13 43
13 23
13 2
13 18
13 19
13 26
13 5
13 22
13 11
13 49
13 3
13 46
13 4
13 47
13 38
13 35
13 42
13 37
13 31
13 45
13 34
21
14 42
14 27
14 4
14 45
14 34
14 0
14 22
14 18
14 3
14 20
14 36
14 48
14 13
14 17
14 10
14 28
14 7
14 11
14 47
14 15
14 37
22
15 28
15 39
15 40
15 42
15 30
15 49
15 18
15 13
15 16
15 48
15 35
15 8
15 33
15 2
15 17
15 29
15 20
15 4
15 37
15 9
15 3
15 21
17
16 4
16 13
16 6
16 47
16 48
16 43
16 1
16 27
16 29
16 2
16 7
16 44
16 19
16 0
16 5
16 9
16 14
22
17 9
17 43
17 13
17 34
17 36
17 20
17 31
17 26
17 3
17 1
17 16
17 35
17 0
17 23
17 21
17 2
17 48
17 47
17 27
17 5
17 37
17 39
17
18 32
18 43
18 0
18 12
18 11
18 25
18 4
18 1
18 48
18 19
18 49
18 17
18 31
18 47
18 29
18 20
18 42
11
19 15
19 34
19 1
19 14
19 35
19 17
19 49
19 5
19 9
19 48
19 30
13
20 9
20 0
20 39
20 43
20 21
20 19
20 12
20 47
20 45
20 5
20 37
20 46
20 41
23
21 36
21 7
21 29
21 12
21 30
21 39
21 45
21 18
21 48
21 31
21 35
21 3
21 25
21 22
21 9
21 46
21 32
21 49
21 13
21 0
21 16
21 11
21 5
16
22 42
22 16
22 8
22 0
22 32
22 33
22 48
22 37
22 23
22 49
22 2
22 29
22 40
22 20
22 15
22 18
20
23 16
23 32
23 24
23 1
23 21
23 27
23 11
23 26
23 18
23 3
23 41
23 40
23 2
23 36
23 12
23 6
23 42
23 20
23 31
23 48
14
24 25
24 41
24 1
24 12
24 40
24 14
24 42
24 21
24 32
24 15
24 22
24 28
24 48
24 33
25
25 0
25 11
25 33
25 42
25 34
25 16
25 20
25 30
25 7
25 19
25 47
25 36
25 2
25 9
25 6
25 13
25 14
25 15
25 39
25 17
25 1
25 3
25 44
25 43
25 10
25
26 19
26 12
26 38
26 49
26 46
26 45
26 44
26 1
26 22
26 8
26 33
26 27
26 47
26 18
26 15
26 42
26 20
26 35
26 16
26 30
26 24
26 39
26 0
26 29
26 43
21
27 42
27 8
27 5
27 45
27 10
27 19
27 6
27 15
27 3
27 28
27 37
27 35
27 4
27 22
27 33
27 9
27 7
27 49
27 39
27 0
27 25
19
28 6
28 1
28 30
28 41
28 34
28 48
28 33
28 16
28 22
28 25
28 37
28 49
28 42
28 47
28 13
28 31
28 36
28 45
28 17
19
29 23
29 40
29 24
29 33
29 14
29 11
29 39
29 34
29 6
29 4
29 44
29 9
29 12
29 13
29 42
29 17
29 8
29 2
29 19
23
30 14
30 11
30 16
30 38
30 24
30 0
30 18
30 13
30 12
30 36
30 5
30 33
30 49
30 31
30 9
30 44
30 22
30 7
30 48
30 46
30 17
30 45
30 29
22
31 34
31 3
31 10
31 44
31 24
31 25
31 33
31 20
31 48
31 41
31 9
31 8
31 19
31 32
31 7
31 42
31 14
31 1
31 47
31 26
31 6
31 15
25
32 2
32 12
32 36
32 15
32 43
32 38
32 33
32 0
32 26
32 44
32 3
32 30
32 16
32 25
32 29
32 14
32 13
32 49
32 5
32 27
32 19
32 20
32 46
32 17
32 48
18
33 39
33 13
33 16
33 23
33 47
33 19
33 44
33 8
33 9
33 17
33 10
33 20
33 18
33 6
33 0
33 12
33 5
33 4
15
34 16
34 42
34 33
34 11
34 0
34 6
34 35
34 26
34 23
34 37
34 30
34 20
34 15
34 46
34 4
21
35 44
35 25
35 20
35 30
35 32
35 3
35 7
35 9
35 29
35 46
35 4
35 37
35 11
35 22
35 16
35 14
35 31
35 18
35 6
35 39
35 10
24
36 10
36 8
36 3
36 16
36 33
36 38
36 46
36 24
36 13
36 45
36 41
36 42
36 29
36 27
36 18
36 34
36 40
36 26
36 47
36 19
36 2
36 11
36 31
36 22
18
37 23
37 24
37 33
37 2
37 31
37 25
37 12
37 45
37 19
37 9
37 21
37 41
37 30
37 18
37 16
37 42
37 26
37 6
27
38 2
38 23
38 15
38 46
38 42
38 11
38 29
38 5
38 37
38 27
38 35
38 41
38 16
38 24
38 6
38 25
38 4
38 39
38 17
38 31
38 19
38 34
38 40
38 18
38 21
38 28
38 22
25
39 12
39 32
39 19
39 24
39 18
39 42
39 22
39 44
39 6
39 2
39 49
39 16
39 28
39 23
39 31
39 1
39 30
39 43
39 3
39 47
39 13
39 4
39 5
39 34
39 40
22
40 0
40 35
40 26
40 32
40 31
40 37
40 21
40 19
40 27
40 44
40 30
40 7
40 33
40 28
40 45
40 6
40 47
40 12
40 18
40 14
40 16
40 5
26
41 49
41 25
41 2
41 30
41 34
41 12
41 11
41 10
41 5
41 19
41 3
41 44
41 35
41 32
41 29
41 40
41 7
41 17
41 14
41 21
41 1
41 27
41 47
41 33
41 43
41 22
16
42 33
42 9
42 8
42 11
42 40
42 20
42 35
42 12
42 19
42 17
42 10
42 32
42 45
42 49
42 4
42 7
20
43 42
43 19
43 22
43 37
43 11
43 12
43 33
43 10
43 8
43 24
43 1
43 48
43 9
43 4
43 31
43 36
43 6
43 34
43 38
43 27
17
44 37
44 13
44 14
44 17
44 7
44 5
44 49
44 11
44 10
44 38
44 19
44 3
44 1
44 27
44 47
44 2
44 21
15
45 0
45 18
45 9
45 22
45 32
45 24
45 25
45 34
45 2
45 3
45 7
45 15
45 49
45 17
45 19
21
46 44
46 45
46 29
46 49
46 27
46 25
46 18
46 5
46 16
46 15
46 22
46 14
46 33
46 41
46 19
46 3
46 12
46 24
46 37
46 28
46 8
24
47 43
47 19
47 3
47 30
47 23
47 46
47 27
47 15
47 45
47 11
47 21
47 38
47 42
47 37
47 1
47 32
47 4
47 2
47 10
47 9
47 7
47 34
47 29
47 5
15
48 2
48 10
48 6
48 42
48 29
48 8
48 47
48 20
48 44
48 40
48 49
48 45
48 38
48 13
48 1
20
49 40
49 24
49 47
49 12
49 8
49 37
49 9
49 35
49 34
49 3
49 11
49 31
49 23
49 0
49 20
49 17
49 16
49 38
49 10
49 29
