50
0 "A3"
1 "A5"
2 "A46"
3 "A28"
4 "A30"
5 "A11"
6 "A24"
7 "A15"
8 "A27"
9 "A29"
10 "A6"
11 "A45"
12 "A21"
13 "A20"
14 "A25"
15 "A31"
16 "A41"
17 "A36"
18 "A19"
19 "A8"
20 "A7"
21 "A43"
22 "A38"
23 "A40"
24 "A37"
25 "A2"
26 "A4"
27 "A16"
28 "A9"
29 "A48"
30 "A17"
31 "A26"
32 "A35"
33 "A34"
34 "A49"
35 "A13"
36 "A47"
37 "A32"
38 "A44"
39 "A10"
40 "A39"
41 "A18"
42 "A0"
43 "A33"
44 "A22"
45 "A1"
46 "A14"
47 "A42"
48 "A23"
49 "A12"
15
0 27
0 34
0 22
0 28
0 20
0 47
0 7
0 40
0 23
0 19
0 13
0 41
0 45
0 44
0 39
19
1 9
1 49
1 31
1 15
1 29
1 30
1 18
1 2
1 22
1 39
1 40
1 6
1 46
1 45
1 19
1 0
1 12
1 26
1 8
18
2 8
2 22
2 13
2 10
2 17
2 6
2 28
2 0
2 18
2 38
2 43
2 24
2 46
2 40
2 7
2 20
2 14
2 11
15
3 29
3 34
3 27
3 31
3 14
3 17
3 42
3 1
3 22
3 0
3 2
3 35
3 47
3 6
3 9
21
4 29
4 34
4 16
4 21
4 2
4 24
4 1
4 36
4 35
4 3
4 46
4 44
4 43
4 9
4 14
4 31
4 47
4 25
4 38
4 19
4 45
22
5 4
5 17
5 45
5 39
5 46
5 47
5 1
5 36
5 29
5 31
5 22
5 41
5 14
5 28
5 33
5 21
5 16
5 11
5 18
5 8
5 0
5 27
19
6 12
6 25
6 8
6 24
6 47
6 30
6 20
6 46
6 4
6 10
6 26
6 43
6 0
6 36
6 17
6 48
6 38
6 40
6 14
22
7 30
7 26
7 29
7 36
7 18
7 33
7 21
7 19
7 16
7 34
7 22
7 5
7 35
7 23
7 43
7 15
7 17
7 38
7 12
7 37
7 3
7 39
24
8 23
8 20
8 24
8 15
8 29
8 37
8 42
8 31
8 45
8 46
8 13
8 0
8 3
8 16
8 7
8 34
8 26
8 9
8 32
8 43
8 48
8 17
8 12
8 18
17
9 31
9 32
9 44
9 19
9 38
9 15
9 23
9 0
9 48
9 7
9 25
9 45
9 12
9 40
9 22
9 5
9 29
23
10 25
10 26
10 1
10 16
10 23
10 29
10 0
10 32
10 35
10 14
10 28
10 3
10 9
10 34
10 44
10 12
10 21
10 20
10 15
10 4
10 37
10 48
10 46
23
11 15
11 6
11 14
11 7
11 16
11 23
11 26
11 9
11 10
11 17
11 20
11 49
11 29
11 45
11 40
11 19
11 0
11 1
11 32
11 13
11 4
11 22
11 48
19
12 2
12 47
12 17
12 34
12 45
12 16
12 44
12 49
12 43
12 5
12 39
12 13
12 4
12 20
12 0
12 48
12 41
12 40
12 11
20
13 38
13 44
13 19
13 10
13 4
13 9
13 34
13 1
13 17
13 21
13 39
13 28
13 35
13 15
13 31
13 27
13 3
13 41
13 48
13 6
20
14 41
14 1
14 35
14 9
14 16
14 0
14 24
14 44
14 39
14 13
14 33
14 26
14 21
14 12
14 31
14 27
14 47
14 38
14 17
14 43
23
15 38
15 39
15 12
15 42
15 3
15 6
15 36
15 37
15 4
15 2
15 46
15 31
15 14
15 17
15 22
15 48
15 5
15 43
15 49
15 0
15 41
15 21
15 29
18
16 25
16 9
16 39
16 42
16 3
16 48
16 20
16 28
16 41
16 15
16 1
16 17
16 22
16 46
16 2
16 37
16 0
16 26
11
17 1
17 34
17 33
17 30
17 9
17 35
17 48
17 31
17 46
17 38
17 42
23
18 19
18 21
18 28
18 20
18 32
18 13
18 36
18 40
18 3
18 6
18 22
18 35
18 15
18 17
18 41
18 38
18 47
18 12
18 45
18 10
18 16
18 27
18 34
18
19 46
19 33
19 25
19 28
19 16
19 12
19 15
19 32
19 27
19 47
19 3
19 41
19 6
19 42
19 10
19 2
19 8
19 29
14
20 13
20 15
20 31
20 4
20 46
20 43
20 45
20 34
20 1
20 22
20 41
20 7
20 36
20 21
22
21 45
21 9
21 29
21 49
21 39
21 47
21 48
21 27
21 37
21 43
21 19
21 11
21 16
21 8
21 0
21 36
21 2
21 34
21 1
21 3
21 42
21 24
16
22 40
22 36
22 21
22 42
22 6
22 33
22 25
22 47
22 43
22 19
22 24
22 46
22 29
22 8
22 10
22 4
21
23 20
23 38
23 17
23 6
23 37
23 47
23 32
23 39
23 12
23 33
23 36
23 3
23 22
23 27
23 5
23 29
23 35
23 2
23 21
23 25
23 19
24
24 37
24 11
24 17
24 35
24 7
24 15
24 23
24 45
24 25
24 46
24 1
24 39
24 0
24 16
24 3
24 18
24 42
24 13
24 36
24 47
24 10
24 29
24 19
24 5
29
25 27
25 1
25 11
25 15
25 20
25 46
25 36
25 47
25 39
25 7
25 37
25 17
25 2
25 13
25 32
25 28
25 35
25 43
25 41
25 12
25 0
25 14
25 31
25 49
25 18
25 8
25 45
25 21
25 33
23
26 18
26 2
26 29
26 23
26 12
26 31
26 0
26 20
26 39
26 45
26 49
26 21
26 36
26 28
26 43
26 3
26 4
26 32
26 44
26 24
26 17
26 13
26 25
18
27 11
27 22
27 40
27 6
27 2
27 20
27 35
27 45
27 46
27 29
27 49
27 42
27 8
27 28
27 39
27 1
27 26
27 17
16
28 12
28 1
28 46
28 8
28 9
28 7
28 3
28 17
28 45
28 15
28 23
28 6
28 36
28 22
28 21
28 20
15
29 35
29 6
29 30
29 40
29 13
29 17
29 47
29 0
29 16
29 41
29 2
29 42
29 14
29 49
29 20
27
30 12
30 49
30 10
30 8
30 23
30 15
30 11
30 44
30 4
30 19
30 24
30 14
30 46
30 21
30 5
30 26
30 40
30 34
30 22
30 32
30 37
30 48
30 9
30 47
30 18
30 25
30 2
12
31 7
31 0
31 23
31 45
31 6
31 10
31 42
31 44
31 29
31 30
31 35
31 39
26
32 24
32 34
32 15
32 1
32 20
32 22
32 4
32 39
32 2
32 44
32 36
32 21
32 41
32 48
32 31
32 35
32 16
32 12
32 43
32 40
32 29
32 37
32 47
32 17
32 13
32 28
23
33 18
33 12
33 49
33 34
33 13
33 31
33 11
33 48
33 38
33 44
33 15
33 26
33 8
33 10
33 24
33 28
33 27
33 6
33 4
33 30
33 21
33 9
33 46
21
34 1
34 14
34 43
34 22
34 46
34 15
34 24
34 49
34 38
34 23
34 2
34 5
34 19
34 27
34 35
34 28
34 16
34 37
34 11
34 40
34 48
19
35 22
35 9
35 39
35 40
35 20
35 30
35 49
35 45
35 37
35 2
35 5
35 16
35 6
35 11
35 26
35 12
35 0
35 44
35 28
20
36 10
36 34
36 11
36 14
36 1
36 19
36 49
36 43
36 39
36 3
36 45
36 30
36 27
36 31
36 16
36 12
36 44
36 9
36 17
36 35
23
37 39
37 14
37 33
37 2
37 26
37 4
37 17
37 49
37 6
37 31
37 0
37 9
37 11
37 27
37 40
37 18
37 13
37 19
37 22
37 12
37 42
37 43
37 1
25
38 36
38 31
38 37
38 5
38 22
38 27
38 48
38 12
38 3
38 35
38 24
38 16
38 42
38 1
38 8
38 44
38 21
38 19
38 39
38 43
38 26
38 30
38 45
38 28
38 47
16
39 8
39 28
39 44
39 4
39 11
39 18
39 19
39 10
39 49
39 9
39 6
39 48
39 30
39 22
39 29
39 34
18
40 3
40 4
40 44
40 26
40 47
40 16
40 43
40 33
40 23
40 24
40 25
40 8
40 17
40 14
40 31
40 39
40 28
40 7
19
41 35
41 46
41 2
41 30
41 21
41 9
41 6
41 33
41 17
41 34
41 31
41 8
41 26
41 43
41 37
41 11
41 38
41 7
41 48
19
42 35
42 44
42 7
42 11
42 12
42 5
42 40
42 39
42 13
42 20
42 48
42 33
42 14
42 10
42 32
42 1
42 46
42 4
42 23
17
43 19
43 31
43 33
43 24
43 13
43 30
43 48
43 28
43 18
43 23
43 17
43 11
43 27
43 10
43 42
43 35
43 0
22
44 8
44 29
44 28
44 34
44 17
44 48
44 24
44 21
44 5
44 3
44 27
44 25
44 19
44 1
44 16
44 20
44 11
44 7
44 43
44 6
44 37
44 15
17
45 10
45 16
45 43
45 23
45 19
45 49
45 7
45 39
45 37
45 13
45 48
45 34
45 44
45 33
45 41
45 46
45 14
16
46 13
46 14
46 3
46 0
46 9
46 43
46 49
46 47
46 31
46 29
46 35
46 21
46 32
46 36
46 39
46 37
20
47 49
47 42
47 11
47 17
47 31
47 28
47 35
47 20
47 48
47 45
47 33
47 2
47 26
47 10
47 9
47 37
47 36
47 13
47 39
47 1
13
48 1
48 49
48 31
48 23
48 3
48 24
48 14
48 27
48 46
48 0
48 19
48 20
48 29
19
49 16
49 24
49 22
49 2
49 20
49 13
49 0
49 38
49 14
49 4
49 6
49 43
49 41
49 42
49 23
49 17
49 44
49 31
49 8
