50
0 "A3"
1 "A5"
2 "A46"
3 "A28"
4 "A30"
5 "A11"
6 "A24"
7 "A15"
8 "A27"
9 "A29"
10 "A6"
11 "A45"
12 "A21"
13 "A20"
14 "A25"
15 "A31"
16 "A41"
17 "A36"
18 "A19"
19 "A8"
20 "A7"
21 "A43"
22 "A38"
23 "A40"
24 "A37"
25 "A2"
26 "A4"
27 "A16"
28 "A9"
29 "A48"
30 "A17"
31 "A26"
32 "A35"
33 "A34"
34 "A49"
35 "A13"
36 "A47"
37 "A32"
38 "A44"
39 "A10"
40 "A39"
41 "A18"
42 "A0"
43 "A33"
44 "A22"
45 "A1"
46 "A14"
47 "A42"
48 "A23"
49 "A12"
19
0 6
0 45
0 18
0 1
0 39
0 44
0 38
0 43
0 40
0 7
0 9
0 37
0 32
0 46
0 16
0 15
0 22
0 36
0 35
18
1 16
1 2
1 13
1 27
1 32
1 49
1 9
1 38
1 21
1 40
1 8
1 45
1 14
1 46
1 5
1 12
1 10
1 39
23
2 49
2 7
2 14
2 12
2 21
2 20
2 48
2 42
2 5
2 29
2 30
2 46
2 17
2 43
2 38
2 32
2 34
2 41
2 15
2 35
2 0
2 22
2 4
16
3 0
3 40
3 13
3 2
3 37
3 33
3 45
3 18
3 44
3 49
3 23
3 10
3 8
3 28
3 31
3 14
22
4 10
4 15
4 16
4 34
4 27
4 32
4 0
4 29
4 3
4 7
4 36
4 21
4 39
4 28
4 1
4 25
4 40
4 43
4 20
4 13
4 18
4 46
21
5 0
5 15
5 4
5 19
5 45
5 17
5 30
5 31
5 38
5 13
5 26
5 20
5 9
5 36
5 34
5 39
5 44
5 7
5 8
5 25
5 27
17
6 14
6 10
6 5
6 12
6 13
6 20
6 39
6 4
6 25
6 1
6 37
6 36
6 33
6 31
6 23
6 15
6 19
21
7 46
7 25
7 35
7 21
7 27
7 20
7 10
7 28
7 19
7 37
7 34
7 13
7 45
7 9
7 24
7 32
7 49
7 26
7 12
7 16
7 8
16
8 29
8 30
8 43
8 12
8 21
8 32
8 48
8 17
8 37
8 4
8 23
8 28
8 40
8 6
8 10
8 41
27
9 42
9 34
9 6
9 24
9 25
9 48
9 13
9 20
9 27
9 16
9 31
9 22
9 36
9 4
9 26
9 18
9 3
9 14
9 39
9 30
9 21
9 43
9 11
9 37
9 47
9 23
9 40
14
10 32
10 27
10 5
10 23
10 9
10 0
10 41
10 40
10 31
10 38
10 45
10 49
10 39
10 21
24
11 15
11 37
11 5
11 46
11 16
11 29
11 35
11 25
11 6
11 28
11 49
11 38
11 40
11 34
11 2
11 8
11 10
11 27
11 44
11 3
11 0
11 13
11 48
11 20
19
12 10
12 44
12 33
12 43
12 35
12 26
12 27
12 38
12 46
12 5
12 4
12 0
12 13
12 17
12 14
12 29
12 3
12 24
12 20
21
13 10
13 25
13 16
13 37
13 35
13 45
13 47
13 0
13 19
13 33
13 20
13 8
13 26
13 18
13 46
13 27
13 44
13 15
13 28
13 21
13 30
23
14 41
14 48
14 21
14 25
14 24
14 33
14 35
14 43
14 23
14 8
14 0
14 34
14 15
14 22
14 36
14 29
14 11
14 26
14 5
14 19
14 39
14 45
14 20
19
15 1
15 7
15 29
15 9
15 26
15 8
15 45
15 20
15 3
15 37
15 35
15 48
15 19
15 47
15 10
15 38
15 31
15 33
15 16
13
16 24
16 19
16 17
16 5
16 41
16 45
16 23
16 28
16 2
16 31
16 38
16 29
16 33
19
17 44
17 40
17 38
17 27
17 0
17 13
17 18
17 46
17 33
17 30
17 43
17 1
17 42
17 29
17 23
17 3
17 41
17 4
17 36
16
18 5
18 32
18 7
18 41
18 34
18 6
18 12
18 1
18 45
18 14
18 20
18 16
18 36
18 19
18 2
18 21
23
19 48
19 37
19 45
19 25
19 12
19 47
19 17
19 1
19 2
19 35
19 10
19 0
19 8
19 3
19 36
19 11
19 49
19 43
19 31
19 20
19 32
19 23
19 24
20
20 29
20 41
20 49
20 26
20 37
20 3
20 22
20 16
20 34
20 43
20 36
20 32
20 1
20 48
20 25
20 10
20 17
20 39
20 33
20 31
18
21 30
21 42
21 35
21 33
21 45
21 39
21 11
21 32
21 26
21 16
21 41
21 6
21 17
21 44
21 3
21 40
21 12
21 24
24
22 11
22 18
22 32
22 26
22 42
22 19
22 6
22 28
22 7
22 13
22 41
22 16
22 31
22 45
22 48
22 38
22 47
22 15
22 25
22 33
22 12
22 10
22 4
22 17
22
23 25
23 33
23 11
23 13
23 15
23 34
23 40
23 35
23 7
23 41
23 38
23 42
23 44
23 1
23 4
23 37
23 26
23 45
23 21
23 20
23 5
23 12
21
24 22
24 1
24 11
24 6
24 46
24 35
24 43
24 17
24 18
24 0
24 20
24 8
24 29
24 32
24 3
24 23
24 2
24 28
24 25
24 27
24 10
15
25 33
25 3
25 0
25 8
25 15
25 28
25 31
25 2
25 42
25 16
25 21
25 29
25 41
25 45
25 26
20
26 18
26 10
26 39
26 43
26 31
26 11
26 47
26 48
26 45
26 1
26 35
26 41
26 4
26 16
26 32
26 46
26 36
26 19
26 17
26 49
21
27 18
27 22
27 44
27 25
27 41
27 38
27 46
27 15
27 39
27 16
27 30
27 49
27 26
27 20
27 42
27 21
27 35
27 36
27 8
27 19
27 45
28
28 37
28 5
28 40
28 20
28 34
28 44
28 18
28 21
28 1
28 30
28 2
28 19
28 9
28 17
28 33
28 32
28 38
28 45
28 35
28 27
28 26
28 31
28 0
28 49
28 12
28 14
28 23
28 48
19
29 7
29 47
29 18
29 13
29 22
29 34
29 48
29 28
29 19
29 10
29 46
29 1
29 9
29 21
29 26
29 27
29 39
29 5
29 23
21
30 14
30 18
30 26
30 19
30 24
30 46
30 15
30 0
30 25
30 6
30 12
30 3
30 29
30 16
30 37
30 35
30 34
30 47
30 11
30 22
30 4
19
31 42
31 11
31 24
31 41
31 48
31 1
31 49
31 45
31 37
31 4
31 2
31 47
31 0
31 7
31 29
31 13
31 34
31 8
31 23
15
32 16
32 45
32 5
32 30
32 3
32 15
32 11
32 47
32 13
32 9
32 29
32 49
32 6
32 39
32 46
16
33 35
33 29
33 18
33 31
33 7
33 10
33 27
33 34
33 0
33 45
33 44
33 48
33 19
33 30
33 37
33 1
14
34 26
34 13
34 21
34 16
34 3
34 48
34 10
34 22
34 43
34 8
34 44
34 6
34 19
34 46
15
35 16
35 9
35 10
35 36
35 1
35 34
35 39
35 17
35 48
35 41
35 43
35 31
35 32
35 3
35 5
21
36 30
36 15
36 3
36 40
36 23
36 24
36 41
36 12
36 33
36 42
36 31
36 8
36 16
36 1
36 7
36 49
36 46
36 13
36 2
36 25
36 34
13
37 41
37 14
37 5
37 36
37 10
37 16
37 35
37 45
37 29
37 42
37 27
37 32
37 2
21
38 13
38 14
38 31
38 30
38 41
38 35
38 34
38 3
38 47
38 8
38 24
38 37
38 20
38 44
38 32
38 4
38 19
38 26
38 9
38 36
38 46
20
39 23
39 34
39 11
39 40
39 37
39 17
39 18
39 8
39 49
39 44
39 16
39 30
39 19
39 13
39 33
39 38
39 12
39 24
39 25
39 7
23
40 48
40 45
40 13
40 19
40 27
40 18
40 31
40 33
40 12
40 5
40 14
40 20
40 42
40 41
40 46
40 34
40 16
40 29
40 35
40 37
40 30
40 2
40 15
13
41 7
41 46
41 0
41 29
41 13
41 19
41 33
41 3
41 4
41 28
41 49
41 30
41 15
23
42 32
42 15
42 26
42 48
42 13
42 5
42 49
42 33
42 41
42 38
42 43
42 34
42 35
42 12
42 3
42 29
42 11
42 10
42 18
42 8
42 30
42 6
42 45
25
43 36
43 49
43 16
43 28
43 38
43 32
43 22
43 10
43 13
43 37
43 21
43 30
43 1
43 41
43 11
43 33
43 27
43 7
43 39
43 5
43 31
43 48
43 6
43 3
43 23
23
44 45
44 10
44 41
44 16
44 9
44 8
44 7
44 43
44 48
44 14
44 35
44 24
44 2
44 37
44 40
44 30
44 4
44 1
44 25
44 15
44 22
44 29
44 26
16
45 29
45 17
45 9
45 36
45 24
45 11
45 43
45 30
45 6
45 20
45 2
45 39
45 12
45 46
45 35
45 8
22
46 35
46 20
46 14
46 6
46 22
46 25
46 49
46 42
46 21
46 48
46 33
46 43
46 10
46 18
46 19
46 47
46 31
46 16
46 37
46 44
46 15
46 23
24
47 23
47 21
47 14
47 7
47 2
47 42
47 35
47 8
47 11
47 0
47 40
47 24
47 16
47 3
47 4
47 28
47 10
47 12
47 17
47 1
47 44
47 45
47 34
47 36
19
48 21
48 6
48 30
48 41
48 24
48 36
48 27
48 5
48 12
48 0
48 17
48 47
48 32
48 25
48 7
48 4
48 16
48 49
48 45
18
49 8
49 44
49 23
49 45
49 34
49 22
49 24
49 37
49 9
49 40
49 30
49 25
49 5
49 4
49 47
49 12
49 35
49 21
