50
0 "A6"
1 "A31"
2 "A34"
3 "A28"
4 "A0"
5 "A15"
6 "A3"
7 "A47"
8 "A18"
9 "A1"
10 "A11"
11 "A29"
12 "A43"
13 "A19"
14 "A26"
15 "A46"
16 "A21"
17 "A41"
18 "A12"
19 "A27"
20 "A2"
21 "A23"
22 "A44"
23 "A24"
24 "A38"
25 "A14"
26 "A32"
27 "A16"
28 "A10"
29 "A17"
30 "A48"
31 "A8"
32 "A22"
33 "A37"
34 "A35"
35 "A40"
36 "A42"
37 "A13"
38 "A33"
39 "A39"
40 "A49"
41 "A7"
42 "A25"
43 "A20"
44 "A36"
45 "A5"
46 "A4"
47 "A30"
48 "A9"
49 "A45"
15
0 3
0 19
0 28
0 27
0 26
0 32
0 2
0 46
0 6
0 5
0 35
0 34
0 31
0 43
0 14
21
1 41
1 26
1 15
1 9
1 19
1 20
1 44
1 18
1 27
1 6
1 33
1 11
1 0
1 3
1 29
1 21
1 17
1 47
1 8
1 4
1 45
13
2 8
2 5
2 6
2 18
2 25
2 3
2 35
2 27
2 20
2 38
2 7
2 33
2 1
18
3 16
3 33
3 42
3 24
3 13
3 8
3 45
3 32
3 46
3 48
3 26
3 37
3 11
3 30
3 6
3 20
3 47
3 17
21
4 28
4 26
4 47
4 6
4 49
4 16
4 42
4 0
4 2
4 48
4 8
4 7
4 5
4 27
4 22
4 41
4 46
4 44
4 45
4 29
4 3
24
5 22
5 15
5 1
5 16
5 7
5 33
5 26
5 25
5 20
5 13
5 39
5 28
5 24
5 11
5 34
5 37
5 21
5 49
5 43
5 38
5 9
5 27
5 46
5 6
14
6 29
6 41
6 31
6 42
6 7
6 38
6 48
6 24
6 8
6 44
6 22
6 14
6 25
6 35
20
7 22
7 21
7 3
7 47
7 38
7 49
7 17
7 0
7 32
7 10
7 24
7 18
7 11
7 16
7 33
7 19
7 31
7 9
7 30
7 43
16
8 39
8 7
8 48
8 37
8 46
8 9
8 33
8 30
8 12
8 20
8 42
8 32
8 41
8 22
8 5
8 28
24
9 17
9 43
9 19
9 29
9 32
9 47
9 4
9 2
9 35
9 6
9 0
9 49
9 39
9 40
9 38
9 28
9 41
9 37
9 20
9 44
9 16
9 14
9 33
9 12
30
10 35
10 48
10 12
10 41
10 30
10 24
10 3
10 4
10 39
10 47
10 25
10 45
10 16
10 5
10 32
10 19
10 15
10 9
10 28
10 29
10 1
10 23
10 13
10 49
10 11
10 2
10 27
10 37
10 31
10 6
13
11 36
11 9
11 35
11 0
11 19
11 4
11 12
11 31
11 44
11 20
11 2
11 21
11 47
14
12 27
12 6
12 24
12 23
12 41
12 48
12 30
12 0
12 45
12 42
12 46
12 14
12 19
12 7
26
13 41
13 22
13 9
13 24
13 11
13 18
13 0
13 32
13 40
13 4
13 7
13 43
13 38
13 28
13 21
13 2
13 20
13 15
13 1
13 12
13 48
13 6
13 33
13 35
13 19
13 8
25
14 17
14 33
14 46
14 47
14 11
14 28
14 16
14 8
14 23
14 24
14 45
14 2
14 7
14 26
14 22
14 3
14 5
14 21
14 39
14 19
14 10
14 13
14 30
14 1
14 38
25
15 23
15 22
15 37
15 3
15 8
15 16
15 17
15 4
15 38
15 6
15 11
15 46
15 2
15 18
15 35
15 40
15 43
15 32
15 9
15 14
15 30
15 42
15 28
15 7
15 41
20
16 0
16 47
16 44
16 13
16 2
16 37
16 34
16 33
16 12
16 40
16 35
16 43
16 26
16 6
16 31
16 8
16 38
16 27
16 17
16 18
19
17 35
17 48
17 0
17 25
17 39
17 11
17 5
17 24
17 43
17 22
17 10
17 12
17 29
17 49
17 34
17 8
17 28
17 26
17 4
19
18 40
18 24
18 19
18 20
18 17
18 45
18 44
18 32
18 4
18 36
18 11
18 46
18 48
18 3
18 29
18 25
18 8
18 43
18 6
16
19 43
19 32
19 6
19 20
19 3
19 15
19 38
19 40
19 26
19 28
19 30
19 34
19 31
19 35
19 21
19 49
14
20 30
20 7
20 27
20 14
20 29
20 0
20 48
20 47
20 43
20 37
20 35
20 4
20 42
20 44
20
21 4
21 29
21 30
21 20
21 46
21 18
21 34
21 25
21 48
21 12
21 6
21 3
21 23
21 28
21 2
21 37
21 15
21 17
21 10
21 42
16
22 12
22 45
22 20
22 42
22 46
22 0
22 28
22 43
22 18
22 44
22 1
22 37
22 48
22 11
22 34
22 38
22
23 4
23 44
23 33
23 48
23 8
23 1
23 20
23 28
23 11
23 42
23 31
23 25
23 18
23 6
23 0
23 17
23 39
23 2
23 3
23 9
23 46
23 43
17
24 28
24 26
24 20
24 22
24 37
24 0
24 8
24 21
24 36
24 47
24 39
24 48
24 32
24 19
24 33
24 31
24 9
19
25 36
25 1
25 13
25 37
25 34
25 26
25 24
25 28
25 45
25 11
25 33
25 0
25 38
25 49
25 22
25 7
25 12
25 42
25 15
21
26 42
26 27
26 22
26 10
26 11
26 48
26 7
26 28
26 12
26 21
26 9
26 44
26 41
26 23
26 33
26 2
26 15
26 40
26 38
26 45
26 29
22
27 22
27 31
27 14
27 17
27 7
27 48
27 6
27 29
27 24
27 21
27 30
27 8
27 15
27 44
27 3
27 40
27 13
27 23
27 9
27 42
27 32
27 11
22
28 3
28 20
28 37
28 30
28 29
28 45
28 35
28 7
28 1
28 12
28 36
28 46
28 39
28 18
28 40
28 33
28 16
28 11
28 2
28 49
28 27
28 31
18
29 35
29 46
29 32
29 5
29 19
29 7
29 13
29 11
29 3
29 12
29 0
29 45
29 15
29 2
29 37
29 30
29 8
29 24
20
30 4
30 6
30 11
30 37
30 25
30 1
30 5
30 17
30 32
30 41
30 47
30 48
30 26
30 18
30 22
30 35
30 38
30 34
30 44
30 24
20
31 22
31 20
31 35
31 32
31 18
31 48
31 4
31 1
31 5
31 3
31 34
31 9
31 42
31 15
31 17
31 29
31 2
31 40
31 47
31 30
17
32 17
32 2
32 20
32 35
32 28
32 26
32 21
32 12
32 48
32 1
32 16
32 6
32 41
32 42
32 36
32 39
32 4
20
33 47
33 36
33 21
33 0
33 18
33 42
33 11
33 6
33 20
33 34
33 31
33 29
33 19
33 48
33 10
33 27
33 12
33 41
33 43
33 45
23
34 41
34 28
34 4
34 6
34 20
34 9
34 2
34 42
34 13
34 43
34 40
34 8
34 3
34 23
34 29
34 48
34 39
34 10
34 24
34 49
34 12
34 32
34 26
19
35 45
35 12
35 44
35 48
35 5
35 41
35 25
35 24
35 22
35 14
35 33
35 26
35 18
35 38
35 3
35 37
35 21
35 7
35 34
24
36 23
36 31
36 16
36 8
36 22
36 6
36 30
36 5
36 19
36 12
36 26
36 35
36 10
36 34
36 49
36 13
36 39
36 40
36 7
36 3
36 0
36 4
36 27
36 14
18
37 42
37 14
37 45
37 40
37 34
37 11
37 44
37 27
37 17
37 7
37 18
37 26
37 48
37 36
37 13
37 31
37 2
37 1
25
38 18
38 21
38 4
38 31
38 20
38 10
38 8
38 41
38 33
38 23
38 28
38 39
38 40
38 3
38 46
38 1
38 37
38 27
38 36
38 11
38 12
38 45
38 49
38 32
38 29
24
39 18
39 2
39 25
39 19
39 3
39 21
39 4
39 31
39 22
39 6
39 13
39 33
39 7
39 30
39 1
39 48
39 12
39 35
39 0
39 15
39 16
39 37
39 46
39 26
20
40 24
40 43
40 11
40 5
40 22
40 6
40 12
40 10
40 20
40 8
40 35
40 21
40 0
40 4
40 39
40 3
40 23
40 17
40 7
40 1
19
41 16
41 40
41 2
41 23
41 27
41 29
41 18
41 25
41 39
41 48
41 47
41 36
41 0
41 31
41 7
41 44
41 49
41 22
41 19
20
42 5
42 41
42 46
42 38
42 9
42 28
42 40
42 47
42 14
42 11
42 16
42 18
42 24
42 2
42 1
42 10
42 0
42 13
42 29
42 39
16
43 29
43 30
43 11
43 46
43 3
43 45
43 8
43 36
43 32
43 24
43 47
43 44
43 1
43 4
43 42
43 27
19
44 28
44 7
44 24
44 5
44 40
44 29
44 39
44 32
44 21
44 8
44 10
44 34
44 36
44 12
44 33
44 17
44 0
44 31
44 13
21
45 13
45 20
45 15
45 16
45 5
45 2
45 6
45 44
45 30
45 27
45 8
45 7
45 0
45 23
45 36
45 19
45 42
45 11
45 32
45 41
45 40
17
46 40
46 2
46 13
46 11
46 49
46 27
46 9
46 25
46 31
46 36
46 34
46 7
46 10
46 41
46 37
46 33
46 24
19
47 5
47 36
47 37
47 44
47 0
47 15
47 46
47 35
47 28
47 45
47 25
47 13
47 19
47 38
47 29
47 21
47 34
47 22
47 2
18
48 43
48 49
48 19
48 11
48 15
48 7
48 9
48 46
48 28
48 45
48 42
48 47
48 14
48 38
48 2
48 1
48 29
48 16
17
49 29
49 14
49 15
49 42
49 43
49 23
49 39
49 6
49 47
49 31
49 35
49 13
49 33
49 27
49 22
49 20
49 30
