50
0 "A6"
1 "A31"
2 "A34"
3 "A28"
4 "A0"
5 "A15"
6 "A3"
7 "A47"
8 "A18"
9 "A1"
10 "A11"
11 "A29"
12 "A43"
13 "A19"
14 "A26"
15 "A46"
16 "A21"
17 "A41"
18 "A12"
19 "A27"
20 "A2"
21 "A23"
22 "A44"
23 "A24"
24 "A38"
25 "A14"
26 "A32"
27 "A16"
28 "A10"
29 "A17"
30 "A48"
31 "A8"
32 "A22"
33 "A37"
34 "A35"
35 "A40"
36 "A42"
37 "A13"
38 "A33"
39 "A39"
40 "A49"
41 "A7"
42 "A25"
43 "A20"
44 "A36"
45 "A5"
46 "A4"
47 "A30"
48 "A9"
49 "A45"
22
0 42
0 10
0 19
0 40
0 45
0 2
0 36
0 3
0 35
0 32
0 16
0 26
0 1
0 46
0 47
0 21
0 18
0 30
0 44
0 28
0 39
0 8
22
1 31
1 32
1 3
1 23
1 27
1 4
1 30
1 17
1 12
1 35
1 2
1 28
1 10
1 7
1 39
1 5
1 6
1 46
1 40
1 14
1 9
1 25
21
2 22
2 15
2 42
2 44
2 9
2 36
2 37
2 48
2 34
2 8
2 43
2 40
2 4
2 23
2 30
2 10
2 21
2 13
2 18
2 38
2 35
17
3 32
3 47
3 9
3 17
3 37
3 38
3 45
3 30
3 31
3 12
3 23
3 28
3 2
3 36
3 11
3 39
3 10
14
4 39
4 18
4 14
4 23
4 26
4 33
4 45
4 44
4 7
4 34
4 17
4 13
4 9
4 5
23
5 40
5 20
5 39
5 0
5 41
5 22
5 44
5 31
5 34
5 25
5 29
5 13
5 48
5 42
5 2
5 10
5 30
5 24
5 37
5 7
5 3
5 46
5 26
17
6 48
6 19
6 2
6 44
6 0
6 8
6 46
6 5
6 4
6 12
6 16
6 9
6 7
6 25
6 13
6 38
6 33
20
7 35
7 26
7 13
7 47
7 32
7 44
7 3
7 46
7 45
7 2
7 22
7 17
7 9
7 0
7 48
7 10
7 19
7 8
7 29
7 16
19
8 24
8 30
8 9
8 4
8 49
8 38
8 27
8 28
8 45
8 1
8 3
8 46
8 39
8 47
8 5
8 14
8 21
8 42
8 36
18
9 14
9 36
9 29
9 24
9 34
9 38
9 10
9 37
9 45
9 33
9 27
9 30
9 41
9 28
9 0
9 31
9 49
9 21
16
10 27
10 42
10 8
10 16
10 46
10 4
10 25
10 37
10 43
10 13
10 34
10 6
10 12
10 40
10 29
10 32
21
11 26
11 42
11 32
11 4
11 10
11 22
11 36
11 45
11 15
11 23
11 8
11 21
11 2
11 34
11 0
11 44
11 12
11 16
11 43
11 49
11 13
20
12 22
12 35
12 39
12 0
12 15
12 34
12 28
12 2
12 29
12 25
12 8
12 21
12 4
12 17
12 36
12 5
12 48
12 14
12 30
12 32
19
13 32
13 34
13 30
13 8
13 3
13 20
13 37
13 36
13 40
13 21
13 12
13 42
13 47
13 1
13 17
13 19
13 14
13 16
13 18
24
14 37
14 5
14 30
14 31
14 27
14 40
14 25
14 22
14 44
14 49
14 41
14 32
14 29
14 16
14 23
14 46
14 34
14 7
14 0
14 2
14 6
14 3
14 11
14 17
20
15 17
15 13
15 45
15 9
15 37
15 28
15 7
15 5
15 42
15 26
15 22
15 47
15 20
15 38
15 4
15 6
15 39
15 8
15 49
15 3
15
16 12
16 4
16 26
16 1
16 41
16 21
16 20
16 25
16 18
16 8
16 29
16 47
16 46
16 3
16 38
20
17 0
17 43
17 5
17 38
17 29
17 28
17 37
17 36
17 8
17 33
17 11
17 44
17 26
17 45
17 20
17 39
17 10
17 35
17 49
17 32
14
18 11
18 15
18 43
18 37
18 17
18 40
18 5
18 6
18 33
18 1
18 29
18 23
18 46
18 14
23
19 8
19 42
19 38
19 15
19 9
19 49
19 1
19 29
19 35
19 28
19 17
19 10
19 12
19 26
19 43
19 30
19 40
19 2
19 14
19 11
19 3
19 46
19 48
20
20 21
20 0
20 44
20 19
20 22
20 42
20 2
20 12
20 47
20 33
20 38
20 10
20 1
20 40
20 32
20 41
20 48
20 6
20 11
20 37
15
21 34
21 25
21 18
21 47
21 27
21 7
21 15
21 5
21 33
21 14
21 3
21 35
21 6
21 4
21 29
25
22 35
22 19
22 48
22 38
22 1
22 42
22 10
22 8
22 40
22 18
22 49
22 30
22 0
22 6
22 33
22 9
22 28
22 25
22 31
22 4
22 39
22 23
22 13
22 43
22 21
20
23 20
23 12
23 19
23 35
23 25
23 44
23 49
23 15
23 30
23 7
23 9
23 6
23 0
23 36
23 8
23 24
23 45
23 38
23 29
23 13
20
24 40
24 46
24 3
24 18
24 37
24 20
24 44
24 31
24 10
24 38
24 33
24 25
24 22
24 1
24 16
24 21
24 30
24 48
24 15
24 4
20
25 18
25 9
25 7
25 38
25 26
25 28
25 2
25 0
25 48
25 17
25 15
25 46
25 41
25 20
25 19
25 43
25 29
25 27
25 47
25 13
18
26 3
26 44
26 18
26 6
26 14
26 8
26 34
26 49
26 12
26 10
26 9
26 47
26 35
26 48
26 37
26 20
26 23
26 21
25
27 6
27 2
27 38
27 46
27 4
27 30
27 36
27 17
27 44
27 24
27 49
27 22
27 45
27 43
27 42
27 5
27 18
27 15
27 0
27 19
27 33
27 26
27 28
27 7
27 11
18
28 46
28 45
28 24
28 26
28 18
28 41
28 10
28 4
28 11
28 7
28 20
28 30
28 40
28 14
28 48
28 35
28 31
28 38
20
29 46
29 27
29 36
29 11
29 2
29 6
29 30
29 28
29 20
29 0
29 42
29 3
29 32
29 1
29 8
29 43
29 13
29 22
29 48
29 34
18
30 10
30 33
30 18
30 6
30 42
30 37
30 26
30 17
30 36
30 7
30 16
30 25
30 20
30 38
30 34
30 15
30 43
30 11
22
31 21
31 11
31 32
31 42
31 29
31 0
31 2
31 13
31 27
31 12
31 25
31 41
31 46
31 10
31 45
31 49
31 7
31 35
31 30
31 17
31 20
31 26
19
32 28
32 19
32 18
32 5
32 2
32 45
32 26
32 6
32 23
32 30
32 15
32 8
32 27
32 49
32 42
32 44
32 9
32 39
32 24
20
33 45
33 46
33 13
33 26
33 8
33 29
33 44
33 19
33 40
33 49
33 11
33 14
33 10
33 31
33 38
33 12
33 5
33 7
33 15
33 28
17
34 35
34 45
34 36
34 31
34 28
34 23
34 25
34 15
34 1
34 37
34 22
34 46
34 19
34 33
34 17
34 41
34 39
20
35 20
35 36
35 16
35 29
35 8
35 41
35 47
35 43
35 42
35 3
35 46
35 39
35 9
35 32
35 37
35 45
35 14
35 30
35 15
35 25
17
36 33
36 25
36 1
36 46
36 45
36 31
36 10
36 16
36 21
36 5
36 22
36 39
36 7
36 24
36 6
36 18
36 47
20
37 6
37 4
37 39
37 33
37 31
37 44
37 45
37 11
37 28
37 16
37 43
37 23
37 12
37 41
37 7
37 27
37 32
37 1
37 0
37 48
17
38 13
38 11
38 41
38 43
38 35
38 26
38 37
38 12
38 0
38 39
38 18
38 49
38 45
38 32
38 44
38 46
38 5
14
39 26
39 30
39 13
39 28
39 9
39 48
39 33
39 11
39 18
39 7
39 23
39 27
39 20
39 10
22
40 7
40 12
40 17
40 29
40 27
40 34
40 39
40 31
40 8
40 3
40 23
40 36
40 11
40 42
40 32
40 38
40 4
40 45
40 35
40 37
40 49
40 30
20
41 0
41 23
41 10
41 1
41 33
41 11
41 7
41 24
41 27
41 32
41 21
41 36
41 45
41 46
41 17
41 26
41 3
41 18
41 2
41 12
25
42 49
42 47
42 16
42 24
42 3
42 48
42 44
42 33
42 34
42 6
42 37
42 4
42 17
42 26
42 25
42 21
42 7
42 18
42 1
42 9
42 45
42 39
42 12
42 28
42 38
23
43 47
43 40
43 39
43 13
43 4
43 26
43 6
43 31
43 34
43 0
43 32
43 36
43 28
43 7
43 48
43 3
43 41
43 23
43 14
43 1
43 42
43 12
43 46
22
44 35
44 18
44 25
44 36
44 40
44 45
44 3
44 49
44 39
44 13
44 16
44 28
44 47
44 21
44 29
44 10
44 1
44 31
44 12
44 9
44 41
44 8
16
45 46
45 6
45 29
45 22
45 5
45 39
45 21
45 25
45 49
45 43
45 2
45 18
45 1
45 19
45 26
45 13
18
46 21
46 23
46 11
46 4
46 26
46 22
46 30
46 49
46 12
46 20
46 15
46 9
46 42
46 44
46 39
46 13
46 40
46 2
21
47 4
47 1
47 49
47 2
47 27
47 12
47 30
47 33
47 37
47 17
47 18
47 6
47 41
47 11
47 38
47 32
47 45
47 34
47 14
47 19
47 28
23
48 1
48 46
48 21
48 44
48 49
48 10
48 33
48 40
48 32
48 13
48 23
48 38
48 4
48 30
48 9
48 16
48 8
48 15
48 11
48 14
48 31
48 27
48 34
20
49 30
49 6
49 21
49 3
49 37
49 1
49 28
49 13
49 4
49 12
49 41
49 16
49 34
49 2
49 36
49 43
49 5
49 20
49 24
49 0
