50
0 "A6"
1 "A31"
2 "A34"
3 "A28"
4 "A0"
5 "A15"
6 "A3"
7 "A47"
8 "A18"
9 "A1"
10 "A11"
11 "A29"
12 "A43"
13 "A19"
14 "A26"
15 "A46"
16 "A21"
17 "A41"
18 "A12"
19 "A27"
20 "A2"
21 "A23"
22 "A44"
23 "A24"
24 "A38"
25 "A14"
26 "A32"
27 "A16"
28 "A10"
29 "A17"
30 "A48"
31 "A8"
32 "A22"
33 "A37"
34 "A35"
35 "A40"
36 "A42"
37 "A13"
38 "A33"
39 "A39"
40 "A49"
41 "A7"
42 "A25"
43 "A20"
44 "A36"
45 "A5"
46 "A4"
47 "A30"
48 "A9"
49 "A45"
20
0 28
0 45
0 20
0 43
0 6
0 31
0 26
0 11
0 19
0 46
0 1
0 47
0 40
0 13
0 33
0 2
0 18
0 42
0 48
0 36
16
1 24
1 13
1 21
1 45
1 39
1 14
1 30
1 15
1 12
1 28
1 6
1 2
1 19
1 40
1 10
1 36
14
2 24
2 42
2 37
2 48
2 40
2 21
2 7
2 36
2 29
2 45
2 46
2 8
2 43
2 28
22
3 0
3 27
3 14
3 23
3 33
3 44
3 36
3 7
3 32
3 6
3 2
3 11
3 37
3 15
3 34
3 49
3 30
3 28
3 17
3 26
3 35
3 19
21
4 26
4 9
4 21
4 17
4 36
4 41
4 5
4 11
4 44
4 32
4 33
4 8
4 39
4 0
4 2
4 23
4 38
4 3
4 29
4 28
4 27
23
5 37
5 21
5 39
5 45
5 38
5 3
5 30
5 42
5 7
5 2
5 19
5 26
5 23
5 17
5 28
5 1
5 49
5 31
5 10
5 0
5 8
5 41
5 40
21
6 25
6 38
6 42
6 33
6 22
6 44
6 46
6 41
6 4
6 7
6 30
6 19
6 23
6 12
6 37
6 5
6 21
6 10
6 26
6 17
6 28
17
7 40
7 24
7 11
7 25
7 42
7 38
7 32
7 19
7 46
7 45
7 8
7 49
7 18
7 13
7 16
7 0
7 17
25
8 9
8 3
8 30
8 25
8 44
8 1
8 14
8 39
8 37
8 21
8 24
8 28
8 36
8 0
8 6
8 49
8 48
8 10
8 23
8 34
8 47
8 45
8 42
8 31
8 11
22
9 42
9 25
9 20
9 21
9 24
9 27
9 40
9 38
9 14
9 43
9 34
9 36
9 37
9 12
9 29
9 31
9 33
9 6
9 28
9 3
9 48
9 7
16
10 18
10 11
10 41
10 46
10 0
10 28
10 19
10 32
10 45
10 47
10 12
10 35
10 7
10 25
10 3
10 20
17
11 43
11 28
11 17
11 26
11 6
11 9
11 22
11 21
11 36
11 1
11 33
11 16
11 19
11 24
11 5
11 35
11 18
25
12 26
12 30
12 35
12 4
12 5
12 29
12 16
12 21
12 31
12 14
12 27
12 24
12 3
12 0
12 44
12 40
12 32
12 7
12 22
12 49
12 28
12 36
12 15
12 23
12 34
20
13 28
13 20
13 29
13 9
13 27
13 36
13 16
13 31
13 17
13 46
13 32
13 40
13 33
13 35
13 38
13 12
13 10
13 39
13 30
13 3
20
14 30
14 5
14 48
14 4
14 37
14 40
14 35
14 11
14 15
14 44
14 32
14 0
14 46
14 33
14 36
14 2
14 27
14 26
14 7
14 25
18
15 49
15 4
15 23
15 2
15 6
15 33
15 38
15 8
15 44
15 31
15 5
15 40
15 43
15 36
15 48
15 41
15 0
15 13
26
16 47
16 19
16 20
16 46
16 44
16 3
16 25
16 5
16 48
16 37
16 2
16 21
16 26
16 9
16 32
16 0
16 18
16 4
16 1
16 10
16 8
16 35
16 22
16 30
16 15
16 6
16
17 35
17 21
17 26
17 49
17 1
17 0
17 36
17 41
17 9
17 48
17 38
17 22
17 15
17 24
17 44
17 28
26
18 4
18 1
18 23
18 39
18 14
18 17
18 30
18 44
18 24
18 29
18 43
18 46
18 9
18 15
18 42
18 12
18 41
18 27
18 5
18 47
18 32
18 40
18 13
18 8
18 6
18 2
21
19 15
19 27
19 2
19 29
19 40
19 8
19 26
19 13
19 17
19 49
19 12
19 28
19 39
19 32
19 44
19 24
19 14
19 20
19 42
19 22
19 38
17
20 43
20 18
20 37
20 21
20 5
20 47
20 3
20 36
20 14
20 39
20 12
20 4
20 40
20 22
20 49
20 17
20 11
17
21 43
21 13
21 18
21 15
21 33
21 45
21 7
21 46
21 29
21 25
21 22
21 38
21 34
21 42
21 47
21 14
21 10
16
22 40
22 28
22 3
22 31
22 1
22 45
22 4
22 14
22 47
22 7
22 30
22 18
22 15
22 39
22 9
22 26
17
23 16
23 26
23 36
23 49
23 20
23 10
23 33
23 25
23 21
23 44
23 7
23 1
23 40
23 13
23 9
23 48
23 17
22
24 10
24 44
24 46
24 3
24 49
24 16
24 20
24 47
24 48
24 4
24 14
24 37
24 35
24 38
24 6
24 30
24 26
24 39
24 22
24 5
24 36
24 32
19
25 15
25 34
25 31
25 4
25 40
25 43
25 1
25 11
25 24
25 17
25 42
25 44
25 39
25 19
25 47
25 5
25 2
25 18
25 13
10
26 44
26 15
26 36
26 9
26 39
26 48
26 25
26 43
26 7
26 8
22
27 6
27 2
27 21
27 5
27 38
27 30
27 43
27 20
27 1
27 42
27 7
27 44
27 11
27 28
27 22
27 29
27 26
27 25
27 17
27 36
27 15
27 10
10
28 45
28 42
28 29
28 21
28 26
28 16
28 25
28 48
28 14
28 23
19
29 26
29 16
29 5
29 34
29 0
29 17
29 22
29 41
29 14
29 43
29 11
29 15
29 10
29 35
29 24
29 30
29 7
29 20
29 39
16
30 21
30 28
30 43
30 7
30 38
30 9
30 23
30 11
30 41
30 20
30 25
30 2
30 44
30 15
30 42
30 46
21
31 32
31 4
31 30
31 29
31 46
31 20
31 39
31 18
31 23
31 41
31 38
31 49
31 19
31 2
31 28
31 24
31 11
31 40
31 17
31 7
31 33
21
32 1
32 2
32 35
32 42
32 9
32 49
32 8
32 36
32 20
32 22
32 21
32 28
32 17
32 26
32 33
32 0
32 45
32 30
32 29
32 27
32 25
22
33 28
33 26
33 25
33 2
33 27
33 20
33 12
33 46
33 18
33 1
33 30
33 5
33 42
33 19
33 41
33 7
33 8
33 38
33 40
33 22
33 10
33 17
22
34 16
34 7
34 31
34 24
34 28
34 32
34 15
34 44
34 20
34 36
34 17
34 11
34 27
34 14
34 37
34 23
34 46
34 33
34 30
34 22
34 19
34 45
25
35 30
35 36
35 8
35 37
35 6
35 41
35 34
35 20
35 0
35 25
35 5
35 42
35 49
35 9
35 22
35 26
35 45
35 48
35 2
35 46
35 15
35 28
35 47
35 18
35 7
19
36 46
36 10
36 40
36 6
36 37
36 29
36 43
36 16
36 21
36 5
36 48
36 18
36 38
36 19
36 25
36 39
36 22
36 33
36 7
22
37 38
37 25
37 39
37 31
37 12
37 0
37 45
37 10
37 26
37 4
37 44
37 15
37 11
37 27
37 19
37 32
37 21
37 43
37 41
37 7
37 30
37 17
18
38 2
38 14
38 49
38 10
38 29
38 0
38 20
38 32
38 43
38 34
38 35
38 22
38 8
38 39
38 26
38 23
38 1
38 18
19
39 6
39 0
39 28
39 32
39 7
39 47
39 21
39 16
39 2
39 34
39 30
39 3
39 49
39 17
39 35
39 12
39 9
39 11
39 48
20
40 39
40 27
40 4
40 10
40 49
40 30
40 42
40 24
40 6
40 38
40 3
40 8
40 35
40 28
40 21
40 29
40 17
40 11
40 34
40 16
27
41 23
41 48
41 1
41 24
41 38
41 7
41 28
41 44
41 43
41 0
41 45
41 3
41 19
41 40
41 9
41 46
41 14
41 42
41 21
41 16
41 13
41 2
41 22
41 20
41 26
41 12
41 34
19
42 13
42 22
42 37
42 1
42 43
42 23
42 47
42 17
42 16
42 3
42 44
42 39
42 26
42 38
42 12
42 45
42 31
42 34
42 20
17
43 7
43 6
43 28
43 3
43 31
43 23
43 16
43 4
43 47
43 39
43 35
43 32
43 48
43 12
43 14
43 45
43 13
16
44 20
44 21
44 28
44 40
44 10
44 9
44 38
44 35
44 2
44 31
44 43
44 29
44 13
44 32
44 22
44 7
19
45 14
45 13
45 48
45 19
45 9
45 46
45 24
45 29
45 6
45 40
45 39
45 16
45 12
45 27
45 26
45 33
45 20
45 11
45 18
18
46 23
46 39
46 44
46 20
46 22
46 37
46 12
46 26
46 32
46 28
46 43
46 42
46 40
46 15
46 17
46 19
46 38
46 25
24
47 17
47 1
47 27
47 5
47 9
47 29
47 7
47 44
47 30
47 33
47 37
47 12
47 14
47 31
47 4
47 41
47 46
47 15
47 2
47 38
47 34
47 19
47 45
47 26
19
48 19
48 18
48 10
48 44
48 33
48 4
48 27
48 20
48 47
48 13
48 12
48 49
48 22
48 37
48 46
48 25
48 3
48 6
48 11
21
49 44
49 21
49 47
49 4
49 1
49 0
49 11
49 33
49 10
49 34
49 36
49 16
49 13
49 46
49 28
49 9
49 37
49 2
49 42
49 18
49 14
