50
0 "A6"
1 "A31"
2 "A34"
3 "A28"
4 "A0"
5 "A15"
6 "A3"
7 "A47"
8 "A18"
9 "A1"
10 "A11"
11 "A29"
12 "A43"
13 "A19"
14 "A26"
15 "A46"
16 "A21"
17 "A41"
18 "A12"
19 "A27"
20 "A2"
21 "A23"
22 "A44"
23 "A24"
24 "A38"
25 "A14"
26 "A32"
27 "A16"
28 "A10"
29 "A17"
30 "A48"
31 "A8"
32 "A22"
33 "A37"
34 "A35"
35 "A40"
36 "A42"
37 "A13"
38 "A33"
39 "A39"
40 "A49"
41 "A7"
42 "A25"
43 "A20"
44 "A36"
45 "A5"
46 "A4"
47 "A30"
48 "A9"
49 "A45"
23
0 13
0 24
0 43
0 39
0 20
0 40
0 17
0 47
0 16
0 11
0 5
0 19
0 45
0 4
0 18
0 48
0 1
0 7
0 21
0 46
0 31
0 22
0 33
22
1 4
1 29
1 3
1 39
1 7
1 10
1 14
1 35
1 21
1 42
1 8
1 36
1 43
1 15
1 25
1 46
1 17
1 41
1 11
1 49
1 13
1 24
22
2 45
2 43
2 9
2 41
2 21
2 33
2 0
2 44
2 39
2 36
2 24
2 1
2 37
2 13
2 38
2 17
2 29
2 11
2 48
2 20
2 25
2 5
16
3 42
3 9
3 17
3 12
3 30
3 5
3 24
3 4
3 15
3 49
3 16
3 8
3 10
3 33
3 11
3 35
18
4 6
4 48
4 41
4 18
4 17
4 14
4 28
4 22
4 19
4 15
4 24
4 45
4 16
4 29
4 32
4 11
4 49
4 42
21
5 33
5 49
5 6
5 47
5 20
5 14
5 19
5 22
5 36
5 35
5 32
5 46
5 34
5 4
5 21
5 1
5 41
5 43
5 48
5 15
5 12
19
6 27
6 19
6 1
6 2
6 38
6 26
6 13
6 0
6 23
6 11
6 3
6 45
6 37
6 39
6 44
6 33
6 8
6 29
6 41
14
7 29
7 35
7 21
7 24
7 47
7 8
7 26
7 40
7 33
7 48
7 9
7 30
7 3
7 45
21
8 22
8 18
8 31
8 34
8 42
8 23
8 49
8 21
8 36
8 44
8 2
8 35
8 13
8 5
8 48
8 4
8 27
8 30
8 32
8 33
8 15
22
9 39
9 17
9 40
9 29
9 14
9 27
9 8
9 49
9 30
9 1
9 24
9 0
9 38
9 35
9 22
9 48
9 46
9 4
9 6
9 33
9 45
9 34
20
10 8
10 14
10 43
10 19
10 49
10 11
10 22
10 37
10 38
10 39
10 13
10 16
10 15
10 4
10 29
10 2
10 24
10 44
10 7
10 0
18
11 49
11 46
11 5
11 48
11 8
11 28
11 15
11 18
11 34
11 47
11 35
11 27
11 9
11 31
11 26
11 39
11 38
11 20
19
12 6
12 45
12 32
12 9
12 16
12 46
12 0
12 4
12 24
12 11
12 37
12 38
12 19
12 36
12 26
12 1
12 25
12 47
12 8
15
13 18
13 34
13 32
13 39
13 17
13 48
13 45
13 4
13 28
13 7
13 20
13 9
13 30
13 42
13 11
21
14 3
14 27
14 28
14 0
14 22
14 7
14 15
14 12
14 30
14 36
14 19
14 37
14 6
14 49
14 18
14 13
14 43
14 29
14 34
14 33
14 26
17
15 22
15 29
15 13
15 32
15 9
15 23
15 12
15 27
15 48
15 19
15 43
15 36
15 26
15 0
15 7
15 28
15 21
17
16 22
16 11
16 42
16 7
16 13
16 49
16 34
16 48
16 17
16 38
16 15
16 32
16 9
16 5
16 41
16 26
16 6
19
17 6
17 26
17 29
17 14
17 5
17 24
17 19
17 49
17 12
17 7
17 22
17 45
17 15
17 43
17 46
17 38
17 42
17 11
17 32
18
18 15
18 9
18 25
18 12
18 26
18 43
18 32
18 6
18 42
18 3
18 45
18 1
18 31
18 23
18 16
18 28
18 30
18 37
18
19 31
19 7
19 2
19 32
19 38
19 45
19 25
19 49
19 35
19 41
19 28
19 8
19 47
19 13
19 33
19 20
19 21
19 11
18
20 36
20 3
20 43
20 14
20 18
20 9
20 15
20 7
20 39
20 31
20 23
20 6
20 16
20 24
20 41
20 30
20 12
20 10
23
21 18
21 48
21 20
21 23
21 38
21 41
21 43
21 45
21 11
21 10
21 24
21 42
21 4
21 46
21 33
21 35
21 12
21 13
21 6
21 44
21 27
21 36
21 16
21
22 28
22 45
22 40
22 36
22 18
22 6
22 32
22 1
22 30
22 2
22 42
22 11
22 20
22 39
22 38
22 31
22 12
22 3
22 21
22 19
22 33
18
23 22
23 16
23 42
23 13
23 40
23 44
23 46
23 17
23 10
23 5
23 7
23 39
23 45
23 30
23 9
23 14
23 0
23 43
18
24 44
24 31
24 22
24 26
24 25
24 48
24 35
24 5
24 43
24 32
24 40
24 28
24 11
24 34
24 19
24 6
24 29
24 46
23
25 46
25 4
25 14
25 0
25 47
25 23
25 29
25 41
25 17
25 28
25 26
25 32
25 16
25 8
25 22
25 9
25 13
25 30
25 39
25 6
25 44
25 49
25 37
16
26 4
26 22
26 34
26 9
26 44
26 32
26 5
26 3
26 1
26 13
26 28
26 0
26 19
26 8
26 2
26 45
20
27 17
27 5
27 7
27 1
27 4
27 39
27 13
27 10
27 26
27 41
27 47
27 25
27 12
27 22
27 2
27 49
27 32
27 3
27 18
27 36
14
28 35
28 27
28 6
28 45
28 17
28 44
28 12
28 42
28 7
28 2
28 3
28 1
28 0
28 10
23
29 8
29 16
29 32
29 19
29 31
29 18
29 5
29 21
29 23
29 33
29 49
29 34
29 20
29 11
29 39
29 22
29 40
29 30
29 3
29 27
29 0
29 45
29 13
25
30 24
30 44
30 11
30 49
30 37
30 48
30 39
30 26
30 27
30 21
30 0
30 19
30 15
30 10
30 1
30 45
30 5
30 35
30 36
30 12
30 38
30 28
30 4
30 6
30 42
27
31 10
31 44
31 27
31 30
31 12
31 45
31 16
31 36
31 37
31 35
31 49
31 26
31 14
31 13
31 23
31 6
31 7
31 33
31 5
31 17
31 9
31 2
31 41
31 3
31 39
31 28
31 48
14
32 39
32 28
32 3
32 40
32 6
32 14
32 9
32 2
32 34
32 23
32 7
32 31
32 10
32 20
19
33 15
33 49
33 13
33 27
33 12
33 18
33 17
33 1
33 26
33 10
33 45
33 34
33 4
33 24
33 23
33 37
33 20
33 41
33 46
18
34 1
34 0
34 25
34 31
34 27
34 6
34 3
34 44
34 20
34 10
34 28
34 7
34 12
34 4
34 2
34 30
34 35
34 21
21
35 41
35 25
35 17
35 0
35 42
35 33
35 22
35 32
35 6
35 15
35 18
35 13
35 4
35 27
35 23
35 26
35 16
35 48
35 39
35 12
35 29
21
36 25
36 11
36 4
36 45
36 28
36 17
36 40
36 6
36 33
36 41
36 42
36 24
36 10
36 32
36 18
36 43
36 35
36 34
36 44
36 26
36 19
22
37 39
37 29
37 4
37 36
37 17
37 8
37 28
37 22
37 46
37 16
37 48
37 3
37 13
37 7
37 42
37 32
37 34
37 11
37 9
37 20
37 15
37 5
16
38 28
38 8
38 27
38 1
38 25
38 35
38 32
38 47
38 18
38 0
38 36
38 37
38 15
38 45
38 44
38 4
16
39 34
39 16
39 15
39 7
39 18
39 21
39 24
39 45
39 14
39 19
39 36
39 4
39 8
39 43
39 28
39 26
26
40 19
40 11
40 8
40 34
40 4
40 42
40 17
40 13
40 15
40 44
40 18
40 3
40 16
40 31
40 14
40 5
40 25
40 26
40 20
40 28
40 21
40 2
40 33
40 38
40 6
40 27
21
41 14
41 26
41 32
41 13
41 17
41 22
41 23
41 8
41 11
41 40
41 12
41 39
41 49
41 0
41 43
41 7
41 46
41 15
41 10
41 34
41 45
21
42 34
42 29
42 5
42 45
42 24
42 26
42 38
42 10
42 12
42 39
42 44
42 15
42 27
42 32
42 11
42 20
42 31
42 2
42 19
42 0
42 14
19
43 4
43 37
43 44
43 13
43 6
43 38
43 29
43 11
43 9
43 47
43 30
43 8
43 28
43 31
43 35
43 42
43 27
43 32
43 40
17
44 9
44 14
44 15
44 22
44 37
44 27
44 39
44 12
44 32
44 33
44 47
44 1
44 49
44 35
44 17
44 3
44 18
20
45 16
45 40
45 8
45 3
45 34
45 11
45 37
45 44
45 46
45 10
45 14
45 43
45 5
45 35
45 24
45 20
45 32
45 27
45 15
45 25
24
46 34
46 42
46 6
46 2
46 49
46 29
46 7
46 16
46 38
46 8
46 18
46 44
46 43
46 36
46 40
46 35
46 15
46 19
46 39
46 14
46 22
46 4
46 26
46 47
17
47 30
47 28
47 4
47 2
47 26
47 32
47 24
47 17
47 21
47 6
47 14
47 10
47 29
47 13
47 9
47 48
47 18
22
48 26
48 18
48 19
48 28
48 43
48 17
48 20
48 41
48 44
48 25
48 12
48 42
48 45
48 46
48 33
48 36
48 23
48 49
48 1
48 32
48 6
48 34
20
49 38
49 21
49 24
49 6
49 2
49 34
49 35
49 36
49 39
49 22
49 12
49 37
49 43
49 26
49 40
49 18
49 32
49 28
49 45
49 15
