50
0 "A6"
1 "A31"
2 "A34"
3 "A28"
4 "A0"
5 "A15"
6 "A3"
7 "A47"
8 "A18"
9 "A1"
10 "A11"
11 "A29"
12 "A43"
13 "A19"
14 "A26"
15 "A46"
16 "A21"
17 "A41"
18 "A12"
19 "A27"
20 "A2"
21 "A23"
22 "A44"
23 "A24"
24 "A38"
25 "A14"
26 "A32"
27 "A16"
28 "A10"
29 "A17"
30 "A48"
31 "A8"
32 "A22"
33 "A37"
34 "A35"
35 "A40"
36 "A42"
37 "A13"
38 "A33"
39 "A39"
40 "A49"
41 "A7"
42 "A25"
43 "A20"
44 "A36"
45 "A5"
46 "A4"
47 "A30"
48 "A9"
49 "A45"
19
0 38
0 11
0 37
0 40
0 2
0 20
0 46
0 4
0 5
0 39
0 10
0 21
0 30
0 34
0 41
0 3
0 9
0 49
0 42
22
1 2
1 42
1 23
1 47
1 30
1 45
1 24
1 28
1 19
1 49
1 31
1 29
1 12
1 37
1 25
1 46
1 35
1 38
1 0
1 11
1 17
1 41
15
2 44
2 21
2 17
2 29
2 4
2 47
2 24
2 6
2 23
2 19
2 15
2 35
2 27
2 9
2 13
21
3 36
3 49
3 8
3 1
3 40
3 47
3 34
3 20
3 15
3 39
3 32
3 45
3 2
3 31
3 33
3 48
3 27
3 35
3 46
3 42
3 10
18
4 12
4 26
4 31
4 35
4 19
4 21
4 43
4 3
4 29
4 23
4 9
4 38
4 1
4 48
4 41
4 39
4 18
4 10
26
5 4
5 17
5 21
5 1
5 8
5 15
5 9
5 33
5 29
5 34
5 19
5 2
5 3
5 28
5 42
5 48
5 38
5 30
5 18
5 36
5 6
5 13
5 43
5 24
5 31
5 49
21
6 49
6 19
6 43
6 35
6 17
6 20
6 46
6 27
6 23
6 28
6 16
6 44
6 41
6 36
6 0
6 12
6 33
6 38
6 1
6 9
6 30
26
7 21
7 19
7 29
7 16
7 38
7 48
7 44
7 41
7 25
7 15
7 33
7 5
7 12
7 28
7 17
7 42
7 2
7 47
7 4
7 49
7 13
7 23
7 18
7 14
7 6
7 9
27
8 10
8 31
8 0
8 38
8 34
8 24
8 23
8 37
8 29
8 20
8 49
8 11
8 17
8 30
8 28
8 33
8 12
8 7
8 40
8 16
8 32
8 9
8 2
8 25
8 46
8 45
8 1
15
9 20
9 1
9 35
9 26
9 10
9 15
9 45
9 49
9 46
9 36
9 32
9 37
9 34
9 22
9 33
20
10 29
10 1
10 18
10 45
10 2
10 23
10 5
10 25
10 21
10 7
10 20
10 12
10 15
10 13
10 17
10 42
10 34
10 44
10 41
10 33
19
11 4
11 46
11 5
11 2
11 49
11 19
11 31
11 23
11 21
11 7
11 9
11 28
11 42
11 40
11 26
11 39
11 12
11 3
11 38
15
12 44
12 16
12 42
12 22
12 45
12 37
12 5
12 13
12 40
12 35
12 17
12 20
12 9
12 25
12 3
13
13 15
13 4
13 22
13 6
13 9
13 40
13 21
13 35
13 38
13 34
13 3
13 1
13 32
20
14 13
14 48
14 47
14 27
14 9
14 38
14 5
14 32
14 34
14 2
14 39
14 36
14 19
14 16
14 4
14 18
14 10
14 15
14 11
14 22
12
15 39
15 41
15 48
15 16
15 4
15 20
15 43
15 44
15 27
15 40
15 23
15 31
17
16 11
16 4
16 24
16 35
16 26
16 23
16 1
16 3
16 17
16 2
16 21
16 45
16 22
16 13
16 5
16 42
16 25
15
17 26
17 32
17 39
17 28
17 41
17 11
17 44
17 29
17 3
17 22
17 31
17 36
17 40
17 19
17 30
24
18 36
18 6
18 33
18 9
18 2
18 19
18 25
18 11
18 13
18 23
18 3
18 16
18 22
18 15
18 24
18 0
18 31
18 12
18 8
18 1
18 42
18 29
18 44
18 45
20
19 40
19 10
19 13
19 37
19 9
19 29
19 8
19 48
19 32
19 3
19 28
19 16
19 30
19 43
19 12
19 23
19 33
19 15
19 35
19 0
20
20 1
20 45
20 41
20 13
20 39
20 2
20 14
20 7
20 5
20 32
20 42
20 38
20 11
20 49
20 23
20 46
20 43
20 31
20 19
20 35
20
21 8
21 31
21 27
21 34
21 14
21 32
21 42
21 15
21 6
21 9
21 17
21 3
21 43
21 23
21 12
21 46
21 30
21 39
21 40
21 48
25
22 20
22 40
22 0
22 5
22 11
22 31
22 23
22 30
22 37
22 21
22 28
22 29
22 34
22 48
22 44
22 27
22 32
22 19
22 8
22 24
22 6
22 4
22 10
22 7
22 25
21
23 31
23 5
23 47
23 42
23 0
23 29
23 24
23 13
23 46
23 45
23 38
23 30
23 44
23 14
23 9
23 12
23 34
23 3
23 49
23 27
23 25
25
24 30
24 6
24 26
24 43
24 32
24 36
24 15
24 41
24 39
24 4
24 21
24 10
24 7
24 25
24 44
24 11
24 9
24 19
24 27
24 20
24 31
24 12
24 29
24 33
24 13
13
25 19
25 3
25 13
25 28
25 17
25 11
25 42
25 21
25 4
25 14
25 15
25 48
25 33
28
26 8
26 27
26 19
26 38
26 2
26 45
26 0
26 7
26 3
26 30
26 31
26 23
26 21
26 10
26 41
26 18
26 6
26 20
26 43
26 29
26 12
26 48
26 25
26 46
26 15
26 22
26 14
26 36
20
27 47
27 4
27 29
27 44
27 0
27 38
27 1
27 34
27 33
27 10
27 5
27 45
27 19
27 11
27 8
27 9
27 49
27 17
27 20
27 39
17
28 4
28 20
28 2
28 24
28 26
28 18
28 36
28 12
28 39
28 45
28 30
28 32
28 42
28 9
28 23
28 43
28 31
22
29 37
29 0
29 38
29 43
29 28
29 47
29 49
29 46
29 39
29 44
29 34
29 41
29 33
29 32
29 3
29 14
29 25
29 11
29 12
29 6
29 31
29 15
20
30 11
30 12
30 15
30 46
30 10
30 33
30 41
30 9
30 34
30 45
30 3
30 29
30 36
30 37
30 7
30 32
30 20
30 42
30 16
30 35
13
31 44
31 25
31 45
31 13
31 19
31 10
31 30
31 9
31 39
31 40
31 35
31 27
31 6
22
32 38
32 12
32 35
32 2
32 31
32 34
32 39
32 45
32 10
32 15
32 40
32 0
32 47
32 46
32 11
32 37
32 41
32 5
32 4
32 27
32 23
32 26
19
33 15
33 4
33 48
33 22
33 14
33 44
33 34
33 17
33 35
33 2
33 11
33 39
33 42
33 26
33 16
33 31
33 13
33 38
33 20
17
34 20
34 26
34 7
34 28
34 40
34 11
34 24
34 1
34 37
34 46
34 12
34 25
34 15
34 2
34 31
34 18
34 35
19
35 46
35 41
35 10
35 23
35 7
35 27
35 28
35 14
35 26
35 49
35 36
35 5
35 17
35 38
35 8
35 21
35 25
35 18
35 15
22
36 0
36 21
36 34
36 11
36 15
36 8
36 33
36 20
36 22
36 7
36 10
36 19
36 43
36 29
36 45
36 2
36 25
36 13
36 47
36 49
36 31
36 42
20
37 26
37 3
37 27
37 20
37 47
37 14
37 42
37 21
37 2
37 11
37 48
37 38
37 6
37 28
37 10
37 25
37 40
37 17
37 18
37 45
18
38 18
38 15
38 30
38 3
38 48
38 19
38 49
38 9
38 17
38 43
38 39
38 16
38 40
38 41
38 31
38 28
38 2
38 12
21
39 2
39 8
39 19
39 35
39 36
39 25
39 42
39 34
39 44
39 45
39 18
39 37
39 30
39 13
39 7
39 6
39 5
39 23
39 48
39 47
39 16
22
40 14
40 25
40 20
40 29
40 4
40 43
40 30
40 27
40 16
40 2
40 44
40 46
40 45
40 6
40 28
40 42
40 35
40 26
40 39
40 47
40 5
40 10
18
41 12
41 44
41 31
41 33
41 27
41 21
41 16
41 34
41 46
41 25
41 11
41 18
41 9
41 47
41 23
41 39
41 5
41 2
12
42 4
42 32
42 8
42 2
42 43
42 29
42 38
42 26
42 22
42 19
42 27
42 34
22
43 23
43 3
43 34
43 16
43 31
43 27
43 32
43 0
43 2
43 13
43 48
43 14
43 9
43 30
43 39
43 37
43 17
43 46
43 35
43 10
43 25
43 8
22
44 37
44 36
44 8
44 14
44 13
44 21
44 16
44 26
44 19
44 43
44 28
44 34
44 1
44 42
44 35
44 38
44 49
44 3
44 0
44 20
44 9
44 5
23
45 46
45 2
45 43
45 5
45 29
45 13
45 4
45 7
45 48
45 34
45 42
45 44
45 41
45 22
45 11
45 25
45 14
45 24
45 0
45 15
45 17
45 35
45 21
12
46 25
46 13
46 28
46 37
46 42
46 33
46 24
46 12
46 19
46 36
46 4
46 39
21
47 43
47 31
47 22
47 10
47 8
47 46
47 6
47 12
47 33
47 20
47 9
47 25
47 19
47 38
47 48
47 4
47 30
47 42
47 45
47 49
47 35
17
48 41
48 36
48 13
48 29
48 16
48 8
48 12
48 20
48 2
48 11
48 30
48 27
48 10
48 34
48 9
48 6
48 17
24
49 34
49 42
49 41
49 22
49 39
49 30
49 2
49 33
49 37
49 4
49 43
49 21
49 12
49 26
49 19
49 10
49 46
49 15
49 28
49 40
49 17
49 18
49 32
49 16
