50
0 "A6"
1 "A31"
2 "A34"
3 "A28"
4 "A0"
5 "A15"
6 "A3"
7 "A47"
8 "A18"
9 "A1"
10 "A11"
11 "A29"
12 "A43"
13 "A19"
14 "A26"
15 "A46"
16 "A21"
17 "A41"
18 "A12"
19 "A27"
20 "A2"
21 "A23"
22 "A44"
23 "A24"
24 "A38"
25 "A14"
26 "A32"
27 "A16"
28 "A10"
29 "A17"
30 "A48"
31 "A8"
32 "A22"
33 "A37"
34 "A35"
35 "A40"
36 "A42"
37 "A13"
38 "A33"
39 "A39"
40 "A49"
41 "A7"
42 "A25"
43 "A20"
44 "A36"
45 "A5"
46 "A4"
47 "A30"
48 "A9"
49 "A45"
19
0 15
0 35
0 11
0 10
0 45
0 25
0 31
0 7
0 48
0 39
0 16
0 2
0 46
0 27
0 22
0 40
0 13
0 43
0 29
17
1 0
1 21
1 44
1 32
1 6
1 17
1 36
1 13
1 23
1 8
1 22
1 42
1 34
1 27
1 49
1 15
1 35
21
2 47
2 33
2 20
2 16
2 18
2 13
2 22
2 28
2 14
2 30
2 41
2 48
2 4
2 26
2 19
2 36
2 6
2 38
2 44
2 21
2 42
23
3 20
3 35
3 14
3 48
3 13
3 44
3 37
3 46
3 8
3 12
3 42
3 32
3 43
3 33
3 15
3 28
3 16
3 1
3 19
3 2
3 38
3 27
3 26
24
4 0
4 36
4 28
4 29
4 22
4 30
4 34
4 9
4 39
4 25
4 15
4 14
4 43
4 17
4 1
4 3
4 23
4 6
4 19
4 21
4 5
4 16
4 7
4 8
24
5 43
5 35
5 12
5 21
5 34
5 41
5 13
5 2
5 0
5 22
5 37
5 17
5 14
5 39
5 1
5 31
5 29
5 20
5 38
5 6
5 32
5 49
5 36
5 3
15
6 20
6 33
6 14
6 12
6 32
6 38
6 36
6 26
6 7
6 34
6 39
6 43
6 40
6 42
6 31
20
7 49
7 30
7 22
7 12
7 48
7 29
7 32
7 44
7 5
7 27
7 19
7 11
7 8
7 40
7 31
7 10
7 14
7 3
7 37
7 1
16
8 30
8 29
8 5
8 16
8 20
8 48
8 33
8 38
8 23
8 21
8 2
8 31
8 11
8 39
8 0
8 47
17
9 16
9 3
9 26
9 21
9 6
9 10
9 37
9 28
9 8
9 38
9 1
9 18
9 30
9 7
9 13
9 34
9 46
27
10 43
10 49
10 37
10 5
10 14
10 26
10 35
10 22
10 33
10 1
10 12
10 11
10 24
10 20
10 48
10 44
10 41
10 4
10 27
10 28
10 6
10 2
10 16
10 34
10 19
10 13
10 18
21
11 6
11 25
11 39
11 23
11 9
11 4
11 38
11 37
11 41
11 26
11 33
11 1
11 46
11 22
11 40
11 48
11 49
11 16
11 21
11 30
11 15
20
12 37
12 31
12 49
12 14
12 40
12 13
12 44
12 11
12 26
12 32
12 4
12 36
12 9
12 0
12 38
12 2
12 35
12 45
12 18
12 15
18
13 11
13 21
13 37
13 41
13 19
13 26
13 36
13 20
13 4
13 35
13 49
13 22
13 14
13 33
13 40
13 29
13 34
13 38
22
14 38
14 23
14 36
14 46
14 42
14 18
14 37
14 48
14 0
14 16
14 1
14 17
14 43
14 49
14 44
14 29
14 11
14 22
14 25
14 39
14 15
14 24
17
15 47
15 17
15 45
15 10
15 20
15 21
15 36
15 37
15 30
15 2
15 44
15 22
15 24
15 7
15 34
15 40
15 18
15
16 19
16 43
16 25
16 32
16 38
16 13
16 5
16 45
16 27
16 49
16 7
16 15
16 48
16 33
16 23
21
17 30
17 2
17 23
17 11
17 41
17 32
17 3
17 21
17 13
17 28
17 8
17 10
17 31
17 33
17 25
17 44
17 27
17 49
17 42
17 16
17 36
20
18 48
18 17
18 5
18 22
18 35
18 44
18 11
18 13
18 1
18 29
18 23
18 3
18 0
18 7
18 16
18 32
18 30
18 24
18 46
18 39
22
19 32
19 17
19 6
19 33
19 47
19 1
19 28
19 20
19 46
19 22
19 14
19 39
19 9
19 30
19 45
19 49
19 37
19 21
19 12
19 29
19 18
19 26
21
20 35
20 29
20 30
20 11
20 31
20 25
20 46
20 16
20 17
20 7
20 0
20 14
20 44
20 12
20 4
20 18
20 37
20 41
20 33
20 23
20 36
20
21 34
21 26
21 49
21 28
21 41
21 38
21 29
21 32
21 27
21 20
21 12
21 16
21 18
21 24
21 0
21 35
21 6
21 46
21 42
21 14
17
22 38
22 16
22 12
22 8
22 20
22 46
22 26
22 9
22 41
22 17
22 44
22 32
22 35
22 42
22 43
22 49
22 21
17
23 6
23 9
23 15
23 5
23 2
23 48
23 22
23 30
23 19
23 21
23 26
23 32
23 46
23 47
23 10
23 42
23 27
24
24 48
24 28
24 42
24 8
24 2
24 16
24 34
24 30
24 43
24 19
24 6
24 11
24 7
24 35
24 33
24 13
24 32
24 44
24 26
24 12
24 1
24 4
24 49
24 41
21
25 9
25 36
25 32
25 47
25 46
25 27
25 2
25 1
25 19
25 38
25 13
25 23
25 24
25 18
25 28
25 48
25 3
25 5
25 41
25 10
25 39
19
26 32
26 17
26 8
26 38
26 25
26 34
26 14
26 45
26 30
26 48
26 35
26 49
26 4
26 28
26 41
26 7
26 47
26 15
26 16
15
27 39
27 12
27 46
27 24
27 31
27 42
27 14
27 5
27 2
27 48
27 9
27 26
27 47
27 8
27 13
20
28 43
28 0
28 38
28 47
28 20
28 36
28 27
28 35
28 7
28 22
28 18
28 23
28 11
28 41
28 15
28 5
28 8
28 39
28 14
28 16
22
29 41
29 15
29 37
29 10
29 36
29 31
29 46
29 1
29 24
29 30
29 11
29 2
29 22
29 45
29 47
29 25
29 44
29 16
29 38
29 49
29 9
29 12
17
30 42
30 1
30 3
30 5
30 0
30 47
30 16
30 49
30 14
30 21
30 33
30 45
30 6
30 28
30 10
30 38
30 27
13
31 4
31 21
31 44
31 19
31 48
31 11
31 13
31 26
31 47
31 14
31 16
31 23
31 2
15
32 14
32 44
32 46
32 30
32 29
32 20
32 31
32 42
32 0
32 37
32 8
32 41
32 2
32 28
32 48
18
33 5
33 28
33 42
33 41
33 0
33 44
33 26
33 40
33 35
33 34
33 1
33 27
33 14
33 43
33 21
33 23
33 7
33 29
19
34 2
34 11
34 29
34 16
34 20
34 8
34 49
34 48
34 0
34 3
34 36
34 17
34 31
34 22
34 12
34 41
34 32
34 30
34 25
21
35 30
35 34
35 8
35 7
35 16
35 36
35 14
35 4
35 17
35 38
35 37
35 32
35 25
35 44
35 48
35 47
35 19
35 15
35 42
35 31
35 39
17
36 32
36 37
36 24
36 18
36 3
36 43
36 49
36 11
36 30
36 31
36 23
36 0
36 19
36 42
36 45
36 16
36 9
18
37 24
37 42
37 28
37 33
37 30
37 31
37 22
37 6
37 23
37 18
37 8
37 43
37 0
37 17
37 4
37 16
37 46
37 25
17
38 27
38 43
38 33
38 31
38 41
38 23
38 17
38 7
38 37
38 0
38 36
38 15
38 49
38 18
38 4
38 24
38 20
21
39 29
39 2
39 33
39 48
39 31
39 24
39 40
39 37
39 12
39 38
39 49
39 1
39 42
39 22
39 16
39 7
39 10
39 45
39 36
39 17
39 23
27
40 22
40 4
40 44
40 45
40 35
40 14
40 36
40 34
40 30
40 20
40 24
40 1
40 29
40 17
40 23
40 10
40 48
40 28
40 16
40 26
40 47
40 21
40 37
40 27
40 32
40 18
40 2
19
41 0
41 6
41 3
41 8
41 1
41 45
41 36
41 12
41 4
41 7
41 18
41 15
41 46
41 31
41 35
41 30
41 14
41 37
41 27
21
42 18
42 28
42 7
42 11
42 4
42 29
42 31
42 25
42 16
42 9
42 8
42 19
42 44
42 20
42 0
42 43
42 12
42 13
42 38
42 49
42 34
26
43 35
43 1
43 30
43 41
43 21
43 44
43 39
43 46
43 29
43 13
43 25
43 34
43 8
43 12
43 40
43 49
43 31
43 11
43 2
43 26
43 7
43 47
43 15
43 18
43 23
43 17
20
44 16
44 8
44 19
44 39
44 45
44 38
44 47
44 41
44 21
44 26
44 34
44 28
44 6
44 9
44 0
44 5
44 25
44 46
44 23
44 27
28
45 24
45 23
45 32
45 46
45 34
45 28
45 42
45 20
45 10
45 7
45 3
45 21
45 14
45 48
45 9
45 8
45 33
45 22
45 35
45 27
45 1
45 17
45 37
45 6
45 13
45 11
45 38
45 31
17
46 42
46 8
46 24
46 35
46 38
46 16
46 33
46 2
46 15
46 1
46 13
46 5
46 6
46 34
46 10
46 17
46 7
23
47 10
47 13
47 4
47 14
47 22
47 16
47 1
47 12
47 17
47 48
47 21
47 6
47 20
47 5
47 41
47 32
47 39
47 0
47 37
47 11
47 49
47 33
47 34
14
48 4
48 29
48 6
48 17
48 38
48 28
48 36
48 30
48 15
48 5
48 9
48 37
48 13
48 43
14
49 4
49 0
49 33
49 37
49 20
49 27
49 40
49 23
49 41
49 35
49 48
49 2
49 31
49 25
