50
0 "A6"
1 "A31"
2 "A34"
3 "A28"
4 "A0"
5 "A15"
6 "A3"
7 "A47"
8 "A18"
9 "A1"
10 "A11"
11 "A29"
12 "A43"
13 "A19"
14 "A26"
15 "A46"
16 "A21"
17 "A41"
18 "A12"
19 "A27"
20 "A2"
21 "A23"
22 "A44"
23 "A24"
24 "A38"
25 "A14"
26 "A32"
27 "A16"
28 "A10"
29 "A17"
30 "A48"
31 "A8"
32 "A22"
33 "A37"
34 "A35"
35 "A40"
36 "A42"
37 "A13"
38 "A33"
39 "A39"
40 "A49"
41 "A7"
42 "A25"
43 "A20"
44 "A36"
45 "A5"
46 "A4"
47 "A30"
48 "A9"
49 "A45"
26
0 26
0 2
0 46
0 13
0 36
0 9
0 19
0 43
0 23
0 49
0 47
0 25
0 40
0 22
0 33
0 27
0 31
0 4
0 16
0 12
0 38
0 42
0 37
0 20
0 10
0 11
14
1 9
1 31
1 28
1 24
1 6
1 45
1 46
1 26
1 22
1 19
1 23
1 29
1 43
1 16
16
2 10
2 25
2 15
2 36
2 26
2 22
2 47
2 49
2 46
2 19
2 34
2 38
2 12
2 28
2 48
2 5
21
3 18
3 13
3 42
3 8
3 7
3 10
3 0
3 1
3 37
3 16
3 27
3 45
3 20
3 47
3 21
3 49
3 29
3 15
3 17
3 2
3 35
16
4 1
4 32
4 36
4 16
4 29
4 31
4 19
4 12
4 42
4 47
4 17
4 6
4 13
4 37
4 33
4 9
24
5 29
5 20
5 17
5 0
5 14
5 44
5 33
5 32
5 47
5 11
5 10
5 31
5 48
5 4
5 3
5 16
5 38
5 43
5 27
5 13
5 9
5 19
5 22
5 23
25
6 43
6 15
6 26
6 8
6 42
6 3
6 10
6 48
6 40
6 32
6 21
6 23
6 5
6 49
6 11
6 39
6 29
6 36
6 45
6 19
6 35
6 0
6 34
6 47
6 12
20
7 29
7 1
7 2
7 45
7 6
7 40
7 44
7 17
7 37
7 48
7 34
7 31
7 11
7 8
7 32
7 4
7 33
7 12
7 43
7 30
14
8 16
8 43
8 27
8 10
8 2
8 44
8 34
8 47
8 41
8 37
8 14
8 26
8 25
8 45
19
9 28
9 7
9 6
9 3
9 31
9 2
9 48
9 25
9 30
9 36
9 37
9 39
9 47
9 14
9 11
9 34
9 46
9 32
9 16
21
10 32
10 18
10 1
10 7
10 14
10 46
10 38
10 49
10 44
10 27
10 35
10 37
10 45
10 21
10 29
10 36
10 48
10 41
10 20
10 22
10 9
28
11 24
11 23
11 42
11 44
11 36
11 33
11 39
11 27
11 4
11 13
11 15
11 20
11 1
11 28
11 2
11 14
11 12
11 18
11 17
11 49
11 3
11 30
11 8
11 32
11 47
11 10
11 41
11 37
13
12 20
12 13
12 19
12 49
12 44
12 3
12 48
12 26
12 8
12 31
12 21
12 34
12 39
24
13 43
13 29
13 32
13 31
13 9
13 47
13 7
13 35
13 6
13 2
13 8
13 41
13 22
13 40
13 39
13 44
13 20
13 33
13 48
13 36
13 18
13 46
13 25
13 27
24
14 45
14 48
14 7
14 6
14 15
14 42
14 41
14 3
14 4
14 12
14 33
14 27
14 22
14 23
14 25
14 1
14 13
14 40
14 36
14 28
14 47
14 35
14 16
14 20
21
15 8
15 45
15 44
15 47
15 10
15 36
15 16
15 48
15 33
15 0
15 38
15 19
15 30
15 22
15 39
15 31
15 5
15 7
15 1
15 42
15 9
17
16 13
16 10
16 25
16 38
16 39
16 6
16 2
16 19
16 47
16 33
16 36
16 29
16 40
16 21
16 12
16 41
16 43
22
17 30
17 9
17 14
17 40
17 35
17 36
17 41
17 22
17 34
17 24
17 33
17 1
17 8
17 25
17 38
17 31
17 10
17 15
17 37
17 29
17 6
17 47
24
18 28
18 38
18 12
18 19
18 24
18 30
18 22
18 36
18 31
18 5
18 32
18 26
18 0
18 2
18 17
18 48
18 8
18 21
18 9
18 14
18 15
18 7
18 16
18 25
15
19 7
19 34
19 49
19 29
19 39
19 43
19 8
19 33
19 9
19 20
19 35
19 37
19 38
19 14
19 30
20
20 1
20 42
20 26
20 16
20 47
20 7
20 43
20 29
20 8
20 6
20 9
20 48
20 33
20 18
20 32
20 44
20 37
20 2
20 25
20 49
23
21 47
21 15
21 32
21 28
21 30
21 39
21 29
21 38
21 45
21 4
21 13
21 0
21 20
21 31
21 22
21 34
21 9
21 7
21 5
21 8
21 14
21 27
21 19
14
22 27
22 24
22 35
22 28
22 31
22 38
22 34
22 36
22 12
22 20
22 4
22 9
22 39
22 6
22
23 24
23 12
23 34
23 18
23 29
23 48
23 25
23 46
23 20
23 39
23 30
23 3
23 15
23 9
23 44
23 8
23 4
23 21
23 2
23 45
23 7
23 16
21
24 12
24 6
24 31
24 7
24 40
24 37
24 44
24 2
24 34
24 14
24 45
24 0
24 32
24 21
24 4
24 10
24 13
24 41
24 19
24 46
24 9
20
25 42
25 21
25 44
25 38
25 10
25 35
25 28
25 6
25 39
25 37
25 36
25 47
25 12
25 34
25 27
25 30
25 24
25 4
25 40
25 41
23
26 32
26 19
26 44
26 46
26 5
26 14
26 16
26 24
26 34
26 49
26 3
26 15
26 28
26 13
26 25
26 39
26 30
26 41
26 45
26 21
26 37
26 17
26 10
21
27 4
27 28
27 34
27 44
27 16
27 6
27 38
27 35
27 12
27 30
27 43
27 9
27 17
27 2
27 39
27 26
27 49
27 31
27 20
27 18
27 36
18
28 6
28 36
28 20
28 12
28 4
28 32
28 45
28 10
28 24
28 17
28 40
28 8
28 15
28 3
28 16
28 5
28 7
28 29
24
29 12
29 25
29 11
29 24
29 34
29 15
29 39
29 40
29 41
29 26
29 48
29 8
29 47
29 18
29 27
29 45
29 36
29 14
29 46
29 44
29 33
29 49
29 22
29 32
19
30 1
30 12
30 40
30 10
30 4
30 8
30 14
30 33
30 16
30 46
30 29
30 43
30 32
30 20
30 13
30 0
30 34
30 22
30 28
17
31 26
31 6
31 23
31 35
31 43
31 34
31 48
31 8
31 3
31 28
31 41
31 42
31 10
31 25
31 11
31 14
31 20
17
32 27
32 43
32 15
32 42
32 38
32 17
32 23
32 8
32 34
32 44
32 45
32 48
32 40
32 25
32 19
32 1
32 31
19
33 2
33 31
33 43
33 35
33 21
33 48
33 28
33 8
33 41
33 40
33 10
33 37
33 49
33 3
33 36
33 42
33 39
33 22
33 27
14
34 18
34 45
34 46
34 10
34 39
34 5
34 3
34 1
34 41
34 20
34 40
34 0
34 15
34 16
19
35 0
35 34
35 24
35 5
35 26
35 21
35 15
35 4
35 1
35 29
35 11
35 23
35 42
35 47
35 30
35 18
35 7
35 16
35 20
16
36 3
36 24
36 5
36 46
36 44
36 43
36 21
36 45
36 49
36 32
36 8
36 1
36 42
36 19
36 23
36 39
21
37 12
37 34
37 38
37 40
37 47
37 15
37 39
37 27
37 2
37 6
37 42
37 28
37 5
37 31
37 13
37 32
37 21
37 35
37 36
37 48
37 18
21
38 29
38 12
38 41
38 20
38 28
38 24
38 26
38 4
38 47
38 36
38 33
38 9
38 3
38 35
38 13
38 39
38 7
38 8
38 49
38 30
38 23
17
39 35
39 41
39 3
39 28
39 47
39 40
39 14
39 48
39 2
39 32
39 30
39 8
39 10
39 5
39 20
39 17
39 24
13
40 18
40 19
40 35
40 42
40 27
40 47
40 11
40 36
40 31
40 5
40 9
40 23
40 10
18
41 4
41 36
41 28
41 48
41 15
41 32
41 22
41 37
41 6
41 45
41 3
41 20
41 7
41 35
41 42
41 19
41 1
41 5
21
42 28
42 7
42 24
42 9
42 23
42 44
42 8
42 13
42 10
42 39
42 16
42 5
42 18
42 30
42 17
42 45
42 22
42 26
42 2
42 21
42 43
20
43 11
43 9
43 41
43 12
43 23
43 44
43 3
43 4
43 28
43 46
43 29
43 40
43 48
43 2
43 47
43 17
43 15
43 18
43 39
43 10
21
44 17
44 6
44 31
44 37
44 21
44 2
44 38
44 4
44 0
44 46
44 18
44 39
44 35
44 22
44 30
44 34
44 40
44 33
44 41
44 28
44 9
16
45 38
45 37
45 43
45 18
45 25
45 40
45 0
45 47
45 16
45 33
45 11
45 2
45 9
45 12
45 31
45 27
26
46 3
46 38
46 39
46 14
46 41
46 45
46 40
46 28
46 11
46 16
46 22
46 12
46 4
46 27
46 42
46 17
46 48
46 8
46 35
46 18
46 47
46 20
46 15
46 5
46 32
46 49
17
47 36
47 26
47 7
47 24
47 31
47 44
47 12
47 30
47 41
47 19
47 33
47 23
47 27
47 42
47 22
47 28
47 1
14
48 30
48 24
48 36
48 0
48 8
48 40
48 44
48 34
48 28
48 22
48 19
48 47
48 38
48 21
24
49 34
49 24
49 35
49 48
49 37
49 40
49 1
49 7
49 41
49 21
49 17
49 42
49 16
49 23
49 25
49 4
49 22
49 9
49 30
49 44
49 32
49 47
49 43
49 5
