50
0 "A6"
1 "A31"
2 "A34"
3 "A28"
4 "A0"
5 "A15"
6 "A3"
7 "A47"
8 "A18"
9 "A1"
10 "A11"
11 "A29"
12 "A43"
13 "A19"
14 "A26"
15 "A46"
16 "A21"
17 "A41"
18 "A12"
19 "A27"
20 "A2"
21 "A23"
22 "A44"
23 "A24"
24 "A38"
25 "A14"
26 "A32"
27 "A16"
28 "A10"
29 "A17"
30 "A48"
31 "A8"
32 "A22"
33 "A37"
34 "A35"
35 "A40"
36 "A42"
37 "A13"
38 "A33"
39 "A39"
40 "A49"
41 "A7"
42 "A25"
43 "A20"
44 "A36"
45 "A5"
46 "A4"
47 "A30"
48 "A9"
49 "A45"
19
0 47
0 10
0 25
0 39
0 36
0 24
0 30
0 48
0 49
0 45
0 28
0 4
0 37
0 42
0 22
0 31
0 16
0 11
0 21
22
1 12
1 0
1 15
1 48
1 36
1 32
1 26
1 33
1 43
1 10
1 20
1 5
1 19
1 9
1 22
1 16
1 14
1 31
1 7
1 18
1 8
1 27
19
2 19
2 48
2 42
2 38
2 6
2 0
2 44
2 24
2 30
2 3
2 1
2 26
2 49
2 43
2 47
2 12
2 16
2 7
2 28
24
3 15
3 40
3 29
3 18
3 6
3 42
3 8
3 28
3 24
3 20
3 31
3 4
3 19
3 22
3 33
3 41
3 7
3 0
3 25
3 35
3 16
3 48
3 49
3 13
19
4 1
4 29
4 2
4 12
4 27
4 47
4 24
4 33
4 22
4 28
4 42
4 16
4 18
4 39
4 15
4 23
4 8
4 19
4 11
21
5 13
5 24
5 15
5 11
5 31
5 23
5 0
5 18
5 4
5 30
5 21
5 3
5 2
5 33
5 43
5 22
5 10
5 12
5 17
5 34
5 48
19
6 4
6 13
6 39
6 16
6 8
6 32
6 43
6 26
6 5
6 10
6 0
6 1
6 33
6 23
6 44
6 47
6 35
6 18
6 25
17
7 0
7 48
7 29
7 4
7 19
7 43
7 22
7 31
7 6
7 35
7 46
7 10
7 37
7 25
7 34
7 26
7 12
15
8 19
8 12
8 37
8 35
8 22
8 44
8 41
8 7
8 0
8 27
8 5
8 47
8 39
8 15
8 2
18
9 28
9 4
9 15
9 8
9 48
9 5
9 21
9 29
9 46
9 44
9 34
9 6
9 24
9 32
9 25
9 12
9 20
9 45
21
10 20
10 29
10 28
10 17
10 22
10 41
10 11
10 44
10 47
10 16
10 23
10 32
10 24
10 12
10 33
10 3
10 45
10 25
10 48
10 4
10 26
15
11 38
11 18
11 22
11 24
11 25
11 3
11 13
11 7
11 32
11 28
11 1
11 30
11 27
11 49
11 33
17
12 0
12 17
12 13
12 44
12 42
12 38
12 22
12 21
12 43
12 37
12 31
12 39
12 19
12 6
12 48
12 36
12 11
17
13 46
13 20
13 27
13 24
13 47
13 0
13 1
13 43
13 4
13 39
13 48
13 45
13 9
13 10
13 8
13 25
13 32
19
14 48
14 10
14 7
14 4
14 35
14 6
14 25
14 9
14 16
14 21
14 40
14 38
14 23
14 28
14 0
14 20
14 2
14 13
14 11
15
15 32
15 14
15 0
15 21
15 39
15 38
15 2
15 28
15 44
15 40
15 45
15 36
15 10
15 31
15 33
18
16 39
16 36
16 32
16 38
16 13
16 37
16 12
16 31
16 41
16 7
16 21
16 19
16 5
16 24
16 47
16 15
16 26
16 9
25
17 32
17 19
17 24
17 39
17 0
17 14
17 8
17 9
17 16
17 21
17 6
17 4
17 47
17 33
17 1
17 13
17 29
17 25
17 41
17 23
17 11
17 18
17 22
17 34
17 26
15
18 30
18 31
18 39
18 36
18 40
18 9
18 48
18 8
18 14
18 33
18 10
18 19
18 32
18 25
18 35
15
19 38
19 5
19 46
19 6
19 29
19 31
19 10
19 9
19 0
19 44
19 14
19 45
19 11
19 21
19 36
28
20 36
20 32
20 16
20 5
20 25
20 40
20 0
20 44
20 48
20 24
20 15
20 41
20 8
20 49
20 4
20 26
20 34
20 47
20 18
20 17
20 19
20 37
20 28
20 27
20 42
20 2
20 35
20 7
15
21 45
21 34
21 22
21 39
21 11
21 33
21 20
21 7
21 47
21 10
21 13
21 27
21 43
21 4
21 1
14
22 28
22 2
22 14
22 18
22 9
22 46
22 32
22 47
22 36
22 40
22 26
22 6
22 39
22 19
17
23 8
23 30
23 45
23 34
23 26
23 32
23 2
23 15
23 20
23 12
23 37
23 27
23 25
23 21
23 3
23 7
23 13
22
24 7
24 19
24 37
24 21
24 25
24 12
24 28
24 38
24 49
24 15
24 14
24 32
24 36
24 39
24 41
24 22
24 46
24 18
24 34
24 40
24 6
24 31
18
25 5
25 39
25 30
25 48
25 42
25 29
25 2
25 4
25 32
25 28
25 49
25 38
25 36
25 8
25 12
25 41
25 16
25 19
19
26 39
26 32
26 19
26 34
26 46
26 14
26 8
26 9
26 12
26 18
26 36
26 0
26 40
26 24
26 13
26 4
26 21
26 25
26 15
22
27 39
27 48
27 0
27 22
27 6
27 16
27 5
27 38
27 34
27 19
27 18
27 36
27 2
27 45
27 12
27 15
27 31
27 28
27 24
27 3
27 25
27 35
17
28 35
28 42
28 5
28 18
28 26
28 12
28 30
28 19
28 1
28 39
28 49
28 36
28 33
28 8
28 38
28 16
28 17
24
29 44
29 20
29 6
29 48
29 22
29 34
29 31
29 42
29 15
29 16
29 2
29 18
29 36
29 30
29 24
29 40
29 27
29 38
29 23
29 26
29 37
29 49
29 14
29 21
24
30 8
30 21
30 33
30 22
30 4
30 37
30 36
30 14
30 32
30 17
30 13
30 40
30 26
30 44
30 43
30 16
30 34
30 48
30 46
30 15
30 20
30 41
30 38
30 27
19
31 32
31 11
31 25
31 41
31 35
31 14
31 42
31 22
31 23
31 46
31 20
31 34
31 8
31 43
31 10
31 26
31 2
31 39
31 28
14
32 37
32 27
32 38
32 8
32 0
32 14
32 40
32 21
32 43
32 45
32 19
32 29
32 48
32 39
22
33 39
33 45
33 2
33 16
33 23
33 25
33 43
33 40
33 26
33 48
33 29
33 14
33 49
33 20
33 9
33 22
33 13
33 27
33 41
33 34
33 7
33 19
21
34 46
34 40
34 48
34 2
34 19
34 16
34 45
34 11
34 49
34 32
34 10
34 8
34 3
34 36
34 13
34 1
34 6
34 18
34 25
34 4
34 43
26
35 5
35 16
35 45
35 42
35 49
35 15
35 24
35 34
35 41
35 25
35 33
35 2
35 46
35 30
35 23
35 37
35 44
35 26
35 10
35 11
35 13
35 4
35 17
35 19
35 32
35 21
16
36 8
36 31
36 10
36 47
36 39
36 40
36 3
36 45
36 14
36 32
36 21
36 17
36 49
36 23
36 11
36 13
18
37 33
37 14
37 5
37 34
37 18
37 44
37 39
37 19
37 27
37 31
37 48
37 46
37 13
37 22
37 21
37 3
37 26
37 36
22
38 39
38 33
38 23
38 20
38 41
38 0
38 37
38 46
38 4
38 47
38 1
38 17
38 8
38 31
38 21
38 6
38 10
38 44
38 22
38 9
38 34
38 13
15
39 34
39 29
39 7
39 35
39 10
39 47
39 11
39 41
39 2
39 48
39 30
39 14
39 45
39 3
39 5
16
40 12
40 35
40 27
40 2
40 19
40 13
40 41
40 37
40 6
40 9
40 42
40 25
40 31
40 11
40 16
40 49
19
41 12
41 26
41 19
41 13
41 28
41 5
41 6
41 48
41 9
41 15
41 23
41 32
41 36
41 29
41 0
41 1
41 27
41 7
41 37
25
42 45
42 19
42 18
42 1
42 33
42 22
42 21
42 30
42 24
42 26
42 8
42 43
42 27
42 9
42 44
42 13
42 10
42 49
42 41
42 39
42 15
42 36
42 7
42 16
42 17
26
43 47
43 3
43 15
43 38
43 18
43 41
43 10
43 35
43 22
43 11
43 20
43 4
43 46
43 9
43 17
43 36
43 24
43 27
43 29
43 37
43 48
43 26
43 40
43 19
43 23
43 14
19
44 36
44 34
44 21
44 3
44 28
44 13
44 47
44 4
44 1
44 22
44 23
44 33
44 7
44 26
44 41
44 18
44 31
44 25
44 0
25
45 20
45 16
45 31
45 24
45 41
45 8
45 6
45 38
45 43
45 28
45 37
45 30
45 17
45 2
45 25
45 40
45 29
45 22
45 14
45 3
45 1
45 18
45 11
45 7
45 49
28
46 32
46 27
46 36
46 17
46 21
46 6
46 41
46 2
46 5
46 3
46 4
46 11
46 47
46 16
46 39
46 48
46 15
46 25
46 1
46 28
46 12
46 40
46 44
46 18
46 20
46 49
46 42
46 33
22
47 40
47 23
47 32
47 42
47 24
47 45
47 15
47 33
47 11
47 27
47 12
47 48
47 25
47 14
47 28
47 26
47 34
47 18
47 9
47 1
47 19
47 3
10
48 17
48 38
48 35
48 28
48 49
48 42
48 31
48 23
48 8
48 22
27
49 38
49 39
49 19
49 44
49 17
49 14
49 4
49 21
49 22
49 16
49 8
49 1
49 37
49 32
49 10
49 30
49 43
49 27
49 5
49 26
49 7
49 41
49 6
49 31
49 9
49 15
49 18
