50
0 "A6"
1 "A31"
2 "A34"
3 "A28"
4 "A0"
5 "A15"
6 "A3"
7 "A47"
8 "A18"
9 "A1"
10 "A11"
11 "A29"
12 "A43"
13 "A19"
14 "A26"
15 "A46"
16 "A21"
17 "A41"
18 "A12"
19 "A27"
20 "A2"
21 "A23"
22 "A44"
23 "A24"
24 "A38"
25 "A14"
26 "A32"
27 "A16"
28 "A10"
29 "A17"
30 "A48"
31 "A8"
32 "A22"
33 "A37"
34 "A35"
35 "A40"
36 "A42"
37 "A13"
38 "A33"
39 "A39"
40 "A49"
41 "A7"
42 "A25"
43 "A20"
44 "A36"
45 "A5"
46 "A4"
47 "A30"
48 "A9"
49 "A45"
20
0 39
0 25
0 34
0 4
0 3
0 21
0 35
0 5
0 37
0 29
0 11
0 30
0 12
0 44
0 28
0 9
0 10
0 20
0 1
0 24
18
1 43
1 11
1 19
1 35
1 20
1 45
1 30
1 48
1 6
1 22
1 8
1 15
1 27
1 24
1 38
1 29
1 16
1 13
19
2 22
2 4
2 1
2 14
2 48
2 38
2 36
2 15
2 34
2 39
2 23
2 7
2 6
2 12
2 13
2 28
2 30
2 43
2 37
19
3 23
3 22
3 31
3 42
3 35
3 33
3 36
3 44
3 45
3 46
3 25
3 40
3 41
3 2
3 7
3 17
3 20
3 47
3 8
23
4 36
4 47
4 20
4 37
4 48
4 39
4 35
4 10
4 44
4 1
4 30
4 8
4 17
4 6
4 33
4 31
4 41
4 18
4 15
4 5
4 28
4 9
4 27
19
5 44
5 49
5 33
5 37
5 2
5 3
5 20
5 48
5 32
5 7
5 31
5 47
5 23
5 28
5 18
5 35
5 38
5 41
5 27
20
6 43
6 14
6 23
6 29
6 37
6 15
6 10
6 21
6 32
6 45
6 13
6 19
6 40
6 36
6 12
6 30
6 38
6 27
6 44
6 33
24
7 1
7 20
7 39
7 0
7 6
7 15
7 44
7 36
7 45
7 41
7 48
7 25
7 40
7 33
7 37
7 46
7 11
7 47
7 23
7 28
7 32
7 8
7 14
7 12
26
8 32
8 37
8 20
8 35
8 45
8 18
8 13
8 6
8 46
8 38
8 24
8 42
8 12
8 31
8 33
8 30
8 26
8 48
8 47
8 44
8 27
8 2
8 28
8 15
8 34
8 0
21
9 11
9 47
9 34
9 43
9 5
9 35
9 40
9 46
9 10
9 27
9 31
9 36
9 13
9 38
9 3
9 24
9 7
9 32
9 18
9 25
9 48
20
10 18
10 15
10 12
10 33
10 2
10 11
10 26
10 5
10 48
10 41
10 28
10 44
10 40
10 8
10 43
10 14
10 16
10 27
10 13
10 35
15
11 5
11 8
11 39
11 17
11 34
11 14
11 36
11 41
11 37
11 45
11 4
11 28
11 32
11 29
11 16
14
12 3
12 46
12 37
12 45
12 47
12 20
12 16
12 43
12 25
12 41
12 49
12 28
12 36
12 21
16
13 5
13 7
13 19
13 28
13 15
13 16
13 37
13 18
13 12
13 35
13 43
13 4
13 38
13 31
13 30
13 34
20
14 37
14 30
14 9
14 12
14 26
14 48
14 1
14 15
14 16
14 24
14 47
14 38
14 45
14 20
14 23
14 36
14 4
14 0
14 18
14 42
14
15 12
15 30
15 38
15 32
15 0
15 22
15 20
15 24
15 5
15 25
15 9
15 23
15 31
15 49
17
16 21
16 25
16 2
16 9
16 7
16 6
16 24
16 47
16 44
16 8
16 46
16 36
16 33
16 29
16 40
16 43
16 4
21
17 28
17 15
17 42
17 25
17 26
17 12
17 23
17 31
17 48
17 10
17 29
17 6
17 8
17 24
17 18
17 16
17 49
17 38
17 43
17 9
17 34
23
18 42
18 22
18 11
18 36
18 32
18 3
18 16
18 46
18 12
18 20
18 26
18 45
18 40
18 0
18 1
18 23
18 25
18 30
18 6
18 44
18 28
18 19
18 29
26
19 42
19 23
19 30
19 9
19 28
19 16
19 40
19 2
19 12
19 14
19 36
19 11
19 8
19 4
19 3
19 35
19 31
19 7
19 24
19 46
19 41
19 17
19 49
19 21
19 0
19 5
18
20 35
20 11
20 19
20 21
20 40
20 13
20 44
20 37
20 25
20 9
20 49
20 42
20 26
20 48
20 17
20 24
20 23
20 31
20
21 23
21 4
21 11
21 7
21 32
21 28
21 34
21 39
21 14
21 2
21 36
21 43
21 47
21 22
21 9
21 38
21 8
21 42
21 10
21 41
27
22 10
22 49
22 26
22 38
22 19
22 24
22 33
22 0
22 47
22 45
22 13
22 17
22 40
22 30
22 6
22 9
22 12
22 37
22 20
22 27
22 36
22 16
22 5
22 46
22 31
22 23
22 43
17
23 4
23 39
23 33
23 47
23 35
23 13
23 26
23 44
23 42
23 30
23 45
23 9
23 1
23 29
23 8
23 16
23 11
17
24 7
24 25
24 43
24 38
24 44
24 21
24 4
24 34
24 5
24 6
24 39
24 11
24 18
24 30
24 12
24 35
24 23
23
25 23
25 39
25 22
25 34
25 48
25 11
25 14
25 27
25 10
25 19
25 29
25 28
25 13
25 2
25 6
25 40
25 4
25 42
25 30
25 44
25 21
25 33
25 5
23
26 13
26 36
26 39
26 35
26 5
26 37
26 34
26 45
26 32
26 3
26 44
26 2
26 19
26 16
26 15
26 11
26 43
26 48
26 6
26 25
26 1
26 21
26 7
19
27 15
27 48
27 33
27 39
27 26
27 14
27 32
27 13
27 23
27 47
27 35
27 7
27 12
27 24
27 0
27 2
27 11
27 17
27 19
16
28 29
28 43
28 33
28 9
28 24
28 31
28 44
28 35
28 48
28 14
28 36
28 16
28 47
28 41
28 26
28 40
23
29 20
29 40
29 12
29 9
29 39
29 47
29 4
29 21
29 10
29 34
29 42
29 26
29 44
29 35
29 5
29 24
29 27
29 7
29 3
29 36
29 8
29 48
29 49
16
30 28
30 45
30 17
30 10
30 27
30 21
30 11
30 26
30 3
30 38
30 12
30 7
30 46
30 35
30 31
30 40
17
31 42
31 45
31 0
31 12
31 16
31 7
31 36
31 23
31 25
31 18
31 1
31 27
31 32
31 6
31 10
31 29
31 21
20
32 17
32 41
32 45
32 2
32 39
32 19
32 28
32 49
32 13
32 16
32 30
32 25
32 37
32 42
32 20
32 38
32 44
32 43
32 23
32 47
21
33 36
33 26
33 35
33 21
33 17
33 39
33 15
33 43
33 30
33 18
33 14
33 32
33 49
33 2
33 9
33 0
33 19
33 42
33 12
33 29
33 11
20
34 18
34 37
34 27
34 16
34 19
34 20
34 14
34 15
34 3
34 32
34 44
34 1
34 30
34 22
34 33
34 10
34 12
34 31
34 38
34 4
19
35 37
35 32
35 16
35 2
35 41
35 31
35 21
35 7
35 17
35 36
35 40
35 18
35 39
35 48
35 25
35 12
35 11
35 49
35 15
17
36 47
36 5
36 20
36 25
36 42
36 30
36 0
36 8
36 27
36 38
36 15
36 10
36 48
36 24
36 46
36 17
36 34
19
37 17
37 28
37 31
37 18
37 23
37 33
37 40
37 10
37 49
37 1
37 21
37 39
37 38
37 30
37 19
37 36
37 9
37 27
37 43
18
38 26
38 12
38 3
38 0
38 4
38 18
38 27
38 35
38 42
38 41
38 23
38 48
38 33
38 31
38 19
38 43
38 16
38 28
20
39 13
39 16
39 49
39 38
39 34
39 18
39 44
39 46
39 10
39 36
39 48
39 1
39 9
39 12
39 19
39 40
39 43
39 28
39 20
39 31
19
40 32
40 14
40 21
40 11
40 45
40 47
40 36
40 15
40 8
40 0
40 38
40 49
40 4
40 24
40 41
40 26
40 43
40 5
40 48
25
41 44
41 9
41 23
41 31
41 6
41 15
41 22
41 0
41 49
41 36
41 1
41 30
41 16
41 47
41 27
41 33
41 13
41 24
41 43
41 39
41 14
41 37
41 20
41 48
41 18
20
42 28
42 45
42 37
42 46
42 6
42 13
42 34
42 1
42 40
42 2
42 22
42 16
42 35
42 47
42 39
42 15
42 9
42 27
42 24
42 12
15
43 15
43 34
43 46
43 30
43 36
43 7
43 5
43 11
43 31
43 20
43 19
43 23
43 27
43 42
43 0
10
44 37
44 43
44 21
44 11
44 40
44 14
44 22
44 42
44 27
44 31
20
45 17
45 36
45 44
45 27
45 37
45 19
45 21
45 16
45 41
45 38
45 34
45 24
45 15
45 25
45 5
45 2
45 39
45 28
45 13
45 46
20
46 28
46 10
46 35
46 34
46 14
46 2
46 1
46 49
46 25
46 29
46 4
46 47
46 41
46 31
46 23
46 44
46 32
46 20
46 37
46 15
22
47 48
47 37
47 38
47 13
47 19
47 31
47 30
47 1
47 17
47 45
47 15
47 26
47 6
47 10
47 24
47 20
47 43
47 0
47 2
47 18
47 34
47 49
22
48 23
48 24
48 42
48 33
48 49
48 21
48 11
48 43
48 44
48 45
48 34
48 30
48 12
48 22
48 6
48 19
48 32
48 18
48 0
48 13
48 31
48 15
22
49 13
49 18
49 2
49 45
49 43
49 11
49 30
49 24
49 21
49 38
49 34
49 6
49 9
49 26
49 28
49 10
49 42
49 16
49 27
49 7
49 25
49 44
