50
0 "A6"
1 "A31"
2 "A34"
3 "A28"
4 "A0"
5 "A15"
6 "A3"
7 "A47"
8 "A18"
9 "A1"
10 "A11"
11 "A29"
12 "A43"
13 "A19"
14 "A26"
15 "A46"
16 "A21"
17 "A41"
18 "A12"
19 "A27"
20 "A2"
21 "A23"
22 "A44"
23 "A24"
24 "A38"
25 "A14"
26 "A32"
27 "A16"
28 "A10"
29 "A17"
30 "A48"
31 "A8"
32 "A22"
33 "A37"
34 "A35"
35 "A40"
36 "A42"
37 "A13"
38 "A33"
39 "A39"
40 "A49"
41 "A7"
42 "A25"
43 "A20"
44 "A36"
45 "A5"
46 "A4"
47 "A30"
48 "A9"
49 "A45"
18
0 31
0 39
0 32
0 20
0 45
0 4
0 44
0 42
0 47
0 12
0 17
0 26
0 19
0 15
0 43
0 36
0 46
0 13
22
1 36
1 41
1 37
1 39
1 46
1 31
1 5
1 24
1 15
1 34
1 6
1 7
1 42
1 26
1 22
1 40
1 21
1 32
1 9
1 47
1 43
1 8
21
2 39
2 16
2 11
2 45
2 5
2 24
2 14
2 3
2 31
2 46
2 12
2 7
2 8
2 10
2 4
2 21
2 13
2 48
2 20
2 35
2 1
18
3 20
3 48
3 30
3 0
3 14
3 13
3 18
3 39
3 10
3 46
3 21
3 9
3 28
3 31
3 25
3 38
3 27
3 8
22
4 1
4 42
4 35
4 47
4 20
4 49
4 46
4 43
4 11
4 27
4 25
4 16
4 45
4 31
4 26
4 38
4 32
4 48
4 18
4 7
4 37
4 39
19
5 44
5 48
5 28
5 18
5 25
5 40
5 45
5 10
5 20
5 33
5 22
5 23
5 34
5 24
5 19
5 36
5 26
5 7
5 32
28
6 29
6 20
6 24
6 23
6 47
6 28
6 37
6 2
6 43
6 12
6 31
6 41
6 45
6 27
6 46
6 11
6 10
6 33
6 19
6 48
6 5
6 8
6 44
6 3
6 7
6 22
6 26
6 38
22
7 38
7 16
7 33
7 49
7 48
7 11
7 40
7 27
7 8
7 14
7 18
7 39
7 17
7 20
7 29
7 45
7 0
7 42
7 9
7 46
7 15
7 37
16
8 27
8 35
8 13
8 26
8 0
8 47
8 5
8 12
8 48
8 34
8 43
8 25
8 28
8 17
8 30
8 4
22
9 35
9 10
9 2
9 22
9 8
9 40
9 38
9 26
9 37
9 15
9 17
9 41
9 23
9 45
9 28
9 19
9 24
9 0
9 33
9 4
9 25
9 34
19
10 26
10 27
10 20
10 45
10 36
10 21
10 11
10 13
10 7
10 46
10 28
10 8
10 33
10 15
10 25
10 1
10 30
10 32
10 39
11
11 8
11 15
11 37
11 35
11 5
11 9
11 23
11 40
11 0
11 3
11 47
25
12 30
12 31
12 3
12 38
12 49
12 42
12 16
12 18
12 39
12 13
12 7
12 27
12 19
12 32
12 25
12 9
12 24
12 1
12 35
12 47
12 11
12 14
12 28
12 4
12 17
13
13 35
13 32
13 46
13 23
13 5
13 34
13 36
13 6
13 27
13 7
13 44
13 21
13 30
14
14 24
14 25
14 30
14 28
14 0
14 33
14 41
14 37
14 8
14 39
14 38
14 1
14 35
14 13
20
15 23
15 6
15 49
15 34
15 48
15 25
15 26
15 46
15 35
15 29
15 21
15 2
15 3
15 20
15 36
15 38
15 12
15 4
15 5
15 8
26
16 35
16 9
16 20
16 41
16 38
16 5
16 49
16 6
16 27
16 13
16 26
16 34
16 33
16 0
16 11
16 8
16 46
16 10
16 3
16 43
16 18
16 25
16 21
16 29
16 42
16 14
19
17 11
17 2
17 24
17 33
17 34
17 6
17 4
17 38
17 46
17 29
17 22
17 43
17 44
17 10
17 45
17 16
17 47
17 32
17 40
17
18 48
18 21
18 43
18 30
18 17
18 0
18 22
18 19
18 35
18 45
18 44
18 11
18 14
18 6
18 8
18 33
18 38
20
19 14
19 2
19 34
19 10
19 41
19 27
19 48
19 23
19 3
19 7
19 24
19 40
19 39
19 22
19 20
19 8
19 35
19 4
19 1
19 31
16
20 42
20 28
20 35
20 47
20 18
20 23
20 1
20 14
20 17
20 37
20 38
20 22
20 25
20 33
20 39
20 8
16
21 28
21 5
21 25
21 19
21 9
21 43
21 39
21 45
21 17
21 41
21 36
21 38
21 46
21 20
21 35
21 6
23
22 12
22 28
22 2
22 44
22 27
22 48
22 10
22 8
22 0
22 38
22 35
22 3
22 36
22 23
22 4
22 15
22 7
22 13
22 37
22 11
22 31
22 26
22 34
19
23 1
23 2
23 39
23 12
23 29
23 35
23 3
23 25
23 4
23 32
23 8
23 47
23 21
23 42
23 7
23 16
23 18
23 14
23 41
20
24 34
24 42
24 10
24 8
24 48
24 35
24 30
24 3
24 21
24 32
24 4
24 18
24 13
24 20
24 25
24 23
24 16
24 36
24 49
24 7
11
25 43
25 38
25 27
25 19
25 18
25 7
25 49
25 36
25 6
25 34
25 2
23
26 48
26 27
26 2
26 30
26 18
26 12
26 20
26 21
26 33
26 44
26 17
26 13
26 28
26 3
26 25
26 36
26 34
26 42
26 38
26 19
26 29
26 37
26 24
14
27 35
27 14
27 39
27 21
27 17
27 33
27 2
27 23
27 42
27 24
27 15
27 37
27 0
27 41
20
28 19
28 43
28 0
28 38
28 39
28 45
28 47
28 34
28 2
28 15
28 41
28 30
28 13
28 25
28 7
28 49
28 1
28 24
28 17
28 33
26
29 1
29 18
29 14
29 11
29 42
29 27
29 48
29 25
29 40
29 33
29 4
29 8
29 20
29 39
29 5
29 41
29 28
29 9
29 24
29 10
29 46
29 2
29 44
29 12
29 13
29 0
24
30 37
30 47
30 35
30 1
30 29
30 15
30 43
30 38
30 4
30 19
30 21
30 25
30 7
30 6
30 16
30 48
30 17
30 0
30 5
30 44
30 46
30 11
30 32
30 2
22
31 21
31 15
31 30
31 34
31 20
31 10
31 29
31 47
31 39
31 18
31 48
31 28
31 44
31 32
31 46
31 23
31 13
31 17
31 16
31 14
31 5
31 49
21
32 2
32 47
32 28
32 26
32 14
32 34
32 7
32 11
32 3
32 36
32 43
32 27
32 22
32 9
32 48
32 33
32 8
32 42
32 29
32 25
32 40
16
33 43
33 4
33 37
33 30
33 19
33 2
33 23
33 40
33 39
33 48
33 24
33 0
33 3
33 25
33 21
33 41
24
34 30
34 23
34 0
34 3
34 10
34 27
34 6
34 42
34 29
34 47
34 7
34 20
34 11
34 12
34 4
34 45
34 41
34 37
34 18
34 43
34 38
34 14
34 44
34 46
18
35 47
35 32
35 25
35 1
35 37
35 0
35 38
35 26
35 33
35 29
35 6
35 31
35 41
35 5
35 28
35 7
35 10
35 40
23
36 11
36 31
36 9
36 12
36 8
36 40
36 4
36 19
36 34
36 33
36 28
36 27
36 45
36 6
36 42
36 39
36 17
36 30
36 16
36 2
36 38
36 46
36 7
20
37 41
37 17
37 23
37 42
37 0
37 12
37 15
37 40
37 13
37 18
37 19
37 29
37 31
37 3
37 5
37 8
37 24
37 28
37 46
37 2
14
38 11
38 48
38 10
38 0
38 47
38 13
38 44
38 37
38 5
38 39
38 41
38 31
38 24
38 2
20
39 8
39 42
39 16
39 15
39 11
39 41
39 32
39 17
39 22
39 25
39 5
39 26
39 49
39 13
39 24
39 9
39 6
39 18
39 44
39 34
22
40 31
40 6
40 24
40 16
40 41
40 30
40 21
40 23
40 0
40 4
40 13
40 26
40 25
40 49
40 46
40 48
40 22
40 39
40 38
40 34
40 43
40 12
20
41 17
41 11
41 24
41 48
41 26
41 10
41 31
41 18
41 5
41 46
41 22
41 44
41 15
41 8
41 30
41 3
41 20
41 2
41 7
41 25
19
42 45
42 41
42 17
42 6
42 48
42 28
42 30
42 33
42 3
42 31
42 13
42 14
42 11
42 5
42 10
42 9
42 47
42 2
42 18
24
43 9
43 35
43 41
43 46
43 37
43 42
43 26
43 12
43 20
43 11
43 22
43 13
43 47
43 39
43 2
43 14
43 3
43 24
43 7
43 15
43 19
43 31
43 23
43 27
22
44 45
44 36
44 33
44 16
44 43
44 8
44 40
44 14
44 28
44 47
44 10
44 12
44 42
44 7
44 25
44 2
44 15
44 4
44 9
44 35
44 32
44 3
20
45 35
45 14
45 12
45 47
45 43
45 20
45 16
45 8
45 48
45 30
45 41
45 32
45 40
45 11
45 39
45 15
45 3
45 29
45 46
45 26
20
46 44
46 11
46 32
46 24
46 23
46 28
46 12
46 42
46 26
46 18
46 27
46 20
46 47
46 25
46 38
46 14
46 9
46 39
46 22
46 8
17
47 10
47 3
47 37
47 24
47 36
47 25
47 22
47 49
47 40
47 9
47 39
47 41
47 13
47 5
47 29
47 16
47 27
13
48 47
48 13
48 20
48 37
48 23
48 36
48 39
48 35
48 10
48 28
48 34
48 11
48 21
21
49 3
49 0
49 42
49 22
49 30
49 38
49 48
49 34
49 20
49 8
49 33
49 10
49 32
49 6
49 19
49 35
49 17
49 29
49 37
49 46
49 5
