50
0 "A1"
1 "A10"
2 "A13"
3 "A8"
4 "A14"
5 "A20"
6 "A6"
7 "A25"
8 "A24"
9 "A38"
10 "A0"
11 "A31"
12 "A44"
13 "A19"
14 "A33"
15 "A4"
16 "A26"
17 "A7"
18 "A39"
19 "A21"
20 "A34"
21 "A29"
22 "A16"
23 "A35"
24 "A3"
25 "A41"
26 "A22"
27 "A37"
28 "A23"
29 "A18"
30 "A28"
31 "A42"
32 "A47"
33 "A43"
34 "A2"
35 "A12"
36 "A40"
37 "A11"
38 "A32"
39 "A49"
40 "A48"
41 "A17"
42 "A9"
43 "A5"
44 "A46"
45 "A36"
46 "A15"
47 "A45"
48 "A30"
49 "A27"
15
0 48
0 6
0 35
0 1
0 42
0 49
0 46
0 40
0 29
0 11
0 24
0 26
0 30
0 37
0 31
22
1 33
1 44
1 4
1 46
1 7
1 18
1 49
1 8
1 24
1 38
1 31
1 40
1 22
1 41
1 26
1 5
1 39
1 28
1 11
1 15
1 35
1 34
20
2 24
2 7
2 39
2 28
2 1
2 43
2 29
2 0
2 49
2 6
2 13
2 26
2 37
2 42
2 17
2 36
2 3
2 12
2 20
2 10
20
3 48
3 16
3 13
3 30
3 43
3 33
3 27
3 29
3 8
3 49
3 46
3 17
3 24
3 4
3 18
3 20
3 26
3 28
3 9
3 31
14
4 29
4 21
4 40
4 48
4 22
4 43
4 44
4 34
4 36
4 47
4 2
4 42
4 6
4 0
17
5 7
5 44
5 18
5 41
5 4
5 17
5 36
5 32
5 8
5 13
5 6
5 45
5 10
5 14
5 0
5 12
5 23
24
6 31
6 27
6 36
6 23
6 24
6 3
6 15
6 28
6 33
6 44
6 10
6 45
6 9
6 14
6 17
6 1
6 34
6 12
6 48
6 41
6 49
6 11
6 43
6 40
29
7 30
7 34
7 31
7 9
7 21
7 19
7 6
7 28
7 26
7 40
7 36
7 38
7 44
7 29
7 43
7 48
7 46
7 18
7 39
7 3
7 10
7 15
7 41
7 22
7 37
7 24
7 17
7 0
7 47
16
8 27
8 49
8 42
8 17
8 6
8 26
8 15
8 38
8 21
8 29
8 19
8 0
8 13
8 40
8 20
8 4
24
9 44
9 34
9 20
9 32
9 0
9 12
9 14
9 16
9 17
9 45
9 4
9 2
9 43
9 19
9 30
9 5
9 42
9 36
9 8
9 33
9 1
9 47
9 10
9 29
22
10 26
10 32
10 43
10 40
10 14
10 19
10 45
10 1
10 31
10 46
10 20
10 27
10 36
10 11
10 3
10 18
10 28
10 37
10 29
10 44
10 0
10 25
23
11 22
11 12
11 47
11 5
11 8
11 23
11 42
11 27
11 3
11 30
11 17
11 38
11 4
11 14
11 7
11 37
11 2
11 33
11 18
11 9
11 49
11 43
11 26
20
12 29
12 1
12 30
12 8
12 35
12 3
12 44
12 7
12 37
12 10
12 31
12 23
12 49
12 47
12 13
12 45
12 34
12 17
12 27
12 26
23
13 28
13 21
13 16
13 46
13 32
13 42
13 1
13 0
13 37
13 22
13 4
13 44
13 23
13 49
13 7
13 26
13 48
13 17
13 45
13 31
13 36
13 30
13 25
20
14 20
14 42
14 1
14 33
14 8
14 13
14 45
14 46
14 4
14 37
14 30
14 21
14 12
14 32
14 22
14 39
14 40
14 16
14 29
14 15
24
15 30
15 49
15 47
15 10
15 26
15 2
15 21
15 20
15 4
15 24
15 36
15 29
15 19
15 28
15 0
15 11
15 39
15 35
15 9
15 16
15 34
15 5
15 42
15 32
18
16 4
16 39
16 18
16 27
16 35
16 31
16 10
16 19
16 11
16 42
16 36
16 30
16 0
16 7
16 32
16 5
16 33
16 28
22
17 15
17 43
17 0
17 47
17 33
17 29
17 20
17 49
17 10
17 4
17 37
17 25
17 31
17 14
17 46
17 44
17 39
17 28
17 42
17 16
17 27
17 32
18
18 36
18 27
18 0
18 9
18 37
18 24
18 8
18 12
18 43
18 25
18 6
18 15
18 47
18 33
18 42
18 13
18 4
18 38
21
19 3
19 27
19 25
19 40
19 13
19 6
19 5
19 12
19 17
19 43
19 14
19 31
19 2
19 26
19 33
19 18
19 30
19 38
19 22
19 46
19 45
17
20 12
20 24
20 32
20 4
20 41
20 44
20 16
20 18
20 37
20 6
20 13
20 0
20 42
20 11
20 47
20 5
20 19
21
21 18
21 3
21 5
21 2
21 19
21 27
21 16
21 39
21 42
21 0
21 32
21 49
21 12
21 20
21 28
21 24
21 1
21 44
21 6
21 43
21 9
19
22 18
22 28
22 5
22 33
22 41
22 3
22 8
22 16
22 17
22 39
22 44
22 29
22 6
22 20
22 43
22 30
22 12
22 24
22 45
25
23 35
23 19
23 0
23 41
23 10
23 8
23 17
23 15
23 38
23 16
23 18
23 3
23 47
23 32
23 31
23 20
23 29
23 9
23 36
23 2
23 28
23 39
23 21
23 48
23 4
22
24 10
24 35
24 37
24 19
24 14
24 45
24 36
24 9
24 31
24 16
24 44
24 41
24 29
24 38
24 30
24 47
24 8
24 27
24 4
24 25
24 12
24 11
19
25 46
25 35
25 43
25 32
25 11
25 7
25 47
25 2
25 16
25 8
25 45
25 9
25 4
25 44
25 28
25 36
25 14
25 42
25 1
17
26 43
26 18
26 28
26 17
26 5
26 25
26 39
26 6
26 31
26 9
26 20
26 46
26 37
26 48
26 22
26 34
26 21
19
27 42
27 26
27 9
27 22
27 48
27 23
27 39
27 15
27 30
27 47
27 31
27 34
27 4
27 25
27 1
27 0
27 45
27 32
27 14
21
28 33
28 27
28 37
28 48
28 49
28 19
28 43
28 11
28 14
28 4
28 44
28 8
28 40
28 18
28 35
28 0
28 20
28 39
28 41
28 31
28 9
17
29 32
29 45
29 36
29 1
29 16
29 20
29 43
29 26
29 48
29 39
29 25
29 27
29 5
29 11
29 44
29 40
29 21
20
30 8
30 32
30 21
30 18
30 41
30 35
30 23
30 25
30 36
30 5
30 26
30 28
30 33
30 2
30 10
30 4
30 1
30 20
30 45
30 44
16
31 39
31 36
31 37
31 29
31 11
31 22
31 14
31 47
31 40
31 46
31 25
31 49
31 44
31 18
31 21
31 15
18
32 31
32 12
32 41
32 40
32 49
32 36
32 8
32 39
32 0
32 3
32 38
32 22
32 1
32 6
32 2
32 4
32 11
32 48
16
33 27
33 2
33 24
33 32
33 13
33 49
33 42
33 39
33 43
33 12
33 10
33 4
33 38
33 0
33 31
33 7
21
34 2
34 3
34 35
34 31
34 42
34 28
34 47
34 14
34 18
34 5
34 10
34 22
34 0
34 37
34 21
34 11
34 23
34 13
34 17
34 30
34 24
21
35 13
35 6
35 29
35 33
35 2
35 26
35 22
35 27
35 31
35 21
35 20
35 3
35 10
35 18
35 41
35 11
35 19
35 45
35 40
35 9
35 4
17
36 45
36 44
36 3
36 21
36 1
36 46
36 48
36 27
36 41
36 14
36 40
36 0
36 11
36 26
36 17
36 34
36 20
21
37 43
37 48
37 30
37 33
37 36
37 49
37 27
37 5
37 29
37 42
37 40
37 38
37 32
37 25
37 4
37 46
37 15
37 8
37 16
37 21
37 23
19
38 0
38 16
38 44
38 10
38 28
38 3
38 49
38 17
38 6
38 26
38 27
38 14
38 43
38 20
38 22
38 29
38 4
38 30
38 5
18
39 24
39 19
39 37
39 12
39 18
39 44
39 5
39 41
39 40
39 9
39 0
39 43
39 38
39 8
39 34
39 36
39 46
39 11
20
40 5
40 22
40 12
40 13
40 38
40 44
40 43
40 11
40 23
40 47
40 27
40 3
40 17
40 25
40 2
40 24
40 45
40 15
40 33
40 16
15
41 14
41 38
41 19
41 18
41 31
41 10
41 34
41 0
41 25
41 13
41 2
41 15
41 11
41 26
41 46
23
42 19
42 32
42 43
42 6
42 38
42 40
42 10
42 39
42 49
42 1
42 26
42 28
42 48
42 7
42 12
42 36
42 35
42 31
42 30
42 46
42 29
42 5
42 24
17
43 41
43 34
43 14
43 13
43 44
43 27
43 12
43 35
43 0
43 24
43 48
43 36
43 15
43 30
43 1
43 16
43 8
14
44 32
44 8
44 41
44 19
44 26
44 34
44 15
44 45
44 16
44 33
44 0
44 3
44 2
44 23
19
45 1
45 0
45 39
45 32
45 7
45 4
45 42
45 33
45 16
45 48
45 21
45 37
45 20
45 38
45 11
45 47
45 26
45 34
45 15
22
46 48
46 45
46 9
46 35
46 21
46 15
46 20
46 38
46 29
46 34
46 32
46 30
46 8
46 23
46 2
46 18
46 11
46 27
46 47
46 24
46 5
46 40
21
47 37
47 38
47 22
47 44
47 32
47 0
47 33
47 19
47 28
47 13
47 49
47 39
47 5
47 41
47 1
47 26
47 21
47 3
47 6
47 30
47 36
18
48 12
48 14
48 44
48 33
48 34
48 5
48 8
48 2
48 20
48 16
48 49
48 19
48 24
48 21
48 1
48 17
48 22
48 9
15
49 41
49 40
49 44
49 7
49 43
49 19
49 14
49 23
49 20
49 24
49 39
49 36
49 18
49 25
49 5
