50
0 "A47"
1 "A48"
2 "A6"
3 "A20"
4 "A16"
5 "A10"
6 "A13"
7 "A42"
8 "A33"
9 "A46"
10 "A22"
11 "A3"
12 "A19"
13 "A21"
14 "A27"
15 "A41"
16 "A1"
17 "A12"
18 "A29"
19 "A39"
20 "A2"
21 "A49"
22 "A26"
23 "A14"
24 "A40"
25 "A7"
26 "A37"
27 "A44"
28 "A31"
29 "A25"
30 "A28"
31 "A18"
32 "A9"
33 "A24"
34 "A8"
35 "A32"
36 "A15"
37 "A34"
38 "A36"
39 "A11"
40 "A4"
41 "A23"
42 "A45"
43 "A30"
44 "A0"
45 "A38"
46 "A5"
47 "A43"
48 "A17"
49 "A35"
23
0 7
0 28
0 30
0 31
0 17
0 6
0 4
0 33
0 39
0 13
0 47
0 40
0 16
0 12
0 11
0 22
0 19
0 5
0 37
0 1
0 25
0 46
0 43
19
1 32
1 37
1 20
1 40
1 6
1 5
1 23
1 3
1 36
1 41
1 31
1 28
1 46
1 47
1 14
1 17
1 2
1 26
1 4
11
2 15
2 30
2 39
2 32
2 27
2 49
2 45
2 44
2 16
2 47
2 6
23
3 10
3 34
3 45
3 9
3 22
3 0
3 30
3 43
3 12
3 23
3 15
3 16
3 6
3 29
3 27
3 48
3 8
3 49
3 44
3 26
3 13
3 17
3 32
21
4 48
4 45
4 44
4 21
4 37
4 29
4 32
4 28
4 39
4 25
4 16
4 12
4 27
4 5
4 20
4 33
4 30
4 2
4 3
4 42
4 11
22
5 36
5 3
5 44
5 15
5 31
5 14
5 42
5 38
5 41
5 34
5 39
5 35
5 26
5 17
5 16
5 2
5 47
5 13
5 21
5 25
5 6
5 24
19
6 31
6 38
6 46
6 43
6 13
6 23
6 4
6 47
6 22
6 42
6 49
6 15
6 17
6 36
6 18
6 8
6 20
6 34
6 11
18
7 37
7 27
7 33
7 12
7 48
7 8
7 20
7 40
7 13
7 15
7 5
7 2
7 34
7 1
7 16
7 19
7 38
7 43
17
8 38
8 14
8 22
8 41
8 32
8 5
8 20
8 43
8 19
8 27
8 45
8 4
8 1
8 2
8 40
8 0
8 24
20
9 11
9 33
9 43
9 13
9 48
9 34
9 15
9 42
9 8
9 29
9 25
9 49
9 20
9 30
9 41
9 6
9 2
9 45
9 36
9 0
24
10 12
10 8
10 6
10 5
10 11
10 42
10 37
10 41
10 32
10 39
10 19
10 16
10 23
10 44
10 38
10 1
10 18
10 13
10 2
10 47
10 9
10 7
10 43
10 45
14
11 40
11 30
11 23
11 25
11 33
11 3
11 43
11 29
11 7
11 16
11 49
11 8
11 42
11 21
21
12 5
12 1
12 15
12 45
12 40
12 2
12 46
12 20
12 34
12 6
12 22
12 29
12 28
12 21
12 8
12 41
12 32
12 48
12 11
12 30
12 38
13
13 17
13 28
13 39
13 45
13 1
13 36
13 46
13 33
13 12
13 35
13 18
13 2
13 16
19
14 12
14 38
14 32
14 39
14 17
14 2
14 47
14 7
14 18
14 15
14 40
14 16
14 0
14 33
14 11
14 10
14 29
14 48
14 13
13
15 35
15 26
15 33
15 37
15 13
15 41
15 29
15 10
15 42
15 38
15 47
15 45
15 34
19
16 8
16 43
16 37
16 49
16 9
16 40
16 23
16 18
16 6
16 20
16 45
16 32
16 15
16 34
16 29
16 48
16 17
16 21
16 1
19
17 28
17 29
17 48
17 2
17 49
17 38
17 23
17 39
17 4
17 22
17 9
17 10
17 15
17 27
17 30
17 11
17 19
17 8
17 36
22
18 47
18 34
18 7
18 11
18 41
18 45
18 26
18 38
18 5
18 49
18 15
18 40
18 43
18 29
18 33
18 24
18 48
18 12
18 3
18 20
18 32
18 31
22
19 33
19 2
19 23
19 15
19 37
19 18
19 27
19 1
19 26
19 28
19 16
19 5
19 32
19 9
19 4
19 13
19 3
19 43
19 11
19 14
19 40
19 25
22
20 29
20 33
20 37
20 30
20 3
20 45
20 11
20 38
20 19
20 5
20 41
20 32
20 42
20 17
20 14
20 40
20 22
20 47
20 26
20 15
20 25
20 2
27
21 26
21 37
21 31
21 6
21 42
21 7
21 1
21 32
21 36
21 40
21 19
21 9
21 20
21 17
21 13
21 30
21 28
21 29
21 14
21 3
21 15
21 10
21 43
21 24
21 44
21 18
21 38
22
22 9
22 10
22 1
22 26
22 5
22 16
22 35
22 4
22 13
22 34
22 32
22 14
22 25
22 29
22 15
22 18
22 7
22 27
22 33
22 2
22 31
22 21
19
23 39
23 49
23 12
23 26
23 14
23 5
23 8
23 44
23 7
23 47
23 48
23 41
23 13
23 43
23 22
23 2
23 46
23 15
23 30
19
24 23
24 1
24 10
24 12
24 15
24 9
24 33
24 44
24 2
24 36
24 3
24 28
24 0
24 7
24 26
24 47
24 43
24 17
24 11
21
25 2
25 36
25 17
25 24
25 47
25 12
25 42
25 34
25 16
25 8
25 49
25 14
25 10
25 48
25 37
25 35
25 13
25 3
25 6
25 27
25 45
23
26 7
26 6
26 13
26 25
26 8
26 39
26 49
26 40
26 37
26 42
26 9
26 27
26 44
26 14
26 11
26 29
26 28
26 33
26 4
26 43
26 2
26 35
26 0
22
27 39
27 13
27 45
27 5
27 37
27 31
27 41
27 46
27 33
27 1
27 29
27 14
27 32
27 23
27 6
27 20
27 10
27 16
27 12
27 43
27 18
27 21
18
28 7
28 18
28 33
28 27
28 38
28 31
28 20
28 8
28 47
28 25
28 45
28 41
28 6
28 43
28 39
28 9
28 15
28 22
14
29 24
29 30
29 5
29 23
29 48
29 38
29 40
29 6
29 2
29 19
29 39
29 8
29 28
29 0
22
30 31
30 38
30 10
30 8
30 26
30 40
30 44
30 24
30 39
30 28
30 25
30 7
30 15
30 1
30 13
30 49
30 18
30 36
30 27
30 37
30 48
30 47
21
31 15
31 49
31 24
31 13
31 2
31 16
31 29
31 3
31 25
31 38
31 17
31 44
31 40
31 36
31 7
31 23
31 35
31 11
31 19
31 12
31 41
14
32 36
32 26
32 5
32 6
32 37
32 15
32 13
32 23
32 42
32 25
32 29
32 0
32 7
32 30
20
33 12
33 23
33 21
33 2
33 10
33 5
33 41
33 49
33 6
33 32
33 25
33 38
33 17
33 37
33 31
33 8
33 29
33 45
33 30
33 42
21
34 45
34 4
34 2
34 21
34 30
34 19
34 31
34 14
34 17
34 37
34 46
34 39
34 27
34 13
34 20
34 32
34 36
34 1
34 28
34 8
34 48
20
35 0
35 12
35 19
35 21
35 23
35 8
35 14
35 44
35 17
35 43
35 32
35 33
35 47
35 30
35 28
35 16
35 11
35 9
35 10
35 24
23
36 44
36 47
36 15
36 10
36 0
36 7
36 40
36 39
36 45
36 22
36 26
36 27
36 48
36 20
36 19
36 33
36 28
36 18
36 8
36 37
36 4
36 2
36 11
19
37 14
37 31
37 39
37 22
37 13
37 29
37 8
37 2
37 6
37 23
37 43
37 9
37 11
37 5
37 12
37 44
37 35
37 17
37 28
19
38 32
38 0
38 13
38 23
38 24
38 39
38 35
38 41
38 16
38 37
38 1
38 42
38 44
38 22
38 27
38 2
38 19
38 34
38 11
19
39 12
39 33
39 31
39 21
39 9
39 8
39 45
39 32
39 35
39 44
39 15
39 1
39 43
39 47
39 6
39 18
39 7
39 24
39 16
17
40 45
40 38
40 5
40 25
40 47
40 46
40 35
40 2
40 17
40 6
40 24
40 4
40 9
40 37
40 32
40 10
40 27
19
41 16
41 22
41 0
41 32
41 25
41 47
41 42
41 4
41 29
41 11
41 13
41 21
41 35
41 34
41 19
41 26
41 30
41 6
41 24
21
42 30
42 22
42 16
42 40
42 27
42 18
42 28
42 45
42 39
42 19
42 0
42 17
42 12
42 46
42 44
42 24
42 36
42 13
42 7
42 48
42 8
18
43 48
43 29
43 5
43 22
43 32
43 36
43 42
43 13
43 20
43 15
43 31
43 1
43 25
43 41
43 12
43 4
43 30
43 14
19
44 27
44 16
44 6
44 8
44 46
44 29
44 20
44 15
44 48
44 7
44 11
44 41
44 33
44 1
44 22
44 9
44 28
44 19
44 43
16
45 14
45 44
45 26
45 11
45 47
45 22
45 24
45 19
45 43
45 21
45 30
45 38
45 29
45 31
45 5
45 17
25
46 30
46 20
46 35
46 7
46 16
46 38
46 14
46 9
46 39
46 17
46 28
46 49
46 26
46 2
46 29
46 4
46 10
46 25
46 3
46 11
46 18
46 22
46 24
46 45
46 31
17
47 11
47 12
47 22
47 32
47 27
47 37
47 19
47 17
47 31
47 21
47 7
47 8
47 3
47 9
47 26
47 46
47 29
19
48 13
48 21
48 37
48 19
48 41
48 47
48 1
48 11
48 15
48 38
48 0
48 28
48 40
48 27
48 5
48 32
48 8
48 24
48 45
25
49 5
49 0
49 37
49 39
49 19
49 32
49 34
49 24
49 4
49 15
49 21
49 1
49 27
49 28
49 12
49 40
49 20
49 22
49 43
49 7
49 29
49 35
49 38
49 13
49 44
