50
0 "A18"
1 "A11"
2 "A16"
3 "A47"
4 "A2"
5 "A44"
6 "A36"
7 "A13"
8 "A17"
9 "A34"
10 "A20"
11 "A43"
12 "A4"
13 "A27"
14 "A1"
15 "A45"
16 "A15"
17 "A49"
18 "A24"
19 "A37"
20 "A0"
21 "A22"
22 "A40"
23 "A41"
24 "A14"
25 "A9"
26 "A48"
27 "A30"
28 "A10"
29 "A12"
30 "A31"
31 "A23"
32 "A28"
33 "A39"
34 "A38"
35 "A46"
36 "A29"
37 "A5"
38 "A8"
39 "A21"
40 "A19"
41 "A25"
42 "A7"
43 "A42"
44 "A3"
45 "A33"
46 "A26"
47 "A32"
48 "A6"
49 "A35"
16
0 37
0 30
0 41
0 3
0 4
0 38
0 39
0 8
0 2
0 7
0 5
0 33
0 23
0 47
0 6
0 22
17
1 30
1 2
1 20
1 0
1 35
1 15
1 10
1 21
1 13
1 31
1 6
1 42
1 39
1 16
1 12
1 46
1 27
22
2 37
2 15
2 47
2 35
2 19
2 29
2 14
2 12
2 32
2 24
2 4
2 21
2 26
2 42
2 23
2 31
2 6
2 28
2 8
2 30
2 20
2 25
22
3 29
3 18
3 9
3 24
3 32
3 12
3 45
3 46
3 21
3 49
3 38
3 10
3 6
3 30
3 19
3 31
3 17
3 8
3 28
3 2
3 42
3 1
20
4 30
4 49
4 10
4 1
4 25
4 21
4 46
4 3
4 11
4 32
4 27
4 14
4 36
4 23
4 38
4 9
4 15
4 12
4 7
4 16
21
5 46
5 40
5 17
5 28
5 22
5 10
5 30
5 7
5 8
5 48
5 43
5 4
5 29
5 3
5 2
5 38
5 39
5 32
5 44
5 34
5 47
21
6 19
6 43
6 24
6 17
6 15
6 31
6 32
6 40
6 21
6 23
6 27
6 38
6 47
6 44
6 22
6 48
6 41
6 7
6 4
6 35
6 18
15
7 25
7 29
7 2
7 3
7 47
7 31
7 16
7 15
7 8
7 44
7 41
7 26
7 9
7 24
7 48
15
8 18
8 27
8 14
8 25
8 49
8 48
8 4
8 1
8 47
8 45
8 42
8 40
8 44
8 26
8 31
19
9 39
9 18
9 5
9 31
9 48
9 47
9 45
9 25
9 32
9 22
9 13
9 15
9 35
9 40
9 21
9 43
9 8
9 20
9 0
26
10 33
10 17
10 47
10 14
10 12
10 6
10 43
10 30
10 11
10 2
10 48
10 22
10 9
10 21
10 7
10 36
10 26
10 8
10 37
10 49
10 15
10 0
10 18
10 39
10 38
10 42
28
11 40
11 35
11 28
11 49
11 29
11 6
11 2
11 12
11 21
11 17
11 33
11 5
11 24
11 16
11 27
11 45
11 20
11 31
11 3
11 41
11 34
11 23
11 26
11 39
11 9
11 38
11 48
11 36
20
12 21
12 46
12 0
12 7
12 40
12 13
12 43
12 37
12 36
12 9
12 18
12 35
12 32
12 24
12 49
12 16
12 5
12 44
12 15
12 26
15
13 24
13 10
13 22
13 31
13 21
13 6
13 44
13 3
13 17
13 19
13 0
13 15
13 11
13 43
13 49
20
14 3
14 32
14 37
14 9
14 43
14 22
14 16
14 25
14 7
14 34
14 11
14 33
14 1
14 36
14 17
14 13
14 38
14 23
14 39
14 0
21
15 23
15 37
15 43
15 16
15 31
15 41
15 14
15 24
15 25
15 3
15 40
15 20
15 30
15 11
15 8
15 49
15 36
15 28
15 27
15 42
15 38
15
16 24
16 19
16 22
16 39
16 47
16 18
16 0
16 3
16 23
16 9
16 27
16 35
16 2
16 43
16 46
18
17 40
17 2
17 31
17 33
17 42
17 46
17 34
17 41
17 15
17 18
17 1
17 16
17 43
17 22
17 39
17 28
17 25
17 27
20
18 46
18 15
18 24
18 11
18 44
18 14
18 4
18 21
18 45
18 49
18 19
18 43
18 1
18 13
18 37
18 26
18 20
18 5
18 25
18 0
22
19 37
19 34
19 38
19 17
19 0
19 22
19 30
19 11
19 9
19 14
19 32
19 35
19 48
19 47
19 1
19 4
19 39
19 26
19 8
19 24
19 15
19 28
20
20 0
20 43
20 12
20 4
20 36
20 30
20 26
20 48
20 6
20 45
20 17
20 42
20 27
20 34
20 44
20 5
20 8
20 10
20 22
20 24
19
21 0
21 24
21 32
21 8
21 34
21 14
21 27
21 22
21 17
21 47
21 43
21 19
21 30
21 37
21 20
21 16
21 48
21 5
21 46
17
22 38
22 1
22 8
22 25
22 33
22 2
22 49
22 42
22 45
22 35
22 12
22 39
22 4
22 3
22 30
22 23
22 26
21
23 18
23 43
23 46
23 32
23 39
23 19
23 24
23 47
23 42
23 45
23 13
23 3
23 7
23 49
23 17
23 37
23 1
23 21
23 9
23 29
23 10
22
24 5
24 10
24 14
24 45
24 0
24 8
24 9
24 41
24 22
24 32
24 4
24 39
24 34
24 43
24 30
24 28
24 37
24 1
24 44
24 26
24 42
24 49
18
25 28
25 13
25 23
25 19
25 24
25 5
25 39
25 21
25 42
25 38
25 47
25 44
25 40
25 36
25 33
25 10
25 0
25 1
19
26 29
26 38
26 4
26 13
26 27
26 1
26 16
26 15
26 23
26 48
26 43
26 25
26 39
26 40
26 45
26 6
26 21
26 5
26 9
18
27 23
27 42
27 34
27 22
27 38
27 19
27 7
27 12
27 37
27 3
27 29
27 25
27 24
27 45
27 0
27 39
27 9
27 28
16
28 40
28 6
28 38
28 37
28 49
28 22
28 39
28 48
28 9
28 18
28 14
28 16
28 23
28 0
28 21
28 30
16
29 45
29 0
29 10
29 16
29 22
29 48
29 40
29 24
29 37
29 15
29 13
29 36
29 9
29 39
29 4
29 25
14
30 18
30 26
30 42
30 9
30 13
30 34
30 35
30 16
30 8
30 6
30 17
30 48
30 25
30 23
23
31 38
31 20
31 5
31 37
31 18
31 47
31 28
31 0
31 34
31 46
31 25
31 45
31 40
31 48
31 33
31 29
31 22
31 26
31 23
31 42
31 10
31 19
31 35
24
32 1
32 16
32 40
32 0
32 34
32 28
32 43
32 11
32 27
32 25
32 30
32 29
32 15
32 17
32 36
32 10
32 38
32 33
32 13
32 22
32 8
32 41
32 31
32 49
22
33 15
33 45
33 5
33 27
33 26
33 1
33 21
33 24
33 48
33 3
33 16
33 39
33 6
33 49
33 20
33 23
33 7
33 44
33 34
33 12
33 35
33 42
21
34 1
34 40
34 2
34 38
34 35
34 22
34 28
34 37
34 18
34 16
34 12
34 0
34 6
34 29
34 13
34 3
34 4
34 36
34 10
34 39
34 26
16
35 32
35 25
35 7
35 4
35 0
35 17
35 46
35 38
35 3
35 13
35 15
35 27
35 41
35 42
35 28
35 36
26
36 42
36 22
36 23
36 13
36 16
36 43
36 33
36 5
36 47
36 37
36 19
36 26
36 9
36 8
36 46
36 39
36 2
36 27
36 30
36 31
36 0
36 7
36 40
36 18
36 1
36 6
17
37 25
37 4
37 49
37 47
37 6
37 30
37 35
37 16
37 22
37 45
37 20
37 33
37 7
37 3
37 17
37 48
37 9
15
38 17
38 37
38 12
38 42
38 7
38 2
38 13
38 18
38 49
38 8
38 29
38 20
38 24
38 16
38 30
15
39 35
39 48
39 15
39 13
39 41
39 4
39 32
39 46
39 8
39 2
39 38
39 31
39 21
39 12
39 18
22
40 7
40 16
40 30
40 43
40 35
40 18
40 13
40 3
40 23
40 37
40 1
40 47
40 33
40 14
40 20
40 38
40 24
40 10
40 22
40 39
40 27
40 4
26
41 27
41 2
41 10
41 12
41 33
41 9
41 4
41 34
41 43
41 3
41 31
41 8
41 23
41 37
41 38
41 14
41 25
41 22
41 29
41 21
41 40
41 26
41 16
41 18
41 20
41 36
15
42 16
42 48
42 39
42 14
42 0
42 4
42 12
42 9
42 40
42 29
42 11
42 26
42 21
42 5
42 6
20
43 34
43 39
43 28
43 3
43 46
43 33
43 19
43 38
43 25
43 35
43 42
43 49
43 29
43 8
43 1
43 0
43 37
43 11
43 45
43 7
20
44 14
44 43
44 39
44 32
44 31
44 41
44 1
44 19
44 40
44 35
44 22
44 4
44 10
44 37
44 15
44 17
44 34
44 27
44 23
44 38
24
45 39
45 38
45 30
45 10
45 40
45 13
45 1
45 2
45 44
45 36
45 15
45 28
45 34
45 12
45 5
45 7
45 21
45 17
45 16
45 42
45 19
45 47
45 4
45 41
20
46 33
46 44
46 2
46 45
46 19
46 10
46 26
46 14
46 8
46 6
46 40
46 37
46 28
46 13
46 48
46 34
46 22
46 41
46 29
46 0
22
47 48
47 35
47 27
47 22
47 38
47 4
47 30
47 12
47 24
47 15
47 28
47 1
47 46
47 18
47 41
47 14
47 43
47 20
47 33
47 39
47 3
47 32
18
48 23
48 34
48 41
48 25
48 44
48 3
48 12
48 49
48 43
48 15
48 32
48 16
48 40
48 13
48 0
48 45
48 18
48 27
21
49 42
49 7
49 30
49 39
49 16
49 36
49 20
49 44
49 29
49 6
49 14
49 19
49 25
49 1
49 45
49 9
49 40
49 5
49 2
49 34
49 41
