50
0 "A18"
1 "A11"
2 "A16"
3 "A47"
4 "A2"
5 "A44"
6 "A36"
7 "A13"
8 "A17"
9 "A34"
10 "A20"
11 "A43"
12 "A4"
13 "A27"
14 "A1"
15 "A45"
16 "A15"
17 "A49"
18 "A24"
19 "A37"
20 "A0"
21 "A22"
22 "A40"
23 "A41"
24 "A14"
25 "A9"
26 "A48"
27 "A30"
28 "A10"
29 "A12"
30 "A31"
31 "A23"
32 "A28"
33 "A39"
34 "A38"
35 "A46"
36 "A29"
37 "A5"
38 "A8"
39 "A21"
40 "A19"
41 "A25"
42 "A7"
43 "A42"
44 "A3"
45 "A33"
46 "A26"
47 "A32"
48 "A6"
49 "A35"
21
0 27
0 18
0 7
0 41
0 47
0 35
0 30
0 14
0 6
0 4
0 19
0 13
0 26
0 12
0 10
0 20
0 23
0 36
0 1
0 25
0 48
14
1 4
1 41
1 22
1 8
1 26
1 46
1 48
1 44
1 28
1 5
1 17
1 30
1 15
1 7
21
2 32
2 16
2 44
2 15
2 25
2 33
2 7
2 6
2 46
2 3
2 40
2 9
2 31
2 49
2 8
2 1
2 39
2 41
2 12
2 37
2 43
19
3 14
3 11
3 44
3 46
3 43
3 0
3 40
3 6
3 30
3 39
3 17
3 29
3 4
3 24
3 32
3 26
3 19
3 16
3 12
23
4 22
4 38
4 16
4 35
4 24
4 5
4 25
4 6
4 32
4 28
4 40
4 19
4 21
4 42
4 20
4 44
4 48
4 46
4 26
4 31
4 13
4 17
4 47
19
5 19
5 28
5 31
5 16
5 40
5 33
5 0
5 30
5 38
5 29
5 48
5 49
5 27
5 41
5 35
5 34
5 15
5 3
5 11
24
6 33
6 18
6 43
6 29
6 15
6 42
6 12
6 21
6 20
6 1
6 30
6 39
6 23
6 26
6 44
6 5
6 40
6 25
6 37
6 49
6 16
6 14
6 46
6 10
21
7 24
7 12
7 13
7 40
7 47
7 44
7 9
7 22
7 31
7 10
7 49
7 34
7 14
7 46
7 45
7 37
7 38
7 21
7 26
7 11
7 18
20
8 0
8 49
8 41
8 43
8 11
8 4
8 10
8 17
8 24
8 31
8 26
8 9
8 6
8 13
8 20
8 7
8 5
8 36
8 22
8 3
16
9 5
9 11
9 33
9 4
9 25
9 23
9 21
9 0
9 38
9 42
9 40
9 3
9 31
9 32
9 35
9 19
20
10 22
10 37
10 18
10 21
10 1
10 2
10 27
10 46
10 25
10 36
10 33
10 48
10 40
10 19
10 35
10 4
10 11
10 17
10 16
10 43
26
11 4
11 31
11 42
11 48
11 16
11 23
11 44
11 19
11 21
11 34
11 17
11 36
11 29
11 33
11 37
11 6
11 28
11 43
11 18
11 24
11 1
11 35
11 46
11 22
11 38
11 30
19
12 45
12 17
12 29
12 41
12 35
12 32
12 26
12 43
12 23
12 10
12 28
12 24
12 9
12 42
12 1
12 47
12 16
12 8
12 5
17
13 37
13 29
13 39
13 12
13 31
13 11
13 2
13 23
13 3
13 5
13 26
13 42
13 24
13 19
13 9
13 21
13 35
21
14 13
14 49
14 5
14 17
14 9
14 24
14 42
14 26
14 35
14 2
14 43
14 1
14 46
14 4
14 23
14 38
14 41
14 48
14 44
14 33
14 16
19
15 48
15 40
15 17
15 0
15 9
15 10
15 20
15 32
15 11
15 38
15 14
15 41
15 39
15 31
15 33
15 37
15 24
15 49
15 36
16
16 13
16 46
16 20
16 38
16 0
16 1
16 32
16 23
16 47
16 41
16 24
16 19
16 25
16 44
16 45
16 15
17
17 49
17 26
17 41
17 48
17 44
17 6
17 42
17 28
17 30
17 40
17 13
17 35
17 9
17 7
17 32
17 24
17 0
22
18 9
18 20
18 8
18 24
18 35
18 15
18 32
18 31
18 1
18 19
18 13
18 4
18 38
18 5
18 12
18 48
18 3
18 30
18 22
18 37
18 25
18 47
13
19 36
19 21
19 14
19 42
19 48
19 43
19 15
19 35
19 22
19 33
19 7
19 39
19 1
27
20 30
20 44
20 9
20 45
20 29
20 1
20 25
20 43
20 14
20 31
20 19
20 39
20 3
20 47
20 24
20 28
20 11
20 21
20 36
20 37
20 41
20 12
20 10
20 17
20 27
20 26
20 33
19
21 3
21 33
21 8
21 1
21 45
21 43
21 0
21 47
21 28
21 18
21 12
21 5
21 14
21 42
21 34
21 39
21 2
21 41
21 15
17
22 27
22 46
22 16
22 49
22 2
22 25
22 21
22 20
22 41
22 47
22 3
22 28
22 14
22 6
22 32
22 12
22 23
19
23 17
23 1
23 46
23 20
23 47
23 4
23 36
23 21
23 10
23 25
23 18
23 43
23 24
23 37
23 45
23 7
23 15
23 32
23 41
16
24 43
24 42
24 0
24 2
24 6
24 35
24 22
24 27
24 29
24 49
24 47
24 41
24 36
24 37
24 10
24 9
19
25 49
25 35
25 7
25 13
25 5
25 17
25 26
25 28
25 15
25 12
25 45
25 8
25 44
25 39
25 48
25 27
25 14
25 3
25 11
13
26 23
26 18
26 40
26 31
26 34
26 27
26 21
26 5
26 16
26 36
26 2
26 35
26 19
24
27 12
27 13
27 42
27 3
27 19
27 38
27 30
27 7
27 21
27 17
27 32
27 23
27 15
27 14
27 47
27 8
27 49
27 6
27 4
27 41
27 1
27 29
27 34
27 48
20
28 10
28 0
28 6
28 40
28 27
28 49
28 26
28 41
28 42
28 14
28 2
28 3
28 37
28 13
28 7
28 46
28 9
28 19
28 24
28 16
24
29 46
29 30
29 8
29 33
29 9
29 42
29 2
29 19
29 1
29 34
29 17
29 38
29 10
29 28
29 7
29 26
29 37
29 14
29 18
29 44
29 0
29 21
29 15
29 47
20
30 47
30 14
30 13
30 8
30 23
30 35
30 43
30 10
30 16
30 40
30 12
30 33
30 15
30 46
30 25
30 44
30 26
30 4
30 28
30 9
20
31 47
31 43
31 48
31 17
31 27
31 44
31 24
31 30
31 23
31 16
31 42
31 36
31 21
31 40
31 22
31 3
31 1
31 14
31 25
31 38
22
32 13
32 1
32 20
32 29
32 7
32 28
32 5
32 19
32 25
32 11
32 33
32 26
32 8
32 35
32 39
32 14
32 37
32 24
32 6
32 0
32 31
32 21
20
33 24
33 26
33 28
33 25
33 47
33 48
33 37
33 44
33 22
33 0
33 36
33 23
33 31
33 40
33 4
33 27
33 8
33 12
33 39
33 38
20
34 23
34 13
34 0
34 15
34 41
34 40
34 3
34 17
34 49
34 48
34 6
34 35
34 16
34 43
34 22
34 36
34 45
34 32
34 19
34 1
16
35 39
35 2
35 42
35 46
35 15
35 16
35 48
35 49
35 29
35 33
35 28
35 20
35 27
35 44
35 21
35 22
22
36 30
36 21
36 17
36 43
36 45
36 13
36 38
36 41
36 16
36 3
36 5
36 2
36 22
36 28
36 1
36 27
36 32
36 37
36 35
36 25
36 6
36 46
19
37 39
37 27
37 45
37 22
37 17
37 42
37 40
37 38
37 30
37 5
37 9
37 0
37 4
37 41
37 26
37 8
37 34
37 49
37 21
17
38 45
38 1
38 12
38 19
38 34
38 20
38 22
38 24
38 28
38 17
38 40
38 6
38 25
38 0
38 10
38 30
38 13
24
39 5
39 43
39 26
39 9
39 45
39 8
39 0
39 38
39 24
39 31
39 11
39 49
39 23
39 4
39 42
39 10
39 16
39 1
39 47
39 27
39 28
39 30
39 12
39 22
17
40 36
40 35
40 27
40 41
40 21
40 22
40 23
40 13
40 1
40 0
40 8
40 16
40 24
40 25
40 14
40 19
40 44
18
41 35
41 29
41 47
41 19
41 46
41 6
41 7
41 4
41 25
41 3
41 49
41 39
41 31
41 9
41 11
41 44
41 30
41 32
15
42 18
42 36
42 41
42 2
42 7
42 38
42 45
42 33
42 8
42 40
42 22
42 0
42 23
42 3
42 30
18
43 29
43 46
43 41
43 27
43 22
43 17
43 35
43 40
43 1
43 25
43 0
43 4
43 7
43 37
43 28
43 13
43 15
43 16
20
44 8
44 13
44 12
44 48
44 32
44 26
44 23
44 36
44 0
44 47
44 19
44 42
44 43
44 28
44 45
44 34
44 10
44 18
44 22
44 37
22
45 13
45 14
45 3
45 35
45 28
45 22
45 19
45 8
45 18
45 49
45 29
45 17
45 46
45 32
45 2
45 6
45 41
45 9
45 43
45 15
45 24
45 0
21
46 20
46 17
46 15
46 27
46 42
46 33
46 19
46 12
46 13
46 0
46 5
46 39
46 44
46 26
46 40
46 8
46 18
46 48
46 9
46 49
46 25
24
47 1
47 11
47 37
47 46
47 10
47 49
47 34
47 17
47 6
47 2
47 43
47 13
47 15
47 40
47 9
47 32
47 3
47 19
47 48
47 38
47 5
47 14
47 36
47 26
20
48 40
48 42
48 9
48 32
48 26
48 7
48 3
48 16
48 22
48 6
48 12
48 20
48 37
48 23
48 24
48 29
48 38
48 39
48 8
48 45
19
49 30
49 12
49 31
49 0
49 26
49 23
49 13
49 10
49 11
49 18
49 4
49 20
49 42
49 48
49 32
49 38
49 16
49 44
49 9
