50
0 "A18"
1 "A11"
2 "A16"
3 "A47"
4 "A2"
5 "A44"
6 "A36"
7 "A13"
8 "A17"
9 "A34"
10 "A20"
11 "A43"
12 "A4"
13 "A27"
14 "A1"
15 "A45"
16 "A15"
17 "A49"
18 "A24"
19 "A37"
20 "A0"
21 "A22"
22 "A40"
23 "A41"
24 "A14"
25 "A9"
26 "A48"
27 "A30"
28 "A10"
29 "A12"
30 "A31"
31 "A23"
32 "A28"
33 "A39"
34 "A38"
35 "A46"
36 "A29"
37 "A5"
38 "A8"
39 "A21"
40 "A19"
41 "A25"
42 "A7"
43 "A42"
44 "A3"
45 "A33"
46 "A26"
47 "A32"
48 "A6"
49 "A35"
24
0 16
0 22
0 8
0 15
0 45
0 30
0 48
0 18
0 17
0 49
0 7
0 13
0 14
0 41
0 27
0 28
0 47
0 37
0 31
0 46
0 20
0 11
0 40
0 5
17
1 26
1 28
1 16
1 15
1 9
1 40
1 21
1 7
1 22
1 32
1 10
1 43
1 27
1 48
1 14
1 35
1 49
20
2 11
2 1
2 3
2 40
2 24
2 19
2 0
2 16
2 4
2 44
2 10
2 33
2 38
2 6
2 22
2 30
2 47
2 27
2 48
2 36
17
3 30
3 14
3 7
3 47
3 16
3 32
3 26
3 46
3 17
3 0
3 18
3 39
3 27
3 34
3 45
3 43
3 11
18
4 11
4 9
4 27
4 40
4 16
4 18
4 46
4 14
4 48
4 20
4 41
4 43
4 25
4 15
4 36
4 17
4 31
4 44
22
5 1
5 44
5 17
5 27
5 13
5 9
5 49
5 34
5 30
5 37
5 31
5 48
5 21
5 46
5 36
5 10
5 39
5 23
5 2
5 3
5 15
5 20
20
6 4
6 1
6 43
6 35
6 44
6 42
6 24
6 40
6 27
6 37
6 48
6 38
6 11
6 18
6 15
6 30
6 20
6 3
6 8
6 46
26
7 44
7 29
7 14
7 39
7 49
7 25
7 40
7 45
7 2
7 19
7 10
7 11
7 35
7 28
7 20
7 36
7 48
7 31
7 43
7 26
7 4
7 5
7 30
7 6
7 22
7 41
22
8 21
8 10
8 40
8 2
8 12
8 17
8 28
8 47
8 36
8 26
8 46
8 43
8 32
8 1
8 48
8 27
8 9
8 7
8 23
8 33
8 13
8 49
25
9 20
9 18
9 41
9 29
9 10
9 34
9 25
9 42
9 14
9 44
9 6
9 31
9 21
9 36
9 39
9 3
9 43
9 26
9 11
9 15
9 28
9 7
9 17
9 47
9 48
18
10 38
10 49
10 16
10 4
10 13
10 27
10 48
10 19
10 6
10 0
10 29
10 18
10 22
10 21
10 30
10 15
10 40
10 45
19
11 13
11 21
11 30
11 18
11 49
11 12
11 40
11 32
11 10
11 8
11 29
11 48
11 35
11 1
11 31
11 5
11 39
11 38
11 16
18
12 2
12 10
12 33
12 48
12 40
12 0
12 6
12 42
12 30
12 13
12 17
12 5
12 23
12 20
12 15
12 3
12 41
12 25
17
13 24
13 6
13 41
13 9
13 47
13 39
13 38
13 32
13 14
13 48
13 31
13 18
13 17
13 42
13 1
13 26
13 22
16
14 41
14 31
14 25
14 46
14 15
14 8
14 26
14 16
14 11
14 34
14 40
14 17
14 48
14 27
14 5
14 35
17
15 33
15 28
15 44
15 25
15 31
15 39
15 26
15 21
15 20
15 2
15 7
15 17
15 24
15 34
15 46
15 3
15 42
20
16 21
16 20
16 12
16 9
16 37
16 25
16 5
16 34
16 7
16 33
16 6
16 26
16 18
16 42
16 13
16 48
16 38
16 29
16 19
16 35
17
17 38
17 24
17 46
17 37
17 16
17 6
17 7
17 36
17 33
17 21
17 43
17 2
17 22
17 29
17 28
17 1
17 49
17
18 5
18 48
18 19
18 15
18 7
18 30
18 46
18 36
18 2
18 1
18 12
18 8
18 24
18 38
18 45
18 14
18 27
25
19 47
19 3
19 0
19 39
19 5
19 40
19 31
19 43
19 44
19 12
19 6
19 49
19 21
19 26
19 9
19 11
19 14
19 23
19 24
19 37
19 28
19 36
19 29
19 27
19 17
15
20 3
20 31
20 28
20 2
20 13
20 23
20 34
20 10
20 43
20 25
20 11
20 33
20 35
20 1
20 18
14
21 18
21 38
21 20
21 6
21 7
21 37
21 13
21 26
21 4
21 29
21 25
21 3
21 22
21 45
21
22 26
22 9
22 38
22 43
22 27
22 6
22 23
22 29
22 11
22 5
22 16
22 4
22 24
22 41
22 35
22 47
22 30
22 36
22 46
22 14
22 18
26
23 3
23 11
23 29
23 13
23 35
23 36
23 1
23 14
23 6
23 21
23 43
23 49
23 9
23 30
23 27
23 16
23 18
23 15
23 10
23 44
23 24
23 28
23 4
23 33
23 32
23 2
21
24 8
24 29
24 4
24 12
24 48
24 37
24 21
24 5
24 14
24 32
24 1
24 3
24 11
24 0
24 43
24 27
24 40
24 36
24 39
24 45
24 26
18
25 22
25 24
25 28
25 31
25 35
25 1
25 48
25 37
25 6
25 8
25 44
25 2
25 41
25 10
25 3
25 23
25 5
25 0
23
26 10
26 33
26 38
26 6
26 31
26 23
26 2
26 5
26 48
26 11
26 32
26 30
26 45
26 20
26 25
26 40
26 35
26 17
26 18
26 0
26 27
26 4
26 43
22
27 31
27 39
27 33
27 13
27 17
27 9
27 30
27 15
27 36
27 42
27 38
27 29
27 25
27 11
27 49
27 40
27 7
27 20
27 43
27 16
27 35
27 41
19
28 41
28 40
28 31
28 16
28 36
28 34
28 43
28 12
28 5
28 24
28 6
28 2
28 21
28 13
28 44
28 45
28 33
28 18
28 26
20
29 49
29 0
29 4
29 3
29 13
29 35
29 1
29 8
29 38
29 20
29 2
29 14
29 15
29 32
29 28
29 43
29 45
29 33
29 25
29 12
16
30 37
30 28
30 48
30 20
30 8
30 17
30 13
30 19
30 24
30 39
30 31
30 15
30 21
30 35
30 16
30 1
16
31 10
31 21
31 32
31 16
31 1
31 18
31 24
31 35
31 3
31 2
31 44
31 6
31 37
31 42
31 22
31 29
20
32 15
32 6
32 2
32 21
32 16
32 19
32 5
32 10
32 12
32 42
32 20
32 30
32 25
32 18
32 17
32 43
32 28
32 47
32 22
32 36
20
33 24
33 11
33 9
33 5
33 41
33 0
33 30
33 22
33 3
33 19
33 10
33 48
33 47
33 4
33 14
33 6
33 25
33 1
33 13
33 44
23
34 4
34 7
34 11
34 2
34 27
34 24
34 31
34 23
34 18
34 21
34 1
34 19
34 42
34 13
34 39
34 25
34 36
34 37
34 30
34 46
34 12
34 0
34 8
20
35 19
35 47
35 33
35 12
35 24
35 40
35 8
35 15
35 44
35 42
35 9
35 45
35 49
35 10
35 13
35 34
35 28
35 21
35 46
35 3
24
36 1
36 40
36 37
36 0
36 31
36 49
36 13
36 16
36 15
36 35
36 41
36 38
36 3
36 21
36 30
36 29
36 14
36 42
36 11
36 45
36 12
36 10
36 47
36 26
17
37 11
37 22
37 23
37 35
37 1
37 20
37 2
37 9
37 10
37 46
37 33
37 49
37 47
37 48
37 12
37 28
37 26
20
38 43
38 15
38 33
38 23
38 12
38 19
38 48
38 32
38 5
38 31
38 41
38 35
38 14
38 7
38 44
38 49
38 46
38 25
38 3
38 37
21
39 33
39 42
39 35
39 6
39 22
39 32
39 16
39 49
39 29
39 46
39 40
39 21
39 4
39 36
39 12
39 41
39 18
39 2
39 10
39 31
39 28
17
40 29
40 38
40 48
40 9
40 21
40 32
40 23
40 5
40 34
40 44
40 15
40 20
40 49
40 31
40 43
40 13
40 22
19
41 20
41 26
41 2
41 37
41 18
41 49
41 32
41 48
41 19
41 10
41 46
41 21
41 30
41 31
41 29
41 11
41 6
41 23
41 17
17
42 14
42 17
42 8
42 1
42 18
42 4
42 21
42 7
42 23
42 11
42 28
42 0
42 33
42 47
42 29
42 2
42 40
16
43 18
43 49
43 14
43 37
43 34
43 30
43 47
43 25
43 33
43 48
43 36
43 31
43 10
43 35
43 41
43 5
20
44 30
44 39
44 41
44 17
44 37
44 21
44 29
44 1
44 14
44 0
44 22
44 34
44 43
44 32
44 27
44 3
44 18
44 8
44 10
44 16
27
45 20
45 1
45 38
45 17
45 6
45 43
45 25
45 46
45 11
45 13
45 32
45 40
45 37
45 8
45 12
45 31
45 41
45 15
45 47
45 5
45 30
45 39
45 48
45 19
45 42
45 16
45 22
21
46 24
46 47
46 43
46 31
46 28
46 21
46 30
46 23
46 32
46 33
46 25
46 7
46 26
46 42
46 11
46 44
46 29
46 2
46 27
46 13
46 20
19
47 23
47 24
47 40
47 38
47 21
47 34
47 29
47 14
47 49
47 18
47 44
47 17
47 41
47 5
47 4
47 39
47 12
47 6
47 16
14
48 23
48 42
48 36
48 31
48 22
48 29
48 15
48 21
48 47
48 39
48 20
48 32
48 27
48 28
19
49 28
49 13
49 20
49 48
49 22
49 32
49 26
49 46
49 25
49 9
49 44
49 24
49 15
49 21
49 3
49 31
49 45
49 18
49 6
