50
0 "A18"
1 "A11"
2 "A16"
3 "A47"
4 "A2"
5 "A44"
6 "A36"
7 "A13"
8 "A17"
9 "A34"
10 "A20"
11 "A43"
12 "A4"
13 "A27"
14 "A1"
15 "A45"
16 "A15"
17 "A49"
18 "A24"
19 "A37"
20 "A0"
21 "A22"
22 "A40"
23 "A41"
24 "A14"
25 "A9"
26 "A48"
27 "A30"
28 "A10"
29 "A12"
30 "A31"
31 "A23"
32 "A28"
33 "A39"
34 "A38"
35 "A46"
36 "A29"
37 "A5"
38 "A8"
39 "A21"
40 "A19"
41 "A25"
42 "A7"
43 "A42"
44 "A3"
45 "A33"
46 "A26"
47 "A32"
48 "A6"
49 "A35"
15
0 18
0 29
0 48
0 31
0 27
0 2
0 20
0 40
0 35
0 49
0 6
0 38
0 33
0 1
0 36
16
1 48
1 42
1 20
1 12
1 44
1 3
1 39
1 23
1 31
1 25
1 13
1 4
1 47
1 32
1 27
1 18
20
2 46
2 39
2 17
2 29
2 5
2 14
2 11
2 23
2 7
2 1
2 16
2 4
2 8
2 37
2 32
2 43
2 20
2 24
2 28
2 3
17
3 25
3 9
3 10
3 40
3 16
3 47
3 13
3 18
3 11
3 46
3 43
3 0
3 38
3 49
3 36
3 35
3 12
17
4 28
4 33
4 16
4 24
4 43
4 48
4 22
4 46
4 6
4 29
4 21
4 49
4 18
4 42
4 45
4 35
4 0
19
5 46
5 18
5 10
5 36
5 29
5 22
5 3
5 12
5 26
5 45
5 30
5 1
5 27
5 33
5 38
5 42
5 4
5 11
5 37
23
6 18
6 23
6 35
6 32
6 20
6 29
6 47
6 21
6 27
6 16
6 22
6 3
6 1
6 36
6 38
6 34
6 45
6 11
6 2
6 41
6 19
6 49
6 12
19
7 48
7 35
7 46
7 6
7 49
7 20
7 30
7 16
7 19
7 41
7 3
7 8
7 44
7 21
7 27
7 12
7 5
7 31
7 33
19
8 3
8 45
8 30
8 1
8 4
8 22
8 23
8 47
8 33
8 0
8 29
8 48
8 5
8 18
8 26
8 11
8 37
8 6
8 43
25
9 40
9 38
9 49
9 4
9 33
9 47
9 2
9 7
9 37
9 6
9 8
9 1
9 39
9 16
9 41
9 18
9 35
9 22
9 42
9 25
9 32
9 48
9 15
9 0
9 26
22
10 9
10 7
10 23
10 45
10 16
10 22
10 34
10 21
10 4
10 0
10 20
10 49
10 2
10 6
10 26
10 12
10 13
10 15
10 28
10 36
10 14
10 42
19
11 18
11 23
11 33
11 19
11 14
11 25
11 27
11 12
11 31
11 42
11 13
11 4
11 9
11 45
11 0
11 1
11 24
11 10
11 17
14
12 35
12 42
12 4
12 24
12 13
12 37
12 27
12 28
12 9
12 30
12 47
12 33
12 41
12 21
22
13 48
13 15
13 8
13 0
13 39
13 44
13 26
13 29
13 27
13 18
13 34
13 7
13 42
13 32
13 24
13 16
13 9
13 25
13 33
13 43
13 49
13 35
18
14 1
14 46
14 32
14 5
14 3
14 20
14 12
14 9
14 16
14 21
14 26
14 18
14 6
14 23
14 44
14 34
14 43
14 7
22
15 11
15 12
15 1
15 14
15 0
15 42
15 35
15 6
15 16
15 8
15 48
15 23
15 34
15 46
15 19
15 2
15 21
15 43
15 24
15 7
15 3
15 45
19
16 11
16 12
16 23
16 17
16 28
16 1
16 41
16 47
16 19
16 42
16 46
16 25
16 0
16 18
16 43
16 33
16 8
16 49
16 5
20
17 22
17 4
17 24
17 27
17 9
17 30
17 10
17 36
17 5
17 25
17 29
17 41
17 12
17 8
17 42
17 38
17 33
17 43
17 49
17 0
14
18 10
18 39
18 2
18 26
18 7
18 19
18 15
18 30
18 20
18 44
18 12
18 31
18 35
18 34
20
19 45
19 34
19 1
19 0
19 24
19 37
19 38
19 43
19 5
19 9
19 2
19 12
19 28
19 42
19 17
19 30
19 8
19 3
19 44
19 4
20
20 8
20 43
20 37
20 15
20 21
20 24
20 13
20 19
20 46
20 33
20 17
20 30
20 28
20 48
20 39
20 16
20 31
20 29
20 5
20 23
18
21 2
21 16
21 37
21 5
21 38
21 41
21 9
21 40
21 46
21 32
21 19
21 18
21 28
21 49
21 11
21 17
21 30
21 13
25
22 25
22 11
22 44
22 43
22 20
22 39
22 35
22 15
22 31
22 19
22 46
22 0
22 29
22 38
22 33
22 36
22 12
22 1
22 3
22 14
22 28
22 40
22 49
22 21
22 34
19
23 33
23 34
23 19
23 41
23 21
23 32
23 12
23 7
23 5
23 13
23 3
23 17
23 22
23 36
23 44
23 9
23 26
23 18
23 48
16
24 10
24 14
24 8
24 22
24 41
24 5
24 35
24 38
24 49
24 21
24 3
24 1
24 28
24 7
24 23
24 37
26
25 23
25 19
25 28
25 21
25 27
25 5
25 43
25 30
25 31
25 44
25 6
25 15
25 20
25 2
25 10
25 36
25 29
25 14
25 42
25 18
25 12
25 33
25 24
25 39
25 38
25 7
23
26 6
26 29
26 22
26 41
26 0
26 17
26 47
26 15
26 24
26 1
26 46
26 42
26 4
26 44
26 38
26 30
26 21
26 12
26 19
26 25
26 36
26 31
26 20
21
27 48
27 28
27 29
27 41
27 49
27 32
27 22
27 45
27 36
27 23
27 3
27 14
27 33
27 46
27 2
27 47
27 4
27 15
27 19
27 26
27 20
23
28 36
28 8
28 32
28 3
28 11
28 42
28 9
28 5
28 0
28 26
28 30
28 7
28 13
28 45
28 31
28 38
28 17
28 23
28 15
28 37
28 29
28 6
28 34
15
29 23
29 34
29 45
29 44
29 7
29 16
29 35
29 48
29 3
29 1
29 40
29 9
29 30
29 12
29 21
16
30 1
30 16
30 22
30 3
30 24
30 0
30 27
30 44
30 40
30 13
30 49
30 14
30 10
30 6
30 23
30 37
17
31 14
31 24
31 19
31 33
31 4
31 16
31 27
31 12
31 9
31 8
31 21
31 15
31 36
31 10
31 13
31 17
31 32
17
32 8
32 45
32 4
32 22
32 29
32 3
32 47
32 24
32 15
32 11
32 7
32 18
32 16
32 41
32 5
32 25
32 12
16
33 19
33 6
33 30
33 18
33 44
33 15
33 14
33 26
33 46
33 32
33 45
33 21
33 29
33 39
33 49
33 28
21
34 32
34 24
34 38
34 37
34 7
34 2
34 31
34 42
34 21
34 8
34 16
34 25
34 11
34 48
34 35
34 46
34 17
34 30
34 33
34 47
34 20
23
35 14
35 30
35 32
35 16
35 20
35 10
35 38
35 46
35 8
35 44
35 28
35 42
35 23
35 11
35 41
35 19
35 17
35 47
35 1
35 43
35 2
35 27
35 25
23
36 8
36 4
36 35
36 14
36 7
36 1
36 30
36 37
36 9
36 16
36 42
36 19
36 12
36 44
36 38
36 20
36 33
36 2
36 34
36 11
36 13
36 18
36 21
21
37 35
37 33
37 14
37 0
37 13
37 42
37 18
37 49
37 31
37 17
37 25
37 41
37 48
37 11
37 27
37 26
37 4
37 3
37 15
37 22
37 7
19
38 16
38 8
38 7
38 45
38 20
38 37
38 42
38 43
38 23
38 29
38 49
38 30
38 27
38 46
38 1
38 15
38 48
38 18
38 10
21
39 36
39 24
39 30
39 28
39 3
39 6
39 45
39 14
39 32
39 47
39 26
39 17
39 46
39 31
39 15
39 8
39 37
39 10
39 42
39 23
39 38
28
40 39
40 27
40 15
40 48
40 43
40 35
40 12
40 16
40 24
40 26
40 19
40 36
40 33
40 44
40 10
40 5
40 25
40 4
40 23
40 45
40 34
40 28
40 2
40 6
40 13
40 18
40 38
40 42
20
41 46
41 39
41 15
41 31
41 3
41 36
41 20
41 40
41 18
41 11
41 42
41 22
41 8
41 43
41 1
41 38
41 5
41 28
41 19
41 13
14
42 46
42 32
42 2
42 23
42 3
42 48
42 20
42 18
42 7
42 33
42 22
42 21
42 6
42 45
20
43 24
43 21
43 23
43 26
43 18
43 47
43 12
43 9
43 1
43 5
43 46
43 11
43 32
43 33
43 10
43 27
43 34
43 7
43 36
43 30
20
44 37
44 27
44 24
44 2
44 0
44 11
44 10
44 15
44 5
44 47
44 6
44 34
44 21
44 43
44 9
44 42
44 8
44 4
44 32
44 38
23
45 26
45 41
45 43
45 36
45 49
45 2
45 22
45 47
45 30
45 23
45 16
45 9
45 0
45 25
45 1
45 3
45 46
45 7
45 17
45 13
45 34
45 20
45 35
17
46 28
46 29
46 32
46 23
46 40
46 6
46 49
46 37
46 1
46 44
46 8
46 11
46 30
46 24
46 17
46 0
46 13
21
47 17
47 31
47 25
47 29
47 0
47 15
47 36
47 22
47 28
47 37
47 46
47 38
47 7
47 19
47 10
47 48
47 42
47 40
47 30
47 23
47 33
22
48 25
48 28
48 32
48 6
48 46
48 12
48 33
48 24
48 21
48 3
48 18
48 30
48 5
48 17
48 39
48 44
48 43
48 49
48 16
48 41
48 11
48 35
15
49 2
49 15
49 31
49 28
49 11
49 14
49 43
49 47
49 18
49 19
49 12
49 26
49 25
49 39
49 29
