50
0 "A18"
1 "A11"
2 "A16"
3 "A47"
4 "A2"
5 "A44"
6 "A36"
7 "A13"
8 "A17"
9 "A34"
10 "A20"
11 "A43"
12 "A4"
13 "A27"
14 "A1"
15 "A45"
16 "A15"
17 "A49"
18 "A24"
19 "A37"
20 "A0"
21 "A22"
22 "A40"
23 "A41"
24 "A14"
25 "A9"
26 "A48"
27 "A30"
28 "A10"
29 "A12"
30 "A31"
31 "A23"
32 "A28"
33 "A39"
34 "A38"
35 "A46"
36 "A29"
37 "A5"
38 "A8"
39 "A21"
40 "A19"
41 "A25"
42 "A7"
43 "A42"
44 "A3"
45 "A33"
46 "A26"
47 "A32"
48 "A6"
49 "A35"
22
0 48
0 15
0 34
0 27
0 7
0 13
0 38
0 40
0 1
0 16
0 32
0 18
0 25
0 4
0 33
0 41
0 47
0 30
0 17
0 20
0 44
0 28
17
1 35
1 6
1 3
1 17
1 11
1 5
1 2
1 9
1 25
1 24
1 18
1 44
1 21
1 33
1 31
1 29
1 16
19
2 29
2 7
2 11
2 31
2 47
2 14
2 30
2 45
2 34
2 41
2 38
2 35
2 10
2 22
2 36
2 6
2 43
2 16
2 28
21
3 49
3 34
3 33
3 46
3 26
3 28
3 39
3 15
3 30
3 31
3 25
3 41
3 35
3 40
3 10
3 44
3 17
3 20
3 29
3 22
3 13
20
4 37
4 16
4 26
4 33
4 48
4 5
4 21
4 7
4 49
4 10
4 27
4 29
4 2
4 6
4 24
4 47
4 15
4 42
4 43
4 1
21
5 17
5 46
5 49
5 26
5 34
5 35
5 3
5 21
5 18
5 41
5 24
5 19
5 20
5 48
5 11
5 10
5 30
5 31
5 43
5 28
5 14
17
6 42
6 0
6 14
6 34
6 3
6 19
6 32
6 21
6 47
6 17
6 40
6 23
6 5
6 35
6 18
6 22
6 24
14
7 37
7 49
7 24
7 30
7 42
7 6
7 45
7 44
7 8
7 13
7 32
7 38
7 25
7 3
17
8 18
8 0
8 12
8 21
8 37
8 24
8 17
8 1
8 42
8 5
8 14
8 3
8 39
8 31
8 16
8 35
8 32
17
9 42
9 21
9 44
9 2
9 6
9 19
9 45
9 41
9 29
9 8
9 39
9 30
9 4
9 13
9 23
9 48
9 37
21
10 16
10 0
10 13
10 1
10 45
10 6
10 34
10 31
10 42
10 43
10 18
10 48
10 12
10 30
10 9
10 35
10 33
10 47
10 8
10 46
10 19
24
11 33
11 6
11 38
11 25
11 10
11 29
11 40
11 41
11 34
11 15
11 39
11 13
11 3
11 28
11 24
11 9
11 21
11 4
11 22
11 31
11 45
11 27
11 32
11 8
21
12 40
12 18
12 2
12 9
12 30
12 16
12 6
12 26
12 29
12 11
12 19
12 20
12 1
12 14
12 39
12 32
12 33
12 17
12 36
12 4
12 5
20
13 39
13 31
13 41
13 44
13 43
13 22
13 32
13 27
13 4
13 29
13 5
13 17
13 24
13 25
13 48
13 34
13 8
13 33
13 23
13 47
22
14 39
14 31
14 23
14 7
14 22
14 9
14 28
14 3
14 1
14 11
14 4
14 0
14 17
14 18
14 21
14 13
14 43
14 29
14 27
14 42
14 35
14 46
22
15 39
15 43
15 8
15 38
15 27
15 24
15 17
15 25
15 31
15 2
15 46
15 12
15 34
15 9
15 33
15 26
15 19
15 5
15 1
15 13
15 48
15 36
23
16 6
16 31
16 13
16 25
16 38
16 28
16 5
16 46
16 37
16 40
16 45
16 3
16 32
16 33
16 27
16 11
16 30
16 15
16 9
16 21
16 41
16 29
16 17
14
17 11
17 7
17 42
17 45
17 23
17 46
17 2
17 24
17 26
17 20
17 36
17 35
17 4
17 18
17
18 49
18 2
18 46
18 35
18 40
18 43
18 3
18 29
18 45
18 22
18 20
18 36
18 15
18 16
18 23
18 39
18 19
13
19 48
19 3
19 14
19 38
19 32
19 49
19 1
19 4
19 2
19 39
19 13
19 44
19 7
27
20 15
20 7
20 11
20 16
20 8
20 37
20 4
20 46
20 44
20 30
20 38
20 32
20 13
20 1
20 27
20 10
20 25
20 45
20 48
20 19
20 2
20 36
20 42
20 9
20 35
20 41
20 14
21
21 3
21 10
21 15
21 17
21 27
21 2
21 45
21 20
21 37
21 0
21 22
21 23
21 30
21 33
21 7
21 13
21 19
21 25
21 44
21 49
21 36
20
22 12
22 9
22 48
22 16
22 35
22 31
22 0
22 15
22 27
22 37
22 40
22 1
22 7
22 47
22 49
22 5
22 10
22 39
22 8
22 17
21
23 3
23 16
23 25
23 35
23 15
23 31
23 39
23 30
23 11
23 19
23 27
23 38
23 32
23 1
23 20
23 44
23 46
23 2
23 12
23 4
23 28
20
24 43
24 3
24 0
24 29
24 21
24 25
24 31
24 16
24 9
24 46
24 48
24 12
24 10
24 22
24 49
24 18
24 27
24 19
24 23
24 26
16
25 22
25 6
25 18
25 40
25 14
25 8
25 5
25 19
25 10
25 38
25 28
25 12
25 45
25 9
25 2
25 4
25
26 46
26 19
26 22
26 35
26 36
26 0
26 40
26 34
26 20
26 9
26 8
26 13
26 28
26 48
26 47
26 38
26 41
26 25
26 2
26 10
26 43
26 21
26 37
26 16
26 29
15
27 3
27 32
27 19
27 6
27 9
27 12
27 49
27 2
27 37
27 10
27 25
27 1
27 18
27 5
27 31
19
28 1
28 12
28 27
28 24
28 13
28 6
28 4
28 31
28 10
28 41
28 38
28 7
28 35
28 42
28 18
28 45
28 29
28 22
28 46
19
29 23
29 31
29 39
29 17
29 6
29 47
29 27
29 36
29 30
29 20
29 34
29 5
29 7
29 41
29 8
29 44
29 35
29 37
29 46
16
30 42
30 19
30 39
30 33
30 28
30 26
30 41
30 15
30 46
30 17
30 8
30 48
30 18
30 6
30 25
30 4
22
31 30
31 4
31 32
31 17
31 20
31 42
31 18
31 46
31 26
31 44
31 45
31 21
31 39
31 34
31 6
31 40
31 35
31 36
31 41
31 0
31 7
31 48
23
32 30
32 42
32 39
32 17
32 47
32 4
32 2
32 36
32 1
32 29
32 41
32 22
32 33
32 25
32 3
32 15
32 38
32 48
32 10
32 18
32 21
32 28
32 24
20
33 40
33 19
33 24
33 20
33 27
33 28
33 45
33 2
33 5
33 26
33 34
33 38
33 35
33 46
33 42
33 14
33 41
33 23
33 49
33 25
23
34 30
34 40
34 32
34 45
34 16
34 8
34 21
34 28
34 1
34 24
34 18
34 12
34 42
34 38
34 17
34 20
34 37
34 41
34 27
34 7
34 9
34 46
34 44
16
35 24
35 0
35 39
35 19
35 40
35 9
35 32
35 11
35 27
35 13
35 7
35 25
35 16
35 21
35 34
35 47
19
36 14
36 34
36 7
36 38
36 3
36 9
36 13
36 27
36 45
36 1
36 42
36 19
36 28
36 49
36 37
36 8
36 16
36 40
36 6
22
37 1
37 45
37 28
37 5
37 3
37 12
37 0
37 25
37 17
37 30
37 39
37 35
37 44
37 24
37 23
37 47
37 42
37 6
37 10
37 33
37 15
37 2
20
38 44
38 27
38 24
38 10
38 41
38 6
38 8
38 29
38 37
38 48
38 40
38 35
38 18
38 3
38 5
38 12
38 4
38 43
38 14
38 21
17
39 10
39 7
39 16
39 6
39 44
39 2
39 33
39 28
39 49
39 34
39 26
39 24
39 0
39 36
39 1
39 20
39 45
18
40 19
40 2
40 29
40 28
40 48
40 10
40 14
40 39
40 15
40 23
40 1
40 17
40 13
40 20
40 9
40 45
40 24
40 32
23
41 22
41 4
41 15
41 17
41 8
41 18
41 40
41 44
41 7
41 24
41 12
41 46
41 37
41 1
41 36
41 25
41 6
41 21
41 19
41 39
41 45
41 27
41 49
20
42 16
42 24
42 40
42 44
42 48
42 19
42 25
42 12
42 3
42 23
42 21
42 41
42 46
42 0
42 22
42 2
42 43
42 26
42 45
42 18
23
43 21
43 34
43 45
43 12
43 29
43 28
43 33
43 32
43 11
43 22
43 35
43 7
43 31
43 17
43 8
43 23
43 20
43 16
43 19
43 36
43 9
43 37
43 27
18
44 15
44 26
44 24
44 27
44 33
44 49
44 10
44 35
44 17
44 2
44 8
44 16
44 40
44 18
44 12
44 5
44 32
44 48
19
45 1
45 5
45 47
45 49
45 35
45 29
45 26
45 15
45 44
45 24
45 22
45 6
45 8
45 4
45 30
45 32
45 27
45 14
45 0
19
46 32
46 36
46 9
46 22
46 27
46 21
46 7
46 0
46 4
46 25
46 49
46 35
46 45
46 13
46 48
46 1
46 39
46 12
46 43
24
47 48
47 41
47 16
47 7
47 19
47 20
47 27
47 40
47 42
47 1
47 9
47 31
47 23
47 30
47 15
47 12
47 8
47 17
47 44
47 33
47 21
47 25
47 14
47 43
15
48 34
48 18
48 23
48 25
48 16
48 37
48 29
48 28
48 1
48 3
48 33
48 43
48 17
48 12
48 35
18
49 14
49 1
49 12
49 37
49 20
49 48
49 25
49 13
49 2
49 38
49 23
49 10
49 42
49 11
49 32
49 29
49 34
49 35
