50
0 "A18"
1 "A11"
2 "A16"
3 "A47"
4 "A2"
5 "A44"
6 "A36"
7 "A13"
8 "A17"
9 "A34"
10 "A20"
11 "A43"
12 "A4"
13 "A27"
14 "A1"
15 "A45"
16 "A15"
17 "A49"
18 "A24"
19 "A37"
20 "A0"
21 "A22"
22 "A40"
23 "A41"
24 "A14"
25 "A9"
26 "A48"
27 "A30"
28 "A10"
29 "A12"
30 "A31"
31 "A23"
32 "A28"
33 "A39"
34 "A38"
35 "A46"
36 "A29"
37 "A5"
38 "A8"
39 "A21"
40 "A19"
41 "A25"
42 "A7"
43 "A42"
44 "A3"
45 "A33"
46 "A26"
47 "A32"
48 "A6"
49 "A35"
18
0 18
0 30
0 15
0 33
0 4
0 41
0 26
0 9
0 29
0 44
0 48
0 40
0 16
0 17
0 1
0 22
0 47
0 23
15
1 31
1 7
1 3
1 20
1 35
1 49
1 28
1 29
1 13
1 6
1 40
1 11
1 34
1 25
1 38
16
2 35
2 43
2 44
2 22
2 28
2 7
2 10
2 47
2 30
2 14
2 15
2 45
2 46
2 9
2 1
2 41
19
3 39
3 45
3 6
3 35
3 31
3 12
3 23
3 46
3 21
3 24
3 22
3 26
3 30
3 33
3 20
3 29
3 49
3 9
3 44
19
4 29
4 34
4 5
4 26
4 33
4 47
4 21
4 40
4 27
4 24
4 6
4 49
4 44
4 13
4 37
4 16
4 11
4 30
4 28
24
5 14
5 3
5 46
5 47
5 20
5 34
5 35
5 48
5 44
5 18
5 27
5 33
5 2
5 30
5 36
5 21
5 49
5 24
5 42
5 19
5 7
5 9
5 28
5 17
15
6 13
6 21
6 40
6 45
6 38
6 34
6 19
6 35
6 5
6 31
6 26
6 24
6 22
6 9
6 32
21
7 3
7 30
7 42
7 13
7 20
7 33
7 6
7 44
7 45
7 16
7 4
7 9
7 10
7 37
7 36
7 22
7 40
7 32
7 38
7 25
7 18
26
8 31
8 35
8 32
8 18
8 0
8 17
8 37
8 24
8 1
8 42
8 6
8 5
8 30
8 16
8 7
8 3
8 10
8 11
8 2
8 4
8 39
8 27
8 23
8 44
8 46
8 47
16
9 48
9 45
9 41
9 30
9 37
9 38
9 20
9 1
9 27
9 43
9 26
9 19
9 21
9 17
9 13
9 39
19
10 47
10 16
10 0
10 13
10 9
10 33
10 46
10 30
10 36
10 31
10 3
10 45
10 43
10 41
10 18
10 42
10 35
10 34
10 40
21
11 13
11 15
11 40
11 41
11 39
11 3
11 24
11 9
11 19
11 22
11 36
11 45
11 27
11 32
11 10
11 6
11 37
11 34
11 7
11 38
11 25
24
12 5
12 40
12 18
12 2
12 1
12 30
12 26
12 6
12 11
12 25
12 19
12 20
12 8
12 14
12 43
12 32
12 33
12 17
12 4
12 31
12 0
12 9
12 21
12 34
20
13 23
13 39
13 31
13 24
13 43
13 32
13 12
13 35
13 29
13 8
13 2
13 17
13 47
13 3
13 5
13 25
13 34
13 44
13 27
13 33
21
14 44
14 21
14 41
14 27
14 8
14 9
14 0
14 18
14 29
14 11
14 6
14 33
14 42
14 3
14 23
14 4
14 7
14 17
14 32
14 37
14 1
19
15 38
15 24
15 36
15 17
15 10
15 5
15 12
15 28
15 1
15 14
15 27
15 9
15 39
15 25
15 26
15 49
15 3
15 8
15 45
20
16 30
16 37
16 46
16 40
16 31
16 48
16 13
16 11
16 25
16 15
16 41
16 44
16 38
16 28
16 14
16 5
16 29
16 3
16 23
16 27
16
17 4
17 35
17 48
17 42
17 45
17 6
17 49
17 38
17 16
17 23
17 39
17 27
17 2
17 25
17 26
17 19
24
18 43
18 23
18 39
18 19
18 37
18 49
18 15
18 2
18 32
18 11
18 40
18 4
18 9
18 20
18 6
18 3
18 16
18 33
18 26
18 24
18 45
18 42
18 17
18 35
19
19 23
19 39
19 45
19 7
19 28
19 3
19 38
19 1
19 4
19 24
19 14
19 0
19 10
19 32
19 49
19 22
19 40
19 13
19 16
22
20 41
20 11
20 16
20 8
20 37
20 48
20 46
20 27
20 15
20 38
20 13
20 10
20 25
20 19
20 39
20 2
20 36
20 4
20 42
20 14
20 0
20 32
19
21 19
21 25
21 49
21 15
21 10
21 23
21 17
21 27
21 20
21 29
21 37
21 0
21 18
21 22
21 33
21 30
21 7
21 43
21 13
24
22 39
22 15
22 5
22 16
22 35
22 36
22 9
22 17
22 12
22 31
22 34
22 8
22 25
22 23
22 26
22 37
22 4
22 29
22 40
22 47
22 38
22 1
22 27
22 10
18
23 27
23 28
23 43
23 15
23 44
23 30
23 9
23 11
23 46
23 26
23 1
23 20
23 4
23 32
23 35
23 6
23 45
23 39
19
24 12
24 21
24 49
24 10
24 22
24 30
24 9
24 0
24 31
24 43
24 14
24 48
24 26
24 40
24 23
24 16
24 17
24 35
24 2
22
25 8
25 4
25 0
25 10
25 48
25 39
25 28
25 30
25 33
25 14
25 46
25 29
25 24
25 5
25 9
25 6
25 19
25 36
25 18
25 45
25 40
25 44
20
26 40
26 7
26 13
26 8
26 41
26 21
26 43
26 37
26 16
26 34
26 25
26 46
26 19
26 29
26 10
26 5
26 32
26 2
26 36
26 28
17
27 41
27 24
27 49
27 19
27 37
27 25
27 39
27 0
27 3
27 1
27 18
27 44
27 10
27 31
27 7
27 6
27 12
19
28 10
28 27
28 13
28 46
28 24
28 8
28 6
28 17
28 0
28 20
28 18
28 22
28 31
28 38
28 7
28 14
28 48
28 12
28 3
16
29 41
29 44
29 7
29 19
29 6
29 17
29 27
29 36
29 24
29 30
29 20
29 47
29 23
29 12
29 46
29 49
21
30 39
30 15
30 41
30 46
30 17
30 11
30 14
30 38
30 34
30 36
30 18
30 22
30 27
30 48
30 33
30 28
30 49
30 43
30 6
30 42
30 19
19
31 45
31 41
31 7
31 4
31 26
31 21
31 17
31 5
31 33
31 46
31 20
31 44
31 0
31 30
31 40
31 49
31 15
31 11
31 34
24
32 41
32 10
32 22
32 30
32 28
32 39
32 17
32 47
32 38
32 4
32 44
32 48
32 1
32 27
32 9
32 15
32 24
32 25
32 29
32 0
32 42
32 31
32 33
32 3
17
33 40
33 36
33 28
33 24
33 41
33 20
33 8
33 46
33 15
33 9
33 2
33 34
33 26
33 19
33 23
33 27
33 17
21
34 32
34 45
34 29
34 16
34 28
34 24
34 44
34 2
34 17
34 8
34 38
34 15
34 37
34 23
34 9
34 27
34 3
34 7
34 20
34 14
34 46
17
35 11
35 32
35 14
35 46
35 27
35 7
35 16
35 34
35 25
35 42
35 4
35 39
35 38
35 20
35 21
35 41
35 40
18
36 9
36 14
36 12
36 8
36 24
36 1
36 28
36 40
36 2
36 27
36 6
36 42
36 21
36 41
36 16
36 38
36 19
36 4
23
37 5
37 42
37 6
37 45
37 28
37 46
37 3
37 13
37 40
37 47
37 12
37 0
37 2
37 39
37 19
37 17
37 44
37 24
37 35
37 23
37 32
37 15
37 30
20
38 10
38 47
38 27
38 18
38 3
38 41
38 42
38 4
38 43
38 46
38 8
38 0
38 13
38 26
38 5
38 39
38 24
38 23
38 12
38 14
19
39 14
39 44
39 2
39 12
39 0
39 16
39 34
39 36
39 1
39 26
39 10
39 4
39 45
39 7
39 6
39 48
39 21
39 24
39 5
18
40 9
40 48
40 44
40 43
40 14
40 23
40 8
40 17
40 27
40 15
40 38
40 45
40 13
40 34
40 32
40 39
40 2
40 29
21
41 4
41 15
41 17
41 8
41 18
41 43
41 40
41 24
41 7
41 12
41 46
41 39
41 1
41 25
41 6
41 21
41 37
41 23
41 45
41 5
41 22
25
42 43
42 26
42 45
42 25
42 16
42 12
42 21
42 3
42 29
42 41
42 40
42 15
42 1
42 44
42 31
42 19
42 34
42 39
42 49
42 23
42 33
42 0
42 46
42 27
42 22
24
43 34
43 45
43 33
43 29
43 11
43 16
43 17
43 47
43 20
43 27
43 32
43 35
43 37
43 14
43 44
43 31
43 1
43 8
43 4
43 0
43 7
43 46
43 5
43 3
14
44 10
44 33
44 12
44 38
44 36
44 6
44 18
44 24
44 17
44 41
44 46
44 49
44 15
44 11
15
45 14
45 13
45 49
45 8
45 29
45 22
45 26
45 0
45 4
45 30
45 20
45 1
45 38
45 47
45 24
17
46 22
46 6
46 27
46 18
46 0
46 49
46 15
46 17
46 47
46 21
46 48
46 45
46 39
46 4
46 12
46 13
46 9
23
47 16
47 9
47 12
47 20
47 25
47 33
47 40
47 1
47 15
47 30
47 36
47 28
47 34
47 44
47 21
47 18
47 39
47 24
47 3
47 48
47 27
47 41
47 42
20
48 38
48 34
48 19
48 12
48 1
48 7
48 26
48 33
48 22
48 43
48 35
48 18
48 11
48 36
48 21
48 23
48 29
48 14
48 3
48 27
16
49 39
49 12
49 9
49 11
49 23
49 20
49 32
49 10
49 0
49 14
49 35
49 2
49 26
49 34
49 22
49 48
