50
0 "A18"
1 "A11"
2 "A16"
3 "A47"
4 "A2"
5 "A44"
6 "A36"
7 "A13"
8 "A17"
9 "A34"
10 "A20"
11 "A43"
12 "A4"
13 "A27"
14 "A1"
15 "A45"
16 "A15"
17 "A49"
18 "A24"
19 "A37"
20 "A0"
21 "A22"
22 "A40"
23 "A41"
24 "A14"
25 "A9"
26 "A48"
27 "A30"
28 "A10"
29 "A12"
30 "A31"
31 "A23"
32 "A28"
33 "A39"
34 "A38"
35 "A46"
36 "A29"
37 "A5"
38 "A8"
39 "A21"
40 "A19"
41 "A25"
42 "A7"
43 "A42"
44 "A3"
45 "A33"
46 "A26"
47 "A32"
48 "A6"
49 "A35"
23
0 31
0 9
0 23
0 30
0 35
0 24
0 5
0 46
0 39
0 34
0 13
0 41
0 33
0 43
0 15
0 4
0 1
0 17
0 47
0 19
0 14
0 27
0 3
16
1 23
1 22
1 36
1 16
1 43
1 3
1 37
1 15
1 48
1 11
1 46
1 44
1 21
1 20
1 45
1 30
21
2 5
2 6
2 36
2 39
2 3
2 32
2 28
2 0
2 34
2 17
2 31
2 22
2 4
2 47
2 26
2 1
2 14
2 11
2 20
2 43
2 30
19
3 36
3 29
3 23
3 18
3 31
3 24
3 28
3 10
3 44
3 40
3 15
3 16
3 39
3 9
3 32
3 12
3 45
3 49
3 25
15
4 22
4 23
4 41
4 17
4 49
4 20
4 25
4 3
4 46
4 29
4 39
4 38
4 13
4 35
4 6
19
5 47
5 9
5 20
5 42
5 13
5 1
5 14
5 32
5 33
5 24
5 18
5 26
5 46
5 45
5 49
5 38
5 4
5 48
5 15
19
6 48
6 27
6 42
6 0
6 34
6 20
6 49
6 47
6 21
6 28
6 29
6 46
6 3
6 8
6 25
6 7
6 45
6 10
6 43
18
7 38
7 2
7 0
7 45
7 29
7 44
7 23
7 15
7 49
7 8
7 5
7 10
7 1
7 30
7 43
7 39
7 16
7 31
25
8 16
8 49
8 36
8 44
8 18
8 3
8 29
8 20
8 1
8 45
8 48
8 24
8 0
8 4
8 19
8 32
8 11
8 14
8 15
8 2
8 23
8 5
8 28
8 46
8 12
17
9 43
9 6
9 42
9 25
9 17
9 24
9 8
9 36
9 45
9 47
9 31
9 12
9 22
9 23
9 4
9 40
9 1
21
10 2
10 34
10 31
10 27
10 1
10 43
10 0
10 39
10 41
10 13
10 42
10 35
10 4
10 15
10 48
10 20
10 8
10 12
10 21
10 47
10 5
21
11 34
11 10
11 16
11 4
11 24
11 23
11 9
11 39
11 6
11 45
11 37
11 27
11 19
11 0
11 12
11 49
11 28
11 7
11 15
11 25
11 17
22
12 5
12 36
12 7
12 16
12 47
12 49
12 32
12 43
12 1
12 29
12 4
12 0
12 26
12 40
12 48
12 13
12 39
12 6
12 14
12 21
12 45
12 2
19
13 1
13 6
13 37
13 28
13 26
13 11
13 29
13 3
13 22
13 7
13 21
13 32
13 39
13 17
13 30
13 15
13 43
13 38
13 47
18
14 24
14 25
14 11
14 6
14 13
14 23
14 3
14 19
14 9
14 40
14 21
14 45
14 1
14 49
14 37
14 33
14 34
14 28
16
15 33
15 16
15 6
15 14
15 4
15 31
15 47
15 20
15 9
15 12
15 37
15 35
15 29
15 46
15 39
15 2
20
16 10
16 23
16 5
16 2
16 30
16 47
16 17
16 20
16 19
16 9
16 43
16 14
16 13
16 24
16 35
16 33
16 39
16 6
16 41
16 36
16
17 5
17 38
17 27
17 1
17 23
17 18
17 33
17 41
17 28
17 43
17 34
17 26
17 7
17 20
17 22
17 12
22
18 12
18 16
18 43
18 46
18 28
18 45
18 1
18 11
18 19
18 30
18 24
18 48
18 44
18 21
18 47
18 37
18 27
18 20
18 42
18 33
18 34
18 7
24
19 12
19 31
19 40
19 45
19 6
19 23
19 13
19 43
19 2
19 34
19 20
19 17
19 32
19 4
19 15
19 46
19 28
19 7
19 10
19 37
19 24
19 22
19 3
19 1
20
20 48
20 12
20 0
20 29
20 40
20 11
20 34
20 3
20 22
20 33
20 28
20 13
20 26
20 14
20 38
20 41
20 27
20 25
20 39
20 9
22
21 44
21 17
21 19
21 24
21 46
21 0
21 27
21 47
21 7
21 20
21 26
21 15
21 3
21 34
21 4
21 41
21 2
21 43
21 38
21 37
21 9
21 36
17
22 18
22 7
22 49
22 14
22 21
22 33
22 10
22 43
22 6
22 3
22 26
22 40
22 25
22 45
22 16
22 27
22 11
16
23 22
23 27
23 39
23 5
23 2
23 42
23 18
23 49
23 48
23 36
23 37
23 20
23 30
23 10
23 35
23 13
18
24 13
24 28
24 40
24 23
24 36
24 6
24 4
24 39
24 44
24 10
24 30
24 2
24 7
24 1
24 22
24 20
24 17
24 15
16
25 0
25 10
25 36
25 8
25 32
25 28
25 43
25 34
25 17
25 46
25 18
25 19
25 7
25 49
25 31
25 2
24
26 3
26 46
26 47
26 11
26 34
26 18
26 23
26 10
26 32
26 1
26 9
26 0
26 45
26 35
26 41
26 44
26 42
26 27
26 15
26 8
26 7
26 25
26 6
26 19
18
27 3
27 13
27 45
27 15
27 29
27 46
27 9
27 1
27 28
27 32
27 5
27 40
27 16
27 37
27 12
27 41
27 33
27 7
21
28 15
28 5
28 22
28 46
28 1
28 43
28 37
28 0
28 41
28 42
28 30
28 36
28 9
28 23
28 12
28 49
28 29
28 39
28 7
28 35
28 33
18
29 23
29 44
29 41
29 38
29 19
29 9
29 14
29 1
29 25
29 11
29 47
29 21
29 26
29 30
29 2
29 24
29 32
29 22
18
30 17
30 49
30 20
30 8
30 19
30 11
30 9
30 32
30 25
30 6
30 21
30 27
30 26
30 14
30 22
30 3
30 10
30 5
16
31 42
31 45
31 30
31 8
31 21
31 1
31 20
31 47
31 14
31 32
31 24
31 23
31 26
31 49
31 17
31 29
15
32 6
32 33
32 10
32 42
32 14
32 20
32 4
32 22
32 24
32 21
32 9
32 36
32 37
32 0
32 1
16
33 2
33 38
33 19
33 1
33 11
33 24
33 10
33 37
33 44
33 12
33 7
33 42
33 6
33 30
33 31
33 4
22
34 27
34 3
34 30
34 23
34 22
34 37
34 12
34 28
34 15
34 24
34 33
34 38
34 48
34 13
34 29
34 7
34 47
34 1
34 43
34 16
34 5
34 9
20
35 24
35 7
35 1
35 3
35 41
35 40
35 17
35 46
35 9
35 45
35 14
35 30
35 29
35 11
35 20
35 43
35 42
35 22
35 5
35 21
19
36 10
36 20
36 11
36 7
36 47
36 26
36 40
36 0
36 15
36 5
36 41
36 46
36 19
36 38
36 44
36 48
36 39
36 18
36 35
23
37 5
37 12
37 48
37 44
37 4
37 6
37 26
37 25
37 8
37 20
37 30
37 45
37 9
37 31
37 39
37 16
37 0
37 36
37 29
37 40
37 10
37 7
37 22
28
38 32
38 11
38 6
38 1
38 23
38 35
38 30
38 41
38 22
38 14
38 42
38 37
38 48
38 3
38 49
38 9
38 31
38 18
38 19
38 2
38 10
38 25
38 12
38 8
38 28
38 15
38 46
38 24
14
39 22
39 26
39 21
39 35
39 14
39 6
39 17
39 18
39 47
39 32
39 25
39 29
39 27
39 31
26
40 5
40 17
40 7
40 41
40 18
40 0
40 33
40 49
40 6
40 31
40 29
40 13
40 10
40 2
40 16
40 15
40 8
40 32
40 42
40 43
40 38
40 30
40 39
40 44
40 26
40 21
21
41 19
41 25
41 13
41 24
41 1
41 2
41 3
41 6
41 14
41 7
41 15
41 11
41 34
41 31
41 22
41 32
41 5
41 44
41 30
41 37
41 23
20
42 29
42 12
42 1
42 2
42 14
42 7
42 24
42 37
42 0
42 25
42 3
42 44
42 34
42 15
42 13
42 4
42 46
42 41
42 8
42 20
19
43 15
43 42
43 14
43 26
43 37
43 23
43 38
43 11
43 39
43 24
43 29
43 49
43 8
43 36
43 4
43 20
43 48
43 44
43 47
22
44 19
44 47
44 2
44 28
44 4
44 22
44 9
44 32
44 5
44 45
44 46
44 27
44 14
44 17
44 25
44 16
44 38
44 31
44 13
44 20
44 0
44 35
23
45 17
45 25
45 21
45 29
45 32
45 28
45 46
45 13
45 20
45 47
45 33
45 43
45 49
45 30
45 48
45 42
45 2
45 16
45 36
45 40
45 41
45 38
45 34
17
46 41
46 23
46 14
46 9
46 16
46 13
46 31
46 48
46 34
46 39
46 29
46 20
46 12
46 3
46 22
46 40
46 10
19
47 33
47 19
47 22
47 17
47 8
47 46
47 37
47 24
47 7
47 41
47 49
47 23
47 42
47 11
47 27
47 35
47 4
47 40
47 32
20
48 27
48 16
48 33
48 40
48 4
48 24
48 13
48 44
48 11
48 32
48 14
48 19
48 42
48 30
48 41
48 21
48 47
48 3
48 22
48 29
21
49 41
49 32
49 24
49 18
49 10
49 0
49 46
49 1
49 21
49 33
49 39
49 2
49 42
49 15
49 9
49 44
49 13
49 36
49 34
49 16
49 26
