50
0 "A18"
1 "A11"
2 "A16"
3 "A47"
4 "A2"
5 "A44"
6 "A36"
7 "A13"
8 "A17"
9 "A34"
10 "A20"
11 "A43"
12 "A4"
13 "A27"
14 "A1"
15 "A45"
16 "A15"
17 "A49"
18 "A24"
19 "A37"
20 "A0"
21 "A22"
22 "A40"
23 "A41"
24 "A14"
25 "A9"
26 "A48"
27 "A30"
28 "A10"
29 "A12"
30 "A31"
31 "A23"
32 "A28"
33 "A39"
34 "A38"
35 "A46"
36 "A29"
37 "A5"
38 "A8"
39 "A21"
40 "A19"
41 "A25"
42 "A7"
43 "A42"
44 "A3"
45 "A33"
46 "A26"
47 "A32"
48 "A6"
49 "A35"
22
0 24
0 39
0 44
0 17
0 10
0 19
0 41
0 28
0 45
0 18
0 7
0 38
0 27
0 33
0 5
0 47
0 16
0 43
0 8
0 23
0 4
0 29
16
1 24
1 11
1 4
1 9
1 13
1 36
1 17
1 16
1 32
1 43
1 46
1 35
1 33
1 23
1 7
1 42
26
2 36
2 49
2 18
2 28
2 24
2 43
2 30
2 35
2 27
2 9
2 8
2 29
2 26
2 3
2 11
2 0
2 7
2 16
2 42
2 46
2 41
2 20
2 44
2 4
2 5
2 15
19
3 12
3 16
3 6
3 11
3 28
3 26
3 40
3 31
3 0
3 48
3 33
3 7
3 22
3 10
3 14
3 29
3 46
3 24
3 23
15
4 38
4 20
4 41
4 15
4 28
4 14
4 37
4 29
4 5
4 36
4 21
4 44
4 35
4 12
4 30
13
5 30
5 46
5 7
5 31
5 23
5 32
5 45
5 22
5 26
5 34
5 39
5 13
5 18
23
6 24
6 17
6 5
6 15
6 36
6 45
6 27
6 44
6 10
6 41
6 8
6 29
6 48
6 12
6 35
6 49
6 1
6 4
6 33
6 2
6 22
6 30
6 43
20
7 27
7 26
7 23
7 12
7 14
7 30
7 48
7 49
7 31
7 11
7 36
7 42
7 46
7 4
7 9
7 17
7 18
7 45
7 24
7 41
13
8 1
8 47
8 3
8 5
8 31
8 27
8 46
8 29
8 23
8 36
8 7
8 43
8 18
13
9 24
9 8
9 0
9 21
9 30
9 10
9 29
9 45
9 11
9 3
9 6
9 48
9 42
24
10 8
10 30
10 38
10 23
10 18
10 28
10 4
10 43
10 19
10 26
10 14
10 41
10 15
10 44
10 49
10 5
10 7
10 2
10 27
10 35
10 36
10 37
10 1
10 39
21
11 32
11 6
11 17
11 0
11 21
11 42
11 14
11 38
11 44
11 5
11 29
11 16
11 27
11 8
11 41
11 36
11 33
11 25
11 4
11 18
11 28
20
12 1
12 16
12 41
12 45
12 17
12 35
12 39
12 44
12 8
12 43
12 49
12 46
12 2
12 5
12 10
12 36
12 40
12 32
12 27
12 9
26
13 4
13 23
13 41
13 30
13 10
13 35
13 39
13 7
13 12
13 0
13 20
13 38
13 8
13 14
13 2
13 24
13 27
13 34
13 11
13 25
13 49
13 6
13 29
13 44
13 26
13 36
19
14 2
14 43
14 0
14 9
14 6
14 47
14 8
14 28
14 26
14 46
14 30
14 20
14 40
14 12
14 37
14 19
14 39
14 42
14 32
16
15 37
15 14
15 21
15 42
15 47
15 9
15 7
15 45
15 1
15 5
15 13
15 26
15 18
15 28
15 38
15 0
17
16 13
16 29
16 30
16 8
16 41
16 23
16 40
16 34
16 46
16 21
16 14
16 17
16 26
16 45
16 24
16 44
16 33
21
17 21
17 39
17 32
17 27
17 44
17 49
17 30
17 9
17 37
17 5
17 2
17 4
17 15
17 13
17 14
17 47
17 19
17 41
17 3
17 8
17 48
21
18 22
18 4
18 42
18 17
18 34
18 16
18 21
18 13
18 28
18 1
18 12
18 9
18 49
18 25
18 45
18 14
18 36
18 30
18 29
18 20
18 44
18
19 43
19 11
19 40
19 7
19 36
19 1
19 18
19 23
19 5
19 38
19 49
19 45
19 2
19 47
19 8
19 31
19 29
19 3
23
20 15
20 7
20 12
20 0
20 40
20 39
20 26
20 36
20 19
20 30
20 42
20 16
20 5
20 17
20 6
20 45
20 34
20 47
20 22
20 11
20 25
20 8
20 24
19
21 46
21 14
21 13
21 27
21 42
21 7
21 33
21 3
21 8
21 6
21 2
21 39
21 47
21 10
21 41
21 32
21 12
21 19
21 34
26
22 33
22 49
22 0
22 24
22 27
22 12
22 29
22 14
22 4
22 45
22 16
22 11
22 47
22 23
22 17
22 46
22 1
22 21
22 39
22 15
22 44
22 25
22 19
22 7
22 8
22 37
16
23 49
23 9
23 15
23 20
23 40
23 42
23 27
23 11
23 34
23 37
23 46
23 4
23 2
23 47
23 45
23 29
16
24 47
24 37
24 4
24 17
24 12
24 23
24 49
24 36
24 42
24 48
24 41
24 5
24 8
24 14
24 21
24 34
23
25 27
25 28
25 3
25 16
25 6
25 8
25 5
25 29
25 33
25 10
25 40
25 41
25 31
25 47
25 23
25 4
25 9
25 37
25 14
25 21
25 49
25 30
25 24
17
26 25
26 11
26 1
26 22
26 12
26 0
26 39
26 36
26 24
26 19
26 9
26 8
26 27
26 47
26 42
26 21
26 4
13
27 4
27 24
27 15
27 18
27 5
27 3
27 20
27 44
27 40
27 33
27 19
27 14
27 1
20
28 5
28 24
28 45
28 17
28 16
28 29
28 27
28 1
28 38
28 36
28 9
28 12
28 6
28 30
28 21
28 41
28 8
28 13
28 40
28 7
15
29 15
29 32
29 40
29 10
29 34
29 46
29 38
29 36
29 20
29 5
29 27
29 7
29 14
29 26
29 37
21
30 15
30 29
30 23
30 41
30 21
30 35
30 27
30 38
30 26
30 43
30 44
30 19
30 8
30 46
30 40
30 48
30 11
30 12
30 22
30 34
30 32
24
31 17
31 22
31 0
31 12
31 21
31 45
31 28
31 47
31 42
31 20
31 1
31 11
31 27
31 43
31 36
31 40
31 18
31 15
31 26
31 9
31 24
31 38
31 6
31 34
26
32 34
32 26
32 47
32 8
32 31
32 3
32 44
32 46
32 24
32 2
32 22
32 48
32 16
32 6
32 27
32 37
32 9
32 23
32 19
32 18
32 25
32 39
32 4
32 15
32 0
32 7
25
33 10
33 32
33 44
33 29
33 38
33 30
33 20
33 31
33 8
33 18
33 15
33 5
33 23
33 36
33 49
33 24
33 26
33 34
33 28
33 39
33 35
33 2
33 14
33 46
33 13
18
34 14
34 37
34 1
34 8
34 3
34 48
34 15
34 12
34 10
34 6
34 39
34 22
34 41
34 19
34 4
34 35
34 43
34 26
22
35 5
35 31
35 18
35 45
35 22
35 47
35 11
35 24
35 26
35 29
35 3
35 16
35 15
35 9
35 39
35 28
35 8
35 0
35 46
35 25
35 17
35 21
17
36 5
36 22
36 15
36 14
36 32
36 25
36 21
36 35
36 38
36 17
36 37
36 9
36 44
36 0
36 45
36 3
36 42
18
37 13
37 35
37 20
37 12
37 2
37 28
37 48
37 18
37 27
37 5
37 7
37 19
37 31
37 40
37 8
37 16
37 0
37 6
16
38 37
38 23
38 21
38 16
38 27
38 20
38 2
38 9
38 1
38 26
38 42
38 40
38 7
38 34
38 18
38 45
20
39 28
39 2
39 47
39 38
39 8
39 44
39 30
39 15
39 46
39 18
39 25
39 36
39 27
39 37
39 7
39 19
39 3
39 9
39 24
39 29
20
40 36
40 17
40 8
40 6
40 21
40 1
40 33
40 0
40 7
40 9
40 39
40 34
40 15
40 4
40 13
40 18
40 49
40 26
40 2
40 32
19
41 20
41 9
41 3
41 22
41 5
41 42
41 8
41 27
41 32
41 35
41 49
41 14
41 29
41 36
41 1
41 48
41 18
41 26
41 39
17
42 27
42 19
42 30
42 5
42 0
42 46
42 37
42 8
42 28
42 39
42 4
42 35
42 17
42 32
42 43
42 44
42 22
21
43 23
43 20
43 17
43 29
43 47
43 40
43 38
43 16
43 32
43 39
43 5
43 4
43 22
43 13
43 35
43 15
43 41
43 37
43 9
43 24
43 21
20
44 29
44 43
44 34
44 1
44 26
44 7
44 5
44 38
44 9
44 45
44 37
44 20
44 14
44 47
44 31
44 41
44 19
44 25
44 23
44 28
19
45 17
45 41
45 33
45 34
45 46
45 24
45 37
45 4
45 27
45 8
45 2
45 13
45 43
45 39
45 42
45 26
45 25
45 40
45 47
19
46 10
46 4
46 38
46 31
46 17
46 6
46 19
46 13
46 26
46 36
46 20
46 37
46 27
46 24
46 18
46 43
46 15
46 40
46 25
15
47 33
47 38
47 1
47 29
47 34
47 18
47 41
47 7
47 16
47 12
47 9
47 46
47 36
47 13
47 11
28
48 47
48 44
48 46
48 38
48 22
48 11
48 13
48 21
48 10
48 14
48 33
48 1
48 5
48 43
48 35
48 23
48 36
48 20
48 18
48 25
48 39
48 31
48 45
48 15
48 8
48 40
48 4
48 27
24
49 43
49 26
49 5
49 8
49 27
49 32
49 34
49 37
49 38
49 1
49 42
49 11
49 48
49 28
49 4
49 20
49 31
49 47
49 15
49 35
49 45
49 14
49 0
49 9
