50
0 "A18"
1 "A11"
2 "A16"
3 "A47"
4 "A2"
5 "A44"
6 "A36"
7 "A13"
8 "A17"
9 "A34"
10 "A20"
11 "A43"
12 "A4"
13 "A27"
14 "A1"
15 "A45"
16 "A15"
17 "A49"
18 "A24"
19 "A37"
20 "A0"
21 "A22"
22 "A40"
23 "A41"
24 "A14"
25 "A9"
26 "A48"
27 "A30"
28 "A10"
29 "A12"
30 "A31"
31 "A23"
32 "A28"
33 "A39"
34 "A38"
35 "A46"
36 "A29"
37 "A5"
38 "A8"
39 "A21"
40 "A19"
41 "A25"
42 "A7"
43 "A42"
44 "A3"
45 "A33"
46 "A26"
47 "A32"
48 "A6"
49 "A35"
13
0 37
0 46
0 21
0 32
0 11
0 27
0 17
0 31
0 40
0 8
0 43
0 38
0 10
17
1 18
1 32
1 10
1 15
1 45
1 44
1 7
1 29
1 17
1 3
1 14
1 35
1 30
1 42
1 46
1 6
1 23
19
2 28
2 4
2 19
2 38
2 43
2 39
2 1
2 14
2 35
2 40
2 26
2 24
2 49
2 42
2 13
2 20
2 21
2 18
2 45
21
3 29
3 40
3 26
3 15
3 46
3 12
3 21
3 38
3 25
3 33
3 44
3 30
3 2
3 35
3 42
3 34
3 5
3 20
3 45
3 13
3 41
19
4 26
4 6
4 22
4 46
4 47
4 33
4 37
4 23
4 40
4 36
4 16
4 29
4 10
4 49
4 11
4 1
4 19
4 43
4 32
12
5 16
5 42
5 31
5 12
5 14
5 2
5 45
5 19
5 43
5 38
5 44
5 22
19
6 33
6 41
6 20
6 48
6 9
6 35
6 2
6 36
6 47
6 16
6 27
6 32
6 34
6 44
6 40
6 46
6 5
6 7
6 12
19
7 28
7 4
7 21
7 8
7 48
7 45
7 43
7 36
7 38
7 16
7 20
7 0
7 17
7 37
7 46
7 42
7 12
7 2
7 26
25
8 42
8 19
8 30
8 22
8 21
8 28
8 6
8 34
8 41
8 29
8 3
8 11
8 18
8 47
8 24
8 44
8 13
8 1
8 25
8 37
8 39
8 5
8 27
8 31
8 2
21
9 11
9 16
9 23
9 48
9 46
9 26
9 4
9 8
9 45
9 44
9 7
9 49
9 13
9 41
9 27
9 35
9 40
9 43
9 1
9 0
9 17
24
10 18
10 6
10 29
10 17
10 14
10 7
10 37
10 2
10 26
10 24
10 45
10 5
10 25
10 33
10 27
10 11
10 12
10 28
10 23
10 22
10 40
10 30
10 35
10 15
22
11 1
11 41
11 5
11 35
11 19
11 23
11 7
11 29
11 46
11 27
11 12
11 26
11 32
11 14
11 22
11 15
11 13
11 21
11 28
11 47
11 33
11 42
22
12 44
12 2
12 27
12 26
12 8
12 23
12 35
12 0
12 24
12 32
12 25
12 42
12 1
12 29
12 43
12 18
12 20
12 38
12 19
12 36
12 39
12 33
23
13 12
13 14
13 29
13 6
13 4
13 24
13 27
13 23
13 18
13 16
13 48
13 17
13 41
13 1
13 7
13 47
13 30
13 44
13 15
13 21
13 35
13 10
13 39
19
14 12
14 7
14 21
14 38
14 27
14 16
14 30
14 35
14 3
14 24
14 42
14 47
14 43
14 4
14 46
14 29
14 9
14 18
14 19
19
15 5
15 8
15 26
15 21
15 48
15 6
15 0
15 45
15 17
15 9
15 32
15 36
15 18
15 23
15 31
15 43
15 41
15 7
15 2
20
16 22
16 18
16 45
16 11
16 20
16 12
16 48
16 47
16 34
16 8
16 28
16 35
16 32
16 3
16 29
16 30
16 41
16 49
16 0
16 21
17
17 38
17 29
17 23
17 24
17 21
17 35
17 19
17 26
17 44
17 40
17 12
17 2
17 5
17 6
17 39
17 11
17 42
13
18 30
18 24
18 31
18 39
18 7
18 22
18 40
18 46
18 5
18 3
18 9
18 6
18 4
21
19 29
19 33
19 36
19 9
19 15
19 38
19 23
19 30
19 45
19 10
19 39
19 47
19 0
19 18
19 1
19 16
19 42
19 3
19 43
19 37
19 40
17
20 4
20 13
20 25
20 1
20 39
20 19
20 28
20 26
20 42
20 49
20 8
20 14
20 11
20 38
20 33
20 10
20 18
14
21 18
21 4
21 12
21 20
21 25
21 9
21 22
21 40
21 10
21 5
21 31
21 29
21 19
21 41
23
22 34
22 13
22 15
22 7
22 33
22 2
22 12
22 17
22 19
22 20
22 1
22 14
22 48
22 0
22 49
22 40
22 29
22 6
22 37
22 9
22 43
22 3
22 36
19
23 41
23 48
23 25
23 3
23 40
23 42
23 8
23 21
23 0
23 5
23 43
23 18
23 20
23 34
23 29
23 28
23 16
23 27
23 30
20
24 4
24 23
24 45
24 9
24 15
24 22
24 0
24 37
24 43
24 48
24 16
24 11
24 36
24 47
24 1
24 31
24 6
24 20
24 39
24 35
20
25 0
25 29
25 35
25 7
25 6
25 24
25 19
25 15
25 34
25 43
25 22
25 28
25 27
25 11
25 44
25 39
25 13
25 17
25 26
25 16
16
26 19
26 23
26 24
26 46
26 16
26 8
26 1
26 38
26 45
26 49
26 36
26 14
26 21
26 13
26 0
26 27
23
27 30
27 24
27 41
27 33
27 28
27 17
27 47
27 20
27 18
27 48
27 3
27 15
27 42
27 19
27 31
27 4
27 16
27 49
27 39
27 29
27 2
27 1
27 45
24
28 48
28 40
28 15
28 30
28 39
28 21
28 3
28 18
28 19
28 22
28 26
28 29
28 37
28 43
28 34
28 14
28 42
28 45
28 0
28 1
28 12
28 6
28 24
28 5
15
29 20
29 45
29 2
29 9
29 30
29 7
29 6
29 15
29 47
29 34
29 0
29 40
29 48
29 5
29 46
18
30 46
30 38
30 17
30 11
30 22
30 21
30 6
30 25
30 4
30 24
30 20
30 0
30 12
30 45
30 41
30 43
30 2
30 42
27
31 36
31 30
31 38
31 7
31 14
31 9
31 25
31 1
31 29
31 10
31 48
31 13
31 26
31 46
31 32
31 12
31 47
31 2
31 34
31 11
31 22
31 20
31 6
31 19
31 28
31 41
31 43
21
32 24
32 29
32 25
32 2
32 13
32 30
32 27
32 14
32 28
32 20
32 8
32 40
32 42
32 21
32 34
32 38
32 23
32 9
32 36
32 5
32 19
31
33 24
33 38
33 34
33 0
33 49
33 17
33 28
33 21
33 9
33 26
33 37
33 41
33 35
33 23
33 7
33 8
33 16
33 2
33 18
33 14
33 42
33 25
33 15
33 5
33 40
33 29
33 48
33 32
33 13
33 44
33 1
21
34 0
34 21
34 14
34 40
34 27
34 41
34 45
34 1
34 30
34 44
34 17
34 13
34 47
34 2
34 39
34 12
34 5
34 11
34 9
34 15
34 18
20
35 29
35 36
35 21
35 37
35 22
35 23
35 48
35 26
35 8
35 18
35 28
35 34
35 19
35 38
35 43
35 7
35 49
35 31
35 30
35 47
21
36 33
36 41
36 29
36 40
36 20
36 45
36 43
36 8
36 11
36 23
36 38
36 30
36 3
36 28
36 16
36 42
36 0
36 25
36 21
36 10
36 27
25
37 2
37 40
37 31
37 11
37 34
37 45
37 3
37 30
37 27
37 16
37 17
37 20
37 26
37 32
37 23
37 47
37 29
37 36
37 49
37 38
37 9
37 42
37 21
37 25
37 18
18
38 10
38 29
38 23
38 22
38 48
38 34
38 11
38 24
38 4
38 16
38 8
38 18
38 43
38 15
38 13
38 28
38 25
38 21
22
39 10
39 29
39 5
39 4
39 49
39 48
39 26
39 21
39 11
39 23
39 30
39 44
39 1
39 6
39 33
39 36
39 7
39 14
39 16
39 42
39 37
39 3
13
40 49
40 5
40 44
40 26
40 8
40 24
40 16
40 14
40 46
40 15
40 7
40 27
40 1
17
41 18
41 14
41 42
41 24
41 45
41 2
41 10
41 48
41 1
41 38
41 35
41 39
41 40
41 17
41 28
41 0
41 12
20
42 25
42 18
42 44
42 48
42 40
42 21
42 4
42 16
42 26
42 9
42 22
42 13
42 31
42 29
42 6
42 15
42 35
42 47
42 49
42 43
16
43 27
43 41
43 29
43 49
43 17
43 45
43 11
43 33
43 37
43 34
43 3
43 1
43 39
43 20
43 16
43 46
20
44 19
44 10
44 22
44 26
44 28
44 16
44 23
44 38
44 11
44 36
44 37
44 49
44 21
44 0
44 4
44 32
44 31
44 47
44 24
44 41
18
45 25
45 11
45 13
45 33
45 35
45 22
45 20
45 12
45 4
45 0
45 21
45 47
45 18
45 32
45 42
45 40
45 6
45 44
19
46 2
46 21
46 49
46 42
46 34
46 28
46 27
46 32
46 10
46 17
46 36
46 37
46 8
46 35
46 5
46 23
46 13
46 12
46 38
21
47 21
47 23
47 18
47 12
47 49
47 28
47 17
47 32
47 48
47 30
47 22
47 26
47 20
47 1
47 3
47 41
47 2
47 43
47 39
47 33
47 10
17
48 14
48 26
48 40
48 8
48 20
48 32
48 1
48 4
48 12
48 36
48 10
48 37
48 25
48 2
48 30
48 5
48 45
19
49 14
49 12
49 1
49 24
49 19
49 38
49 5
49 23
49 8
49 45
49 11
49 41
49 3
49 29
49 30
49 13
49 18
49 7
49 32
