50
0 "A18"
1 "A11"
2 "A16"
3 "A47"
4 "A2"
5 "A44"
6 "A36"
7 "A13"
8 "A17"
9 "A34"
10 "A20"
11 "A43"
12 "A4"
13 "A27"
14 "A1"
15 "A45"
16 "A15"
17 "A49"
18 "A24"
19 "A37"
20 "A0"
21 "A22"
22 "A40"
23 "A41"
24 "A14"
25 "A9"
26 "A48"
27 "A30"
28 "A10"
29 "A12"
30 "A31"
31 "A23"
32 "A28"
33 "A39"
34 "A38"
35 "A46"
36 "A29"
37 "A5"
38 "A8"
39 "A21"
40 "A19"
41 "A25"
42 "A7"
43 "A42"
44 "A3"
45 "A33"
46 "A26"
47 "A32"
48 "A6"
49 "A35"
19
0 15
0 35
0 33
0 30
0 21
0 25
0 32
0 16
0 12
0 28
0 24
0 34
0 40
0 1
0 10
0 44
0 20
0 9
0 4
16
1 4
1 12
1 9
1 23
1 22
1 46
1 45
1 49
1 15
1 28
1 14
1 43
1 19
1 10
1 29
1 18
24
2 37
2 49
2 19
2 38
2 7
2 26
2 30
2 48
2 4
2 1
2 8
2 18
2 14
2 23
2 25
2 11
2 31
2 21
2 42
2 9
2 15
2 3
2 39
2 22
17
3 36
3 35
3 44
3 45
3 33
3 1
3 41
3 10
3 11
3 0
3 27
3 20
3 21
3 32
3 49
3 47
3 13
21
4 9
4 32
4 18
4 16
4 6
4 45
4 15
4 29
4 41
4 46
4 19
4 44
4 40
4 27
4 26
4 31
4 48
4 39
4 11
4 25
4 13
23
5 19
5 4
5 35
5 23
5 27
5 20
5 32
5 33
5 36
5 1
5 2
5 47
5 38
5 34
5 0
5 31
5 9
5 14
5 22
5 37
5 24
5 3
5 48
27
6 8
6 41
6 49
6 35
6 19
6 30
6 9
6 10
6 32
6 38
6 44
6 17
6 20
6 27
6 33
6 1
6 12
6 22
6 47
6 15
6 2
6 37
6 5
6 7
6 13
6 34
6 46
14
7 26
7 21
7 47
7 49
7 31
7 30
7 28
7 4
7 1
7 40
7 27
7 12
7 8
7 45
23
8 31
8 44
8 35
8 48
8 37
8 21
8 39
8 28
8 9
8 47
8 18
8 34
8 29
8 49
8 25
8 42
8 5
8 30
8 22
8 26
8 27
8 13
8 38
11
9 26
9 43
9 48
9 23
9 24
9 34
9 3
9 32
9 11
9 37
9 25
19
10 47
10 34
10 5
10 23
10 9
10 8
10 39
10 17
10 13
10 18
10 21
10 37
10 32
10 14
10 27
10 31
10 41
10 12
10 20
19
11 28
11 44
11 0
11 16
11 39
11 6
11 10
11 8
11 49
11 32
11 45
11 14
11 22
11 34
11 35
11 12
11 1
11 42
11 31
21
12 14
12 8
12 38
12 36
12 32
12 30
12 44
12 26
12 35
12 13
12 3
12 42
12 48
12 20
12 23
12 46
12 31
12 9
12 45
12 29
12 2
21
13 9
13 20
13 48
13 43
13 37
13 22
13 18
13 36
13 25
13 29
13 23
13 32
13 0
13 47
13 5
13 38
13 19
13 15
13 41
13 30
13 40
20
14 16
14 8
14 33
14 7
14 0
14 4
14 9
14 46
14 30
14 48
14 25
14 26
14 47
14 22
14 49
14 38
14 6
14 45
14 40
14 24
22
15 3
15 21
15 17
15 32
15 25
15 44
15 19
15 30
15 8
15 26
15 11
15 20
15 37
15 18
15 16
15 5
15 29
15 7
15 10
15 39
15 42
15 22
14
16 1
16 8
16 10
16 17
16 31
16 29
16 12
16 3
16 20
16 34
16 22
16 43
16 49
16 30
23
17 9
17 11
17 43
17 7
17 18
17 34
17 27
17 12
17 3
17 26
17 13
17 4
17 0
17 1
17 2
17 48
17 37
17 41
17 38
17 46
17 14
17 8
17 5
21
18 39
18 34
18 11
18 23
18 36
18 14
18 49
18 42
18 29
18 33
18 30
18 19
18 21
18 26
18 12
18 5
18 31
18 25
18 43
18 46
18 45
23
19 20
19 3
19 27
19 41
19 10
19 23
19 28
19 16
19 32
19 38
19 43
19 29
19 11
19 49
19 26
19 30
19 7
19 8
19 9
19 35
19 24
19 42
19 36
17
20 32
20 4
20 40
20 28
20 37
20 22
20 9
20 45
20 24
20 11
20 39
20 17
20 42
20 8
20 2
20 18
20 21
24
21 34
21 32
21 47
21 42
21 5
21 24
21 14
21 26
21 33
21 48
21 9
21 37
21 45
21 28
21 44
21 39
21 6
21 35
21 11
21 13
21 1
21 19
21 17
21 12
21
22 3
22 21
22 40
22 30
22 43
22 49
22 27
22 25
22 19
22 38
22 0
22 42
22 36
22 41
22 35
22 9
22 45
22 4
22 10
22 29
22 48
19
23 16
23 11
23 44
23 24
23 14
23 15
23 48
23 27
23 4
23 37
23 3
23 25
23 39
23 17
23 20
23 28
23 8
23 0
23 36
24
24 15
24 16
24 34
24 11
24 3
24 33
24 31
24 22
24 41
24 7
24 37
24 10
24 18
24 8
24 1
24 28
24 6
24 2
24 25
24 38
24 29
24 4
24 44
24 49
20
25 20
25 38
25 19
25 5
25 45
25 11
25 40
25 42
25 17
25 31
25 29
25 41
25 26
25 21
25 10
25 1
25 7
25 44
25 16
25 12
14
26 42
26 13
26 36
26 22
26 1
26 20
26 46
26 16
26 0
26 10
26 45
26 5
26 23
26 33
18
27 18
27 32
27 28
27 26
27 34
27 0
27 11
27 31
27 45
27 48
27 16
27 37
27 40
27 24
27 44
27 14
27 47
27 12
19
28 31
28 36
28 44
28 16
28 5
28 45
28 22
28 10
28 43
28 41
28 4
28 30
28 47
28 2
28 6
28 35
28 42
28 13
28 25
21
29 35
29 42
29 20
29 11
29 43
29 2
29 17
29 46
29 5
29 28
29 48
29 6
29 31
29 21
29 7
29 9
29 3
29 27
29 33
29 14
29 23
18
30 29
30 3
30 43
30 4
30 1
30 10
30 35
30 20
30 42
30 27
30 23
30 21
30 44
30 38
30 39
30 17
30 32
30 47
17
31 42
31 13
31 45
31 17
31 21
31 26
31 19
31 34
31 1
31 6
31 36
31 23
31 15
31 30
31 9
31 37
31 49
17
32 48
32 34
32 22
32 33
32 45
32 29
32 7
32 16
32 28
32 25
32 46
32 14
32 37
32 26
32 8
32 17
32 31
24
33 44
33 48
33 17
33 19
33 22
33 35
33 4
33 41
33 12
33 20
33 7
33 40
33 10
33 43
33 38
33 16
33 11
33 27
33 30
33 23
33 42
33 49
33 28
33 2
23
34 48
34 26
34 15
34 46
34 37
34 23
34 28
34 49
34 25
34 1
34 42
34 30
34 13
34 41
34 7
34 45
34 20
34 33
34 47
34 19
34 39
34 3
34 22
19
35 25
35 20
35 36
35 48
35 10
35 18
35 15
35 1
35 27
35 23
35 17
35 37
35 49
35 32
35 16
35 43
35 14
35 13
35 34
22
36 14
36 10
36 25
36 20
36 30
36 34
36 39
36 8
36 0
36 9
36 33
36 24
36 6
36 21
36 40
36 17
36 37
36 27
36 15
36 11
36 29
36 46
15
37 45
37 33
37 43
37 1
37 22
37 3
37 12
37 4
37 44
37 49
37 11
37 29
37 0
37 7
37 25
21
38 45
38 15
38 31
38 42
38 1
38 34
38 23
38 3
38 48
38 7
38 28
38 4
38 9
38 47
38 32
38 21
38 18
38 16
38 37
38 0
38 49
19
39 0
39 9
39 44
39 43
39 29
39 16
39 25
39 7
39 24
39 26
39 3
39 22
39 19
39 27
39 31
39 6
39 28
39 47
39 17
21
40 19
40 23
40 32
40 43
40 37
40 8
40 11
40 15
40 9
40 1
40 39
40 44
40 28
40 46
40 2
40 29
40 21
40 6
40 31
40 5
40 38
25
41 48
41 42
41 26
41 29
41 0
41 37
41 35
41 21
41 14
41 40
41 8
41 44
41 1
41 11
41 49
41 43
41 20
41 15
41 45
41 18
41 16
41 31
41 27
41 38
41 5
15
42 40
42 37
42 3
42 1
42 27
42 47
42 24
42 23
42 32
42 7
42 43
42 16
42 35
42 4
42 6
15
43 5
43 36
43 4
43 2
43 10
43 32
43 23
43 7
43 3
43 25
43 49
43 31
43 21
43 15
43 0
21
44 35
44 19
44 9
44 14
44 1
44 5
44 13
44 32
44 43
44 47
44 7
44 38
44 34
44 17
44 2
44 16
44 18
44 20
44 22
44 36
44 10
18
45 47
45 48
45 17
45 30
45 35
45 16
45 40
45 0
45 10
45 44
45 8
45 19
45 6
45 36
45 42
45 13
45 33
45 5
26
46 38
46 20
46 33
46 28
46 3
46 13
46 31
46 49
46 25
46 21
46 30
46 45
46 19
46 11
46 10
46 24
46 8
46 2
46 22
46 0
46 42
46 41
46 23
46 37
46 5
46 44
18
47 11
47 40
47 24
47 12
47 9
47 29
47 15
47 16
47 37
47 43
47 33
47 1
47 22
47 2
47 36
47 35
47 0
47 26
20
48 0
48 31
48 47
48 40
48 42
48 18
48 28
48 19
48 46
48 16
48 25
48 39
48 36
48 1
48 20
48 37
48 15
48 7
48 30
48 6
11
49 36
49 26
49 27
49 42
49 10
49 28
49 47
49 21
49 39
49 4
49 12
