50
0 "A18"
1 "A11"
2 "A16"
3 "A47"
4 "A2"
5 "A44"
6 "A36"
7 "A13"
8 "A17"
9 "A34"
10 "A20"
11 "A43"
12 "A4"
13 "A27"
14 "A1"
15 "A45"
16 "A15"
17 "A49"
18 "A24"
19 "A37"
20 "A0"
21 "A22"
22 "A40"
23 "A41"
24 "A14"
25 "A9"
26 "A48"
27 "A30"
28 "A10"
29 "A12"
30 "A31"
31 "A23"
32 "A28"
33 "A39"
34 "A38"
35 "A46"
36 "A29"
37 "A5"
38 "A8"
39 "A21"
40 "A19"
41 "A25"
42 "A7"
43 "A42"
44 "A3"
45 "A33"
46 "A26"
47 "A32"
48 "A6"
49 "A35"
12
0 12
0 34
0 1
0 4
0 16
0 47
0 31
0 11
0 10
0 42
0 17
0 30
15
1 3
1 21
1 39
1 5
1 29
1 30
1 25
1 37
1 26
1 9
1 36
1 23
1 17
1 19
1 10
25
2 6
2 39
2 8
2 32
2 18
2 35
2 4
2 3
2 38
2 34
2 28
2 45
2 41
2 46
2 15
2 22
2 43
2 21
2 7
2 17
2 29
2 24
2 5
2 1
2 37
20
3 49
3 30
3 21
3 11
3 35
3 4
3 0
3 28
3 46
3 40
3 8
3 43
3 47
3 17
3 19
3 38
3 20
3 44
3 10
3 37
23
4 10
4 28
4 45
4 32
4 38
4 16
4 34
4 30
4 15
4 7
4 18
4 17
4 8
4 46
4 1
4 11
4 9
4 39
4 22
4 41
4 33
4 48
4 31
21
5 21
5 49
5 33
5 41
5 35
5 39
5 4
5 31
5 18
5 25
5 44
5 7
5 11
5 19
5 46
5 36
5 8
5 15
5 0
5 27
5 47
16
6 4
6 47
6 7
6 32
6 22
6 29
6 9
6 1
6 3
6 8
6 36
6 39
6 15
6 46
6 5
6 12
26
7 39
7 3
7 31
7 9
7 30
7 37
7 28
7 41
7 48
7 36
7 40
7 20
7 10
7 45
7 23
7 34
7 43
7 35
7 16
7 49
7 0
7 15
7 25
7 21
7 26
7 22
18
8 9
8 17
8 29
8 7
8 36
8 44
8 20
8 18
8 28
8 34
8 19
8 35
8 0
8 21
8 46
8 23
8 1
8 11
14
9 14
9 0
9 19
9 27
9 10
9 21
9 40
9 23
9 35
9 33
9 46
9 43
9 12
9 45
17
10 16
10 22
10 2
10 49
10 28
10 12
10 40
10 31
10 6
10 32
10 33
10 8
10 20
10 24
10 41
10 11
10 13
19
11 7
11 29
11 6
11 43
11 13
11 45
11 25
11 14
11 9
11 22
11 28
11 48
11 42
11 16
11 39
11 26
11 2
11 24
11 15
25
12 3
12 49
12 13
12 40
12 7
12 4
12 26
12 22
12 25
12 48
12 35
12 31
12 2
12 42
12 24
12 30
12 5
12 29
12 37
12 15
12 8
12 17
12 23
12 18
12 45
26
13 6
13 31
13 29
13 18
13 48
13 5
13 16
13 46
13 42
13 34
13 23
13 3
13 41
13 33
13 4
13 27
13 49
13 8
13 1
13 47
13 24
13 0
13 30
13 44
13 35
13 39
18
14 0
14 21
14 4
14 36
14 48
14 40
14 46
14 19
14 35
14 43
14 33
14 10
14 3
14 2
14 24
14 6
14 32
14 30
19
15 19
15 24
15 9
15 40
15 22
15 0
15 48
15 47
15 20
15 39
15 14
15 43
15 49
15 46
15 33
15 35
15 30
15 23
15 45
13
16 38
16 27
16 43
16 1
16 44
16 14
16 8
16 41
16 33
16 20
16 5
16 22
16 24
14
17 11
17 43
17 5
17 42
17 36
17 22
17 15
17 14
17 46
17 23
17 30
17 26
17 9
17 35
19
18 6
18 27
18 37
18 36
18 20
18 24
18 47
18 16
18 40
18 35
18 33
18 1
18 17
18 32
18 15
18 46
18 23
18 45
18 44
24
19 0
19 43
19 17
19 27
19 10
19 23
19 2
19 30
19 24
19 25
19 33
19 20
19 7
19 42
19 49
19 40
19 37
19 12
19 38
19 6
19 13
19 28
19 29
19 4
19
20 48
20 25
20 46
20 13
20 6
20 12
20 17
20 14
20 24
20 38
20 43
20 5
20 23
20 35
20 1
20 36
20 47
20 39
20 2
19
21 32
21 27
21 10
21 11
21 15
21 29
21 24
21 16
21 6
21 0
21 41
21 22
21 4
21 20
21 47
21 26
21 23
21 19
21 13
24
22 18
22 36
22 9
22 47
22 37
22 34
22 46
22 28
22 5
22 3
22 35
22 25
22 48
22 45
22 49
22 29
22 31
22 19
22 1
22 0
22 8
22 14
22 27
22 33
14
23 10
23 5
23 35
23 29
23 14
23 28
23 2
23 24
23 45
23 11
23 40
23 22
23 6
23 0
19
24 1
24 5
24 47
24 42
24 30
24 35
24 27
24 8
24 33
24 6
24 41
24 37
24 0
24 4
24 48
24 22
24 3
24 17
24 28
23
25 31
25 30
25 39
25 13
25 4
25 49
25 35
25 10
25 34
25 33
25 9
25 18
25 24
25 2
25 23
25 47
25 44
25 36
25 16
25 32
25 0
25 8
25 6
26
26 25
26 16
26 42
26 44
26 45
26 10
26 33
26 14
26 27
26 18
26 24
26 0
26 9
26 49
26 28
26 19
26 20
26 47
26 3
26 23
26 30
26 38
26 32
26 8
26 36
26 40
16
27 25
27 35
27 45
27 0
27 37
27 8
27 3
27 4
27 42
27 1
27 36
27 41
27 20
27 17
27 28
27 23
21
28 9
28 1
28 6
28 39
28 30
28 5
28 0
28 29
28 45
28 20
28 13
28 44
28 12
28 43
28 16
28 31
28 35
28 17
28 41
28 25
28 37
15
29 41
29 0
29 49
29 45
29 18
29 24
29 10
29 20
29 25
29 16
29 34
29 9
29 48
29 47
29 17
18
30 10
30 9
30 35
30 18
30 11
30 2
30 27
30 42
30 21
30 31
30 6
30 22
30 47
30 41
30 39
30 33
30 20
30 5
20
31 36
31 19
31 26
31 16
31 29
31 9
31 1
31 20
31 23
31 49
31 27
31 3
31 18
31 21
31 14
31 2
31 40
31 46
31 8
31 6
25
32 12
32 31
32 23
32 48
32 19
32 16
32 29
32 0
32 39
32 1
32 13
32 40
32 5
32 11
32 46
32 33
32 15
32 8
32 36
32 37
32 24
32 47
32 7
32 22
32 35
16
33 1
33 35
33 12
33 20
33 3
33 11
33 7
33 17
33 0
33 2
33 31
33 46
33 8
33 37
33 27
33 40
23
34 19
34 16
34 42
34 17
34 3
34 39
34 6
34 10
34 26
34 28
34 49
34 32
34 14
34 23
34 15
34 21
34 38
34 31
34 27
34 1
34 43
34 44
34 9
15
35 34
35 48
35 0
35 10
35 4
35 47
35 1
35 16
35 39
35 45
35 26
35 42
35 31
35 49
35 19
21
36 29
36 2
36 30
36 4
36 3
36 48
36 12
36 40
36 35
36 15
36 13
36 46
36 34
36 28
36 16
36 44
36 23
36 9
36 19
36 24
36 10
17
37 47
37 15
37 5
37 11
37 14
37 43
37 13
37 16
37 48
37 40
37 25
37 42
37 29
37 35
37 0
37 49
37 46
24
38 14
38 32
38 7
38 5
38 35
38 13
38 12
38 22
38 47
38 8
38 17
38 6
38 49
38 0
38 9
38 1
38 36
38 15
38 30
38 27
38 41
38 23
38 45
38 43
19
39 3
39 18
39 19
39 45
39 37
39 26
39 42
39 24
39 22
39 44
39 10
39 14
39 27
39 12
39 31
39 23
39 36
39 9
39 46
18
40 21
40 38
40 16
40 45
40 5
40 2
40 8
40 29
40 27
40 20
40 49
40 11
40 25
40 46
40 13
40 0
40 28
40 4
24
41 17
41 42
41 46
41 0
41 45
41 3
41 33
41 35
41 31
41 8
41 14
41 40
41 19
41 37
41 23
41 39
41 48
41 6
41 25
41 11
41 26
41 32
41 15
41 36
22
42 38
42 22
42 32
42 16
42 20
42 10
42 1
42 23
42 7
42 31
42 8
42 3
42 40
42 29
42 15
42 47
42 18
42 9
42 36
42 4
42 21
42 33
18
43 25
43 42
43 36
43 41
43 1
43 39
43 5
43 49
43 35
43 33
43 22
43 12
43 13
43 6
43 0
43 21
43 27
43 30
25
44 32
44 12
44 35
44 45
44 27
44 15
44 7
44 6
44 14
44 17
44 30
44 40
44 38
44 42
44 24
44 4
44 43
44 22
44 33
44 0
44 2
44 37
44 21
44 23
44 31
18
45 47
45 43
45 1
45 8
45 10
45 14
45 3
45 30
45 20
45 48
45 13
45 21
45 24
45 46
45 36
45 0
45 37
45 5
15
46 10
46 29
46 26
46 11
46 1
46 25
46 12
46 0
46 49
46 19
46 42
46 48
46 28
46 27
46 24
19
47 41
47 14
47 40
47 9
47 48
47 44
47 10
47 1
47 46
47 11
47 36
47 31
47 2
47 49
47 4
47 28
47 34
47 33
47 23
25
48 19
48 33
48 16
48 6
48 10
48 40
48 0
48 2
48 17
48 43
48 3
48 25
48 18
48 21
48 27
48 38
48 31
48 8
48 5
48 30
48 28
48 42
48 9
48 39
48 49
18
49 44
49 11
49 6
49 21
49 33
49 28
49 2
49 24
49 23
49 41
49 45
49 27
49 42
49 9
49 14
49 32
49 8
49 16
