50
0 "A34"
1 "A15"
2 "A16"
3 "A44"
4 "A2"
5 "A25"
6 "A26"
7 "A1"
8 "A49"
9 "A13"
10 "A37"
11 "A35"
12 "A0"
13 "A48"
14 "A36"
15 "A4"
16 "A18"
17 "A11"
18 "A19"
19 "A38"
20 "A3"
21 "A45"
22 "A12"
23 "A8"
24 "A29"
25 "A43"
26 "A40"
27 "A39"
28 "A33"
29 "A24"
30 "A14"
31 "A17"
32 "A23"
33 "A5"
34 "A22"
35 "A7"
36 "A27"
37 "A30"
38 "A41"
39 "A9"
40 "A42"
41 "A31"
42 "A20"
43 "A47"
44 "A32"
45 "A21"
46 "A6"
47 "A46"
48 "A28"
49 "A10"
20
0 34
0 7
0 1
0 41
0 20
0 13
0 42
0 11
0 37
0 38
0 49
0 5
0 4
0 36
0 26
0 19
0 48
0 2
0 30
0 28
18
1 29
1 48
1 21
1 6
1 45
1 17
1 49
1 4
1 9
1 11
1 3
1 41
1 14
1 8
1 27
1 5
1 16
1 23
28
2 13
2 10
2 11
2 43
2 37
2 45
2 19
2 16
2 7
2 8
2 1
2 31
2 48
2 39
2 5
2 20
2 22
2 14
2 17
2 21
2 42
2 12
2 30
2 44
2 36
2 46
2 26
2 4
18
3 11
3 46
3 41
3 24
3 13
3 38
3 5
3 10
3 27
3 42
3 36
3 37
3 0
3 44
3 23
3 18
3 4
3 9
22
4 46
4 18
4 34
4 20
4 11
4 14
4 37
4 38
4 16
4 47
4 45
4 9
4 25
4 41
4 12
4 28
4 23
4 7
4 8
4 15
4 27
4 35
17
5 42
5 19
5 14
5 44
5 12
5 21
5 16
5 38
5 48
5 34
5 31
5 26
5 25
5 46
5 41
5 24
5 7
23
6 13
6 25
6 42
6 11
6 48
6 46
6 17
6 41
6 4
6 5
6 26
6 16
6 39
6 0
6 31
6 20
6 3
6 21
6 10
6 34
6 44
6 18
6 38
17
7 30
7 38
7 3
7 48
7 35
7 22
7 37
7 32
7 41
7 46
7 33
7 8
7 44
7 42
7 36
7 15
7 16
23
8 0
8 22
8 36
8 15
8 17
8 33
8 45
8 23
8 10
8 19
8 3
8 21
8 41
8 14
8 34
8 26
8 6
8 46
8 35
8 47
8 13
8 42
8 5
21
9 15
9 32
9 8
9 29
9 7
9 39
9 28
9 30
9 44
9 34
9 26
9 5
9 12
9 43
9 40
9 14
9 2
9 38
9 23
9 48
9 36
24
10 48
10 36
10 43
10 34
10 27
10 28
10 9
10 33
10 5
10 41
10 22
10 15
10 0
10 35
10 26
10 4
10 1
10 47
10 12
10 39
10 19
10 29
10 23
10 37
21
11 42
11 30
11 37
11 15
11 22
11 9
11 36
11 20
11 34
11 18
11 14
11 38
11 40
11 5
11 44
11 13
11 47
11 16
11 43
11 10
11 33
23
12 14
12 27
12 21
12 43
12 1
12 46
12 40
12 41
12 8
12 33
12 6
12 0
12 11
12 25
12 35
12 26
12 16
12 15
12 34
12 42
12 3
12 47
12 7
20
13 34
13 28
13 27
13 33
13 12
13 29
13 17
13 4
13 31
13 26
13 25
13 32
13 15
13 24
13 20
13 19
13 23
13 49
13 47
13 35
16
14 7
14 36
14 19
14 22
14 0
14 21
14 10
14 35
14 3
14 49
14 16
14 45
14 15
14 13
14 44
14 33
16
15 30
15 32
15 16
15 22
15 6
15 23
15 43
15 48
15 37
15 33
15 49
15 3
15 29
15 18
15 1
15 0
16
16 41
16 19
16 26
16 36
16 23
16 18
16 47
16 9
16 39
16 34
16 33
16 20
16 42
16 17
16 35
16 22
19
17 25
17 7
17 49
17 26
17 36
17 34
17 44
17 12
17 24
17 23
17 14
17 15
17 9
17 46
17 41
17 28
17 11
17 35
17 45
21
18 48
18 8
18 17
18 40
18 10
18 42
18 12
18 5
18 22
18 44
18 1
18 45
18 7
18 33
18 28
18 49
18 9
18 36
18 0
18 21
18 14
17
19 36
19 17
19 49
19 4
19 35
19 11
19 9
19 21
19 29
19 15
19 6
19 32
19 43
19 12
19 40
19 48
19 22
22
20 12
20 10
20 46
20 36
20 40
20 3
20 26
20 7
20 5
20 21
20 1
20 8
20 9
20 33
20 45
20 39
20 43
20 49
20 18
20 29
20 31
20 17
17
21 47
21 44
21 0
21 41
21 46
21 35
21 10
21 33
21 15
21 13
21 22
21 16
21 30
21 11
21 3
21 34
21 42
18
22 1
22 5
22 23
22 9
22 0
22 3
22 13
22 41
22 20
22 4
22 38
22 26
22 28
22 42
22 27
22 45
22 12
22 6
20
23 33
23 43
23 6
23 37
23 5
23 44
23 35
23 7
23 30
23 20
23 27
23 12
23 48
23 45
23 19
23 18
23 49
23 0
23 26
23 25
19
24 41
24 22
24 30
24 18
24 1
24 35
24 42
24 9
24 21
24 16
24 7
24 12
24 6
24 8
24 15
24 46
24 47
24 11
24 14
24
25 24
25 15
25 20
25 7
25 28
25 37
25 2
25 22
25 18
25 31
25 21
25 3
25 27
25 36
25 14
25 41
25 29
25 44
25 47
25 33
25 8
25 40
25 16
25 9
19
26 37
26 32
26 1
26 19
26 29
26 45
26 25
26 43
26 35
26 11
26 44
26 46
26 33
26 28
26 36
26 24
26 21
26 4
26 7
27
27 36
27 40
27 0
27 9
27 15
27 24
27 8
27 47
27 46
27 37
27 26
27 14
27 18
27 16
27 7
27 28
27 45
27 38
27 19
27 33
27 30
27 32
27 48
27 17
27 5
27 44
27 11
16
28 7
28 12
28 43
28 33
28 16
28 49
28 15
28 32
28 21
28 8
28 46
28 19
28 20
28 11
28 30
28 5
19
29 16
29 3
29 44
29 27
29 28
29 40
29 23
29 35
29 33
29 7
29 22
29 12
29 5
29 17
29 39
29 18
29 24
29 11
29 2
17
30 18
30 8
30 4
30 13
30 3
30 19
30 44
30 46
30 20
30 38
30 29
30 10
30 25
30 47
30 12
30 40
30 6
25
31 45
31 23
31 32
31 27
31 36
31 19
31 7
31 43
31 26
31 46
31 41
31 24
31 8
31 49
31 47
31 40
31 29
31 3
31 11
31 14
31 1
31 30
31 37
31 10
31 15
23
32 23
32 37
32 10
32 12
32 2
32 47
32 36
32 35
32 22
32 5
32 42
32 38
32 0
32 25
32 21
32 33
32 17
32 44
32 4
32 18
32 11
32 34
32 46
15
33 35
33 6
33 42
33 49
33 19
33 43
33 30
33 41
33 0
33 45
33 9
33 36
33 22
33 40
33 31
17
34 41
34 26
34 30
34 20
34 14
34 36
34 42
34 22
34 43
34 27
34 3
34 24
34 2
34 33
34 23
34 7
34 49
17
35 20
35 11
35 46
35 18
35 45
35 41
35 31
35 25
35 36
35 1
35 2
35 37
35 5
35 6
35 42
35 15
35 30
14
36 28
36 15
36 12
36 39
36 40
36 6
36 37
36 23
36 29
36 49
36 24
36 47
36 13
36 45
21
37 33
37 47
37 24
37 1
37 5
37 20
37 13
37 48
37 40
37 30
37 6
37 19
37 28
37 22
37 14
37 9
37 12
37 42
37 49
37 34
37 16
20
38 12
38 33
38 10
38 24
38 42
38 8
38 2
38 45
38 44
38 15
38 26
38 39
38 19
38 17
38 13
38 47
38 34
38 36
38 31
38 16
17
39 11
39 4
39 7
39 30
39 26
39 22
39 37
39 49
39 12
39 27
39 8
39 1
39 17
39 0
39 35
39 31
39 13
24
40 35
40 42
40 32
40 3
40 24
40 14
40 2
40 26
40 28
40 6
40 13
40 46
40 0
40 49
40 34
40 16
40 1
40 21
40 39
40 17
40 23
40 10
40 5
40 44
12
41 23
41 40
41 37
41 20
41 36
41 30
41 9
41 19
41 27
41 13
41 32
41 29
18
42 31
42 46
42 26
42 48
42 29
42 30
42 23
42 19
42 17
42 15
42 1
42 36
42 41
42 14
42 25
42 9
42 27
42 28
26
43 39
43 45
43 29
43 1
43 35
43 30
43 49
43 6
43 36
43 41
43 0
43 18
43 8
43 3
43 44
43 37
43 17
43 21
43 22
43 27
43 14
43 24
43 7
43 32
43 25
43 13
18
44 36
44 24
44 20
44 49
44 31
44 37
44 8
44 16
44 28
44 4
44 41
44 0
44 15
44 34
44 12
44 1
44 35
44 42
20
45 6
45 13
45 46
45 15
45 37
45 30
45 44
45 9
45 49
45 7
45 24
45 0
45 34
45 40
45 41
45 3
45 47
45 12
45 39
45 32
16
46 41
46 16
46 1
46 19
46 10
46 33
46 34
46 9
46 15
46 25
46 22
46 29
46 47
46 13
46 38
46 23
22
47 7
47 35
47 20
47 26
47 0
47 40
47 33
47 2
47 22
47 34
47 42
47 43
47 14
47 9
47 17
47 39
47 15
47 18
47 41
47 1
47 19
47 29
19
48 45
48 8
48 30
48 4
48 25
48 11
48 43
48 32
48 22
48 40
48 13
48 28
48 34
48 41
48 21
48 46
48 17
48 44
48 35
18
49 5
49 46
49 8
49 22
49 21
49 38
49 3
49 7
49 4
49 25
49 2
49 35
49 48
49 10
49 41
49 30
49 11
49 6
