50
0 "A11"
1 "A47"
2 "A36"
3 "A27"
4 "A43"
5 "A7"
6 "A17"
7 "A30"
8 "A48"
9 "A38"
10 "A32"
11 "A31"
12 "A41"
13 "A39"
14 "A18"
15 "A9"
16 "A40"
17 "A21"
18 "A24"
19 "A5"
20 "A13"
21 "A15"
22 "A16"
23 "A42"
24 "A3"
25 "A12"
26 "A10"
27 "A2"
28 "A28"
29 "A35"
30 "A14"
31 "A49"
32 "A25"
33 "A6"
34 "A44"
35 "A4"
36 "A37"
37 "A46"
38 "A20"
39 "A33"
40 "A26"
41 "A0"
42 "A29"
43 "A34"
44 "A19"
45 "A23"
46 "A8"
47 "A22"
48 "A45"
49 "A1"
22
0 12
0 44
0 30
0 32
0 25
0 6
0 41
0 21
0 47
0 49
0 29
0 13
0 4
0 1
0 46
0 24
0 36
0 48
0 11
0 9
0 20
0 15
19
1 4
1 44
1 39
1 35
1 17
1 31
1 34
1 32
1 47
1 37
1 48
1 33
1 19
1 7
1 9
1 41
1 5
1 49
1 28
24
2 16
2 11
2 31
2 17
2 39
2 49
2 22
2 35
2 15
2 37
2 6
2 41
2 43
2 21
2 3
2 48
2 44
2 13
2 7
2 8
2 27
2 45
2 20
2 0
17
3 38
3 10
3 49
3 7
3 46
3 18
3 13
3 45
3 41
3 19
3 25
3 1
3 29
3 0
3 26
3 27
3 4
19
4 2
4 38
4 41
4 29
4 10
4 26
4 39
4 8
4 23
4 34
4 14
4 31
4 49
4 21
4 17
4 5
4 30
4 15
4 48
20
5 38
5 0
5 14
5 19
5 12
5 3
5 47
5 13
5 7
5 49
5 37
5 15
5 20
5 30
5 2
5 17
5 27
5 39
5 33
5 25
16
6 12
6 20
6 32
6 5
6 39
6 41
6 29
6 4
6 15
6 35
6 13
6 28
6 34
6 3
6 49
6 9
20
7 43
7 36
7 0
7 25
7 34
7 40
7 37
7 41
7 30
7 14
7 47
7 23
7 13
7 38
7 4
7 35
7 8
7 29
7 33
7 45
17
8 12
8 17
8 0
8 19
8 6
8 32
8 46
8 23
8 21
8 49
8 34
8 1
8 30
8 47
8 14
8 3
8 9
18
9 40
9 29
9 10
9 19
9 20
9 44
9 17
9 14
9 38
9 16
9 31
9 25
9 18
9 4
9 7
9 23
9 32
9 3
22
10 28
10 22
10 48
10 19
10 33
10 7
10 0
10 16
10 41
10 13
10 1
10 46
10 5
10 42
10 29
10 39
10 45
10 23
10 26
10 6
10 37
10 34
19
11 46
11 32
11 19
11 10
11 20
11 38
11 15
11 9
11 22
11 42
11 44
11 1
11 30
11 8
11 3
11 7
11 4
11 33
11 16
22
12 25
12 38
12 21
12 41
12 2
12 16
12 29
12 37
12 36
12 4
12 39
12 15
12 18
12 28
12 7
12 1
12 23
12 3
12 32
12 31
12 30
12 42
18
13 46
13 39
13 45
13 16
13 35
13 1
13 44
13 31
13 4
13 32
13 43
13 8
13 28
13 34
13 12
13 9
13 14
13 23
23
14 15
14 22
14 10
14 44
14 19
14 6
14 27
14 12
14 11
14 49
14 3
14 47
14 16
14 18
14 48
14 24
14 2
14 1
14 41
14 0
14 35
14 30
14 29
15
15 23
15 31
15 46
15 40
15 24
15 35
15 16
15 10
15 3
15 8
15 9
15 34
15 48
15 13
15 37
17
16 25
16 5
16 37
16 47
16 20
16 34
16 42
16 24
16 8
16 18
16 17
16 0
16 4
16 6
16 1
16 23
16 26
14
17 26
17 6
17 28
17 46
17 32
17 10
17 48
17 11
17 44
17 15
17 34
17 7
17 14
17 38
20
18 1
18 7
18 46
18 48
18 25
18 40
18 45
18 26
18 10
18 35
18 4
18 19
18 27
18 6
18 23
18 24
18 15
18 21
18 38
18 47
16
19 4
19 21
19 2
19 13
19 29
19 36
19 22
19 28
19 26
19 12
19 17
19 16
19 15
19 41
19 40
19 32
21
20 37
20 33
20 12
20 29
20 10
20 15
20 19
20 18
20 34
20 40
20 3
20 8
20 42
20 13
20 49
20 41
20 43
20 24
20 38
20 7
20 14
19
21 6
21 11
21 15
21 38
21 20
21 26
21 24
21 13
21 10
21 49
21 39
21 9
21 28
21 7
21 14
21 34
21 44
21 25
21 36
21
22 6
22 4
22 21
22 23
22 43
22 3
22 20
22 15
22 12
22 27
22 18
22 36
22 13
22 46
22 39
22 0
22 33
22 26
22 30
22 49
22 17
14
23 19
23 40
23 33
23 0
23 30
23 26
23 3
23 1
23 21
23 36
23 46
23 35
23 5
23 49
23
24 44
24 19
24 5
24 42
24 17
24 40
24 39
24 8
24 23
24 30
24 10
24 47
24 33
24 6
24 46
24 41
24 2
24 13
24 34
24 4
24 12
24 3
24 1
23
25 1
25 23
25 13
25 4
25 46
25 17
25 30
25 42
25 24
25 49
25 2
25 34
25 28
25 33
25 35
25 11
25 14
25 26
25 40
25 41
25 20
25 37
25 10
17
26 12
26 6
26 11
26 44
26 33
26 24
26 40
26 8
26 20
26 43
26 5
26 37
26 35
26 7
26 49
26 36
26 9
23
27 4
27 8
27 19
27 0
27 48
27 9
27 31
27 38
27 15
27 37
27 46
27 24
27 16
27 7
27 13
27 12
27 21
27 17
27 35
27 10
27 41
27 36
27 29
22
28 42
28 27
28 3
28 16
28 4
28 2
28 24
28 35
28 18
28 38
28 39
28 11
28 7
28 5
28 32
28 45
28 23
28 40
28 8
28 20
28 14
28 44
16
29 8
29 34
29 26
29 17
29 1
29 46
29 48
29 5
29 22
29 44
29 28
29 21
29 13
29 15
29 2
29 49
22
30 28
30 39
30 36
30 18
30 2
30 40
30 27
30 21
30 20
30 31
30 26
30 29
30 13
30 6
30 44
30 43
30 1
30 42
30 41
30 34
30 17
30 33
19
31 16
31 26
31 11
31 6
31 42
31 21
31 38
31 35
31 45
31 28
31 0
31 7
31 23
31 20
31 10
31 25
31 22
31 5
31 14
17
32 15
32 21
32 4
32 26
32 42
32 10
32 48
32 47
32 22
32 18
32 16
32 30
32 25
32 5
32 7
32 31
32 2
24
33 21
33 3
33 40
33 39
33 15
33 18
33 16
33 13
33 6
33 4
33 29
33 28
33 31
33 0
33 48
33 8
33 17
33 14
33 36
33 32
33 37
33 2
33 12
33 27
16
34 33
34 40
34 49
34 18
34 31
34 35
34 41
34 2
34 28
34 14
34 19
34 36
34 11
34 9
34 12
34 27
24
35 12
35 48
35 37
35 21
35 32
35 5
35 44
35 33
35 24
35 41
35 42
35 10
35 47
35 43
35 29
35 19
35 4
35 17
35 16
35 38
35 9
35 0
35 30
35 20
16
36 18
36 10
36 25
36 43
36 42
36 39
36 14
36 17
36 35
36 9
36 1
36 31
36 40
36 24
36 11
36 20
14
37 29
37 0
37 3
37 23
37 8
37 24
37 17
37 28
37 18
37 32
37 31
37 36
37 6
37 22
21
38 49
38 16
38 34
38 44
38 30
38 33
38 46
38 1
38 37
38 14
38 29
38 24
38 15
38 2
38 43
38 19
38 23
38 0
38 36
38 22
38 13
27
39 44
39 38
39 31
39 37
39 15
39 34
39 7
39 11
39 0
39 20
39 29
39 18
39 23
39 3
39 41
39 32
39 46
39 27
39 17
39 14
39 35
39 19
39 8
39 26
39 9
39 25
39 16
16
40 31
40 8
40 11
40 27
40 43
40 39
40 21
40 16
40 10
40 6
40 45
40 32
40 2
40 22
40 12
40 29
16
41 22
41 38
41 46
41 13
41 8
41 26
41 11
41 48
41 16
41 47
41 44
41 31
41 29
41 32
41 21
41 49
25
42 15
42 19
42 44
42 17
42 7
42 6
42 1
42 27
42 37
42 41
42 3
42 46
42 39
42 29
42 21
42 8
42 2
42 43
42 4
42 23
42 38
42 33
42 13
42 9
42 18
24
43 14
43 6
43 19
43 48
43 24
43 28
43 45
43 23
43 27
43 37
43 10
43 21
43 11
43 3
43 49
43 1
43 5
43 34
43 29
43 9
43 15
43 41
43 16
43 39
11
44 18
44 25
44 6
44 16
44 47
44 43
44 20
44 34
44 12
44 23
44 15
25
45 5
45 42
45 35
45 14
45 39
45 15
45 41
45 22
45 25
45 24
45 6
45 16
45 4
45 38
45 36
45 23
45 19
45 32
45 29
45 8
45 30
45 21
45 26
45 0
45 11
23
46 12
46 2
46 1
46 26
46 14
46 20
46 5
46 4
46 28
46 49
46 45
46 21
46 36
46 35
46 34
46 16
46 44
46 30
46 32
46 33
46 6
46 9
46 19
20
47 17
47 46
47 43
47 45
47 29
47 30
47 21
47 13
47 42
47 31
47 39
47 2
47 33
47 25
47 9
47 26
47 38
47 10
47 40
47 6
24
48 26
48 25
48 23
48 24
48 5
48 39
48 28
48 6
48 31
48 36
48 44
48 16
48 12
48 9
48 3
48 38
48 45
48 40
48 37
48 20
48 22
48 34
48 11
48 8
19
49 13
49 7
49 36
49 31
49 27
49 47
49 32
49 9
49 48
49 33
49 39
49 24
49 16
49 37
49 30
49 42
49 10
49 28
49 11
