50
0 "A11"
1 "A47"
2 "A36"
3 "A27"
4 "A43"
5 "A7"
6 "A17"
7 "A30"
8 "A48"
9 "A38"
10 "A32"
11 "A31"
12 "A41"
13 "A39"
14 "A18"
15 "A9"
16 "A40"
17 "A21"
18 "A24"
19 "A5"
20 "A13"
21 "A15"
22 "A16"
23 "A42"
24 "A3"
25 "A12"
26 "A10"
27 "A2"
28 "A28"
29 "A35"
30 "A14"
31 "A49"
32 "A25"
33 "A6"
34 "A44"
35 "A4"
36 "A37"
37 "A46"
38 "A20"
39 "A33"
40 "A26"
41 "A0"
42 "A29"
43 "A34"
44 "A19"
45 "A23"
46 "A8"
47 "A22"
48 "A45"
49 "A1"
20
0 34
0 30
0 37
0 40
0 42
0 5
0 6
0 10
0 2
0 43
0 32
0 29
0 23
0 1
0 7
0 44
0 38
0 49
0 8
0 15
23
1 38
1 7
1 22
1 21
1 27
1 9
1 24
1 33
1 2
1 47
1 15
1 48
1 44
1 39
1 13
1 16
1 42
1 46
1 20
1 11
1 40
1 41
1 12
20
2 36
2 49
2 39
2 24
2 8
2 41
2 46
2 26
2 37
2 10
2 13
2 33
2 22
2 16
2 28
2 40
2 47
2 3
2 20
2 19
25
3 1
3 4
3 36
3 21
3 32
3 18
3 11
3 9
3 0
3 16
3 27
3 20
3 23
3 34
3 39
3 49
3 12
3 45
3 28
3 25
3 38
3 14
3 33
3 30
3 19
21
4 38
4 41
4 39
4 17
4 30
4 2
4 15
4 6
4 44
4 29
4 20
4 12
4 46
4 34
4 7
4 10
4 5
4 14
4 16
4 23
4 11
20
5 25
5 12
5 3
5 31
5 45
5 11
5 34
5 47
5 13
5 36
5 1
5 2
5 40
5 26
5 23
5 21
5 33
5 41
5 32
5 19
19
6 34
6 3
6 11
6 14
6 1
6 41
6 13
6 9
6 16
6 20
6 27
6 5
6 29
6 8
6 31
6 15
6 17
6 32
6 2
17
7 6
7 35
7 15
7 13
7 10
7 40
7 29
7 46
7 3
7 9
7 16
7 5
7 14
7 2
7 24
7 49
7 41
23
8 49
8 48
8 35
8 33
8 47
8 31
8 3
8 7
8 34
8 28
8 10
8 40
8 38
8 9
8 15
8 12
8 36
8 18
8 29
8 5
8 44
8 27
8 1
19
9 21
9 49
9 12
9 24
9 0
9 16
9 27
9 13
9 30
9 47
9 44
9 48
9 29
9 45
9 4
9 33
9 39
9 23
9 2
22
10 14
10 1
10 17
10 34
10 36
10 15
10 18
10 12
10 5
10 47
10 31
10 13
10 21
10 26
10 9
10 48
10 19
10 41
10 22
10 20
10 6
10 3
21
11 36
11 34
11 8
11 13
11 42
11 15
11 25
11 43
11 44
11 41
11 17
11 33
11 18
11 24
11 10
11 14
11 46
11 28
11 23
11 20
11 47
17
12 7
12 25
12 46
12 38
12 13
12 29
12 27
12 6
12 32
12 34
12 47
12 31
12 0
12 22
12 17
12 24
12 43
14
13 3
13 22
13 32
13 41
13 47
13 33
13 26
13 4
13 49
13 19
13 42
13 40
13 8
13 29
19
14 41
14 46
14 23
14 13
14 12
14 47
14 30
14 2
14 31
14 9
14 15
14 26
14 0
14 20
14 48
14 22
14 40
14 5
14 45
21
15 48
15 45
15 34
15 23
15 31
15 9
15 2
15 30
15 42
15 13
15 28
15 37
15 12
15 35
15 41
15 44
15 38
15 22
15 26
15 5
15 17
19
16 5
16 27
16 40
16 43
16 19
16 32
16 26
16 48
16 8
16 31
16 13
16 29
16 22
16 45
16 24
16 21
16 47
16 10
16 12
24
17 30
17 33
17 1
17 38
17 26
17 20
17 45
17 37
17 13
17 8
17 16
17 2
17 48
17 44
17 5
17 43
17 3
17 19
17 7
17 31
17 35
17 24
17 21
17 14
19
18 16
18 33
18 6
18 31
18 46
18 9
18 29
18 38
18 0
18 26
18 43
18 12
18 35
18 40
18 17
18 5
18 7
18 15
18 42
23
19 44
19 25
19 6
19 1
19 32
19 40
19 33
19 7
19 4
19 9
19 20
19 34
19 46
19 47
19 37
19 12
19 43
19 38
19 11
19 39
19 0
19 14
19 41
19
20 25
20 9
20 45
20 44
20 48
20 8
20 0
20 12
20 15
20 39
20 49
20 27
20 5
20 38
20 16
20 35
20 13
20 7
20 32
24
21 20
21 28
21 41
21 14
21 49
21 22
21 43
21 44
21 2
21 15
21 13
21 36
21 32
21 38
21 6
21 12
21 11
21 19
21 35
21 29
21 34
21 46
21 8
21 27
17
22 19
22 27
22 30
22 11
22 9
22 4
22 29
22 48
22 6
22 46
22 18
22 36
22 17
22 20
22 8
22 0
22 23
21
23 7
23 2
23 48
23 6
23 38
23 32
23 29
23 27
23 33
23 46
23 25
23 19
23 30
23 1
23 42
23 43
23 34
23 49
23 26
23 36
23 10
20
24 48
24 40
24 19
24 5
24 42
24 34
24 10
24 26
24 28
24 18
24 4
24 3
24 33
24 14
24 37
24 21
24 8
24 23
24 31
24 6
16
25 17
25 28
25 18
25 16
25 34
25 7
25 0
25 36
25 8
25 9
25 29
25 42
25 24
25 13
25 1
25 31
20
26 33
26 34
26 40
26 19
26 43
26 25
26 45
26 39
26 20
26 42
26 3
26 29
26 32
26 6
26 30
26 37
26 36
26 7
26 38
26 21
17
27 44
27 37
27 17
27 5
27 35
27 10
27 40
27 29
27 14
27 31
27 0
27 13
27 11
27 33
27 25
27 45
27 46
20
28 37
28 42
28 22
28 18
28 5
28 12
28 0
28 36
28 4
28 49
28 34
28 41
28 14
28 9
28 23
28 1
28 19
28 39
28 20
28 27
11
29 24
29 3
29 28
29 15
29 20
29 36
29 11
29 1
29 37
29 39
29 47
19
30 10
30 46
30 45
30 34
30 7
30 37
30 21
30 48
30 20
30 27
30 11
30 40
30 29
30 24
30 42
30 18
30 35
30 5
30 25
18
31 9
31 3
31 48
31 4
31 35
31 47
31 41
31 29
31 20
31 32
31 2
31 49
31 23
31 19
31 13
31 42
31 21
31 45
15
32 4
32 18
32 39
32 7
32 34
32 24
32 10
32 14
32 1
32 42
32 15
32 28
32 9
32 17
32 2
18
33 16
33 32
33 39
33 43
33 6
33 41
33 49
33 42
33 21
33 20
33 15
33 29
33 30
33 14
33 36
33 7
33 28
33 37
15
34 29
34 2
34 35
34 36
34 27
34 7
34 16
34 18
34 49
34 9
34 38
34 14
34 33
34 44
34 41
26
35 43
35 44
35 24
35 29
35 26
35 42
35 5
35 23
35 32
35 49
35 1
35 13
35 37
35 28
35 3
35 14
35 41
35 0
35 33
35 22
35 46
35 19
35 47
35 4
35 9
35 39
18
36 43
36 40
36 4
36 16
36 17
36 42
36 0
36 35
36 6
36 9
36 44
36 39
36 38
36 1
36 49
36 13
36 46
36 30
20
37 11
37 5
37 3
37 36
37 14
37 31
37 41
37 4
37 20
37 32
37 34
37 43
37 6
37 45
37 39
37 16
37 42
37 38
37 25
37 12
18
38 46
38 30
38 9
38 32
38 2
38 22
38 29
38 40
38 6
38 33
38 28
38 25
38 35
38 41
38 7
38 16
38 49
38 14
19
39 49
39 7
39 22
39 27
39 38
39 0
39 25
39 14
39 23
39 44
39 24
39 30
39 8
39 13
39 18
39 21
39 5
39 31
39 10
15
40 3
40 15
40 39
40 22
40 9
40 37
40 4
40 48
40 31
40 21
40 28
40 6
40 20
40 12
40 32
17
41 17
41 43
41 12
41 25
41 8
41 18
41 0
41 23
41 32
41 20
41 16
41 30
41 36
41 40
41 26
41 3
41 39
18
42 2
42 39
42 14
42 27
42 8
42 46
42 40
42 6
42 17
42 7
42 3
42 38
42 21
42 9
42 12
42 16
42 5
42 22
25
43 3
43 8
43 22
43 29
43 38
43 31
43 1
43 46
43 2
43 30
43 9
43 42
43 49
43 6
43 48
43 20
43 45
43 15
43 34
43 5
43 25
43 40
43 7
43 39
43 14
19
44 43
44 42
44 3
44 2
44 23
44 13
44 48
44 31
44 16
44 28
44 6
44 33
44 12
44 30
44 29
44 25
44 40
44 14
44 24
26
45 18
45 49
45 35
45 24
45 7
45 33
45 21
45 1
45 4
45 2
45 8
45 13
45 23
45 0
45 6
45 41
45 39
45 12
45 19
45 25
45 44
45 32
45 38
45 36
45 11
45 28
16
46 33
46 16
46 32
46 29
46 9
46 17
46 6
46 49
46 26
46 3
46 34
46 10
46 31
46 20
46 25
46 5
23
47 3
47 40
47 42
47 33
47 30
47 21
47 45
47 38
47 43
47 48
47 27
47 34
47 6
47 39
47 4
47 32
47 17
47 20
47 15
47 36
47 28
47 18
47 7
26
48 7
48 19
48 0
48 39
48 5
48 21
48 4
48 11
48 32
48 29
48 27
48 35
48 41
48 34
48 12
48 28
48 6
48 36
48 3
48 42
48 26
48 45
48 33
48 37
48 13
48 46
18
49 47
49 26
49 24
49 14
49 18
49 12
49 25
49 42
49 6
49 11
49 22
49 15
49 29
49 10
49 1
49 30
49 44
49 41
