50
0 "A7"
1 "A37"
2 "A24"
3 "A9"
4 "A4"
5 "A47"
6 "A35"
7 "A21"
8 "A3"
9 "A44"
10 "A13"
11 "A28"
12 "A41"
13 "A48"
14 "A36"
15 "A33"
16 "A32"
17 "A22"
18 "A45"
19 "A20"
20 "A17"
21 "A34"
22 "A19"
23 "A6"
24 "A29"
25 "A18"
26 "A8"
27 "A40"
28 "A23"
29 "A0"
30 "A43"
31 "A38"
32 "A39"
33 "A49"
34 "A16"
35 "A2"
36 "A30"
37 "A25"
38 "A42"
39 "A15"
40 "A1"
41 "A46"
42 "A26"
43 "A5"
44 "A10"
45 "A31"
46 "A14"
47 "A12"
48 "A27"
49 "A11"
18
0 15
0 33
0 12
0 11
0 21
0 13
0 37
0 38
0 9
0 19
0 18
0 45
0 43
0 48
0 7
0 31
0 5
0 3
18
1 22
1 0
1 14
1 37
1 21
1 19
1 7
1 32
1 3
1 26
1 20
1 17
1 24
1 11
1 35
1 15
1 29
1 49
21
2 16
2 43
2 46
2 3
2 1
2 35
2 5
2 44
2 27
2 49
2 0
2 18
2 4
2 8
2 17
2 25
2 7
2 11
2 42
2 13
2 38
14
3 34
3 16
3 45
3 15
3 17
3 12
3 39
3 5
3 32
3 38
3 27
3 26
3 49
3 6
19
4 18
4 14
4 25
4 3
4 36
4 6
4 43
4 39
4 35
4 15
4 16
4 44
4 45
4 28
4 9
4 1
4 42
4 32
4 21
18
5 40
5 33
5 45
5 13
5 35
5 48
5 24
5 37
5 14
5 42
5 25
5 23
5 38
5 22
5 12
5 6
5 21
5 1
15
6 31
6 12
6 22
6 21
6 0
6 10
6 1
6 25
6 41
6 17
6 37
6 27
6 36
6 38
6 20
14
7 8
7 29
7 22
7 32
7 15
7 6
7 14
7 48
7 43
7 16
7 35
7 30
7 41
7 36
23
8 37
8 4
8 6
8 20
8 21
8 27
8 44
8 39
8 15
8 25
8 48
8 30
8 10
8 22
8 41
8 3
8 5
8 24
8 11
8 13
8 31
8 0
8 14
24
9 10
9 33
9 39
9 19
9 6
9 12
9 40
9 47
9 41
9 27
9 44
9 29
9 1
9 35
9 31
9 11
9 28
9 2
9 34
9 7
9 13
9 48
9 36
9 8
20
10 12
10 27
10 46
10 32
10 35
10 23
10 17
10 42
10 44
10 2
10 11
10 45
10 16
10 3
10 49
10 22
10 0
10 7
10 31
10 38
17
11 42
11 18
11 25
11 36
11 17
11 39
11 43
11 3
11 33
11 23
11 35
11 4
11 13
11 45
11 26
11 48
11 49
18
12 42
12 24
12 31
12 39
12 22
12 4
12 27
12 26
12 11
12 20
12 7
12 44
12 8
12 23
12 48
12 16
12 49
12 2
19
13 43
13 17
13 28
13 44
13 21
13 33
13 1
13 14
13 25
13 45
13 46
13 7
13 35
13 42
13 37
13 12
13 19
13 49
13 48
27
14 25
14 2
14 29
14 0
14 44
14 19
14 27
14 36
14 39
14 28
14 30
14 20
14 9
14 17
14 41
14 42
14 16
14 35
14 3
14 47
14 43
14 24
14 12
14 38
14 48
14 31
14 32
20
15 32
15 29
15 9
15 13
15 2
15 27
15 40
15 46
15 43
15 11
15 14
15 26
15 24
15 35
15 5
15 20
15 36
15 38
15 34
15 47
17
16 41
16 9
16 23
16 36
16 35
16 20
16 28
16 24
16 1
16 49
16 22
16 25
16 6
16 44
16 13
16 15
16 43
19
17 24
17 28
17 44
17 16
17 34
17 37
17 39
17 46
17 41
17 36
17 19
17 25
17 49
17 35
17 38
17 9
17 4
17 5
17 27
23
18 5
18 24
18 13
18 23
18 27
18 22
18 47
18 19
18 3
18 32
18 6
18 48
18 17
18 7
18 14
18 46
18 15
18 10
18 40
18 44
18 16
18 26
18 9
14
19 8
19 5
19 38
19 49
19 11
19 28
19 4
19 12
19 41
19 22
19 29
19 10
19 16
19 2
13
20 32
20 5
20 4
20 40
20 3
20 30
20 47
20 17
20 10
20 9
20 21
20 19
20 7
24
21 36
21 35
21 41
21 29
21 2
21 18
21 7
21 3
21 12
21 15
21 22
21 40
21 17
21 33
21 46
21 27
21 9
21 14
21 47
21 30
21 28
21 26
21 31
21 49
19
22 30
22 13
22 39
22 9
22 33
22 48
22 35
22 31
22 43
22 23
22 3
22 14
22 46
22 32
22 2
22 42
22 11
22 17
22 15
17
23 21
23 20
23 7
23 17
23 0
23 19
23 45
23 26
23 47
23 41
23 2
23 48
23 43
23 25
23 15
23 44
23 24
17
24 46
24 48
24 4
24 22
24 25
24 21
24 19
24 31
24 38
24 3
24 30
24 28
24 47
24 0
24 11
24 2
24 9
17
25 19
25 22
25 1
25 40
25 31
25 21
25 12
25 39
25 15
25 18
25 44
25 26
25 10
25 20
25 0
25 3
25 9
22
26 28
26 37
26 2
26 38
26 46
26 16
26 33
26 36
26 13
26 43
26 42
26 4
26 24
26 30
26 5
26 22
26 14
26 41
26 44
26 48
26 17
26 7
19
27 24
27 0
27 4
27 20
27 47
27 29
27 33
27 39
27 31
27 49
27 34
27 13
27 23
27 16
27 30
27 32
27 19
27 42
27 28
15
28 10
28 0
28 37
28 15
28 3
28 29
28 30
28 2
28 6
28 38
28 11
28 39
28 45
28 1
28 36
24
29 47
29 32
29 3
29 20
29 26
29 23
29 42
29 44
29 12
29 4
29 43
29 6
29 48
29 25
29 16
29 2
29 22
29 0
29 45
29 33
29 18
29 5
29 13
29 31
24
30 0
30 16
30 18
30 37
30 9
30 45
30 5
30 11
30 17
30 38
30 34
30 40
30 6
30 1
30 13
30 2
30 15
30 32
30 29
30 10
30 25
30 43
30 12
30 42
19
31 5
31 3
31 18
31 30
31 23
31 16
31 45
31 26
31 4
31 39
31 49
31 35
31 34
31 13
31 48
31 28
31 11
31 47
31 37
21
32 8
32 44
32 37
32 42
32 16
32 19
32 17
32 9
32 13
32 6
32 12
32 24
32 43
32 25
32 2
32 36
32 0
32 41
32 38
32 34
32 31
25
33 28
33 2
33 7
33 46
33 36
33 12
33 15
33 47
33 32
33 16
33 4
33 45
33 30
33 19
33 17
33 31
33 3
33 24
33 1
33 37
33 23
33 20
33 25
33 10
33 38
26
34 16
34 49
34 42
34 46
34 43
34 8
34 0
34 11
34 21
34 33
34 39
34 12
34 19
34 2
34 6
34 7
34 41
34 1
34 5
34 23
34 10
34 26
34 4
34 35
34 13
34 18
19
35 20
35 0
35 26
35 41
35 28
35 29
35 24
35 30
35 42
35 33
35 39
35 27
35 19
35 23
35 25
35 18
35 36
35 37
35 44
24
36 41
36 44
36 20
36 13
36 47
36 12
36 42
36 43
36 5
36 2
36 10
36 29
36 0
36 39
36 30
36 48
36 18
36 45
36 8
36 25
36 3
36 1
36 40
36 22
16
37 23
37 16
37 48
37 43
37 20
37 24
37 3
37 15
37 9
37 38
37 49
37 46
37 11
37 18
37 45
37 19
22
38 45
38 20
38 12
38 49
38 42
38 36
38 22
38 7
38 27
38 46
38 16
38 44
38 8
38 35
38 23
38 1
38 21
38 29
38 41
38 4
38 9
38 11
21
39 26
39 10
39 19
39 32
39 41
39 6
39 15
39 33
39 29
39 2
39 40
39 18
39 38
39 24
39 0
39 1
39 30
39 16
39 5
39 46
39 37
26
40 6
40 8
40 24
40 7
40 34
40 37
40 10
40 14
40 23
40 16
40 11
40 46
40 13
40 1
40 35
40 28
40 3
40 19
40 32
40 12
40 33
40 38
40 29
40 4
40 22
40 26
17
41 27
41 45
41 2
41 37
41 0
41 44
41 22
41 11
41 25
41 18
41 29
41 12
41 3
41 40
41 4
41 42
41 5
22
42 8
42 1
42 49
42 7
42 33
42 15
42 21
42 16
42 0
42 44
42 37
42 9
42 20
42 39
42 45
42 18
42 23
42 3
42 31
42 6
42 25
42 28
18
43 18
43 9
43 33
43 25
43 6
43 49
43 5
43 35
43 3
43 27
43 24
43 12
43 17
43 28
43 19
43 40
43 10
43 38
16
44 3
44 37
44 22
44 0
44 27
44 5
44 1
44 7
44 20
44 24
44 6
44 34
44 43
44 11
44 21
44 30
20
45 1
45 34
45 24
45 25
45 18
45 22
45 9
45 40
45 6
45 35
45 39
45 26
45 27
45 12
45 2
45 32
45 47
45 16
45 43
45 20
17
46 27
46 42
46 48
46 4
46 36
46 44
46 1
46 23
46 31
46 11
46 29
46 8
46 25
46 16
46 3
46 41
46 35
23
47 0
47 11
47 39
47 32
47 12
47 46
47 40
47 34
47 43
47 4
47 16
47 37
47 26
47 10
47 8
47 5
47 13
47 22
47 35
47 38
47 6
47 28
47 41
16
48 30
48 15
48 21
48 47
48 42
48 4
48 43
48 27
48 34
48 41
48 40
48 33
48 10
48 2
48 28
48 32
23
49 46
49 32
49 48
49 30
49 15
49 5
49 24
49 45
49 4
49 14
49 39
49 25
49 26
49 44
49 28
49 6
49 8
49 23
49 20
49 18
49 36
49 9
49 0
