50
0 "A7"
1 "A37"
2 "A24"
3 "A9"
4 "A4"
5 "A47"
6 "A35"
7 "A21"
8 "A3"
9 "A44"
10 "A13"
11 "A28"
12 "A41"
13 "A48"
14 "A36"
15 "A33"
16 "A32"
17 "A22"
18 "A45"
19 "A20"
20 "A17"
21 "A34"
22 "A19"
23 "A6"
24 "A29"
25 "A18"
26 "A8"
27 "A40"
28 "A23"
29 "A0"
30 "A43"
31 "A38"
32 "A39"
33 "A49"
34 "A16"
35 "A2"
36 "A30"
37 "A25"
38 "A42"
39 "A15"
40 "A1"
41 "A46"
42 "A26"
43 "A5"
44 "A10"
45 "A31"
46 "A14"
47 "A12"
48 "A27"
49 "A11"
25
0 4
0 44
0 23
0 25
0 35
0 26
0 37
0 34
0 42
0 32
0 21
0 12
0 38
0 22
0 36
0 33
0 13
0 11
0 30
0 47
0 19
0 45
0 31
0 7
0 28
16
1 12
1 29
1 44
1 8
1 40
1 7
1 41
1 49
1 43
1 26
1 16
1 17
1 19
1 2
1 37
1 25
22
2 6
2 23
2 9
2 48
2 18
2 38
2 25
2 45
2 13
2 11
2 12
2 19
2 46
2 30
2 28
2 5
2 33
2 39
2 44
2 42
2 17
2 0
13
3 4
3 6
3 11
3 7
3 27
3 14
3 0
3 35
3 37
3 32
3 33
3 44
3 47
20
4 48
4 34
4 23
4 35
4 24
4 29
4 37
4 21
4 9
4 32
4 38
4 16
4 22
4 25
4 45
4 10
4 47
4 1
4 43
4 20
18
5 38
5 33
5 1
5 36
5 4
5 19
5 42
5 3
5 8
5 14
5 28
5 47
5 39
5 22
5 6
5 18
5 23
5 12
15
6 42
6 37
6 30
6 27
6 49
6 10
6 38
6 12
6 32
6 18
6 14
6 0
6 41
6 4
6 8
20
7 2
7 23
7 33
7 10
7 25
7 36
7 4
7 24
7 31
7 47
7 48
7 43
7 44
7 6
7 38
7 18
7 9
7 49
7 32
7 26
14
8 32
8 41
8 31
8 48
8 21
8 45
8 3
8 25
8 4
8 24
8 23
8 14
8 18
8 9
18
9 11
9 46
9 35
9 37
9 20
9 5
9 33
9 47
9 1
9 49
9 19
9 14
9 0
9 23
9 41
9 32
9 12
9 15
21
10 43
10 40
10 29
10 28
10 38
10 24
10 41
10 36
10 22
10 12
10 21
10 44
10 35
10 3
10 34
10 23
10 8
10 27
10 1
10 47
10 9
20
11 39
11 36
11 27
11 45
11 22
11 20
11 1
11 16
11 6
11 26
11 8
11 30
11 42
11 48
11 46
11 10
11 47
11 32
11 24
11 5
19
12 34
12 3
12 48
12 31
12 22
12 4
12 42
12 13
12 18
12 14
12 16
12 19
12 44
12 40
12 21
12 38
12 32
12 17
12 23
22
13 18
13 19
13 30
13 15
13 17
13 5
13 3
13 27
13 10
13 6
13 14
13 7
13 45
13 34
13 36
13 9
13 42
13 8
13 25
13 40
13 28
13 11
20
14 2
14 44
14 42
14 7
14 10
14 43
14 28
14 27
14 24
14 15
14 11
14 47
14 45
14 35
14 49
14 21
14 38
14 18
14 4
14 25
25
15 40
15 3
15 33
15 47
15 20
15 46
15 49
15 45
15 12
15 4
15 7
15 0
15 25
15 32
15 19
15 38
15 31
15 2
15 11
15 36
15 10
15 21
15 18
15 27
15 43
24
16 34
16 22
16 45
16 24
16 39
16 26
16 31
16 13
16 32
16 3
16 8
16 35
16 41
16 30
16 0
16 43
16 18
16 25
16 27
16 40
16 14
16 7
16 19
16 9
20
17 15
17 9
17 39
17 10
17 43
17 16
17 11
17 46
17 41
17 0
17 7
17 4
17 30
17 27
17 36
17 47
17 3
17 40
17 19
17 24
15
18 10
18 3
18 40
18 17
18 23
18 32
18 30
18 27
18 34
18 9
18 4
18 44
18 0
18 38
18 11
19
19 3
19 33
19 27
19 49
19 35
19 28
19 40
19 23
19 47
19 24
19 21
19 18
19 10
19 46
19 36
19 43
19 32
19 4
19 34
23
20 8
20 27
20 25
20 12
20 22
20 35
20 7
20 14
20 47
20 46
20 24
20 13
20 3
20 2
20 31
20 37
20 21
20 26
20 0
20 45
20 19
20 42
20 1
21
21 16
21 31
21 30
21 2
21 27
21 7
21 47
21 22
21 5
21 11
21 24
21 29
21 39
21 26
21 34
21 25
21 41
21 17
21 6
21 1
21 45
21
22 42
22 14
22 13
22 30
22 41
22 24
22 45
22 26
22 36
22 31
22 7
22 34
22 3
22 15
22 32
22 44
22 8
22 19
22 17
22 2
22 39
18
23 28
23 21
23 43
23 14
23 17
23 37
23 6
23 11
23 34
23 1
23 20
23 30
23 35
23 13
23 26
23 3
23 24
23 15
14
24 42
24 13
24 38
24 28
24 2
24 12
24 15
24 48
24 37
24 33
24 30
24 41
24 44
24 9
16
25 40
25 11
25 18
25 27
25 35
25 10
25 17
25 47
25 31
25 6
25 42
25 46
25 26
25 23
25 48
25 12
20
26 3
26 17
26 33
26 12
26 19
26 24
26 13
26 5
26 4
26 9
26 15
26 34
26 38
26 49
26 31
26 39
26 29
26 45
26 6
26 41
17
27 45
27 2
27 4
27 39
27 9
27 41
27 46
27 26
27 33
27 12
27 8
27 34
27 7
27 1
27 28
27 48
27 42
27
28 15
28 7
28 41
28 44
28 49
28 35
28 12
28 20
28 38
28 48
28 3
28 43
28 31
28 26
28 22
28 6
28 21
28 34
28 25
28 4
28 8
28 17
28 32
28 11
28 45
28 30
28 18
21
29 13
29 12
29 3
29 22
29 38
29 11
29 33
29 24
29 49
29 39
29 14
29 42
29 45
29 35
29 18
29 19
29 6
29 5
29 23
29 0
29 15
24
30 44
30 39
30 37
30 26
30 42
30 31
30 1
30 47
30 29
30 43
30 15
30 38
30 49
30 25
30 3
30 33
30 20
30 41
30 27
30 46
30 45
30 5
30 7
30 9
21
31 48
31 44
31 27
31 10
31 39
31 19
31 37
31 14
31 36
31 9
31 17
31 46
31 42
31 5
31 35
31 32
31 47
31 34
31 2
31 43
31 4
13
32 21
32 49
32 17
32 30
32 39
32 46
32 24
32 26
32 29
32 38
32 47
32 40
32 43
21
33 21
33 25
33 12
33 18
33 44
33 37
33 17
33 39
33 10
33 6
33 41
33 45
33 23
33 32
33 40
33 42
33 22
33 36
33 4
33 16
33 8
18
34 48
34 3
34 29
34 7
34 2
34 20
34 30
34 49
34 15
34 11
34 43
34 8
34 25
34 14
34 6
34 1
34 35
34 5
16
35 5
35 18
35 8
35 38
35 44
35 41
35 2
35 6
35 47
35 11
35 17
35 13
35 36
35 1
35 21
35 24
24
36 41
36 21
36 28
36 47
36 16
36 2
36 12
36 29
36 43
36 25
36 24
36 34
36 14
36 6
36 4
36 3
36 45
36 37
36 44
36 8
36 30
36 18
36 32
36 23
23
37 2
37 43
37 28
37 39
37 41
37 21
37 19
37 7
37 16
37 32
37 49
37 15
37 47
37 8
37 34
37 18
37 17
37 48
37 13
37 27
37 22
37 14
37 11
19
38 31
38 16
38 37
38 9
38 20
38 11
38 33
38 21
38 22
38 44
38 43
38 41
38 27
38 3
38 25
38 13
38 8
38 23
38 46
21
39 45
39 8
39 15
39 28
39 14
39 7
39 38
39 35
39 36
39 9
39 4
39 47
39 20
39 40
39 24
39 44
39 18
39 46
39 19
39 34
39 23
22
40 29
40 23
40 41
40 11
40 45
40 38
40 30
40 0
40 36
40 47
40 9
40 5
40 4
40 20
40 24
40 27
40 34
40 6
40 8
40 31
40 7
40 48
17
41 39
41 23
41 15
41 47
41 19
41 25
41 31
41 20
41 4
41 34
41 45
41 13
41 44
41 14
41 32
41 5
41 3
20
42 4
42 48
42 9
42 36
42 10
42 19
42 35
42 41
42 46
42 49
42 16
42 26
42 18
42 38
42 3
42 34
42 23
42 43
42 17
42 21
22
43 24
43 11
43 39
43 9
43 2
43 12
43 5
43 8
43 44
43 49
43 40
43 33
43 46
43 22
43 13
43 6
43 29
43 3
43 0
43 26
43 18
43 27
19
44 49
44 21
44 46
44 27
44 34
44 8
44 32
44 11
44 4
44 23
44 5
44 29
44 40
44 37
44 42
44 45
44 9
44 19
44 17
14
45 23
45 38
45 12
45 3
45 42
45 37
45 6
45 25
45 17
45 18
45 24
45 32
45 7
45 1
21
46 16
46 5
46 23
46 33
46 7
46 4
46 21
46 13
46 29
46 18
46 14
46 1
46 8
46 10
46 36
46 22
46 3
46 0
46 40
46 45
46 6
17
47 29
47 18
47 49
47 33
47 45
47 46
47 26
47 13
47 38
47 42
47 34
47 43
47 16
47 23
47 22
47 48
47 1
23
48 13
48 29
48 16
48 1
48 10
48 26
48 18
48 17
48 6
48 22
48 36
48 23
48 46
48 0
48 35
48 20
48 3
48 19
48 38
48 44
48 21
48 33
48 43
21
49 23
49 45
49 41
49 18
49 35
49 4
49 39
49 31
49 10
49 46
49 36
49 33
49 2
49 38
49 13
49 20
49 27
49 3
49 24
49 5
49 25
