50
0 "A7"
1 "A37"
2 "A24"
3 "A9"
4 "A4"
5 "A47"
6 "A35"
7 "A21"
8 "A3"
9 "A44"
10 "A13"
11 "A28"
12 "A41"
13 "A48"
14 "A36"
15 "A33"
16 "A32"
17 "A22"
18 "A45"
19 "A20"
20 "A17"
21 "A34"
22 "A19"
23 "A6"
24 "A29"
25 "A18"
26 "A8"
27 "A40"
28 "A23"
29 "A0"
30 "A43"
31 "A38"
32 "A39"
33 "A49"
34 "A16"
35 "A2"
36 "A30"
37 "A25"
38 "A42"
39 "A15"
40 "A1"
41 "A46"
42 "A26"
43 "A5"
44 "A10"
45 "A31"
46 "A14"
47 "A12"
48 "A27"
49 "A11"
21
0 14
0 22
0 7
0 45
0 20
0 17
0 18
0 21
0 10
0 41
0 47
0 9
0 1
0 42
0 36
0 43
0 39
0 23
0 25
0 38
0 48
19
1 10
1 30
1 48
1 41
1 16
1 4
1 42
1 23
1 47
1 8
1 12
1 21
1 26
1 45
1 36
1 27
1 14
1 17
1 11
22
2 12
2 5
2 38
2 49
2 29
2 9
2 43
2 25
2 4
2 15
2 28
2 24
2 3
2 42
2 13
2 39
2 31
2 14
2 23
2 41
2 45
2 10
17
3 7
3 31
3 30
3 17
3 22
3 15
3 45
3 36
3 5
3 29
3 16
3 12
3 1
3 21
3 0
3 33
3 39
23
4 24
4 49
4 31
4 35
4 13
4 20
4 0
4 29
4 16
4 3
4 45
4 43
4 21
4 22
4 23
4 11
4 12
4 28
4 27
4 19
4 44
4 48
4 9
18
5 44
5 31
5 21
5 0
5 1
5 30
5 7
5 41
5 39
5 18
5 8
5 35
5 27
5 14
5 19
5 23
5 45
5 32
19
6 39
6 36
6 9
6 28
6 18
6 5
6 30
6 17
6 48
6 1
6 2
6 31
6 4
6 10
6 20
6 27
6 41
6 26
6 0
18
7 32
7 48
7 43
7 6
7 8
7 34
7 4
7 17
7 49
7 45
7 31
7 16
7 44
7 15
7 37
7 1
7 41
7 39
20
8 23
8 24
8 45
8 34
8 4
8 33
8 31
8 16
8 19
8 6
8 12
8 3
8 47
8 21
8 9
8 17
8 37
8 2
8 39
8 30
22
9 16
9 7
9 31
9 36
9 46
9 23
9 37
9 48
9 49
9 14
9 3
9 44
9 22
9 29
9 47
9 28
9 10
9 18
9 42
9 39
9 15
9 34
14
10 20
10 7
10 35
10 5
10 3
10 44
10 42
10 38
10 19
10 23
10 8
10 22
10 27
10 29
26
11 8
11 49
11 40
11 39
11 12
11 20
11 5
11 35
11 34
11 3
11 44
11 0
11 14
11 22
11 37
11 17
11 33
11 28
11 15
11 21
11 27
11 48
11 7
11 43
11 47
11 10
16
12 15
12 41
12 19
12 0
12 18
12 33
12 40
12 20
12 6
12 21
12 5
12 7
12 32
12 14
12 34
12 28
24
13 47
13 32
13 39
13 25
13 38
13 34
13 9
13 11
13 3
13 31
13 5
13 44
13 41
13 48
13 1
13 36
13 6
13 12
13 21
13 24
13 8
13 45
13 20
13 10
23
14 8
14 19
14 41
14 44
14 7
14 47
14 40
14 6
14 18
14 45
14 35
14 33
14 3
14 20
14 13
14 10
14 26
14 48
14 28
14 49
14 15
14 34
14 36
17
15 4
15 37
15 44
15 26
15 34
15 19
15 30
15 13
15 27
15 1
15 10
15 5
15 33
15 46
15 20
15 6
15 43
20
16 42
16 20
16 6
16 5
16 46
16 13
16 15
16 37
16 28
16 2
16 35
16 45
16 12
16 44
16 31
16 0
16 33
16 38
16 47
16 17
24
17 34
17 13
17 38
17 18
17 10
17 28
17 39
17 2
17 14
17 40
17 19
17 45
17 35
17 25
17 49
17 15
17 27
17 4
17 48
17 33
17 41
17 12
17 31
17 5
21
18 11
18 8
18 13
18 36
18 21
18 24
18 29
18 2
18 28
18 46
18 48
18 47
18 26
18 20
18 3
18 33
18 31
18 40
18 1
18 34
18 16
21
19 38
19 16
19 18
19 0
19 28
19 45
19 1
19 30
19 9
19 6
19 47
19 21
19 36
19 11
19 2
19 37
19 7
19 24
19 20
19 26
19 48
21
20 30
20 40
20 26
20 7
20 45
20 44
20 5
20 31
20 47
20 49
20 17
20 8
20 43
20 37
20 48
20 34
20 33
20 36
20 24
20 39
20 38
15
21 47
21 10
21 2
21 43
21 17
21 49
21 15
21 14
21 31
21 45
21 20
21 37
21 27
21 25
21 28
21
22 36
22 26
22 1
22 38
22 40
22 21
22 43
22 42
22 18
22 41
22 2
22 19
22 5
22 45
22 27
22 6
22 16
22 39
22 13
22 49
22 8
19
23 20
23 11
23 27
23 13
23 21
23 42
23 6
23 15
23 37
23 25
23 17
23 46
23 12
23 47
23 49
23 26
23 7
23 14
23 44
23
24 46
24 47
24 23
24 9
24 17
24 31
24 25
24 27
24 28
24 38
24 30
24 14
24 29
24 0
24 32
24 35
24 40
24 7
24 16
24 26
24 44
24 1
24 21
19
25 47
25 5
25 15
25 6
25 3
25 14
25 40
25 1
25 19
25 16
25 44
25 38
25 18
25 11
25 37
25 8
25 9
25 22
25 33
18
26 9
26 3
26 17
26 36
26 25
26 45
26 5
26 10
26 44
26 38
26 46
26 21
26 30
26 31
26 4
26 16
26 8
26 11
21
27 18
27 49
27 19
27 40
27 35
27 0
27 26
27 43
27 14
27 46
27 12
27 8
27 29
27 13
27 25
27 16
27 47
27 39
27 2
27 28
27 3
18
28 38
28 7
28 40
28 13
28 10
28 34
28 8
28 20
28 42
28 3
28 31
28 37
28 26
28 46
28 15
28 49
28 0
28 25
27
29 44
29 43
29 7
29 23
29 26
29 49
29 12
29 14
29 21
29 16
29 41
29 25
29 5
29 38
29 32
29 22
29 33
29 6
29 30
29 17
29 31
29 46
29 11
29 15
29 19
29 28
29 20
21
30 46
30 16
30 32
30 7
30 28
30 0
30 12
30 43
30 4
30 21
30 25
30 35
30 40
30 9
30 13
30 11
30 41
30 37
30 22
30 34
30 10
13
31 1
31 12
31 40
31 43
31 33
31 36
31 34
31 45
31 10
31 30
31 27
31 39
31 11
23
32 42
32 14
32 2
32 22
32 40
32 16
32 9
32 4
32 33
32 23
32 26
32 6
32 11
32 39
32 15
32 17
32 43
32 20
32 1
32 49
32 48
32 41
32 10
13
33 10
33 38
33 7
33 5
33 21
33 34
33 40
33 45
33 4
33 23
33 19
33 22
33 49
20
34 4
34 23
34 37
34 1
34 19
34 24
34 32
34 10
34 3
34 38
34 26
34 2
34 48
34 41
34 29
34 5
34 47
34 45
34 16
34 25
18
35 29
35 20
35 47
35 34
35 22
35 9
35 13
35 21
35 31
35 15
35 38
35 28
35 12
35 18
35 19
35 3
35 39
35 45
24
36 45
36 46
36 32
36 11
36 8
36 16
36 24
36 39
36 28
36 47
36 48
36 30
36 42
36 38
36 34
36 12
36 17
36 15
36 27
36 44
36 43
36 37
36 49
36 25
21
37 5
37 44
37 33
37 12
37 17
37 1
37 27
37 42
37 47
37 0
37 24
37 32
37 13
37 35
37 39
37 22
37 31
37 41
37 3
37 10
37 29
15
38 30
38 31
38 15
38 40
38 45
38 12
38 42
38 37
38 18
38 27
38 1
38 3
38 7
38 11
38 5
14
39 14
39 16
39 24
39 45
39 4
39 19
39 10
39 42
39 26
39 43
39 41
39 23
39 46
39 1
23
40 26
40 9
40 23
40 4
40 16
40 19
40 41
40 13
40 35
40 29
40 21
40 3
40 10
40 2
40 46
40 42
40 34
40 37
40 1
40 7
40 8
40 6
40 39
15
41 25
41 33
41 21
41 35
41 18
41 44
41 46
41 3
41 16
41 20
41 9
41 27
41 23
41 8
41 24
23
42 33
42 5
42 25
42 20
42 8
42 30
42 47
42 43
42 6
42 19
42 7
42 17
42 4
42 41
42 13
42 26
42 29
42 31
42 12
42 3
42 45
42 27
42 15
19
43 35
43 41
43 28
43 18
43 46
43 9
43 14
43 49
43 40
43 38
43 12
43 26
43 45
43 3
43 44
43 33
43 17
43 16
43 37
18
44 46
44 22
44 38
44 0
44 19
44 33
44 21
44 32
44 27
44 6
44 39
44 31
44 30
44 1
44 17
44 18
44 35
44 34
15
45 6
45 10
45 32
45 30
45 15
45 18
45 41
45 12
45 9
45 25
45 23
45 24
45 49
45 29
45 40
18
46 3
46 14
46 25
46 33
46 5
46 2
46 35
46 48
46 31
46 17
46 38
46 13
46 4
46 45
46 22
46 37
46 32
46 10
20
47 3
47 31
47 48
47 43
47 28
47 7
47 40
47 39
47 12
47 41
47 30
47 44
47 4
47 32
47 22
47 45
47 33
47 46
47 26
47 10
20
48 10
48 39
48 27
48 33
48 38
48 24
48 16
48 8
48 21
48 28
48 15
48 23
48 42
48 26
48 22
48 25
48 45
48 30
48 37
48 35
20
49 1
49 6
49 38
49 48
49 34
49 10
49 8
49 41
49 40
49 44
49 13
49 42
49 46
49 35
49 30
49 16
49 39
49 12
49 25
49 3
