50
0 "A34"
1 "A16"
2 "A31"
3 "A23"
4 "A38"
5 "A10"
6 "A8"
7 "A13"
8 "A42"
9 "A46"
10 "A41"
11 "A0"
12 "A18"
13 "A19"
14 "A12"
15 "A2"
16 "A7"
17 "A29"
18 "A43"
19 "A3"
20 "A47"
21 "A17"
22 "A25"
23 "A36"
24 "A1"
25 "A27"
26 "A40"
27 "A28"
28 "A30"
29 "A4"
30 "A32"
31 "A24"
32 "A35"
33 "A39"
34 "A5"
35 "A11"
36 "A6"
37 "A48"
38 "A22"
39 "A49"
40 "A15"
41 "A14"
42 "A44"
43 "A20"
44 "A45"
45 "A33"
46 "A21"
47 "A26"
48 "A37"
49 "A9"
16
0 25
0 18
0 42
0 5
0 13
0 31
0 19
0 46
0 20
0 23
0 43
0 41
0 29
0 26
0 28
0 45
19
1 41
1 36
1 8
1 4
1 37
1 24
1 46
1 39
1 30
1 9
1 11
1 42
1 14
1 0
1 35
1 43
1 2
1 49
1 33
17
2 47
2 33
2 22
2 0
2 43
2 6
2 11
2 45
2 14
2 40
2 20
2 7
2 24
2 4
2 17
2 32
2 28
17
3 49
3 37
3 14
3 38
3 20
3 12
3 29
3 11
3 1
3 42
3 4
3 13
3 21
3 7
3 24
3 0
3 34
18
4 26
4 19
4 29
4 9
4 42
4 25
4 31
4 32
4 24
4 41
4 18
4 12
4 46
4 0
4 44
4 17
4 43
4 45
21
5 35
5 24
5 21
5 26
5 20
5 23
5 9
5 6
5 13
5 3
5 1
5 29
5 7
5 12
5 19
5 44
5 39
5 38
5 2
5 43
5 41
19
6 15
6 40
6 45
6 19
6 8
6 11
6 7
6 33
6 3
6 48
6 44
6 17
6 36
6 0
6 4
6 20
6 1
6 9
6 27
20
7 38
7 14
7 0
7 21
7 37
7 27
7 18
7 9
7 29
7 34
7 46
7 16
7 30
7 39
7 8
7 4
7 40
7 32
7 36
7 33
21
8 13
8 48
8 36
8 3
8 40
8 4
8 12
8 46
8 44
8 2
8 22
8 5
8 35
8 19
8 32
8 47
8 27
8 28
8 16
8 49
8 23
16
9 35
9 33
9 16
9 27
9 49
9 34
9 39
9 42
9 31
9 26
9 28
9 14
9 13
9 43
9 2
9 32
22
10 13
10 35
10 4
10 34
10 19
10 0
10 27
10 16
10 25
10 31
10 20
10 2
10 15
10 29
10 38
10 36
10 3
10 24
10 14
10 9
10 22
10 1
26
11 23
11 35
11 47
11 46
11 28
11 22
11 45
11 31
11 41
11 10
11 36
11 8
11 43
11 18
11 9
11 44
11 34
11 4
11 20
11 21
11 7
11 0
11 5
11 13
11 27
11 32
22
12 47
12 36
12 19
12 23
12 14
12 6
12 30
12 21
12 39
12 1
12 18
12 11
12 17
12 0
12 26
12 28
12 40
12 46
12 29
12 25
12 9
12 16
20
13 34
13 46
13 15
13 39
13 2
13 37
13 27
13 25
13 17
13 47
13 43
13 20
13 4
13 44
13 32
13 30
13 40
13 21
13 42
13 12
14
14 48
14 32
14 16
14 42
14 11
14 47
14 26
14 28
14 23
14 22
14 40
14 33
14 39
14 5
20
15 46
15 35
15 34
15 12
15 8
15 11
15 31
15 3
15 1
15 4
15 42
15 38
15 28
15 7
15 36
15 30
15 19
15 37
15 9
15 5
17
16 20
16 35
16 3
16 11
16 47
16 37
16 40
16 17
16 46
16 42
16 0
16 30
16 15
16 41
16 28
16 23
16 45
22
17 23
17 14
17 31
17 10
17 0
17 5
17 24
17 35
17 30
17 39
17 43
17 37
17 28
17 49
17 8
17 11
17 29
17 3
17 36
17 32
17 9
17 18
22
18 6
18 32
18 31
18 26
18 25
18 15
18 45
18 46
18 27
18 20
18 41
18 1
18 2
18 19
18 44
18 33
18 23
18 24
18 10
18 47
18 5
18 13
16
19 1
19 33
19 42
19 40
19 16
19 7
19 2
19 37
19 49
19 32
19 41
19 21
19 17
19 24
19 22
19 11
19
20 49
20 4
20 46
20 39
20 42
20 34
20 21
20 12
20 23
20 15
20 45
20 17
20 7
20 19
20 47
20 8
20 43
20 9
20 1
18
21 33
21 24
21 42
21 17
21 36
21 16
21 2
21 10
21 27
21 43
21 26
21 39
21 25
21 6
21 46
21 28
21 45
21 0
24
22 7
22 40
22 17
22 4
22 6
22 12
22 41
22 13
22 30
22 9
22 5
22 31
22 0
22 16
22 1
22 37
22 46
22 3
22 28
22 18
22 20
22 33
22 49
22 44
26
23 21
23 15
23 25
23 43
23 3
23 1
23 34
23 49
23 30
23 24
23 10
23 44
23 19
23 38
23 2
23 36
23 32
23 42
23 9
23 22
23 41
23 4
23 31
23 13
23 47
23 33
20
24 45
24 38
24 26
24 16
24 11
24 32
24 15
24 7
24 34
24 14
24 9
24 22
24 41
24 0
24 46
24 43
24 47
24 12
24 20
24 6
18
25 48
25 24
25 3
25 11
25 30
25 31
25 46
25 20
25 19
25 49
25 1
25 14
25 34
25 17
25 43
25 22
25 16
25 38
24
26 35
26 15
26 48
26 36
26 7
26 11
26 25
26 10
26 8
26 39
26 20
26 27
26 32
26 1
26 16
26 43
26 2
26 45
26 17
26 34
26 40
26 42
26 23
26 22
15
27 5
27 30
27 0
27 39
27 17
27 45
27 38
27 36
27 35
27 12
27 3
27 22
27 43
27 47
27 25
17
28 5
28 30
28 3
28 13
28 10
28 43
28 7
28 46
28 38
28 18
28 34
28 25
28 35
28 39
28 26
28 42
28 19
23
29 1
29 8
29 32
29 47
29 13
29 15
29 16
29 27
29 24
29 21
29 26
29 39
29 9
29 22
29 44
29 23
29 42
29 35
29 11
29 25
29 2
29 30
29 49
22
30 18
30 2
30 38
30 19
30 3
30 14
30 6
30 0
30 46
30 31
30 37
30 8
30 41
30 24
30 49
30 5
30 4
30 34
30 11
30 9
30 20
30 42
17
31 19
31 16
31 3
31 36
31 27
31 26
31 39
31 20
31 14
31 6
31 43
31 24
31 2
31 7
31 12
31 29
31 8
12
32 0
32 31
32 30
32 48
32 16
32 25
32 35
32 43
32 15
32 47
32 49
32 21
19
33 15
33 27
33 17
33 0
33 4
33 29
33 38
33 49
33 20
33 24
33 13
33 16
33 26
33 32
33 48
33 11
33 39
33 25
33 45
21
34 6
34 12
34 2
34 47
34 29
34 14
34 19
34 8
34 5
34 27
34 16
34 31
34 35
34 0
34 18
34 22
34 32
34 36
34 33
34 1
34 44
19
35 13
35 38
35 12
35 37
35 49
35 4
35 33
35 36
35 3
35 44
35 45
35 14
35 19
35 6
35 7
35 21
35 24
35 23
35 25
18
36 48
36 9
36 47
36 43
36 32
36 30
36 39
36 28
36 16
36 45
36 4
36 0
36 29
36 2
36 40
36 3
36 14
36 38
21
37 34
37 43
37 24
37 32
37 47
37 33
37 10
37 31
37 29
37 2
37 21
37 8
37 27
37 23
37 0
37 5
37 26
37 11
37 4
37 12
37 36
24
38 44
38 46
38 29
38 19
38 16
38 48
38 47
38 37
38 0
38 1
38 40
38 21
38 42
38 9
38 17
38 34
38 20
38 39
38 8
38 43
38 31
38 6
38 14
38 4
22
39 19
39 10
39 3
39 15
39 40
39 47
39 30
39 11
39 8
39 4
39 43
39 16
39 49
39 25
39 41
39 34
39 0
39 22
39 45
39 2
39 18
39 37
21
40 37
40 41
40 20
40 46
40 15
40 25
40 27
40 18
40 1
40 21
40 24
40 32
40 28
40 0
40 33
40 11
40 3
40 10
40 17
40 34
40 9
20
41 35
41 9
41 43
41 10
41 20
41 28
41 15
41 8
41 27
41 13
41 6
41 36
41 7
41 31
41 14
41 17
41 26
41 29
41 34
41 37
19
42 41
42 11
42 6
42 31
42 33
42 12
42 10
42 32
42 17
42 36
42 48
42 37
42 22
42 43
42 39
42 40
42 5
42 8
42 24
16
43 18
43 40
43 8
43 45
43 15
43 12
43 6
43 10
43 19
43 34
43 35
43 30
43 14
43 22
43 3
43 7
21
44 30
44 24
44 3
44 20
44 0
44 42
44 40
44 39
44 10
44 32
44 28
44 17
44 31
44 14
44 16
44 7
44 21
44 36
44 27
44 19
44 15
17
45 9
45 38
45 12
45 13
45 14
45 41
45 29
45 31
45 17
45 30
45 23
45 15
45 37
45 10
45 34
45 3
45 48
19
46 6
46 26
46 35
46 39
46 17
46 37
46 32
46 5
46 34
46 45
46 14
46 48
46 2
46 9
46 23
46 29
46 41
46 19
46 27
18
47 41
47 0
47 10
47 1
47 17
47 33
47 49
47 40
47 26
47 45
47 31
47 4
47 5
47 22
47 3
47 28
47 6
47 35
23
48 34
48 13
48 1
48 23
48 0
48 21
48 15
48 3
48 39
48 43
48 20
48 12
48 22
48 2
48 28
48 18
48 41
48 11
48 24
48 19
48 10
48 4
48 37
22
49 15
49 43
49 13
49 5
49 10
49 31
49 26
49 48
49 11
49 41
49 7
49 40
49 4
49 21
49 6
49 45
49 38
49 27
49 12
49 24
49 14
49 18
