50
0 "A34"
1 "A16"
2 "A31"
3 "A23"
4 "A38"
5 "A10"
6 "A8"
7 "A13"
8 "A42"
9 "A46"
10 "A41"
11 "A0"
12 "A18"
13 "A19"
14 "A12"
15 "A2"
16 "A7"
17 "A29"
18 "A43"
19 "A3"
20 "A47"
21 "A17"
22 "A25"
23 "A36"
24 "A1"
25 "A27"
26 "A40"
27 "A28"
28 "A30"
29 "A4"
30 "A32"
31 "A24"
32 "A35"
33 "A39"
34 "A5"
35 "A11"
36 "A6"
37 "A48"
38 "A22"
39 "A49"
40 "A15"
41 "A14"
42 "A44"
43 "A20"
44 "A45"
45 "A33"
46 "A21"
47 "A26"
48 "A37"
49 "A9"
18
0 25
0 17
0 26
0 41
0 43
0 35
0 16
0 13
0 15
0 49
0 37
0 8
0 34
0 22
0 40
0 21
0 42
0 19
22
1 13
1 48
1 0
1 11
1 34
1 41
1 44
1 19
1 49
1 18
1 7
1 12
1 46
1 17
1 31
1 42
1 24
1 23
1 14
1 5
1 43
1 2
16
2 40
2 16
2 44
2 39
2 32
2 31
2 41
2 11
2 28
2 47
2 45
2 29
2 19
2 20
2 12
2 35
21
3 49
3 23
3 8
3 44
3 47
3 5
3 36
3 21
3 22
3 16
3 0
3 28
3 10
3 38
3 41
3 30
3 27
3 2
3 17
3 34
3 46
25
4 17
4 25
4 1
4 31
4 27
4 42
4 29
4 28
4 7
4 48
4 20
4 5
4 43
4 16
4 40
4 41
4 26
4 14
4 45
4 30
4 12
4 18
4 2
4 36
4 21
18
5 44
5 17
5 28
5 16
5 33
5 32
5 26
5 43
5 19
5 27
5 7
5 21
5 13
5 42
5 35
5 49
5 0
5 37
30
6 5
6 41
6 15
6 34
6 24
6 1
6 17
6 10
6 47
6 37
6 3
6 7
6 4
6 14
6 20
6 13
6 35
6 46
6 9
6 2
6 11
6 26
6 21
6 16
6 44
6 36
6 31
6 19
6 48
6 33
13
7 46
7 45
7 2
7 30
7 37
7 32
7 10
7 12
7 25
7 0
7 44
7 28
7 9
24
8 39
8 7
8 44
8 30
8 9
8 34
8 10
8 43
8 26
8 45
8 16
8 37
8 13
8 4
8 1
8 2
8 32
8 31
8 18
8 46
8 28
8 14
8 5
8 6
19
9 15
9 25
9 13
9 10
9 29
9 20
9 36
9 47
9 24
9 21
9 30
9 0
9 37
9 5
9 12
9 44
9 48
9 2
9 19
21
10 24
10 4
10 30
10 5
10 16
10 22
10 1
10 45
10 49
10 34
10 2
10 14
10 17
10 46
10 31
10 35
10 19
10 26
10 44
10 39
10 40
18
11 18
11 32
11 31
11 35
11 0
11 47
11 45
11 3
11 36
11 41
11 38
11 5
11 25
11 28
11 9
11 40
11 7
11 34
17
12 5
12 8
12 11
12 13
12 37
12 36
12 38
12 23
12 3
12 16
12 48
12 18
12 21
12 24
12 0
12 47
12 10
17
13 45
13 21
13 15
13 48
13 34
13 23
13 35
13 37
13 44
13 32
13 11
13 25
13 38
13 4
13 20
13 14
13 26
22
14 12
14 15
14 0
14 39
14 20
14 23
14 47
14 43
14 18
14 17
14 41
14 37
14 26
14 2
14 34
14 42
14 22
14 19
14 40
14 7
14 25
14 36
23
15 5
15 7
15 11
15 3
15 21
15 25
15 29
15 37
15 40
15 10
15 36
15 22
15 26
15 2
15 12
15 4
15 8
15 47
15 33
15 44
15 34
15 45
15 28
21
16 27
16 14
16 33
16 28
16 36
16 43
16 1
16 46
16 20
16 34
16 47
16 21
16 13
16 40
16 11
16 17
16 48
16 49
16 37
16 29
16 7
21
17 12
17 46
17 25
17 32
17 48
17 47
17 11
17 24
17 41
17 18
17 30
17 13
17 38
17 9
17 36
17 15
17 28
17 7
17 31
17 33
17 40
21
18 33
18 47
18 0
18 36
18 25
18 40
18 38
18 42
18 20
18 26
18 19
18 37
18 2
18 15
18 49
18 7
18 5
18 43
18 35
18 16
18 13
18
19 28
19 34
19 4
19 17
19 3
19 42
19 8
19 48
19 43
19 26
19 46
19 39
19 29
19 11
19 20
19 12
19 36
19 49
19
20 46
20 48
20 1
20 7
20 27
20 36
20 22
20 28
20 33
20 12
20 37
20 11
20 40
20 10
20 43
20 3
20 38
20 30
20 29
19
21 31
21 38
21 29
21 45
21 43
21 19
21 20
21 8
21 46
21 10
21 11
21 32
21 35
21 23
21 49
21 25
21 30
21 28
21 39
19
22 33
22 21
22 6
22 11
22 12
22 18
22 40
22 19
22 41
22 13
22 5
22 23
22 7
22 9
22 1
22 34
22 43
22 2
22 39
17
23 9
23 4
23 41
23 16
23 48
23 39
23 45
23 8
23 33
23 40
23 17
23 6
23 42
23 15
23 27
23 7
23 32
26
24 40
24 33
24 31
24 23
24 2
24 14
24 43
24 13
24 38
24 36
24 11
24 15
24 35
24 39
24 37
24 5
24 22
24 47
24 19
24 26
24 34
24 7
24 25
24 18
24 32
24 20
16
25 19
25 37
25 41
25 29
25 38
25 27
25 23
25 6
25 36
25 49
25 45
25 26
25 46
25 32
25 1
25 5
19
26 7
26 31
26 38
26 36
26 34
26 22
26 12
26 37
26 27
26 47
26 9
26 43
26 2
26 20
26 11
26 3
26 17
26 23
26 1
22
27 46
27 0
27 21
27 18
27 19
27 34
27 44
27 45
27 2
27 11
27 8
27 41
27 33
27 39
27 13
27 14
27 32
27 7
27 6
27 48
27 43
27 1
23
28 45
28 23
28 36
28 27
28 37
28 13
28 49
28 14
28 47
28 35
28 24
28 31
28 33
28 22
28 9
28 18
28 42
28 32
28 0
28 46
28 26
28 25
28 38
25
29 3
29 1
29 12
29 36
29 0
29 17
29 11
29 33
29 18
29 13
29 14
29 41
29 48
29 40
29 28
29 30
29 49
29 7
29 6
29 23
29 24
29 5
29 35
29 27
29 22
21
30 48
30 22
30 25
30 19
30 31
30 16
30 15
30 40
30 41
30 5
30 46
30 26
30 49
30 32
30 27
30 18
30 33
30 12
30 13
30 28
30 23
20
31 29
31 0
31 42
31 16
31 15
31 20
31 14
31 3
31 7
31 45
31 19
31 38
31 5
31 40
31 46
31 48
31 12
31 36
31 22
31 25
19
32 14
32 12
32 0
32 22
32 37
32 36
32 39
32 6
32 20
32 34
32 18
32 43
32 19
32 41
32 45
32 29
32 1
32 3
32 35
13
33 32
33 14
33 43
33 19
33 12
33 34
33 39
33 46
33 40
33 8
33 4
33 26
33 3
19
34 38
34 23
34 21
34 41
34 9
34 40
34 2
34 30
34 5
34 36
34 42
34 17
34 28
34 4
34 18
34 29
34 12
34 20
34 43
17
35 20
35 40
35 31
35 12
35 22
35 49
35 42
35 23
35 39
35 7
35 44
35 36
35 38
35 9
35 16
35 15
35 45
14
36 2
36 45
36 37
36 38
36 5
36 30
36 47
36 13
36 27
36 33
36 43
36 8
36 22
36 39
15
37 4
37 19
37 49
37 30
37 27
37 1
37 42
37 11
37 33
37 35
37 40
37 31
37 47
37 29
37 21
17
38 7
38 10
38 37
38 29
38 14
38 23
38 48
38 6
38 19
38 33
38 15
38 8
38 9
38 1
38 30
38 2
38 22
26
39 46
39 5
39 28
39 38
39 13
39 7
39 1
39 12
39 6
39 30
39 42
39 0
39 20
39 18
39 48
39 37
39 49
39 47
39 29
39 4
39 9
39 31
39 25
39 3
39 15
39 11
16
40 7
40 12
40 8
40 47
40 6
40 39
40 26
40 46
40 32
40 19
40 25
40 28
40 36
40 13
40 5
40 38
16
41 36
41 21
41 19
41 35
41 12
41 33
41 28
41 15
41 40
41 10
41 13
41 18
41 37
41 24
41 26
41 38
19
42 20
42 13
42 32
42 29
42 47
42 7
42 26
42 45
42 44
42 36
42 3
42 9
42 2
42 27
42 46
42 33
42 11
42 49
42 25
20
43 11
43 12
43 9
43 10
43 7
43 31
43 17
43 39
43 49
43 37
43 44
43 15
43 3
43 29
43 6
43 40
43 2
43 25
43 41
43 23
24
44 32
44 25
44 23
44 31
44 18
44 0
44 40
44 12
44 28
44 34
44 36
44 41
44 24
44 45
44 11
44 19
44 39
44 20
44 46
44 21
44 17
44 4
44 29
44 38
18
45 29
45 14
45 1
45 17
45 0
45 3
45 40
45 5
45 19
45 20
45 9
45 39
45 6
45 34
45 49
45 43
45 38
45 33
17
46 47
46 22
46 29
46 36
46 9
46 32
46 45
46 24
46 14
46 4
46 48
46 34
46 12
46 26
46 13
46 11
46 38
22
47 21
47 45
47 41
47 22
47 7
47 44
47 1
47 43
47 19
47 27
47 31
47 23
47 34
47 8
47 38
47 0
47 48
47 25
47 35
47 4
47 30
47 49
19
48 45
48 24
48 28
48 10
48 18
48 44
48 43
48 35
48 7
48 41
48 14
48 3
48 2
48 33
48 37
48 34
48 11
48 42
48 32
18
49 2
49 15
49 6
49 32
49 22
49 48
49 36
49 14
49 33
49 12
49 13
49 9
49 40
49 34
49 38
49 7
49 46
49 41
