50
0 "A34"
1 "A16"
2 "A31"
3 "A23"
4 "A38"
5 "A10"
6 "A8"
7 "A13"
8 "A42"
9 "A46"
10 "A41"
11 "A0"
12 "A18"
13 "A19"
14 "A12"
15 "A2"
16 "A7"
17 "A29"
18 "A43"
19 "A3"
20 "A47"
21 "A17"
22 "A25"
23 "A36"
24 "A1"
25 "A27"
26 "A40"
27 "A28"
28 "A30"
29 "A4"
30 "A32"
31 "A24"
32 "A35"
33 "A39"
34 "A5"
35 "A11"
36 "A6"
37 "A48"
38 "A22"
39 "A49"
40 "A15"
41 "A14"
42 "A44"
43 "A20"
44 "A45"
45 "A33"
46 "A21"
47 "A26"
48 "A37"
49 "A9"
13
0 31
0 26
0 49
0 13
0 45
0 38
0 14
0 18
0 5
0 2
0 47
0 22
0 24
22
1 11
1 29
1 32
1 49
1 45
1 19
1 9
1 16
1 2
1 8
1 38
1 43
1 13
1 24
1 35
1 23
1 37
1 17
1 44
1 15
1 27
1 4
19
2 11
2 16
2 34
2 24
2 40
2 18
2 20
2 49
2 41
2 28
2 17
2 47
2 15
2 37
2 7
2 43
2 23
2 4
2 14
23
3 42
3 0
3 4
3 21
3 24
3 36
3 13
3 23
3 45
3 32
3 9
3 37
3 18
3 46
3 1
3 11
3 28
3 44
3 12
3 48
3 34
3 8
3 31
19
4 42
4 44
4 29
4 40
4 6
4 46
4 47
4 14
4 31
4 24
4 18
4 41
4 39
4 32
4 21
4 20
4 16
4 0
4 12
22
5 1
5 15
5 21
5 27
5 7
5 18
5 47
5 4
5 35
5 9
5 20
5 16
5 25
5 23
5 34
5 19
5 17
5 22
5 2
5 41
5 31
5 49
20
6 7
6 20
6 13
6 21
6 2
6 39
6 45
6 41
6 27
6 1
6 0
6 3
6 16
6 5
6 38
6 33
6 47
6 9
6 17
6 8
24
7 14
7 27
7 1
7 33
7 10
7 48
7 15
7 40
7 4
7 16
7 21
7 22
7 34
7 20
7 37
7 41
7 3
7 44
7 36
7 46
7 30
7 0
7 19
7 25
23
8 46
8 49
8 23
8 24
8 36
8 47
8 40
8 2
8 12
8 19
8 13
8 22
8 41
8 32
8 14
8 15
8 0
8 16
8 18
8 5
8 9
8 20
8 38
17
9 39
9 18
9 29
9 7
9 43
9 22
9 28
9 35
9 0
9 31
9 14
9 33
9 26
9 32
9 45
9 16
9 42
22
10 13
10 33
10 2
10 4
10 25
10 19
10 30
10 22
10 36
10 32
10 24
10 5
10 45
10 49
10 15
10 14
10 9
10 3
10 34
10 1
10 8
10 23
20
11 8
11 43
11 19
11 4
11 25
11 22
11 35
11 38
11 34
11 26
11 30
11 0
11 6
11 46
11 36
11 9
11 32
11 41
11 5
11 7
22
12 40
12 7
12 21
12 28
12 47
12 31
12 19
12 25
12 14
12 41
12 30
12 9
12 11
12 43
12 0
12 23
12 17
12 26
12 48
12 36
12 10
12 24
24
13 41
13 47
13 27
13 46
13 18
13 43
13 21
13 25
13 17
13 36
13 14
13 2
13 26
13 31
13 34
13 32
13 42
13 7
13 12
13 4
13 37
13 11
13 39
13 33
18
14 30
14 45
14 16
14 42
14 6
14 25
14 11
14 41
14 22
14 48
14 18
14 19
14 21
14 38
14 3
14 47
14 29
14 23
20
15 17
15 12
15 3
15 26
15 9
15 35
15 46
15 21
15 25
15 49
15 14
15 4
15 42
15 32
15 19
15 20
15 40
15 11
15 33
15 13
19
16 29
16 3
16 0
16 47
16 17
16 28
16 45
16 46
16 42
16 40
16 49
16 30
16 13
16 39
16 11
16 15
16 23
16 48
16 21
16
17 33
17 9
17 22
17 36
17 49
17 4
17 10
17 24
17 29
17 0
17 39
17 8
17 35
17 23
17 18
17 25
16
18 1
18 15
18 31
18 45
18 21
18 30
18 24
18 6
18 10
18 36
18 16
18 37
18 33
18 29
18 7
18 43
18
19 17
19 36
19 22
19 47
19 9
19 40
19 4
19 37
19 42
19 3
19 32
19 24
19 6
19 21
19 33
19 16
19 2
19 41
18
20 28
20 21
20 36
20 18
20 38
20 19
20 35
20 25
20 22
20 43
20 47
20 23
20 17
20 11
20 34
20 10
20 9
20 27
16
21 24
21 29
21 30
21 39
21 31
21 46
21 25
21 45
21 17
21 23
21 9
21 26
21 1
21 44
21 27
21 43
18
22 21
22 2
22 23
22 49
22 33
22 18
22 30
22 38
22 29
22 31
22 36
22 1
22 6
22 41
22 15
22 4
22 44
22 28
18
23 49
23 25
23 18
23 11
23 36
23 15
23 30
23 31
23 6
23 43
23 28
23 26
23 0
23 24
23 32
23 44
23 9
23 33
19
24 16
24 33
24 11
24 45
24 22
24 15
24 14
24 9
24 35
24 37
24 43
24 13
24 31
24 36
24 20
24 5
24 34
24 47
24 6
15
25 16
25 30
25 39
25 1
25 9
25 8
25 48
25 4
25 45
25 22
25 19
25 2
25 46
25 24
25 28
22
26 32
26 25
26 1
26 27
26 35
26 14
26 2
26 39
26 8
26 43
26 48
26 46
26 45
26 37
26 5
26 17
26 20
26 10
26 24
26 7
26 16
26 3
23
27 8
27 23
27 18
27 30
27 39
27 17
27 45
27 47
27 19
27 2
27 0
27 42
27 36
27 14
27 48
27 25
27 32
27 10
27 4
27 3
27 41
27 24
27 31
22
28 41
28 39
28 29
28 42
28 11
28 10
28 7
28 38
28 27
28 26
28 45
28 44
28 6
28 13
28 34
28 5
28 1
28 24
28 8
28 19
28 32
28 14
20
29 24
29 11
29 42
29 33
29 2
29 39
29 32
29 49
29 23
29 44
29 25
29 43
29 8
29 7
29 15
29 13
29 41
29 6
29 40
29 0
20
30 4
30 47
30 31
30 0
30 2
30 26
30 46
30 37
30 28
30 13
30 29
30 5
30 48
30 9
30 36
30 43
30 35
30 6
30 17
30 42
21
31 7
31 14
31 42
31 16
31 10
31 36
31 43
31 2
31 26
31 48
31 17
31 46
31 38
31 28
31 29
31 25
31 6
31 47
31 49
31 15
31 39
18
32 16
32 2
32 17
32 45
32 30
32 31
32 14
32 39
32 20
32 24
32 0
32 47
32 35
32 43
32 21
32 5
32 25
32 49
22
33 0
33 16
33 11
33 45
33 20
33 2
33 14
33 4
33 27
33 41
33 39
33 43
33 38
33 1
33 36
33 5
33 47
33 3
33 12
33 40
33 30
33 32
19
34 16
34 19
34 15
34 6
34 30
34 37
34 18
34 36
34 12
34 46
34 47
34 26
34 35
34 31
34 8
34 22
34 0
34 29
34 4
21
35 46
35 21
35 41
35 25
35 29
35 42
35 27
35 13
35 39
35 22
35 37
35 44
35 0
35 19
35 18
35 3
35 36
35 12
35 16
35 45
35 4
18
36 45
36 4
36 49
36 29
36 14
36 21
36 26
36 0
36 32
36 38
36 16
36 28
36 46
36 40
36 9
36 2
36 25
36 6
20
37 8
37 46
37 5
37 27
37 6
37 48
37 38
37 15
37 12
37 29
37 31
37 33
37 14
37 23
37 10
37 45
37 42
37 17
37 20
37 11
23
38 43
38 4
38 44
38 3
38 16
38 12
38 27
38 41
38 47
38 49
38 29
38 42
38 9
38 19
38 40
38 10
38 48
38 34
38 25
38 17
38 30
38 7
38 5
24
39 41
39 45
39 18
39 8
39 40
39 10
39 15
39 11
39 30
39 38
39 46
39 44
39 5
39 0
39 37
39 3
39 48
39 34
39 19
39 36
39 43
39 24
39 47
39 1
19
40 10
40 17
40 31
40 41
40 34
40 25
40 32
40 11
40 27
40 1
40 21
40 49
40 24
40 6
40 18
40 14
40 13
40 23
40 9
13
41 17
41 48
41 20
41 30
41 24
41 42
41 26
41 0
41 45
41 16
41 31
41 3
41 23
19
42 0
42 6
42 17
42 33
42 12
42 10
42 32
42 20
42 22
42 36
42 23
42 48
42 25
42 39
42 2
42 34
42 21
42 43
42 40
19
43 34
43 3
43 19
43 7
43 4
43 41
43 25
43 27
43 6
43 47
43 36
43 5
43 10
43 35
43 46
43 37
43 15
43 40
43 17
26
44 30
44 14
44 27
44 26
44 36
44 33
44 8
44 42
44 41
44 24
44 48
44 2
44 5
44 34
44 16
44 10
44 11
44 31
44 17
44 46
44 37
44 40
44 12
44 6
44 45
44 20
13
45 5
45 8
45 17
45 29
45 22
45 12
45 19
45 2
45 30
45 40
45 46
45 7
45 11
15
46 27
46 1
46 0
46 5
46 14
46 6
46 12
46 47
46 23
46 20
46 32
46 41
46 42
46 18
46 24
18
47 25
47 28
47 49
47 15
47 22
47 45
47 44
47 1
47 17
47 21
47 10
47 37
47 11
47 29
47 36
47 48
47 35
47 41
21
48 45
48 2
48 18
48 17
48 24
48 22
48 15
48 1
48 6
48 23
48 43
48 49
48 13
48 0
48 4
48 9
48 33
48 21
48 35
48 34
48 20
23
49 24
49 46
49 26
49 14
49 21
49 41
49 34
49 45
49 4
49 30
49 27
49 37
49 3
49 42
49 9
49 13
49 12
49 25
49 11
49 6
49 19
49 39
49 7
