50
0 "A34"
1 "A16"
2 "A31"
3 "A23"
4 "A38"
5 "A10"
6 "A8"
7 "A13"
8 "A42"
9 "A46"
10 "A41"
11 "A0"
12 "A18"
13 "A19"
14 "A12"
15 "A2"
16 "A7"
17 "A29"
18 "A43"
19 "A3"
20 "A47"
21 "A17"
22 "A25"
23 "A36"
24 "A1"
25 "A27"
26 "A40"
27 "A28"
28 "A30"
29 "A4"
30 "A32"
31 "A24"
32 "A35"
33 "A39"
34 "A5"
35 "A11"
36 "A6"
37 "A48"
38 "A22"
39 "A49"
40 "A15"
41 "A14"
42 "A44"
43 "A20"
44 "A45"
45 "A33"
46 "A21"
47 "A26"
48 "A37"
49 "A9"
20
0 46
0 3
0 38
0 2
0 13
0 34
0 24
0 10
0 4
0 16
0 18
0 30
0 7
0 9
0 19
0 47
0 48
0 49
0 40
0 37
19
1 26
1 11
1 38
1 7
1 20
1 6
1 37
1 9
1 0
1 23
1 21
1 39
1 10
1 41
1 31
1 25
1 48
1 45
1 49
19
2 38
2 19
2 27
2 42
2 49
2 14
2 15
2 20
2 33
2 40
2 47
2 30
2 24
2 10
2 48
2 13
2 21
2 22
2 16
18
3 29
3 36
3 23
3 20
3 24
3 4
3 13
3 9
3 19
3 7
3 27
3 40
3 42
3 39
3 21
3 12
3 43
3 15
14
4 21
4 28
4 18
4 2
4 25
4 1
4 37
4 7
4 35
4 26
4 40
4 14
4 46
4 43
26
5 42
5 49
5 0
5 43
5 15
5 40
5 7
5 28
5 35
5 44
5 36
5 30
5 16
5 2
5 4
5 31
5 14
5 27
5 3
5 47
5 25
5 46
5 48
5 1
5 11
5 9
19
6 40
6 5
6 3
6 43
6 37
6 33
6 27
6 39
6 18
6 19
6 9
6 12
6 14
6 46
6 15
6 35
6 41
6 10
6 2
20
7 33
7 22
7 19
7 9
7 2
7 49
7 30
7 14
7 21
7 42
7 15
7 8
7 36
7 37
7 39
7 47
7 27
7 48
7 34
7 11
17
8 5
8 24
8 30
8 29
8 33
8 43
8 32
8 36
8 6
8 3
8 38
8 15
8 4
8 49
8 25
8 16
8 19
18
9 28
9 26
9 8
9 23
9 45
9 31
9 40
9 16
9 34
9 29
9 25
9 2
9 14
9 36
9 19
9 4
9 30
9 44
24
10 13
10 31
10 5
10 9
10 23
10 34
10 41
10 32
10 37
10 3
10 16
10 17
10 28
10 8
10 47
10 30
10 24
10 22
10 35
10 33
10 15
10 40
10 38
10 7
16
11 17
11 8
11 6
11 23
11 33
11 31
11 32
11 49
11 29
11 4
11 27
11 0
11 13
11 9
11 39
11 12
25
12 9
12 37
12 45
12 19
12 30
12 13
12 24
12 32
12 44
12 28
12 1
12 29
12 14
12 39
12 41
12 35
12 21
12 10
12 0
12 17
12 46
12 4
12 2
12 40
12 36
21
13 24
13 15
13 39
13 14
13 33
13 22
13 6
13 9
13 37
13 35
13 41
13 29
13 32
13 19
13 31
13 21
13 8
13 4
13 36
13 20
13 47
17
14 35
14 46
14 44
14 20
14 22
14 45
14 26
14 49
14 17
14 42
14 39
14 47
14 40
14 27
14 24
14 10
14 38
16
15 47
15 44
15 40
15 16
15 17
15 11
15 21
15 23
15 22
15 39
15 48
15 18
15 4
15 14
15 1
15 12
18
16 41
16 46
16 26
16 48
16 34
16 14
16 35
16 11
16 38
16 33
16 44
16 23
16 12
16 4
16 45
16 37
16 19
16 28
17
17 4
17 38
17 40
17 9
17 49
17 3
17 1
17 31
17 46
17 13
17 8
17 47
17 2
17 36
17 7
17 32
17 44
17
18 39
18 29
18 20
18 42
18 36
18 12
18 31
18 41
18 14
18 1
18 49
18 33
18 47
18 43
18 22
18 2
18 11
14
19 1
19 29
19 5
19 31
19 4
19 21
19 15
19 10
19 45
19 43
19 24
19 48
19 40
19 38
22
20 30
20 6
20 21
20 5
20 40
20 41
20 23
20 38
20 19
20 34
20 15
20 12
20 8
20 44
20 36
20 43
20 32
20 47
20 4
20 22
20 48
20 17
21
21 11
21 8
21 35
21 41
21 10
21 48
21 44
21 0
21 24
21 14
21 17
21 34
21 27
21 16
21 9
21 18
21 29
21 22
21 26
21 6
21 36
16
22 17
22 3
22 29
22 8
22 9
22 40
22 45
22 48
22 16
22 39
22 12
22 44
22 38
22 19
22 41
22 6
24
23 6
23 17
23 48
23 31
23 33
23 25
23 36
23 26
23 24
23 4
23 2
23 44
23 0
23 14
23 5
23 18
23 43
23 39
23 8
23 22
23 13
23 28
23 40
23 12
16
24 15
24 43
24 18
24 27
24 45
24 7
24 4
24 11
24 37
24 16
24 20
24 38
24 39
24 36
24 6
24 22
25
25 2
25 3
25 10
25 0
25 43
25 39
25 29
25 40
25 18
25 35
25 32
25 46
25 15
25 17
25 24
25 13
25 14
25 6
25 22
25 27
25 11
25 30
25 31
25 16
25 21
22
26 0
26 36
26 30
26 43
26 7
26 25
26 33
26 11
26 5
26 46
26 48
26 42
26 49
26 22
26 15
26 44
26 3
26 24
26 18
26 34
26 12
26 20
19
27 16
27 39
27 15
27 17
27 35
27 40
27 4
27 9
27 29
27 8
27 13
27 18
27 19
27 26
27 41
27 23
27 12
27 10
27 49
24
28 42
28 29
28 21
28 49
28 13
28 26
28 14
28 46
28 47
28 36
28 18
28 38
28 8
28 31
28 34
28 22
28 25
28 24
28 3
28 2
28 11
28 27
28 15
28 0
15
29 23
29 39
29 0
29 31
29 14
29 16
29 42
29 6
29 36
29 30
29 17
29 24
29 44
29 45
29 40
19
30 17
30 35
30 28
30 6
30 38
30 19
30 41
30 11
30 21
30 37
30 14
30 27
30 22
30 18
30 23
30 46
30 15
30 4
30 3
22
31 47
31 27
31 45
31 30
31 49
31 3
31 22
31 26
31 34
31 12
31 14
31 6
31 41
31 24
31 7
31 43
31 15
31 16
31 37
31 20
31 0
31 32
22
32 38
32 15
32 27
32 28
32 7
32 21
32 18
32 45
32 39
32 36
32 35
32 22
32 23
32 0
32 26
32 1
32 5
32 4
32 48
32 2
32 9
32 19
18
33 41
33 4
33 20
33 24
33 21
33 17
33 9
33 31
33 30
33 29
33 3
33 27
33 49
33 42
33 37
33 0
33 28
33 14
24
34 14
34 4
34 33
34 36
34 3
34 19
34 38
34 30
34 39
34 13
34 1
34 23
34 29
34 43
34 2
34 22
34 48
34 8
34 24
34 47
34 18
34 49
34 6
34 25
20
35 43
35 44
35 15
35 37
35 20
35 18
35 7
35 26
35 34
35 31
35 33
35 2
35 8
35 22
35 17
35 46
35 48
35 3
35 47
35 11
23
36 31
36 16
36 10
36 39
36 48
36 46
36 11
36 0
36 27
36 30
36 19
36 44
36 14
36 35
36 33
36 25
36 45
36 15
36 6
36 4
36 1
36 47
36 38
20
37 9
37 19
37 44
37 42
37 21
37 47
37 22
37 18
37 36
37 27
37 29
37 17
37 8
37 15
37 14
37 38
37 32
37 2
37 34
37 5
19
38 33
38 46
38 31
38 18
38 41
38 12
38 3
38 35
38 15
38 6
38 4
38 26
38 47
38 5
38 21
38 25
38 42
38 9
38 27
16
39 28
39 38
39 44
39 37
39 49
39 17
39 0
39 26
39 42
39 43
39 40
39 20
39 10
39 46
39 8
39 9
19
40 28
40 33
40 32
40 35
40 36
40 26
40 46
40 42
40 47
40 21
40 24
40 16
40 34
40 13
40 8
40 11
40 38
40 44
40 37
19
41 14
41 9
41 40
41 3
41 0
41 35
41 15
41 32
41 17
41 39
41 37
41 23
41 2
41 19
41 46
41 28
41 36
41 4
41 34
23
42 6
42 41
42 22
42 16
42 13
42 17
42 23
42 36
42 0
42 15
42 20
42 35
42 21
42 1
42 49
42 31
42 25
42 4
42 34
42 44
42 19
42 47
42 43
15
43 14
43 37
43 40
43 13
43 36
43 47
43 9
43 30
43 29
43 17
43 28
43 15
43 27
43 32
43 44
21
44 45
44 48
44 34
44 6
44 28
44 49
44 19
44 46
44 18
44 32
44 0
44 8
44 38
44 4
44 13
44 11
44 25
44 10
44 1
44 7
44 41
20
45 43
45 26
45 7
45 42
45 33
45 49
45 15
45 27
45 10
45 21
45 8
45 37
45 38
45 11
45 41
45 4
45 18
45 39
45 17
45 25
21
46 22
46 32
46 3
46 8
46 42
46 20
46 18
46 29
46 49
46 27
46 11
46 15
46 23
46 24
46 9
46 31
46 43
46 33
46 2
46 1
46 7
17
47 26
47 3
47 41
47 44
47 27
47 11
47 45
47 9
47 24
47 33
47 6
47 21
47 32
47 39
47 4
47 29
47 16
22
48 14
48 13
48 25
48 39
48 30
48 42
48 29
48 8
48 4
48 33
48 6
48 17
48 27
48 40
48 37
48 47
48 45
48 12
48 18
48 43
48 10
48 31
21
49 23
49 15
49 29
49 37
49 19
49 4
49 30
49 12
49 41
49 47
49 10
49 32
49 20
49 21
49 35
49 16
49 13
49 24
49 48
49 6
49 25
