50
0 "A34"
1 "A16"
2 "A31"
3 "A23"
4 "A38"
5 "A10"
6 "A8"
7 "A13"
8 "A42"
9 "A46"
10 "A41"
11 "A0"
12 "A18"
13 "A19"
14 "A12"
15 "A2"
16 "A7"
17 "A29"
18 "A43"
19 "A3"
20 "A47"
21 "A17"
22 "A25"
23 "A36"
24 "A1"
25 "A27"
26 "A40"
27 "A28"
28 "A30"
29 "A4"
30 "A32"
31 "A24"
32 "A35"
33 "A39"
34 "A5"
35 "A11"
36 "A6"
37 "A48"
38 "A22"
39 "A49"
40 "A15"
41 "A14"
42 "A44"
43 "A20"
44 "A45"
45 "A33"
46 "A21"
47 "A26"
48 "A37"
49 "A9"
19
0 2
0 17
0 33
0 28
0 26
0 48
0 14
0 3
0 40
0 23
0 22
0 16
0 21
0 34
0 32
0 27
0 31
0 5
0 46
20
1 23
1 39
1 10
1 43
1 14
1 6
1 32
1 35
1 25
1 3
1 45
1 8
1 13
1 0
1 26
1 18
1 34
1 38
1 15
1 42
20
2 13
2 44
2 11
2 27
2 22
2 15
2 7
2 10
2 1
2 40
2 17
2 39
2 32
2 6
2 36
2 28
2 30
2 33
2 26
2 41
16
3 29
3 24
3 23
3 17
3 36
3 7
3 30
3 38
3 32
3 12
3 33
3 45
3 40
3 19
3 11
3 26
16
4 1
4 36
4 30
4 49
4 46
4 32
4 26
4 28
4 34
4 42
4 8
4 29
4 22
4 18
4 2
4 19
18
5 29
5 37
5 46
5 28
5 1
5 43
5 45
5 26
5 39
5 3
5 8
5 36
5 23
5 2
5 30
5 16
5 14
5 47
15
6 29
6 8
6 35
6 41
6 39
6 12
6 38
6 36
6 17
6 31
6 5
6 15
6 10
6 21
6 0
21
7 1
7 45
7 4
7 49
7 21
7 34
7 15
7 43
7 14
7 0
7 18
7 27
7 48
7 12
7 6
7 10
7 35
7 47
7 13
7 33
7 5
17
8 47
8 46
8 38
8 43
8 3
8 37
8 25
8 42
8 0
8 7
8 29
8 36
8 9
8 32
8 30
8 20
8 12
22
9 35
9 37
9 14
9 39
9 45
9 28
9 43
9 42
9 11
9 2
9 23
9 1
9 36
9 49
9 0
9 31
9 17
9 24
9 44
9 4
9 29
9 12
17
10 40
10 29
10 24
10 22
10 42
10 30
10 4
10 47
10 8
10 9
10 13
10 19
10 0
10 45
10 5
10 38
10 48
11
11 43
11 10
11 42
11 17
11 32
11 22
11 4
11 27
11 1
11 7
11 8
24
12 24
12 0
12 36
12 33
12 5
12 28
12 37
12 47
12 31
12 30
12 15
12 18
12 11
12 16
12 26
12 4
12 27
12 41
12 39
12 42
12 1
12 44
12 35
12 10
22
13 31
13 19
13 39
13 23
13 21
13 24
13 29
13 33
13 30
13 41
13 37
13 6
13 43
13 42
13 16
13 48
13 26
13 45
13 18
13 27
13 47
13 5
22
14 34
14 2
14 49
14 3
14 15
14 8
14 35
14 6
14 46
14 39
14 38
14 11
14 13
14 42
14 10
14 47
14 37
14 19
14 32
14 29
14 41
14 4
19
15 46
15 36
15 32
15 16
15 21
15 37
15 18
15 49
15 5
15 48
15 28
15 40
15 43
15 8
15 11
15 30
15 10
15 23
15 39
17
16 39
16 7
16 43
16 17
16 36
16 31
16 8
16 32
16 10
16 14
16 30
16 19
16 6
16 1
16 48
16 4
16 27
18
17 48
17 13
17 7
17 41
17 12
17 15
17 35
17 44
17 32
17 24
17 14
17 5
17 31
17 40
17 4
17 21
17 38
17 37
21
18 24
18 5
18 0
18 3
18 9
18 46
18 10
18 30
18 43
18 16
18 48
18 41
18 11
18 27
18 47
18 26
18 42
18 25
18 34
18 17
18 44
24
19 6
19 24
19 8
19 22
19 42
19 2
19 0
19 11
19 21
19 17
19 34
19 26
19 18
19 5
19 46
19 12
19 15
19 40
19 9
19 33
19 29
19 32
19 45
19 35
23
20 32
20 17
20 23
20 46
20 39
20 2
20 27
20 36
20 15
20 18
20 14
20 47
20 10
20 31
20 9
20 6
20 7
20 12
20 22
20 44
20 19
20 13
20 4
17
21 25
21 36
21 23
21 10
21 4
21 39
21 46
21 29
21 18
21 5
21 26
21 43
21 16
21 20
21 1
21 14
21 31
19
22 16
22 5
22 7
22 3
22 14
22 46
22 12
22 34
22 23
22 13
22 17
22 49
22 44
22 18
22 21
22 25
22 1
22 38
22 45
19
23 46
23 40
23 2
23 16
23 41
23 48
23 10
23 4
23 38
23 27
23 39
23 33
23 11
23 18
23 24
23 34
23 12
23 8
23 19
21
24 4
24 40
24 20
24 15
24 29
24 6
24 27
24 30
24 22
24 21
24 46
24 16
24 2
24 14
24 34
24 1
24 0
24 43
24 11
24 45
24 5
24
25 40
25 20
25 10
25 19
25 15
25 36
25 11
25 32
25 43
25 12
25 17
25 28
25 6
25 7
25 4
25 27
25 23
25 38
25 16
25 46
25 47
25 9
25 41
25 2
19
26 20
26 15
26 38
26 7
26 35
26 22
26 10
26 8
26 32
26 44
26 45
26 11
26 42
26 48
26 6
26 46
26 41
26 23
26 14
16
27 44
27 22
27 41
27 9
27 46
27 17
27 1
27 36
27 40
27 19
27 6
27 21
27 14
27 4
27 15
27 5
26
28 30
28 39
28 48
28 27
28 18
28 35
28 42
28 20
28 32
28 33
28 29
28 49
28 1
28 16
28 8
28 40
28 19
28 13
28 47
28 21
28 44
28 10
28 24
28 7
28 14
28 22
22
29 16
29 46
29 42
29 22
29 32
29 40
29 1
29 18
29 0
29 41
29 44
29 15
29 7
29 2
29 20
29 33
29 12
29 26
29 36
29 17
29 25
29 43
20
30 48
30 25
30 39
30 34
30 23
30 20
30 27
30 46
30 1
30 26
30 35
30 11
30 7
30 6
30 41
30 29
30 38
30 0
30 49
30 21
21
31 15
31 26
31 23
31 29
31 24
31 3
31 42
31 11
31 30
31 22
31 18
31 1
31 41
31 28
31 2
31 7
31 48
31 5
31 25
31 19
31 27
18
32 23
32 41
32 13
32 18
32 31
32 34
32 21
32 6
32 30
32 10
32 45
32 39
32 9
32 36
32 5
32 40
32 44
32 38
20
33 32
33 5
33 48
33 4
33 24
33 11
33 1
33 40
33 34
33 22
33 31
33 46
33 20
33 42
33 43
33 17
33 8
33 6
33 21
33 14
18
34 9
34 42
34 46
34 3
34 27
34 43
34 38
34 16
34 11
34 28
34 20
34 5
34 44
34 6
34 41
34 12
34 8
34 2
23
35 13
35 36
35 2
35 31
35 40
35 44
35 20
35 48
35 29
35 43
35 15
35 4
35 21
35 23
35 3
35 45
35 34
35 16
35 5
35 37
35 32
35 8
35 39
18
36 0
36 19
36 24
36 42
36 26
36 31
36 44
36 17
36 41
36 45
36 14
36 28
36 7
36 11
36 37
36 10
36 13
36 43
23
37 33
37 21
37 46
37 10
37 31
37 1
37 11
37 42
37 44
37 29
37 40
37 28
37 24
37 4
37 19
37 6
37 38
37 30
37 26
37 16
37 27
37 3
37 0
14
38 7
38 24
38 31
38 35
38 28
38 5
38 36
38 11
38 29
38 0
38 20
38 18
38 13
38 4
18
39 37
39 38
39 25
39 43
39 27
39 34
39 49
39 26
39 33
39 29
39 8
39 4
39 47
39 7
39 3
39 11
39 31
39 22
21
40 16
40 49
40 4
40 46
40 11
40 21
40 7
40 26
40 34
40 42
40 1
40 31
40 38
40 39
40 20
40 9
40 13
40 44
40 14
40 30
40 12
19
41 1
41 5
41 44
41 40
41 20
41 42
41 33
41 10
41 49
41 47
41 48
41 8
41 16
41 38
41 7
41 45
41 22
41 19
41 11
18
42 2
42 32
42 7
42 22
42 15
42 3
42 45
42 20
42 35
42 16
42 6
42 23
42 5
42 21
42 43
42 27
42 24
42 49
22
43 3
43 20
43 19
43 26
43 23
43 6
43 17
43 27
43 14
43 49
43 0
43 44
43 2
43 47
43 48
43 22
43 28
43 41
43 10
43 37
43 45
43 32
19
44 7
44 16
44 15
44 42
44 25
44 8
44 10
44 38
44 24
44 33
44 6
44 31
44 11
44 1
44 39
44 30
44 21
44 0
44 19
22
45 29
45 33
45 4
45 17
45 11
45 30
45 21
45 44
45 37
45 23
45 39
45 14
45 8
45 48
45 40
45 27
45 2
45 18
45 20
45 25
45 28
45 47
10
46 3
46 36
46 39
46 12
46 1
46 45
46 38
46 49
46 31
46 32
23
47 19
47 9
47 37
47 35
47 0
47 29
47 24
47 46
47 16
47 22
47 30
47 4
47 38
47 31
47 26
47 15
47 36
47 6
47 33
47 21
47 3
47 40
47 1
23
48 39
48 29
48 34
48 22
48 2
48 40
48 46
48 32
48 12
48 36
48 38
48 3
48 5
48 47
48 6
48 42
48 49
48 11
48 20
48 25
48 44
48 37
48 21
25
49 23
49 45
49 37
49 3
49 6
49 2
49 12
49 32
49 31
49 34
49 0
49 27
49 21
49 29
49 20
49 33
49 11
49 47
49 10
49 24
49 19
49 8
49 36
49 17
49 13
