50
0 "A34"
1 "A16"
2 "A31"
3 "A23"
4 "A38"
5 "A10"
6 "A8"
7 "A13"
8 "A42"
9 "A46"
10 "A41"
11 "A0"
12 "A18"
13 "A19"
14 "A12"
15 "A2"
16 "A7"
17 "A29"
18 "A43"
19 "A3"
20 "A47"
21 "A17"
22 "A25"
23 "A36"
24 "A1"
25 "A27"
26 "A40"
27 "A28"
28 "A30"
29 "A4"
30 "A32"
31 "A24"
32 "A35"
33 "A39"
34 "A5"
35 "A11"
36 "A6"
37 "A48"
38 "A22"
39 "A49"
40 "A15"
41 "A14"
42 "A44"
43 "A20"
44 "A45"
45 "A33"
46 "A21"
47 "A26"
48 "A37"
49 "A9"
17
0 33
0 5
0 45
0 48
0 21
0 3
0 40
0 46
0 42
0 11
0 41
0 32
0 7
0 13
0 38
0 8
0 31
16
1 8
1 23
1 39
1 32
1 22
1 14
1 26
1 5
1 25
1 0
1 13
1 42
1 45
1 18
1 49
1 38
19
2 41
2 7
2 10
2 1
2 26
2 18
2 43
2 28
2 6
2 36
2 30
2 47
2 44
2 11
2 37
2 17
2 27
2 0
2 46
16
3 19
3 26
3 25
3 38
3 21
3 11
3 2
3 14
3 20
3 37
3 9
3 39
3 8
3 45
3 12
3 17
18
4 1
4 2
4 9
4 0
4 36
4 18
4 8
4 44
4 32
4 15
4 33
4 6
4 31
4 12
4 20
4 3
4 22
4 34
16
5 24
5 45
5 23
5 16
5 47
5 29
5 37
5 46
5 35
5 2
5 7
5 3
5 36
5 8
5 4
5 25
24
6 29
6 7
6 10
6 5
6 3
6 8
6 21
6 41
6 39
6 12
6 38
6 36
6 17
6 49
6 32
6 35
6 0
6 13
6 28
6 15
6 1
6 46
6 47
6 14
22
7 49
7 10
7 34
7 27
7 43
7 1
7 48
7 18
7 3
7 32
7 24
7 21
7 16
7 14
7 19
7 9
7 44
7 25
7 47
7 4
7 45
7 46
16
8 36
8 12
8 20
8 7
8 39
8 42
8 2
8 18
8 13
8 29
8 23
8 31
8 9
8 38
8 26
8 30
22
9 23
9 1
9 36
9 42
9 0
9 18
9 29
9 31
9 11
9 45
9 37
9 14
9 25
9 28
9 12
9 43
9 6
9 49
9 34
9 21
9 33
9 2
22
10 22
10 35
10 0
10 19
10 44
10 29
10 48
10 25
10 42
10 5
10 4
10 47
10 38
10 27
10 40
10 12
10 8
10 9
10 41
10 32
10 3
10 20
13
11 35
11 23
11 16
11 22
11 10
11 17
11 14
11 36
11 4
11 7
11 8
11 28
11 26
18
12 39
12 0
12 32
12 18
12 1
12 26
12 44
12 47
12 31
12 30
12 29
12 49
12 15
12 38
12 11
12 37
12 7
12 42
23
13 39
13 26
13 21
13 45
13 20
13 33
13 27
13 41
13 37
13 48
13 47
13 42
13 16
13 10
13 11
13 23
13 3
13 12
13 7
13 44
13 15
13 46
13 31
20
14 37
14 38
14 15
14 8
14 35
14 29
14 46
14 39
14 13
14 10
14 20
14 30
14 19
14 16
14 41
14 34
14 4
14 31
14 12
14 2
22
15 9
15 39
15 36
15 16
15 10
15 8
15 37
15 18
15 49
15 5
15 11
15 28
15 40
15 30
15 23
15 35
15 46
15 24
15 3
15 7
15 1
15 31
14
16 36
16 45
16 17
16 35
16 2
16 20
16 4
16 46
16 48
16 1
16 27
16 10
16 19
16 8
22
17 45
17 42
17 29
17 46
17 33
17 48
17 13
17 37
17 41
17 7
17 15
17 35
17 44
17 28
17 21
17 14
17 5
17 4
17 32
17 31
17 8
17 9
15
18 25
18 46
18 26
18 27
18 0
18 16
18 48
18 11
18 19
18 47
18 42
18 10
18 34
18 14
18 44
28
19 33
19 6
19 36
19 35
19 24
19 12
19 32
19 42
19 2
19 0
19 45
19 21
19 17
19 48
19 26
19 23
19 5
19 29
19 11
19 40
19 15
19 28
19 41
19 22
19 46
19 20
19 9
19 4
14
20 39
20 2
20 22
20 47
20 27
20 6
20 24
20 5
20 17
20 44
20 31
20 1
20 9
20 21
20
21 47
21 11
21 31
21 14
21 8
21 25
21 36
21 23
21 10
21 4
21 12
21 46
21 29
21 18
21 34
21 38
21 2
21 41
21 48
21 43
20
22 15
22 16
22 17
22 7
22 18
22 21
22 25
22 8
22 45
22 23
22 13
22 49
22 38
22 9
22 44
22 31
22 3
22 12
22 30
22 34
17
23 7
23 46
23 39
23 2
23 24
23 18
23 12
23 14
23 4
23 44
23 27
23 17
23 34
23 6
23 33
23 35
23 25
19
24 11
24 0
24 9
24 45
24 13
24 26
24 6
24 21
24 30
24 8
24 14
24 2
24 28
24 22
24 16
24 42
24 18
24 12
24 34
22
25 11
25 40
25 16
25 24
25 37
25 28
25 35
25 13
25 33
25 27
25 32
25 47
25 14
25 15
25 46
25 43
25 2
25 6
25 48
25 19
25 39
25 36
18
26 5
26 15
26 20
26 22
26 7
26 41
26 32
26 16
26 6
26 38
26 48
26 23
26 4
26 45
26 10
26 35
26 31
26 17
20
27 29
27 15
27 37
27 44
27 22
27 19
27 9
27 6
27 1
27 46
27 36
27 4
27 38
27 0
27 24
27 41
27 39
27 43
27 26
27 8
20
28 27
28 18
28 40
28 7
28 3
28 0
28 22
28 29
28 49
28 26
28 16
28 47
28 10
28 14
28 38
28 12
28 39
28 21
28 36
28 48
21
29 42
29 33
29 34
29 2
29 16
29 46
29 41
29 22
29 32
29 40
29 36
29 43
29 0
29 7
29 47
29 45
29 13
29 25
29 3
29 44
29 1
22
30 10
30 35
30 1
30 36
30 6
30 29
30 26
30 0
30 27
30 49
30 25
30 38
30 34
30 11
30 20
30 44
30 16
30 41
30 46
30 7
30 19
30 18
21
31 45
31 44
31 38
31 23
31 29
31 24
31 3
31 25
31 11
31 27
31 5
31 10
31 49
31 16
31 7
31 43
31 19
31 42
31 28
31 2
31 41
23
32 5
32 40
32 3
32 44
32 8
32 23
32 41
32 13
32 18
32 22
32 34
32 21
32 24
32 38
32 14
32 9
32 45
32 42
32 28
32 31
32 39
32 27
32 15
15
33 6
33 5
33 48
33 28
33 34
33 11
33 16
33 46
33 21
33 1
33 15
33 30
33 2
33 8
33 27
19
34 41
34 31
34 43
34 6
34 13
34 2
34 44
34 20
34 5
34 3
34 42
34 47
34 26
34 19
34 49
34 1
34 11
34 17
34 25
26
35 40
35 41
35 39
35 3
35 20
35 48
35 29
35 31
35 34
35 4
35 21
35 33
35 49
35 32
35 27
35 44
35 8
35 9
35 1
35 2
35 37
35 45
35 18
35 13
35 24
35 22
18
36 39
36 0
36 13
36 7
36 10
36 43
36 3
36 45
36 26
36 41
36 20
36 46
36 49
36 22
36 1
36 37
36 33
36 14
19
37 26
37 34
37 20
37 32
37 44
37 29
37 6
37 28
37 42
37 7
37 31
37 38
37 0
37 1
37 33
37 21
37 46
37 16
37 24
19
38 7
38 24
38 13
38 25
38 19
38 5
38 9
38 11
38 2
38 29
38 34
38 15
38 16
38 44
38 49
38 20
38 23
38 18
38 36
20
39 10
39 37
39 38
39 22
39 2
39 47
39 34
39 49
39 26
39 11
39 29
39 0
39 4
39 7
39 9
39 41
39 19
39 31
39 18
39 33
27
40 18
40 5
40 8
40 36
40 24
40 13
40 44
40 14
40 12
40 49
40 4
40 46
40 11
40 21
40 7
40 26
40 34
40 42
40 1
40 31
40 30
40 39
40 37
40 6
40 16
40 22
40 20
12
41 42
41 7
41 40
41 45
41 47
41 15
41 8
41 11
41 1
41 9
41 20
41 3
19
42 27
42 3
42 11
42 20
42 15
42 38
42 45
42 39
42 2
42 4
42 26
42 14
42 25
42 30
42 28
42 16
42 7
42 35
42 36
26
43 47
43 5
43 49
43 35
43 20
43 38
43 0
43 41
43 10
43 37
43 3
43 32
43 19
43 17
43 23
43 24
43 6
43 39
43 46
43 22
43 33
43 13
43 8
43 28
43 26
43 16
17
44 33
44 42
44 1
44 8
44 47
44 11
44 9
44 19
44 21
44 0
44 16
44 6
44 24
44 25
44 14
44 36
44 28
19
45 47
45 28
45 2
45 27
45 18
45 37
45 23
45 20
45 14
45 34
45 39
45 25
45 10
45 15
45 33
45 4
45 6
45 8
45 40
17
46 44
46 39
46 1
46 34
46 38
46 8
46 45
46 41
46 9
46 32
46 11
46 49
46 3
46 31
46 20
46 12
46 28
21
47 35
47 0
47 37
47 24
47 46
47 4
47 32
47 40
47 3
47 38
47 23
47 26
47 22
47 30
47 42
47 11
47 15
47 36
47 19
47 17
47 9
24
48 9
48 14
48 4
48 23
48 8
48 29
48 34
48 22
48 2
48 40
48 46
48 32
48 12
48 49
48 44
48 3
48 1
48 27
48 41
48 37
48 20
48 6
48 5
48 42
22
49 11
49 2
49 24
49 32
49 20
49 16
49 0
49 27
49 10
49 17
49 14
49 26
49 5
49 41
49 42
49 23
49 18
49 45
49 47
49 33
49 37
49 8
