50
0 "A34"
1 "A16"
2 "A31"
3 "A23"
4 "A38"
5 "A10"
6 "A8"
7 "A13"
8 "A42"
9 "A46"
10 "A41"
11 "A0"
12 "A18"
13 "A19"
14 "A12"
15 "A2"
16 "A7"
17 "A29"
18 "A43"
19 "A3"
20 "A47"
21 "A17"
22 "A25"
23 "A36"
24 "A1"
25 "A27"
26 "A40"
27 "A28"
28 "A30"
29 "A4"
30 "A32"
31 "A24"
32 "A35"
33 "A39"
34 "A5"
35 "A11"
36 "A6"
37 "A48"
38 "A22"
39 "A49"
40 "A15"
41 "A14"
42 "A44"
43 "A20"
44 "A45"
45 "A33"
46 "A21"
47 "A26"
48 "A37"
49 "A9"
22
0 33
0 1
0 37
0 41
0 10
0 20
0 36
0 42
0 45
0 25
0 22
0 18
0 32
0 39
0 29
0 27
0 17
0 14
0 48
0 30
0 8
0 3
20
1 35
1 12
1 11
1 34
1 4
1 18
1 32
1 39
1 41
1 38
1 15
1 37
1 22
1 9
1 8
1 19
1 23
1 27
1 14
1 10
21
2 43
2 3
2 49
2 40
2 18
2 26
2 6
2 42
2 5
2 9
2 1
2 29
2 39
2 15
2 32
2 21
2 23
2 16
2 34
2 37
2 14
19
3 40
3 12
3 25
3 33
3 11
3 46
3 30
3 35
3 20
3 17
3 38
3 27
3 37
3 14
3 44
3 21
3 19
3 32
3 13
20
4 36
4 0
4 28
4 7
4 41
4 47
4 6
4 8
4 9
4 45
4 25
4 19
4 14
4 3
4 39
4 33
4 21
4 29
4 43
4 22
22
5 12
5 43
5 29
5 3
5 26
5 8
5 30
5 19
5 27
5 10
5 21
5 31
5 34
5 11
5 42
5 18
5 44
5 6
5 37
5 0
5 33
5 9
17
6 30
6 17
6 49
6 16
6 36
6 42
6 18
6 12
6 21
6 40
6 3
6 33
6 34
6 43
6 0
6 25
6 28
17
7 24
7 1
7 35
7 43
7 39
7 0
7 28
7 22
7 41
7 44
7 5
7 32
7 16
7 15
7 11
7 46
7 27
15
8 20
8 40
8 13
8 18
8 43
8 48
8 31
8 19
8 15
8 14
8 3
8 6
8 27
8 49
8 24
22
9 25
9 42
9 7
9 3
9 14
9 43
9 40
9 23
9 34
9 6
9 26
9 33
9 16
9 44
9 46
9 27
9 11
9 0
9 8
9 45
9 19
9 35
20
10 43
10 49
10 29
10 9
10 27
10 4
10 2
10 3
10 28
10 47
10 19
10 33
10 35
10 7
10 6
10 44
10 31
10 14
10 45
10 18
23
11 40
11 16
11 23
11 15
11 32
11 44
11 4
11 48
11 28
11 8
11 26
11 42
11 24
11 17
11 12
11 25
11 10
11 20
11 18
11 31
11 0
11 2
11 45
16
12 2
12 8
12 42
12 30
12 18
12 37
12 36
12 15
12 22
12 0
12 21
12 9
12 35
12 16
12 43
12 29
26
13 38
13 27
13 48
13 11
13 10
13 16
13 22
13 9
13 37
13 25
13 1
13 12
13 7
13 15
13 45
13 29
13 4
13 33
13 14
13 32
13 23
13 41
13 21
13 44
13 42
13 5
18
14 34
14 16
14 18
14 29
14 11
14 22
14 5
14 45
14 31
14 27
14 23
14 39
14 7
14 25
14 46
14 44
14 20
14 19
22
15 16
15 6
15 18
15 5
15 23
15 40
15 47
15 39
15 37
15 3
15 29
15 46
15 30
15 10
15 20
15 44
15 22
15 34
15 43
15 35
15 21
15 31
17
16 8
16 42
16 47
16 41
16 3
16 48
16 1
16 40
16 27
16 10
16 19
16 21
16 28
16 0
16 31
16 44
16 34
24
17 9
17 14
17 40
17 34
17 5
17 25
17 19
17 8
17 7
17 10
17 16
17 12
17 1
17 23
17 24
17 48
17 4
17 45
17 39
17 29
17 26
17 2
17 13
17 22
23
18 19
18 44
18 21
18 31
18 4
18 32
18 9
18 37
18 29
18 23
18 40
18 20
18 27
18 46
18 3
18 38
18 48
18 43
18 7
18 24
18 13
18 26
18 28
19
19 32
19 26
19 40
19 45
19 46
19 27
19 2
19 48
19 6
19 34
19 25
19 42
19 29
19 37
19 13
19 44
19 15
19 30
19 0
20
20 17
20 34
20 44
20 29
20 1
20 10
20 48
20 7
20 9
20 5
20 31
20 25
20 16
20 40
20 19
20 2
20 41
20 12
20 6
20 35
20
21 8
21 20
21 30
21 0
21 14
21 22
21 25
21 33
21 10
21 1
21 32
21 44
21 9
21 36
21 47
21 42
21 27
21 28
21 38
21 37
17
22 29
22 27
22 9
22 25
22 8
22 20
22 16
22 37
22 18
22 11
22 5
22 30
22 2
22 24
22 28
22 10
22 6
20
23 24
23 5
23 16
23 33
23 36
23 38
23 0
23 20
23 8
23 10
23 49
23 7
23 44
23 41
23 46
23 45
23 3
23 19
23 28
23 27
20
24 19
24 33
24 39
24 43
24 16
24 27
24 0
24 34
24 38
24 30
24 42
24 15
24 44
24 1
24 28
24 32
24 48
24 21
24 3
24 6
14
25 42
25 45
25 28
25 15
25 26
25 31
25 44
25 8
25 1
25 49
25 34
25 10
25 29
25 23
21
26 47
26 3
26 10
26 21
26 39
26 16
26 32
26 40
26 44
26 23
26 24
26 20
26 30
26 48
26 49
26 27
26 46
26 15
26 4
26 13
26 14
10
27 35
27 29
27 40
27 17
27 12
27 15
27 11
27 6
27 4
27 45
19
28 33
28 20
28 3
28 5
28 27
28 41
28 17
28 1
28 14
28 44
28 13
28 12
28 2
28 45
28 30
28 38
28 0
28 36
28 15
16
29 43
29 24
29 45
29 40
29 39
29 8
29 41
29 7
29 36
29 21
29 6
29 1
29 35
29 37
29 3
29 33
18
30 25
30 10
30 13
30 8
30 11
30 23
30 35
30 27
30 1
30 17
30 36
30 18
30 47
30 33
30 42
30 20
30 16
30 39
18
31 24
31 1
31 32
31 13
31 29
31 48
31 22
31 45
31 7
31 41
31 9
31 12
31 0
31 27
31 38
31 47
31 4
31 17
16
32 47
32 41
32 10
32 46
32 30
32 9
32 29
32 35
32 15
32 37
32 12
32 20
32 16
32 23
32 22
32 8
13
33 43
33 22
33 2
33 16
33 19
33 11
33 20
33 38
33 25
33 12
33 18
33 1
33 31
18
34 27
34 40
34 7
34 39
34 3
34 18
34 8
34 21
34 11
34 32
34 45
34 12
34 43
34 22
34 31
34 37
34 0
34 30
24
35 28
35 48
35 17
35 34
35 42
35 40
35 33
35 36
35 31
35 47
35 22
35 39
35 16
35 26
35 24
35 19
35 45
35 38
35 2
35 6
35 8
35 5
35 23
35 18
20
36 31
36 45
36 24
36 17
36 3
36 8
36 1
36 16
36 34
36 32
36 7
36 22
36 10
36 9
36 13
36 20
36 5
36 11
36 18
36 25
16
37 20
37 43
37 17
37 14
37 28
37 25
37 45
37 33
37 27
37 30
37 35
37 31
37 36
37 26
37 48
37 11
24
38 43
38 16
38 39
38 45
38 32
38 0
38 36
38 46
38 11
38 27
38 15
38 19
38 14
38 10
38 29
38 4
38 40
38 7
38 6
38 34
38 2
38 17
38 20
38 12
19
39 27
39 21
39 8
39 47
39 18
39 41
39 40
39 16
39 23
39 49
39 19
39 10
39 25
39 13
39 31
39 28
39 36
39 48
39 3
20
40 28
40 42
40 5
40 24
40 0
40 31
40 30
40 36
40 14
40 22
40 41
40 33
40 48
40 7
40 10
40 12
40 32
40 37
40 23
40 45
16
41 43
41 3
41 10
41 30
41 44
41 15
41 25
41 8
41 45
41 18
41 17
41 19
41 35
41 33
41 26
41 38
23
42 39
42 33
42 48
42 37
42 29
42 7
42 17
42 38
42 28
42 34
42 26
42 1
42 22
42 15
42 27
42 49
42 46
42 23
42 8
42 20
42 14
42 31
42 10
19
43 28
43 21
43 1
43 35
43 19
43 27
43 31
43 30
43 26
43 0
43 49
43 13
43 3
43 25
43 36
43 20
43 32
43 39
43 17
19
44 2
44 31
44 37
44 36
44 17
44 1
44 27
44 30
44 34
44 6
44 33
44 45
44 48
44 4
44 43
44 0
44 35
44 12
44 42
16
45 32
45 12
45 33
45 18
45 6
45 26
45 15
45 49
45 30
45 8
45 2
45 42
45 39
45 21
45 1
45 16
26
46 0
46 13
46 44
46 4
46 31
46 22
46 36
46 34
46 11
46 28
46 24
46 27
46 8
46 21
46 33
46 6
46 41
46 39
46 48
46 17
46 29
46 37
46 16
46 45
46 12
46 35
28
47 14
47 45
47 18
47 12
47 24
47 29
47 46
47 22
47 7
47 0
47 33
47 28
47 17
47 1
47 13
47 42
47 19
47 44
47 37
47 23
47 25
47 38
47 20
47 40
47 43
47 11
47 49
47 6
23
48 3
48 33
48 23
48 5
48 43
48 7
48 1
48 32
48 10
48 12
48 28
48 30
48 27
48 9
48 22
48 21
48 14
48 36
48 25
48 6
48 34
48 45
48 29
24
49 36
49 46
49 29
49 32
49 44
49 9
49 37
49 27
49 41
49 48
49 33
49 13
49 5
49 7
49 12
49 16
49 4
49 24
49 1
49 0
49 19
49 3
49 31
49 28
