50
0 "A34"
1 "A16"
2 "A31"
3 "A23"
4 "A38"
5 "A10"
6 "A8"
7 "A13"
8 "A42"
9 "A46"
10 "A41"
11 "A0"
12 "A18"
13 "A19"
14 "A12"
15 "A2"
16 "A7"
17 "A29"
18 "A43"
19 "A3"
20 "A47"
21 "A17"
22 "A25"
23 "A36"
24 "A1"
25 "A27"
26 "A40"
27 "A28"
28 "A30"
29 "A4"
30 "A32"
31 "A24"
32 "A35"
33 "A39"
34 "A5"
35 "A11"
36 "A6"
37 "A48"
38 "A22"
39 "A49"
40 "A15"
41 "A14"
42 "A44"
43 "A20"
44 "A45"
45 "A33"
46 "A21"
47 "A26"
48 "A37"
49 "A9"
16
0 46
0 11
0 8
0 19
0 30
0 37
0 26
0 21
0 44
0 15
0 49
0 47
0 40
0 18
0 33
0 22
25
1 43
1 17
1 48
1 40
1 34
1 12
1 5
1 44
1 0
1 46
1 33
1 18
1 49
1 3
1 11
1 30
1 38
1 45
1 47
1 8
1 13
1 22
1 21
1 27
1 2
17
2 11
2 5
2 3
2 47
2 18
2 30
2 43
2 31
2 27
2 0
2 38
2 8
2 46
2 15
2 32
2 10
2 45
17
3 27
3 42
3 14
3 18
3 34
3 8
3 31
3 39
3 48
3 47
3 11
3 38
3 12
3 28
3 15
3 19
3 32
16
4 34
4 40
4 7
4 3
4 19
4 12
4 1
4 16
4 37
4 11
4 6
4 2
4 23
4 41
4 25
4 44
19
5 18
5 38
5 37
5 45
5 17
5 4
5 34
5 43
5 35
5 12
5 0
5 23
5 8
5 30
5 24
5 28
5 22
5 46
5 41
24
6 5
6 48
6 9
6 35
6 10
6 3
6 24
6 11
6 22
6 41
6 38
6 15
6 23
6 1
6 0
6 27
6 30
6 44
6 49
6 7
6 2
6 43
6 45
6 25
18
7 35
7 40
7 47
7 23
7 33
7 16
7 41
7 24
7 1
7 45
7 43
7 21
7 28
7 48
7 8
7 22
7 2
7 37
14
8 34
8 9
8 46
8 29
8 4
8 18
8 31
8 28
8 6
8 39
8 42
8 30
8 23
8 15
25
9 30
9 33
9 47
9 48
9 28
9 0
9 40
9 5
9 42
9 31
9 1
9 22
9 41
9 27
9 43
9 3
9 29
9 15
9 20
9 23
9 39
9 46
9 17
9 38
9 21
25
10 42
10 24
10 28
10 46
10 26
10 41
10 5
10 18
10 7
10 38
10 8
10 0
10 37
10 47
10 31
10 32
10 16
10 13
10 29
10 4
10 15
10 20
10 1
10 36
10 48
19
11 24
11 25
11 46
11 29
11 40
11 16
11 8
11 23
11 18
11 41
11 5
11 10
11 27
11 49
11 21
11 22
11 44
11 19
11 17
22
12 14
12 39
12 16
12 38
12 29
12 9
12 10
12 31
12 41
12 6
12 48
12 42
12 7
12 26
12 46
12 23
12 43
12 35
12 44
12 11
12 33
12 8
24
13 4
13 9
13 35
13 14
13 31
13 36
13 7
13 11
13 45
13 27
13 2
13 8
13 3
13 20
13 15
13 49
13 0
13 48
13 37
13 44
13 34
13 6
13 19
13 25
25
14 11
14 20
14 28
14 22
14 1
14 10
14 7
14 4
14 25
14 21
14 45
14 5
14 44
14 49
14 41
14 38
14 48
14 23
14 42
14 31
14 2
14 17
14 6
14 8
14 15
23
15 48
15 1
15 32
15 20
15 11
15 43
15 18
15 49
15 5
15 30
15 27
15 45
15 37
15 33
15 35
15 25
15 26
15 4
15 7
15 16
15 39
15 12
15 28
21
16 23
16 28
16 1
16 36
16 42
16 21
16 9
16 43
16 17
16 19
16 8
16 34
16 46
16 30
16 5
16 29
16 18
16 27
16 2
16 48
16 40
17
17 33
17 30
17 45
17 3
17 6
17 15
17 0
17 7
17 34
17 2
17 24
17 13
17 4
17 31
17 36
17 23
17 12
14
18 28
18 17
18 19
18 26
18 4
18 36
18 42
18 37
18 7
18 25
18 41
18 9
18 12
18 27
20
19 14
19 24
19 29
19 12
19 27
19 39
19 8
19 20
19 17
19 40
19 34
19 23
19 7
19 41
19 5
19 30
19 49
19 35
19 21
19 10
22
20 46
20 28
20 44
20 3
20 42
20 33
20 22
20 23
20 17
20 11
20 4
20 5
20 48
20 31
20 24
20 1
20 7
20 25
20 30
20 2
20 8
20 39
16
21 3
21 36
21 10
21 18
21 45
21 49
21 17
21 30
21 15
21 44
21 47
21 2
21 31
21 32
21 5
21 4
15
22 49
22 30
22 19
22 10
22 24
22 8
22 17
22 2
22 29
22 21
22 18
22 32
22 33
22 44
22 34
12
23 26
23 30
23 21
23 13
23 43
23 25
23 33
23 24
23 2
23 49
23 3
23 41
18
24 1
24 39
24 4
24 3
24 29
24 16
24 37
24 38
24 47
24 18
24 14
24 34
24 41
24 48
24 28
24 21
24 46
24 49
25
25 22
25 27
25 35
25 34
25 0
25 1
25 5
25 3
25 28
25 38
25 2
25 12
25 26
25 40
25 39
25 37
25 10
25 8
25 32
25 44
25 9
25 47
25 17
25 43
25 31
26
26 37
26 17
26 6
26 31
26 42
26 19
26 24
26 16
26 4
26 47
26 14
26 33
26 20
26 45
26 40
26 36
26 22
26 9
26 30
26 2
26 34
26 5
26 1
26 27
26 43
26 13
21
27 41
27 40
27 28
27 44
27 39
27 21
27 17
27 30
27 37
27 24
27 36
27 34
27 23
27 7
27 22
27 5
27 14
27 8
27 47
27 49
27 45
19
28 30
28 46
28 31
28 38
28 21
28 22
28 4
28 11
28 2
28 13
28 1
28 44
28 35
28 0
28 43
28 12
28 19
28 23
28 33
17
29 28
29 40
29 13
29 18
29 1
29 20
29 6
29 21
29 33
29 4
29 7
29 34
29 15
29 14
29 25
29 47
29 23
16
30 29
30 11
30 39
30 14
30 49
30 37
30 48
30 46
30 13
30 43
30 35
30 10
30 4
30 12
30 25
30 44
18
31 30
31 0
31 5
31 11
31 4
31 46
31 29
31 45
31 7
31 16
31 27
31 34
31 18
31 38
31 35
31 19
31 6
31 41
21
32 38
32 17
32 29
32 20
32 1
32 37
32 12
32 24
32 19
32 6
32 14
32 9
32 5
32 4
32 34
32 41
32 13
32 0
32 16
32 40
32 28
21
33 8
33 11
33 3
33 41
33 19
33 2
33 14
33 47
33 24
33 30
33 21
33 13
33 34
33 10
33 6
33 31
33 48
33 27
33 44
33 37
33 18
18
34 14
34 10
34 2
34 36
34 39
34 30
34 20
34 46
34 6
34 49
34 37
34 0
34 7
34 45
34 15
34 12
34 28
34 38
21
35 40
35 4
35 14
35 3
35 1
35 8
35 34
35 10
35 26
35 17
35 9
35 21
35 2
35 16
35 18
35 22
35 44
35 20
35 48
35 33
35 29
25
36 1
36 8
36 0
36 9
36 39
36 11
36 48
36 31
36 19
36 23
36 25
36 22
36 7
36 41
36 45
36 37
36 14
36 35
36 12
36 20
36 47
36 5
36 15
36 3
36 24
18
37 29
37 14
37 17
37 39
37 6
37 38
37 23
37 2
37 48
37 31
37 47
37 35
37 8
37 49
37 1
37 20
37 28
37 19
14
38 22
38 23
38 35
38 45
38 29
38 11
38 19
38 49
38 15
38 27
38 18
38 42
38 48
38 0
20
39 28
39 45
39 5
39 26
39 17
39 14
39 11
39 31
39 22
39 2
39 13
39 4
39 35
39 21
39 43
39 6
39 1
39 18
39 29
39 42
22
40 8
40 21
40 28
40 20
40 41
40 38
40 45
40 12
40 17
40 10
40 2
40 18
40 6
40 34
40 22
40 30
40 48
40 47
40 39
40 14
40 13
40 31
22
41 44
41 42
41 3
41 17
41 22
41 8
41 1
41 13
41 47
41 15
41 30
41 48
41 39
41 26
41 34
41 29
41 21
41 2
41 38
41 28
41 20
41 25
21
42 1
42 35
42 34
42 40
42 30
42 29
42 6
42 22
42 31
42 4
42 27
42 7
42 0
42 28
42 46
42 47
42 25
42 5
42 45
42 36
42 11
21
43 36
43 34
43 24
43 32
43 10
43 45
43 19
43 21
43 42
43 17
43 22
43 44
43 8
43 3
43 18
43 47
43 35
43 0
43 31
43 11
43 13
16
44 7
44 5
44 37
44 34
44 31
44 32
44 16
44 45
44 23
44 17
44 29
44 40
44 3
44 9
44 26
44 42
20
45 20
45 10
45 18
45 28
45 32
45 16
45 11
45 41
45 37
45 29
45 19
45 4
45 9
45 33
45 46
45 12
45 48
45 23
45 30
45 8
22
46 49
46 3
46 23
46 48
46 13
46 36
46 29
46 25
46 18
46 21
46 6
46 44
46 33
46 15
46 40
46 26
46 4
46 41
46 35
46 39
46 38
46 22
21
47 16
47 17
47 49
47 19
47 18
47 14
47 46
47 34
47 13
47 11
47 39
47 12
47 15
47 5
47 38
47 6
47 31
47 48
47 8
47 4
47 45
14
48 26
48 22
48 43
48 2
48 21
48 18
48 17
48 31
48 25
48 4
48 28
48 11
48 8
48 0
17
49 42
49 31
49 16
49 32
49 26
49 9
49 2
49 45
49 48
49 8
49 44
49 29
49 10
49 7
49 17
49 4
49 35
