50
0 "A34"
1 "A16"
2 "A31"
3 "A23"
4 "A38"
5 "A10"
6 "A8"
7 "A13"
8 "A42"
9 "A46"
10 "A41"
11 "A0"
12 "A18"
13 "A19"
14 "A12"
15 "A2"
16 "A7"
17 "A29"
18 "A43"
19 "A3"
20 "A47"
21 "A17"
22 "A25"
23 "A36"
24 "A1"
25 "A27"
26 "A40"
27 "A28"
28 "A30"
29 "A4"
30 "A32"
31 "A24"
32 "A35"
33 "A39"
34 "A5"
35 "A11"
36 "A6"
37 "A48"
38 "A22"
39 "A49"
40 "A15"
41 "A14"
42 "A44"
43 "A20"
44 "A45"
45 "A33"
46 "A21"
47 "A26"
48 "A37"
49 "A9"
19
0 19
0 8
0 23
0 31
0 20
0 43
0 6
0 34
0 26
0 12
0 32
0 11
0 4
0 41
0 16
0 28
0 22
0 40
0 24
17
1 16
1 12
1 37
1 48
1 38
1 23
1 19
1 11
1 24
1 9
1 21
1 28
1 0
1 3
1 33
1 5
1 17
18
2 41
2 18
2 42
2 49
2 1
2 0
2 38
2 9
2 37
2 48
2 20
2 44
2 24
2 33
2 4
2 21
2 15
2 14
18
3 5
3 34
3 44
3 45
3 17
3 6
3 8
3 12
3 14
3 40
3 43
3 35
3 36
3 11
3 2
3 30
3 0
3 31
22
4 11
4 42
4 10
4 26
4 22
4 1
4 14
4 27
4 33
4 43
4 13
4 34
4 5
4 6
4 16
4 3
4 23
4 12
4 15
4 47
4 38
4 48
15
5 14
5 23
5 41
5 11
5 21
5 22
5 27
5 40
5 8
5 49
5 30
5 33
5 35
5 28
5 32
18
6 33
6 12
6 24
6 48
6 36
6 23
6 45
6 2
6 5
6 49
6 44
6 26
6 40
6 31
6 17
6 18
6 38
6 14
24
7 47
7 42
7 39
7 45
7 5
7 12
7 6
7 31
7 41
7 0
7 27
7 13
7 2
7 37
7 49
7 16
7 25
7 21
7 40
7 43
7 22
7 23
7 20
7 46
15
8 26
8 37
8 24
8 12
8 4
8 19
8 32
8 47
8 9
8 39
8 2
8 14
8 27
8 15
8 36
20
9 32
9 4
9 39
9 43
9 17
9 46
9 21
9 3
9 33
9 45
9 31
9 0
9 37
9 47
9 40
9 44
9 30
9 27
9 28
9 5
20
10 30
10 18
10 23
10 16
10 5
10 20
10 46
10 2
10 36
10 13
10 19
10 44
10 6
10 9
10 1
10 22
10 15
10 25
10 38
10 35
18
11 31
11 2
11 49
11 15
11 19
11 8
11 13
11 24
11 18
11 22
11 29
11 32
11 6
11 23
11 38
11 16
11 14
11 7
19
12 11
12 10
12 36
12 18
12 13
12 44
12 25
12 40
12 27
12 20
12 28
12 38
12 17
12 43
12 32
12 33
12 2
12 46
12 35
22
13 23
13 24
13 40
13 38
13 28
13 43
13 8
13 44
13 49
13 35
13 2
13 42
13 45
13 46
13 14
13 6
13 36
13 16
13 37
13 26
13 0
13 39
13
14 33
14 29
14 16
14 9
14 12
14 42
14 24
14 41
14 1
14 7
14 43
14 37
14 27
22
15 34
15 30
15 14
15 1
15 44
15 45
15 0
15 23
15 35
15 25
15 49
15 24
15 12
15 47
15 28
15 5
15 9
15 13
15 18
15 20
15 19
15 48
20
16 31
16 40
16 45
16 8
16 38
16 20
16 47
16 28
16 5
16 12
16 9
16 3
16 48
16 15
16 23
16 44
16 2
16 17
16 41
16 24
24
17 35
17 45
17 30
17 42
17 11
17 0
17 26
17 38
17 4
17 43
17 5
17 40
17 31
17 21
17 8
17 14
17 39
17 46
17 22
17 28
17 23
17 29
17 20
17 34
22
18 29
18 19
18 9
18 7
18 38
18 8
18 0
18 17
18 35
18 48
18 5
18 1
18 28
18 30
18 42
18 4
18 3
18 49
18 16
18 33
18 31
18 44
24
19 34
19 32
19 25
19 30
19 13
19 12
19 41
19 17
19 3
19 44
19 14
19 38
19 7
19 5
19 2
19 47
19 28
19 23
19 6
19 24
19 33
19 35
19 42
19 39
21
20 4
20 31
20 18
20 44
20 27
20 39
20 14
20 1
20 24
20 9
20 19
20 46
20 23
20 38
20 28
20 43
20 40
20 6
20 30
20 22
20 5
25
21 46
21 42
21 0
21 33
21 40
21 31
21 20
21 4
21 32
21 41
21 15
21 35
21 36
21 22
21 25
21 14
21 30
21 13
21 3
21 19
21 44
21 6
21 27
21 45
21 24
17
22 9
22 28
22 15
22 18
22 6
22 3
22 23
22 45
22 42
22 26
22 29
22 13
22 16
22 36
22 2
22 49
22 14
18
23 21
23 36
23 12
23 44
23 33
23 14
23 2
23 32
23 29
23 46
23 3
23 18
23 40
23 39
23 45
23 24
23 49
23 37
14
24 38
24 43
24 48
24 29
24 10
24 30
24 3
24 7
24 32
24 22
24 9
24 12
24 39
24 17
17
25 47
25 24
25 20
25 36
25 9
25 1
25 31
25 5
25 8
25 26
25 32
25 13
25 2
25 17
25 27
25 3
25 37
20
26 40
26 3
26 2
26 15
26 23
26 7
26 31
26 9
26 42
26 47
26 49
26 10
26 44
26 16
26 29
26 14
26 18
26 12
26 38
26 21
15
27 18
27 17
27 11
27 0
27 43
27 2
27 6
27 42
27 48
27 13
27 19
27 38
27 30
27 33
27 16
24
28 38
28 27
28 14
28 39
28 4
28 10
28 7
28 42
28 43
28 21
28 26
28 29
28 40
28 24
28 8
28 3
28 36
28 33
28 25
28 37
28 41
28 23
28 2
28 45
21
29 20
29 2
29 33
29 9
29 1
29 37
29 15
29 0
29 4
29 12
29 40
29 31
29 45
29 16
29 3
29 21
29 7
29 10
29 36
29 34
29 5
18
30 1
30 32
30 14
30 38
30 29
30 6
30 8
30 2
30 16
30 43
30 7
30 22
30 39
30 36
30 23
30 0
30 25
30 12
20
31 46
31 27
31 15
31 14
31 24
31 13
31 22
31 45
31 12
31 5
31 2
31 28
31 10
31 43
31 1
31 48
31 41
31 19
31 33
31 4
20
32 15
32 14
32 22
32 41
32 37
32 3
32 13
32 18
32 43
32 26
32 4
32 36
32 1
32 20
32 29
32 17
32 6
32 39
32 47
32 27
22
33 17
33 10
33 22
33 35
33 30
33 11
33 34
33 49
33 36
33 45
33 39
33 15
33 13
33 32
33 40
33 44
33 20
33 25
33 42
33 7
33 3
33 0
17
34 18
34 26
34 1
34 9
34 11
34 25
34 37
34 45
34 23
34 31
34 14
34 44
34 10
34 21
34 20
34 22
34 24
23
35 23
35 7
35 16
35 48
35 22
35 31
35 4
35 30
35 44
35 34
35 24
35 47
35 43
35 32
35 25
35 11
35 28
35 27
35 6
35 20
35 29
35 9
35 26
18
36 20
36 2
36 24
36 18
36 39
36 31
36 41
36 34
36 35
36 0
36 4
36 27
36 37
36 9
36 38
36 15
36 5
36 1
23
37 26
37 3
37 49
37 45
37 20
37 44
37 42
37 40
37 17
37 39
37 33
37 5
37 10
37 11
37 16
37 12
37 35
37 19
37 22
37 24
37 4
37 38
37 15
18
38 15
38 46
38 44
38 29
38 33
38 34
38 45
38 3
38 41
38 8
38 22
38 5
38 48
38 35
38 21
38 0
38 14
38 23
19
39 16
39 25
39 2
39 0
39 34
39 4
39 31
39 21
39 1
39 14
39 5
39 18
39 47
39 10
39 6
39 48
39 44
39 46
39 15
19
40 10
40 4
40 19
40 39
40 47
40 42
40 31
40 30
40 36
40 34
40 43
40 22
40 15
40 32
40 8
40 18
40 38
40 25
40 14
24
41 15
41 1
41 13
41 25
41 22
41 24
41 8
41 9
41 4
41 10
41 29
41 30
41 40
41 6
41 20
41 27
41 26
41 11
41 12
41 18
41 17
41 45
41 48
41 39
15
42 41
42 0
42 23
42 24
42 8
42 9
42 36
42 5
42 3
42 44
42 35
42 20
42 32
42 38
42 1
21
43 39
43 23
43 47
43 1
43 16
43 41
43 2
43 45
43 10
43 19
43 5
43 33
43 36
43 46
43 11
43 37
43 49
43 34
43 25
43 26
43 21
17
44 31
44 25
44 24
44 0
44 48
44 43
44 40
44 22
44 49
44 27
44 4
44 7
44 1
44 41
44 36
44 11
44 5
20
45 10
45 35
45 48
45 4
45 18
45 19
45 39
45 8
45 44
45 14
45 47
45 32
45 2
45 11
45 26
45 24
45 5
45 42
45 20
45 0
24
46 6
46 34
46 29
46 8
46 18
46 15
46 40
46 25
46 14
46 24
46 4
46 45
46 2
46 35
46 33
46 49
46 19
46 32
46 44
46 27
46 36
46 47
46 5
46 11
19
47 29
47 33
47 13
47 42
47 30
47 18
47 0
47 20
47 31
47 24
47 21
47 11
47 27
47 22
47 44
47 3
47 41
47 48
47 23
22
48 17
48 32
48 7
48 34
48 5
48 23
48 49
48 42
48 10
48 36
48 29
48 33
48 11
48 28
48 26
48 13
48 8
48 21
48 19
48 40
48 43
48 14
19
49 17
49 39
49 34
49 20
49 42
49 35
49 10
49 3
49 14
49 8
49 45
49 19
49 29
49 9
49 12
49 38
49 16
49 40
49 36
