50
0 "A34"
1 "A16"
2 "A31"
3 "A23"
4 "A38"
5 "A10"
6 "A8"
7 "A13"
8 "A42"
9 "A46"
10 "A41"
11 "A0"
12 "A18"
13 "A19"
14 "A12"
15 "A2"
16 "A7"
17 "A29"
18 "A43"
19 "A3"
20 "A47"
21 "A17"
22 "A25"
23 "A36"
24 "A1"
25 "A27"
26 "A40"
27 "A28"
28 "A30"
29 "A4"
30 "A32"
31 "A24"
32 "A35"
33 "A39"
34 "A5"
35 "A11"
36 "A6"
37 "A48"
38 "A22"
39 "A49"
40 "A15"
41 "A14"
42 "A44"
43 "A20"
44 "A45"
45 "A33"
46 "A21"
47 "A26"
48 "A37"
49 "A9"
18
0 13
0 34
0 9
0 25
0 20
0 21
0 23
0 2
0 10
0 49
0 5
0 19
0 30
0 43
0 41
0 26
0 14
0 27
20
1 19
1 40
1 43
1 4
1 14
1 26
1 20
1 23
1 15
1 46
1 0
1 42
1 17
1 25
1 29
1 11
1 10
1 8
1 45
1 41
26
2 48
2 15
2 8
2 27
2 40
2 46
2 34
2 22
2 37
2 1
2 17
2 32
2 16
2 14
2 11
2 3
2 23
2 42
2 19
2 20
2 43
2 45
2 6
2 30
2 4
2 12
18
3 37
3 16
3 46
3 15
3 21
3 5
3 6
3 30
3 20
3 18
3 48
3 1
3 10
3 35
3 24
3 36
3 25
3 39
23
4 31
4 29
4 38
4 35
4 32
4 27
4 16
4 8
4 42
4 33
4 22
4 15
4 36
4 49
4 39
4 47
4 0
4 26
4 3
4 34
4 48
4 5
4 30
16
5 9
5 32
5 12
5 15
5 7
5 23
5 13
5 44
5 40
5 8
5 16
5 1
5 45
5 2
5 26
5 33
17
6 21
6 27
6 23
6 36
6 19
6 1
6 44
6 45
6 11
6 35
6 42
6 41
6 34
6 33
6 14
6 5
6 47
19
7 43
7 44
7 42
7 39
7 23
7 33
7 24
7 16
7 11
7 47
7 4
7 18
7 35
7 6
7 20
7 48
7 0
7 27
7 34
21
8 42
8 16
8 11
8 7
8 46
8 0
8 39
8 35
8 19
8 9
8 26
8 48
8 34
8 22
8 45
8 3
8 36
8 18
8 23
8 44
8 6
20
9 20
9 35
9 7
9 48
9 24
9 2
9 45
9 18
9 46
9 14
9 1
9 23
9 31
9 3
9 19
9 47
9 26
9 11
9 28
9 37
26
10 42
10 37
10 5
10 9
10 48
10 20
10 27
10 7
10 22
10 26
10 29
10 19
10 24
10 16
10 44
10 17
10 28
10 38
10 11
10 8
10 4
10 14
10 47
10 34
10 45
10 40
15
11 23
11 40
11 43
11 14
11 27
11 39
11 29
11 44
11 3
11 4
11 32
11 38
11 35
11 45
11 0
22
12 4
12 45
12 46
12 29
12 42
12 9
12 7
12 19
12 10
12 28
12 21
12 38
12 40
12 14
12 26
12 18
12 1
12 27
12 44
12 30
12 31
12 13
21
13 26
13 3
13 38
13 33
13 43
13 2
13 46
13 11
13 35
13 1
13 47
13 4
13 21
13 49
13 9
13 28
13 7
13 37
13 6
13 29
13 17
15
14 8
14 34
14 16
14 32
14 30
14 37
14 24
14 29
14 36
14 27
14 5
14 28
14 21
14 13
14 7
26
15 49
15 17
15 30
15 33
15 38
15 29
15 22
15 28
15 24
15 7
15 18
15 27
15 46
15 40
15 8
15 45
15 12
15 26
15 6
15 9
15 0
15 42
15 11
15 48
15 21
15 32
18
16 31
16 41
16 38
16 1
16 45
16 32
16 19
16 46
16 22
16 21
16 18
16 40
16 42
16 9
16 6
16 34
16 23
16 15
20
17 44
17 34
17 38
17 7
17 24
17 25
17 45
17 21
17 42
17 3
17 8
17 33
17 41
17 27
17 40
17 32
17 11
17 4
17 19
17 5
24
18 47
18 22
18 14
18 20
18 41
18 48
18 13
18 19
18 32
18 2
18 11
18 26
18 42
18 17
18 49
18 43
18 6
18 44
18 24
18 21
18 38
18 25
18 31
18 29
17
19 4
19 36
19 47
19 3
19 7
19 24
19 35
19 20
19 42
19 43
19 15
19 37
19 13
19 31
19 48
19 5
19 14
25
20 38
20 8
20 39
20 17
20 46
20 44
20 36
20 13
20 27
20 29
20 32
20 21
20 11
20 45
20 15
20 5
20 30
20 47
20 14
20 25
20 24
20 22
20 12
20 6
20 42
14
21 35
21 33
21 27
21 10
21 8
21 45
21 40
21 38
21 19
21 37
21 7
21 4
21 34
21 2
21
22 14
22 40
22 24
22 23
22 48
22 0
22 19
22 34
22 42
22 3
22 46
22 35
22 13
22 47
22 31
22 33
22 9
22 5
22 7
22 12
22 39
14
23 29
23 39
23 25
23 13
23 24
23 44
23 21
23 41
23 4
23 34
23 31
23 19
23 17
23 15
16
24 16
24 45
24 11
24 35
24 8
24 38
24 6
24 2
24 37
24 27
24 5
24 4
24 34
24 32
24 21
24 12
22
25 33
25 9
25 47
25 5
25 13
25 32
25 15
25 21
25 31
25 24
25 26
25 19
25 11
25 49
25 8
25 4
25 10
25 6
25 16
25 2
25 14
25 12
19
26 37
26 14
26 24
26 34
26 16
26 44
26 32
26 36
26 2
26 35
26 7
26 30
26 11
26 3
26 27
26 23
26 17
26 21
26 22
12
27 16
27 41
27 44
27 22
27 42
27 1
27 47
27 30
27 25
27 49
27 33
27 38
22
28 11
28 49
28 21
28 6
28 30
28 43
28 3
28 35
28 24
28 20
28 33
28 17
28 22
28 2
28 8
28 40
28 4
28 16
28 18
28 38
28 23
28 34
21
29 0
29 19
29 35
29 47
29 17
29 25
29 43
29 30
29 8
29 2
29 27
29 45
29 28
29 41
29 31
29 6
29 40
29 38
29 39
29 7
29 5
23
30 37
30 31
30 21
30 19
30 1
30 24
30 17
30 46
30 25
30 23
30 42
30 13
30 38
30 32
30 22
30 34
30 48
30 35
30 39
30 5
30 33
30 40
30 7
19
31 32
31 14
31 26
31 7
31 47
31 24
31 28
31 27
31 21
31 42
31 6
31 2
31 5
31 17
31 0
31 10
31 43
31 11
31 41
16
32 40
32 9
32 6
32 19
32 8
32 22
32 36
32 34
32 47
32 43
32 12
32 21
32 44
32 28
32 23
32 3
22
33 41
33 32
33 3
33 10
33 2
33 8
33 14
33 49
33 36
33 35
33 16
33 1
33 44
33 39
33 9
33 31
33 18
33 26
33 19
33 0
33 29
33 11
17
34 36
34 40
34 39
34 41
34 11
34 27
34 13
34 47
34 43
34 25
34 12
34 38
34 3
34 18
34 44
34 5
34 20
13
35 41
35 39
35 5
35 49
35 25
35 14
35 18
35 2
35 20
35 17
35 27
35 0
35 15
26
36 42
36 48
36 46
36 13
36 39
36 25
36 21
36 35
36 31
36 23
36 0
36 30
36 44
36 10
36 1
36 2
36 5
36 37
36 15
36 7
36 9
36 11
36 18
36 24
36 41
36 29
18
37 28
37 32
37 6
37 25
37 11
37 27
37 35
37 8
37 33
37 31
37 48
37 45
37 17
37 12
37 0
37 22
37 20
37 34
14
38 8
38 1
38 44
38 39
38 36
38 7
38 35
38 26
38 0
38 33
38 31
38 49
38 3
38 25
20
39 31
39 42
39 10
39 24
39 6
39 18
39 13
39 37
39 15
39 1
39 47
39 16
39 21
39 5
39 32
39 40
39 44
39 27
39 25
39 2
15
40 4
40 14
40 7
40 36
40 0
40 27
40 37
40 44
40 31
40 33
40 25
40 24
40 18
40 46
40 20
23
41 19
41 11
41 4
41 25
41 26
41 3
41 8
41 28
41 46
41 45
41 24
41 39
41 21
41 14
41 22
41 48
41 9
41 37
41 10
41 42
41 38
41 30
41 20
19
42 3
42 45
42 37
42 5
42 32
42 34
42 21
42 0
42 29
42 46
42 25
42 11
42 35
42 23
42 14
42 13
42 26
42 9
42 24
27
43 25
43 3
43 10
43 39
43 40
43 5
43 38
43 30
43 41
43 47
43 12
43 22
43 48
43 4
43 36
43 35
43 17
43 37
43 45
43 15
43 6
43 26
43 8
43 21
43 16
43 20
43 46
19
44 9
44 30
44 37
44 29
44 13
44 15
44 41
44 31
44 47
44 22
44 49
44 19
44 42
44 4
44 1
44 28
44 16
44 25
44 24
16
45 40
45 28
45 39
45 4
45 33
45 3
45 31
45 0
45 19
45 47
45 38
45 34
45 13
45 25
45 23
45 35
20
46 44
46 4
46 24
46 28
46 39
46 7
46 21
46 38
46 35
46 37
46 5
46 48
46 6
46 26
46 34
46 27
46 18
46 17
46 25
46 0
21
47 49
47 3
47 14
47 21
47 12
47 36
47 33
47 37
47 1
47 46
47 0
47 15
47 5
47 26
47 41
47 38
47 35
47 17
47 11
47 2
47 24
19
48 5
48 16
48 32
48 0
48 21
48 17
48 6
48 29
48 25
48 24
48 27
48 38
48 20
48 1
48 42
48 44
48 47
48 33
48 11
25
49 48
49 12
49 7
49 11
49 45
49 22
49 36
49 37
49 46
49 21
49 19
49 34
49 16
49 41
49 30
49 1
49 6
49 5
49 39
49 3
49 14
49 20
49 29
49 17
49 40
