50
0 "A13"
1 "A17"
2 "A14"
3 "A20"
4 "A43"
5 "A29"
6 "A33"
7 "A7"
8 "A15"
9 "A49"
10 "A47"
11 "A44"
12 "A0"
13 "A2"
14 "A36"
15 "A24"
16 "A19"
17 "A46"
18 "A4"
19 "A28"
20 "A40"
21 "A10"
22 "A22"
23 "A23"
24 "A12"
25 "A42"
26 "A3"
27 "A11"
28 "A48"
29 "A5"
30 "A6"
31 "A8"
32 "A27"
33 "A35"
34 "A41"
35 "A26"
36 "A9"
37 "A31"
38 "A25"
39 "A21"
40 "A37"
41 "A16"
42 "A34"
43 "A32"
44 "A30"
45 "A38"
46 "A1"
47 "A18"
48 "A39"
49 "A45"
20
0 1
0 49
0 39
0 5
0 25
0 28
0 34
0 37
0 43
0 46
0 21
0 11
0 44
0 36
0 38
0 47
0 27
0 7
0 17
0 16
22
1 15
1 29
1 39
1 17
1 18
1 25
1 6
1 5
1 12
1 4
1 35
1 20
1 11
1 26
1 9
1 33
1 27
1 34
1 19
1 32
1 22
1 48
18
2 15
2 22
2 34
2 44
2 23
2 1
2 28
2 10
2 37
2 45
2 32
2 33
2 26
2 0
2 18
2 4
2 31
2 12
22
3 37
3 20
3 46
3 1
3 2
3 0
3 18
3 12
3 13
3 22
3 49
3 25
3 35
3 36
3 39
3 9
3 40
3 4
3 32
3 29
3 41
3 10
13
4 0
4 33
4 29
4 45
4 13
4 21
4 32
4 46
4 39
4 34
4 24
4 8
4 48
16
5 26
5 17
5 31
5 9
5 43
5 27
5 13
5 12
5 18
5 10
5 7
5 6
5 4
5 32
5 30
5 23
22
6 14
6 31
6 9
6 0
6 39
6 13
6 8
6 7
6 25
6 17
6 16
6 27
6 42
6 43
6 24
6 4
6 26
6 34
6 19
6 29
6 30
6 37
22
7 37
7 20
7 18
7 14
7 4
7 16
7 49
7 32
7 1
7 22
7 3
7 41
7 15
7 11
7 24
7 45
7 29
7 23
7 2
7 44
7 17
7 39
21
8 42
8 2
8 25
8 45
8 28
8 46
8 3
8 1
8 39
8 5
8 34
8 33
8 37
8 30
8 0
8 9
8 14
8 35
8 27
8 13
8 7
20
9 37
9 40
9 22
9 4
9 18
9 32
9 46
9 28
9 7
9 14
9 13
9 20
9 25
9 21
9 0
9 11
9 42
9 34
9 2
9 24
20
10 28
10 21
10 49
10 46
10 26
10 27
10 6
10 20
10 8
10 45
10 9
10 42
10 43
10 36
10 30
10 35
10 7
10 33
10 22
10 17
22
11 24
11 39
11 27
11 10
11 37
11 28
11 15
11 22
11 16
11 4
11 33
11 13
11 47
11 38
11 5
11 30
11 19
11 8
11 42
11 17
11 46
11 18
22
12 7
12 22
12 29
12 26
12 19
12 11
12 41
12 10
12 38
12 18
12 15
12 47
12 37
12 39
12 8
12 49
12 13
12 9
12 44
12 24
12 16
12 4
15
13 23
13 34
13 41
13 44
13 36
13 35
13 19
13 0
13 2
13 14
13 22
13 43
13 30
13 26
13 48
18
14 29
14 39
14 1
14 11
14 31
14 25
14 44
14 23
14 10
14 18
14 35
14 28
14 22
14 46
14 27
14 37
14 49
14 12
19
15 13
15 16
15 38
15 3
15 33
15 21
15 27
15 20
15 14
15 46
15 9
15 5
15 45
15 24
15 17
15 25
15 6
15 10
15 19
22
16 44
16 33
16 21
16 14
16 13
16 9
16 43
16 29
16 4
16 28
16 22
16 36
16 27
16 10
16 46
16 17
16 8
16 38
16 39
16 42
16 37
16 31
19
17 13
17 41
17 12
17 24
17 9
17 8
17 19
17 14
17 42
17 18
17 36
17 35
17 40
17 30
17 39
17 26
17 37
17 29
17 28
18
18 4
18 27
18 45
18 35
18 44
18 33
18 21
18 31
18 40
18 46
18 43
18 19
18 8
18 15
18 6
18 26
18 34
18 23
24
19 32
19 28
19 49
19 33
19 24
19 8
19 2
19 35
19 45
19 38
19 10
19 9
19 37
19 36
19 7
19 4
19 25
19 23
19 47
19 5
19 0
19 14
19 29
19 34
19
20 32
20 27
20 28
20 40
20 8
20 38
20 29
20 12
20 0
20 18
20 46
20 33
20 17
20 16
20 4
20 24
20 47
20 19
20 5
20
21 20
21 6
21 14
21 49
21 34
21 2
21 3
21 43
21 40
21 37
21 46
21 19
21 45
21 13
21 22
21 48
21 17
21 1
21 30
21 35
19
22 39
22 17
22 44
22 0
22 47
22 24
22 26
22 35
22 32
22 37
22 49
22 5
22 34
22 18
22 15
22 36
22 27
22 20
22 29
19
23 45
23 3
23 12
23 46
23 17
23 21
23 0
23 15
23 44
23 10
23 25
23 48
23 26
23 22
23 9
23 29
23 4
23 8
23 20
19
24 23
24 33
24 18
24 10
24 31
24 29
24 48
24 37
24 8
24 13
24 49
24 27
24 16
24 45
24 0
24 34
24 32
24 3
24 21
18
25 20
25 34
25 21
25 28
25 13
25 4
25 10
25 12
25 16
25 47
25 33
25 40
25 7
25 37
25 17
25 5
25 31
25 36
17
26 8
26 0
26 44
26 48
26 21
26 49
26 27
26 43
26 20
26 4
26 28
26 32
26 38
26 24
26 3
26 31
26 15
20
27 49
27 2
27 44
27 28
27 17
27 13
27 23
27 9
27 45
27 31
27 35
27 32
27 19
27 37
27 4
27 34
27 3
27 39
27 30
27 29
16
28 12
28 29
28 34
28 33
28 23
28 49
28 6
28 15
28 7
28 38
28 21
28 40
28 5
28 35
28 47
28 1
20
29 31
29 49
29 8
29 41
29 30
29 40
29 10
29 35
29 32
29 11
29 37
29 36
29 18
29 47
29 26
29 2
29 33
29 9
29 0
29 13
20
30 24
30 1
30 40
30 28
30 35
30 46
30 22
30 9
30 14
30 15
30 33
30 31
30 18
30 49
30 2
30 7
30 37
30 4
30 26
30 25
20
31 12
31 20
31 34
31 17
31 1
31 11
31 38
31 33
31 0
31 44
31 43
31 15
31 13
31 46
31 9
31 7
31 3
31 49
31 22
31 4
21
32 36
32 47
32 46
32 37
32 41
32 23
32 12
32 45
32 11
32 30
32 13
32 31
32 43
32 6
32 17
32 10
32 8
32 28
32 25
32 18
32 0
20
33 0
33 39
33 26
33 21
33 43
33 36
33 46
33 7
33 6
33 23
33 5
33 17
33 3
33 22
33 14
33 27
33 48
33 13
33 45
33 42
21
34 15
34 45
34 20
34 36
34 10
34 3
34 38
34 48
34 49
34 33
34 46
34 40
34 23
34 42
34 32
34 5
34 41
34 7
34 30
34 26
34 12
13
35 11
35 23
35 43
35 25
35 24
35 45
35 16
35 40
35 5
35 26
35 12
35 15
35 49
21
36 23
36 24
36 31
36 12
36 20
36 26
36 7
36 42
36 35
36 44
36 45
36 8
36 6
36 46
36 47
36 38
36 5
36 4
36 14
36 18
36 48
13
37 18
37 34
37 15
37 23
37 20
37 33
37 28
37 38
37 1
37 13
37 42
37 5
37 10
24
38 47
38 35
38 46
38 6
38 14
38 3
38 41
38 4
38 21
38 5
38 42
38 30
38 8
38 18
38 32
38 13
38 25
38 45
38 9
38 2
38 33
38 7
38 40
38 22
25
39 40
39 46
39 5
39 29
39 28
39 31
39 44
39 10
39 15
39 18
39 21
39 26
39 2
39 37
39 25
39 23
39 47
39 20
39 35
39 13
39 32
39 36
39 30
39 38
39 42
22
40 45
40 32
40 33
40 0
40 14
40 8
40 12
40 43
40 31
40 41
40 19
40 2
40 23
40 15
40 37
40 11
40 6
40 42
40 44
40 1
40 16
40 36
22
41 11
41 20
41 37
41 26
41 1
41 36
41 30
41 8
41 16
41 44
41 4
41 9
41 46
41 49
41 14
41 27
41 23
41 39
41 0
41 19
41 47
41 18
22
42 18
42 19
42 48
42 21
42 5
42 2
42 0
42 26
42 1
42 23
42 15
42 35
42 25
42 44
42 13
42 30
42 29
42 49
42 27
42 47
42 32
42 41
18
43 9
43 45
43 1
43 27
43 14
43 34
43 2
43 46
43 25
43 22
43 19
43 39
43 20
43 44
43 4
43 42
43 17
43 38
20
44 21
44 1
44 11
44 5
44 25
44 49
44 34
44 38
44 15
44 37
44 48
44 47
44 17
44 32
44 10
44 3
44 19
44 45
44 24
44 35
16
45 3
45 17
45 0
45 30
45 28
45 22
45 25
45 12
45 48
45 49
45 1
45 37
45 26
45 16
45 20
45 11
12
46 29
46 2
46 22
46 27
46 6
46 24
46 42
46 37
46 35
46 25
46 49
46 45
24
47 5
47 16
47 24
47 33
47 34
47 23
47 18
47 6
47 31
47 37
47 17
47 21
47 35
47 14
47 45
47 10
47 8
47 13
47 1
47 30
47 26
47 9
47 15
47 4
25
48 38
48 41
48 35
48 20
48 16
48 17
48 47
48 49
48 32
48 0
48 2
48 27
48 25
48 12
48 14
48 40
48 5
48 43
48 46
48 37
48 39
48 18
48 15
48 6
48 10
19
49 11
49 4
49 38
49 47
49 6
49 13
49 1
49 33
49 25
49 2
49 9
49 17
49 43
49 40
49 15
49 36
49 23
49 18
49 16
