50
0 "A13"
1 "A17"
2 "A14"
3 "A20"
4 "A43"
5 "A29"
6 "A33"
7 "A7"
8 "A15"
9 "A49"
10 "A47"
11 "A44"
12 "A0"
13 "A2"
14 "A36"
15 "A24"
16 "A19"
17 "A46"
18 "A4"
19 "A28"
20 "A40"
21 "A10"
22 "A22"
23 "A23"
24 "A12"
25 "A42"
26 "A3"
27 "A11"
28 "A48"
29 "A5"
30 "A6"
31 "A8"
32 "A27"
33 "A35"
34 "A41"
35 "A26"
36 "A9"
37 "A31"
38 "A25"
39 "A21"
40 "A37"
41 "A16"
42 "A34"
43 "A32"
44 "A30"
45 "A38"
46 "A1"
47 "A18"
48 "A39"
49 "A45"
19
0 22
0 27
0 9
0 15
0 17
0 7
0 32
0 45
0 5
0 28
0 23
0 13
0 4
0 30
0 41
0 42
0 6
0 38
0 11
19
1 23
1 0
1 42
1 13
1 18
1 10
1 4
1 8
1 26
1 40
1 22
1 12
1 45
1 39
1 44
1 38
1 48
1 25
1 20
15
2 0
2 13
2 21
2 7
2 28
2 45
2 18
2 31
2 44
2 32
2 29
2 4
2 10
2 22
2 30
17
3 17
3 1
3 8
3 43
3 45
3 13
3 38
3 2
3 20
3 23
3 35
3 44
3 36
3 10
3 28
3 22
3 31
16
4 29
4 25
4 40
4 27
4 21
4 23
4 39
4 36
4 17
4 22
4 12
4 14
4 47
4 41
4 42
4 26
24
5 6
5 28
5 42
5 30
5 49
5 12
5 3
5 26
5 14
5 36
5 1
5 10
5 8
5 31
5 20
5 33
5 11
5 29
5 40
5 46
5 45
5 2
5 25
5 23
21
6 42
6 29
6 7
6 49
6 13
6 4
6 28
6 40
6 14
6 45
6 24
6 30
6 47
6 37
6 38
6 21
6 27
6 3
6 1
6 25
6 20
24
7 43
7 3
7 18
7 42
7 30
7 20
7 13
7 1
7 23
7 35
7 10
7 41
7 11
7 9
7 28
7 22
7 32
7 12
7 38
7 4
7 5
7 17
7 47
7 19
24
8 41
8 2
8 16
8 38
8 15
8 4
8 47
8 33
8 39
8 21
8 27
8 6
8 13
8 24
8 45
8 43
8 42
8 23
8 12
8 34
8 40
8 11
8 7
8 18
20
9 39
9 3
9 46
9 31
9 5
9 13
9 41
9 4
9 32
9 38
9 37
9 1
9 45
9 15
9 14
9 47
9 6
9 2
9 21
9 24
18
10 37
10 29
10 19
10 23
10 40
10 34
10 9
10 24
10 25
10 32
10 39
10 43
10 41
10 28
10 17
10 47
10 4
10 6
16
11 22
11 20
11 9
11 39
11 12
11 23
11 10
11 40
11 41
11 21
11 32
11 27
11 42
11 4
11 3
11 38
21
12 24
12 15
12 28
12 29
12 31
12 2
12 21
12 34
12 23
12 10
12 48
12 47
12 6
12 3
12 27
12 39
12 18
12 20
12 43
12 9
12 40
19
13 12
13 22
13 49
13 21
13 30
13 46
13 37
13 29
13 18
13 10
13 5
13 36
13 19
13 42
13 45
13 47
13 14
13 17
13 20
21
14 17
14 36
14 21
14 3
14 29
14 23
14 27
14 0
14 44
14 18
14 47
14 8
14 32
14 34
14 24
14 46
14 22
14 10
14 16
14 1
14 40
19
15 14
15 6
15 21
15 35
15 41
15 27
15 42
15 31
15 36
15 7
15 19
15 13
15 37
15 3
15 46
15 32
15 38
15 47
15 5
24
16 5
16 2
16 21
16 24
16 40
16 31
16 22
16 4
16 33
16 20
16 36
16 42
16 35
16 47
16 28
16 10
16 3
16 45
16 9
16 0
16 48
16 1
16 15
16 7
20
17 46
17 49
17 27
17 2
17 38
17 31
17 8
17 12
17 15
17 22
17 40
17 42
17 9
17 44
17 36
17 35
17 24
17 5
17 30
17 23
18
18 23
18 15
18 4
18 3
18 22
18 9
18 5
18 11
18 0
18 16
18 33
18 48
18 32
18 43
18 27
18 47
18 6
18 36
28
19 12
19 38
19 37
19 40
19 0
19 39
19 36
19 16
19 18
19 41
19 29
19 44
19 3
19 20
19 23
19 32
19 1
19 4
19 11
19 5
19 47
19 35
19 22
19 9
19 14
19 24
19 42
19 26
16
20 2
20 31
20 45
20 14
20 48
20 21
20 9
20 17
20 42
20 4
20 15
20 39
20 10
20 43
20 18
20 37
17
21 41
21 17
21 0
21 1
21 3
21 46
21 34
21 24
21 7
21 18
21 28
21 23
21 5
21 32
21 25
21 45
21 19
19
22 5
22 31
22 42
22 27
22 41
22 21
22 44
22 9
22 20
22 29
22 12
22 24
22 26
22 35
22 10
22 37
22 8
22 47
22 33
12
23 47
23 44
23 46
23 6
23 15
23 43
23 40
23 32
23 41
23 42
23 9
23 24
19
24 26
24 45
24 30
24 3
24 5
24 18
24 46
24 7
24 15
24 0
24 32
24 27
24 4
24 2
24 47
24 13
24 20
24 28
24 11
22
25 22
25 24
25 46
25 8
25 29
25 15
25 16
25 23
25 9
25 17
25 39
25 12
25 19
25 14
25 37
25 26
25 3
25 44
25 11
25 27
25 30
25 7
23
26 16
26 13
26 44
26 45
26 9
26 8
26 40
26 35
26 14
26 3
26 33
26 12
26 31
26 2
26 20
26 42
26 30
26 27
26 39
26 10
26 18
26 11
26 23
14
27 19
27 9
27 37
27 44
27 21
27 28
27 16
27 10
27 41
27 39
27 49
27 7
27 45
27 43
13
28 34
28 36
28 11
28 22
28 1
28 26
28 47
28 48
28 44
28 9
28 29
28 20
28 14
24
29 33
29 9
29 47
29 27
29 48
29 24
29 31
29 37
29 32
29 40
29 7
29 20
29 1
29 16
29 26
29 8
29 11
29 38
29 0
29 21
29 30
29 3
29 23
29 41
18
30 15
30 27
30 42
30 11
30 21
30 40
30 10
30 9
30 41
30 8
30 16
30 19
30 14
30 12
30 37
30 4
30 47
30 28
18
31 19
31 14
31 25
31 35
31 7
31 13
31 23
31 28
31 6
31 18
31 21
31 47
31 4
31 32
31 11
31 33
31 24
31 1
19
32 20
32 34
32 46
32 40
32 3
32 13
32 5
32 25
32 22
32 27
32 30
32 43
32 35
32 6
32 17
32 26
32 8
32 39
32 28
21
33 10
33 7
33 37
33 12
33 25
33 28
33 49
33 2
33 19
33 11
33 23
33 35
33 40
33 6
33 1
33 13
33 3
33 27
33 30
33 21
33 9
23
34 49
34 11
34 24
34 18
34 7
34 6
34 45
34 3
34 27
34 30
34 33
34 1
34 42
34 23
34 25
34 19
34 31
34 41
34 17
34 2
34 47
34 20
34 4
18
35 20
35 29
35 30
35 40
35 39
35 6
35 13
35 25
35 23
35 27
35 10
35 0
35 5
35 48
35 11
35 4
35 2
35 42
25
36 0
36 12
36 34
36 45
36 32
36 29
36 21
36 31
36 30
36 33
36 9
36 37
36 1
36 41
36 23
36 35
36 38
36 20
36 11
36 24
36 27
36 2
36 10
36 43
36 25
23
37 44
37 39
37 49
37 2
37 35
37 18
37 26
37 5
37 1
37 38
37 32
37 28
37 11
37 12
37 4
37 31
37 7
37 0
37 3
37 16
37 24
37 8
37 21
17
38 27
38 14
38 13
38 31
38 35
38 5
38 23
38 48
38 21
38 12
38 46
38 33
38 28
38 10
38 39
38 2
38 34
20
39 18
39 46
39 7
39 36
39 21
39 5
39 15
39 2
39 29
39 47
39 41
39 14
39 30
39 17
39 3
39 23
39 13
39 33
39 6
39 40
16
40 47
40 24
40 41
40 25
40 0
40 37
40 27
40 21
40 15
40 7
40 45
40 31
40 20
40 42
40 9
40 34
16
41 37
41 14
41 20
41 24
41 16
41 49
41 47
41 17
41 28
41 31
41 3
41 38
41 33
41 26
41 6
41 46
19
42 49
42 39
42 31
42 43
42 38
42 28
42 2
42 44
42 18
42 14
42 32
42 24
42 3
42 47
42 9
42 21
42 25
42 10
42 12
19
43 44
43 17
43 4
43 40
43 33
43 35
43 15
43 31
43 5
43 37
43 0
43 21
43 6
43 2
43 47
43 34
43 41
43 46
43 9
19
44 30
44 38
44 4
44 45
44 9
44 32
44 36
44 5
44 31
44 11
44 29
44 20
44 34
44 35
44 49
44 12
44 41
44 8
44 39
21
45 32
45 33
45 30
45 46
45 17
45 18
45 35
45 38
45 15
45 25
45 11
45 49
45 47
45 42
45 41
45 48
45 39
45 43
45 7
45 31
45 19
21
46 18
46 36
46 20
46 1
46 49
46 16
46 22
46 35
46 34
46 28
46 31
46 4
46 2
46 8
46 27
46 29
46 30
46 37
46 33
46 40
46 10
18
47 1
47 48
47 11
47 17
47 37
47 32
47 26
47 25
47 36
47 3
47 0
47 49
47 2
47 44
47 5
47 46
47 35
47 20
26
48 10
48 21
48 15
48 30
48 23
48 26
48 37
48 8
48 44
48 41
48 13
48 43
48 40
48 27
48 22
48 33
48 24
48 0
48 34
48 2
48 6
48 25
48 14
48 4
48 9
48 11
21
49 38
49 25
49 31
49 20
49 11
49 2
49 36
49 4
49 9
49 3
49 8
49 28
49 22
49 21
49 24
49 32
49 48
49 14
49 40
49 43
49 26
