50
0 "A10"
1 "A22"
2 "A43"
3 "A1"
4 "A20"
5 "A21"
6 "A0"
7 "A3"
8 "A26"
9 "A2"
10 "A42"
11 "A11"
12 "A45"
13 "A17"
14 "A29"
15 "A33"
16 "A30"
17 "A31"
18 "A6"
19 "A8"
20 "A37"
21 "A40"
22 "A12"
23 "A19"
24 "A15"
25 "A7"
26 "A9"
27 "A25"
28 "A23"
29 "A46"
30 "A47"
31 "A48"
32 "A13"
33 "A4"
34 "A32"
35 "A24"
36 "A36"
37 "A5"
38 "A49"
39 "A38"
40 "A18"
41 "A28"
42 "A44"
43 "A35"
44 "A34"
45 "A16"
46 "A27"
47 "A41"
48 "A39"
49 "A14"
24
0 1
0 48
0 31
0 11
0 2
0 16
0 36
0 35
0 18
0 39
0 12
0 40
0 41
0 19
0 42
0 15
0 37
0 45
0 10
0 22
0 24
0 6
0 9
0 4
26
1 27
1 34
1 13
1 35
1 9
1 7
1 18
1 40
1 21
1 20
1 16
1 47
1 4
1 28
1 38
1 3
1 39
1 36
1 37
1 44
1 6
1 5
1 49
1 45
1 46
1 2
22
2 46
2 43
2 34
2 22
2 3
2 23
2 28
2 47
2 49
2 40
2 21
2 5
2 38
2 6
2 48
2 24
2 20
2 31
2 12
2 37
2 36
2 15
17
3 12
3 41
3 48
3 6
3 40
3 14
3 26
3 23
3 22
3 9
3 20
3 46
3 44
3 49
3 19
3 31
3 36
18
4 2
4 6
4 33
4 36
4 8
4 19
4 30
4 9
4 27
4 48
4 20
4 23
4 43
4 10
4 3
4 25
4 12
4 29
20
5 6
5 4
5 28
5 24
5 40
5 0
5 33
5 49
5 48
5 37
5 23
5 18
5 45
5 22
5 26
5 47
5 8
5 36
5 20
5 21
16
6 47
6 17
6 42
6 7
6 10
6 13
6 38
6 49
6 41
6 40
6 11
6 28
6 9
6 43
6 29
6 44
19
7 17
7 34
7 21
7 4
7 11
7 29
7 46
7 35
7 24
7 16
7 27
7 42
7 19
7 5
7 37
7 10
7 12
7 2
7 47
12
8 44
8 0
8 33
8 1
8 38
8 3
8 43
8 40
8 13
8 21
8 12
8 7
20
9 11
9 5
9 44
9 36
9 22
9 35
9 23
9 41
9 31
9 15
9 14
9 37
9 42
9 26
9 47
9 39
9 43
9 24
9 16
9 17
14
10 44
10 37
10 39
10 27
10 9
10 23
10 29
10 1
10 3
10 2
10 11
10 32
10 47
10 24
19
11 2
11 5
11 4
11 21
11 48
11 28
11 17
11 3
11 33
11 34
11 49
11 36
11 14
11 1
11 18
11 25
11 31
11 39
11 27
12
12 11
12 49
12 28
12 15
12 21
12 39
12 17
12 14
12 45
12 48
12 25
12 5
20
13 44
13 22
13 10
13 21
13 3
13 20
13 45
13 49
13 37
13 26
13 0
13 23
13 17
13 2
13 39
13 27
13 12
13 5
13 32
13 38
17
14 42
14 6
14 13
14 45
14 4
14 38
14 2
14 19
14 29
14 43
14 48
14 0
14 47
14 5
14 10
14 7
14 1
21
15 6
15 29
15 34
15 8
15 19
15 24
15 32
15 23
15 39
15 48
15 10
15 41
15 14
15 43
15 20
15 45
15 7
15 16
15 25
15 38
15 11
24
16 40
16 36
16 5
16 11
16 27
16 30
16 39
16 6
16 13
16 31
16 22
16 43
16 10
16 44
16 24
16 14
16 3
16 8
16 38
16 49
16 19
16 2
16 34
16 35
28
17 2
17 4
17 38
17 20
17 16
17 44
17 24
17 32
17 15
17 33
17 3
17 25
17 8
17 48
17 49
17 43
17 5
17 30
17 36
17 10
17 46
17 45
17 40
17 47
17 1
17 23
17 37
17 19
16
18 8
18 48
18 40
18 2
18 46
18 14
18 23
18 12
18 35
18 34
18 42
18 7
18 6
18 16
18 17
18 36
19
19 43
19 2
19 49
19 20
19 48
19 18
19 41
19 9
19 8
19 37
19 47
19 25
19 46
19 1
19 11
19 28
19 42
19 40
19 33
22
20 27
20 8
20 25
20 33
20 43
20 12
20 7
20 34
20 37
20 11
20 14
20 26
20 23
20 9
20 30
20 10
20 21
20 42
20 38
20 6
20 46
20 39
20
21 34
21 6
21 22
21 39
21 44
21 14
21 30
21 47
21 10
21 0
21 45
21 4
21 17
21 43
21 38
21 3
21 35
21 28
21 9
21 19
18
22 15
22 32
22 8
22 47
22 11
22 7
22 49
22 19
22 48
22 35
22 10
22 29
22 1
22 25
22 31
22 20
22 40
22 14
15
23 8
23 25
23 43
23 19
23 21
23 11
23 48
23 37
23 46
23 28
23 26
23 22
23 24
23 30
23 6
17
24 6
24 13
24 41
24 11
24 38
24 19
24 46
24 14
24 32
24 18
24 21
24 43
24 48
24 25
24 20
24 12
24 1
23
25 38
25 39
25 2
25 6
25 27
25 3
25 13
25 41
25 0
25 31
25 30
25 14
25 35
25 16
25 10
25 8
25 26
25 5
25 29
25 47
25 1
25 7
25 43
18
26 27
26 42
26 30
26 32
26 29
26 21
26 19
26 8
26 18
26 24
26 1
26 16
26 0
26 17
26 36
26 4
26 45
26 46
22
27 41
27 6
27 45
27 21
27 8
27 43
27 15
27 18
27 40
27 3
27 32
27 34
27 48
27 37
27 14
27 12
27 46
27 28
27 38
27 24
27 17
27 22
25
28 24
28 30
28 45
28 49
28 20
28 42
28 48
28 47
28 18
28 34
28 4
28 40
28 8
28 33
28 14
28 15
28 3
28 25
28 13
28 38
28 7
28 10
28 36
28 22
28 32
19
29 12
29 36
29 3
29 18
29 8
29 20
29 9
29 38
29 17
29 11
29 19
29 43
29 37
29 30
29 1
29 39
29 21
29 23
29 45
20
30 27
30 7
30 11
30 32
30 12
30 44
30 6
30 45
30 18
30 14
30 10
30 8
30 13
30 15
30 19
30 24
30 36
30 22
30 9
30 37
24
31 49
31 1
31 6
31 28
31 26
31 47
31 29
31 10
31 32
31 5
31 45
31 37
31 40
31 23
31 4
31 41
31 12
31 20
31 27
31 36
31 48
31 17
31 21
31 46
18
32 42
32 47
32 3
32 33
32 18
32 20
32 21
32 11
32 44
32 2
32 23
32 35
32 36
32 16
32 4
32 12
32 29
32 34
21
33 0
33 18
33 45
33 42
33 10
33 14
33 9
33 16
33 36
33 47
33 26
33 37
33 22
33 24
33 13
33 30
33 6
33 1
33 23
33 46
33 43
21
34 48
34 24
34 29
34 35
34 6
34 5
34 17
34 10
34 44
34 31
34 19
34 13
34 23
34 12
34 0
34 14
34 41
34 4
34 9
34 25
34 40
28
35 8
35 17
35 29
35 47
35 42
35 11
35 40
35 28
35 27
35 19
35 4
35 48
35 24
35 46
35 37
35 3
35 23
35 31
35 10
35 39
35 14
35 5
35 45
35 26
35 12
35 33
35 20
35 38
19
36 27
36 47
36 43
36 46
36 49
36 19
36 6
36 24
36 10
36 37
36 7
36 8
36 23
36 45
36 44
36 41
36 13
36 14
36 15
14
37 44
37 14
37 24
37 45
37 32
37 12
37 16
37 11
37 48
37 8
37 21
37 26
37 34
37 6
21
38 45
38 37
38 18
38 26
38 23
38 5
38 30
38 0
38 31
38 39
38 9
38 48
38 4
38 10
38 34
38 19
38 22
38 3
38 12
38 46
38 36
19
39 48
39 28
39 19
39 24
39 33
39 37
39 14
39 36
39 5
39 32
39 30
39 17
39 34
39 8
39 26
39 18
39 31
39 2
39 41
20
40 7
40 20
40 33
40 12
40 38
40 32
40 23
40 25
40 26
40 13
40 4
40 21
40 14
40 45
40 49
40 36
40 24
40 41
40 47
40 37
22
41 22
41 11
41 48
41 4
41 13
41 7
41 16
41 29
41 23
41 17
41 26
41 10
41 49
41 14
41 28
41 37
41 30
41 12
41 8
41 18
41 45
41 5
23
42 25
42 1
42 36
42 37
42 15
42 3
42 16
42 11
42 5
42 10
42 44
42 41
42 8
42 29
42 45
42 34
42 46
42 17
42 39
42 31
42 30
42 4
42 40
22
43 34
43 40
43 37
43 47
43 26
43 7
43 35
43 10
43 38
43 45
43 28
43 12
43 5
43 11
43 39
43 32
43 0
43 42
43 3
43 41
43 31
43 22
15
44 22
44 31
44 14
44 35
44 43
44 12
44 18
44 19
44 25
44 15
44 27
44 48
44 0
44 26
44 2
12
45 49
45 7
45 32
45 48
45 4
45 24
45 25
45 6
45 47
45 18
45 20
45 46
21
46 4
46 6
46 49
46 13
46 40
46 25
46 39
46 16
46 8
46 5
46 10
46 0
46 48
46 34
46 15
46 12
46 21
46 30
46 9
46 43
46 29
18
47 44
47 4
47 3
47 18
47 23
47 49
47 24
47 0
47 37
47 46
47 15
47 16
47 29
47 34
47 8
47 13
47 11
47 12
16
48 7
48 25
48 8
48 13
48 47
48 32
48 10
48 26
48 9
48 42
48 43
48 29
48 33
48 16
48 36
48 40
23
49 24
49 21
49 18
49 39
49 29
49 15
49 34
49 8
49 33
49 7
49 32
49 30
49 44
49 48
49 0
49 4
49 35
49 38
49 27
49 25
49 37
49 10
49 14
