50
0 "A10"
1 "A22"
2 "A43"
3 "A1"
4 "A20"
5 "A21"
6 "A0"
7 "A3"
8 "A26"
9 "A2"
10 "A42"
11 "A11"
12 "A45"
13 "A17"
14 "A29"
15 "A33"
16 "A30"
17 "A31"
18 "A6"
19 "A8"
20 "A37"
21 "A40"
22 "A12"
23 "A19"
24 "A15"
25 "A7"
26 "A9"
27 "A25"
28 "A23"
29 "A46"
30 "A47"
31 "A48"
32 "A13"
33 "A4"
34 "A32"
35 "A24"
36 "A36"
37 "A5"
38 "A49"
39 "A38"
40 "A18"
41 "A28"
42 "A44"
43 "A35"
44 "A34"
45 "A16"
46 "A27"
47 "A41"
48 "A39"
49 "A14"
19
0 19
0 25
0 42
0 17
0 45
0 30
0 44
0 13
0 38
0 23
0 33
0 46
0 20
0 11
0 47
0 8
0 40
0 15
0 26
15
1 21
1 33
1 11
1 10
1 30
1 18
1 25
1 2
1 13
1 34
1 43
1 14
1 5
1 31
1 32
25
2 4
2 33
2 9
2 10
2 13
2 23
2 15
2 47
2 38
2 3
2 14
2 49
2 0
2 19
2 46
2 32
2 31
2 25
2 48
2 30
2 27
2 24
2 43
2 5
2 39
26
3 48
3 44
3 22
3 10
3 14
3 17
3 12
3 5
3 42
3 35
3 46
3 37
3 28
3 0
3 31
3 20
3 24
3 36
3 26
3 16
3 30
3 7
3 32
3 6
3 18
3 33
22
4 42
4 19
4 1
4 0
4 25
4 33
4 34
4 22
4 24
4 17
4 14
4 41
4 39
4 37
4 6
4 38
4 45
4 10
4 28
4 21
4 23
4 44
17
5 0
5 20
5 19
5 22
5 15
5 49
5 14
5 13
5 11
5 29
5 39
5 9
5 6
5 44
5 4
5 34
5 33
22
6 46
6 9
6 40
6 30
6 44
6 48
6 23
6 29
6 22
6 24
6 39
6 49
6 41
6 38
6 16
6 19
6 42
6 17
6 35
6 20
6 18
6 0
19
7 1
7 9
7 4
7 14
7 20
7 36
7 17
7 39
7 37
7 8
7 29
7 15
7 6
7 5
7 30
7 0
7 31
7 34
7 42
16
8 6
8 21
8 2
8 43
8 40
8 18
8 35
8 27
8 5
8 19
8 4
8 3
8 39
8 20
8 36
8 14
20
9 45
9 32
9 20
9 13
9 4
9 40
9 19
9 0
9 47
9 48
9 34
9 1
9 49
9 12
9 29
9 8
9 33
9 3
9 22
9 18
22
10 29
10 0
10 31
10 11
10 17
10 22
10 12
10 8
10 48
10 13
10 27
10 9
10 36
10 24
10 6
10 18
10 47
10 45
10 5
10 7
10 44
10 14
19
11 2
11 28
11 8
11 49
11 23
11 9
11 30
11 33
11 26
11 19
11 32
11 22
11 42
11 14
11 6
11 17
11 41
11 35
11 7
23
12 18
12 15
12 13
12 43
12 30
12 28
12 1
12 39
12 7
12 20
12 17
12 8
12 22
12 19
12 2
12 33
12 36
12 25
12 5
12 46
12 16
12 24
12 11
17
13 46
13 37
13 30
13 33
13 27
13 4
13 28
13 45
13 17
13 19
13 21
13 39
13 6
13 34
13 14
13 20
13 43
19
14 37
14 22
14 33
14 9
14 21
14 36
14 39
14 42
14 6
14 43
14 20
14 25
14 45
14 40
14 47
14 46
14 38
14 29
14 17
19
15 25
15 34
15 49
15 14
15 33
15 28
15 21
15 6
15 13
15 22
15 37
15 23
15 11
15 41
15 31
15 20
15 35
15 17
15 46
18
16 2
16 14
16 10
16 8
16 11
16 31
16 13
16 41
16 43
16 17
16 44
16 48
16 45
16 37
16 5
16 47
16 4
16 40
15
17 45
17 23
17 40
17 1
17 38
17 9
17 2
17 48
17 36
17 25
17 24
17 39
17 5
17 44
17 47
24
18 7
18 36
18 48
18 26
18 20
18 17
18 37
18 21
18 27
18 33
18 2
18 16
18 13
18 11
18 0
18 14
18 39
18 35
18 4
18 45
18 42
18 43
18 25
18 5
18
19 20
19 30
19 42
19 15
19 48
19 38
19 16
19 33
19 3
19 18
19 39
19 44
19 23
19 1
19 28
19 37
19 14
19 47
16
20 32
20 16
20 24
20 1
20 39
20 38
20 23
20 46
20 4
20 36
20 11
20 35
20 2
20 31
20 26
20 43
19
21 33
21 44
21 31
21 43
21 47
21 7
21 24
21 16
21 12
21 5
21 36
21 28
21 20
21 19
21 0
21 29
21 10
21 2
21 37
18
22 16
22 27
22 44
22 31
22 34
22 17
22 45
22 47
22 32
22 40
22 24
22 39
22 0
22 19
22 2
22 26
22 18
22 13
26
23 33
23 24
23 14
23 8
23 36
23 41
23 3
23 10
23 7
23 34
23 30
23 46
23 43
23 22
23 25
23 31
23 13
23 12
23 32
23 48
23 1
23 26
23 18
23 49
23 29
23 27
18
24 8
24 9
24 28
24 13
24 27
24 48
24 26
24 49
24 7
24 18
24 5
24 19
24 16
24 45
24 14
24 34
24 35
24 39
19
25 6
25 33
25 11
25 38
25 44
25 13
25 9
25 32
25 24
25 29
25 3
25 36
25 8
25 19
25 47
25 21
25 40
25 16
25 41
20
26 5
26 1
26 8
26 46
26 21
26 15
26 36
26 12
26 17
26 10
26 29
26 27
26 49
26 42
26 9
26 4
26 44
26 7
26 16
26 28
24
27 45
27 20
27 43
27 39
27 12
27 7
27 16
27 0
27 41
27 29
27 48
27 19
27 9
27 49
27 4
27 11
27 40
27 1
27 15
27 44
27 21
27 36
27 17
27 14
23
28 42
28 16
28 2
28 9
28 17
28 44
28 6
28 7
28 31
28 32
28 23
28 39
28 46
28 22
28 41
28 10
28 5
28 25
28 27
28 48
28 49
28 0
28 18
23
29 34
29 17
29 22
29 16
29 12
29 19
29 35
29 15
29 3
29 44
29 2
29 36
29 4
29 20
29 24
29 18
29 13
29 46
29 0
29 31
29 28
29 33
29 37
20
30 27
30 21
30 10
30 39
30 9
30 5
30 44
30 45
30 4
30 14
30 8
30 18
30 15
30 20
30 46
30 26
30 29
30 33
30 22
30 47
15
31 43
31 41
31 12
31 39
31 37
31 32
31 4
31 25
31 27
31 24
31 6
31 30
31 40
31 18
31 5
19
32 26
32 49
32 38
32 35
32 13
32 30
32 5
32 46
32 4
32 33
32 19
32 18
32 24
32 27
32 34
32 41
32 42
32 14
32 6
13
33 26
33 34
33 24
33 38
33 6
33 40
33 46
33 37
33 27
33 20
33 7
33 28
33 43
17
34 28
34 49
34 0
34 19
34 21
34 16
34 18
34 46
34 14
34 8
34 26
34 27
34 11
34 6
34 44
34 10
34 43
28
35 47
35 23
35 37
35 0
35 14
35 49
35 36
35 46
35 22
35 4
35 25
35 40
35 33
35 9
35 34
35 26
35 16
35 31
35 10
35 30
35 21
35 17
35 5
35 27
35 2
35 48
35 13
35 12
16
36 13
36 47
36 11
36 0
36 2
36 34
36 49
36 42
36 33
36 19
36 30
36 16
36 22
36 15
36 24
36 46
18
37 20
37 23
37 5
37 34
37 27
37 9
37 45
37 28
37 22
37 47
37 25
37 10
37 1
37 2
37 12
37 43
37 40
37 32
19
38 8
38 21
38 26
38 3
38 15
38 31
38 11
38 23
38 34
38 28
38 1
38 43
38 18
38 35
38 16
38 5
38 9
38 29
38 37
18
39 47
39 16
39 29
39 42
39 9
39 25
39 15
39 3
39 1
39 10
39 45
39 0
39 11
39 26
39 23
39 38
39 46
39 21
22
40 30
40 18
40 45
40 19
40 24
40 36
40 23
40 4
40 21
40 11
40 12
40 46
40 7
40 47
40 32
40 49
40 20
40 10
40 15
40 26
40 44
40 48
26
41 49
41 2
41 17
41 14
41 12
41 34
41 24
41 29
41 19
41 44
41 46
41 8
41 22
41 7
41 45
41 9
41 3
41 33
41 21
41 18
41 35
41 30
41 26
41 5
41 36
41 13
20
42 22
42 30
42 48
42 21
42 16
42 43
42 20
42 35
42 8
42 2
42 25
42 41
42 38
42 37
42 1
42 29
42 15
42 23
42 46
42 49
18
43 29
43 32
43 28
43 3
43 30
43 10
43 9
43 40
43 49
43 46
43 26
43 5
43 7
43 36
43 0
43 6
43 11
43 35
17
44 13
44 35
44 2
44 43
44 45
44 47
44 20
44 9
44 32
44 23
44 11
44 39
44 31
44 24
44 8
44 15
44 37
19
45 2
45 20
45 38
45 35
45 43
45 6
45 21
45 28
45 7
45 25
45 26
45 23
45 34
45 3
45 15
45 5
45 42
45 29
45 12
13
46 1
46 48
46 21
46 11
46 9
46 16
46 45
46 10
46 5
46 8
46 22
46 27
46 37
19
47 27
47 46
47 42
47 1
47 28
47 43
47 4
47 24
47 29
47 31
47 3
47 23
47 33
47 11
47 41
47 34
47 7
47 20
47 26
25
48 8
48 15
48 49
48 12
48 38
48 47
48 43
48 0
48 39
48 29
48 33
48 37
48 31
48 30
48 11
48 26
48 4
48 36
48 25
48 7
48 34
48 45
48 22
48 13
48 1
17
49 3
49 38
49 0
49 18
49 14
49 37
49 44
49 39
49 25
49 31
49 1
49 7
49 12
49 16
49 4
49 29
49 13
