50
0 "A10"
1 "A22"
2 "A43"
3 "A1"
4 "A20"
5 "A21"
6 "A0"
7 "A3"
8 "A26"
9 "A2"
10 "A42"
11 "A11"
12 "A45"
13 "A17"
14 "A29"
15 "A33"
16 "A30"
17 "A31"
18 "A6"
19 "A8"
20 "A37"
21 "A40"
22 "A12"
23 "A19"
24 "A15"
25 "A7"
26 "A9"
27 "A25"
28 "A23"
29 "A46"
30 "A47"
31 "A48"
32 "A13"
33 "A4"
34 "A32"
35 "A24"
36 "A36"
37 "A5"
38 "A49"
39 "A38"
40 "A18"
41 "A28"
42 "A44"
43 "A35"
44 "A34"
45 "A16"
46 "A27"
47 "A41"
48 "A39"
49 "A14"
18
0 20
0 33
0 15
0 2
0 13
0 42
0 21
0 14
0 45
0 46
0 5
0 43
0 44
0 27
0 39
0 19
0 40
0 10
22
1 28
1 25
1 21
1 20
1 43
1 17
1 26
1 22
1 0
1 13
1 45
1 48
1 10
1 16
1 6
1 24
1 31
1 15
1 44
1 34
1 14
1 46
24
2 25
2 8
2 7
2 39
2 20
2 46
2 3
2 31
2 28
2 1
2 4
2 9
2 10
2 37
2 15
2 16
2 22
2 33
2 14
2 30
2 24
2 34
2 18
2 32
21
3 16
3 13
3 7
3 35
3 26
3 25
3 21
3 29
3 18
3 20
3 47
3 38
3 0
3 31
3 5
3 6
3 49
3 48
3 28
3 41
3 43
20
4 17
4 0
4 46
4 49
4 24
4 30
4 41
4 42
4 40
4 8
4 28
4 27
4 25
4 23
4 14
4 35
4 39
4 32
4 45
4 43
24
5 4
5 14
5 30
5 15
5 28
5 1
5 17
5 41
5 39
5 26
5 38
5 8
5 36
5 22
5 46
5 19
5 43
5 31
5 21
5 47
5 24
5 12
5 49
5 42
26
6 49
6 48
6 43
6 12
6 34
6 32
6 8
6 35
6 4
6 45
6 10
6 11
6 37
6 47
6 19
6 17
6 0
6 15
6 2
6 20
6 5
6 23
6 46
6 31
6 38
6 36
20
7 11
7 38
7 24
7 8
7 20
7 22
7 15
7 4
7 16
7 5
7 6
7 13
7 48
7 14
7 33
7 44
7 18
7 29
7 17
7 36
20
8 3
8 30
8 19
8 31
8 18
8 10
8 34
8 32
8 44
8 13
8 43
8 9
8 49
8 37
8 28
8 0
8 40
8 47
8 11
8 1
22
9 29
9 26
9 45
9 1
9 7
9 0
9 3
9 10
9 14
9 27
9 18
9 6
9 11
9 16
9 49
9 28
9 4
9 48
9 25
9 34
9 43
9 5
21
10 31
10 17
10 42
10 23
10 24
10 26
10 40
10 39
10 32
10 37
10 27
10 4
10 16
10 12
10 46
10 7
10 49
10 41
10 30
10 43
10 38
20
11 19
11 27
11 17
11 25
11 23
11 1
11 40
11 48
11 24
11 16
11 31
11 39
11 15
11 10
11 3
11 42
11 41
11 12
11 34
11 13
23
12 20
12 8
12 40
12 22
12 4
12 0
12 1
12 9
12 49
12 37
12 18
12 3
12 25
12 34
12 46
12 43
12 45
12 17
12 7
12 28
12 2
12 36
12 21
25
13 40
13 23
13 29
13 9
13 39
13 25
13 2
13 47
13 37
13 45
13 32
13 36
13 4
13 16
13 21
13 24
13 43
13 19
13 20
13 17
13 10
13 35
13 46
13 6
13 12
16
14 36
14 20
14 41
14 30
14 47
14 10
14 44
14 13
14 40
14 18
14 28
14 12
14 17
14 23
14 11
14 46
23
15 31
15 36
15 34
15 40
15 4
15 29
15 43
15 25
15 35
15 49
15 22
15 47
15 33
15 45
15 24
15 39
15 13
15 8
15 44
15 26
15 42
15 9
15 12
18
16 41
16 32
16 47
16 48
16 27
16 30
16 4
16 29
16 15
16 12
16 39
16 49
16 14
16 25
16 43
16 19
16 23
16 40
17
17 29
17 23
17 33
17 8
17 15
17 2
17 38
17 0
17 31
17 28
17 34
17 26
17 19
17 25
17 3
17 40
17 36
23
18 39
18 11
18 15
18 25
18 0
18 42
18 1
18 31
18 23
18 33
18 36
18 17
18 5
18 6
18 34
18 13
18 10
18 24
18 35
18 30
18 45
18 19
18 28
23
19 41
19 29
19 10
19 37
19 9
19 23
19 15
19 46
19 12
19 14
19 4
19 47
19 36
19 32
19 21
19 42
19 31
19 1
19 40
19 49
19 26
19 7
19 2
15
20 46
20 44
20 5
20 11
20 8
20 10
20 34
20 15
20 37
20 31
20 21
20 29
20 16
20 17
20 48
22
21 43
21 44
21 29
21 27
21 38
21 46
21 4
21 35
21 30
21 39
21 24
21 23
21 11
21 2
21 32
21 9
21 22
21 16
21 42
21 26
21 7
21 41
22
22 6
22 24
22 13
22 27
22 45
22 46
22 31
22 43
22 29
22 11
22 18
22 20
22 35
22 23
22 3
22 42
22 16
22 39
22 28
22 17
22 44
22 47
21
23 9
23 25
23 30
23 32
23 7
23 38
23 45
23 8
23 37
23 3
23 0
23 26
23 1
23 33
23 2
23 46
23 20
23 5
23 40
23 39
23 28
17
24 36
24 28
24 26
24 34
24 32
24 9
24 17
24 23
24 19
24 14
24 20
24 12
24 8
24 33
24 41
24 42
24 49
17
25 41
25 26
25 0
25 42
25 8
25 10
25 7
25 20
25 14
25 31
25 34
25 30
25 37
25 6
25 45
25 21
25 46
24
26 49
26 4
26 20
26 37
26 29
26 28
26 6
26 48
26 27
26 31
26 34
26 7
26 38
26 47
26 0
26 36
26 8
26 14
26 41
26 39
26 13
26 43
26 45
26 2
24
27 30
27 3
27 23
27 19
27 47
27 12
27 15
27 25
27 40
27 5
27 42
27 2
27 24
27 7
27 17
27 36
27 37
27 32
27 1
27 38
27 43
27 44
27 6
27 46
15
28 16
28 13
28 6
28 27
28 42
28 7
28 0
28 46
28 11
28 45
28 20
28 34
28 49
28 25
28 38
23
29 28
29 31
29 1
29 27
29 39
29 2
29 10
29 8
29 37
29 45
29 6
29 25
29 4
29 11
29 32
29 41
29 40
29 47
29 18
29 23
29 14
29 12
29 48
18
30 19
30 9
30 46
30 22
30 42
30 11
30 29
30 13
30 32
30 6
30 20
30 43
30 39
30 3
30 0
30 41
30 24
30 40
19
31 21
31 48
31 16
31 32
31 28
31 23
31 14
31 36
31 27
31 13
31 44
31 47
31 4
31 7
31 0
31 34
31 49
31 24
31 12
16
32 14
32 7
32 15
32 34
32 38
32 48
32 5
32 17
32 39
32 20
32 3
32 22
32 11
32 0
32 25
32 43
23
33 35
33 22
33 5
33 21
33 32
33 12
33 36
33 4
33 47
33 46
33 26
33 6
33 14
33 41
33 13
33 27
33 44
33 16
33 20
33 11
33 8
33 29
33 48
19
34 0
34 13
34 48
34 46
34 3
34 42
34 22
34 4
34 29
34 30
34 33
34 7
34 37
34 27
34 49
34 39
34 38
34 5
34 16
22
35 27
35 44
35 32
35 11
35 20
35 41
35 29
35 8
35 10
35 14
35 5
35 38
35 37
35 24
35 26
35 12
35 45
35 28
35 30
35 31
35 9
35 23
18
36 43
36 25
36 10
36 35
36 21
36 41
36 1
36 9
36 30
36 23
36 49
36 2
36 32
36 11
36 3
36 16
36 34
36 39
19
37 28
37 0
37 41
37 16
37 3
37 9
37 38
37 33
37 22
37 46
37 36
37 47
37 30
37 15
37 7
37 1
37 32
37 17
37 44
21
38 4
38 14
38 22
38 18
38 19
38 33
38 36
38 1
38 30
38 46
38 13
38 16
38 0
38 43
38 11
38 20
38 49
38 29
38 9
38 12
38 24
17
39 43
39 38
39 37
39 17
39 27
39 1
39 31
39 46
39 33
39 20
39 3
39 14
39 48
39 7
39 35
39 12
39 44
16
40 49
40 7
40 5
40 25
40 39
40 21
40 22
40 6
40 34
40 3
40 28
40 42
40 36
40 2
40 1
40 38
17
41 43
41 47
41 22
41 15
41 40
41 6
41 28
41 13
41 0
41 1
41 38
41 8
41 18
41 49
41 48
41 2
41 7
17
42 7
42 9
42 33
42 41
42 48
42 36
42 20
42 12
42 49
42 23
42 1
42 31
42 16
42 6
42 38
42 47
42 43
6
43 23
43 14
43 11
43 18
43 28
43 19
20
44 46
44 6
44 32
44 3
44 36
44 28
44 48
44 43
44 26
44 18
44 47
44 16
44 30
44 19
44 42
44 9
44 5
44 24
44 41
44 17
20
45 10
45 46
45 40
45 21
45 5
45 19
45 24
45 44
45 8
45 37
45 41
45 32
45 27
45 39
45 33
45 43
45 48
45 7
45 34
45 2
12
46 24
46 7
46 42
46 41
46 3
46 18
46 9
46 29
46 15
46 32
46 17
46 31
20
47 48
47 23
47 45
47 20
47 38
47 34
47 11
47 18
47 39
47 17
47 9
47 4
47 21
47 35
47 28
47 30
47 0
47 46
47 12
47 7
13
48 10
48 0
48 23
48 19
48 38
48 35
48 37
48 18
48 43
48 28
48 36
48 2
48 27
21
49 33
49 22
49 47
49 29
49 0
49 20
49 21
49 7
49 35
49 11
49 44
49 1
49 39
49 45
49 27
49 48
49 46
49 30
49 25
49 2
49 14
