50
0 "A10"
1 "A22"
2 "A43"
3 "A1"
4 "A20"
5 "A21"
6 "A0"
7 "A3"
8 "A26"
9 "A2"
10 "A42"
11 "A11"
12 "A45"
13 "A17"
14 "A29"
15 "A33"
16 "A30"
17 "A31"
18 "A6"
19 "A8"
20 "A37"
21 "A40"
22 "A12"
23 "A19"
24 "A15"
25 "A7"
26 "A9"
27 "A25"
28 "A23"
29 "A46"
30 "A47"
31 "A48"
32 "A13"
33 "A4"
34 "A32"
35 "A24"
36 "A36"
37 "A5"
38 "A49"
39 "A38"
40 "A18"
41 "A28"
42 "A44"
43 "A35"
44 "A34"
45 "A16"
46 "A27"
47 "A41"
48 "A39"
49 "A14"
19
0 47
0 36
0 4
0 12
0 25
0 49
0 6
0 24
0 28
0 35
0 10
0 14
0 31
0 43
0 30
0 13
0 11
0 23
0 42
14
1 19
1 4
1 23
1 45
1 46
1 49
1 31
1 21
1 2
1 16
1 0
1 18
1 36
1 7
24
2 15
2 26
2 14
2 0
2 5
2 48
2 17
2 6
2 3
2 47
2 22
2 43
2 25
2 49
2 24
2 11
2 44
2 40
2 36
2 33
2 18
2 27
2 23
2 9
24
3 1
3 38
3 17
3 12
3 0
3 10
3 36
3 28
3 9
3 48
3 22
3 24
3 20
3 34
3 4
3 44
3 15
3 46
3 43
3 8
3 21
3 7
3 26
3 32
24
4 41
4 33
4 29
4 14
4 26
4 12
4 9
4 43
4 15
4 37
4 31
4 36
4 39
4 7
4 40
4 45
4 8
4 17
4 47
4 16
4 46
4 35
4 22
4 44
20
5 1
5 35
5 33
5 32
5 16
5 0
5 28
5 34
5 42
5 38
5 10
5 18
5 49
5 3
5 23
5 14
5 36
5 19
5 9
5 20
23
6 31
6 14
6 27
6 23
6 4
6 11
6 44
6 9
6 30
6 28
6 47
6 15
6 16
6 13
6 37
6 36
6 17
6 7
6 46
6 32
6 3
6 38
6 35
18
7 29
7 16
7 32
7 43
7 17
7 48
7 13
7 0
7 5
7 42
7 37
7 10
7 8
7 38
7 23
7 45
7 2
7 46
27
8 17
8 9
8 18
8 27
8 22
8 46
8 31
8 20
8 14
8 25
8 12
8 49
8 24
8 0
8 48
8 13
8 5
8 1
8 33
8 30
8 36
8 19
8 15
8 2
8 35
8 32
8 47
21
9 35
9 16
9 47
9 33
9 15
9 48
9 11
9 7
9 42
9 46
9 29
9 30
9 37
9 34
9 31
9 38
9 45
9 36
9 28
9 23
9 0
22
10 8
10 17
10 11
10 6
10 35
10 19
10 29
10 27
10 45
10 43
10 47
10 32
10 9
10 31
10 16
10 22
10 46
10 33
10 12
10 36
10 1
10 2
20
11 4
11 25
11 47
11 16
11 5
11 42
11 31
11 1
11 15
11 7
11 38
11 36
11 44
11 26
11 33
11 8
11 19
11 28
11 29
11 20
18
12 38
12 11
12 21
12 36
12 26
12 24
12 1
12 5
12 2
12 9
12 15
12 19
12 25
12 44
12 17
12 46
12 6
12 29
22
13 30
13 47
13 11
13 3
13 28
13 2
13 48
13 32
13 41
13 4
13 10
13 40
13 5
13 31
13 44
13 34
13 37
13 9
13 38
13 36
13 1
13 24
27
14 44
14 42
14 37
14 22
14 7
14 15
14 32
14 23
14 49
14 40
14 27
14 9
14 1
14 11
14 13
14 17
14 35
14 39
14 29
14 10
14 3
14 48
14 30
14 45
14 12
14 31
14 43
19
15 39
15 35
15 23
15 31
15 19
15 36
15 22
15 29
15 48
15 13
15 21
15 38
15 10
15 45
15 17
15 7
15 27
15 32
15 43
16
16 27
16 8
16 17
16 12
16 24
16 22
16 38
16 45
16 26
16 13
16 18
16 40
16 30
16 28
16 35
16 39
17
17 9
17 27
17 20
17 47
17 43
17 31
17 13
17 33
17 28
17 38
17 23
17 29
17 26
17 48
17 40
17 0
17 19
19
18 26
18 19
18 11
18 12
18 9
18 14
18 38
18 42
18 29
18 23
18 20
18 4
18 3
18 13
18 7
18 0
18 28
18 30
18 22
21
19 41
19 16
19 45
19 31
19 32
19 0
19 36
19 20
19 33
19 37
19 43
19 29
19 2
19 38
19 23
19 30
19 39
19 9
19 26
19 49
19 35
15
20 12
20 37
20 32
20 1
20 47
20 29
20 0
20 26
20 7
20 13
20 42
20 25
20 4
20 10
20 6
23
21 40
21 32
21 23
21 46
21 39
21 22
21 31
21 29
21 6
21 30
21 27
21 4
21 19
21 43
21 34
21 18
21 13
21 0
21 44
21 14
21 10
21 38
21 16
15
22 7
22 5
22 34
22 31
22 20
22 17
22 33
22 9
22 35
22 23
22 12
22 25
22 13
22 44
22 26
16
23 42
23 8
23 4
23 45
23 37
23 28
23 32
23 40
23 20
23 25
23 16
23 11
23 49
23 13
23 29
23 12
22
24 37
24 5
24 49
24 19
24 21
24 43
24 4
24 11
24 45
24 46
24 22
24 42
24 17
24 9
24 36
24 33
24 25
24 31
24 34
24 6
24 39
24 20
19
25 29
25 10
25 18
25 13
25 19
25 46
25 7
25 17
25 41
25 14
25 30
25 15
25 34
25 6
25 3
25 44
25 26
25 16
25 4
17
26 36
26 5
26 44
26 49
26 6
26 21
26 14
26 15
26 23
26 10
26 0
26 33
26 28
26 7
26 8
26 46
26 13
20
27 35
27 5
27 43
27 13
27 48
27 25
27 37
27 9
27 42
27 1
27 20
27 47
27 3
27 36
27 38
27 7
27 23
27 24
27 22
27 39
16
28 40
28 43
28 1
28 25
28 33
28 27
28 30
28 46
28 49
28 15
28 48
28 24
28 7
28 14
28 12
28 8
22
29 26
29 47
29 6
29 24
29 16
29 32
29 5
29 30
29 41
29 36
29 27
29 13
29 44
29 33
29 37
29 46
29 3
29 39
29 40
29 31
29 34
29 1
18
30 41
30 48
30 1
30 5
30 27
30 31
30 23
30 26
30 2
30 17
30 49
30 20
30 12
30 43
30 33
30 4
30 15
30 22
19
31 49
31 20
31 41
31 27
31 38
31 12
31 2
31 5
31 48
31 33
31 18
31 26
31 3
31 16
31 40
31 28
31 7
31 25
31 34
18
32 37
32 40
32 16
32 28
32 41
32 33
32 44
32 38
32 48
32 22
32 45
32 9
32 30
32 25
32 36
32 12
32 24
32 46
17
33 20
33 44
33 37
33 40
33 13
33 6
33 23
33 12
33 7
33 25
33 49
33 1
33 16
33 3
33 14
33 27
33 39
21
34 0
34 23
34 7
34 8
34 33
34 32
34 46
34 12
34 36
34 40
34 10
34 18
34 47
34 39
34 1
34 19
34 48
34 11
34 28
34 44
34 2
22
35 48
35 29
35 25
35 26
35 7
35 13
35 21
35 31
35 23
35 33
35 1
35 38
35 42
35 39
35 2
35 37
35 40
35 30
35 36
35 20
35 32
35 3
13
36 22
36 37
36 21
36 23
36 31
36 40
36 39
36 7
36 18
36 38
36 16
36 20
36 46
23
37 3
37 0
37 45
37 26
37 21
37 46
37 1
37 5
37 12
37 17
37 2
37 39
37 15
37 44
37 11
37 25
37 16
37 49
37 10
37 40
37 30
37 43
37 47
19
38 24
38 47
38 1
38 23
38 42
38 26
38 0
38 41
38 29
38 2
38 28
38 34
38 45
38 10
38 25
38 48
38 14
38 44
38 37
21
39 9
39 7
39 20
39 17
39 32
39 38
39 11
39 10
39 23
39 3
39 28
39 49
39 8
39 25
39 30
39 42
39 0
39 26
39 2
39 22
39 13
17
40 9
40 15
40 22
40 12
40 38
40 5
40 48
40 24
40 30
40 10
40 44
40 39
40 1
40 43
40 0
40 8
40 7
22
41 24
41 2
41 34
41 39
41 49
41 6
41 12
41 15
41 27
41 42
41 26
41 16
41 3
41 36
41 9
41 0
41 20
41 35
41 17
41 10
41 40
41 21
18
42 32
42 19
42 22
42 8
42 36
42 37
42 4
42 33
42 31
42 44
42 21
42 6
42 48
42 49
42 15
42 30
42 29
42 3
17
43 46
43 26
43 38
43 45
43 11
43 36
43 42
43 9
43 8
43 23
43 48
43 16
43 44
43 32
43 31
43 35
43 33
19
44 35
44 8
44 10
44 30
44 24
44 49
44 0
44 1
44 7
44 19
44 23
44 16
44 45
44 46
44 17
44 20
44 36
44 31
44 28
21
45 48
45 40
45 25
45 41
45 18
45 29
45 8
45 17
45 21
45 0
45 3
45 6
45 2
45 5
45 31
45 35
45 30
45 27
45 26
45 13
45 12
20
46 2
46 16
46 13
46 39
46 40
46 15
46 41
46 42
46 38
46 48
46 17
46 14
46 23
46 18
46 33
46 19
46 45
46 11
46 31
46 30
23
47 24
47 33
47 3
47 15
47 39
47 28
47 48
47 49
47 32
47 36
47 1
47 16
47 23
47 21
47 43
47 45
47 12
47 19
47 14
47 44
47 41
47 5
47 7
15
48 6
48 41
48 33
48 44
48 21
48 37
48 26
48 0
48 16
48 24
48 4
48 18
48 1
48 39
48 5
17
49 16
49 18
49 10
49 17
49 46
49 15
49 38
49 12
49 34
49 6
49 32
49 40
49 35
49 7
49 27
49 25
49 22
