50
0 "A10"
1 "A22"
2 "A43"
3 "A1"
4 "A20"
5 "A21"
6 "A0"
7 "A3"
8 "A26"
9 "A2"
10 "A42"
11 "A11"
12 "A45"
13 "A17"
14 "A29"
15 "A33"
16 "A30"
17 "A31"
18 "A6"
19 "A8"
20 "A37"
21 "A40"
22 "A12"
23 "A19"
24 "A15"
25 "A7"
26 "A9"
27 "A25"
28 "A23"
29 "A46"
30 "A47"
31 "A48"
32 "A13"
33 "A4"
34 "A32"
35 "A24"
36 "A36"
37 "A5"
38 "A49"
39 "A38"
40 "A18"
41 "A28"
42 "A44"
43 "A35"
44 "A34"
45 "A16"
46 "A27"
47 "A41"
48 "A39"
49 "A14"
15
0 44
0 26
0 39
0 5
0 3
0 46
0 7
0 20
0 10
0 16
0 4
0 34
0 45
0 21
0 40
21
1 41
1 12
1 47
1 43
1 36
1 34
1 20
1 35
1 19
1 26
1 18
1 48
1 28
1 4
1 46
1 3
1 13
1 25
1 15
1 42
1 0
14
2 11
2 10
2 14
2 35
2 21
2 20
2 24
2 16
2 40
2 42
2 48
2 32
2 36
2 6
22
3 19
3 29
3 17
3 16
3 12
3 49
3 48
3 24
3 43
3 8
3 18
3 27
3 46
3 38
3 9
3 15
3 47
3 13
3 42
3 41
3 20
3 2
16
4 10
4 8
4 22
4 29
4 14
4 46
4 36
4 15
4 17
4 19
4 2
4 33
4 9
4 5
4 40
4 34
17
5 20
5 25
5 13
5 18
5 34
5 32
5 7
5 43
5 10
5 48
5 2
5 24
5 1
5 16
5 15
5 38
5 3
20
6 33
6 3
6 39
6 30
6 0
6 41
6 19
6 13
6 8
6 31
6 5
6 44
6 36
6 42
6 1
6 40
6 45
6 18
6 17
6 7
14
7 40
7 25
7 1
7 35
7 43
7 48
7 49
7 26
7 46
7 2
7 13
7 3
7 28
7 41
20
8 20
8 18
8 14
8 21
8 13
8 25
8 48
8 45
8 38
8 1
8 17
8 22
8 19
8 29
8 16
8 39
8 2
8 44
8 10
8 7
23
9 26
9 34
9 8
9 0
9 22
9 24
9 39
9 37
9 27
9 41
9 33
9 30
9 12
9 40
9 2
9 32
9 35
9 13
9 19
9 14
9 48
9 18
9 1
18
10 32
10 49
10 11
10 27
10 18
10 30
10 21
10 23
10 3
10 47
10 22
10 28
10 39
10 41
10 19
10 34
10 45
10 43
24
11 13
11 12
11 6
11 4
11 34
11 3
11 40
11 18
11 19
11 48
11 31
11 9
11 47
11 29
11 7
11 44
11 37
11 38
11 24
11 1
11 26
11 45
11 25
11 27
18
12 43
12 39
12 4
12 31
12 6
12 7
12 38
12 25
12 29
12 30
12 41
12 34
12 13
12 18
12 33
12 28
12 8
12 10
16
13 27
13 4
13 22
13 14
13 29
13 34
13 48
13 47
13 44
13 35
13 24
13 36
13 26
13 42
13 45
13 31
22
14 20
14 49
14 7
14 1
14 12
14 3
14 16
14 32
14 35
14 5
14 38
14 31
14 15
14 30
14 10
14 27
14 6
14 45
14 11
14 42
14 40
14 37
20
15 29
15 0
15 48
15 22
15 7
15 35
15 31
15 26
15 40
15 25
15 12
15 17
15 49
15 11
15 8
15 16
15 6
15 34
15 10
15 37
18
16 49
16 28
16 34
16 45
16 9
16 41
16 6
16 46
16 32
16 35
16 33
16 7
16 12
16 11
16 1
16 4
16 18
16 44
20
17 40
17 10
17 2
17 29
17 7
17 49
17 44
17 23
17 21
17 11
17 31
17 12
17 0
17 43
17 25
17 5
17 36
17 22
17 46
17 16
20
18 45
18 2
18 24
18 44
18 32
18 38
18 47
18 17
18 14
18 15
18 7
18 40
18 27
18 29
18 46
18 0
18 35
18 19
18 41
18 36
20
19 20
19 2
19 46
19 15
19 38
19 5
19 7
19 37
19 43
19 25
19 31
19 32
19 0
19 47
19 13
19 40
19 27
19 34
19 16
19 23
17
20 30
20 6
20 11
20 49
20 21
20 39
20 24
20 15
20 13
20 27
20 22
20 7
20 12
20 36
20 45
20 35
20 4
17
21 16
21 6
21 27
21 41
21 18
21 15
21 49
21 36
21 30
21 39
21 25
21 45
21 19
21 35
21 12
21 11
21 4
17
22 46
22 7
22 1
22 6
22 48
22 37
22 29
22 35
22 21
22 5
22 18
22 19
22 11
22 31
22 28
22 2
22 42
23
23 7
23 43
23 5
23 32
23 20
23 12
23 39
23 21
23 13
23 4
23 45
23 6
23 3
23 18
23 27
23 11
23 42
23 37
23 8
23 16
23 9
23 2
23 26
20
24 22
24 19
24 30
24 7
24 39
24 43
24 25
24 16
24 34
24 14
24 42
24 45
24 17
24 31
24 8
24 41
24 0
24 46
24 1
24 4
15
25 20
25 18
25 0
25 47
25 6
25 23
25 13
25 39
25 4
25 43
25 37
25 46
25 2
25 41
25 3
24
26 6
26 12
26 38
26 14
26 34
26 49
26 48
26 21
26 45
26 41
26 43
26 20
26 22
26 47
26 2
26 24
26 19
26 36
26 5
26 39
26 17
26 4
26 18
26 44
22
27 6
27 24
27 2
27 8
27 39
27 12
27 45
27 33
27 0
27 17
27 26
27 29
27 25
27 30
27 48
27 16
27 37
27 43
27 42
27 15
27 7
27 31
27
28 0
28 48
28 41
28 38
28 34
28 3
28 47
28 30
28 8
28 45
28 13
28 18
28 14
28 15
28 23
28 17
28 2
28 35
28 40
28 25
28 19
28 21
28 20
28 26
28 37
28 5
28 29
19
29 16
29 43
29 9
29 14
29 26
29 32
29 44
29 6
29 0
29 2
29 23
29 5
29 30
29 34
29 21
29 7
29 24
29 46
29 45
27
30 44
30 47
30 23
30 26
30 34
30 32
30 3
30 43
30 2
30 11
30 15
30 48
30 37
30 22
30 25
30 33
30 19
30 7
30 17
30 4
30 46
30 41
30 0
30 5
30 16
30 8
30 38
23
31 28
31 37
31 33
31 34
31 48
31 47
31 16
31 0
31 25
31 21
31 20
31 26
31 30
31 10
31 1
31 4
31 18
31 3
31 29
31 9
31 5
31 23
31 46
23
32 48
32 3
32 28
32 49
32 17
32 22
32 25
32 24
32 0
32 27
32 7
32 45
32 31
32 4
32 44
32 15
32 33
32 11
32 8
32 26
32 6
32 21
32 12
20
33 36
33 5
33 26
33 20
33 13
33 0
33 22
33 2
33 11
33 21
33 17
33 3
33 48
33 1
33 19
33 45
33 29
33 35
33 8
33 10
15
34 22
34 8
34 23
34 48
34 42
34 47
34 46
34 14
34 21
34 36
34 45
34 7
34 41
34 20
34 35
20
35 38
35 19
35 4
35 42
35 29
35 10
35 44
35 30
35 0
35 6
35 12
35 8
35 24
35 31
35 41
35 45
35 39
35 3
35 40
35 43
23
36 16
36 35
36 10
36 47
36 14
36 24
36 19
36 5
36 39
36 15
36 8
36 11
36 25
36 27
36 32
36 28
36 7
36 31
36 12
36 45
36 23
36 30
36 9
21
37 10
37 1
37 0
37 3
37 6
37 38
37 29
37 43
37 34
37 48
37 13
37 21
37 33
37 49
37 16
37 4
37 39
37 18
37 32
37 36
37 17
17
38 23
38 13
38 4
38 2
38 22
38 10
38 25
38 39
38 27
38 31
38 1
38 24
38 29
38 32
38 33
38 9
38 17
20
39 42
39 46
39 49
39 7
39 3
39 40
39 47
39 11
39 15
39 19
39 4
39 2
39 16
39 33
39 48
39 22
39 28
39 13
39 17
39 14
19
40 16
40 21
40 34
40 26
40 20
40 5
40 44
40 47
40 43
40 3
40 27
40 8
40 25
40 30
40 22
40 1
40 48
40 12
40 32
18
41 47
41 20
41 23
41 29
41 5
41 44
41 49
41 4
41 39
41 37
41 31
41 15
41 13
41 19
41 36
41 8
41 46
41 40
24
42 18
42 12
42 45
42 5
42 4
42 17
42 37
42 16
42 15
42 7
42 29
42 36
42 11
42 9
42 40
42 44
42 38
42 43
42 25
42 26
42 0
42 41
42 49
42 31
15
43 13
43 11
43 47
43 8
43 22
43 32
43 21
43 36
43 38
43 14
43 31
43 34
43 41
43 2
43 0
24
44 45
44 28
44 24
44 10
44 36
44 25
44 20
44 47
44 1
44 38
44 33
44 2
44 27
44 22
44 21
44 43
44 5
44 23
44 34
44 7
44 19
44 39
44 4
44 31
18
45 17
45 41
45 1
45 5
45 47
45 3
45 2
45 15
45 22
45 48
45 40
45 19
45 31
45 25
45 12
45 37
45 38
45 39
20
46 11
46 37
46 38
46 47
46 28
46 32
46 14
46 13
46 8
46 36
46 26
46 21
46 42
46 6
46 23
46 12
46 20
46 40
46 44
46 43
14
47 17
47 4
47 38
47 12
47 15
47 29
47 35
47 7
47 14
47 33
47 21
47 16
47 22
47 32
19
48 41
48 43
48 44
48 24
48 35
48 38
48 0
48 29
48 25
48 18
48 20
48 12
48 14
48 10
48 21
48 4
48 46
48 23
48 19
21
49 29
49 5
49 47
49 8
49 36
49 12
49 43
49 40
49 31
49 38
49 1
49 28
49 27
49 34
49 23
49 19
49 22
49 13
49 35
49 0
49 11
