50
0 "A27"
1 "A32"
2 "A35"
3 "A17"
4 "A38"
5 "A7"
6 "A48"
7 "A28"
8 "A41"
9 "A31"
10 "A12"
11 "A37"
12 "A11"
13 "A25"
14 "A3"
15 "A9"
16 "A15"
17 "A4"
18 "A8"
19 "A21"
20 "A26"
21 "A40"
22 "A14"
23 "A16"
24 "A36"
25 "A0"
26 "A1"
27 "A30"
28 "A22"
29 "A34"
30 "A49"
31 "A10"
32 "A19"
33 "A45"
34 "A39"
35 "A29"
36 "A6"
37 "A24"
38 "A18"
39 "A23"
40 "A42"
41 "A13"
42 "A5"
43 "A43"
44 "A20"
45 "A2"
46 "A47"
47 "A33"
48 "A44"
49 "A46"
16
0 10
0 22
0 45
0 9
0 49
0 35
0 30
0 23
0 43
0 1
0 6
0 46
0 4
0 42
0 3
0 20
20
1 29
1 25
1 46
1 36
1 37
1 42
1 47
1 39
1 12
1 49
1 17
1 24
1 27
1 16
1 45
1 13
1 23
1 30
1 31
1 15
17
2 49
2 25
2 14
2 3
2 11
2 37
2 33
2 19
2 42
2 36
2 29
2 41
2 4
2 43
2 17
2 35
2 34
18
3 23
3 38
3 29
3 9
3 27
3 42
3 28
3 12
3 19
3 4
3 8
3 22
3 34
3 15
3 44
3 21
3 1
3 46
16
4 18
4 29
4 38
4 44
4 9
4 16
4 30
4 8
4 21
4 6
4 24
4 39
4 32
4 12
4 5
4 49
20
5 19
5 32
5 33
5 0
5 39
5 9
5 3
5 2
5 48
5 6
5 36
5 31
5 17
5 40
5 45
5 37
5 26
5 34
5 23
5 27
25
6 49
6 45
6 41
6 19
6 17
6 28
6 1
6 44
6 38
6 16
6 36
6 33
6 11
6 35
6 40
6 22
6 42
6 20
6 18
6 24
6 37
6 3
6 30
6 43
6 14
22
7 4
7 33
7 0
7 20
7 5
7 31
7 42
7 14
7 35
7 1
7 2
7 3
7 49
7 13
7 6
7 23
7 29
7 18
7 10
7 41
7 34
7 48
15
8 48
8 20
8 39
8 22
8 1
8 10
8 47
8 0
8 38
8 35
8 9
8 17
8 42
8 14
8 12
16
9 37
9 26
9 12
9 49
9 28
9 45
9 7
9 1
9 19
9 31
9 35
9 17
9 15
9 32
9 21
9 14
22
10 6
10 24
10 2
10 39
10 11
10 31
10 1
10 3
10 35
10 32
10 4
10 14
10 19
10 26
10 37
10 9
10 30
10 33
10 49
10 18
10 42
10 40
18
11 7
11 29
11 48
11 3
11 17
11 27
11 23
11 1
11 34
11 36
11 25
11 5
11 9
11 32
11 49
11 39
11 0
11 20
18
12 36
12 39
12 29
12 6
12 2
12 0
12 38
12 35
12 42
12 34
12 10
12 11
12 16
12 22
12 48
12 20
12 33
12 43
25
13 20
13 37
13 5
13 3
13 21
13 10
13 34
13 8
13 23
13 43
13 48
13 33
13 42
13 4
13 28
13 18
13 12
13 11
13 36
13 41
13 46
13 32
13 9
13 44
13 6
21
14 0
14 33
14 47
14 16
14 44
14 32
14 39
14 35
14 25
14 11
14 49
14 27
14 34
14 26
14 43
14 15
14 41
14 48
14 4
14 12
14 23
23
15 7
15 2
15 29
15 25
15 11
15 35
15 27
15 49
15 34
15 43
15 17
15 5
15 45
15 10
15 8
15 20
15 16
15 4
15 23
15 6
15 38
15 13
15 26
18
16 20
16 22
16 5
16 41
16 11
16 31
16 49
16 7
16 47
16 46
16 9
16 42
16 13
16 3
16 10
16 25
16 0
16 28
17
17 43
17 16
17 45
17 0
17 29
17 7
17 3
17 37
17 18
17 40
17 20
17 4
17 22
17 12
17 30
17 44
17 13
15
18 23
18 49
18 31
18 9
18 36
18 46
18 40
18 38
18 5
18 16
18 1
18 25
18 8
18 21
18 42
25
19 34
19 27
19 45
19 7
19 32
19 16
19 40
19 1
19 42
19 4
19 13
19 48
19 14
19 0
19 24
19 28
19 37
19 41
19 38
19 29
19 8
19 23
19 35
19 46
19 18
14
20 38
20 3
20 31
20 35
20 19
20 37
20 33
20 14
20 5
20 45
20 18
20 10
20 22
20 46
22
21 32
21 1
21 26
21 20
21 6
21 0
21 42
21 10
21 22
21 17
21 34
21 25
21 19
21 38
21 40
21 8
21 7
21 12
21 15
21 43
21 44
21 5
15
22 40
22 18
22 28
22 15
22 41
22 23
22 46
22 39
22 37
22 38
22 44
22 2
22 19
22 42
22 25
18
23 20
23 44
23 28
23 24
23 21
23 41
23 45
23 8
23 39
23 17
23 32
23 40
23 48
23 10
23 47
23 33
23 4
23 29
18
24 9
24 14
24 32
24 34
24 16
24 49
24 13
24 12
24 36
24 7
24 40
24 22
24 27
24 21
24 15
24 18
24 0
24 8
16
25 7
25 6
25 20
25 9
25 5
25 29
25 39
25 31
25 19
25 24
25 27
25 10
25 49
25 12
25 33
25 13
18
26 25
26 13
26 2
26 41
26 7
26 11
26 4
26 47
26 19
26 0
26 16
26 18
26 23
26 39
26 12
26 28
26 30
26 3
21
27 44
27 26
27 22
27 38
27 18
27 45
27 23
27 34
27 41
27 6
27 21
27 17
27 48
27 37
27 10
27 43
27 7
27 0
27 32
27 13
27 33
23
28 1
28 43
28 29
28 44
28 11
28 24
28 2
28 18
28 14
28 45
28 21
28 20
28 32
28 25
28 12
28 17
28 27
28 35
28 5
28 41
28 10
28 0
28 33
18
29 20
29 18
29 49
29 9
29 6
29 33
29 24
29 37
29 39
29 46
29 22
29 14
29 0
29 32
29 5
29 8
29 10
29 13
23
30 15
30 11
30 16
30 41
30 32
30 25
30 19
30 3
30 24
30 8
30 44
30 36
30 20
30 22
30 2
30 42
30 28
30 43
30 45
30 12
30 31
30 5
30 18
21
31 40
31 47
31 27
31 19
31 3
31 2
31 23
31 45
31 0
31 22
31 6
31 11
31 44
31 8
31 46
31 4
31 12
31 24
31 13
31 48
31 28
16
32 35
32 17
32 42
32 25
32 22
32 38
32 3
32 0
32 8
32 7
32 26
32 44
32 20
32 12
32 46
32 18
18
33 19
33 24
33 34
33 47
33 15
33 46
33 39
33 32
33 4
33 1
33 21
33 48
33 9
33 41
33 22
33 3
33 8
33 30
19
34 46
34 29
34 10
34 31
34 49
34 42
34 8
34 37
34 22
34 39
34 6
34 16
34 30
34 28
34 25
34 32
34 9
34 26
34 0
22
35 4
35 5
35 39
35 29
35 13
35 41
35 25
35 24
35 27
35 3
35 34
35 17
35 18
35 42
35 1
35 31
35 33
35 22
35 21
35 30
35 16
35 11
22
36 29
36 22
36 27
36 23
36 3
36 38
36 39
36 9
36 21
36 7
36 40
36 14
36 26
36 31
36 4
36 15
36 0
36 19
36 43
36 34
36 44
36 41
23
37 44
37 38
37 26
37 12
37 49
37 48
37 47
37 41
37 45
37 24
37 18
37 33
37 46
37 14
37 30
37 31
37 16
37 28
37 4
37 7
37 3
37 21
37 32
23
38 29
38 23
38 31
38 2
38 11
38 1
38 40
38 30
38 9
38 24
38 10
38 33
38 46
38 17
38 39
38 0
38 25
38 28
38 44
38 13
38 42
38 7
38 26
16
39 17
39 37
39 42
39 19
39 27
39 18
39 6
39 0
39 30
39 31
39 20
39 49
39 28
39 2
39 41
39 46
21
40 30
40 33
40 42
40 28
40 16
40 14
40 49
40 11
40 43
40 34
40 13
40 48
40 25
40 20
40 12
40 9
40 26
40 3
40 39
40 32
40 37
19
41 15
41 25
41 1
41 46
41 34
41 32
41 5
41 18
41 12
41 48
41 9
41 0
41 40
41 10
41 21
41 3
41 17
41 24
41 49
16
42 49
42 26
42 5
42 36
42 45
42 33
42 14
42 4
42 31
42 46
42 9
42 41
42 23
42 20
42 27
42 11
25
43 23
43 5
43 25
43 7
43 34
43 24
43 1
43 48
43 38
43 20
43 4
43 3
43 8
43 10
43 39
43 9
43 42
43 11
43 46
43 18
43 16
43 41
43 22
43 49
43 35
25
44 1
44 5
44 20
44 47
44 48
44 15
44 12
44 0
44 7
44 25
44 33
44 19
44 35
44 26
44 2
44 39
44 41
44 46
44 49
44 40
44 18
44 11
44 24
44 8
44 29
19
45 44
45 7
45 26
45 14
45 43
45 38
45 10
45 25
45 48
45 40
45 22
45 36
45 34
45 39
45 11
45 21
45 24
45 2
45 35
22
46 21
46 28
46 10
46 26
46 8
46 47
46 17
46 24
46 30
46 2
46 15
46 9
46 23
46 6
46 48
46 14
46 49
46 5
46 40
46 12
46 4
46 35
23
47 36
47 20
47 18
47 17
47 24
47 34
47 32
47 6
47 39
47 38
47 7
47 9
47 15
47 43
47 3
47 4
47 13
47 10
47 11
47 12
47 35
47 40
47 28
25
48 6
48 1
48 38
48 10
48 2
48 34
48 16
48 9
48 29
48 28
48 36
48 47
48 18
48 25
48 3
48 21
48 49
48 17
48 35
48 22
48 32
48 24
48 30
48 4
48 26
12
49 47
49 22
49 8
49 35
49 33
49 31
49 21
49 36
49 23
49 13
49 26
49 3
