50
0 "A27"
1 "A32"
2 "A35"
3 "A17"
4 "A38"
5 "A7"
6 "A48"
7 "A28"
8 "A41"
9 "A31"
10 "A12"
11 "A37"
12 "A11"
13 "A25"
14 "A3"
15 "A9"
16 "A15"
17 "A4"
18 "A8"
19 "A21"
20 "A26"
21 "A40"
22 "A14"
23 "A16"
24 "A36"
25 "A0"
26 "A1"
27 "A30"
28 "A22"
29 "A34"
30 "A49"
31 "A10"
32 "A19"
33 "A45"
34 "A39"
35 "A29"
36 "A6"
37 "A24"
38 "A18"
39 "A23"
40 "A42"
41 "A13"
42 "A5"
43 "A43"
44 "A20"
45 "A2"
46 "A47"
47 "A33"
48 "A44"
49 "A46"
22
0 36
0 47
0 8
0 20
0 10
0 30
0 35
0 38
0 42
0 32
0 3
0 34
0 33
0 49
0 6
0 27
0 5
0 48
0 24
0 31
0 29
0 9
20
1 27
1 19
1 25
1 47
1 15
1 42
1 0
1 6
1 12
1 39
1 35
1 5
1 18
1 38
1 17
1 16
1 45
1 21
1 44
1 31
16
2 15
2 7
2 10
2 18
2 22
2 41
2 14
2 49
2 19
2 33
2 28
2 0
2 21
2 30
2 12
2 31
16
3 2
3 5
3 6
3 32
3 16
3 18
3 13
3 37
3 1
3 29
3 14
3 49
3 41
3 45
3 23
3 20
17
4 20
4 19
4 9
4 31
4 28
4 15
4 12
4 6
4 45
4 44
4 22
4 24
4 23
4 3
4 7
4 25
4 0
18
5 16
5 7
5 48
5 37
5 15
5 36
5 2
5 31
5 25
5 32
5 42
5 21
5 40
5 23
5 39
5 6
5 29
5 17
17
6 46
6 14
6 12
6 27
6 24
6 36
6 28
6 43
6 26
6 8
6 10
6 33
6 17
6 47
6 32
6 39
6 44
17
7 10
7 46
7 42
7 3
7 36
7 23
7 1
7 45
7 16
7 48
7 33
7 15
7 20
7 18
7 11
7 27
7 39
21
8 1
8 42
8 7
8 45
8 40
8 21
8 5
8 28
8 19
8 20
8 16
8 24
8 31
8 14
8 47
8 25
8 41
8 22
8 30
8 3
8 38
18
9 39
9 30
9 45
9 2
9 21
9 23
9 42
9 37
9 34
9 6
9 33
9 32
9 11
9 25
9 20
9 8
9 47
9 7
16
10 45
10 34
10 48
10 28
10 41
10 32
10 13
10 37
10 19
10 35
10 9
10 39
10 1
10 12
10 30
10 33
17
11 31
11 45
11 35
11 8
11 4
11 29
11 1
11 49
11 10
11 12
11 0
11 5
11 13
11 40
11 23
11 6
11 15
22
12 39
12 36
12 27
12 5
12 37
12 41
12 9
12 3
12 20
12 13
12 48
12 14
12 16
12 25
12 21
12 49
12 0
12 38
12 28
12 40
12 33
12 31
15
13 6
13 38
13 14
13 23
13 40
13 42
13 22
13 39
13 4
13 8
13 18
13 21
13 1
13 2
13 5
16
14 41
14 31
14 35
14 1
14 30
14 4
14 38
14 25
14 10
14 22
14 16
14 32
14 39
14 27
14 11
14 36
20
15 47
15 12
15 38
15 27
15 18
15 42
15 44
15 8
15 19
15 37
15 28
15 48
15 41
15 39
15 20
15 0
15 3
15 21
15 6
15 33
22
16 13
16 6
16 39
16 32
16 22
16 45
16 10
16 15
16 17
16 20
16 46
16 0
16 41
16 27
16 2
16 28
16 47
16 38
16 49
16 4
16 43
16 31
23
17 20
17 11
17 33
17 48
17 44
17 45
17 28
17 37
17 7
17 4
17 43
17 40
17 36
17 29
17 9
17 24
17 10
17 46
17 15
17 14
17 13
17 32
17 47
21
18 21
18 24
18 16
18 5
18 32
18 19
18 11
18 30
18 22
18 49
18 31
18 8
18 6
18 10
18 28
18 4
18 17
18 14
18 36
18 38
18 46
14
19 13
19 17
19 12
19 9
19 34
19 16
19 44
19 0
19 7
19 3
19 33
19 42
19 46
19 14
18
20 26
20 10
20 30
20 43
20 1
20 19
20 14
20 18
20 41
20 40
20 6
20 45
20 5
20 2
20 28
20 33
20 39
20 47
19
21 41
21 43
21 0
21 47
21 44
21 29
21 46
21 17
21 35
21 36
21 16
21 23
21 14
21 42
21 33
21 26
21 40
21 45
21 27
26
22 12
22 26
22 27
22 9
22 40
22 38
22 39
22 7
22 17
22 3
22 41
22 43
22 46
22 33
22 35
22 23
22 11
22 37
22 21
22 1
22 32
22 19
22 24
22 25
22 49
22 5
25
23 36
23 17
23 2
23 42
23 15
23 8
23 35
23 33
23 19
23 48
23 44
23 24
23 10
23 26
23 43
23 25
23 31
23 30
23 28
23 45
23 12
23 34
23 20
23 46
23 14
20
24 41
24 20
24 9
24 33
24 47
24 12
24 32
24 15
24 5
24 34
24 40
24 45
24 11
24 3
24 21
24 49
24 10
24 19
24 7
24 42
25
25 19
25 2
25 49
25 39
25 21
25 20
25 11
25 44
25 34
25 46
25 18
25 7
25 35
25 33
25 0
25 42
25 6
25 37
25 41
25 13
25 15
25 3
25 26
25 17
25 10
21
26 19
26 43
26 2
26 32
26 0
26 33
26 42
26 15
26 4
26 47
26 48
26 39
26 24
26 12
26 10
26 44
26 45
26 14
26 18
26 16
26 9
17
27 13
27 26
27 3
27 31
27 32
27 19
27 40
27 18
27 45
27 25
27 41
27 24
27 4
27 20
27 37
27 8
27 9
24
28 9
28 21
28 37
28 27
28 46
28 41
28 3
28 32
28 26
28 44
28 34
28 19
28 13
28 7
28 11
28 0
28 38
28 48
28 1
28 39
28 35
28 49
28 40
28 22
23
29 40
29 18
29 26
29 9
29 45
29 34
29 23
29 25
29 28
29 22
29 1
29 7
29 16
29 15
29 43
29 24
29 46
29 32
29 20
29 2
29 8
29 12
29 33
20
30 7
30 21
30 25
30 32
30 13
30 35
30 5
30 24
30 1
30 17
30 39
30 43
30 11
30 37
30 34
30 29
30 26
30 6
30 19
30 16
19
31 41
31 10
31 28
31 17
31 33
31 44
31 9
31 42
31 7
31 48
31 36
31 47
31 25
31 13
31 37
31 19
31 34
31 3
31 38
19
32 19
32 36
32 15
32 21
32 2
32 31
32 13
32 37
32 20
32 12
32 40
32 44
32 34
32 25
32 23
32 8
32 4
32 42
32 1
17
33 35
33 8
33 16
33 3
33 46
33 14
33 13
33 18
33 41
33 43
33 1
33 34
33 4
33 45
33 28
33 37
33 27
19
34 15
34 39
34 17
34 44
34 18
34 8
34 42
34 16
34 12
34 6
34 48
34 7
34 20
34 2
34 3
34 27
34 21
34 47
34 26
22
35 24
35 42
35 43
35 20
35 45
35 46
35 9
35 12
35 27
35 5
35 4
35 16
35 39
35 37
35 3
35 31
35 6
35 29
35 40
35 13
35 15
35 2
16
36 30
36 3
36 29
36 28
36 20
36 34
36 25
36 8
36 27
36 16
36 13
36 35
36 48
36 33
36 11
36 10
21
37 11
37 38
37 1
37 6
37 29
37 43
37 21
37 2
37 16
37 8
37 13
37 19
37 24
37 48
37 36
37 26
37 34
37 42
37 18
37 20
37 45
20
38 17
38 11
38 9
38 4
38 32
38 2
38 25
38 48
38 5
38 24
38 35
38 34
38 30
38 7
38 19
38 33
38 29
38 36
38 3
38 26
18
39 32
39 29
39 31
39 27
39 46
39 21
39 3
39 33
39 43
39 24
39 17
39 37
39 47
39 8
39 36
39 40
39 23
39 18
18
40 9
40 46
40 16
40 37
40 4
40 3
40 25
40 1
40 14
40 49
40 48
40 6
40 19
40 23
40 15
40 0
40 33
40 38
24
41 39
41 35
41 29
41 18
41 6
41 37
41 48
41 44
41 32
41 23
41 34
41 38
41 5
41 0
41 47
41 13
41 17
41 4
41 1
41 36
41 26
41 19
41 46
41 11
11
42 28
42 41
42 11
42 49
42 18
42 39
42 29
42 4
42 12
42 38
42 22
23
43 1
43 0
43 9
43 18
43 24
43 13
43 40
43 42
43 15
43 25
43 45
43 2
43 38
43 19
43 34
43 27
43 31
43 36
43 12
43 28
43 14
43 7
43 11
24
44 18
44 20
44 39
44 10
44 16
44 36
44 9
44 24
44 42
44 3
44 22
44 38
44 45
44 29
44 12
44 37
44 30
44 48
44 46
44 5
44 33
44 8
44 0
44 40
21
45 0
45 30
45 14
45 40
45 22
45 12
45 39
45 42
45 47
45 13
45 5
45 38
45 18
45 49
45 31
45 2
45 6
45 32
45 36
45 15
45 34
16
46 31
46 37
46 2
46 10
46 11
46 12
46 27
46 4
46 45
46 38
46 1
46 32
46 20
46 15
46 42
46 13
25
47 30
47 13
47 33
47 27
47 46
47 35
47 5
47 40
47 44
47 28
47 38
47 32
47 18
47 19
47 25
47 42
47 37
47 12
47 29
47 7
47 43
47 4
47 3
47 2
47 36
19
48 8
48 42
48 9
48 4
48 14
48 20
48 29
48 13
48 33
48 43
48 21
48 1
48 45
48 25
48 18
48 32
48 19
48 27
48 47
22
49 6
49 23
49 46
49 38
49 17
49 15
49 7
49 21
49 27
49 5
49 48
49 19
49 26
49 39
49 20
49 8
49 4
49 9
49 13
49 10
49 14
49 33
