50
0 "A27"
1 "A32"
2 "A35"
3 "A17"
4 "A38"
5 "A7"
6 "A48"
7 "A28"
8 "A41"
9 "A31"
10 "A12"
11 "A37"
12 "A11"
13 "A25"
14 "A3"
15 "A9"
16 "A15"
17 "A4"
18 "A8"
19 "A21"
20 "A26"
21 "A40"
22 "A14"
23 "A16"
24 "A36"
25 "A0"
26 "A1"
27 "A30"
28 "A22"
29 "A34"
30 "A49"
31 "A10"
32 "A19"
33 "A45"
34 "A39"
35 "A29"
36 "A6"
37 "A24"
38 "A18"
39 "A23"
40 "A42"
41 "A13"
42 "A5"
43 "A43"
44 "A20"
45 "A2"
46 "A47"
47 "A33"
48 "A44"
49 "A46"
17
0 26
0 5
0 27
0 32
0 14
0 43
0 44
0 18
0 23
0 19
0 28
0 29
0 21
0 48
0 9
0 15
0 25
19
1 15
1 2
1 6
1 19
1 47
1 4
1 44
1 49
1 9
1 28
1 14
1 20
1 8
1 0
1 23
1 34
1 40
1 36
1 7
22
2 6
2 40
2 34
2 19
2 28
2 17
2 32
2 12
2 18
2 0
2 5
2 9
2 44
2 4
2 30
2 33
2 10
2 21
2 49
2 42
2 14
2 20
22
3 26
3 13
3 8
3 46
3 37
3 17
3 36
3 34
3 42
3 1
3 39
3 44
3 28
3 27
3 49
3 21
3 14
3 6
3 20
3 30
3 40
3 45
20
4 9
4 31
4 16
4 23
4 26
4 21
4 18
4 15
4 36
4 3
4 19
4 12
4 17
4 10
4 38
4 44
4 5
4 22
4 7
4 14
16
5 23
5 13
5 22
5 35
5 38
5 47
5 16
5 41
5 24
5 21
5 34
5 15
5 3
5 33
5 37
5 1
10
6 46
6 41
6 40
6 5
6 49
6 26
6 43
6 20
6 47
6 9
19
7 27
7 36
7 23
7 3
7 47
7 48
7 18
7 49
7 44
7 8
7 28
7 15
7 39
7 45
7 32
7 5
7 22
7 21
7 41
21
8 6
8 18
8 21
8 5
8 36
8 14
8 2
8 23
8 32
8 41
8 40
8 10
8 30
8 44
8 22
8 47
8 16
8 9
8 29
8 0
8 37
21
9 27
9 24
9 47
9 19
9 46
9 5
9 33
9 38
9 37
9 3
9 41
9 48
9 17
9 10
9 44
9 13
9 45
9 15
9 16
9 7
9 43
21
10 26
10 7
10 33
10 29
10 0
10 1
10 41
10 30
10 23
10 47
10 28
10 49
10 15
10 19
10 14
10 17
10 6
10 12
10 34
10 32
10 22
24
11 1
11 23
11 6
11 5
11 13
11 48
11 19
11 44
11 34
11 46
11 14
11 27
11 2
11 4
11 7
11 3
11 17
11 42
11 47
11 40
11 22
11 37
11 18
11 28
18
12 33
12 7
12 43
12 8
12 26
12 38
12 21
12 45
12 17
12 3
12 35
12 39
12 48
12 1
12 6
12 0
12 11
12 47
19
13 10
13 2
13 35
13 8
13 46
13 0
13 12
13 28
13 23
13 25
13 7
13 32
13 6
13 29
13 1
13 33
13 47
13 39
13 16
15
14 7
14 41
14 30
14 5
14 12
14 33
14 19
14 28
14 40
14 13
14 18
14 27
14 32
14 15
14 38
15
15 40
15 28
15 21
15 49
15 46
15 41
15 8
15 13
15 12
15 39
15 23
15 11
15 35
15 19
15 6
20
16 12
16 31
16 17
16 40
16 34
16 0
16 29
16 22
16 1
16 30
16 3
16 15
16 20
16 21
16 38
16 6
16 10
16 2
16 47
16 11
23
17 45
17 23
17 15
17 36
17 6
17 39
17 13
17 14
17 5
17 0
17 26
17 48
17 38
17 8
17 28
17 27
17 24
17 33
17 7
17 20
17 18
17 44
17 43
16
18 37
18 5
18 16
18 32
18 47
18 45
18 20
18 33
18 24
18 42
18 46
18 10
18 40
18 12
18 13
18 9
14
19 21
19 16
19 28
19 7
19 49
19 41
19 31
19 13
19 44
19 34
19 17
19 3
19 5
19 12
21
20 45
20 0
20 11
20 44
20 4
20 33
20 37
20 38
20 12
20 9
20 5
20 7
20 48
20 27
20 47
20 15
20 39
20 26
20 22
20 19
20 49
23
21 46
21 44
21 10
21 29
21 38
21 18
21 1
21 30
21 31
21 11
21 23
21 14
21 20
21 48
21 24
21 33
21 41
21 9
21 6
21 47
21 34
21 37
21 27
18
22 1
22 31
22 29
22 38
22 41
22 36
22 33
22 15
22 37
22 32
22 18
22 2
22 19
22 28
22 9
22 39
22 46
22 12
16
23 46
23 32
23 14
23 33
23 12
23 19
23 30
23 31
23 43
23 18
23 40
23 9
23 45
23 3
23 2
23 37
24
24 0
24 29
24 2
24 22
24 1
24 27
24 45
24 15
24 41
24 4
24 23
24 40
24 6
24 33
24 13
24 7
24 32
24 11
24 8
24 10
24 42
24 14
24 47
24 12
23
25 2
25 32
25 12
25 39
25 24
25 23
25 4
25 21
25 48
25 29
25 5
25 42
25 47
25 9
25 15
25 14
25 1
25 7
25 27
25 26
25 3
25 37
25 41
23
26 24
26 1
26 9
26 41
26 5
26 40
26 11
26 27
26 21
26 28
26 14
26 44
26 48
26 18
26 49
26 19
26 16
26 15
26 7
26 23
26 37
26 30
26 33
20
27 2
27 18
27 42
27 10
27 8
27 31
27 49
27 16
27 46
27 45
27 23
27 12
27 5
27 41
27 39
27 47
27 6
27 4
27 1
27 38
17
28 23
28 8
28 46
28 41
28 21
28 44
28 43
28 9
28 37
28 18
28 45
28 6
28 20
28 25
28 27
28 24
28 12
19
29 18
29 46
29 38
29 27
29 34
29 7
29 39
29 14
29 20
29 19
29 35
29 11
29 12
29 26
29 36
29 1
29 48
29 23
29 42
23
30 5
30 0
30 25
30 29
30 19
30 35
30 18
30 43
30 24
30 15
30 17
30 36
30 37
30 46
30 41
30 34
30 27
30 38
30 20
30 11
30 22
30 28
30 12
23
31 6
31 42
31 39
31 0
31 12
31 3
31 25
31 29
31 5
31 9
31 45
31 14
31 38
31 17
31 30
31 33
31 1
31 20
31 46
31 10
31 26
31 35
31 13
20
32 42
32 30
32 34
32 35
32 44
32 5
32 1
32 47
32 28
32 31
32 19
32 46
32 37
32 48
32 17
32 36
32 21
32 26
32 40
32 9
19
33 48
33 47
33 38
33 30
33 0
33 19
33 16
33 1
33 39
33 25
33 44
33 3
33 6
33 41
33 28
33 15
33 42
33 36
33 7
24
34 24
34 33
34 37
34 41
34 14
34 36
34 47
34 48
34 35
34 20
34 9
34 27
34 17
34 25
34 31
34 28
34 49
34 39
34 44
34 0
34 18
34 26
34 23
34 22
24
35 33
35 7
35 46
35 2
35 16
35 17
35 4
35 38
35 9
35 8
35 10
35 27
35 36
35 28
35 22
35 6
35 18
35 21
35 44
35 0
35 11
35 19
35 48
35 25
17
36 31
36 2
36 12
36 21
36 40
36 23
36 26
36 13
36 24
36 49
36 43
36 42
36 5
36 0
36 46
36 10
36 9
21
37 14
37 13
37 43
37 15
37 16
37 40
37 2
37 0
37 1
37 17
37 27
37 4
37 24
37 42
37 35
37 7
37 6
37 46
37 12
37 29
37 41
23
38 34
38 32
38 3
38 49
38 44
38 2
38 28
38 6
38 26
38 19
38 7
38 15
38 25
38 45
38 41
38 24
38 23
38 10
38 11
38 18
38 8
38 0
38 46
21
39 37
39 46
39 24
39 19
39 42
39 14
39 21
39 48
39 35
39 4
39 43
39 6
39 38
39 40
39 10
39 16
39 36
39 30
39 1
39 9
39 8
21
40 47
40 49
40 38
40 21
40 45
40 46
40 43
40 30
40 22
40 27
40 31
40 0
40 20
40 5
40 9
40 25
40 17
40 19
40 34
40 12
40 42
17
41 13
41 47
41 40
41 35
41 4
41 45
41 36
41 12
41 11
41 17
41 2
41 32
41 0
41 48
41 39
41 3
41 31
17
42 13
42 12
42 9
42 49
42 23
42 21
42 38
42 20
42 4
42 1
42 16
42 15
42 35
42 0
42 30
42 6
42 34
20
43 49
43 33
43 38
43 15
43 14
43 22
43 10
43 21
43 44
43 8
43 47
43 3
43 13
43 31
43 7
43 1
43 19
43 11
43 16
43 42
16
44 39
44 6
44 10
44 12
44 31
44 22
44 16
44 42
44 25
44 41
44 40
44 36
44 24
44 18
44 49
44 29
18
45 26
45 42
45 37
45 49
45 22
45 1
45 29
45 14
45 36
45 48
45 32
45 16
45 21
45 8
45 44
45 30
45 47
45 25
20
46 14
46 33
46 42
46 34
46 48
46 25
46 17
46 2
46 24
46 19
46 5
46 20
46 4
46 43
46 0
46 26
46 1
46 45
46 41
46 12
18
47 29
47 36
47 0
47 42
47 14
47 15
47 31
47 48
47 26
47 22
47 37
47 46
47 2
47 3
47 38
47 17
47 4
47 49
22
48 38
48 15
48 49
48 44
48 23
48 31
48 22
48 19
48 8
48 1
48 14
48 18
48 13
48 43
48 16
48 3
48 30
48 5
48 10
48 37
48 36
48 2
20
49 9
49 22
49 4
49 16
49 13
49 14
49 0
49 32
49 41
49 46
49 24
49 5
49 39
49 23
49 28
49 21
49 12
49 30
49 29
49 8
