50
0 "A27"
1 "A32"
2 "A35"
3 "A17"
4 "A38"
5 "A7"
6 "A48"
7 "A28"
8 "A41"
9 "A31"
10 "A12"
11 "A37"
12 "A11"
13 "A25"
14 "A3"
15 "A9"
16 "A15"
17 "A4"
18 "A8"
19 "A21"
20 "A26"
21 "A40"
22 "A14"
23 "A16"
24 "A36"
25 "A0"
26 "A1"
27 "A30"
28 "A22"
29 "A34"
30 "A49"
31 "A10"
32 "A19"
33 "A45"
34 "A39"
35 "A29"
36 "A6"
37 "A24"
38 "A18"
39 "A23"
40 "A42"
41 "A13"
42 "A5"
43 "A43"
44 "A20"
45 "A2"
46 "A47"
47 "A33"
48 "A44"
49 "A46"
16
0 39
0 13
0 33
0 18
0 45
0 42
0 37
0 40
0 32
0 9
0 29
0 10
0 49
0 46
0 35
0 44
20
1 8
1 20
1 34
1 17
1 9
1 44
1 3
1 12
1 13
1 18
1 42
1 23
1 47
1 45
1 33
1 49
1 5
1 21
1 30
1 28
24
2 44
2 27
2 4
2 6
2 48
2 17
2 25
2 14
2 40
2 18
2 43
2 45
2 31
2 0
2 36
2 32
2 1
2 47
2 3
2 46
2 22
2 39
2 20
2 19
17
3 23
3 19
3 29
3 44
3 46
3 12
3 0
3 42
3 15
3 36
3 21
3 14
3 49
3 37
3 45
3 41
3 38
19
4 31
4 7
4 45
4 22
4 14
4 23
4 42
4 25
4 33
4 32
4 20
4 0
4 26
4 17
4 18
4 46
4 12
4 10
4 47
22
5 4
5 42
5 27
5 38
5 21
5 24
5 17
5 15
5 30
5 26
5 11
5 49
5 14
5 3
5 41
5 48
5 8
5 37
5 0
5 39
5 32
5 44
25
6 38
6 14
6 0
6 9
6 5
6 13
6 16
6 8
6 49
6 7
6 36
6 31
6 1
6 40
6 30
6 27
6 17
6 45
6 42
6 48
6 20
6 26
6 3
6 18
6 12
22
7 45
7 17
7 48
7 42
7 29
7 14
7 2
7 5
7 19
7 35
7 27
7 39
7 1
7 49
7 34
7 23
7 30
7 0
7 10
7 44
7 3
7 8
13
8 18
8 29
8 3
8 46
8 0
8 45
8 17
8 10
8 43
8 25
8 4
8 24
8 27
15
9 26
9 12
9 24
9 31
9 45
9 5
9 23
9 25
9 37
9 43
9 30
9 4
9 19
9 29
9 2
16
10 6
10 46
10 36
10 24
10 3
10 1
10 30
10 45
10 35
10 2
10 5
10 49
10 25
10 18
10 41
10 9
28
11 9
11 25
11 26
11 8
11 42
11 47
11 24
11 4
11 15
11 14
11 41
11 30
11 23
11 34
11 6
11 13
11 45
11 20
11 16
11 22
11 28
11 21
11 37
11 1
11 39
11 10
11 19
11 17
20
12 26
12 41
12 14
12 19
12 11
12 5
12 43
12 7
12 22
12 8
12 44
12 29
12 17
12 36
12 35
12 49
12 32
12 33
12 15
12 2
14
13 16
13 46
13 25
13 23
13 41
13 5
13 21
13 42
13 22
13 8
13 10
13 33
13 48
13 3
17
14 22
14 8
14 1
14 9
14 16
14 19
14 48
14 17
14 49
14 24
14 34
14 38
14 32
14 29
14 10
14 26
14 44
15
15 27
15 28
15 6
15 0
15 40
15 19
15 22
15 17
15 39
15 33
15 41
15 18
15 14
15 35
15 25
18
16 35
16 23
16 8
16 46
16 12
16 31
16 32
16 44
16 18
16 36
16 15
16 40
16 26
16 5
16 1
16 4
16 22
16 24
19
17 43
17 31
17 19
17 9
17 34
17 24
17 23
17 32
17 16
17 13
17 27
17 20
17 46
17 10
17 42
17 44
17 40
17 26
17 3
17
18 32
18 45
18 11
18 49
18 12
18 5
18 36
18 39
18 22
18 42
18 7
18 26
18 9
18 20
18 29
18 43
18 46
20
19 29
19 13
19 10
19 8
19 38
19 26
19 47
19 25
19 36
19 31
19 18
19 30
19 6
19 21
19 0
19 5
19 49
19 16
19 34
19 28
17
20 31
20 8
20 10
20 13
20 47
20 19
20 49
20 3
20 34
20 46
20 26
20 12
20 9
20 37
20 14
20 22
20 15
23
21 46
21 18
21 28
21 33
21 8
21 30
21 10
21 14
21 45
21 2
21 29
21 9
21 31
21 48
21 12
21 15
21 47
21 26
21 36
21 16
21 22
21 42
21 6
21
22 5
22 29
22 49
22 8
22 17
22 9
22 7
22 41
22 48
22 36
22 3
22 0
22 23
22 6
22 25
22 19
22 1
22 31
22 34
22 24
22 44
17
23 12
23 44
23 43
23 10
23 48
23 37
23 45
23 26
23 20
23 2
23 21
23 14
23 6
23 35
23 0
23 31
23 19
22
24 43
24 46
24 2
24 27
24 37
24 31
24 18
24 25
24 21
24 13
24 0
24 1
24 6
24 12
24 3
24 20
24 49
24 30
24 32
24 34
24 29
24 41
17
25 20
25 31
25 12
25 3
25 37
25 48
25 36
25 23
25 1
25 29
25 46
25 38
25 49
25 33
25 47
25 17
25 45
15
26 38
26 15
26 48
26 45
26 0
26 10
26 27
26 24
26 25
26 7
26 34
26 35
26 33
26 32
26 8
24
27 18
27 11
27 0
27 19
27 39
27 32
27 14
27 3
27 20
27 33
27 25
27 38
27 48
27 10
27 45
27 13
27 42
27 12
27 35
27 1
27 22
27 40
27 44
27 37
22
28 17
28 12
28 5
28 43
28 24
28 44
28 6
28 16
28 4
28 26
28 2
28 23
28 35
28 34
28 29
28 3
28 22
28 27
28 20
28 45
28 25
28 18
18
29 34
29 40
29 1
29 35
29 6
29 15
29 23
29 5
29 41
29 26
29 10
29 11
29 48
29 13
29 17
29 20
29 2
29 46
18
30 3
30 32
30 16
30 22
30 37
30 48
30 17
30 14
30 4
30 35
30 27
30 29
30 18
30 2
30 28
30 15
30 12
30 36
15
31 28
31 18
31 13
31 8
31 30
31 5
31 35
31 27
31 11
31 26
31 15
31 12
31 38
31 10
31 0
22
32 31
32 23
32 19
32 28
32 49
32 36
32 38
32 6
32 43
32 10
32 1
32 47
32 22
32 7
32 48
32 13
32 15
32 11
32 9
32 8
32 29
32 42
26
33 41
33 14
33 7
33 6
33 37
33 48
33 40
33 10
33 5
33 22
33 32
33 35
33 28
33 17
33 9
33 31
33 19
33 38
33 23
33 47
33 34
33 24
33 2
33 49
33 16
33 18
22
34 25
34 10
34 45
34 5
34 35
34 38
34 16
34 0
34 4
34 30
34 13
34 23
34 2
34 49
34 15
34 18
34 41
34 27
34 3
34 9
34 8
34 6
21
35 38
35 47
35 22
35 5
35 24
35 3
35 45
35 13
35 19
35 49
35 37
35 46
35 14
35 21
35 2
35 11
35 43
35 8
35 1
35 17
35 9
22
36 8
36 29
36 31
36 47
36 26
36 11
36 9
36 14
36 4
36 28
36 34
36 48
36 5
36 24
36 49
36 20
36 17
36 13
36 27
36 1
36 0
36 33
17
37 2
37 42
37 48
37 17
37 14
37 26
37 13
37 10
37 40
37 36
37 38
37 19
37 8
37 22
37 34
37 1
37 18
21
38 12
38 13
38 43
38 2
38 10
38 16
38 46
38 9
38 24
38 4
38 18
38 44
38 15
38 1
38 48
38 39
38 17
38 7
38 20
38 45
38 0
20
39 19
39 34
39 35
39 6
39 30
39 41
39 33
39 10
39 3
39 12
39 32
39 46
39 23
39 9
39 25
39 4
39 43
39 26
39 21
39 20
24
40 5
40 11
40 22
40 9
40 7
40 34
40 25
40 43
40 31
40 23
40 32
40 12
40 20
40 21
40 46
40 10
40 18
40 39
40 35
40 3
40 30
40 13
40 24
40 28
25
41 45
41 32
41 37
41 6
41 21
41 4
41 27
41 47
41 2
41 8
41 40
41 42
41 36
41 38
41 0
41 28
41 17
41 1
41 18
41 9
41 25
41 20
41 26
41 19
41 30
19
42 14
42 12
42 8
42 40
42 39
42 33
42 30
42 10
42 38
42 19
42 43
42 44
42 34
42 31
42 25
42 16
42 15
42 47
42 2
24
43 13
43 3
43 16
43 34
43 20
43 26
43 19
43 29
43 15
43 14
43 7
43 25
43 0
43 6
43 21
43 1
43 27
43 48
43 22
43 36
43 41
43 44
43 4
43 11
20
44 45
44 11
44 25
44 15
44 39
44 20
44 4
44 9
44 35
44 8
44 34
44 48
44 13
44 40
44 37
44 26
44 30
44 47
44 18
44 24
19
45 20
45 12
45 39
45 24
45 14
45 43
45 17
45 22
45 13
45 46
45 32
45 30
45 29
45 19
45 36
45 5
45 40
45 33
45 15
17
46 23
46 22
46 49
46 31
46 19
46 43
46 41
46 15
46 37
46 44
46 26
46 30
46 48
46 32
46 33
46 12
46 11
21
47 30
47 10
47 49
47 15
47 3
47 26
47 0
47 46
47 39
47 8
47 45
47 40
47 13
47 18
47 31
47 23
47 17
47 34
47 27
47 24
47 5
17
48 8
48 35
48 15
48 45
48 16
48 3
48 40
48 0
48 41
48 28
48 42
48 20
48 49
48 19
48 34
48 9
48 24
17
49 16
49 30
49 26
49 4
49 29
49 37
49 28
49 17
49 13
49 44
49 23
49 31
49 15
49 9
49 2
49 45
49 41
