50
0 "A27"
1 "A32"
2 "A35"
3 "A17"
4 "A38"
5 "A7"
6 "A48"
7 "A28"
8 "A41"
9 "A31"
10 "A12"
11 "A37"
12 "A11"
13 "A25"
14 "A3"
15 "A9"
16 "A15"
17 "A4"
18 "A8"
19 "A21"
20 "A26"
21 "A40"
22 "A14"
23 "A16"
24 "A36"
25 "A0"
26 "A1"
27 "A30"
28 "A22"
29 "A34"
30 "A49"
31 "A10"
32 "A19"
33 "A45"
34 "A39"
35 "A29"
36 "A6"
37 "A24"
38 "A18"
39 "A23"
40 "A42"
41 "A13"
42 "A5"
43 "A43"
44 "A20"
45 "A2"
46 "A47"
47 "A33"
48 "A44"
49 "A46"
15
0 3
0 49
0 21
0 25
0 18
0 40
0 38
0 16
0 31
0 37
0 22
0 48
0 30
0 9
0 2
12
1 7
1 30
1 12
1 0
1 31
1 5
1 11
1 34
1 37
1 49
1 40
1 32
18
2 6
2 41
2 40
2 22
2 25
2 19
2 1
2 11
2 42
2 7
2 47
2 30
2 13
2 9
2 21
2 14
2 32
2 49
18
3 36
3 49
3 25
3 21
3 16
3 8
3 47
3 39
3 7
3 2
3 11
3 30
3 38
3 1
3 31
3 18
3 29
3 35
21
4 17
4 3
4 43
4 21
4 32
4 25
4 39
4 24
4 0
4 9
4 18
4 45
4 33
4 29
4 19
4 28
4 10
4 46
4 22
4 27
4 44
19
5 21
5 16
5 38
5 26
5 23
5 15
5 3
5 4
5 39
5 45
5 28
5 41
5 35
5 27
5 47
5 29
5 17
5 42
5 31
22
6 1
6 9
6 13
6 5
6 20
6 11
6 45
6 26
6 34
6 31
6 14
6 41
6 42
6 39
6 40
6 23
6 29
6 43
6 24
6 27
6 35
6 47
16
7 11
7 4
7 37
7 47
7 44
7 30
7 41
7 24
7 39
7 45
7 32
7 22
7 25
7 43
7 12
7 42
26
8 46
8 25
8 26
8 42
8 49
8 5
8 16
8 0
8 48
8 15
8 1
8 47
8 7
8 6
8 10
8 13
8 2
8 43
8 30
8 45
8 31
8 34
8 41
8 4
8 17
8 14
22
9 5
9 36
9 25
9 34
9 13
9 1
9 41
9 46
9 11
9 48
9 45
9 3
9 37
9 24
9 29
9 23
9 47
9 26
9 19
9 33
9 32
9 30
16
10 28
10 36
10 33
10 17
10 6
10 14
10 34
10 5
10 13
10 22
10 25
10 9
10 16
10 0
10 15
10 2
17
11 20
11 37
11 17
11 49
11 5
11 44
11 27
11 25
11 36
11 47
11 4
11 22
11 18
11 19
11 10
11 30
11 16
22
12 24
12 17
12 32
12 0
12 27
12 22
12 43
12 20
12 5
12 35
12 18
12 33
12 45
12 9
12 11
12 49
12 3
12 23
12 4
12 37
12 10
12 21
20
13 32
13 12
13 48
13 1
13 17
13 29
13 43
13 3
13 21
13 28
13 15
13 0
13 44
13 46
13 38
13 31
13 4
13 41
13 36
13 20
21
14 18
14 35
14 19
14 0
14 4
14 30
14 26
14 38
14 23
14 5
14 34
14 33
14 46
14 48
14 13
14 37
14 16
14 12
14 41
14 9
14 36
22
15 30
15 48
15 16
15 6
15 39
15 12
15 34
15 1
15 2
15 41
15 18
15 31
15 14
15 28
15 27
15 32
15 7
15 0
15 26
15 9
15 46
15 45
22
16 32
16 28
16 2
16 4
16 29
16 12
16 43
16 13
16 47
16 34
16 7
16 37
16 31
16 46
16 45
16 9
16 48
16 33
16 26
16 25
16 41
16 21
25
17 30
17 42
17 34
17 19
17 37
17 44
17 2
17 27
17 21
17 9
17 25
17 45
17 7
17 49
17 22
17 36
17 32
17 3
17 43
17 6
17 16
17 1
17 29
17 20
17 40
29
18 35
18 44
18 22
18 8
18 20
18 29
18 47
18 1
18 10
18 16
18 46
18 26
18 34
18 39
18 2
18 13
18 5
18 24
18 48
18 23
18 37
18 25
18 43
18 45
18 40
18 38
18 9
18 19
18 49
16
19 45
19 28
19 40
19 16
19 43
19 21
19 31
19 6
19 27
19 30
19 34
19 7
19 1
19 5
19 12
19 24
23
20 43
20 36
20 24
20 3
20 39
20 47
20 34
20 7
20 26
20 21
20 16
20 22
20 28
20 8
20 5
20 49
20 37
20 46
20 19
20 4
20 10
20 30
20 41
18
21 8
21 49
21 27
21 23
21 7
21 29
21 42
21 10
21 15
21 37
21 6
21 33
21 9
21 18
21 14
21 24
21 1
21 31
17
22 40
22 46
22 47
22 19
22 42
22 36
22 43
22 6
22 3
22 16
22 14
22 1
22 21
22 13
22 35
22 30
22 49
24
23 46
23 10
23 30
23 42
23 11
23 33
23 17
23 48
23 40
23 4
23 15
23 20
23 31
23 19
23 32
23 44
23 7
23 49
23 0
23 13
23 22
23 1
23 41
23 3
25
24 30
24 39
24 48
24 31
24 46
24 36
24 45
24 23
24 11
24 43
24 15
24 2
24 14
24 22
24 41
24 3
24 5
24 10
24 16
24 17
24 33
24 38
24 42
24 47
24 8
17
25 39
25 22
25 20
25 23
25 38
25 32
25 45
25 13
25 42
25 28
25 21
25 15
25 44
25 29
25 6
25 12
25 5
21
26 42
26 23
26 29
26 10
26 34
26 2
26 44
26 45
26 24
26 0
26 13
26 7
26 33
26 38
26 48
26 25
26 3
26 43
26 22
26 4
26 21
20
27 23
27 25
27 24
27 42
27 46
27 13
27 31
27 44
27 35
27 8
27 43
27 36
27 32
27 20
27 10
27 22
27 16
27 3
27 1
27 9
18
28 3
28 6
28 7
28 14
28 33
28 27
28 39
28 49
28 1
28 21
28 37
28 12
28 18
28 26
28 0
28 24
28 9
28 34
19
29 15
29 43
29 11
29 0
29 24
29 2
29 28
29 20
29 1
29 38
29 27
29 45
29 46
29 7
29 30
29 14
29 23
29 10
29 35
15
30 12
30 35
30 47
30 48
30 21
30 34
30 13
30 16
30 36
30 6
30 26
30 5
30 10
30 38
30 4
15
31 20
31 12
31 14
31 2
31 18
31 39
31 17
31 4
31 46
31 34
31 37
31 29
31 44
31 28
31 7
15
32 36
32 18
32 46
32 11
32 20
32 21
32 45
32 8
32 0
32 43
32 24
32 6
32 30
32 35
32 47
25
33 7
33 40
33 41
33 3
33 46
33 42
33 36
33 18
33 25
33 6
33 35
33 37
33 27
33 5
33 1
33 44
33 11
33 15
33 17
33 13
33 22
33 32
33 19
33 34
33 2
19
34 32
34 42
34 12
34 47
34 27
34 29
34 13
34 21
34 39
34 5
34 4
34 46
34 0
34 11
34 40
34 24
34 23
34 48
34 37
19
35 8
35 31
35 10
35 1
35 21
35 11
35 9
35 15
35 0
35 45
35 19
35 2
35 41
35 20
35 16
35 36
35 48
35 43
35 24
14
36 40
36 1
36 29
36 8
36 43
36 6
36 47
36 21
36 26
36 18
36 0
36 5
36 39
36 45
17
37 2
37 44
37 3
37 19
37 45
37 8
37 4
37 38
37 26
37 47
37 5
37 36
37 10
37 48
37 15
37 25
37 6
22
38 46
38 1
38 22
38 40
38 36
38 39
38 33
38 8
38 4
38 47
38 32
38 10
38 16
38 31
38 6
38 12
38 28
38 21
38 15
38 27
38 34
38 17
20
39 26
39 11
39 32
39 29
39 2
39 48
39 21
39 17
39 23
39 9
39 27
39 45
39 49
39 14
39 0
39 33
39 10
39 19
39 13
39 35
23
40 4
40 32
40 25
40 14
40 47
40 10
40 27
40 20
40 15
40 8
40 11
40 9
40 3
40 43
40 16
40 28
40 31
40 44
40 39
40 26
40 13
40 24
40 41
19
41 38
41 32
41 36
41 26
41 4
41 17
41 44
41 29
41 39
41 10
41 21
41 27
41 42
41 28
41 0
41 18
41 1
41 46
41 34
21
42 15
42 45
42 20
42 32
42 13
42 31
42 12
42 4
42 18
42 38
42 28
42 39
42 49
42 9
42 0
42 1
42 35
42 40
42 14
42 16
42 36
20
43 46
43 0
43 48
43 14
43 21
43 3
43 9
43 37
43 25
43 10
43 42
43 30
43 34
43 15
43 11
43 31
43 2
43 33
43 45
43 1
21
44 0
44 8
44 35
44 14
44 32
44 30
44 3
44 5
44 21
44 6
44 24
44 9
44 15
44 39
44 10
44 22
44 2
44 36
44 16
44 45
44 28
16
45 13
45 23
45 21
45 33
45 49
45 20
45 22
45 31
45 38
45 3
45 34
45 0
45 1
45 41
45 27
45 28
17
46 19
46 6
46 11
46 44
46 10
46 45
46 36
46 42
46 28
46 3
46 25
46 5
46 37
46 21
46 0
46 26
46 40
17
47 44
47 49
47 23
47 48
47 31
47 46
47 39
47 14
47 41
47 26
47 0
47 15
47 27
47 45
47 17
47 12
47 13
21
48 12
48 28
48 17
48 42
48 25
48 44
48 31
48 20
48 2
48 3
48 4
48 22
48 5
48 33
48 7
48 36
48 45
48 27
48 6
48 19
48 1
23
49 16
49 40
49 34
49 35
49 4
49 13
49 44
49 19
49 29
49 36
49 24
49 48
49 15
49 14
49 37
49 46
49 32
49 25
49 10
49 31
49 9
49 27
49 26
