50
0 "A27"
1 "A32"
2 "A35"
3 "A17"
4 "A38"
5 "A7"
6 "A48"
7 "A28"
8 "A41"
9 "A31"
10 "A12"
11 "A37"
12 "A11"
13 "A25"
14 "A3"
15 "A9"
16 "A15"
17 "A4"
18 "A8"
19 "A21"
20 "A26"
21 "A40"
22 "A14"
23 "A16"
24 "A36"
25 "A0"
26 "A1"
27 "A30"
28 "A22"
29 "A34"
30 "A49"
31 "A10"
32 "A19"
33 "A45"
34 "A39"
35 "A29"
36 "A6"
37 "A24"
38 "A18"
39 "A23"
40 "A42"
41 "A13"
42 "A5"
43 "A43"
44 "A20"
45 "A2"
46 "A47"
47 "A33"
48 "A44"
49 "A46"
16
0 29
0 7
0 36
0 24
0 43
0 22
0 20
0 12
0 4
0 42
0 16
0 32
0 37
0 39
0 19
0 1
15
1 23
1 40
1 16
1 35
1 43
1 9
1 11
1 45
1 6
1 26
1 32
1 25
1 10
1 42
1 22
21
2 35
2 15
2 41
2 17
2 33
2 16
2 25
2 23
2 31
2 5
2 30
2 43
2 40
2 29
2 20
2 37
2 44
2 12
2 13
2 0
2 9
23
3 38
3 34
3 23
3 20
3 27
3 46
3 44
3 45
3 6
3 11
3 25
3 4
3 12
3 7
3 15
3 36
3 16
3 8
3 10
3 30
3 37
3 49
3 14
20
4 8
4 37
4 30
4 46
4 41
4 12
4 34
4 47
4 2
4 28
4 18
4 13
4 9
4 44
4 24
4 1
4 32
4 20
4 10
4 33
23
5 10
5 12
5 21
5 9
5 7
5 17
5 0
5 4
5 25
5 24
5 35
5 49
5 40
5 39
5 31
5 33
5 20
5 46
5 44
5 38
5 18
5 13
5 3
21
6 46
6 35
6 18
6 8
6 25
6 20
6 15
6 26
6 27
6 33
6 45
6 40
6 17
6 42
6 30
6 49
6 32
6 5
6 4
6 16
6 0
21
7 10
7 33
7 22
7 39
7 30
7 25
7 28
7 20
7 34
7 43
7 31
7 36
7 35
7 13
7 18
7 49
7 16
7 6
7 1
7 45
7 2
19
8 24
8 45
8 15
8 35
8 36
8 40
8 26
8 14
8 46
8 32
8 38
8 13
8 0
8 1
8 5
8 9
8 44
8 27
8 25
19
9 29
9 12
9 16
9 42
9 17
9 23
9 3
9 40
9 24
9 43
9 6
9 34
9 36
9 30
9 48
9 27
9 46
9 0
9 44
15
10 13
10 39
10 40
10 22
10 19
10 11
10 25
10 23
10 26
10 20
10 31
10 49
10 17
10 29
10 43
18
11 18
11 8
11 26
11 0
11 48
11 28
11 43
11 2
11 22
11 44
11 29
11 23
11 37
11 45
11 27
11 16
11 4
11 15
21
12 35
12 16
12 46
12 26
12 27
12 19
12 24
12 8
12 38
12 32
12 1
12 44
12 20
12 6
12 7
12 25
12 37
12 17
12 42
12 11
12 30
24
13 15
13 32
13 19
13 37
13 0
13 41
13 22
13 17
13 6
13 40
13 11
13 14
13 45
13 9
13 3
13 38
13 18
13 28
13 1
13 48
13 27
13 44
13 12
13 33
24
14 38
14 26
14 33
14 21
14 4
14 7
14 30
14 10
14 17
14 0
14 36
14 28
14 49
14 47
14 5
14 46
14 9
14 16
14 15
14 48
14 45
14 11
14 6
14 2
15
15 5
15 16
15 1
15 25
15 39
15 36
15 32
15 30
15 40
15 49
15 48
15 9
15 20
15 12
15 22
12
16 10
16 23
16 4
16 40
16 47
16 28
16 13
16 20
16 41
16 21
16 43
16 36
24
17 25
17 34
17 43
17 44
17 22
17 36
17 23
17 7
17 48
17 49
17 47
17 15
17 18
17 26
17 4
17 8
17 16
17 24
17 41
17 39
17 29
17 19
17 21
17 1
22
18 10
18 19
18 36
18 1
18 23
18 14
18 0
18 49
18 21
18 37
18 3
18 28
18 30
18 29
18 34
18 12
18 40
18 46
18 32
18 2
18 15
18 24
17
19 8
19 5
19 34
19 16
19 35
19 14
19 32
19 4
19 23
19 9
19 26
19 41
19 30
19 36
19 22
19 43
19 3
20
20 8
20 47
20 27
20 25
20 13
20 26
20 38
20 42
20 17
20 11
20 41
20 43
20 24
20 31
20 36
20 48
20 32
20 39
20 19
20 18
25
21 45
21 37
21 40
21 11
21 1
21 8
21 15
21 3
21 20
21 31
21 49
21 0
21 42
21 12
21 10
21 7
21 4
21 2
21 13
21 26
21 23
21 41
21 19
21 6
21 9
25
22 37
22 4
22 12
22 44
22 41
22 45
22 23
22 30
22 26
22 38
22 34
22 31
22 32
22 18
22 6
22 16
22 29
22 21
22 48
22 9
22 33
22 24
22 2
22 3
22 14
14
23 37
23 0
23 40
23 29
23 44
23 20
23 27
23 4
23 49
23 26
23 5
23 14
23 15
23 12
17
24 23
24 19
24 26
24 15
24 30
24 6
24 13
24 31
24 40
24 47
24 16
24 45
24 38
24 32
24 10
24 33
24 49
17
25 46
25 26
25 33
25 18
25 4
25 23
25 19
25 9
25 29
25 22
25 28
25 48
25 16
25 0
25 35
25 11
25 13
16
26 46
26 33
26 49
26 7
26 38
26 3
26 18
26 32
26 39
26 13
26 15
26 31
26 40
26 37
26 2
26 28
19
27 26
27 31
27 21
27 17
27 42
27 25
27 14
27 15
27 1
27 30
27 19
27 10
27 33
27 4
27 5
27 18
27 36
27 34
27 40
23
28 49
28 1
28 23
28 21
28 6
28 22
28 0
28 35
28 2
28 33
28 3
28 43
28 8
28 27
28 32
28 34
28 41
28 40
28 38
28 5
28 12
28 48
28 15
24
29 43
29 46
29 3
29 48
29 45
29 36
29 14
29 35
29 5
29 21
29 8
29 6
29 27
29 49
29 31
29 47
29 16
29 24
29 15
29 20
29 44
29 42
29 19
29 13
20
30 35
30 29
30 8
30 48
30 17
30 40
30 23
30 13
30 25
30 21
30 16
30 1
30 11
30 5
30 0
30 34
30 45
30 47
30 39
30 46
19
31 1
31 40
31 8
31 19
31 13
31 23
31 30
31 25
31 0
31 9
31 3
31 38
31 6
31 16
31 43
31 28
31 47
31 18
31 37
19
32 35
32 38
32 10
32 27
32 45
32 31
32 16
32 23
32 11
32 39
32 2
32 42
32 9
32 21
32 3
32 43
32 34
32 5
32 49
22
33 32
33 36
33 23
33 3
33 9
33 30
33 11
33 15
33 12
33 49
33 21
33 48
33 40
33 19
33 41
33 44
33 29
33 45
33 0
33 18
33 1
33 8
22
34 5
34 23
34 1
34 11
34 48
34 15
34 13
34 49
34 12
34 0
34 31
34 2
34 41
34 8
34 14
34 33
34 25
34 35
34 10
34 26
34 6
34 38
20
35 27
35 49
35 42
35 26
35 22
35 36
35 9
35 24
35 39
35 40
35 16
35 14
35 13
35 0
35 17
35 21
35 45
35 10
35 31
35 18
18
36 34
36 5
36 22
36 12
36 37
36 1
36 4
36 32
36 40
36 28
36 6
36 11
36 49
36 43
36 2
36 21
36 10
36 31
23
37 44
37 5
37 7
37 46
37 33
37 43
37 34
37 30
37 14
37 25
37 35
37 28
37 45
37 29
37 32
37 49
37 20
37 27
37 48
37 17
37 16
37 39
37 6
21
38 25
38 18
38 10
38 15
38 40
38 39
38 46
38 35
38 4
38 43
38 33
38 0
38 49
38 11
38 37
38 27
38 36
38 6
38 29
38 16
38 1
24
39 27
39 46
39 2
39 36
39 23
39 16
39 21
39 19
39 41
39 4
39 24
39 40
39 12
39 14
39 31
39 13
39 45
39 1
39 47
39 9
39 8
39 6
39 11
39 33
15
40 41
40 25
40 32
40 47
40 34
40 17
40 3
40 11
40 43
40 12
40 37
40 19
40 29
40 0
40 22
18
41 38
41 8
41 24
41 3
41 45
41 29
41 6
41 0
41 31
41 37
41 18
41 1
41 5
41 25
41 14
41 27
41 47
41 15
23
42 44
42 16
42 26
42 31
42 23
42 13
42 49
42 22
42 38
42 33
42 10
42 40
42 14
42 7
42 47
42 24
42 17
42 41
42 36
42 28
42 19
42 30
42 34
21
43 46
43 41
43 47
43 5
43 13
43 12
43 25
43 22
43 33
43 6
43 4
43 39
43 35
43 30
43 23
43 26
43 21
43 24
43 18
43 15
43 27
23
44 15
44 43
44 35
44 18
44 36
44 26
44 7
44 24
44 34
44 6
44 45
44 30
44 41
44 31
44 38
44 40
44 14
44 32
44 47
44 39
44 0
44 19
44 28
13
45 36
45 4
45 18
45 17
45 5
45 16
45 10
45 23
45 27
45 0
45 12
45 9
45 20
16
46 42
46 22
46 11
46 27
46 17
46 45
46 21
46 40
46 36
46 33
46 10
46 16
46 23
46 34
46 44
46 35
20
47 3
47 8
47 18
47 12
47 10
47 15
47 2
47 1
47 38
47 13
47 37
47 22
47 33
47 21
47 27
47 34
47 35
47 0
47 45
47 46
19
48 16
48 41
48 6
48 8
48 32
48 47
48 40
48 4
48 43
48 7
48 0
48 26
48 10
48 27
48 5
48 18
48 35
48 45
48 42
14
49 41
49 4
49 20
49 1
49 0
49 9
49 45
49 31
49 16
49 19
49 11
49 40
49 2
49 39
