50
0 "A27"
1 "A32"
2 "A35"
3 "A17"
4 "A38"
5 "A7"
6 "A48"
7 "A28"
8 "A41"
9 "A31"
10 "A12"
11 "A37"
12 "A11"
13 "A25"
14 "A3"
15 "A9"
16 "A15"
17 "A4"
18 "A8"
19 "A21"
20 "A26"
21 "A40"
22 "A14"
23 "A16"
24 "A36"
25 "A0"
26 "A1"
27 "A30"
28 "A22"
29 "A34"
30 "A49"
31 "A10"
32 "A19"
33 "A45"
34 "A39"
35 "A29"
36 "A6"
37 "A24"
38 "A18"
39 "A23"
40 "A42"
41 "A13"
42 "A5"
43 "A43"
44 "A20"
45 "A2"
46 "A47"
47 "A33"
48 "A44"
49 "A46"
21
0 23
0 7
0 18
0 26
0 40
0 13
0 11
0 41
0 35
0 28
0 1
0 21
0 6
0 47
0 32
0 36
0 44
0 39
0 49
0 22
0 19
19
1 5
1 17
1 41
1 40
1 22
1 3
1 20
1 36
1 21
1 27
1 49
1 9
1 23
1 45
1 15
1 16
1 46
1 33
1 14
18
2 49
2 0
2 15
2 48
2 3
2 16
2 1
2 44
2 19
2 27
2 40
2 41
2 23
2 34
2 46
2 35
2 13
2 18
15
3 35
3 15
3 6
3 10
3 37
3 12
3 28
3 20
3 26
3 48
3 0
3 23
3 11
3 42
3 8
19
4 39
4 24
4 37
4 44
4 38
4 3
4 48
4 21
4 1
4 26
4 41
4 36
4 23
4 14
4 0
4 34
4 19
4 7
4 2
17
5 38
5 12
5 23
5 35
5 20
5 2
5 18
5 11
5 41
5 22
5 14
5 30
5 0
5 15
5 37
5 49
5 46
19
6 41
6 32
6 24
6 46
6 26
6 21
6 49
6 36
6 38
6 20
6 12
6 8
6 16
6 33
6 17
6 7
6 48
6 37
6 25
18
7 8
7 13
7 35
7 23
7 26
7 14
7 20
7 21
7 41
7 28
7 29
7 30
7 11
7 49
7 5
7 33
7 45
7 46
17
8 12
8 21
8 48
8 45
8 29
8 0
8 36
8 5
8 15
8 13
8 28
8 40
8 38
8 22
8 2
8 47
8 35
26
9 48
9 2
9 7
9 38
9 41
9 4
9 22
9 20
9 26
9 14
9 10
9 15
9 12
9 18
9 44
9 8
9 45
9 30
9 0
9 5
9 6
9 28
9 19
9 27
9 16
9 36
28
10 24
10 47
10 1
10 23
10 28
10 19
10 42
10 45
10 48
10 36
10 15
10 14
10 5
10 18
10 6
10 44
10 20
10 37
10 27
10 32
10 16
10 4
10 31
10 35
10 26
10 49
10 17
10 7
20
11 1
11 6
11 4
11 44
11 31
11 13
11 32
11 38
11 27
11 36
11 45
11 49
11 21
11 47
11 9
11 35
11 12
11 26
11 10
11 33
15
12 37
12 33
12 25
12 41
12 49
12 10
12 45
12 18
12 1
12 16
12 19
12 7
12 48
12 2
12 17
22
13 45
13 12
13 22
13 3
13 1
13 35
13 26
13 6
13 14
13 44
13 18
13 10
13 39
13 27
13 20
13 36
13 4
13 9
13 19
13 40
13 25
13 29
18
14 40
14 2
14 25
14 39
14 31
14 48
14 21
14 24
14 45
14 29
14 18
14 17
14 19
14 26
14 6
14 22
14 16
14 44
20
15 32
15 25
15 22
15 6
15 7
15 12
15 27
15 35
15 36
15 28
15 49
15 4
15 0
15 33
15 42
15 45
15 18
15 37
15 31
15 44
23
16 24
16 15
16 8
16 35
16 34
16 46
16 26
16 20
16 37
16 32
16 11
16 47
16 33
16 13
16 30
16 0
16 29
16 38
16 7
16 23
16 45
16 19
16 3
21
17 24
17 0
17 36
17 2
17 31
17 44
17 5
17 42
17 40
17 15
17 27
17 9
17 4
17 19
17 20
17 23
17 48
17 16
17 8
17 39
17 13
14
18 21
18 39
18 28
18 3
18 6
18 35
18 17
18 8
18 22
18 41
18 32
18 4
18 1
18 16
19
19 25
19 41
19 47
19 46
19 26
19 32
19 21
19 20
19 3
19 49
19 15
19 18
19 24
19 42
19 11
19 7
19 33
19 35
19 1
19
20 23
20 26
20 15
20 36
20 0
20 40
20 47
20 42
20 4
20 14
20 46
20 2
20 25
20 34
20 18
20 39
20 11
20 12
20 48
18
21 49
21 20
21 45
21 40
21 36
21 43
21 23
21 3
21 2
21 47
21 16
21 26
21 33
21 35
21 30
21 13
21 29
21 44
24
22 36
22 32
22 47
22 41
22 39
22 33
22 11
22 20
22 4
22 6
22 37
22 31
22 7
22 29
22 2
22 43
22 23
22 26
22 34
22 17
22 27
22 16
22 35
22 10
21
23 35
23 14
23 9
23 46
23 45
23 43
23 32
23 29
23 47
23 11
23 27
23 19
23 18
23 15
23 40
23 42
23 25
23 8
23 12
23 48
23 13
17
24 13
24 37
24 8
24 1
24 43
24 42
24 38
24 7
24 41
24 12
24 27
24 30
24 23
24 9
24 0
24 49
24 20
20
25 33
25 35
25 21
25 48
25 16
25 39
25 32
25 1
25 0
25 5
25 10
25 37
25 41
25 7
25 8
25 30
25 46
25 17
25 2
25 26
14
26 24
26 41
26 5
26 12
26 36
26 30
26 38
26 8
26 15
26 2
26 43
26 40
26 39
26 33
24
27 20
27 18
27 30
27 7
27 16
27 6
27 26
27 29
27 36
27 5
27 14
27 45
27 19
27 35
27 28
27 39
27 8
27 12
27 0
27 21
27 3
27 25
27 43
27 42
20
28 23
28 43
28 22
28 34
28 14
28 11
28 32
28 2
28 5
28 33
28 45
28 12
28 4
28 38
28 1
28 17
28 13
28 26
28 21
28 41
20
29 37
29 19
29 46
29 10
29 41
29 5
29 20
29 17
29 12
29 4
29 3
29 44
29 31
29 2
29 26
29 33
29 11
29 0
29 24
29 15
23
30 42
30 34
30 14
30 17
30 8
30 1
30 6
30 3
30 23
30 11
30 33
30 22
30 15
30 38
30 0
30 40
30 2
30 19
30 13
30 10
30 43
30 45
30 12
18
31 37
31 34
31 26
31 33
31 47
31 9
31 25
31 20
31 19
31 49
31 40
31 3
31 23
31 38
31 46
31 21
31 18
31 8
23
32 5
32 42
32 39
32 48
32 36
32 31
32 20
32 14
32 7
32 45
32 43
32 13
32 29
32 4
32 8
32 30
32 35
32 21
32 41
32 37
32 24
32 49
32 17
14
33 14
33 17
33 5
33 36
33 32
33 42
33 20
33 39
33 41
33 3
33 8
33 34
33 23
33 4
24
34 14
34 25
34 13
34 5
34 18
34 1
34 43
34 47
34 23
34 10
34 21
34 17
34 12
34 29
34 41
34 3
34 32
34 44
34 38
34 24
34 9
34 0
34 7
34 46
14
35 1
35 42
35 20
35 28
35 44
35 37
35 31
35 46
35 33
35 34
35 14
35 30
35 4
35 24
16
36 31
36 25
36 34
36 12
36 39
36 49
36 2
36 18
36 14
36 30
36 42
36 37
36 29
36 35
36 41
36 23
14
37 0
37 8
37 39
37 45
37 21
37 2
37 30
37 18
37 34
37 33
37 7
37 14
37 48
37 27
20
38 2
38 7
38 32
38 21
38 3
38 43
38 42
38 14
38 36
38 15
38 49
38 12
38 45
38 35
38 41
38 29
38 48
38 10
38 23
38 37
20
39 49
39 23
39 15
39 10
39 31
39 34
39 42
39 2
39 1
39 43
39 29
39 19
39 30
39 8
39 16
39 11
39 38
39 5
39 7
39 21
23
40 9
40 19
40 35
40 32
40 11
40 15
40 3
40 18
40 12
40 7
40 5
40 36
40 39
40 37
40 38
40 6
40 41
40 25
40 28
40 29
40 34
40 27
40 16
15
41 13
41 8
41 11
41 17
41 3
41 16
41 39
41 31
41 14
41 30
41 37
41 20
41 46
41 45
41 23
21
42 4
42 29
42 13
42 5
42 37
42 40
42 22
42 21
42 41
42 26
42 8
42 44
42 18
42 16
42 34
42 9
42 2
42 28
42 31
42 11
42 7
21
43 13
43 37
43 9
43 29
43 3
43 10
43 16
43 36
43 42
43 12
43 0
43 6
43 11
43 41
43 14
43 4
43 25
43 15
43 31
43 17
43 19
22
44 1
44 16
44 38
44 19
44 23
44 3
44 26
44 30
44 7
44 22
44 20
44 43
44 41
44 40
44 36
44 5
44 37
44 31
44 6
44 8
44 39
44 12
15
45 34
45 20
45 6
45 47
45 3
45 22
45 40
45 26
45 18
45 44
45 17
45 43
45 33
45 39
45 36
23
46 26
46 22
46 4
46 9
46 11
46 0
46 44
46 10
46 8
46 39
46 17
46 27
46 43
46 24
46 36
46 45
46 49
46 38
46 48
46 21
46 42
46 18
46 32
26
47 27
47 36
47 35
47 17
47 3
47 33
47 26
47 43
47 44
47 42
47 49
47 14
47 9
47 29
47 6
47 15
47 48
47 25
47 1
47 46
47 41
47 37
47 5
47 39
47 40
47 32
26
48 1
48 21
48 30
48 11
48 36
48 41
48 35
48 19
48 24
48 26
48 42
48 5
48 7
48 43
48 39
48 0
48 13
48 22
48 15
48 31
48 44
48 29
48 33
48 34
48 49
48 45
16
49 3
49 9
49 42
49 34
49 27
49 17
49 18
49 14
49 4
49 23
49 16
49 43
49 8
49 22
49 44
49 37
