50
0 "A15"
1 "A16"
2 "A47"
3 "A37"
4 "A30"
5 "A44"
6 "A26"
7 "A3"
8 "A29"
9 "A25"
10 "A0"
11 "A10"
12 "A5"
13 "A36"
14 "A27"
15 "A28"
16 "A45"
17 "A21"
18 "A9"
19 "A19"
20 "A23"
21 "A12"
22 "A42"
23 "A8"
24 "A38"
25 "A17"
26 "A11"
27 "A20"
28 "A46"
29 "A2"
30 "A14"
31 "A34"
32 "A24"
33 "A43"
34 "A41"
35 "A48"
36 "A13"
37 "A22"
38 "A39"
39 "A4"
40 "A49"
41 "A35"
42 "A31"
43 "A7"
44 "A33"
45 "A18"
46 "A32"
47 "A1"
48 "A6"
49 "A40"
17
0 44
0 30
0 21
0 35
0 7
0 6
0 10
0 40
0 26
0 47
0 3
0 36
0 39
0 2
0 5
0 4
0 31
22
1 16
1 22
1 20
1 41
1 43
1 34
1 17
1 6
1 31
1 4
1 27
1 0
1 30
1 40
1 13
1 45
1 5
1 28
1 14
1 44
1 11
1 36
19
2 19
2 20
2 29
2 45
2 21
2 39
2 7
2 11
2 48
2 27
2 17
2 35
2 4
2 15
2 49
2 22
2 16
2 8
2 43
18
3 48
3 26
3 10
3 16
3 11
3 6
3 40
3 12
3 5
3 23
3 13
3 19
3 43
3 41
3 24
3 39
3 22
3 33
15
4 11
4 24
4 35
4 9
4 16
4 45
4 21
4 46
4 33
4 44
4 7
4 41
4 15
4 47
4 48
21
5 42
5 10
5 24
5 47
5 41
5 2
5 34
5 13
5 44
5 4
5 40
5 43
5 11
5 48
5 15
5 16
5 12
5 21
5 46
5 26
5 6
17
6 28
6 21
6 43
6 33
6 10
6 19
6 49
6 15
6 9
6 11
6 30
6 36
6 2
6 4
6 40
6 20
6 37
21
7 37
7 27
7 34
7 45
7 22
7 32
7 30
7 13
7 12
7 10
7 19
7 44
7 3
7 5
7 6
7 8
7 26
7 47
7 46
7 20
7 14
19
8 1
8 14
8 0
8 27
8 23
8 11
8 48
8 47
8 44
8 6
8 12
8 29
8 49
8 5
8 18
8 31
8 3
8 40
8 42
21
9 22
9 2
9 0
9 46
9 12
9 8
9 28
9 49
9 45
9 1
9 23
9 44
9 39
9 35
9 14
9 40
9 11
9 20
9 3
9 47
9 7
13
10 27
10 40
10 25
10 24
10 37
10 45
10 11
10 15
10 16
10 35
10 1
10 30
10 48
15
11 33
11 22
11 30
11 0
11 21
11 12
11 47
11 44
11 34
11 7
11 42
11 25
11 48
11 37
11 14
17
12 10
12 38
12 4
12 33
12 34
12 2
12 43
12 6
12 29
12 22
12 26
12 1
12 31
12 45
12 0
12 16
12 37
22
13 16
13 25
13 29
13 6
13 34
13 45
13 23
13 32
13 11
13 9
13 47
13 42
13 30
13 31
13 19
13 27
13 49
13 4
13 39
13 46
13 36
13 2
22
14 21
14 2
14 3
14 45
14 13
14 47
14 39
14 26
14 35
14 19
14 40
14 32
14 5
14 12
14 15
14 33
14 20
14 25
14 0
14 22
14 10
14 29
17
15 48
15 44
15 3
15 33
15 42
15 20
15 16
15 43
15 17
15 11
15 41
15 7
15 23
15 19
15 13
15 26
15 0
20
16 19
16 41
16 36
16 0
16 6
16 9
16 17
16 8
16 25
16 47
16 40
16 44
16 23
16 11
16 24
16 7
16 21
16 48
16 14
16 18
22
17 39
17 36
17 9
17 33
17 10
17 5
17 3
17 21
17 28
17 41
17 8
17 26
17 24
17 35
17 11
17 4
17 30
17 42
17 20
17 23
17 7
17 13
22
18 3
18 4
18 22
18 12
18 2
18 28
18 13
18 31
18 11
18 43
18 10
18 9
18 1
18 38
18 24
18 35
18 21
18 42
18 37
18 25
18 15
18 33
24
19 8
19 49
19 42
19 41
19 35
19 25
19 33
19 46
19 21
19 10
19 24
19 5
19 4
19 34
19 43
19 27
19 36
19 45
19 1
19 28
19 12
19 47
19 17
19 40
19
20 24
20 37
20 27
20 22
20 38
20 4
20 3
20 12
20 43
20 5
20 19
20 39
20 45
20 29
20 40
20 26
20 28
20 10
20 35
15
21 35
21 30
21 49
21 10
21 25
21 3
21 40
21 9
21 7
21 39
21 12
21 15
21 46
21 28
21 31
21
22 0
22 13
22 45
22 34
22 24
22 29
22 10
22 26
22 6
22 33
22 44
22 46
22 30
22 42
22 5
22 25
22 19
22 37
22 39
22 41
22 40
18
23 20
23 37
23 22
23 41
23 49
23 31
23 40
23 48
23 1
23 11
23 5
23 18
23 27
23 36
23 12
23 6
23 0
23 38
19
24 2
24 41
24 45
24 43
24 6
24 46
24 0
24 8
24 23
24 26
24 33
24 36
24 48
24 44
24 15
24 42
24 11
24 1
24 31
25
25 0
25 41
25 23
25 1
25 8
25 35
25 15
25 2
25 29
25 32
25 39
25 20
25 49
25 45
25 6
25 4
25 42
25 44
25 24
25 7
25 31
25 9
25 34
25 40
25 36
22
26 35
26 13
26 28
26 30
26 39
26 16
26 49
26 1
26 31
26 40
26 4
26 27
26 47
26 18
26 44
26 9
26 10
26 38
26 25
26 2
26 11
26 41
17
27 14
27 0
27 33
27 48
27 46
27 6
27 29
27 42
27 44
27 18
27 9
27 3
27 45
27 43
27 38
27 17
27 15
22
28 25
28 39
28 36
28 45
28 47
28 49
28 12
28 3
28 11
28 42
28 4
28 16
28 13
28 37
28 5
28 8
28 22
28 27
28 30
28 24
28 34
28 23
25
29 11
29 18
29 17
29 6
29 4
29 3
29 0
29 32
29 5
29 23
29 46
29 24
29 7
29 45
29 16
29 21
29 40
29 37
29 43
29 42
29 9
29 26
29 1
29 10
29 15
24
30 44
30 14
30 43
30 23
30 45
30 4
30 46
30 5
30 20
30 37
30 32
30 15
30 19
30 39
30 8
30 47
30 38
30 42
30 3
30 24
30 36
30 48
30 2
30 35
18
31 16
31 40
31 38
31 6
31 32
31 14
31 3
31 29
31 46
31 19
31 41
31 17
31 15
31 7
31 5
31 11
31 30
31 20
24
32 19
32 44
32 4
32 36
32 16
32 27
32 33
32 0
32 15
32 9
32 43
32 22
32 18
32 21
32 11
32 28
32 17
32 41
32 5
32 1
32 46
32 37
32 3
32 20
18
33 25
33 30
33 7
33 8
33 38
33 31
33 34
33 36
33 10
33 2
33 37
33 39
33 41
33 9
33 23
33 29
33 5
33 48
21
34 40
34 23
34 35
34 2
34 44
34 14
34 32
34 41
34 26
34 49
34 45
34 27
34 9
34 39
34 6
34 30
34 36
34 21
34 29
34 37
34 24
18
35 27
35 22
35 33
35 24
35 40
35 5
35 39
35 12
35 32
35 7
35 23
35 43
35 13
35 1
35 49
35 16
35 38
35 28
20
36 5
36 15
36 49
36 46
36 20
36 22
36 4
36 38
36 37
36 3
36 45
36 11
36 26
36 39
36 12
36 31
36 14
36 41
36 29
36 18
17
37 25
37 43
37 3
37 14
37 4
37 31
37 17
37 9
37 2
37 19
37 38
37 41
37 48
37 21
37 44
37 15
37 0
22
38 44
38 42
38 49
38 9
38 34
38 7
38 0
38 5
38 24
38 22
38 32
38 15
38 29
38 10
38 4
38 11
38 2
38 16
38 17
38 46
38 40
38 19
16
39 43
39 5
39 4
39 8
39 27
39 1
39 18
39 48
39 24
39 16
39 29
39 23
39 15
39 31
39 19
39 40
20
40 41
40 30
40 4
40 32
40 7
40 2
40 11
40 37
40 12
40 13
40 27
40 46
40 17
40 45
40 48
40 43
40 18
40 44
40 49
40 28
16
41 12
41 13
41 27
41 43
41 9
41 20
41 44
41 39
41 10
41 29
41 28
41 11
41 14
41 35
41 42
41 21
20
42 21
42 43
42 7
42 37
42 36
42 6
42 39
42 31
42 32
42 20
42 16
42 23
42 0
42 3
42 44
42 10
42 40
42 33
42 26
42 1
20
43 10
43 45
43 28
43 25
43 7
43 22
43 21
43 31
43 17
43 13
43 46
43 23
43 26
43 49
43 38
43 8
43 11
43 48
43 33
43 14
16
44 20
44 48
44 10
44 19
44 23
44 36
44 49
44 35
44 31
44 17
44 28
44 3
44 2
44 18
44 33
44 46
18
45 21
45 8
45 35
45 41
45 26
45 38
45 16
45 46
45 17
45 31
45 5
45 49
45 39
45 37
45 11
45 23
45 6
45 0
18
46 16
46 23
46 15
46 47
46 2
46 8
46 10
46 42
46 28
46 37
46 11
46 35
46 34
46 25
46 12
46 3
46 1
46 33
28
47 20
47 29
47 35
47 37
47 22
47 36
47 33
47 12
47 24
47 23
47 44
47 34
47 10
47 3
47 15
47 18
47 40
47 1
47 2
47 25
47 21
47 42
47 17
47 32
47 39
47 43
47 6
47 45
22
48 6
48 7
48 35
48 49
48 28
48 18
48 0
48 13
48 17
48 42
48 26
48 34
48 9
48 45
48 1
48 25
48 46
48 19
48 41
48 14
48 21
48 47
17
49 4
49 22
49 5
49 32
49 1
49 37
49 12
49 30
49 41
49 39
49 16
49 15
49 27
49 7
49 24
49 3
49 10
