50
0 "A15"
1 "A16"
2 "A47"
3 "A37"
4 "A30"
5 "A44"
6 "A26"
7 "A3"
8 "A29"
9 "A25"
10 "A0"
11 "A10"
12 "A5"
13 "A36"
14 "A27"
15 "A28"
16 "A45"
17 "A21"
18 "A9"
19 "A19"
20 "A23"
21 "A12"
22 "A42"
23 "A8"
24 "A38"
25 "A17"
26 "A11"
27 "A20"
28 "A46"
29 "A2"
30 "A14"
31 "A34"
32 "A24"
33 "A43"
34 "A41"
35 "A48"
36 "A13"
37 "A22"
38 "A39"
39 "A4"
40 "A49"
41 "A35"
42 "A31"
43 "A7"
44 "A33"
45 "A18"
46 "A32"
47 "A1"
48 "A6"
49 "A40"
21
0 14
0 18
0 16
0 7
0 36
0 12
0 25
0 29
0 32
0 48
0 22
0 35
0 13
0 23
0 49
0 6
0 34
0 4
0 40
0 31
0 28
19
1 4
1 10
1 42
1 7
1 45
1 24
1 44
1 17
1 37
1 18
1 22
1 46
1 9
1 20
1 11
1 38
1 30
1 0
1 32
21
2 31
2 34
2 38
2 7
2 47
2 5
2 6
2 22
2 8
2 43
2 1
2 32
2 14
2 19
2 42
2 4
2 30
2 13
2 18
2 37
2 20
22
3 5
3 16
3 6
3 24
3 38
3 30
3 33
3 1
3 48
3 2
3 0
3 36
3 20
3 29
3 32
3 44
3 43
3 22
3 23
3 34
3 7
3 19
20
4 9
4 20
4 45
4 44
4 28
4 39
4 7
4 30
4 24
4 23
4 8
4 11
4 15
4 27
4 5
4 33
4 12
4 6
4 38
4 10
20
5 28
5 40
5 11
5 14
5 18
5 36
5 29
5 31
5 44
5 26
5 34
5 10
5 48
5 41
5 17
5 1
5 16
5 45
5 22
5 27
15
6 26
6 16
6 36
6 19
6 46
6 22
6 1
6 11
6 33
6 18
6 29
6 38
6 14
6 13
6 5
18
7 25
7 20
7 33
7 8
7 42
7 27
7 37
7 6
7 47
7 26
7 5
7 46
7 44
7 30
7 45
7 18
7 21
7 48
19
8 14
8 22
8 43
8 9
8 30
8 37
8 1
8 49
8 24
8 13
8 27
8 0
8 35
8 12
8 39
8 44
8 48
8 18
8 5
23
9 6
9 19
9 28
9 21
9 12
9 17
9 31
9 32
9 43
9 49
9 47
9 7
9 40
9 29
9 5
9 45
9 2
9 3
9 39
9 13
9 44
9 35
9 10
16
10 33
10 40
10 35
10 45
10 8
10 25
10 30
10 36
10 37
10 7
10 34
10 11
10 39
10 32
10 28
10 0
22
11 18
11 9
11 49
11 21
11 36
11 30
11 17
11 23
11 28
11 22
11 35
11 2
11 14
11 31
11 38
11 29
11 16
11 15
11 13
11 24
11 0
11 7
21
12 1
12 28
12 31
12 5
12 11
12 2
12 29
12 15
12 34
12 14
12 24
12 13
12 21
12 48
12 26
12 42
12 7
12 18
12 45
12 17
12 40
14
13 15
13 41
13 20
13 47
13 7
13 1
13 10
13 27
13 40
13 4
13 5
13 21
13 32
13 29
18
14 37
14 1
14 9
14 15
14 32
14 22
14 33
14 35
14 34
14 19
14 7
14 17
14 42
14 24
14 25
14 13
14 27
14 36
20
15 43
15 5
15 8
15 17
15 20
15 36
15 45
15 9
15 1
15 30
15 6
15 3
15 22
15 24
15 7
15 49
15 0
15 31
15 46
15 38
25
16 9
16 21
16 14
16 44
16 7
16 29
16 46
16 45
16 18
16 27
16 13
16 47
16 32
16 20
16 1
16 42
16 38
16 2
16 17
16 28
16 31
16 34
16 33
16 24
16 4
23
17 25
17 13
17 7
17 8
17 39
17 36
17 34
17 24
17 21
17 6
17 18
17 26
17 48
17 27
17 42
17 3
17 46
17 31
17 2
17 44
17 10
17 19
17 49
18
18 35
18 44
18 43
18 19
18 38
18 13
18 9
18 32
18 39
18 45
18 33
18 14
18 15
18 26
18 3
18 36
18 25
18 22
15
19 24
19 36
19 5
19 38
19 0
19 13
19 41
19 12
19 10
19 11
19 43
19 8
19 1
19 37
19 33
19
20 26
20 11
20 25
20 22
20 12
20 37
20 5
20 23
20 36
20 40
20 32
20 18
20 14
20 47
20 19
20 8
20 35
20 45
20 17
21
21 33
21 38
21 46
21 45
21 5
21 1
21 8
21 18
21 10
21 40
21 22
21 34
21 19
21 15
21 32
21 44
21 14
21 2
21 39
21 20
21 28
15
22 42
22 49
22 25
22 40
22 16
22 12
22 47
22 34
22 28
22 10
22 43
22 29
22 9
22 48
22 13
26
23 37
23 19
23 5
23 33
23 13
23 24
23 8
23 28
23 25
23 43
23 35
23 21
23 31
23 9
23 40
23 30
23 6
23 46
23 18
23 16
23 10
23 15
23 22
23 49
23 12
23 14
24
24 47
24 48
24 41
24 35
24 0
24 29
24 2
24 46
24 13
24 22
24 20
24 45
24 43
24 38
24 5
24 9
24 30
24 33
24 10
24 6
24 32
24 26
24 7
24 34
18
25 38
25 39
25 5
25 19
25 21
25 29
25 49
25 12
25 31
25 16
25 15
25 44
25 33
25 37
25 1
25 34
25 6
25 32
17
26 29
26 2
26 3
26 10
26 40
26 28
26 25
26 22
26 19
26 45
26 39
26 16
26 11
26 4
26 15
26 35
26 9
22
27 47
27 20
27 1
27 10
27 48
27 45
27 21
27 33
27 3
27 31
27 9
27 26
27 25
27 42
27 29
27 18
27 15
27 46
27 49
27 24
27 37
27 23
17
28 2
28 3
28 15
28 17
28 35
28 31
28 41
28 25
28 1
28 24
28 34
28 27
28 8
28 19
28 20
28 39
28 13
16
29 45
29 17
29 15
29 41
29 49
29 1
29 21
29 42
29 34
29 30
29 40
29 19
29 43
29 31
29 8
29 28
21
30 6
30 47
30 17
30 38
30 40
30 20
30 49
30 9
30 46
30 14
30 0
30 18
30 22
30 19
30 28
30 21
30 32
30 5
30 41
30 31
30 13
17
31 13
31 42
31 14
31 47
31 8
31 41
31 18
31 6
31 19
31 26
31 32
31 21
31 49
31 7
31 22
31 20
31 48
18
32 47
32 28
32 8
32 37
32 41
32 29
32 45
32 17
32 22
32 46
32 36
32 23
32 27
32 35
32 5
32 15
32 38
32 19
17
33 26
33 9
33 12
33 42
33 30
33 0
33 28
33 29
33 13
33 1
33 20
33 11
33 38
33 17
33 2
33 40
33 43
21
34 26
34 4
34 11
34 49
34 7
34 9
34 32
34 27
34 8
34 37
34 48
34 45
34 13
34 1
34 39
34 18
34 41
34 6
34 20
34 31
34 15
19
35 4
35 6
35 43
35 31
35 44
35 21
35 7
35 40
35 25
35 36
35 33
35 2
35 17
35 30
35 42
35 1
35 3
35 15
35 46
19
36 34
36 43
36 47
36 24
36 41
36 12
36 1
36 38
36 30
36 27
36 48
36 8
36 25
36 7
36 2
36 21
36 23
36 16
36 28
23
37 5
37 4
37 48
37 26
37 36
37 12
37 28
37 13
37 43
37 6
37 33
37 18
37 30
37 31
37 15
37 29
37 24
37 17
37 0
37 21
37 41
37 9
37 16
17
38 39
38 0
38 9
38 20
38 12
38 13
38 17
38 37
38 34
38 7
38 5
38 8
38 28
38 27
38 31
38 40
38 49
21
39 11
39 49
39 13
39 15
39 0
39 16
39 35
39 5
39 29
39 46
39 1
39 20
39 41
39 23
39 7
39 37
39 45
39 6
39 30
39 47
39 14
19
40 28
40 32
40 49
40 7
40 6
40 15
40 39
40 48
40 37
40 42
40 34
40 27
40 25
40 46
40 3
40 19
40 11
40 36
40 2
25
41 10
41 38
41 40
41 15
41 16
41 7
41 2
41 48
41 23
41 3
41 47
41 11
41 33
41 18
41 46
41 0
41 4
41 26
41 17
41 8
41 20
41 21
41 27
41 6
41 9
19
42 32
42 20
42 11
42 10
42 4
42 34
42 38
42 19
42 3
42 8
42 18
42 39
42 37
42 6
42 26
42 21
42 9
42 13
42 28
17
43 31
43 20
43 13
43 21
43 34
43 10
43 32
43 7
43 6
43 16
43 44
43 28
43 49
43 38
43 25
43 30
43 1
24
44 36
44 39
44 49
44 11
44 31
44 30
44 33
44 28
44 46
44 2
44 40
44 41
44 14
44 0
44 48
44 37
44 38
44 24
44 13
44 15
44 10
44 32
44 20
44 47
21
45 0
45 11
45 8
45 46
45 14
45 25
45 28
45 41
45 37
45 35
45 17
45 38
45 19
45 44
45 23
45 30
45 33
45 49
45 22
45 36
45 31
19
46 10
46 14
46 37
46 3
46 2
46 38
46 36
46 33
46 34
46 12
46 28
46 11
46 31
46 29
46 25
46 8
46 0
46 19
46 4
17
47 23
47 42
47 35
47 3
47 33
47 40
47 43
47 21
47 6
47 29
47 19
47 4
47 18
47 11
47 0
47 48
47 25
23
48 33
48 10
48 4
48 23
48 29
48 28
48 32
48 20
48 9
48 39
48 18
48 46
48 21
48 15
48 42
48 14
48 19
48 1
48 2
48 16
48 13
48 38
48 45
18
49 48
49 21
49 42
49 1
49 19
49 26
49 12
49 32
49 37
49 10
49 16
49 28
49 4
49 2
49 6
49 14
49 41
49 7
