50
0 "A30"
1 "A2"
2 "A16"
3 "A36"
4 "A40"
5 "A17"
6 "A11"
7 "A46"
8 "A37"
9 "A41"
10 "A44"
11 "A0"
12 "A45"
13 "A10"
14 "A43"
15 "A47"
16 "A24"
17 "A22"
18 "A23"
19 "A19"
20 "A33"
21 "A3"
22 "A28"
23 "A4"
24 "A38"
25 "A18"
26 "A27"
27 "A5"
28 "A21"
29 "A34"
30 "A1"
31 "A48"
32 "A32"
33 "A7"
34 "A49"
35 "A42"
36 "A20"
37 "A39"
38 "A8"
39 "A6"
40 "A13"
41 "A31"
42 "A15"
43 "A25"
44 "A12"
45 "A14"
46 "A35"
47 "A9"
48 "A29"
49 "A26"
18
0 26
0 21
0 31
0 42
0 41
0 20
0 28
0 48
0 18
0 27
0 13
0 2
0 37
0 46
0 7
0 39
0 23
0 25
15
1 27
1 3
1 43
1 29
1 35
1 44
1 47
1 26
1 16
1 32
1 28
1 20
1 31
1 21
1 46
18
2 43
2 22
2 4
2 14
2 44
2 5
2 15
2 39
2 30
2 16
2 48
2 1
2 9
2 6
2 32
2 49
2 46
2 33
19
3 40
3 29
3 26
3 0
3 35
3 5
3 12
3 14
3 42
3 17
3 4
3 18
3 47
3 9
3 19
3 20
3 31
3 10
3 28
14
4 34
4 40
4 18
4 1
4 0
4 25
4 36
4 46
4 5
4 10
4 26
4 45
4 37
4 17
17
5 42
5 36
5 41
5 45
5 30
5 21
5 23
5 46
5 1
5 33
5 19
5 11
5 13
5 8
5 22
5 0
5 27
16
6 33
6 1
6 24
6 44
6 49
6 37
6 12
6 22
6 46
6 14
6 0
6 17
6 20
6 47
6 15
6 5
24
7 27
7 5
7 49
7 1
7 6
7 11
7 41
7 46
7 14
7 4
7 28
7 26
7 33
7 10
7 15
7 23
7 42
7 39
7 48
7 8
7 12
7 16
7 43
7 30
15
8 12
8 35
8 39
8 20
8 46
8 13
8 37
8 10
8 11
8 0
8 45
8 48
8 2
8 18
8 1
21
9 26
9 6
9 47
9 7
9 32
9 17
9 43
9 23
9 27
9 21
9 35
9 22
9 49
9 41
9 48
9 37
9 38
9 8
9 11
9 16
9 0
20
10 47
10 0
10 18
10 2
10 39
10 14
10 6
10 34
10 22
10 36
10 40
10 1
10 25
10 38
10 28
10 26
10 12
10 32
10 20
10 11
18
11 36
11 14
11 25
11 22
11 48
11 33
11 29
11 23
11 30
11 45
11 37
11 40
11 20
11 26
11 18
11 3
11 43
11 1
17
12 37
12 5
12 11
12 29
12 33
12 9
12 28
12 40
12 45
12 0
12 2
12 20
12 4
12 1
12 44
12 26
12 19
20
13 11
13 3
13 45
13 1
13 48
13 27
13 30
13 41
13 20
13 33
13 12
13 24
13 7
13 32
13 46
13 35
13 28
13 22
13 34
13 39
19
14 25
14 29
14 26
14 35
14 5
14 46
14 1
14 34
14 24
14 32
14 23
14 22
14 27
14 19
14 45
14 43
14 36
14 40
14 44
25
15 47
15 34
15 30
15 25
15 22
15 0
15 1
15 26
15 16
15 11
15 43
15 27
15 9
15 10
15 40
15 17
15 49
15 14
15 13
15 42
15 33
15 36
15 5
15 23
15 45
15
16 5
16 46
16 8
16 24
16 48
16 22
16 41
16 43
16 19
16 27
16 28
16 3
16 32
16 6
16 38
20
17 11
17 1
17 34
17 5
17 29
17 19
17 10
17 37
17 31
17 8
17 20
17 22
17 42
17 2
17 14
17 36
17 40
17 26
17 33
17 16
19
18 14
18 21
18 17
18 12
18 6
18 34
18 2
18 1
18 28
18 39
18 25
18 22
18 20
18 48
18 24
18 5
18 40
18 38
18 9
21
19 10
19 15
19 0
19 28
19 34
19 44
19 49
19 37
19 36
19 22
19 20
19 13
19 25
19 42
19 11
19 23
19 4
19 47
19 32
19 7
19 27
17
20 9
20 15
20 37
20 32
20 23
20 47
20 4
20 14
20 46
20 48
20 26
20 2
20 16
20 39
20 31
20 7
20 21
20
21 19
21 3
21 15
21 48
21 49
21 46
21 37
21 25
21 28
21 12
21 24
21 10
21 44
21 22
21 43
21 8
21 13
21 11
21 6
21 42
19
22 41
22 39
22 23
22 34
22 46
22 12
22 0
22 1
22 49
22 48
22 20
22 32
22 45
22 36
22 7
22 30
22 8
22 44
22 40
22
23 18
23 35
23 10
23 13
23 8
23 30
23 2
23 1
23 34
23 12
23 33
23 4
23 32
23 26
23 16
23 39
23 40
23 43
23 24
23 45
23 6
23 21
23
24 31
24 8
24 19
24 4
24 29
24 44
24 28
24 12
24 9
24 46
24 36
24 7
24 20
24 43
24 37
24 35
24 2
24 1
24 38
24 11
24 17
24 45
24 0
19
25 26
25 16
25 46
25 24
25 35
25 27
25 8
25 41
25 29
25 22
25 28
25 34
25 43
25 17
25 13
25 6
25 7
25 23
25 32
20
26 19
26 36
26 46
26 27
26 39
26 6
26 43
26 29
26 2
26 13
26 21
26 35
26 8
26 18
26 38
26 31
26 41
26 49
26 24
26 42
17
27 22
27 42
27 20
27 28
27 39
27 23
27 8
27 31
27 48
27 41
27 4
27 49
27 17
27 34
27 12
27 21
27 36
21
28 31
28 6
28 5
28 9
28 8
28 2
28 23
28 36
28 48
28 49
28 11
28 44
28 42
28 40
28 41
28 22
28 14
28 17
28 4
28 15
28 20
21
29 15
29 36
29 42
29 16
29 49
29 28
29 21
29 6
29 31
29 19
29 45
29 5
29 23
29 22
29 37
29 7
29 48
29 8
29 2
29 20
29 9
27
30 27
30 1
30 19
30 8
30 6
30 24
30 41
30 42
30 10
30 38
30 33
30 9
30 3
30 0
30 46
30 18
30 35
30 32
30 21
30 29
30 26
30 44
30 40
30 34
30 17
30 48
30 47
24
31 36
31 2
31 30
31 7
31 11
31 15
31 25
31 14
31 19
31 8
31 37
31 10
31 35
31 22
31 34
31 49
31 46
31 16
31 41
31 48
31 18
31 4
31 38
31 6
26
32 5
32 27
32 42
32 29
32 4
32 44
32 8
32 46
32 47
32 0
32 26
32 15
32 38
32 36
32 35
32 24
32 3
32 39
32 7
32 28
32 49
32 18
32 41
32 43
32 48
32 11
24
33 49
33 22
33 26
33 10
33 3
33 20
33 48
33 38
33 34
33 25
33 43
33 9
33 14
33 36
33 4
33 0
33 46
33 16
33 39
33 19
33 8
33 21
33 18
33 40
16
34 41
34 9
34 45
34 35
34 5
34 24
34 44
34 29
34 1
34 46
34 11
34 26
34 36
34 21
34 16
34 2
21
35 18
35 7
35 19
35 12
35 28
35 10
35 48
35 46
35 15
35 49
35 5
35 2
35 6
35 38
35 21
35 11
35 29
35 45
35 20
35 43
35 22
19
36 37
36 30
36 1
36 23
36 18
36 8
36 6
36 45
36 43
36 2
36 35
36 48
36 3
36 21
36 12
36 7
36 16
36 13
36 9
19
37 27
37 39
37 22
37 1
37 2
37 45
37 16
37 13
37 23
37 30
37 18
37 10
37 35
37 49
37 7
37 28
37 43
37 48
37 5
23
38 19
38 46
38 8
38 4
38 34
38 39
38 40
38 20
38 47
38 13
38 44
38 48
38 17
38 15
38 42
38 14
38 0
38 1
38 23
38 36
38 49
38 12
38 28
22
39 42
39 6
39 19
39 15
39 3
39 11
39 17
39 36
39 29
39 9
39 46
39 4
39 28
39 16
39 12
39 35
39 24
39 14
39 34
39 1
39 30
39 5
19
40 24
40 5
40 16
40 26
40 32
40 8
40 36
40 46
40 31
40 2
40 34
40 13
40 29
40 37
40 6
40 19
40 44
40 47
40 20
23
41 10
41 12
41 11
41 19
41 17
41 24
41 40
41 3
41 39
41 4
41 20
41 21
41 35
41 2
41 33
41 45
41 36
41 1
41 23
41 44
41 18
41 38
41 37
15
42 34
42 49
42 43
42 22
42 2
42 13
42 33
42 18
42 40
42 11
42 24
42 41
42 37
42 23
42 44
19
43 44
43 22
43 30
43 29
43 6
43 19
43 27
43 48
43 12
43 8
43 47
43 31
43 49
43 20
43 4
43 38
43 40
43 13
43 41
21
44 27
44 15
44 45
44 3
44 13
44 31
44 33
44 10
44 7
44 47
44 5
44 8
44 23
44 37
44 29
44 35
44 9
44 16
44 48
44 11
44 0
17
45 1
45 2
45 30
45 18
45 9
45 27
45 47
45 33
45 38
45 26
45 40
45 25
45 3
45 7
45 20
45 42
45 48
13
46 43
46 37
46 3
46 23
46 10
46 28
46 15
46 44
46 9
46 42
46 41
46 45
46 36
27
47 13
47 25
47 21
47 4
47 17
47 23
47 16
47 36
47 26
47 33
47 35
47 27
47 29
47 48
47 24
47 42
47 31
47 28
47 7
47 46
47 37
47 8
47 39
47 22
47 14
47 12
47 5
15
48 24
48 1
48 15
48 34
48 14
48 46
48 19
48 23
48 5
48 3
48 40
48 42
48 10
48 12
48 17
20
49 47
49 0
49 44
49 20
49 14
49 34
49 18
49 4
49 40
49 48
49 1
49 16
49 41
49 36
49 46
49 5
49 24
49 39
49 12
49 25
