50
0 "A30"
1 "A2"
2 "A16"
3 "A36"
4 "A40"
5 "A17"
6 "A11"
7 "A46"
8 "A37"
9 "A41"
10 "A44"
11 "A0"
12 "A45"
13 "A10"
14 "A43"
15 "A47"
16 "A24"
17 "A22"
18 "A23"
19 "A19"
20 "A33"
21 "A3"
22 "A28"
23 "A4"
24 "A38"
25 "A18"
26 "A27"
27 "A5"
28 "A21"
29 "A34"
30 "A1"
31 "A48"
32 "A32"
33 "A7"
34 "A49"
35 "A42"
36 "A20"
37 "A39"
38 "A8"
39 "A6"
40 "A13"
41 "A31"
42 "A15"
43 "A25"
44 "A12"
45 "A14"
46 "A35"
47 "A9"
48 "A29"
49 "A26"
21
0 43
0 26
0 13
0 2
0 31
0 47
0 7
0 10
0 41
0 23
0 21
0 30
0 6
0 35
0 28
0 40
0 18
0 22
0 24
0 20
0 17
21
1 38
1 44
1 47
1 39
1 29
1 42
1 7
1 24
1 23
1 49
1 35
1 0
1 45
1 9
1 30
1 6
1 4
1 31
1 17
1 48
1 32
13
2 30
2 24
2 33
2 45
2 48
2 21
2 35
2 44
2 25
2 36
2 4
2 26
2 22
15
3 26
3 42
3 31
3 24
3 18
3 1
3 25
3 47
3 36
3 10
3 20
3 17
3 22
3 2
3 4
11
4 45
4 37
4 0
4 23
4 31
4 10
4 41
4 28
4 32
4 20
4 8
24
5 2
5 6
5 4
5 43
5 12
5 13
5 37
5 23
5 21
5 26
5 45
5 41
5 19
5 40
5 20
5 22
5 47
5 16
5 1
5 28
5 3
5 0
5 29
5 10
20
6 30
6 14
6 28
6 36
6 20
6 2
6 40
6 26
6 46
6 24
6 34
6 43
6 25
6 3
6 23
6 18
6 35
6 45
6 49
6 4
18
7 19
7 16
7 17
7 30
7 14
7 42
7 2
7 27
7 25
7 4
7 41
7 32
7 23
7 31
7 48
7 6
7 47
7 49
25
8 9
8 28
8 48
8 42
8 21
8 29
8 46
8 5
8 10
8 17
8 43
8 16
8 47
8 15
8 20
8 25
8 12
8 0
8 13
8 39
8 6
8 40
8 26
8 24
8 22
14
9 28
9 34
9 47
9 13
9 24
9 35
9 37
9 23
9 4
9 6
9 5
9 45
9 7
9 0
23
10 44
10 32
10 35
10 24
10 45
10 30
10 6
10 12
10 49
10 37
10 22
10 43
10 47
10 42
10 34
10 25
10 20
10 1
10 7
10 18
10 46
10 28
10 40
26
11 49
11 1
11 9
11 20
11 36
11 0
11 22
11 2
11 7
11 18
11 29
11 15
11 14
11 19
11 13
11 5
11 4
11 46
11 37
11 45
11 24
11 30
11 8
11 33
11 47
11 26
20
12 17
12 39
12 41
12 33
12 14
12 7
12 16
12 40
12 23
12 42
12 26
12 2
12 35
12 19
12 21
12 0
12 32
12 22
12 45
12 1
25
13 22
13 30
13 45
13 47
13 39
13 31
13 40
13 17
13 43
13 3
13 38
13 19
13 12
13 1
13 35
13 46
13 42
13 29
13 25
13 41
13 18
13 10
13 28
13 7
13 24
18
14 27
14 0
14 4
14 15
14 33
14 28
14 36
14 2
14 5
14 8
14 3
14 9
14 44
14 24
14 1
14 40
14 10
14 17
23
15 30
15 19
15 10
15 6
15 0
15 47
15 31
15 28
15 42
15 41
15 3
15 25
15 24
15 13
15 12
15 21
15 33
15 5
15 36
15 43
15 18
15 17
15 20
21
16 4
16 20
16 23
16 34
16 2
16 29
16 14
16 13
16 41
16 19
16 30
16 32
16 9
16 38
16 11
16 49
16 3
16 17
16 10
16 6
16 1
14
17 6
17 31
17 36
17 24
17 43
17 2
17 22
17 46
17 47
17 41
17 10
17 20
17 32
17 26
25
18 19
18 17
18 44
18 32
18 43
18 27
18 23
18 1
18 26
18 20
18 9
18 7
18 12
18 48
18 30
18 2
18 14
18 38
18 28
18 41
18 4
18 5
18 40
18 49
18 21
17
19 27
19 41
19 37
19 1
19 14
19 40
19 33
19 49
19 21
19 20
19 6
19 46
19 10
19 34
19 38
19 29
19 17
15
20 38
20 14
20 28
20 48
20 49
20 37
20 1
20 26
20 9
20 43
20 25
20 27
20 12
20 41
20 34
22
21 47
21 31
21 43
21 6
21 22
21 14
21 39
21 42
21 25
21 17
21 45
21 20
21 44
21 36
21 29
21 7
21 35
21 16
21 24
21 1
21 10
21 11
17
22 40
22 19
22 1
22 4
22 48
22 32
22 34
22 35
22 15
22 6
22 9
22 14
22 16
22 33
22 7
22 44
22 47
22
23 46
23 48
23 30
23 45
23 17
23 34
23 20
23 27
23 22
23 14
23 43
23 3
23 24
23 21
23 47
23 31
23 11
23 26
23 13
23 32
23 35
23 15
13
24 43
24 7
24 22
24 19
24 5
24 39
24 46
24 4
24 25
24 12
24 18
24 16
24 44
23
25 18
25 26
25 38
25 47
25 23
25 36
25 49
25 35
25 42
25 45
25 9
25 16
25 37
25 34
25 5
25 1
25 46
25 0
25 44
25 22
25 29
25 31
25 43
18
26 21
26 1
26 15
26 24
26 37
26 4
26 46
26 45
26 44
26 32
26 27
26 16
26 36
26 9
26 19
26 10
26 48
26 14
23
27 17
27 42
27 12
27 47
27 2
27 15
27 3
27 0
27 28
27 33
27 35
27 39
27 16
27 10
27 49
27 13
27 6
27 1
27 24
27 4
27 31
27 46
27 40
19
28 21
28 45
28 2
28 35
28 1
28 30
28 19
28 24
28 3
28 12
28 36
28 25
28 16
28 26
28 23
28 29
28 48
28 17
28 7
18
29 14
29 30
29 4
29 17
29 6
29 23
29 49
29 0
29 20
29 32
29 36
29 3
29 31
29 26
29 27
29 15
29 44
29 38
18
30 8
30 32
30 48
30 36
30 46
30 9
30 43
30 4
30 21
30 14
30 49
30 12
30 42
30 45
30 26
30 17
30 34
30 38
20
31 19
31 28
31 47
31 35
31 10
31 36
31 45
31 16
31 24
31 43
31 37
31 30
31 12
31 26
31 6
31 8
31 9
31 22
31 33
31 38
17
32 48
32 5
32 11
32 49
32 9
32 39
32 46
32 25
32 34
32 21
32 44
32 15
32 13
32 20
32 3
32 27
32 35
21
33 38
33 16
33 47
33 37
33 32
33 46
33 1
33 20
33 18
33 39
33 17
33 30
33 21
33 10
33 0
33 8
33 4
33 29
33 13
33 36
33 6
19
34 26
34 11
34 8
34 2
34 18
34 0
34 33
34 27
34 39
34 29
34 24
34 31
34 48
34 36
34 17
34 7
34 28
34 44
34 14
17
35 5
35 34
35 39
35 18
35 7
35 14
35 8
35 38
35 36
35 43
35 3
35 37
35 17
35 4
35 29
35 20
35 33
23
36 44
36 32
36 18
36 24
36 22
36 38
36 49
36 41
36 0
36 8
36 46
36 20
36 27
36 16
36 43
36 40
36 7
36 12
36 9
36 23
36 13
36 10
36 19
20
37 8
37 32
37 48
37 6
37 23
37 40
37 17
37 36
37 27
37 2
37 21
37 22
37 18
37 13
37 12
37 34
37 47
37 30
37 45
37 15
21
38 22
38 4
38 2
38 17
38 23
38 8
38 42
38 49
38 10
38 24
38 44
38 14
38 46
38 37
38 41
38 34
38 28
38 47
38 27
38 7
38 11
21
39 43
39 19
39 22
39 4
39 38
39 47
39 3
39 49
39 29
39 26
39 10
39 17
39 23
39 37
39 11
39 15
39 28
39 14
39 6
39 16
39 41
22
40 2
40 45
40 23
40 49
40 17
40 44
40 25
40 7
40 28
40 26
40 35
40 4
40 29
40 38
40 32
40 30
40 1
40 24
40 20
40 34
40 47
40 21
19
41 29
41 8
41 35
41 22
41 6
41 11
41 31
41 30
41 37
41 32
41 46
41 24
41 23
41 34
41 10
41 27
41 44
41 25
41 3
22
42 28
42 22
42 40
42 18
42 5
42 0
42 41
42 16
42 34
42 2
42 14
42 20
42 24
42 33
42 23
42 32
42 9
42 43
42 19
42 31
42 11
42 36
15
43 41
43 7
43 33
43 9
43 49
43 12
43 29
43 4
43 3
43 19
43 11
43 45
43 2
43 37
43 26
21
44 7
44 27
44 17
44 3
44 42
44 23
44 0
44 9
44 43
44 48
44 33
44 35
44 37
44 19
44 5
44 8
44 47
44 11
44 20
44 4
44 6
19
45 32
45 15
45 16
45 24
45 49
45 17
45 33
45 41
45 22
45 35
45 34
45 19
45 38
45 36
45 8
45 0
45 39
45 14
45 7
23
46 4
46 0
46 47
46 42
46 21
46 14
46 37
46 40
46 43
46 15
46 48
46 16
46 44
46 34
46 28
46 49
46 7
46 20
46 1
46 3
46 18
46 39
46 22
19
47 6
47 19
47 28
47 35
47 30
47 26
47 48
47 24
47 43
47 20
47 4
47 14
47 49
47 2
47 29
47 18
47 42
47 41
47 45
22
48 9
48 40
48 6
48 12
48 0
48 5
48 21
48 29
48 17
48 14
48 11
48 16
48 13
48 19
48 27
48 36
48 33
48 43
48 4
48 42
48 39
48 45
17
49 41
49 4
49 17
49 15
49 0
49 2
49 35
49 14
49 34
49 12
49 8
49 22
49 23
49 3
49 44
49 5
49 37
