50
0 "A30"
1 "A2"
2 "A16"
3 "A36"
4 "A40"
5 "A17"
6 "A11"
7 "A46"
8 "A37"
9 "A41"
10 "A44"
11 "A0"
12 "A45"
13 "A10"
14 "A43"
15 "A47"
16 "A24"
17 "A22"
18 "A23"
19 "A19"
20 "A33"
21 "A3"
22 "A28"
23 "A4"
24 "A38"
25 "A18"
26 "A27"
27 "A5"
28 "A21"
29 "A34"
30 "A1"
31 "A48"
32 "A32"
33 "A7"
34 "A49"
35 "A42"
36 "A20"
37 "A39"
38 "A8"
39 "A6"
40 "A13"
41 "A31"
42 "A15"
43 "A25"
44 "A12"
45 "A14"
46 "A35"
47 "A9"
48 "A29"
49 "A26"
23
0 21
0 6
0 15
0 44
0 40
0 41
0 31
0 8
0 16
0 37
0 5
0 49
0 47
0 35
0 29
0 20
0 32
0 28
0 18
0 11
0 4
0 36
0 48
24
1 48
1 7
1 20
1 0
1 11
1 28
1 23
1 9
1 14
1 40
1 24
1 26
1 30
1 25
1 32
1 4
1 10
1 46
1 38
1 42
1 44
1 2
1 6
1 31
20
2 35
2 37
2 32
2 23
2 25
2 20
2 17
2 27
2 15
2 10
2 4
2 47
2 8
2 46
2 30
2 41
2 42
2 22
2 28
2 36
24
3 0
3 23
3 44
3 31
3 38
3 2
3 24
3 18
3 14
3 48
3 25
3 13
3 27
3 41
3 46
3 22
3 9
3 1
3 5
3 16
3 40
3 10
3 35
3 7
19
4 24
4 31
4 41
4 42
4 27
4 23
4 40
4 45
4 14
4 37
4 22
4 47
4 11
4 20
4 36
4 3
4 30
4 29
4 34
21
5 16
5 10
5 29
5 31
5 41
5 35
5 38
5 40
5 19
5 8
5 47
5 37
5 7
5 1
5 18
5 15
5 4
5 36
5 25
5 12
5 13
13
6 27
6 5
6 25
6 24
6 35
6 18
6 7
6 34
6 19
6 11
6 13
6 43
6 9
14
7 32
7 16
7 21
7 0
7 41
7 17
7 26
7 14
7 2
7 25
7 22
7 4
7 27
7 10
20
8 35
8 45
8 12
8 39
8 15
8 47
8 21
8 46
8 20
8 22
8 18
8 1
8 13
8 41
8 43
8 29
8 17
8 33
8 7
8 25
19
9 25
9 33
9 14
9 23
9 5
9 13
9 16
9 2
9 27
9 4
9 7
9 44
9 49
9 37
9 26
9 11
9 21
9 8
9 41
16
10 45
10 19
10 44
10 32
10 15
10 13
10 18
10 48
10 4
10 38
10 43
10 9
10 36
10 17
10 12
10 40
15
11 42
11 46
11 25
11 49
11 5
11 33
11 16
11 47
11 29
11 35
11 7
11 24
11 10
11 28
11 8
20
12 3
12 42
12 26
12 24
12 35
12 30
12 21
12 28
12 45
12 1
12 9
12 36
12 15
12 22
12 7
12 23
12 4
12 49
12 2
12 41
15
13 15
13 16
13 12
13 14
13 24
13 0
13 2
13 11
13 4
13 1
13 29
13 17
13 45
13 34
13 28
28
14 0
14 21
14 37
14 45
14 5
14 26
14 23
14 8
14 48
14 32
14 2
14 28
14 42
14 15
14 17
14 25
14 44
14 12
14 18
14 10
14 20
14 19
14 49
14 35
14 11
14 34
14 6
14 40
13
15 46
15 26
15 43
15 7
15 17
15 23
15 47
15 9
15 18
15 39
15 34
15 11
15 41
15
16 30
16 14
16 39
16 4
16 23
16 19
16 49
16 15
16 12
16 26
16 28
16 25
16 6
16 1
16 8
20
17 1
17 26
17 28
17 48
17 0
17 33
17 25
17 32
17 5
17 16
17 29
17 19
17 9
17 35
17 49
17 24
17 41
17 6
17 47
17 31
19
18 4
18 16
18 44
18 22
18 37
18 38
18 19
18 42
18 39
18 26
18 9
18 2
18 11
18 27
18 28
18 21
18 31
18 25
18 17
20
19 8
19 30
19 23
19 48
19 47
19 49
19 15
19 4
19 0
19 29
19 46
19 13
19 12
19 45
19 34
19 38
19 9
19 35
19 42
19 25
26
20 41
20 32
20 18
20 21
20 46
20 48
20 38
20 44
20 43
20 16
20 11
20 24
20 23
20 7
20 5
20 37
20 25
20 39
20 47
20 17
20 45
20 19
20 49
20 35
20 12
20 22
16
21 16
21 47
21 1
21 34
21 13
21 44
21 24
21 27
21 46
21 45
21 29
21 39
21 10
21 26
21 15
21 5
18
22 0
22 35
22 6
22 11
22 14
22 10
22 19
22 48
22 17
22 29
22 34
22 1
22 5
22 9
22 33
22 42
22 16
22 43
23
23 6
23 45
23 42
23 35
23 22
23 11
23 25
23 10
23 28
23 13
23 37
23 24
23 39
23 30
23 18
23 17
23 21
23 43
23 8
23 38
23 34
23 49
23 7
22
24 48
24 14
24 28
24 32
24 26
24 8
24 29
24 37
24 35
24 2
24 7
24 46
24 19
24 9
24 16
24 27
24 18
24 10
24 5
24 22
24 31
24 45
12
25 4
25 12
25 28
25 24
25 13
25 35
25 47
25 10
25 22
25 46
25 0
25 38
19
26 4
26 33
26 29
26 19
26 43
26 47
26 44
26 10
26 41
26 38
26 5
26 0
26 49
26 11
26 2
26 23
26 36
26 13
26 35
19
27 25
27 31
27 14
27 1
27 15
27 34
27 16
27 17
27 46
27 22
27 19
27 0
27 45
27 5
27 13
27 8
27 38
27 49
27 30
18
28 45
28 5
28 22
28 7
28 32
28 3
28 43
28 36
28 6
28 27
28 35
28 26
28 30
28 4
28 48
28 19
28 8
28 47
20
29 42
29 31
29 7
29 41
29 20
29 6
29 32
29 1
29 28
29 2
29 12
29 15
29 40
29 3
29 9
29 25
29 16
29 30
29 23
29 48
20
30 31
30 5
30 17
30 44
30 42
30 24
30 22
30 36
30 3
30 39
30 25
30 14
30 48
30 32
30 8
30 41
30 10
30 9
30 35
30 18
21
31 38
31 2
31 12
31 43
31 35
31 45
31 36
31 16
31 22
31 23
31 9
31 10
31 25
31 26
31 8
31 11
31 15
31 13
31 40
31 6
31 39
24
32 23
32 6
32 44
32 46
32 11
32 12
32 4
32 19
32 15
32 18
32 31
32 3
32 38
32 34
32 26
32 13
32 21
32 43
32 5
32 48
32 47
32 49
32 42
32 37
24
33 5
33 40
33 14
33 15
33 19
33 18
33 16
33 28
33 24
33 30
33 6
33 21
33 20
33 44
33 23
33 7
33 1
33 47
33 35
33 27
33 42
33 3
33 13
33 2
25
34 7
34 11
34 26
34 12
34 46
34 18
34 5
34 41
34 43
34 2
34 10
34 33
34 42
34 24
34 28
34 29
34 8
34 25
34 9
34 45
34 48
34 44
34 37
34 31
34 1
17
35 15
35 4
35 9
35 16
35 48
35 41
35 38
35 18
35 34
35 7
35 32
35 27
35 13
35 39
35 10
35 47
35 45
21
36 27
36 8
36 19
36 48
36 13
36 6
36 24
36 16
36 9
36 35
36 25
36 29
36 46
36 22
36 47
36 32
36 11
36 37
36 45
36 23
36 1
16
37 11
37 8
37 28
37 1
37 35
37 12
37 26
37 43
37 29
37 3
37 47
37 21
37 25
37 7
37 17
37 16
24
38 12
38 22
38 15
38 33
38 11
38 2
38 29
38 30
38 41
38 0
38 28
38 4
38 36
38 6
38 14
38 21
38 49
38 34
38 13
38 8
38 24
38 17
38 44
38 9
22
39 6
39 11
39 41
39 25
39 28
39 26
39 36
39 0
39 45
39 32
39 49
39 34
39 10
39 4
39 3
39 2
39 13
39 40
39 46
39 5
39 44
39 22
22
40 22
40 24
40 18
40 19
40 36
40 12
40 8
40 7
40 27
40 42
40 25
40 6
40 28
40 32
40 38
40 11
40 2
40 23
40 17
40 26
40 47
40 37
19
41 31
41 24
41 11
41 14
41 43
41 40
41 33
41 13
41 19
41 37
41 18
41 25
41 27
41 28
41 22
41 48
41 16
41 6
41 44
18
42 28
42 41
42 10
42 3
42 5
42 31
42 45
42 38
42 26
42 35
42 8
42 0
42 9
42 27
42 39
42 15
42 43
42 24
15
43 25
43 13
43 18
43 7
43 11
43 21
43 36
43 9
43 19
43 27
43 16
43 14
43 47
43 17
43 40
20
44 36
44 17
44 23
44 6
44 35
44 8
44 7
44 11
44 45
44 12
44 25
44 40
44 31
44 47
44 16
44 37
44 15
44 22
44 19
44 2
16
45 41
45 38
45 29
45 37
45 7
45 18
45 5
45 9
45 11
45 25
45 49
45 1
45 16
45 40
45 22
45 30
21
46 12
46 7
46 43
46 9
46 31
46 14
46 18
46 4
46 22
46 6
46 10
46 35
46 38
46 28
46 40
46 41
46 5
46 33
46 13
46 23
46 17
16
47 38
47 10
47 9
47 14
47 27
47 6
47 49
47 24
47 39
47 7
47 12
47 3
47 41
47 18
47 42
47 30
26
48 37
48 6
48 15
48 47
48 8
48 26
48 44
48 43
48 12
48 23
48 49
48 18
48 31
48 25
48 16
48 5
48 21
48 40
48 46
48 38
48 42
48 11
48 9
48 45
48 33
48 2
22
49 4
49 3
49 29
49 2
49 8
49 10
49 43
49 31
49 40
49 13
49 18
49 35
49 34
49 30
49 37
49 42
49 21
49 33
49 6
49 36
49 41
49 44
