50
0 "A30"
1 "A2"
2 "A16"
3 "A36"
4 "A40"
5 "A17"
6 "A11"
7 "A46"
8 "A37"
9 "A41"
10 "A44"
11 "A0"
12 "A45"
13 "A10"
14 "A43"
15 "A47"
16 "A24"
17 "A22"
18 "A23"
19 "A19"
20 "A33"
21 "A3"
22 "A28"
23 "A4"
24 "A38"
25 "A18"
26 "A27"
27 "A5"
28 "A21"
29 "A34"
30 "A1"
31 "A48"
32 "A32"
33 "A7"
34 "A49"
35 "A42"
36 "A20"
37 "A39"
38 "A8"
39 "A6"
40 "A13"
41 "A31"
42 "A15"
43 "A25"
44 "A12"
45 "A14"
46 "A35"
47 "A9"
48 "A29"
49 "A26"
18
0 6
0 5
0 49
0 47
0 35
0 29
0 32
0 20
0 21
0 19
0 36
0 2
0 44
0 31
0 8
0 16
0 41
0 11
23
1 0
1 11
1 38
1 23
1 9
1 14
1 40
1 10
1 6
1 30
1 25
1 34
1 43
1 32
1 46
1 2
1 19
1 42
1 28
1 35
1 44
1 31
1 48
15
2 42
2 25
2 46
2 17
2 28
2 22
2 27
2 19
2 8
2 47
2 49
2 36
2 48
2 16
2 32
26
3 31
3 38
3 1
3 24
3 16
3 14
3 10
3 5
3 35
3 40
3 2
3 42
3 22
3 26
3 11
3 21
3 30
3 27
3 4
3 25
3 45
3 7
3 0
3 36
3 44
3 18
17
4 34
4 20
4 45
4 41
4 23
4 18
4 27
4 40
4 2
4 47
4 33
4 11
4 30
4 48
4 22
4 29
4 21
26
5 2
5 7
5 1
5 15
5 36
5 25
5 12
5 13
5 10
5 29
5 31
5 41
5 35
5 38
5 40
5 19
5 4
5 44
5 34
5 43
5 32
5 47
5 18
5 37
5 45
5 22
18
6 43
6 2
6 27
6 15
6 11
6 5
6 10
6 35
6 4
6 46
6 44
6 24
6 42
6 18
6 7
6 34
6 25
6 37
14
7 16
7 43
7 30
7 39
7 21
7 0
7 41
7 10
7 32
7 2
7 27
7 4
7 47
7 14
16
8 1
8 13
8 41
8 43
8 21
8 18
8 45
8 12
8 25
8 33
8 22
8 17
8 7
8 46
8 30
8 20
17
9 32
9 49
9 37
9 8
9 26
9 44
9 41
9 23
9 33
9 4
9 0
9 11
9 16
9 2
9 29
9 7
9 38
20
10 38
10 27
10 17
10 40
10 45
10 36
10 12
10 32
10 15
10 18
10 48
10 30
10 22
10 43
10 42
10 0
10 9
10 14
10 33
10 21
17
11 8
11 12
11 28
11 14
11 46
11 25
11 49
11 42
11 33
11 16
11 21
11 44
11 47
11 35
11 7
11 10
11 2
19
12 3
12 7
12 43
12 23
12 42
12 35
12 24
12 2
12 30
12 36
12 28
12 1
12 15
12 41
12 40
12 33
12 22
12 31
12 9
18
13 1
13 29
13 45
13 34
13 4
13 15
13 22
13 17
13 24
13 6
13 0
13 2
13 39
13 11
13 9
13 42
13 10
13 44
20
14 21
14 20
14 45
14 44
14 26
14 17
14 34
14 25
14 32
14 2
14 28
14 12
14 18
14 4
14 15
14 35
14 40
14 39
14 42
14 0
14
15 17
15 34
15 11
15 18
15 39
15 0
15 37
15 3
15 24
15 41
15 4
15 9
15 43
15 7
17
16 26
16 1
16 8
16 30
16 14
16 13
16 39
16 42
16 10
16 19
16 43
16 32
16 5
16 49
16 6
16 23
16 25
25
17 41
17 47
17 1
17 24
17 28
17 6
17 0
17 33
17 25
17 32
17 5
17 16
17 29
17 19
17 9
17 26
17 35
17 31
17 37
17 45
17 36
17 12
17 48
17 49
17 3
21
18 27
18 21
18 38
18 17
18 25
18 44
18 22
18 37
18 0
18 31
18 19
18 41
18 1
18 42
18 16
18 39
18 36
18 9
18 26
18 11
18 24
19
19 9
19 35
19 8
19 30
19 23
19 46
19 12
19 15
19 45
19 48
19 11
19 3
19 38
19 4
19 47
19 34
19 31
19 29
19 49
25
20 32
20 18
20 21
20 46
20 45
20 47
20 28
20 30
20 16
20 15
20 24
20 23
20 7
20 5
20 3
20 25
20 49
20 12
20 9
20 37
20 36
20 35
20 43
20 38
20 48
17
21 13
21 30
21 29
21 39
21 34
21 27
21 46
21 9
21 19
21 32
21 36
21 23
21 24
21 15
21 47
21 1
21 5
13
22 33
22 0
22 6
22 41
22 11
22 1
22 35
22 7
22 32
22 15
22 48
22 34
22 17
25
23 5
23 49
23 43
23 6
23 45
23 42
23 35
23 22
23 11
23 17
23 10
23 28
23 13
23 30
23 24
23 0
23 39
23 29
23 25
23 7
23 34
23 38
23 3
23 8
23 14
18
24 19
24 28
24 16
24 26
24 8
24 29
24 37
24 2
24 27
24 14
24 4
24 1
24 0
24 31
24 45
24 7
24 43
24 46
11
25 4
25 12
25 28
25 42
25 24
25 13
25 35
25 47
25 46
25 0
25 19
20
26 44
26 4
26 33
26 29
26 19
26 43
26 35
26 36
26 10
26 2
26 0
26 41
26 6
26 7
26 11
26 49
26 5
26 21
26 8
26 13
22
27 14
27 1
27 15
27 25
27 16
27 49
27 13
27 23
27 30
27 0
27 45
27 5
27 38
27 34
27 8
27 44
27 19
27 22
27 31
27 26
27 17
27 42
17
28 47
28 4
28 48
28 45
28 8
28 22
28 7
28 32
28 3
28 5
28 36
28 6
28 27
28 35
28 43
28 26
28 18
18
29 7
29 16
29 20
29 6
29 32
29 30
29 28
29 2
29 12
29 15
29 18
29 11
29 40
29 3
29 33
29 25
29 42
29 31
19
30 42
30 24
30 22
30 36
30 46
30 39
30 25
30 14
30 26
30 32
30 0
30 41
30 9
30 5
30 35
30 17
30 15
30 44
30 18
24
31 7
31 38
31 2
31 25
31 43
31 35
31 45
31 10
31 11
31 23
31 9
31 26
31 15
31 21
31 4
31 36
31 13
31 14
31 40
31 41
31 44
31 6
31 30
31 39
16
32 4
32 19
32 15
32 23
32 48
32 31
32 42
32 13
32 38
32 49
32 44
32 46
32 11
32 34
32 27
32 12
24
33 38
33 28
33 24
33 25
33 6
33 21
33 27
33 44
33 23
33 7
33 1
33 20
33 5
33 40
33 14
33 15
33 31
33 32
33 42
33 3
33 46
33 36
33 18
33 0
22
34 44
34 8
34 43
34 2
34 10
34 33
34 45
34 24
34 28
34 29
34 17
34 9
34 41
34 31
34 7
34 0
34 26
34 3
34 12
34 42
34 25
34 18
21
35 13
35 39
35 10
35 47
35 15
35 4
35 9
35 16
35 45
35 41
35 38
35 33
35 34
35 2
35 32
35 29
35 27
35 24
35 18
35 37
35 21
24
36 39
36 24
36 16
36 45
36 35
36 25
36 29
36 14
36 22
36 27
36 32
36 11
36 41
36 42
36 15
36 43
36 7
36 1
36 48
36 34
36 6
36 8
36 23
36 13
18
37 21
37 16
37 11
37 8
37 28
37 1
37 26
37 29
37 46
37 23
37 3
37 33
37 47
37 7
37 34
37 25
37 42
37 13
26
38 17
38 40
38 12
38 22
38 15
38 24
38 11
38 2
38 29
38 30
38 41
38 0
38 28
38 4
38 36
38 6
38 14
38 21
38 49
38 25
38 16
38 34
38 26
38 13
38 44
38 7
20
39 25
39 28
39 6
39 44
39 0
39 45
39 32
39 5
39 34
39 10
39 4
39 3
39 2
39 46
39 11
39 22
39 1
39 37
39 19
39 26
20
40 37
40 47
40 24
40 17
40 19
40 36
40 23
40 8
40 22
40 27
40 42
40 25
40 7
40 32
40 15
40 20
40 9
40 6
40 34
40 26
21
41 6
41 44
41 28
41 24
41 11
41 19
41 37
41 20
41 40
41 13
41 43
41 49
41 25
41 27
41 33
41 42
41 1
41 23
41 16
41 2
41 32
16
42 39
42 38
42 35
42 24
42 28
42 17
42 21
42 26
42 48
42 8
42 43
42 9
42 0
42 20
42 46
42 31
21
43 27
43 11
43 21
43 39
43 44
43 37
43 3
43 9
43 47
43 19
43 25
43 14
43 40
43 29
43 4
43 2
43 13
43 45
43 17
43 22
43 18
17
44 16
44 15
44 22
44 7
44 36
44 45
44 12
44 25
44 10
44 47
44 37
44 35
44 2
44 8
44 24
44 19
44 29
17
45 29
45 16
45 7
45 18
45 1
45 9
45 11
45 25
45 47
45 33
45 30
45 21
45 40
45 41
45 37
45 6
45 15
25
46 12
46 45
46 26
46 43
46 9
46 31
46 14
46 18
46 5
46 22
46 17
46 10
46 35
46 38
46 13
46 28
46 36
46 49
46 27
46 0
46 47
46 40
46 41
46 23
46 16
21
47 33
47 15
47 42
47 30
47 38
47 10
47 9
47 14
47 27
47 6
47 49
47 24
47 39
47 12
47 16
47 3
47 34
47 29
47 41
47 18
47 36
17
48 5
48 16
48 38
48 27
48 40
48 26
48 37
48 33
48 41
48 31
48 15
48 43
48 12
48 23
48 49
48 18
48 25
25
49 44
49 4
49 3
49 21
49 14
49 8
49 10
49 33
49 31
49 40
49 6
49 18
49 35
49 34
49 30
49 37
49 45
49 28
49 15
49 22
49 13
49 25
49 36
49 1
49 42
