50
0 "A30"
1 "A2"
2 "A16"
3 "A36"
4 "A40"
5 "A17"
6 "A11"
7 "A46"
8 "A37"
9 "A41"
10 "A44"
11 "A0"
12 "A45"
13 "A10"
14 "A43"
15 "A47"
16 "A24"
17 "A22"
18 "A23"
19 "A19"
20 "A33"
21 "A3"
22 "A28"
23 "A4"
24 "A38"
25 "A18"
26 "A27"
27 "A5"
28 "A21"
29 "A34"
30 "A1"
31 "A48"
32 "A32"
33 "A7"
34 "A49"
35 "A42"
36 "A20"
37 "A39"
38 "A8"
39 "A6"
40 "A13"
41 "A31"
42 "A15"
43 "A25"
44 "A12"
45 "A14"
46 "A35"
47 "A9"
48 "A29"
49 "A26"
25
0 9
0 32
0 11
0 37
0 6
0 26
0 25
0 42
0 22
0 10
0 28
0 46
0 31
0 5
0 43
0 30
0 36
0 34
0 2
0 15
0 1
0 4
0 38
0 33
0 8
24
1 17
1 22
1 49
1 24
1 38
1 34
1 33
1 13
1 42
1 6
1 44
1 8
1 47
1 9
1 41
1 30
1 16
1 46
1 26
1 12
1 20
1 4
1 25
1 10
21
2 44
2 6
2 10
2 23
2 37
2 5
2 9
2 32
2 1
2 34
2 7
2 36
2 38
2 11
2 30
2 25
2 28
2 16
2 8
2 15
2 47
22
3 22
3 41
3 4
3 12
3 13
3 40
3 0
3 25
3 6
3 29
3 19
3 28
3 30
3 36
3 48
3 37
3 20
3 1
3 10
3 2
3 21
3 42
23
4 14
4 48
4 17
4 24
4 31
4 38
4 5
4 30
4 28
4 49
4 33
4 34
4 32
4 45
4 15
4 16
4 46
4 9
4 18
4 8
4 25
4 22
4 2
29
5 16
5 24
5 47
5 41
5 14
5 11
5 37
5 46
5 48
5 27
5 18
5 26
5 32
5 12
5 21
5 22
5 13
5 35
5 9
5 49
5 40
5 15
5 33
5 28
5 43
5 3
5 44
5 23
5 29
19
6 45
6 27
6 41
6 43
6 23
6 28
6 39
6 17
6 40
6 22
6 29
6 20
6 14
6 25
6 24
6 4
6 38
6 31
6 11
12
7 24
7 10
7 25
7 22
7 41
7 48
7 27
7 12
7 6
7 1
7 3
7 4
18
8 3
8 6
8 16
8 17
8 31
8 5
8 42
8 25
8 47
8 18
8 15
8 19
8 39
8 45
8 30
8 12
8 49
8 48
17
9 48
9 15
9 16
9 3
9 40
9 24
9 29
9 44
9 6
9 38
9 18
9 36
9 8
9 45
9 7
9 28
9 22
20
10 49
10 11
10 17
10 16
10 20
10 26
10 8
10 5
10 9
10 25
10 46
10 22
10 27
10 24
10 29
10 44
10 6
10 45
10 4
10 35
17
11 23
11 1
11 14
11 4
11 15
11 8
11 3
11 9
11 39
11 47
11 29
11 36
11 32
11 18
11 38
11 27
11 45
17
12 0
12 31
12 10
12 23
12 16
12 4
12 37
12 48
12 15
12 42
12 26
12 28
12 39
12 14
12 2
12 20
12 46
18
13 8
13 15
13 26
13 48
13 10
13 46
13 47
13 42
13 11
13 23
13 31
13 7
13 2
13 25
13 40
13 17
13 36
13 34
24
14 27
14 19
14 40
14 0
14 33
14 20
14 46
14 48
14 44
14 28
14 36
14 47
14 3
14 7
14 45
14 31
14 42
14 37
14 30
14 34
14 16
14 23
14 13
14 2
18
15 34
15 7
15 6
15 3
15 26
15 39
15 41
15 32
15 28
15 35
15 36
15 48
15 30
15 14
15 49
15 1
15 45
15 27
18
16 25
16 24
16 11
16 3
16 6
16 30
16 44
16 31
16 40
16 18
16 47
16 26
16 36
16 27
16 22
16 46
16 17
16 21
24
17 9
17 31
17 44
17 2
17 22
17 42
17 11
17 32
17 24
17 34
17 14
17 3
17 38
17 29
17 7
17 46
17 37
17 33
17 15
17 41
17 12
17 40
17 21
17 36
16
18 14
18 7
18 20
18 46
18 41
18 44
18 47
18 3
18 43
18 45
18 13
18 42
18 31
18 0
18 35
18 10
22
19 16
19 34
19 13
19 35
19 31
19 10
19 2
19 46
19 9
19 7
19 33
19 48
19 20
19 24
19 18
19 42
19 11
19 5
19 38
19 36
19 0
19 4
17
20 17
20 13
20 30
20 29
20 16
20 5
20 45
20 26
20 7
20 40
20 4
20 0
20 28
20 8
20 37
20 41
20 47
27
21 8
21 44
21 34
21 25
21 0
21 1
21 47
21 7
21 35
21 4
21 19
21 9
21 20
21 22
21 27
21 15
21 2
21 33
21 37
21 11
21 12
21 31
21 14
21 23
21 13
21 10
21 49
24
22 47
22 37
22 20
22 13
22 18
22 19
22 24
22 45
22 32
22 8
22 26
22 11
22 25
22 34
22 46
22 30
22 48
22 14
22 49
22 36
22 33
22 42
22 41
22 43
24
23 22
23 17
23 19
23 26
23 0
23 8
23 38
23 32
23 4
23 31
23 40
23 16
23 29
23 28
23 33
23 47
23 3
23 42
23 18
23 43
23 35
23 9
23 37
23 10
19
24 44
24 38
24 29
24 34
24 0
24 2
24 32
24 47
24 33
24 31
24 18
24 37
24 8
24 36
24 11
24 14
24 23
24 3
24 28
20
25 9
25 34
25 29
25 46
25 12
25 20
25 44
25 31
25 42
25 41
25 49
25 11
25 19
25 5
25 37
25 33
25 24
25 45
25 38
25 14
20
26 33
26 46
26 11
26 17
26 47
26 35
26 30
26 9
26 24
26 31
26 29
26 38
26 39
26 8
26 3
26 7
26 18
26 41
26 14
26 32
17
27 34
27 28
27 24
27 42
27 22
27 8
27 43
27 9
27 47
27 1
27 18
27 17
27 4
27 30
27 35
27 2
27 46
20
28 41
28 10
28 25
28 22
28 26
28 49
28 38
28 13
28 47
28 21
28 8
28 36
28 33
28 31
28 1
28 17
28 43
28 40
28 45
28 32
20
29 19
29 1
29 15
29 14
29 21
29 43
29 41
29 32
29 30
29 22
29 38
29 2
29 28
29 31
29 45
29 4
29 34
29 16
29 8
29 12
18
30 13
30 6
30 24
30 33
30 47
30 5
30 36
30 49
30 31
30 12
30 19
30 18
30 37
30 34
30 46
30 28
30 21
30 9
11
31 10
31 5
31 9
31 3
31 36
31 22
31 43
31 34
31 2
31 33
31 20
12
32 3
32 34
32 31
32 21
32 20
32 30
32 6
32 10
32 1
32 8
32 27
32 13
22
33 48
33 20
33 15
33 47
33 8
33 3
33 32
33 44
33 2
33 13
33 12
33 45
33 34
33 38
33 27
33 16
33 18
33 43
33 10
33 6
33 9
33 42
14
34 7
34 35
34 11
34 20
34 8
34 23
34 5
34 49
34 42
34 9
34 48
34 26
34 36
34 3
21
35 7
35 2
35 20
35 28
35 45
35 1
35 25
35 12
35 33
35 8
35 32
35 30
35 43
35 48
35 13
35 37
35 38
35 3
35 4
35 40
35 17
15
36 26
36 40
36 25
36 8
36 18
36 1
36 5
36 7
36 20
36 4
36 42
36 21
36 23
36 35
36 32
20
37 44
37 38
37 31
37 36
37 18
37 7
37 46
37 16
37 10
37 19
37 8
37 47
37 29
37 13
37 4
37 15
37 11
37 27
37 45
37 49
20
38 31
38 45
38 18
38 21
38 32
38 8
38 5
38 41
38 14
38 7
38 20
38 12
38 3
38 39
38 15
38 36
38 30
38 16
38 10
38 43
29
39 44
39 35
39 21
39 24
39 45
39 9
39 14
39 23
39 33
39 34
39 18
39 10
39 43
39 20
39 47
39 4
39 30
39 37
39 42
39 7
39 40
39 16
39 3
39 13
39 17
39 22
39 0
39 1
39 29
18
40 19
40 1
40 32
40 47
40 30
40 38
40 11
40 24
40 15
40 33
40 29
40 4
40 7
40 2
40 48
40 31
40 45
40 37
26
41 40
41 11
41 12
41 24
41 36
41 33
41 27
41 10
41 4
41 21
41 19
41 31
41 9
41 39
41 2
41 47
41 13
41 8
41 43
41 30
41 34
41 37
41 45
41 32
41 23
41 35
13
42 9
42 35
42 11
42 5
42 45
42 15
42 41
42 48
42 21
42 24
42 7
42 32
42 31
18
43 19
43 2
43 11
43 37
43 48
43 8
43 36
43 14
43 3
43 32
43 42
43 40
43 9
43 26
43 30
43 24
43 20
43 16
22
44 26
44 40
44 19
44 34
44 42
44 0
44 49
44 7
44 23
44 35
44 6
44 15
44 47
44 13
44 30
44 32
44 22
44 28
44 31
44 11
44 29
44 38
14
45 5
45 31
45 1
45 47
45 32
45 0
45 26
45 46
45 30
45 24
45 43
45 44
45 27
45 17
14
46 29
46 42
46 6
46 44
46 8
46 3
46 32
46 39
46 41
46 9
46 35
46 28
46 23
46 43
17
47 31
47 0
47 34
47 7
47 38
47 9
47 3
47 15
47 25
47 12
47 43
47 32
47 6
47 29
47 10
47 46
47 35
23
48 23
48 38
48 11
48 29
48 20
48 27
48 30
48 28
48 31
48 2
48 44
48 1
48 45
48 0
48 46
48 18
48 37
48 41
48 32
48 17
48 36
48 26
48 25
21
49 20
49 32
49 12
49 29
49 45
49 36
49 0
49 43
49 9
49 13
49 47
49 17
49 40
49 6
49 35
49 3
49 38
49 33
49 39
49 27
49 42
