50
0 "A30"
1 "A2"
2 "A16"
3 "A36"
4 "A40"
5 "A17"
6 "A11"
7 "A46"
8 "A37"
9 "A41"
10 "A44"
11 "A0"
12 "A45"
13 "A10"
14 "A43"
15 "A47"
16 "A24"
17 "A22"
18 "A23"
19 "A19"
20 "A33"
21 "A3"
22 "A28"
23 "A4"
24 "A38"
25 "A18"
26 "A27"
27 "A5"
28 "A21"
29 "A34"
30 "A1"
31 "A48"
32 "A32"
33 "A7"
34 "A49"
35 "A42"
36 "A20"
37 "A39"
38 "A8"
39 "A6"
40 "A13"
41 "A31"
42 "A15"
43 "A25"
44 "A12"
45 "A14"
46 "A35"
47 "A9"
48 "A29"
49 "A26"
25
0 11
0 34
0 12
0 9
0 28
0 4
0 33
0 45
0 18
0 32
0 38
0 29
0 19
0 8
0 30
0 2
0 26
0 22
0 1
0 31
0 46
0 6
0 42
0 47
0 49
20
1 48
1 41
1 12
1 29
1 27
1 36
1 3
1 10
1 47
1 2
1 24
1 20
1 45
1 32
1 35
1 14
1 17
1 25
1 34
1 15
15
2 45
2 10
2 33
2 46
2 49
2 23
2 32
2 18
2 24
2 21
2 15
2 28
2 14
2 8
2 36
19
3 2
3 5
3 14
3 8
3 19
3 31
3 33
3 36
3 44
3 11
3 35
3 37
3 13
3 34
3 10
3 22
3 42
3 30
3 26
22
4 19
4 45
4 12
4 46
4 10
4 44
4 31
4 48
4 5
4 26
4 21
4 20
4 9
4 24
4 22
4 16
4 30
4 39
4 49
4 2
4 41
4 34
16
5 38
5 33
5 12
5 34
5 20
5 42
5 46
5 18
5 6
5 44
5 1
5 25
5 0
5 14
5 22
5 11
20
6 30
6 24
6 35
6 8
6 29
6 17
6 13
6 25
6 19
6 32
6 39
6 3
6 12
6 31
6 16
6 48
6 4
6 38
6 20
6 10
21
7 10
7 23
7 0
7 6
7 3
7 34
7 28
7 37
7 20
7 45
7 25
7 17
7 14
7 27
7 36
7 11
7 44
7 40
7 29
7 49
7 1
20
8 30
8 45
8 5
8 48
8 37
8 27
8 33
8 4
8 11
8 22
8 24
8 40
8 18
8 1
8 47
8 19
8 13
8 29
8 9
8 38
21
9 27
9 20
9 25
9 18
9 46
9 21
9 28
9 47
9 6
9 38
9 41
9 3
9 43
9 35
9 48
9 44
9 17
9 11
9 23
9 19
9 5
18
10 26
10 45
10 34
10 18
10 49
10 43
10 8
10 14
10 42
10 29
10 9
10 16
10 35
10 20
10 46
10 37
10 44
10 12
19
11 19
11 46
11 20
11 27
11 41
11 38
11 37
11 42
11 14
11 49
11 43
11 13
11 4
11 26
11 10
11 1
11 39
11 12
11 6
23
12 48
12 42
12 49
12 44
12 35
12 8
12 30
12 45
12 41
12 47
12 26
12 9
12 28
12 33
12 29
12 13
12 3
12 43
12 22
12 7
12 34
12 16
12 40
20
13 37
13 49
13 33
13 22
13 4
13 26
13 39
13 17
13 28
13 36
13 7
13 18
13 19
13 15
13 45
13 0
13 42
13 38
13 27
13 20
21
14 36
14 37
14 21
14 8
14 34
14 32
14 15
14 48
14 9
14 17
14 33
14 12
14 6
14 23
14 4
14 26
14 40
14 45
14 19
14 13
14 0
19
15 49
15 7
15 11
15 27
15 16
15 4
15 35
15 46
15 29
15 0
15 37
15 42
15 47
15 31
15 20
15 30
15 5
15 19
15 45
18
16 44
16 8
16 38
16 2
16 11
16 14
16 0
16 28
16 36
16 24
16 26
16 13
16 18
16 43
16 5
16 46
16 1
16 34
21
17 48
17 2
17 47
17 27
17 28
17 0
17 45
17 49
17 36
17 12
17 11
17 18
17 43
17 16
17 3
17 8
17 22
17 5
17 35
17 19
17 15
18
18 43
18 40
18 1
18 12
18 44
18 23
18 19
18 24
18 29
18 32
18 47
18 14
18 22
18 41
18 20
18 15
18 3
18 27
21
19 38
19 41
19 10
19 7
19 26
19 20
19 5
19 46
19 47
19 2
19 32
19 31
19 12
19 27
19 25
19 16
19 44
19 21
19 43
19 34
19 22
24
20 36
20 27
20 12
20 16
20 31
20 40
20 2
20 43
20 37
20 29
20 8
20 46
20 3
20 33
20 49
20 0
20 30
20 24
20 17
20 38
20 23
20 14
20 41
20 35
20
21 10
21 25
21 0
21 39
21 8
21 43
21 47
21 3
21 5
21 34
21 28
21 23
21 6
21 48
21 12
21 20
21 36
21 16
21 31
21 32
14
22 16
22 27
22 32
22 1
22 14
22 43
22 11
22 6
22 2
22 46
22 45
22 38
22 49
22 20
20
23 42
23 17
23 35
23 43
23 41
23 33
23 5
23 8
23 27
23 3
23 44
23 15
23 12
23 37
23 24
23 34
23 49
23 13
23 11
23 40
22
24 30
24 44
24 47
24 26
24 12
24 41
24 49
24 29
24 13
24 7
24 15
24 34
24 3
24 14
24 37
24 11
24 5
24 9
24 0
24 22
24 19
24 33
20
25 41
25 28
25 12
25 4
25 11
25 22
25 15
25 10
25 46
25 13
25 27
25 17
25 24
25 0
25 39
25 8
25 43
25 42
25 30
25 26
19
26 45
26 20
26 8
26 49
26 33
26 21
26 32
26 2
26 23
26 47
26 6
26 18
26 30
26 17
26 42
26 15
26 1
26 44
26 35
16
27 21
27 4
27 32
27 2
27 46
27 36
27 40
27 12
27 47
27 33
27 37
27 48
27 0
27 45
27 3
27 16
21
28 5
28 22
28 15
28 6
28 1
28 42
28 36
28 27
28 18
28 14
28 11
28 32
28 24
28 44
28 20
28 8
28 19
28 40
28 37
28 30
28 4
22
29 2
29 9
29 33
29 11
29 23
29 36
29 4
29 42
29 17
29 26
29 21
29 22
29 45
29 43
29 30
29 19
29 3
29 46
29 40
29 28
29 31
29 44
19
30 41
30 13
30 5
30 11
30 48
30 38
30 2
30 46
30 16
30 33
30 22
30 21
30 47
30 10
30 7
30 14
30 23
30 1
30 18
25
31 16
31 10
31 13
31 47
31 44
31 36
31 45
31 26
31 17
31 14
31 24
31 22
31 9
31 18
31 35
31 40
31 2
31 5
31 30
31 28
31 11
31 8
31 37
31 34
31 39
23
32 36
32 3
32 30
32 38
32 16
32 9
32 5
32 25
32 43
32 8
32 4
32 11
32 42
32 10
32 47
32 49
32 7
32 17
32 23
32 40
32 39
32 15
32 37
21
33 6
33 38
33 36
33 31
33 42
33 47
33 18
33 43
33 34
33 10
33 19
33 22
33 16
33 28
33 25
33 32
33 1
33 4
33 15
33 35
33 45
21
34 11
34 41
34 18
34 25
34 32
34 8
34 26
34 28
34 27
34 42
34 48
34 6
34 30
34 2
34 20
34 15
34 36
34 37
34 44
34 22
34 43
25
35 37
35 8
35 21
35 42
35 7
35 30
35 39
35 40
35 24
35 29
35 25
35 18
35 45
35 19
35 4
35 36
35 49
35 44
35 11
35 16
35 0
35 14
35 22
35 13
35 47
13
36 41
36 40
36 12
36 4
36 0
36 5
36 11
36 15
36 6
36 44
36 26
36 24
36 42
21
37 42
37 36
37 41
37 6
37 25
37 22
37 12
37 1
37 19
37 26
37 2
37 44
37 39
37 18
37 46
37 16
37 29
37 30
37 21
37 33
37 4
19
38 35
38 28
38 12
38 44
38 1
38 3
38 31
38 15
38 21
38 40
38 46
38 4
38 48
38 39
38 25
38 26
38 18
38 14
38 49
21
39 36
39 42
39 15
39 5
39 30
39 49
39 9
39 28
39 14
39 20
39 33
39 43
39 40
39 12
39 0
39 26
39 27
39 34
39 16
39 47
39 8
22
40 15
40 9
40 25
40 10
40 30
40 21
40 17
40 43
40 48
40 1
40 33
40 0
40 3
40 26
40 13
40 19
40 24
40 6
40 4
40 2
40 5
40 11
16
41 40
41 44
41 6
41 17
41 0
41 39
41 10
41 46
41 22
41 27
41 29
41 16
41 13
41 14
41 31
41 38
14
42 17
42 9
42 40
42 31
42 8
42 19
42 49
42 30
42 22
42 18
42 2
42 16
42 14
42 45
17
43 5
43 24
43 42
43 14
43 45
43 6
43 36
43 26
43 41
43 37
43 47
43 38
43 2
43 30
43 35
43 4
43 13
17
44 27
44 47
44 1
44 42
44 40
44 32
44 17
44 15
44 13
44 8
44 39
44 25
44 21
44 14
44 0
44 33
44 48
14
45 34
45 30
45 21
45 39
45 3
45 28
45 9
45 41
45 5
45 36
45 49
45 47
45 25
45 46
19
46 6
46 17
46 35
46 8
46 44
46 7
46 23
46 47
46 40
46 1
46 48
46 42
46 33
46 26
46 39
46 34
46 12
46 32
46 21
17
47 38
47 7
47 14
47 5
47 2
47 34
47 48
47 41
47 11
47 23
47 28
47 4
47 22
47 13
47 42
47 37
47 36
24
48 28
48 7
48 16
48 15
48 36
48 0
48 31
48 2
48 13
48 45
48 20
48 43
48 3
48 11
48 23
48 19
48 33
48 22
48 26
48 24
48 35
48 39
48 25
48 42
17
49 33
49 1
49 30
49 41
49 27
49 43
49 18
49 21
49 16
49 19
49 40
49 46
49 3
49 14
49 37
49 36
49 31
