50
0 "A13"
1 "A27"
2 "A37"
3 "A6"
4 "A45"
5 "A22"
6 "A26"
7 "A4"
8 "A14"
9 "A0"
10 "A44"
11 "A17"
12 "A15"
13 "A42"
14 "A19"
15 "A5"
16 "A48"
17 "A36"
18 "A28"
19 "A23"
20 "A40"
21 "A32"
22 "A12"
23 "A47"
24 "A2"
25 "A10"
26 "A11"
27 "A3"
28 "A38"
29 "A25"
30 "A35"
31 "A43"
32 "A39"
33 "A21"
34 "A20"
35 "A8"
36 "A30"
37 "A33"
38 "A9"
39 "A34"
40 "A46"
41 "A18"
42 "A29"
43 "A16"
44 "A49"
45 "A7"
46 "A24"
47 "A41"
48 "A1"
49 "A31"
20
0 36
0 22
0 13
0 18
0 9
0 37
0 40
0 44
0 46
0 19
0 30
0 25
0 1
0 23
0 7
0 41
0 11
0 24
0 45
0 8
25
1 5
1 21
1 44
1 9
1 35
1 4
1 40
1 34
1 2
1 38
1 3
1 15
1 43
1 12
1 29
1 49
1 45
1 7
1 47
1 16
1 32
1 31
1 8
1 37
1 18
24
2 21
2 22
2 13
2 17
2 7
2 32
2 42
2 24
2 6
2 48
2 29
2 4
2 25
2 5
2 45
2 20
2 3
2 38
2 37
2 47
2 40
2 10
2 28
2 8
12
3 8
3 22
3 38
3 12
3 40
3 44
3 42
3 34
3 45
3 46
3 7
3 5
18
4 33
4 48
4 24
4 27
4 17
4 20
4 8
4 37
4 39
4 18
4 47
4 16
4 3
4 13
4 45
4 34
4 40
4 29
22
5 48
5 43
5 7
5 4
5 33
5 38
5 46
5 40
5 35
5 21
5 6
5 25
5 27
5 45
5 17
5 34
5 28
5 32
5 30
5 37
5 31
5 9
22
6 37
6 35
6 18
6 20
6 38
6 23
6 31
6 40
6 46
6 33
6 17
6 34
6 44
6 25
6 7
6 14
6 1
6 49
6 24
6 8
6 43
6 21
20
7 23
7 4
7 45
7 14
7 36
7 9
7 16
7 37
7 44
7 20
7 43
7 18
7 21
7 26
7 22
7 12
7 32
7 17
7 38
7 13
20
8 34
8 10
8 12
8 18
8 7
8 41
8 29
8 22
8 16
8 36
8 35
8 44
8 42
8 5
8 43
8 15
8 38
8 30
8 49
8 39
17
9 49
9 8
9 35
9 4
9 28
9 32
9 21
9 31
9 22
9 15
9 26
9 11
9 34
9 23
9 39
9 20
9 12
20
10 30
10 47
10 46
10 9
10 4
10 29
10 27
10 49
10 11
10 0
10 16
10 18
10 5
10 3
10 6
10 45
10 1
10 32
10 38
10 39
22
11 26
11 43
11 44
11 12
11 17
11 24
11 15
11 3
11 37
11 2
11 42
11 30
11 1
11 19
11 8
11 7
11 18
11 5
11 46
11 39
11 22
11 40
19
12 33
12 21
12 48
12 29
12 46
12 4
12 14
12 2
12 18
12 40
12 35
12 25
12 0
12 5
12 42
12 44
12 36
12 49
12 13
16
13 6
13 42
13 1
13 36
13 18
13 29
13 22
13 31
13 37
13 14
13 20
13 40
13 19
13 16
13 44
13 8
17
14 36
14 45
14 31
14 43
14 40
14 25
14 4
14 37
14 26
14 32
14 42
14 3
14 33
14 9
14 17
14 21
14 18
15
15 47
15 12
15 36
15 31
15 19
15 17
15 21
15 32
15 33
15 0
15 14
15 20
15 6
15 48
15 22
17
16 38
16 2
16 15
16 11
16 3
16 45
16 44
16 27
16 41
16 22
16 43
16 5
16 21
16 37
16 31
16 19
16 49
17
17 16
17 10
17 31
17 24
17 43
17 19
17 33
17 49
17 23
17 12
17 48
17 45
17 8
17 3
17 9
17 13
17 0
17
18 46
18 3
18 40
18 28
18 16
18 45
18 30
18 5
18 38
18 47
18 27
18 35
18 2
18 33
18 15
18 23
18 34
26
19 37
19 9
19 7
19 28
19 2
19 36
19 29
19 24
19 25
19 43
19 4
19 14
19 46
19 5
19 45
19 6
19 12
19 1
19 27
19 8
19 3
19 40
19 10
19 35
19 20
19 48
20
20 10
20 31
20 23
20 11
20 36
20 1
20 14
20 42
20 16
20 35
20 8
20 3
20 40
20 30
20 26
20 34
20 18
20 5
20 44
20 0
22
21 33
21 24
21 18
21 29
21 0
21 17
21 11
21 13
21 32
21 30
21 48
21 3
21 23
21 28
21 47
21 4
21 41
21 25
21 26
21 10
21 45
21 43
16
22 17
22 35
22 38
22 14
22 21
22 43
22 6
22 18
22 36
22 20
22 5
22 1
22 39
22 19
22 37
22 10
18
23 19
23 49
23 13
23 12
23 1
23 36
23 22
23 3
23 26
23 15
23 14
23 25
23 10
23 16
23 37
23 5
23 11
23 4
23
24 28
24 14
24 31
24 43
24 3
24 9
24 42
24 20
24 46
24 36
24 5
24 34
24 8
24 33
24 38
24 1
24 23
24 30
24 27
24 22
24 39
24 16
24 44
27
25 49
25 8
25 4
25 34
25 32
25 39
25 48
25 40
25 26
25 27
25 1
25 22
25 31
25 9
25 24
25 7
25 15
25 16
25 43
25 33
25 47
25 13
25 35
25 18
25 37
25 3
25 20
24
26 5
26 47
26 3
26 19
26 35
26 2
26 18
26 36
26 0
26 44
26 34
26 16
26 6
26 22
26 32
26 43
26 12
26 28
26 33
26 15
26 8
26 1
26 24
26 31
19
27 12
27 6
27 37
27 26
27 2
27 45
27 1
27 13
27 42
27 33
27 7
27 43
27 48
27 17
27 15
27 20
27 23
27 9
27 39
24
28 3
28 17
28 40
28 11
28 23
28 0
28 38
28 7
28 6
28 1
28 4
28 14
28 20
28 22
28 41
28 12
28 46
28 29
28 13
28 31
28 25
28 45
28 47
28 16
20
29 31
29 35
29 9
29 32
29 46
29 44
29 26
29 14
29 0
29 30
29 27
29 24
29 18
29 25
29 49
29 7
29 39
29 34
29 17
29 11
22
30 13
30 23
30 33
30 6
30 12
30 4
30 14
30 25
30 31
30 16
30 36
30 34
30 1
30 7
30 9
30 43
30 28
30 49
30 3
30 26
30 47
30 35
13
31 42
31 46
31 11
31 10
31 7
31 38
31 23
31 33
31 34
31 3
31 19
31 21
31 4
17
32 36
32 35
32 24
32 12
32 18
32 8
32 37
32 6
32 23
32 38
32 16
32 30
32 13
32 31
32 28
32 19
32 44
12
33 23
33 29
33 22
33 43
33 48
33 28
33 42
33 1
33 35
33 2
33 32
33 16
17
34 7
34 15
34 2
34 32
34 11
34 16
34 19
34 43
34 33
34 28
34 36
34 17
34 0
34 10
34 35
34 47
34 22
21
35 38
35 36
35 16
35 14
35 37
35 11
35 28
35 15
35 39
35 17
35 47
35 45
35 10
35 24
35 23
35 27
35 41
35 48
35 4
35 43
35 7
20
36 4
36 28
36 31
36 11
36 29
36 3
36 40
36 1
36 46
36 18
36 2
36 42
36 45
36 6
36 25
36 33
36 43
36 10
36 16
36 41
18
37 26
37 18
37 30
37 41
37 31
37 44
37 28
37 24
37 21
37 12
37 36
37 20
37 45
37 10
37 34
37 49
37 29
37 46
14
38 34
38 37
38 11
38 25
38 13
38 41
38 20
38 17
38 9
38 19
38 23
38 29
38 14
38 21
21
39 19
39 49
39 12
39 43
39 14
39 20
39 38
39 1
39 17
39 15
39 6
39 21
39 3
39 33
39 37
39 26
39 34
39 45
39 23
39 13
39 7
16
40 48
40 8
40 10
40 42
40 33
40 37
40 45
40 22
40 31
40 16
40 32
40 23
40 24
40 46
40 7
40 26
27
41 23
41 6
41 49
41 33
41 2
41 14
41 9
41 12
41 17
41 30
41 32
41 34
41 5
41 10
41 25
41 42
41 15
41 1
41 13
41 40
41 27
41 22
41 39
41 24
41 29
41 7
41 47
24
42 48
42 22
42 17
42 15
42 47
42 4
42 30
42 37
42 28
42 29
42 5
42 23
42 46
42 26
42 21
42 44
42 7
42 10
42 34
42 16
42 45
42 9
42 32
42 39
15
43 31
43 0
43 28
43 49
43 15
43 4
43 32
43 41
43 3
43 9
43 29
43 10
43 40
43 13
43 37
25
44 43
44 40
44 4
44 28
44 31
44 35
44 33
44 2
44 10
44 49
44 45
44 22
44 34
44 9
44 46
44 15
44 18
44 19
44 48
44 23
44 27
44 21
44 25
44 38
44 14
14
45 8
45 46
45 31
45 22
45 23
45 43
45 26
45 24
45 25
45 15
45 9
45 32
45 12
45 33
23
46 34
46 4
46 26
46 32
46 21
46 41
46 27
46 14
46 38
46 20
46 39
46 7
46 1
46 13
46 17
46 48
46 2
46 22
46 15
46 33
46 16
46 9
46 23
24
47 36
47 33
47 6
47 19
47 40
47 8
47 32
47 7
47 5
47 46
47 12
47 22
47 3
47 14
47 20
47 24
47 0
47 27
47 38
47 44
47 16
47 9
47 23
47 17
22
48 43
48 18
48 23
48 3
48 7
48 1
48 10
48 0
48 8
48 39
48 6
48 14
48 49
48 29
48 41
48 13
48 16
48 36
48 45
48 34
48 22
48 32
16
49 28
49 40
49 47
49 32
49 5
49 21
49 20
49 26
49 4
49 24
49 0
49 45
49 3
49 22
49 2
49 35
