50
0 "A30"
1 "A46"
2 "A12"
3 "A37"
4 "A24"
5 "A40"
6 "A47"
7 "A17"
8 "A5"
9 "A39"
10 "A44"
11 "A27"
12 "A49"
13 "A23"
14 "A18"
15 "A45"
16 "A33"
17 "A2"
18 "A22"
19 "A10"
20 "A20"
21 "A1"
22 "A0"
23 "A19"
24 "A42"
25 "A15"
26 "A6"
27 "A16"
28 "A41"
29 "A8"
30 "A21"
31 "A29"
32 "A38"
33 "A4"
34 "A36"
35 "A14"
36 "A34"
37 "A28"
38 "A11"
39 "A26"
40 "A7"
41 "A35"
42 "A48"
43 "A32"
44 "A9"
45 "A25"
46 "A43"
47 "A31"
48 "A3"
49 "A13"
12
0 18
0 17
0 16
0 24
0 21
0 5
0 43
0 38
0 26
0 12
0 9
0 4
15
1 18
1 38
1 42
1 2
1 33
1 11
1 37
1 44
1 16
1 13
1 19
1 36
1 0
1 25
1 5
19
2 24
2 39
2 13
2 35
2 10
2 7
2 18
2 15
2 16
2 0
2 26
2 6
2 42
2 48
2 21
2 47
2 14
2 37
2 17
25
3 20
3 28
3 0
3 39
3 2
3 34
3 43
3 35
3 29
3 46
3 49
3 7
3 40
3 38
3 23
3 44
3 36
3 4
3 47
3 18
3 14
3 33
3 45
3 30
3 9
26
4 43
4 40
4 1
4 45
4 34
4 38
4 48
4 2
4 24
4 36
4 11
4 41
4 18
4 14
4 20
4 16
4 19
4 37
4 46
4 10
4 32
4 26
4 15
4 8
4 9
4 42
24
5 26
5 36
5 22
5 3
5 21
5 40
5 25
5 32
5 33
5 23
5 16
5 10
5 2
5 15
5 29
5 4
5 41
5 47
5 6
5 27
5 34
5 18
5 43
5 42
25
6 33
6 47
6 36
6 13
6 1
6 26
6 7
6 19
6 10
6 42
6 27
6 28
6 21
6 43
6 35
6 29
6 49
6 18
6 46
6 37
6 3
6 24
6 4
6 38
6 20
19
7 4
7 12
7 18
7 10
7 31
7 13
7 35
7 24
7 20
7 39
7 44
7 0
7 29
7 1
7 21
7 45
7 48
7 36
7 38
27
8 20
8 48
8 39
8 7
8 12
8 0
8 30
8 46
8 24
8 1
8 27
8 21
8 18
8 3
8 38
8 28
8 17
8 16
8 25
8 22
8 34
8 2
8 15
8 33
8 6
8 49
8 36
19
9 47
9 49
9 2
9 7
9 1
9 11
9 25
9 29
9 44
9 5
9 33
9 6
9 16
9 41
9 35
9 48
9 34
9 32
9 31
28
10 16
10 30
10 36
10 48
10 23
10 15
10 20
10 43
10 9
10 42
10 22
10 11
10 31
10 26
10 14
10 3
10 25
10 40
10 18
10 1
10 35
10 33
10 24
10 44
10 32
10 29
10 28
10 46
17
11 40
11 37
11 39
11 3
11 35
11 47
11 0
11 2
11 48
11 36
11 6
11 8
11 46
11 28
11 7
11 16
11 29
20
12 13
12 11
12 21
12 15
12 39
12 35
12 2
12 20
12 42
12 44
12 17
12 5
12 46
12 26
12 14
12 9
12 1
12 49
12 3
12 23
16
13 18
13 35
13 20
13 8
13 9
13 25
13 43
13 5
13 3
13 11
13 0
13 44
13 10
13 33
13 4
13 21
23
14 48
14 31
14 20
14 49
14 6
14 15
14 39
14 21
14 47
14 42
14 33
14 11
14 34
14 44
14 43
14 45
14 38
14 0
14 26
14 17
14 5
14 13
14 8
15
15 32
15 28
15 23
15 31
15 11
15 3
15 39
15 34
15 7
15 45
15 17
15 44
15 13
15 6
15 43
16
16 18
16 19
16 46
16 44
16 15
16 17
16 38
16 7
16 36
16 23
16 21
16 45
16 14
16 12
16 13
16 48
20
17 6
17 13
17 1
17 43
17 25
17 28
17 37
17 35
17 3
17 11
17 45
17 7
17 10
17 9
17 23
17 48
17 38
17 47
17 21
17 32
17
18 33
18 24
18 42
18 12
18 11
18 9
18 14
18 32
18 39
18 48
18 45
18 40
18 30
18 28
18 20
18 46
18 31
28
19 26
19 2
19 31
19 46
19 14
19 36
19 23
19 38
19 42
19 5
19 10
19 34
19 0
19 15
19 40
19 33
19 32
19 20
19 3
19 45
19 11
19 39
19 21
19 12
19 9
19 37
19 47
19 49
16
20 37
20 42
20 23
20 49
20 2
20 25
20 22
20 48
20 15
20 46
20 17
20 39
20 21
20 0
20 5
20 9
12
21 4
21 18
21 45
21 24
21 47
21 23
21 1
21 30
21 31
21 10
21 11
21 3
17
22 32
22 24
22 45
22 15
22 0
22 3
22 14
22 27
22 26
22 46
22 35
22 7
22 1
22 48
22 9
22 17
22 21
19
23 45
23 14
23 44
23 9
23 8
23 6
23 30
23 13
23 18
23 0
23 42
23 41
23 2
23 47
23 28
23 37
23 27
23 7
23 11
15
24 15
24 16
24 43
24 5
24 23
24 13
24 37
24 33
24 9
24 31
24 1
24 28
24 48
24 26
24 45
21
25 12
25 35
25 41
25 24
25 37
25 14
25 3
25 0
25 18
25 33
25 2
25 22
25 39
25 11
25 4
25 30
25 7
25 23
25 15
25 26
25 36
21
26 39
26 7
26 15
26 8
26 21
26 1
26 48
26 49
26 11
26 47
26 37
26 43
26 18
26 13
26 34
26 40
26 9
26 23
26 45
26 29
26 20
22
27 33
27 37
27 36
27 16
27 13
27 46
27 25
27 26
27 15
27 1
27 45
27 11
27 48
27 19
27 0
27 21
27 3
27 10
27 2
27 4
27 17
27 42
19
28 26
28 42
28 20
28 5
28 45
28 2
28 21
28 40
28 33
28 25
28 19
28 22
28 30
28 38
28 1
28 36
28 29
28 37
28 35
20
29 41
29 22
29 13
29 18
29 30
29 24
29 31
29 21
29 40
29 17
29 25
29 42
29 23
29 27
29 33
29 38
29 1
29 43
29 8
29 4
27
30 27
30 41
30 31
30 36
30 39
30 48
30 12
30 26
30 34
30 0
30 19
30 5
30 6
30 1
30 24
30 32
30 22
30 38
30 17
30 20
30 45
30 9
30 49
30 11
30 4
30 2
30 16
18
31 5
31 23
31 12
31 48
31 1
31 43
31 41
31 3
31 0
31 4
31 25
31 26
31 22
31 17
31 37
31 20
31 46
31 40
23
32 7
32 20
32 37
32 14
32 25
32 26
32 31
32 41
32 34
32 28
32 21
32 1
32 12
32 29
32 38
32 6
32 39
32 45
32 11
32 16
32 13
32 27
32 8
17
33 32
33 31
33 26
33 20
33 4
33 41
33 16
33 30
33 49
33 15
33 0
33 7
33 17
33 42
33 22
33 11
33 23
24
34 31
34 25
34 24
34 1
34 37
34 47
34 43
34 41
34 33
34 7
34 28
34 36
34 0
34 11
34 10
34 45
34 12
34 22
34 23
34 39
34 21
34 13
34 2
34 46
25
35 45
35 31
35 16
35 8
35 23
35 19
35 27
35 37
35 4
35 5
35 34
35 38
35 24
35 30
35 33
35 21
35 29
35 43
35 36
35 49
35 32
35 26
35 0
35 20
35 40
16
36 21
36 17
36 41
36 43
36 49
36 23
36 48
36 39
36 9
36 26
36 12
36 22
36 20
36 13
36 18
36 29
18
37 3
37 12
37 45
37 15
37 9
37 0
37 42
37 47
37 5
37 8
37 21
37 33
37 29
37 13
37 41
37 18
37 16
37 46
24
38 37
38 22
38 23
38 25
38 31
38 40
38 11
38 12
38 49
38 2
38 27
38 41
38 33
38 47
38 10
38 18
38 15
38 26
38 39
38 5
38 45
38 9
38 36
38 21
20
39 43
39 9
39 23
39 6
39 45
39 44
39 49
39 21
39 10
39 37
39 16
39 22
39 13
39 27
39 28
39 0
39 24
39 1
39 5
39 46
19
40 2
40 27
40 48
40 25
40 42
40 37
40 36
40 30
40 6
40 39
40 13
40 23
40 33
40 12
40 8
40 16
40 22
40 21
40 9
17
41 22
41 20
41 0
41 18
41 24
41 2
41 14
41 10
41 3
41 49
41 16
41 43
41 17
41 40
41 8
41 35
41 7
17
42 35
42 31
42 34
42 21
42 26
42 13
42 43
42 16
42 38
42 9
42 39
42 25
42 8
42 41
42 30
42 47
42 15
16
43 28
43 30
43 8
43 16
43 44
43 47
43 22
43 32
43 12
43 20
43 1
43 11
43 49
43 25
43 37
43 23
18
44 35
44 20
44 32
44 18
44 2
44 24
44 11
44 38
44 6
44 41
44 27
44 45
44 28
44 17
44 0
44 40
44 36
44 33
15
45 1
45 8
45 29
45 20
45 43
45 9
45 2
45 41
45 31
45 6
45 5
45 36
45 46
45 10
45 11
17
46 42
46 7
46 29
46 28
46 40
46 41
46 35
46 2
46 17
46 1
46 26
46 44
46 48
46 30
46 15
46 24
46 5
19
47 31
47 25
47 44
47 49
47 30
47 28
47 18
47 24
47 0
47 27
47 16
47 10
47 32
47 7
47 33
47 29
47 22
47 36
47 4
18
48 47
48 28
48 38
48 37
48 13
48 32
48 19
48 12
48 0
48 41
48 1
48 43
48 5
48 21
48 3
48 23
48 35
48 42
19
49 0
49 40
49 2
49 24
49 27
49 34
49 22
49 25
49 44
49 5
49 7
49 18
49 10
49 31
49 23
49 21
49 15
49 17
49 11
