50
0 "A21"
1 "A25"
2 "A43"
3 "A11"
4 "A22"
5 "A30"
6 "A8"
7 "A39"
8 "A26"
9 "A45"
10 "A32"
11 "A9"
12 "A19"
13 "A35"
14 "A4"
15 "A47"
16 "A14"
17 "A38"
18 "A7"
19 "A34"
20 "A33"
21 "A41"
22 "A44"
23 "A5"
24 "A6"
25 "A46"
26 "A42"
27 "A13"
28 "A36"
29 "A0"
30 "A16"
31 "A27"
32 "A37"
33 "A48"
34 "A23"
35 "A24"
36 "A40"
37 "A49"
38 "A10"
39 "A31"
40 "A15"
41 "A3"
42 "A1"
43 "A12"
44 "A18"
45 "A29"
46 "A2"
47 "A20"
48 "A28"
49 "A17"
19
0 49
0 7
0 5
0 21
0 48
0 47
0 23
0 8
0 2
0 17
0 39
0 44
0 1
0 19
0 36
0 33
0 31
0 11
0 41
22
1 4
1 41
1 24
1 14
1 35
1 29
1 10
1 33
1 19
1 21
1 12
1 25
1 18
1 28
1 5
1 30
1 23
1 20
1 47
1 43
1 49
1 11
18
2 24
2 6
2 3
2 13
2 10
2 23
2 19
2 38
2 41
2 35
2 32
2 11
2 49
2 42
2 22
2 15
2 5
2 1
23
3 0
3 16
3 1
3 14
3 21
3 25
3 8
3 33
3 44
3 45
3 29
3 9
3 22
3 46
3 20
3 35
3 49
3 6
3 47
3 10
3 42
3 30
3 11
22
4 47
4 43
4 2
4 28
4 41
4 3
4 31
4 12
4 46
4 38
4 22
4 21
4 20
4 8
4 13
4 5
4 25
4 17
4 32
4 36
4 27
4 0
17
5 3
5 6
5 39
5 46
5 32
5 15
5 11
5 41
5 43
5 10
5 25
5 14
5 7
5 36
5 38
5 28
5 17
12
6 26
6 34
6 13
6 11
6 38
6 42
6 27
6 0
6 1
6 22
6 12
6 21
19
7 2
7 3
7 34
7 4
7 20
7 23
7 30
7 8
7 28
7 17
7 40
7 45
7 24
7 49
7 31
7 41
7 42
7 36
7 19
19
8 35
8 5
8 48
8 6
8 17
8 2
8 21
8 45
8 23
8 49
8 34
8 25
8 30
8 39
8 37
8 33
8 46
8 22
8 47
23
9 38
9 19
9 16
9 23
9 41
9 24
9 44
9 26
9 6
9 25
9 28
9 17
9 22
9 8
9 13
9 21
9 43
9 34
9 40
9 5
9 27
9 12
9 0
25
10 22
10 6
10 14
10 4
10 30
10 9
10 44
10 12
10 8
10 47
10 27
10 21
10 43
10 24
10 40
10 20
10 48
10 32
10 33
10 37
10 31
10 0
10 36
10 39
10 35
19
11 14
11 7
11 10
11 25
11 48
11 38
11 15
11 18
11 41
11 36
11 49
11 4
11 27
11 30
11 37
11 24
11 35
11 13
11 47
18
12 5
12 13
12 19
12 21
12 46
12 7
12 24
12 17
12 25
12 16
12 30
12 29
12 26
12 23
12 48
12 33
12 44
12 42
22
13 40
13 27
13 3
13 39
13 29
13 42
13 21
13 14
13 17
13 16
13 41
13 30
13 18
13 10
13 7
13 38
13 1
13 46
13 33
13 0
13 8
13 19
20
14 26
14 35
14 15
14 40
14 20
14 19
14 37
14 27
14 25
14 9
14 47
14 29
14 44
14 6
14 12
14 30
14 24
14 43
14 22
14 0
24
15 9
15 47
15 16
15 7
15 6
15 27
15 40
15 31
15 30
15 20
15 35
15 10
15 48
15 3
15 21
15 45
15 39
15 1
15 38
15 28
15 44
15 37
15 13
15 29
20
16 6
16 48
16 20
16 30
16 34
16 11
16 38
16 29
16 17
16 47
16 39
16 37
16 32
16 23
16 40
16 22
16 42
16 7
16 49
16 4
16
17 39
17 14
17 15
17 30
17 42
17 18
17 3
17 24
17 48
17 21
17 47
17 27
17 6
17 45
17 10
17 41
22
18 3
18 30
18 35
18 34
18 6
18 9
18 43
18 14
18 45
18 21
18 49
18 47
18 0
18 5
18 7
18 33
18 20
18 28
18 27
18 24
18 19
18 16
17
19 16
19 5
19 10
19 36
19 4
19 20
19 31
19 27
19 24
19 41
19 25
19 17
19 32
19 22
19 34
19 15
19 47
21
20 36
20 6
20 31
20 41
20 28
20 30
20 27
20 25
20 2
20 22
20 12
20 39
20 5
20 47
20 26
20 9
20 46
20 24
20 34
20 44
20 23
19
21 30
21 5
21 37
21 33
21 47
21 16
21 34
21 27
21 20
21 11
21 45
21 36
21 2
21 26
21 23
21 28
21 24
21 39
21 32
16
22 48
22 21
22 39
22 18
22 5
22 34
22 32
22 17
22 26
22 13
22 30
22 33
22 15
22 43
22 31
22 29
20
23 44
23 22
23 49
23 47
23 26
23 35
23 40
23 48
23 6
23 13
23 39
23 3
23 45
23 38
23 43
23 5
23 36
23 31
23 17
23 14
12
24 46
24 37
24 26
24 29
24 13
24 8
24 15
24 3
24 36
24 0
24 35
24 16
21
25 39
25 43
25 2
25 34
25 40
25 13
25 36
25 21
25 24
25 7
25 6
25 29
25 37
25 22
25 16
25 23
25 47
25 49
25 46
25 33
25 0
17
26 13
26 5
26 3
26 16
26 49
26 34
26 19
26 48
26 7
26 41
26 0
26 2
26 27
26 11
26 4
26 17
26 8
15
27 2
27 37
27 29
27 16
27 8
27 30
27 38
27 48
27 3
27 39
27 1
27 35
27 36
27 22
27 7
21
28 41
28 42
28 38
28 26
28 40
28 33
28 37
28 34
28 23
28 6
28 25
28 24
28 3
28 13
28 2
28 45
28 0
28 11
28 12
28 43
28 8
23
29 28
29 9
29 40
29 37
29 10
29 48
29 21
29 0
29 2
29 41
29 31
29 42
29 6
29 35
29 38
29 4
29 36
29 20
29 17
29 19
29 23
29 32
29 11
17
30 38
30 24
30 6
30 39
30 28
30 4
30 5
30 2
30 37
30 36
30 26
30 42
30 19
30 49
30 25
30 29
30 43
21
31 39
31 43
31 9
31 36
31 1
31 30
31 2
31 21
31 8
31 37
31 17
31 46
31 26
31 27
31 47
31 44
31 18
31 16
31 24
31 3
31 13
26
32 42
32 43
32 13
32 44
32 40
32 37
32 27
32 9
32 28
32 47
32 0
32 48
32 11
32 31
32 24
32 46
32 7
32 39
32 8
32 14
32 6
32 17
32 26
32 49
32 18
32 23
21
33 31
33 2
33 4
33 24
33 39
33 30
33 29
33 19
33 47
33 15
33 20
33 9
33 17
33 34
33 36
33 23
33 14
33 32
33 38
33 7
33 48
18
34 32
34 12
34 29
34 10
34 24
34 17
34 23
34 0
34 44
34 48
34 13
34 11
34 30
34 40
34 47
34 1
34 4
34 39
19
35 28
35 30
35 6
35 16
35 38
35 17
35 21
35 5
35 49
35 46
35 26
35 19
35 37
35 48
35 4
35 44
35 9
35 13
35 33
18
36 9
36 34
36 6
36 43
36 37
36 44
36 40
36 8
36 38
36 28
36 2
36 49
36 26
36 22
36 48
36 45
36 15
36 35
20
37 17
37 19
37 26
37 3
37 18
37 6
37 2
37 23
37 47
37 44
37 12
37 33
37 46
37 34
37 5
37 0
37 4
37 43
37 42
37 39
19
38 24
38 10
38 37
38 48
38 8
38 19
38 18
38 25
38 46
38 34
38 26
38 1
38 17
38 39
38 22
38 3
38 32
38 21
38 49
18
39 14
39 29
39 18
39 24
39 1
39 7
39 36
39 35
39 40
39 48
39 2
39 12
39 26
39 4
39 11
39 42
39 19
39 28
17
40 35
40 48
40 47
40 37
40 49
40 24
40 17
40 22
40 26
40 2
40 18
40 27
40 6
40 46
40 1
40 19
40 3
18
41 25
41 40
41 39
41 32
41 38
41 6
41 22
41 14
41 24
41 15
41 47
41 30
41 33
41 8
41 27
41 35
41 21
41 10
19
42 1
42 10
42 38
42 46
42 23
42 0
42 33
42 26
42 31
42 8
42 41
42 25
42 18
42 47
42 27
42 35
42 49
42 36
42 20
21
43 24
43 8
43 38
43 49
43 16
43 29
43 35
43 39
43 27
43 47
43 3
43 7
43 41
43 6
43 0
43 48
43 45
43 12
43 26
43 17
43 20
23
44 8
44 48
44 5
44 42
44 30
44 41
44 17
44 2
44 4
44 11
44 39
44 22
44 18
44 40
44 6
44 29
44 21
44 28
44 25
44 13
44 33
44 43
44 24
27
45 44
45 39
45 12
45 46
45 27
45 34
45 33
45 29
45 16
45 42
45 30
45 38
45 10
45 2
45 6
45 37
45 9
45 40
45 13
45 22
45 49
45 26
45 0
45 41
45 32
45 11
45 31
20
46 17
46 26
46 10
46 14
46 16
46 19
46 15
46 34
46 30
46 44
46 21
46 41
46 23
46 0
46 11
46 6
46 33
46 2
46 27
46 1
16
47 12
47 5
47 26
47 36
47 39
47 6
47 13
47 27
47 44
47 24
47 7
47 22
47 35
47 2
47 28
47 29
17
48 5
48 49
48 14
48 47
48 28
48 30
48 6
48 37
48 18
48 31
48 13
48 3
48 7
48 25
48 45
48 20
48 46
23
49 29
49 33
49 19
49 6
49 12
49 17
49 41
49 14
49 24
49 31
49 5
49 21
49 47
49 10
49 44
49 27
49 4
49 34
49 9
49 13
49 37
49 39
49 20
