50
0 "A21"
1 "A25"
2 "A43"
3 "A11"
4 "A22"
5 "A30"
6 "A8"
7 "A39"
8 "A26"
9 "A45"
10 "A32"
11 "A9"
12 "A19"
13 "A35"
14 "A4"
15 "A47"
16 "A14"
17 "A38"
18 "A7"
19 "A34"
20 "A33"
21 "A41"
22 "A44"
23 "A5"
24 "A6"
25 "A46"
26 "A42"
27 "A13"
28 "A36"
29 "A0"
30 "A16"
31 "A27"
32 "A37"
33 "A48"
34 "A23"
35 "A24"
36 "A40"
37 "A49"
38 "A10"
39 "A31"
40 "A15"
41 "A3"
42 "A1"
43 "A12"
44 "A18"
45 "A29"
46 "A2"
47 "A20"
48 "A28"
49 "A17"
18
0 3
0 34
0 5
0 2
0 17
0 31
0 35
0 45
0 36
0 41
0 20
0 8
0 18
0 13
0 19
0 42
0 30
0 7
20
1 43
1 33
1 32
1 41
1 17
1 22
1 14
1 28
1 35
1 30
1 10
1 46
1 31
1 26
1 4
1 45
1 23
1 24
1 21
1 36
16
2 25
2 29
2 15
2 47
2 17
2 3
2 6
2 32
2 12
2 49
2 26
2 13
2 44
2 20
2 21
2 18
19
3 37
3 16
3 45
3 32
3 33
3 19
3 41
3 7
3 13
3 29
3 31
3 27
3 9
3 26
3 1
3 5
3 10
3 25
3 35
24
4 43
4 25
4 30
4 2
4 32
4 41
4 7
4 8
4 5
4 17
4 29
4 40
4 11
4 12
4 34
4 23
4 16
4 31
4 13
4 3
4 21
4 39
4 37
4 27
16
5 10
5 41
5 6
5 11
5 18
5 27
5 16
5 15
5 14
5 28
5 23
5 24
5 17
5 43
5 36
5 34
21
6 34
6 12
6 11
6 19
6 9
6 0
6 39
6 38
6 3
6 17
6 27
6 31
6 24
6 43
6 47
6 4
6 45
6 28
6 30
6 14
6 42
23
7 24
7 41
7 9
7 15
7 45
7 23
7 19
7 36
7 32
7 5
7 21
7 20
7 26
7 40
7 8
7 49
7 11
7 13
7 27
7 6
7 42
7 35
7 17
21
8 49
8 22
8 35
8 31
8 6
8 3
8 47
8 18
8 46
8 28
8 36
8 43
8 37
8 26
8 20
8 16
8 2
8 27
8 11
8 12
8 48
18
9 26
9 44
9 21
9 5
9 8
9 28
9 25
9 27
9 13
9 0
9 47
9 29
9 46
9 16
9 35
9 38
9 1
9 19
19
10 20
10 4
10 27
10 24
10 47
10 8
10 33
10 0
10 35
10 39
10 17
10 14
10 43
10 18
10 25
10 48
10 45
10 11
10 40
22
11 37
11 46
11 45
11 27
11 36
11 38
11 24
11 12
11 1
11 3
11 21
11 13
11 25
11 41
11 33
11 14
11 0
11 20
11 19
11 48
11 47
11 18
16
12 44
12 33
12 0
12 35
12 1
12 13
12 16
12 41
12 25
12 40
12 21
12 5
12 26
12 32
12 19
12 31
17
13 48
13 38
13 37
13 28
13 24
13 1
13 22
13 26
13 5
13 32
13 8
13 33
13 17
13 45
13 42
13 46
13 20
15
14 12
14 47
14 3
14 27
14 41
14 4
14 32
14 31
14 15
14 24
14 30
14 17
14 16
14 2
14 19
20
15 37
15 49
15 13
15 44
15 21
15 29
15 35
15 48
15 38
15 25
15 0
15 12
15 4
15 31
15 45
15 47
15 6
15 26
15 33
15 10
19
16 11
16 18
16 10
16 20
16 36
16 28
16 13
16 40
16 34
16 23
16 7
16 44
16 17
16 43
16 49
16 32
16 42
16 6
16 38
19
17 38
17 24
17 45
17 39
17 48
17 25
17 8
17 15
17 41
17 9
17 21
17 3
17 42
17 46
17 30
17 47
17 20
17 43
17 12
20
18 6
18 7
18 40
18 46
18 27
18 21
18 17
18 36
18 14
18 4
18 22
18 33
18 47
18 1
18 15
18 43
18 25
18 24
18 28
18 29
24
19 34
19 28
19 27
19 41
19 5
19 49
19 43
19 46
19 15
19 45
19 8
19 4
19 47
19 17
19 10
19 39
19 2
19 37
19 44
19 25
19 13
19 32
19 29
19 16
18
20 28
20 24
20 34
20 45
20 4
20 49
20 9
20 46
20 15
20 36
20 6
20 19
20 3
20 26
20 5
20 38
20 14
20 39
15
21 20
21 3
21 47
21 48
21 27
21 0
21 16
21 26
21 8
21 13
21 30
21 35
21 28
21 6
21 19
20
22 14
22 26
22 10
22 43
22 42
22 9
22 5
22 21
22 48
22 46
22 6
22 17
22 4
22 32
22 3
22 44
22 15
22 12
22 49
22 2
27
23 19
23 11
23 13
23 20
23 12
23 27
23 24
23 26
23 49
23 6
23 31
23 3
23 32
23 15
23 44
23 10
23 2
23 40
23 43
23 17
23 35
23 30
23 18
23 37
23 21
23 22
23 46
18
24 9
24 16
24 39
24 35
24 30
24 34
24 42
24 15
24 29
24 3
24 48
24 0
24 19
24 4
24 37
24 27
24 8
24 44
24
25 14
25 39
25 45
25 30
25 29
25 7
25 6
25 43
25 21
25 37
25 20
25 44
25 34
25 8
25 24
25 23
25 27
25 5
25 46
25 13
25 31
25 16
25 40
25 0
12
26 41
26 11
26 32
26 49
26 6
26 16
26 24
26 17
26 40
26 10
26 44
26 14
14
27 40
27 1
27 2
27 44
27 30
27 37
27 15
27 22
27 31
27 17
27 38
27 26
27 13
27 12
20
28 34
28 0
28 45
28 14
28 22
28 43
28 32
28 11
28 17
28 12
28 24
28 2
28 3
28 42
28 23
28 29
28 27
28 39
28 37
28 7
23
29 43
29 1
29 30
29 39
29 16
29 17
29 32
29 12
29 13
29 37
29 38
29 7
29 27
29 48
29 0
29 21
29 41
29 14
29 26
29 36
29 10
29 23
29 42
24
30 32
30 26
30 20
30 11
30 12
30 41
30 10
30 46
30 44
30 5
30 15
30 39
30 7
30 31
30 8
30 2
30 42
30 49
30 18
30 3
30 19
30 36
30 37
30 47
14
31 10
31 46
31 18
31 13
31 43
31 24
31 34
31 33
31 16
31 9
31 42
31 5
31 49
31 17
14
32 25
32 42
32 43
32 8
32 31
32 11
32 40
32 9
32 46
32 17
32 15
32 18
32 27
32 6
24
33 6
33 27
33 20
33 21
33 39
33 9
33 29
33 24
33 28
33 22
33 2
33 4
33 34
33 49
33 23
33 44
33 16
33 19
33 26
33 25
33 0
33 8
33 7
33 30
23
34 26
34 10
34 47
34 38
34 1
34 29
34 3
34 21
34 17
34 30
34 13
34 23
34 12
34 18
34 9
34 14
34 2
34 8
34 41
34 27
34 46
34 11
34 7
27
35 4
35 49
35 37
35 22
35 26
35 5
35 47
35 34
35 11
35 32
35 42
35 16
35 28
35 40
35 14
35 31
35 44
35 29
35 19
35 2
35 27
35 30
35 46
35 38
35 25
35 13
35 20
19
36 2
36 9
36 28
36 38
36 45
36 34
36 22
36 44
36 17
36 21
36 13
36 26
36 40
36 15
36 35
36 12
36 14
36 23
36 41
14
37 42
37 20
37 49
37 33
37 18
37 2
37 12
37 46
37 34
37 1
37 0
37 40
37 5
37 31
21
38 22
38 18
38 32
38 21
38 24
38 7
38 31
38 5
38 23
38 26
38 0
38 12
38 49
38 3
38 2
38 44
38 30
38 25
38 45
38 37
38 39
25
39 23
39 0
39 5
39 7
39 21
39 2
39 14
39 42
39 9
39 1
39 49
39 8
39 31
39 40
39 16
39 35
39 26
39 41
39 34
39 3
39 44
39 18
39 47
39 37
39 22
17
40 38
40 47
40 6
40 22
40 1
40 42
40 48
40 29
40 19
40 8
40 5
40 0
40 17
40 30
40 31
40 33
40 28
17
41 38
41 40
41 15
41 37
41 24
41 16
41 25
41 27
41 44
41 32
41 2
41 10
41 21
41 33
41 22
41 6
41 9
21
42 36
42 12
42 46
42 15
42 41
42 2
42 10
42 25
42 34
42 23
42 38
42 11
42 43
42 33
42 8
42 9
42 26
42 27
42 48
42 5
42 20
22
43 12
43 21
43 20
43 41
43 30
43 39
43 3
43 24
43 37
43 27
43 33
43 26
43 36
43 46
43 13
43 38
43 34
43 7
43 40
43 14
43 2
43 0
17
44 4
44 40
44 48
44 17
44 0
44 47
44 34
44 32
44 20
44 13
44 3
44 31
44 21
44 43
44 5
44 14
44 10
22
45 33
45 37
45 30
45 32
45 23
45 41
45 43
45 22
45 21
45 26
45 14
45 49
45 5
45 39
45 29
45 16
45 47
45 8
45 42
45 24
45 44
45 27
19
46 15
46 4
46 0
46 39
46 10
46 16
46 24
46 47
46 21
46 26
46 33
46 12
46 27
46 28
46 2
46 40
46 7
46 41
46 3
18
47 3
47 38
47 31
47 1
47 22
47 12
47 37
47 28
47 7
47 27
47 24
47 32
47 4
47 36
47 23
47 29
47 0
47 16
24
48 46
48 4
48 47
48 2
48 26
48 45
48 5
48 25
48 31
48 9
48 14
48 32
48 16
48 0
48 3
48 34
48 23
48 20
48 28
48 37
48 27
48 41
48 36
48 7
20
49 41
49 40
49 44
49 0
49 10
49 5
49 18
49 1
49 25
49 29
49 27
49 12
49 14
49 6
49 28
49 47
49 4
49 34
49 43
49 13
