50
0 "A4"
1 "A8"
2 "A20"
3 "A33"
4 "A40"
5 "A34"
6 "A24"
7 "A13"
8 "A14"
9 "A22"
10 "A42"
11 "A39"
12 "A44"
13 "A48"
14 "A9"
15 "A26"
16 "A37"
17 "A41"
18 "A1"
19 "A29"
20 "A27"
21 "A5"
22 "A2"
23 "A12"
24 "A19"
25 "A21"
26 "A46"
27 "A18"
28 "A38"
29 "A15"
30 "A23"
31 "A3"
32 "A31"
33 "A16"
34 "A6"
35 "A0"
36 "A30"
37 "A11"
38 "A32"
39 "A35"
40 "A10"
41 "A17"
42 "A28"
43 "A7"
44 "A49"
45 "A25"
46 "A36"
47 "A45"
48 "A47"
49 "A43"
15
0 21
0 19
0 40
0 28
0 14
0 47
0 2
0 5
0 4
0 16
0 42
0 13
0 3
0 32
0 18
24
1 37
1 16
1 38
1 24
1 34
1 39
1 25
1 32
1 5
1 11
1 45
1 15
1 12
1 48
1 27
1 0
1 40
1 8
1 2
1 14
1 22
1 13
1 20
1 46
24
2 40
2 11
2 23
2 28
2 27
2 35
2 33
2 17
2 31
2 8
2 22
2 41
2 30
2 20
2 3
2 47
2 9
2 45
2 48
2 44
2 19
2 14
2 43
2 15
21
3 18
3 11
3 22
3 23
3 41
3 28
3 29
3 39
3 8
3 44
3 9
3 36
3 49
3 10
3 42
3 17
3 48
3 16
3 47
3 33
3 12
16
4 1
4 12
4 24
4 36
4 10
4 31
4 33
4 22
4 41
4 29
4 18
4 45
4 49
4 7
4 21
4 3
17
5 6
5 42
5 24
5 20
5 30
5 26
5 23
5 33
5 47
5 28
5 38
5 18
5 39
5 27
5 8
5 21
5 2
20
6 0
6 43
6 49
6 33
6 23
6 27
6 37
6 9
6 25
6 11
6 3
6 28
6 1
6 19
6 17
6 21
6 36
6 7
6 48
6 46
23
7 3
7 37
7 17
7 41
7 28
7 42
7 38
7 45
7 23
7 1
7 5
7 40
7 11
7 49
7 14
7 36
7 34
7 24
7 25
7 47
7 8
7 12
7 43
15
8 16
8 31
8 27
8 25
8 49
8 11
8 28
8 20
8 42
8 40
8 41
8 6
8 4
8 12
8 21
20
9 4
9 12
9 46
9 35
9 20
9 28
9 7
9 1
9 47
9 5
9 14
9 43
9 8
9 10
9 48
9 16
9 34
9 37
9 42
9 11
16
10 41
10 2
10 13
10 17
10 43
10 38
10 44
10 25
10 34
10 16
10 1
10 6
10 32
10 20
10 7
10 0
23
11 22
11 31
11 47
11 19
11 45
11 18
11 14
11 49
11 35
11 21
11 0
11 48
11 5
11 4
11 28
11 10
11 17
11 37
11 36
11 30
11 32
11 39
11 33
17
12 47
12 14
12 6
12 46
12 5
12 33
12 30
12 20
12 40
12 39
12 2
12 10
12 28
12 19
12 45
12 43
12 22
23
13 6
13 45
13 3
13 27
13 15
13 30
13 25
13 4
13 29
13 5
13 8
13 9
13 17
13 37
13 38
13 39
13 22
13 2
13 35
13 24
13 32
13 43
13 19
11
14 48
14 32
14 10
14 22
14 13
14 42
14 5
14 29
14 37
14 16
14 3
19
15 3
15 10
15 7
15 20
15 4
15 21
15 36
15 12
15 48
15 6
15 11
15 39
15 26
15 23
15 38
15 33
15 9
15 41
15 14
21
16 24
16 47
16 48
16 18
16 40
16 25
16 42
16 30
16 44
16 11
16 49
16 6
16 46
16 17
16 5
16 22
16 43
16 21
16 13
16 12
16 29
14
17 41
17 30
17 9
17 14
17 5
17 19
17 0
17 35
17 4
17 23
17 1
17 46
17 36
17 8
21
18 30
18 46
18 33
18 28
18 39
18 37
18 14
18 26
18 8
18 17
18 31
18 6
18 36
18 29
18 27
18 7
18 23
18 45
18 47
18 12
18 35
20
19 7
19 29
19 27
19 3
19 14
19 34
19 10
19 30
19 32
19 22
19 48
19 15
19 4
19 8
19 38
19 39
19 5
19 24
19 33
19 28
19
20 18
20 6
20 36
20 48
20 22
20 41
20 16
20 34
20 19
20 4
20 25
20 43
20 3
20 14
20 29
20 39
20 42
20 26
20 33
21
21 31
21 17
21 14
21 7
21 30
21 42
21 43
21 2
21 25
21 41
21 35
21 20
21 45
21 19
21 26
21 3
21 10
21 39
21 33
21 1
21 32
16
22 8
22 17
22 32
22 28
22 15
22 31
22 7
22 9
22 18
22 45
22 44
22 30
22 40
22 25
22 47
22 41
16
23 11
23 14
23 37
23 10
23 1
23 49
23 43
23 4
23 33
23 41
23 28
23 19
23 0
23 8
23 16
23 12
21
24 2
24 6
24 40
24 34
24 31
24 49
24 39
24 32
24 11
24 26
24 18
24 38
24 35
24 48
24 29
24 21
24 17
24 23
24 10
24 28
24 20
22
25 23
25 5
25 33
25 4
25 14
25 18
25 17
25 46
25 15
25 39
25 2
25 42
25 47
25 49
25 11
25 28
25 27
25 0
25 34
25 3
25 45
25 24
22
26 12
26 8
26 30
26 22
26 19
26 35
26 11
26 3
26 17
26 41
26 4
26 36
26 10
26 23
26 6
26 33
26 32
26 27
26 40
26 48
26 46
26 0
15
27 32
27 14
27 21
27 11
27 31
27 42
27 12
27 15
27 7
27 3
27 9
27 36
27 35
27 34
27 40
13
28 34
28 42
28 21
28 20
28 10
28 26
28 40
28 43
28 33
28 17
28 13
28 16
28 49
19
29 2
29 46
29 5
29 31
29 47
29 7
29 11
29 10
29 1
29 8
29 45
29 17
29 37
29 28
29 39
29 26
29 22
29 42
29 23
22
30 39
30 43
30 0
30 9
30 41
30 29
30 8
30 14
30 4
30 42
30 27
30 10
30 28
30 23
30 24
30 45
30 1
30 7
30 40
30 49
30 25
30 44
22
31 15
31 14
31 43
31 30
31 17
31 10
31 13
31 41
31 9
31 44
31 45
31 7
31 28
31 6
31 1
31 0
31 20
31 34
31 25
31 46
31 19
31 23
20
32 43
32 9
32 44
32 48
32 23
32 3
32 25
32 30
32 8
32 47
32 20
32 28
32 7
32 18
32 49
32 6
32 4
32 12
32 36
32 31
19
33 17
33 9
33 29
33 37
33 24
33 43
33 13
33 0
33 7
33 34
33 47
33 35
33 31
33 40
33 10
33 38
33 16
33 42
33 41
24
34 22
34 2
34 8
34 0
34 5
34 23
34 35
34 44
34 3
34 13
34 16
34 14
34 39
34 17
34 21
34 18
34 6
34 26
34 47
34 30
34 15
34 41
34 40
34 38
18
35 16
35 5
35 6
35 10
35 47
35 42
35 32
35 14
35 31
35 46
35 8
35 12
35 22
35 40
35 19
35 23
35 29
35 41
25
36 19
36 29
36 33
36 43
36 41
36 21
36 8
36 46
36 30
36 23
36 10
36 34
36 1
36 31
36 28
36 44
36 47
36 22
36 9
36 16
36 45
36 13
36 37
36 14
36 24
21
37 30
37 49
37 12
37 3
37 32
37 31
37 38
37 5
37 40
37 0
37 4
37 2
37 26
37 16
37 17
37 42
37 27
37 21
37 20
37 43
37 28
20
38 28
38 35
38 42
38 16
38 18
38 6
38 23
38 12
38 21
38 25
38 4
38 27
38 31
38 20
38 29
38 2
38 14
38 0
38 8
38 32
18
39 35
39 26
39 23
39 2
39 7
39 45
39 48
39 28
39 31
39 37
39 16
39 8
39 14
39 4
39 42
39 22
39 6
39 10
19
40 5
40 18
40 20
40 32
40 4
40 9
40 47
40 49
40 31
40 25
40 29
40 41
40 6
40 10
40 36
40 39
40 11
40 13
40 15
20
41 11
41 19
41 24
41 39
41 14
41 9
41 12
41 44
41 27
41 6
41 37
41 25
41 43
41 5
41 45
41 32
41 1
41 13
41 38
41 28
21
42 31
42 22
42 1
42 40
42 11
42 17
42 18
42 10
42 12
42 15
42 26
42 34
42 49
42 44
42 43
42 19
42 6
42 2
42 41
42 4
42 47
21
43 34
43 27
43 22
43 4
43 26
43 39
43 0
43 8
43 17
43 47
43 49
43 48
43 14
43 19
43 15
43 29
43 5
43 38
43 18
43 3
43 1
25
44 40
44 9
44 4
44 33
44 19
44 7
44 27
44 13
44 14
44 12
44 24
44 48
44 8
44 25
44 43
44 37
44 15
44 18
44 21
44 29
44 38
44 35
44 47
44 26
44 39
19
45 6
45 42
45 16
45 27
45 47
45 34
45 38
45 17
45 35
45 32
45 28
45 40
45 33
45 3
45 0
45 15
45 24
45 23
45 8
23
46 45
46 20
46 28
46 48
46 37
46 5
46 43
46 34
46 38
46 8
46 2
46 24
46 23
46 32
46 4
46 19
46 13
46 49
46 40
46 44
46 33
46 10
46 39
15
47 38
47 39
47 20
47 46
47 6
47 30
47 14
47 4
47 21
47 1
47 37
47 49
47 26
47 48
47 15
21
48 10
48 27
48 36
48 34
48 18
48 42
48 31
48 40
48 8
48 23
48 4
48 22
48 28
48 45
48 12
48 33
48 25
48 41
48 7
48 13
48 29
23
49 10
49 39
49 48
49 34
49 21
49 2
49 1
49 45
49 15
49 36
49 22
49 12
49 13
49 41
49 17
49 9
49 19
49 33
49 0
49 5
49 26
49 18
49 20
