50
0 "A4"
1 "A8"
2 "A20"
3 "A33"
4 "A40"
5 "A34"
6 "A24"
7 "A13"
8 "A14"
9 "A22"
10 "A42"
11 "A39"
12 "A44"
13 "A48"
14 "A9"
15 "A26"
16 "A37"
17 "A41"
18 "A1"
19 "A29"
20 "A27"
21 "A5"
22 "A2"
23 "A12"
24 "A19"
25 "A21"
26 "A46"
27 "A18"
28 "A38"
29 "A15"
30 "A23"
31 "A3"
32 "A31"
33 "A16"
34 "A6"
35 "A0"
36 "A30"
37 "A11"
38 "A32"
39 "A35"
40 "A10"
41 "A17"
42 "A28"
43 "A7"
44 "A49"
45 "A25"
46 "A36"
47 "A45"
48 "A47"
49 "A43"
20
0 27
0 1
0 13
0 3
0 19
0 23
0 36
0 12
0 28
0 21
0 32
0 4
0 35
0 29
0 30
0 31
0 47
0 17
0 15
0 49
18
1 42
1 33
1 39
1 32
1 38
1 35
1 43
1 9
1 30
1 49
1 13
1 14
1 21
1 11
1 29
1 23
1 17
1 40
13
2 3
2 7
2 8
2 13
2 23
2 39
2 9
2 25
2 22
2 28
2 30
2 18
2 38
19
3 29
3 30
3 41
3 26
3 19
3 24
3 18
3 33
3 47
3 4
3 39
3 7
3 27
3 40
3 20
3 23
3 1
3 13
3 42
20
4 49
4 32
4 8
4 1
4 26
4 30
4 44
4 21
4 40
4 9
4 28
4 7
4 13
4 22
4 15
4 2
4 10
4 48
4 45
4 42
21
5 48
5 36
5 39
5 20
5 21
5 16
5 7
5 8
5 30
5 4
5 17
5 40
5 0
5 26
5 14
5 33
5 42
5 2
5 35
5 45
5 9
18
6 19
6 17
6 5
6 47
6 33
6 15
6 0
6 2
6 10
6 14
6 9
6 12
6 25
6 13
6 1
6 43
6 37
6 40
28
7 11
7 1
7 36
7 40
7 14
7 46
7 42
7 10
7 34
7 47
7 41
7 0
7 15
7 32
7 27
7 45
7 38
7 23
7 28
7 6
7 48
7 12
7 19
7 22
7 43
7 18
7 21
7 31
16
8 16
8 21
8 7
8 31
8 24
8 40
8 14
8 47
8 6
8 1
8 10
8 48
8 29
8 3
8 9
8 13
12
9 21
9 30
9 7
9 38
9 0
9 32
9 10
9 3
9 33
9 26
9 42
9 46
17
10 34
10 1
10 35
10 32
10 5
10 41
10 40
10 26
10 31
10 25
10 39
10 38
10 46
10 47
10 18
10 24
10 0
25
11 13
11 18
11 23
11 12
11 2
11 21
11 28
11 24
11 6
11 9
11 36
11 33
11 29
11 5
11 41
11 20
11 32
11 35
11 14
11 43
11 17
11 40
11 25
11 3
11 8
15
12 49
12 24
12 17
12 9
12 1
12 3
12 18
12 30
12 36
12 10
12 25
12 43
12 35
12 16
12 38
20
13 38
13 9
13 36
13 5
13 32
13 19
13 43
13 7
13 21
13 47
13 42
13 17
13 33
13 24
13 35
13 48
13 37
13 18
13 45
13 31
13
14 49
14 43
14 23
14 10
14 18
14 27
14 36
14 29
14 37
14 47
14 28
14 3
14 13
21
15 24
15 13
15 30
15 49
15 10
15 5
15 14
15 9
15 35
15 8
15 28
15 31
15 40
15 36
15 27
15 20
15 11
15 45
15 41
15 37
15 48
26
16 48
16 10
16 3
16 22
16 1
16 47
16 24
16 26
16 18
16 43
16 19
16 42
16 4
16 6
16 13
16 46
16 36
16 21
16 29
16 34
16 44
16 17
16 14
16 7
16 2
16 33
18
17 3
17 19
17 14
17 40
17 7
17 42
17 32
17 2
17 37
17 44
17 45
17 15
17 10
17 8
17 4
17 39
17 9
17 33
24
18 25
18 47
18 28
18 9
18 42
18 41
18 35
18 23
18 19
18 17
18 36
18 15
18 0
18 37
18 49
18 24
18 29
18 6
18 45
18 39
18 30
18 40
18 38
18 8
24
19 5
19 2
19 38
19 26
19 47
19 30
19 15
19 8
19 10
19 22
19 14
19 4
19 27
19 11
19 1
19 44
19 37
19 32
19 20
19 12
19 42
19 39
19 49
19 9
21
20 42
20 6
20 7
20 12
20 34
20 26
20 21
20 33
20 30
20 9
20 4
20 24
20 1
20 27
20 16
20 8
20 13
20 35
20 29
20 10
20 18
26
21 41
21 45
21 38
21 49
21 32
21 37
21 33
21 31
21 23
21 42
21 34
21 36
21 47
21 12
21 28
21 2
21 10
21 35
21 18
21 48
21 39
21 27
21 44
21 22
21 6
21 29
19
22 12
22 15
22 13
22 14
22 5
22 34
22 47
22 27
22 38
22 0
22 31
22 28
22 23
22 17
22 30
22 24
22 39
22 9
22 49
23
23 28
23 45
23 40
23 10
23 9
23 32
23 20
23 33
23 8
23 35
23 34
23 31
23 36
23 5
23 42
23 44
23 47
23 16
23 26
23 6
23 17
23 41
23 15
23
24 37
24 46
24 32
24 44
24 35
24 48
24 4
24 28
24 27
24 0
24 39
24 41
24 40
24 14
24 21
24 36
24 47
24 7
24 26
24 2
24 19
24 1
24 5
23
25 22
25 1
25 27
25 19
25 43
25 16
25 38
25 9
25 48
25 41
25 24
25 30
25 17
25 32
25 0
25 7
25 5
25 3
25 20
25 42
25 26
25 29
25 4
14
26 1
26 35
26 0
26 45
26 11
26 21
26 2
26 18
26 12
26 8
26 28
26 22
26 41
26 29
21
27 5
27 42
27 40
27 6
27 10
27 8
27 32
27 18
27 34
27 45
27 13
27 23
27 33
27 11
27 1
27 17
27 31
27 37
27 16
27 44
27 30
17
28 33
28 40
28 42
28 6
28 37
28 31
28 17
28 34
28 43
28 19
28 9
28 27
28 44
28 47
28 46
28 12
28 1
21
29 37
29 6
29 4
29 27
29 2
29 43
29 48
29 15
29 31
29 41
29 33
29 12
29 44
29 34
29 17
29 5
29 10
29 19
29 7
29 47
29 49
20
30 44
30 48
30 43
30 45
30 17
30 39
30 11
30 8
30 23
30 14
30 40
30 38
30 32
30 33
30 29
30 36
30 47
30 28
30 13
30 26
20
31 20
31 12
31 6
31 19
31 36
31 2
31 38
31 17
31 37
31 26
31 5
31 11
31 45
31 32
31 42
31 1
31 43
31 16
31 49
31 14
16
32 16
32 37
32 22
32 8
32 29
32 35
32 12
32 42
32 40
32 6
32 20
32 28
32 26
32 2
32 14
32 5
16
33 14
33 4
33 19
33 2
33 41
33 0
33 24
33 22
33 10
33 18
33 36
33 7
33 42
33 40
33 49
33 12
24
34 41
34 39
34 46
34 1
34 49
34 33
34 38
34 24
34 17
34 30
34 32
34 12
34 45
34 31
34 11
34 13
34 0
34 25
34 18
34 36
34 26
34 15
34 5
34 9
17
35 31
35 33
35 25
35 7
35 16
35 6
35 41
35 46
35 48
35 27
35 42
35 17
35 22
35 2
35 34
35 9
35 3
14
36 32
36 40
36 27
36 10
36 29
36 4
36 26
36 6
36 3
36 8
36 1
36 17
36 19
36 9
17
37 8
37 1
37 39
37 36
37 4
37 26
37 10
37 22
37 40
37 46
37 2
37 25
37 23
37 16
37 7
37 34
37 38
18
38 20
38 35
38 3
38 29
38 6
38 8
38 23
38 15
38 28
38 0
38 4
38 24
38 47
38 26
38 36
38 41
38 32
38 11
22
39 33
39 9
39 42
39 49
39 29
39 12
39 32
39 28
39 36
39 35
39 15
39 43
39 13
39 8
39 14
39 4
39 41
39 45
39 16
39 31
39 23
39 11
22
40 44
40 34
40 21
40 35
40 41
40 16
40 46
40 9
40 2
40 48
40 14
40 12
40 26
40 0
40 20
40 19
40 43
40 31
40 29
40 45
40 42
40 13
17
41 16
41 37
41 1
41 13
41 19
41 8
41 6
41 17
41 14
41 31
41 0
41 36
41 49
41 42
41 4
41 2
41 46
15
42 44
42 30
42 15
42 22
42 47
42 36
42 24
42 37
42 29
42 11
42 45
42 14
42 34
42 2
42 38
18
43 10
43 8
43 4
43 3
43 46
43 21
43 18
43 35
43 2
43 47
43 45
43 17
43 5
43 24
43 42
43 15
43 19
43 44
25
44 20
44 18
44 1
44 35
44 7
44 10
44 49
44 45
44 13
44 38
44 36
44 25
44 31
44 0
44 2
44 37
44 32
44 33
44 41
44 9
44 8
44 12
44 14
44 6
44 5
19
45 22
45 36
45 8
45 38
45 12
45 1
45 2
45 11
45 19
45 14
45 6
45 46
45 41
45 35
45 29
45 20
45 10
45 32
45 33
24
46 44
46 21
46 11
46 15
46 13
46 19
46 36
46 32
46 6
46 2
46 29
46 20
46 22
46 31
46 12
46 18
46 38
46 26
46 14
46 5
46 17
46 27
46 30
46 33
18
47 25
47 45
47 17
47 44
47 12
47 20
47 32
47 34
47 27
47 2
47 37
47 41
47 40
47 9
47 15
47 4
47 35
47 46
21
48 12
48 0
48 19
48 28
48 9
48 31
48 23
48 2
48 17
48 20
48 47
48 37
48 46
48 3
48 18
48 42
48 43
48 11
48 1
48 10
48 6
21
49 36
49 9
49 25
49 42
49 6
49 46
49 17
49 2
49 13
49 43
49 16
49 3
49 7
49 8
49 23
49 28
49 48
49 32
49 10
49 5
49 24
