50
0 "A4"
1 "A8"
2 "A20"
3 "A33"
4 "A40"
5 "A34"
6 "A24"
7 "A13"
8 "A14"
9 "A22"
10 "A42"
11 "A39"
12 "A44"
13 "A48"
14 "A9"
15 "A26"
16 "A37"
17 "A41"
18 "A1"
19 "A29"
20 "A27"
21 "A5"
22 "A2"
23 "A12"
24 "A19"
25 "A21"
26 "A46"
27 "A18"
28 "A38"
29 "A15"
30 "A23"
31 "A3"
32 "A31"
33 "A16"
34 "A6"
35 "A0"
36 "A30"
37 "A11"
38 "A32"
39 "A35"
40 "A10"
41 "A17"
42 "A28"
43 "A7"
44 "A49"
45 "A25"
46 "A36"
47 "A45"
48 "A47"
49 "A43"
23
0 2
0 30
0 23
0 45
0 19
0 7
0 9
0 32
0 26
0 41
0 12
0 10
0 4
0 39
0 3
0 27
0 22
0 1
0 44
0 47
0 31
0 40
0 48
16
1 32
1 16
1 12
1 4
1 28
1 24
1 8
1 38
1 44
1 26
1 23
1 41
1 15
1 11
1 10
1 29
21
2 3
2 42
2 26
2 1
2 23
2 13
2 15
2 40
2 6
2 28
2 21
2 43
2 38
2 24
2 45
2 46
2 16
2 8
2 17
2 33
2 14
16
3 30
3 47
3 24
3 13
3 1
3 6
3 29
3 8
3 28
3 23
3 43
3 5
3 39
3 22
3 37
3 26
26
4 27
4 22
4 16
4 21
4 11
4 48
4 20
4 33
4 46
4 7
4 9
4 13
4 24
4 38
4 37
4 12
4 44
4 2
4 14
4 30
4 17
4 32
4 47
4 35
4 28
4 3
28
5 4
5 26
5 13
5 30
5 37
5 42
5 17
5 14
5 12
5 28
5 24
5 10
5 33
5 8
5 40
5 2
5 9
5 41
5 18
5 7
5 1
5 45
5 49
5 38
5 27
5 22
5 46
5 29
19
6 33
6 18
6 9
6 15
6 43
6 19
6 38
6 48
6 0
6 17
6 47
6 34
6 36
6 46
6 5
6 1
6 22
6 40
6 7
15
7 35
7 10
7 1
7 19
7 27
7 26
7 2
7 42
7 31
7 32
7 9
7 12
7 40
7 28
7 30
19
8 24
8 13
8 32
8 33
8 45
8 21
8 4
8 0
8 27
8 16
8 20
8 31
8 38
8 17
8 46
8 36
8 12
8 40
8 43
11
9 20
9 3
9 27
9 10
9 13
9 21
9 42
9 1
9 26
9 12
9 25
18
10 40
10 22
10 4
10 35
10 3
10 39
10 26
10 38
10 45
10 36
10 2
10 11
10 34
10 25
10 46
10 31
10 8
10 30
22
11 24
11 3
11 38
11 6
11 36
11 2
11 19
11 8
11 32
11 29
11 17
11 44
11 31
11 22
11 27
11 40
11 21
11 18
11 7
11 43
11 49
11 28
20
12 44
12 36
12 22
12 24
12 27
12 10
12 30
12 43
12 3
12 17
12 38
12 20
12 33
12 29
12 26
12 49
12 34
12 6
12 28
12 2
16
13 22
13 0
13 17
13 12
13 7
13 37
13 28
13 29
13 41
13 43
13 36
13 1
13 14
13 6
13 31
13 16
17
14 37
14 42
14 23
14 26
14 7
14 22
14 12
14 9
14 19
14 10
14 18
14 33
14 0
14 6
14 11
14 24
14 43
17
15 48
15 7
15 37
15 43
15 23
15 13
15 0
15 8
15 32
15 10
15 36
15 49
15 3
15 12
15 20
15 46
15 30
26
16 0
16 6
16 12
16 49
16 24
16 47
16 38
16 22
16 11
16 7
16 18
16 3
16 23
16 5
16 35
16 48
16 39
16 34
16 20
16 15
16 30
16 43
16 32
16 9
16 41
16 14
20
17 43
17 1
17 7
17 47
17 29
17 21
17 33
17 10
17 45
17 22
17 9
17 28
17 48
17 37
17 23
17 15
17 27
17 19
17 39
17 41
20
18 26
18 2
18 30
18 48
18 8
18 29
18 19
18 15
18 36
18 12
18 3
18 0
18 33
18 24
18 25
18 41
18 4
18 9
18 31
18 13
23
19 47
19 12
19 16
19 8
19 46
19 31
19 9
19 5
19 38
19 43
19 41
19 24
19 15
19 22
19 20
19 27
19 49
19 10
19 2
19 4
19 1
19 34
19 13
15
20 49
20 18
20 44
20 30
20 13
20 22
20 42
20 35
20 14
20 37
20 11
20 2
20 31
20 34
20 6
23
21 39
21 41
21 47
21 3
21 37
21 38
21 40
21 31
21 6
21 30
21 16
21 15
21 10
21 28
21 12
21 14
21 1
21 49
21 20
21 29
21 24
21 36
21 45
21
22 33
22 34
22 30
22 27
22 15
22 36
22 35
22 46
22 49
22 47
22 2
22 8
22 18
22 7
22 21
22 29
22 37
22 1
22 9
22 41
22 48
21
23 11
23 30
23 9
23 5
23 8
23 46
23 26
23 44
23 22
23 4
23 7
23 20
23 43
23 42
23 10
23 29
23 45
23 19
23 28
23 35
23 21
18
24 47
24 32
24 34
24 39
24 44
24 17
24 49
24 31
24 23
24 41
24 33
24 27
24 36
24 38
24 48
24 29
24 22
24 20
26
25 23
25 31
25 48
25 17
25 13
25 11
25 21
25 20
25 16
25 8
25 41
25 4
25 35
25 0
25 39
25 27
25 42
25 29
25 19
25 3
25 46
25 24
25 6
25 15
25 43
25 14
16
26 6
26 44
26 13
26 38
26 39
26 19
26 11
26 8
26 41
26 47
26 45
26 17
26 48
26 25
26 31
26 4
20
27 16
27 31
27 18
27 34
27 26
27 37
27 10
27 41
27 45
27 35
27 43
27 3
27 2
27 23
27 1
27 20
27 49
27 32
27 14
27 40
21
28 0
28 35
28 8
28 37
28 19
28 14
28 10
28 16
28 6
28 27
28 46
28 48
28 34
28 15
28 26
28 20
28 45
28 38
28 18
28 24
28 42
16
29 7
29 32
29 26
29 6
29 10
29 20
29 33
29 15
29 0
29 28
29 31
29 36
29 34
29 4
29 19
29 41
21
30 6
30 47
30 34
30 28
30 45
30 17
30 11
30 2
30 29
30 48
30 46
30 36
30 26
30 13
30 24
30 27
30 32
30 49
30 44
30 43
30 1
22
31 34
31 1
31 2
31 15
31 32
31 47
31 49
31 14
31 6
31 35
31 12
31 44
31 9
31 40
31 39
31 36
31 28
31 17
31 43
31 23
31 4
31 46
18
32 36
32 13
32 18
32 48
32 2
32 28
32 10
32 42
32 34
32 19
32 9
32 40
32 23
32 12
32 38
32 37
32 22
32 3
14
33 21
33 19
33 10
33 11
33 3
33 45
33 28
33 31
33 48
33 20
33 15
33 25
33 0
33 36
20
34 40
34 0
34 45
34 25
34 14
34 46
34 7
34 37
34 4
34 33
34 2
34 36
34 18
34 49
34 13
34 3
34 15
34 8
34 23
34 26
21
35 6
35 17
35 44
35 32
35 37
35 9
35 49
35 2
35 18
35 24
35 21
35 3
35 0
35 13
35 30
35 15
35 1
35 8
35 29
35 33
35 36
20
36 48
36 4
36 9
36 40
36 23
36 39
36 1
36 5
36 25
36 0
36 2
36 7
36 44
36 28
36 42
36 26
36 43
36 37
36 19
36 27
21
37 6
37 8
37 0
37 19
37 31
37 46
37 9
37 44
37 2
37 48
37 45
37 12
37 38
37 25
37 33
37 40
37 11
37 47
37 23
37 39
37 16
22
38 30
38 45
38 0
38 31
38 29
38 47
38 7
38 27
38 20
38 23
38 46
38 3
38 43
38 48
38 33
38 36
38 41
38 15
38 17
38 25
38 22
38 34
23
39 30
39 5
39 32
39 41
39 20
39 8
39 49
39 15
39 13
39 28
39 18
39 40
39 4
39 12
39 42
39 43
39 19
39 35
39 46
39 7
39 33
39 38
39 9
16
40 3
40 13
40 46
40 26
40 44
40 25
40 33
40 12
40 24
40 38
40 23
40 17
40 29
40 20
40 41
40 28
12
41 2
41 7
41 8
41 36
41 6
41 11
41 4
41 34
41 9
41 47
41 3
41 46
20
42 43
42 35
42 41
42 30
42 34
42 1
42 26
42 19
42 47
42 27
42 13
42 11
42 22
42 29
42 12
42 49
42 0
42 31
42 21
42 6
15
43 32
43 26
43 21
43 5
43 0
43 24
43 9
43 10
43 22
43 7
43 35
43 40
43 20
43 34
43 48
20
44 9
44 16
44 7
44 33
44 47
44 32
44 5
44 41
44 29
44 13
44 25
44 42
44 6
44 19
44 27
44 22
44 17
44 38
44 18
44 21
21
45 40
45 35
45 39
45 7
45 14
45 15
45 6
45 3
45 24
45 19
45 42
45 20
45 44
45 9
45 32
45 29
45 49
45 25
45 11
45 16
45 18
19
46 9
46 3
46 17
46 16
46 21
46 26
46 1
46 14
46 11
46 42
46 20
46 0
46 32
46 18
46 45
46 24
46 43
46 36
46 33
22
47 8
47 11
47 7
47 9
47 15
47 2
47 23
47 46
47 18
47 28
47 34
47 36
47 29
47 40
47 20
47 13
47 35
47 32
47 33
47 43
47 12
47 5
21
48 23
48 40
48 19
48 21
48 31
48 47
48 42
48 9
48 41
48 27
48 13
48 1
48 46
48 39
48 35
48 45
48 7
48 29
48 10
48 2
48 14
22
49 33
49 9
49 13
49 0
49 7
49 14
49 1
49 25
49 44
49 10
49 28
49 8
49 29
49 2
49 40
49 48
49 18
49 47
49 23
49 6
49 38
49 46
