50
0 "A4"
1 "A8"
2 "A20"
3 "A33"
4 "A40"
5 "A34"
6 "A24"
7 "A13"
8 "A14"
9 "A22"
10 "A42"
11 "A39"
12 "A44"
13 "A48"
14 "A9"
15 "A26"
16 "A37"
17 "A41"
18 "A1"
19 "A29"
20 "A27"
21 "A5"
22 "A2"
23 "A12"
24 "A19"
25 "A21"
26 "A46"
27 "A18"
28 "A38"
29 "A15"
30 "A23"
31 "A3"
32 "A31"
33 "A16"
34 "A6"
35 "A0"
36 "A30"
37 "A11"
38 "A32"
39 "A35"
40 "A10"
41 "A17"
42 "A28"
43 "A7"
44 "A49"
45 "A25"
46 "A36"
47 "A45"
48 "A47"
49 "A43"
18
0 17
0 10
0 43
0 37
0 45
0 6
0 18
0 21
0 28
0 30
0 36
0 35
0 12
0 33
0 48
0 9
0 47
0 13
20
1 37
1 38
1 3
1 46
1 18
1 0
1 11
1 29
1 7
1 32
1 30
1 21
1 45
1 48
1 19
1 9
1 16
1 40
1 27
1 12
12
2 24
2 32
2 14
2 37
2 25
2 17
2 44
2 9
2 20
2 6
2 29
2 39
10
3 14
3 13
3 0
3 2
3 28
3 36
3 8
3 43
3 27
3 22
18
4 41
4 2
4 8
4 6
4 37
4 43
4 18
4 15
4 0
4 44
4 34
4 12
4 27
4 48
4 45
4 1
4 9
4 3
19
5 45
5 1
5 9
5 28
5 30
5 47
5 48
5 40
5 2
5 14
5 31
5 18
5 7
5 34
5 37
5 49
5 20
5 35
5 10
19
6 34
6 44
6 30
6 47
6 36
6 17
6 29
6 41
6 13
6 1
6 40
6 45
6 26
6 49
6 9
6 39
6 35
6 20
6 18
23
7 4
7 39
7 2
7 45
7 46
7 10
7 11
7 32
7 25
7 17
7 27
7 36
7 21
7 28
7 13
7 16
7 33
7 48
7 40
7 24
7 0
7 23
7 43
21
8 19
8 48
8 2
8 32
8 14
8 7
8 25
8 26
8 17
8 1
8 22
8 47
8 49
8 35
8 23
8 46
8 31
8 38
8 34
8 20
8 0
14
9 23
9 19
9 36
9 44
9 11
9 20
9 43
9 35
9 3
9 27
9 26
9 49
9 18
9 48
21
10 44
10 9
10 15
10 2
10 37
10 26
10 14
10 13
10 40
10 38
10 48
10 4
10 39
10 31
10 25
10 6
10 24
10 17
10 46
10 8
10 1
16
11 39
11 0
11 2
11 5
11 13
11 10
11 22
11 49
11 37
11 31
11 26
11 3
11 45
11 8
11 32
11 18
19
12 18
12 42
12 15
12 14
12 44
12 8
12 29
12 39
12 22
12 26
12 6
12 33
12 19
12 38
12 7
12 9
12 11
12 2
12 10
20
13 32
13 28
13 19
13 36
13 29
13 8
13 15
13 5
13 31
13 2
13 30
13 12
13 14
13 16
13 20
13 38
13 43
13 42
13 37
13 27
16
14 40
14 21
14 0
14 6
14 30
14 36
14 11
14 20
14 4
14 7
14 47
14 35
14 28
14 39
14 9
14 23
21
15 14
15 18
15 5
15 36
15 46
15 9
15 8
15 22
15 7
15 27
15 40
15 17
15 21
15 0
15 48
15 3
15 19
15 39
15 6
15 44
15 25
26
16 40
16 26
16 41
16 9
16 4
16 45
16 23
16 12
16 44
16 38
16 5
16 24
16 11
16 49
16 27
16 30
16 37
16 15
16 6
16 29
16 2
16 43
16 17
16 25
16 34
16 18
20
17 3
17 13
17 14
17 1
17 11
17 12
17 19
17 47
17 42
17 4
17 34
17 48
17 38
17 40
17 26
17 22
17 9
17 29
17 41
17 46
22
18 44
18 26
18 48
18 13
18 7
18 46
18 34
18 2
18 22
18 17
18 40
18 25
18 8
18 32
18 38
18 10
18 35
18 43
18 30
18 19
18 23
18 42
16
19 26
19 33
19 21
19 40
19 29
19 14
19 36
19 42
19 37
19 10
19 43
19 45
19 0
19 4
19 25
19 11
22
20 44
20 12
20 4
20 15
20 1
20 25
20 21
20 7
20 40
20 19
20 0
20 34
20 26
20 17
20 18
20 11
20 49
20 24
20 28
20 10
20 27
20 3
21
21 5
21 8
21 26
21 30
21 44
21 35
21 39
21 17
21 47
21 22
21 29
21 11
21 31
21 4
21 36
21 3
21 2
21 38
21 33
21 16
21 6
15
22 1
22 44
22 16
22 25
22 6
22 31
22 37
22 2
22 35
22 39
22 24
22 48
22 14
22 27
22 46
19
23 28
23 19
23 3
23 38
23 15
23 5
23 13
23 27
23 21
23 46
23 0
23 6
23 30
23 2
23 11
23 12
23 17
23 44
23 26
26
24 29
24 18
24 45
24 8
24 23
24 0
24 36
24 13
24 14
24 6
24 42
24 28
24 32
24 5
24 46
24 40
24 31
24 41
24 12
24 9
24 1
24 21
24 19
24 3
24 4
24 33
23
25 38
25 11
25 39
25 31
25 36
25 23
25 13
25 49
25 14
25 35
25 34
25 33
25 32
25 5
25 21
25 0
25 24
25 1
25 4
25 9
25 45
25 42
25 3
15
26 33
26 30
26 0
26 2
26 15
26 7
26 22
26 31
26 5
26 40
26 4
26 1
26 48
26 13
26 41
22
27 24
27 21
27 39
27 26
27 25
27 17
27 37
27 41
27 31
27 0
27 47
27 35
27 42
27 2
27 8
27 28
27 6
27 5
27 44
27 49
27 11
27 33
22
28 8
28 49
28 1
28 18
28 26
28 15
28 2
28 12
28 25
28 47
28 4
28 9
28 16
28 39
28 32
28 17
28 29
28 19
28 48
28 34
28 22
28 30
20
29 23
29 34
29 36
29 41
29 9
29 8
29 25
29 26
29 20
29 14
29 15
29 47
29 5
29 31
29 11
29 0
29 22
29 38
29 10
29 42
17
30 31
30 4
30 47
30 7
30 45
30 29
30 49
30 40
30 2
30 24
30 17
30 3
30 11
30 19
30 41
30 32
30 27
21
31 9
31 1
31 34
31 17
31 32
31 28
31 18
31 36
31 35
31 15
31 48
31 33
31 16
31 23
31 3
31 47
31 19
31 14
31 41
31 20
31 46
16
32 10
32 38
32 15
32 3
32 47
32 14
32 12
32 29
32 9
32 16
32 22
32 44
32 20
32 0
32 21
32 45
21
33 40
33 42
33 23
33 44
33 9
33 1
33 45
33 37
33 35
33 5
33 13
33 3
33 20
33 32
33 28
33 29
33 4
33 39
33 2
33 22
33 36
29
34 14
34 47
34 37
34 3
34 15
34 23
34 40
34 26
34 19
34 49
34 30
34 27
34 45
34 48
34 38
34 11
34 1
34 43
34 33
34 9
34 12
34 32
34 46
34 13
34 2
34 42
34 44
34 41
34 24
23
35 10
35 29
35 20
35 12
35 2
35 15
35 34
35 24
35 48
35 45
35 47
35 4
35 39
35 7
35 1
35 17
35 46
35 16
35 43
35 28
35 23
35 3
35 13
21
36 2
36 35
36 39
36 45
36 20
36 18
36 27
36 37
36 34
36 30
36 17
36 22
36 26
36 5
36 8
36 46
36 4
36 23
36 48
36 16
36 1
21
37 43
37 48
37 8
37 18
37 23
37 21
37 46
37 20
37 24
37 26
37 47
37 14
37 7
37 29
37 17
37 25
37 9
37 44
37 38
37 12
37 30
20
38 43
38 22
38 19
38 3
38 49
38 14
38 5
38 15
38 41
38 33
38 4
38 26
38 44
38 40
38 0
38 9
38 2
38 27
38 42
38 46
18
39 48
39 19
39 13
39 26
39 45
39 17
39 49
39 4
39 3
39 9
39 42
39 32
39 38
39 43
39 41
39 44
39 1
39 31
22
40 28
40 44
40 29
40 36
40 8
40 3
40 12
40 32
40 49
40 23
40 25
40 31
40 47
40 9
40 45
40 0
40 22
40 21
40 2
40 39
40 43
40 4
22
41 2
41 5
41 0
41 37
41 18
41 3
41 23
41 11
41 49
41 21
41 35
41 20
41 15
41 40
41 47
41 32
41 19
41 14
41 22
41 8
41 48
41 1
17
42 2
42 40
42 28
42 37
42 14
42 35
42 0
42 26
42 10
42 3
42 44
42 9
42 32
42 4
42 36
42 22
42 31
20
43 27
43 10
43 36
43 31
43 2
43 29
43 15
43 1
43 47
43 44
43 41
43 32
43 14
43 30
43 21
43 6
43 23
43 11
43 12
43 17
17
44 3
44 17
44 8
44 49
44 46
44 19
44 1
44 5
44 30
44 14
44 0
44 28
44 11
44 41
44 24
44 25
44 26
19
45 27
45 9
45 48
45 14
45 20
45 29
45 26
45 18
45 46
45 15
45 8
45 44
45 42
45 10
45 31
45 37
45 41
45 21
45 17
19
46 2
46 20
46 29
46 16
46 11
46 6
46 49
46 41
46 3
46 26
46 14
46 13
46 19
46 25
46 32
46 21
46 27
46 40
46 9
19
47 9
47 15
47 4
47 26
47 3
47 16
47 19
47 1
47 36
47 12
47 25
47 13
47 38
47 46
47 44
47 23
47 42
47 33
47 18
20
48 6
48 2
48 43
48 16
48 33
48 13
48 40
48 42
48 20
48 21
48 27
48 29
48 47
48 3
48 24
48 44
48 14
48 38
48 32
48 30
22
49 26
49 36
49 29
49 2
49 1
49 33
49 17
49 10
49 13
49 48
49 23
49 47
49 4
49 18
49 43
49 24
49 37
49 14
49 45
49 21
49 35
49 19
