50
0 "A4"
1 "A8"
2 "A20"
3 "A33"
4 "A40"
5 "A34"
6 "A24"
7 "A13"
8 "A14"
9 "A22"
10 "A42"
11 "A39"
12 "A44"
13 "A48"
14 "A9"
15 "A26"
16 "A37"
17 "A41"
18 "A1"
19 "A29"
20 "A27"
21 "A5"
22 "A2"
23 "A12"
24 "A19"
25 "A21"
26 "A46"
27 "A18"
28 "A38"
29 "A15"
30 "A23"
31 "A3"
32 "A31"
33 "A16"
34 "A6"
35 "A0"
36 "A30"
37 "A11"
38 "A32"
39 "A35"
40 "A10"
41 "A17"
42 "A28"
43 "A7"
44 "A49"
45 "A25"
46 "A36"
47 "A45"
48 "A47"
49 "A43"
14
0 39
0 43
0 35
0 5
0 46
0 49
0 8
0 12
0 38
0 41
0 6
0 23
0 34
0 28
21
1 5
1 23
1 45
1 28
1 13
1 0
1 3
1 12
1 32
1 6
1 2
1 43
1 25
1 16
1 30
1 24
1 44
1 26
1 39
1 14
1 4
20
2 9
2 3
2 28
2 22
2 33
2 47
2 12
2 18
2 0
2 32
2 35
2 14
2 41
2 16
2 36
2 46
2 49
2 42
2 8
2 40
14
3 5
3 11
3 23
3 15
3 27
3 46
3 35
3 21
3 33
3 9
3 26
3 18
3 31
3 7
22
4 17
4 20
4 22
4 23
4 29
4 26
4 3
4 7
4 25
4 5
4 16
4 35
4 24
4 34
4 6
4 2
4 15
4 8
4 46
4 21
4 36
4 41
17
5 18
5 41
5 25
5 15
5 29
5 2
5 14
5 39
5 13
5 19
5 30
5 17
5 37
5 47
5 8
5 21
5 10
15
6 9
6 26
6 23
6 45
6 48
6 31
6 29
6 40
6 30
6 5
6 7
6 2
6 20
6 39
6 27
18
7 42
7 9
7 30
7 37
7 19
7 17
7 15
7 31
7 14
7 32
7 21
7 11
7 35
7 10
7 49
7 33
7 12
7 34
24
8 16
8 49
8 41
8 20
8 47
8 6
8 30
8 10
8 21
8 19
8 18
8 1
8 46
8 7
8 40
8 48
8 11
8 23
8 24
8 3
8 17
8 43
8 44
8 15
16
9 36
9 39
9 34
9 38
9 32
9 49
9 40
9 13
9 22
9 30
9 47
9 20
9 18
9 4
9 41
9 31
22
10 33
10 43
10 34
10 23
10 11
10 14
10 25
10 20
10 26
10 49
10 37
10 38
10 40
10 2
10 42
10 30
10 6
10 35
10 46
10 4
10 24
10 1
24
11 49
11 22
11 40
11 34
11 37
11 27
11 36
11 43
11 39
11 6
11 35
11 12
11 38
11 18
11 1
11 0
11 4
11 45
11 2
11 47
11 5
11 42
11 19
11 23
18
12 28
12 6
12 24
12 41
12 21
12 22
12 20
12 46
12 42
12 43
12 49
12 38
12 16
12 27
12 9
12 10
12 19
12 32
14
13 6
13 24
13 11
13 16
13 12
13 26
13 48
13 36
13 39
13 10
13 45
13 28
13 0
13 43
16
14 13
14 18
14 41
14 47
14 36
14 4
14 17
14 11
14 0
14 8
14 34
14 46
14 12
14 45
14 21
14 31
24
15 21
15 0
15 2
15 6
15 1
15 13
15 25
15 32
15 26
15 20
15 37
15 29
15 9
15 12
15 17
15 10
15 42
15 43
15 11
15 14
15 33
15 45
15 47
15 27
19
16 38
16 25
16 26
16 23
16 46
16 14
16 10
16 44
16 3
16 11
16 48
16 5
16 27
16 33
16 42
16 40
16 28
16 47
16 49
21
17 12
17 37
17 24
17 9
17 29
17 13
17 47
17 35
17 11
17 2
17 40
17 48
17 1
17 38
17 21
17 32
17 6
17 16
17 34
17 31
17 0
20
18 36
18 32
18 19
18 10
18 7
18 41
18 35
18 38
18 4
18 49
18 21
18 40
18 13
18 0
18 15
18 16
18 1
18 26
18 6
18 45
22
19 22
19 28
19 10
19 1
19 49
19 14
19 2
19 4
19 30
19 42
19 13
19 25
19 36
19 41
19 15
19 39
19 9
19 27
19 3
19 16
19 20
19 0
23
20 22
20 28
20 42
20 3
20 40
20 14
20 35
20 46
20 16
20 41
20 0
20 39
20 13
20 47
20 45
20 5
20 23
20 7
20 1
20 17
20 49
20 2
20 33
18
21 6
21 2
21 39
21 22
21 42
21 33
21 19
21 49
21 37
21 9
21 24
21 20
21 48
21 13
21 0
21 10
21 45
21 35
26
22 5
22 45
22 33
22 1
22 14
22 35
22 18
22 42
22 28
22 48
22 6
22 10
22 13
22 37
22 32
22 15
22 44
22 38
22 40
22 46
22 16
22 29
22 17
22 25
22 0
22 7
20
23 30
23 35
23 40
23 43
23 28
23 22
23 41
23 45
23 29
23 17
23 21
23 39
23 2
23 36
23 26
23 47
23 15
23 9
23 12
23 19
16
24 48
24 11
24 31
24 43
24 15
24 47
24 18
24 30
24 7
24 0
24 5
24 19
24 35
24 16
24 20
24 49
20
25 0
25 12
25 33
25 42
25 47
25 11
25 18
25 36
25 31
25 49
25 23
25 9
25 21
25 7
25 3
25 13
25 34
25 17
25 45
25 39
19
26 12
26 0
26 11
26 25
26 2
26 38
26 8
26 9
26 48
26 47
26 24
26 21
26 5
26 32
26 19
26 22
26 39
26 17
26 7
20
27 40
27 38
27 30
27 17
27 39
27 10
27 22
27 1
27 42
27 14
27 37
27 25
27 29
27 9
27 26
27 7
27 18
27 24
27 23
27 13
20
28 26
28 5
28 14
28 36
28 39
28 25
28 43
28 18
28 8
28 17
28 4
28 10
28 37
28 7
28 41
28 42
28 27
28 21
28 35
28 29
21
29 21
29 0
29 14
29 19
29 25
29 8
29 11
29 44
29 42
29 46
29 7
29 13
29 31
29 26
29 9
29 1
29 38
29 3
29 40
29 2
29 10
22
30 39
30 26
30 2
30 3
30 21
30 14
30 31
30 22
30 41
30 18
30 36
30 29
30 35
30 17
30 33
30 40
30 15
30 47
30 25
30 20
30 34
30 44
21
31 38
31 1
31 39
31 16
31 0
31 12
31 48
31 15
31 4
31 10
31 11
31 26
31 32
31 2
31 19
31 21
31 49
31 35
31 20
31 23
31 42
28
32 21
32 3
32 28
32 47
32 37
32 4
32 10
32 24
32 25
32 23
32 39
32 29
32 14
32 48
32 44
32 6
32 30
32 20
32 11
32 19
32 16
32 8
32 27
32 38
32 40
32 13
32 35
32 46
21
33 14
33 47
33 18
33 40
33 5
33 11
33 0
33 26
33 37
33 24
33 4
33 13
33 9
33 19
33 34
33 28
33 44
33 6
33 27
33 17
33 1
21
34 41
34 38
34 16
34 29
34 43
34 1
34 42
34 49
34 32
34 45
34 21
34 2
34 8
34 26
34 28
34 6
34 13
34 19
34 3
34 5
34 40
18
35 37
35 15
35 14
35 39
35 25
35 33
35 40
35 36
35 43
35 8
35 34
35 26
35 45
35 44
35 27
35 1
35 6
35 5
18
36 21
36 37
36 17
36 7
36 29
36 8
36 22
36 16
36 45
36 38
36 27
36 20
36 0
36 34
36 12
36 24
36 48
36 15
17
37 0
37 30
37 14
37 25
37 40
37 16
37 12
37 26
37 29
37 24
37 42
37 31
37 13
37 6
37 45
37 18
37 20
23
38 13
38 15
38 19
38 25
38 8
38 4
38 24
38 20
38 49
38 45
38 37
38 48
38 46
38 44
38 30
38 3
38 33
38 41
38 39
38 40
38 42
38 14
38 28
15
39 36
39 16
39 18
39 24
39 17
39 44
39 2
39 7
39 12
39 41
39 46
39 34
39 4
39 37
39 43
17
40 3
40 12
40 15
40 43
40 0
40 19
40 13
40 4
40 46
40 39
40 7
40 5
40 49
40 1
40 14
40 28
40 24
19
41 42
41 6
41 27
41 43
41 24
41 1
41 16
41 35
41 22
41 3
41 29
41 45
41 17
41 40
41 32
41 33
41 13
41 11
41 31
16
42 6
42 9
42 33
42 26
42 4
42 18
42 48
42 14
42 5
42 24
42 32
42 43
42 1
42 40
42 3
42 30
18
43 37
43 3
43 31
43 29
43 17
43 14
43 2
43 32
43 48
43 20
43 27
43 33
43 45
43 36
43 18
43 26
43 6
43 4
26
44 48
44 46
44 19
44 20
44 4
44 10
44 41
44 34
44 36
44 47
44 42
44 13
44 27
44 12
44 2
44 28
44 15
44 3
44 6
44 37
44 43
44 5
44 11
44 14
44 23
44 9
21
45 33
45 10
45 48
45 47
45 29
45 0
45 17
45 2
45 24
45 30
45 39
45 32
45 4
45 19
45 44
45 46
45 12
45 5
45 42
45 31
45 7
18
46 6
46 23
46 35
46 17
46 47
46 9
46 34
46 5
46 24
46 41
46 26
46 21
46 37
46 36
46 13
46 30
46 49
46 28
13
47 28
47 40
47 48
47 36
47 41
47 42
47 1
47 3
47 18
47 39
47 21
47 6
47 29
22
48 15
48 5
48 18
48 25
48 9
48 2
48 46
48 0
48 27
48 37
48 29
48 10
48 12
48 4
48 14
48 28
48 19
48 3
48 35
48 20
48 11
48 30
22
49 30
49 14
49 42
49 27
49 37
49 13
49 32
49 41
49 1
49 44
49 45
49 28
49 5
49 43
49 4
49 15
49 33
49 23
49 29
49 26
49 39
49 22
