50
0 "A4"
1 "A8"
2 "A20"
3 "A33"
4 "A40"
5 "A34"
6 "A24"
7 "A13"
8 "A14"
9 "A22"
10 "A42"
11 "A39"
12 "A44"
13 "A48"
14 "A9"
15 "A26"
16 "A37"
17 "A41"
18 "A1"
19 "A29"
20 "A27"
21 "A5"
22 "A2"
23 "A12"
24 "A19"
25 "A21"
26 "A46"
27 "A18"
28 "A38"
29 "A15"
30 "A23"
31 "A3"
32 "A31"
33 "A16"
34 "A6"
35 "A0"
36 "A30"
37 "A11"
38 "A32"
39 "A35"
40 "A10"
41 "A17"
42 "A28"
43 "A7"
44 "A49"
45 "A25"
46 "A36"
47 "A45"
48 "A47"
49 "A43"
18
0 8
0 42
0 36
0 25
0 46
0 34
0 5
0 20
0 33
0 22
0 1
0 15
0 23
0 26
0 30
0 40
0 2
0 44
25
1 15
1 7
1 30
1 13
1 28
1 32
1 23
1 27
1 20
1 24
1 44
1 34
1 10
1 39
1 14
1 37
1 11
1 47
1 5
1 35
1 45
1 41
1 36
1 40
1 38
24
2 8
2 11
2 36
2 1
2 6
2 9
2 45
2 28
2 23
2 47
2 26
2 48
2 15
2 44
2 35
2 7
2 33
2 21
2 25
2 14
2 30
2 13
2 38
2 27
23
3 16
3 8
3 30
3 31
3 6
3 44
3 35
3 29
3 25
3 33
3 1
3 23
3 39
3 9
3 36
3 19
3 12
3 48
3 2
3 45
3 18
3 17
3 42
23
4 49
4 13
4 10
4 32
4 14
4 6
4 18
4 2
4 9
4 48
4 27
4 29
4 21
4 39
4 36
4 1
4 37
4 22
4 34
4 20
4 42
4 19
4 17
19
5 36
5 9
5 30
5 4
5 10
5 15
5 37
5 27
5 43
5 46
5 14
5 2
5 33
5 12
5 34
5 6
5 49
5 23
5 26
13
6 40
6 36
6 45
6 0
6 14
6 33
6 31
6 12
6 24
6 13
6 11
6 21
6 34
13
7 42
7 26
7 20
7 16
7 46
7 41
7 48
7 0
7 10
7 38
7 4
7 8
7 43
17
8 43
8 15
8 21
8 32
8 28
8 16
8 4
8 35
8 22
8 18
8 10
8 26
8 39
8 5
8 17
8 6
8 31
24
9 6
9 12
9 17
9 23
9 41
9 8
9 1
9 34
9 25
9 18
9 22
9 27
9 35
9 29
9 38
9 39
9 47
9 15
9 49
9 33
9 20
9 46
9 7
9 43
20
10 33
10 9
10 21
10 19
10 6
10 3
10 39
10 16
10 13
10 15
10 12
10 30
10 25
10 37
10 29
10 34
10 35
10 47
10 42
10 38
19
11 31
11 36
11 37
11 29
11 12
11 7
11 19
11 22
11 4
11 14
11 43
11 9
11 8
11 46
11 10
11 47
11 30
11 3
11 15
18
12 4
12 28
12 7
12 24
12 49
12 41
12 23
12 0
12 29
12 44
12 48
12 32
12 1
12 42
12 18
12 33
12 22
12 37
23
13 3
13 45
13 0
13 31
13 7
13 36
13 9
13 24
13 44
13 33
13 47
13 48
13 29
13 25
13 12
13 37
13 34
13 22
13 35
13 20
13 49
13 26
13 5
17
14 13
14 30
14 15
14 28
14 44
14 21
14 3
14 40
14 36
14 19
14 46
14 8
14 39
14 12
14 33
14 18
14 42
19
15 44
15 30
15 19
15 48
15 4
15 26
15 12
15 6
15 28
15 23
15 7
15 18
15 37
15 46
15 33
15 24
15 40
15 32
15 31
26
16 47
16 23
16 9
16 20
16 33
16 2
16 6
16 46
16 32
16 24
16 5
16 42
16 26
16 43
16 11
16 37
16 30
16 49
16 4
16 34
16 18
16 44
16 12
16 25
16 0
16 15
21
17 30
17 44
17 2
17 32
17 29
17 45
17 41
17 48
17 7
17 10
17 49
17 11
17 13
17 39
17 15
17 21
17 27
17 12
17 35
17 19
17 38
18
18 19
18 22
18 25
18 31
18 17
18 24
18 39
18 34
18 2
18 45
18 7
18 1
18 49
18 40
18 27
18 26
18 5
18 6
17
19 31
19 8
19 46
19 43
19 35
19 48
19 39
19 12
19 45
19 34
19 7
19 5
19 30
19 27
19 13
19 1
19 22
23
20 18
20 49
20 37
20 36
20 2
20 11
20 47
20 40
20 8
20 19
20 27
20 24
20 17
20 35
20 15
20 28
20 45
20 5
20 10
20 48
20 23
20 34
20 6
19
21 9
21 15
21 23
21 7
21 20
21 38
21 35
21 5
21 18
21 22
21 30
21 44
21 47
21 12
21 48
21 39
21 11
21 3
21 16
23
22 27
22 15
22 40
22 44
22 45
22 17
22 2
22 7
22 10
22 46
22 26
22 5
22 38
22 16
22 3
22 20
22 33
22 6
22 29
22 48
22 32
22 43
22 25
19
23 40
23 44
23 24
23 48
23 29
23 33
23 10
23 43
23 18
23 31
23 32
23 26
23 6
23 41
23 30
23 19
23 7
23 36
23 47
14
24 42
24 27
24 21
24 10
24 41
24 4
24 36
24 2
24 28
24 9
24 3
24 14
24 11
24 8
25
25 34
25 33
25 42
25 19
25 7
25 38
25 30
25 20
25 45
25 46
25 36
25 35
25 12
25 44
25 15
25 1
25 24
25 37
25 23
25 43
25 29
25 4
25 17
25 21
25 8
16
26 46
26 19
26 47
26 25
26 12
26 42
26 6
26 27
26 21
26 10
26 9
26 17
26 1
26 3
26 28
26 29
15
27 16
27 39
27 15
27 12
27 34
27 29
27 21
27 8
27 25
27 49
27 38
27 11
27 33
27 10
27 23
20
28 41
28 48
28 21
28 19
28 9
28 25
28 47
28 7
28 13
28 29
28 22
28 6
28 10
28 27
28 16
28 18
28 34
28 30
28 39
28 5
14
29 1
29 0
29 49
29 31
29 20
29 2
29 15
29 21
29 7
29 36
29 30
29 24
29 8
29 16
16
30 6
30 49
30 13
30 26
30 8
30 33
30 7
30 9
30 39
30 38
30 34
30 47
30 12
30 48
30 20
30 22
24
31 16
31 25
31 1
31 40
31 5
31 37
31 47
31 39
31 14
31 20
31 4
31 17
31 7
31 22
31 48
31 10
31 2
31 28
31 9
31 46
31 35
31 24
31 45
31 26
24
32 30
32 24
32 18
32 39
32 29
32 43
32 28
32 0
32 35
32 11
32 40
32 2
32 26
32 37
32 13
32 45
32 31
32 9
32 20
32 34
32 14
32 27
32 21
32 10
14
33 32
33 7
33 19
33 45
33 18
33 43
33 46
33 31
33 20
33 49
33 21
33 24
33 17
33 37
18
34 8
34 15
34 35
34 43
34 11
34 3
34 14
34 29
34 36
34 31
34 22
34 21
34 46
34 23
34 17
34 38
34 45
34 7
18
35 23
35 4
35 18
35 14
35 24
35 42
35 40
35 11
35 6
35 43
35 45
35 47
35 15
35 12
35 33
35 41
35 5
35 38
17
36 37
36 46
36 47
36 32
36 26
36 38
36 40
36 31
36 49
36 8
36 18
36 33
36 30
36 22
36 7
36 28
36 41
17
37 18
37 49
37 17
37 24
37 40
37 2
37 30
37 28
37 42
37 14
37 23
37 8
37 38
37 21
37 44
37 29
37 45
22
38 31
38 4
38 16
38 44
38 41
38 24
38 8
38 29
38 20
38 5
38 40
38 3
38 28
38 12
38 46
38 32
38 49
38 14
38 11
38 23
38 18
38 26
24
39 6
39 36
39 42
39 25
39 15
39 12
39 24
39 26
39 46
39 2
39 45
39 7
39 38
39 44
39 48
39 11
39 20
39 0
39 34
39 37
39 35
39 49
39 23
39 13
26
40 3
40 29
40 43
40 5
40 49
40 28
40 16
40 26
40 11
40 24
40 21
40 33
40 13
40 39
40 34
40 46
40 17
40 41
40 4
40 42
40 27
40 10
40 25
40 9
40 19
40 2
23
41 26
41 16
41 32
41 30
41 48
41 13
41 11
41 43
41 31
41 14
41 49
41 21
41 3
41 25
41 22
41 4
41 18
41 8
41 0
41 33
41 39
41 20
41 2
22
42 46
42 18
42 32
42 15
42 1
42 21
42 22
42 38
42 13
42 8
42 5
42 29
42 19
42 36
42 45
42 6
42 20
42 17
42 41
42 2
42 11
42 23
17
43 0
43 31
43 3
43 26
43 10
43 27
43 49
43 20
43 44
43 21
43 29
43 6
43 48
43 18
43 1
43 15
43 47
16
44 35
44 33
44 26
44 24
44 29
44 27
44 7
44 9
44 46
44 28
44 20
44 11
44 6
44 41
44 8
44 32
22
45 48
45 40
45 47
45 7
45 24
45 26
45 41
45 30
45 38
45 43
45 23
45 5
45 44
45 46
45 11
45 28
45 10
45 21
45 15
45 8
45 36
45 12
20
46 49
46 4
46 17
46 10
46 21
46 23
46 41
46 20
46 2
46 3
46 43
46 30
46 47
46 24
46 27
46 37
46 48
46 32
46 8
46 1
19
47 6
47 27
47 7
47 39
47 41
47 15
47 25
47 3
47 29
47 0
47 32
47 44
47 18
47 14
47 12
47 4
47 37
47 33
47 17
19
48 37
48 18
48 11
48 44
48 16
48 0
48 32
48 25
48 24
48 27
48 9
48 42
48 38
48 5
48 34
48 26
48 8
48 47
48 1
17
49 11
49 2
49 23
49 48
49 28
49 8
49 45
49 19
49 32
49 34
49 14
49 6
49 35
49 22
49 31
49 21
49 24
