50
0 "A4"
1 "A8"
2 "A20"
3 "A33"
4 "A40"
5 "A34"
6 "A24"
7 "A13"
8 "A14"
9 "A22"
10 "A42"
11 "A39"
12 "A44"
13 "A48"
14 "A9"
15 "A26"
16 "A37"
17 "A41"
18 "A1"
19 "A29"
20 "A27"
21 "A5"
22 "A2"
23 "A12"
24 "A19"
25 "A21"
26 "A46"
27 "A18"
28 "A38"
29 "A15"
30 "A23"
31 "A3"
32 "A31"
33 "A16"
34 "A6"
35 "A0"
36 "A30"
37 "A11"
38 "A32"
39 "A35"
40 "A10"
41 "A17"
42 "A28"
43 "A7"
44 "A49"
45 "A25"
46 "A36"
47 "A45"
48 "A47"
49 "A43"
17
0 11
0 13
0 47
0 41
0 19
0 35
0 46
0 33
0 14
0 9
0 6
0 43
0 8
0 34
0 1
0 15
0 40
21
1 27
1 37
1 36
1 46
1 24
1 10
1 40
1 23
1 26
1 11
1 22
1 5
1 17
1 28
1 15
1 4
1 34
1 16
1 47
1 3
1 43
16
2 44
2 43
2 32
2 29
2 10
2 42
2 24
2 4
2 18
2 1
2 23
2 27
2 47
2 5
2 12
2 3
22
3 7
3 0
3 45
3 40
3 29
3 49
3 13
3 42
3 14
3 12
3 43
3 15
3 23
3 16
3 39
3 11
3 22
3 27
3 21
3 19
3 6
3 26
20
4 18
4 37
4 45
4 47
4 9
4 19
4 33
4 0
4 3
4 48
4 6
4 20
4 12
4 17
4 25
4 26
4 40
4 24
4 29
4 38
24
5 17
5 14
5 32
5 9
5 48
5 31
5 15
5 10
5 21
5 33
5 25
5 4
5 37
5 29
5 11
5 30
5 28
5 3
5 22
5 40
5 49
5 47
5 0
5 16
23
6 32
6 33
6 26
6 39
6 12
6 24
6 37
6 41
6 25
6 34
6 28
6 18
6 30
6 5
6 36
6 45
6 40
6 8
6 14
6 13
6 22
6 2
6 48
19
7 0
7 35
7 6
7 30
7 45
7 1
7 41
7 49
7 5
7 34
7 20
7 8
7 32
7 22
7 9
7 43
7 15
7 44
7 19
20
8 27
8 43
8 42
8 18
8 47
8 13
8 48
8 11
8 28
8 35
8 23
8 26
8 5
8 34
8 14
8 17
8 45
8 9
8 2
8 3
19
9 47
9 42
9 19
9 11
9 45
9 17
9 43
9 35
9 40
9 29
9 14
9 2
9 12
9 3
9 21
9 39
9 18
9 38
9 34
22
10 32
10 4
10 20
10 22
10 39
10 23
10 40
10 0
10 11
10 25
10 49
10 29
10 12
10 8
10 16
10 42
10 21
10 24
10 6
10 30
10 9
10 44
18
11 42
11 4
11 12
11 41
11 25
11 30
11 7
11 22
11 33
11 13
11 45
11 32
11 26
11 16
11 23
11 39
11 19
11 43
21
12 15
12 29
12 43
12 20
12 16
12 40
12 13
12 8
12 47
12 18
12 44
12 35
12 23
12 0
12 45
12 48
12 21
12 7
12 5
12 37
12 1
12
13 5
13 27
13 28
13 25
13 10
13 42
13 23
13 7
13 48
13 15
13 21
13 31
27
14 37
14 13
14 31
14 46
14 4
14 49
14 33
14 38
14 36
14 26
14 40
14 16
14 21
14 44
14 41
14 1
14 18
14 11
14 20
14 10
14 15
14 19
14 17
14 2
14 35
14 43
14 25
15
15 36
15 18
15 10
15 4
15 46
15 22
15 8
15 29
15 25
15 35
15 9
15 41
15 42
15 43
15 34
22
16 25
16 13
16 0
16 29
16 2
16 33
16 34
16 35
16 37
16 41
16 18
16 49
16 6
16 8
16 40
16 42
16 45
16 46
16 23
16 9
16 7
16 38
18
17 16
17 7
17 19
17 0
17 13
17 10
17 25
17 46
17 47
17 41
17 2
17 23
17 32
17 22
17 11
17 12
17 38
17 15
22
18 3
18 28
18 21
18 38
18 27
18 20
18 44
18 47
18 0
18 31
18 41
18 13
18 11
18 48
18 33
18 17
18 45
18 23
18 29
18 1
18 34
18 10
21
19 36
19 25
19 16
19 31
19 40
19 13
19 10
19 8
19 24
19 28
19 37
19 43
19 35
19 21
19 2
19 5
19 18
19 12
19 34
19 6
19 45
22
20 17
20 13
20 27
20 24
20 45
20 22
20 8
20 1
20 5
20 11
20 0
20 21
20 40
20 48
20 41
20 23
20 19
20 33
20 47
20 3
20 6
20 2
18
21 15
21 47
21 49
21 8
21 44
21 42
21 34
21 7
21 29
21 41
21 24
21 26
21 40
21 11
21 28
21 1
21 22
21 6
23
22 33
22 34
22 46
22 47
22 2
22 38
22 28
22 14
22 31
22 9
22 8
22 45
22 23
22 12
22 25
22 4
22 40
22 29
22 27
22 26
22 18
22 30
22 16
13
23 46
23 9
23 35
23 49
23 28
23 25
23 7
23 5
23 44
23 24
23 14
23 38
23 15
19
24 17
24 25
24 47
24 28
24 16
24 11
24 49
24 7
24 48
24 34
24 46
24 30
24 5
24 18
24 12
24 26
24 22
24 14
24 42
17
25 42
25 46
25 31
25 33
25 47
25 29
25 30
25 45
25 36
25 3
25 12
25 18
25 1
25 0
25 2
25 7
25 27
25
26 49
26 12
26 33
26 23
26 43
26 10
26 2
26 18
26 40
26 5
26 25
26 32
26 15
26 0
26 31
26 20
26 30
26 16
26 41
26 39
26 29
26 38
26 27
26 35
26 44
20
27 30
27 6
27 15
27 12
27 23
27 7
27 0
27 29
27 39
27 4
27 46
27 42
27 9
27 16
27 21
27 40
27 24
27 19
27 35
27 43
17
28 25
28 17
28 16
28 40
28 47
28 7
28 12
28 14
28 36
28 38
28 10
28 46
28 20
28 48
28 34
28 0
28 37
16
29 38
29 7
29 40
29 0
29 17
29 8
29 31
29 23
29 6
29 46
29 11
29 28
29 1
29 48
29 44
29 42
22
30 16
30 14
30 35
30 29
30 34
30 28
30 4
30 3
30 41
30 32
30 46
30 44
30 23
30 37
30 48
30 31
30 9
30 2
30 8
30 15
30 39
30 45
19
31 1
31 12
31 3
31 23
31 15
31 38
31 16
31 21
31 28
31 17
31 44
31 2
31 7
31 27
31 6
31 34
31 10
31 11
31 4
20
32 43
32 23
32 37
32 3
32 19
32 0
32 28
32 9
32 48
32 29
32 27
32 49
32 31
32 20
32 22
32 4
32 12
32 18
32 13
32 1
21
33 24
33 48
33 32
33 44
33 35
33 23
33 2
33 49
33 31
33 45
33 37
33 10
33 39
33 13
33 30
33 29
33 17
33 36
33 19
33 12
33 7
19
34 27
34 17
34 44
34 32
34 4
34 12
34 13
34 26
34 23
34 3
34 25
34 43
34 5
34 10
34 46
34 20
34 39
34 2
34 49
20
35 24
35 11
35 42
35 49
35 37
35 6
35 43
35 32
35 47
35 29
35 31
35 48
35 41
35 2
35 34
35 10
35 22
35 44
35 18
35 20
29
36 39
36 46
36 16
36 32
36 22
36 48
36 27
36 0
36 49
36 24
36 35
36 11
36 10
36 12
36 26
36 31
36 18
36 44
36 7
36 13
36 3
36 43
36 20
36 5
36 23
36 40
36 21
36 34
36 4
20
37 2
37 41
37 36
37 45
37 27
37 11
37 3
37 24
37 23
37 17
37 10
37 49
37 34
37 13
37 46
37 48
37 22
37 25
37 21
37 38
21
38 7
38 19
38 12
38 15
38 24
38 3
38 6
38 30
38 33
38 34
38 10
38 21
38 35
38 13
38 1
38 2
38 36
38 42
38 32
38 11
38 5
22
39 42
39 46
39 28
39 35
39 31
39 41
39 29
39 14
39 7
39 49
39 4
39 17
39 16
39 37
39 44
39 12
39 32
39 38
39 22
39 2
39 21
39 18
17
40 44
40 18
40 8
40 2
40 23
40 25
40 38
40 37
40 33
40 11
40 35
40 13
40 47
40 49
40 31
40 30
40 32
21
41 32
41 36
41 42
41 45
41 29
41 25
41 9
41 44
41 24
41 2
41 1
41 27
41 5
41 22
41 23
41 19
41 12
41 38
41 10
41 31
41 3
19
42 31
42 18
42 14
42 22
42 1
42 19
42 17
42 32
42 43
42 45
42 30
42 28
42 36
42 37
42 23
42 4
42 12
42 5
42 20
15
43 39
43 38
43 20
43 22
43 33
43 28
43 18
43 6
43 37
43 48
43 25
43 13
43 10
43 30
43 31
18
44 5
44 19
44 46
44 11
44 3
44 1
44 6
44 4
44 0
44 25
44 16
44 15
44 32
44 22
44 43
44 38
44 20
44 42
18
45 40
45 14
45 49
45 2
45 15
45 32
45 29
45 5
45 31
45 38
45 48
45 36
45 43
45 47
45 24
45 27
45 44
45 34
16
46 11
46 13
46 8
46 6
46 3
46 9
46 38
46 43
46 40
46 12
46 26
46 4
46 32
46 2
46 20
46 31
18
47 29
47 46
47 34
47 19
47 38
47 27
47 10
47 42
47 44
47 11
47 23
47 39
47 43
47 16
47 33
47 15
47 3
47 26
18
48 23
48 15
48 40
48 14
48 9
48 47
48 49
48 7
48 42
48 44
48 25
48 41
48 46
48 38
48 21
48 19
48 3
48 10
18
49 38
49 27
49 15
49 30
49 9
49 28
49 1
49 42
49 6
49 12
49 47
49 22
49 29
49 19
49 17
49 20
49 31
49 43
