50
0 "A22"
1 "A17"
2 "A18"
3 "A4"
4 "A5"
5 "A45"
6 "A35"
7 "A24"
8 "A46"
9 "A3"
10 "A29"
11 "A38"
12 "A16"
13 "A27"
14 "A9"
15 "A0"
16 "A23"
17 "A12"
18 "A21"
19 "A7"
20 "A28"
21 "A15"
22 "A20"
23 "A32"
24 "A11"
25 "A49"
26 "A10"
27 "A25"
28 "A31"
29 "A8"
30 "A43"
31 "A34"
32 "A1"
33 "A39"
34 "A47"
35 "A6"
36 "A41"
37 "A44"
38 "A42"
39 "A30"
40 "A40"
41 "A2"
42 "A37"
43 "A36"
44 "A48"
45 "A14"
46 "A33"
47 "A13"
48 "A19"
49 "A26"
23
0 26
0 49
0 4
0 14
0 6
0 48
0 12
0 15
0 34
0 22
0 16
0 17
0 32
0 35
0 13
0 23
0 44
0 9
0 28
0 11
0 47
0 42
0 39
22
1 11
1 0
1 10
1 23
1 49
1 21
1 25
1 27
1 45
1 18
1 46
1 36
1 24
1 19
1 16
1 15
1 6
1 37
1 3
1 38
1 5
1 2
24
2 6
2 12
2 14
2 49
2 19
2 11
2 3
2 7
2 41
2 28
2 17
2 29
2 10
2 15
2 13
2 4
2 5
2 26
2 34
2 0
2 37
2 40
2 25
2 20
23
3 29
3 4
3 25
3 46
3 27
3 20
3 45
3 17
3 8
3 22
3 41
3 23
3 16
3 42
3 33
3 9
3 6
3 5
3 0
3 40
3 30
3 19
3 49
14
4 28
4 39
4 42
4 11
4 31
4 37
4 22
4 40
4 44
4 20
4 33
4 1
4 21
4 5
16
5 18
5 49
5 41
5 23
5 0
5 7
5 27
5 12
5 10
5 42
5 9
5 43
5 31
5 8
5 26
5 33
21
6 46
6 16
6 34
6 27
6 26
6 18
6 45
6 29
6 11
6 48
6 35
6 4
6 31
6 13
6 40
6 8
6 25
6 19
6 33
6 32
6 44
23
7 25
7 4
7 15
7 0
7 29
7 17
7 40
7 8
7 31
7 9
7 47
7 28
7 26
7 43
7 46
7 44
7 42
7 16
7 3
7 32
7 39
7 38
7 24
20
8 13
8 36
8 45
8 10
8 25
8 16
8 32
8 35
8 39
8 9
8 40
8 26
8 15
8 46
8 19
8 0
8 4
8 49
8 22
8 28
24
9 44
9 48
9 1
9 27
9 18
9 17
9 37
9 4
9 2
9 23
9 12
9 43
9 21
9 6
9 20
9 40
9 28
9 29
9 42
9 34
9 24
9 30
9 39
9 31
20
10 20
10 0
10 12
10 26
10 6
10 25
10 46
10 14
10 47
10 35
10 9
10 36
10 4
10 42
10 33
10 11
10 44
10 3
10 21
10 29
22
11 40
11 33
11 3
11 18
11 14
11 46
11 17
11 24
11 16
11 48
11 43
11 9
11 13
11 19
11 28
11 39
11 31
11 5
11 34
11 41
11 20
11 29
22
12 46
12 28
12 11
12 13
12 6
12 41
12 37
12 20
12 43
12 33
12 16
12 27
12 17
12 1
12 39
12 14
12 7
12 24
12 8
12 44
12 48
12 29
23
13 19
13 37
13 44
13 20
13 38
13 24
13 4
13 49
13 29
13 5
13 21
13 16
13 22
13 42
13 14
13 9
13 33
13 48
13 18
13 35
13 26
13 28
13 17
21
14 38
14 6
14 16
14 27
14 39
14 22
14 3
14 9
14 45
14 35
14 26
14 32
14 4
14 7
14 33
14 19
14 40
14 1
14 46
14 8
14 29
16
15 47
15 17
15 20
15 48
15 3
15 27
15 32
15 43
15 12
15 21
15 9
15 22
15 14
15 46
15 28
15 45
17
16 5
16 44
16 22
16 29
16 19
16 9
16 41
16 2
16 34
16 20
16 39
16 48
16 47
16 4
16 23
16 10
16 15
19
17 42
17 45
17 16
17 44
17 18
17 19
17 33
17 1
17 8
17 34
17 43
17 47
17 29
17 24
17 6
17 4
17 14
17 35
17 5
23
18 37
18 7
18 15
18 20
18 39
18 3
18 29
18 24
18 30
18 43
18 4
18 19
18 35
18 2
18 0
18 8
18 21
18 14
18 22
18 33
18 46
18 27
18 32
21
19 0
19 43
19 24
19 45
19 44
19 37
19 42
19 12
19 48
19 38
19 9
19 15
19 26
19 36
19 29
19 4
19 21
19 10
19 22
19 47
19 32
18
20 29
20 41
20 37
20 27
20 36
20 0
20 17
20 5
20 39
20 35
20 48
20 40
20 14
20 23
20 34
20 8
20 47
20 43
17
21 20
21 22
21 28
21 11
21 47
21 35
21 2
21 17
21 3
21 8
21 27
21 38
21 6
21 14
21 39
21 0
21 7
18
22 36
22 44
22 7
22 32
22 48
22 2
22 6
22 24
22 25
22 29
22 47
22 49
22 37
22 46
22 17
22 1
22 20
22 42
20
23 32
23 7
23 28
23 2
23 40
23 6
23 22
23 21
23 14
23 46
23 10
23 31
23 27
23 15
23 11
23 48
23 19
23 34
23 12
23 43
21
24 5
24 4
24 8
24 48
24 42
24 45
24 10
24 20
24 38
24 40
24 6
24 47
24 44
24 15
24 21
24 27
24 28
24 0
24 30
24 41
24 3
21
25 44
25 14
25 16
25 21
25 39
25 48
25 46
25 29
25 9
25 40
25 0
25 24
25 5
25 23
25 17
25 31
25 15
25 18
25 30
25 34
25 47
27
26 38
26 4
26 29
26 48
26 11
26 12
26 40
26 36
26 17
26 25
26 22
26 32
26 39
26 23
26 9
26 44
26 41
26 16
26 43
26 37
26 31
26 15
26 46
26 20
26 18
26 21
26 33
16
27 7
27 42
27 29
27 22
27 40
27 46
27 11
27 19
27 8
27 26
27 17
27 47
27 36
27 38
27 25
27 16
16
28 45
28 41
28 40
28 46
28 34
28 14
28 5
28 16
28 19
28 6
28 22
28 1
28 3
28 18
28 10
28 32
11
29 38
29 36
29 43
29 15
29 1
29 0
29 21
29 5
29 47
29 28
29 40
19
30 26
30 40
30 4
30 31
30 36
30 46
30 42
30 21
30 23
30 8
30 22
30 11
30 12
30 13
30 29
30 2
30 44
30 35
30 33
17
31 27
31 46
31 14
31 8
31 3
31 15
31 10
31 35
31 40
31 21
31 19
31 47
31 2
31 33
31 28
31 36
31 43
24
32 30
32 17
32 5
32 24
32 9
32 46
32 36
32 25
32 1
32 44
32 39
32 45
32 12
32 37
32 41
32 20
32 11
32 27
32 47
32 16
32 3
32 2
32 42
32 35
14
33 29
33 7
33 27
33 45
33 32
33 2
33 0
33 40
33 35
33 37
33 25
33 22
33 28
33 49
22
34 3
34 29
34 13
34 8
34 49
34 42
34 7
34 36
34 22
34 48
34 39
34 15
34 27
34 24
34 31
34 40
34 4
34 43
34 32
34 1
34 12
34 30
20
35 44
35 28
35 23
35 24
35 26
35 34
35 3
35 9
35 2
35 29
35 25
35 46
35 4
35 1
35 12
35 43
35 19
35 16
35 27
35 45
25
36 23
36 25
36 45
36 21
36 40
36 39
36 13
36 33
36 0
36 28
36 9
36 3
36 35
36 6
36 5
36 42
36 48
36 2
36 4
36 16
36 43
36 15
36 11
36 18
36 37
20
37 34
37 25
37 14
37 38
37 21
37 10
37 30
37 45
37 42
37 11
37 43
37 17
37 49
37 29
37 7
37 15
37 35
37 23
37 46
37 6
24
38 33
38 34
38 2
38 8
38 23
38 28
38 18
38 22
38 0
38 25
38 16
38 4
38 15
38 3
38 10
38 39
38 32
38 45
38 43
38 36
38 20
38 31
38 5
38 11
18
39 44
39 27
39 37
39 47
39 40
39 23
39 49
39 1
39 6
39 35
39 43
39 17
39 29
39 30
39 3
39 45
39 2
39 15
14
40 0
40 18
40 37
40 48
40 5
40 16
40 46
40 38
40 35
40 49
40 13
40 19
40 32
40 47
17
41 29
41 45
41 27
41 34
41 31
41 39
41 8
41 38
41 40
41 7
41 9
41 49
41 19
41 25
41 37
41 48
41 23
17
42 21
42 26
42 12
42 40
42 31
42 20
42 29
42 18
42 23
42 39
42 28
42 6
42 45
42 25
42 8
42 2
42 11
16
43 14
43 10
43 40
43 0
43 1
43 8
43 21
43 27
43 4
43 30
43 16
43 46
43 3
43 6
43 22
43 47
20
44 23
44 37
44 41
44 47
44 27
44 2
44 49
44 40
44 1
44 31
44 5
44 14
44 43
44 34
44 20
44 8
44 18
44 21
44 42
44 48
18
45 22
45 13
45 2
45 7
45 47
45 26
45 12
45 0
45 11
45 5
45 9
45 21
45 27
45 20
45 16
45 31
45 43
45 18
17
46 13
46 9
46 49
46 24
46 44
46 29
46 20
46 45
46 33
46 47
46 38
46 39
46 0
46 34
46 36
46 5
46 41
17
47 4
47 30
47 14
47 2
47 37
47 8
47 1
47 23
47 18
47 12
47 36
47 41
47 48
47 42
47 49
47 3
47 33
19
48 35
48 21
48 31
48 42
48 43
48 32
48 29
48 14
48 37
48 8
48 33
48 27
48 4
48 30
48 17
48 2
48 3
48 49
48 45
23
49 14
49 31
49 29
49 38
49 43
49 36
49 27
49 20
49 42
49 12
49 26
49 15
49 16
49 25
49 35
49 19
49 17
49 24
49 10
49 7
49 45
49 11
49 32
