50
0 "A22"
1 "A17"
2 "A18"
3 "A4"
4 "A5"
5 "A45"
6 "A35"
7 "A24"
8 "A46"
9 "A3"
10 "A29"
11 "A38"
12 "A16"
13 "A27"
14 "A9"
15 "A0"
16 "A23"
17 "A12"
18 "A21"
19 "A7"
20 "A28"
21 "A15"
22 "A20"
23 "A32"
24 "A11"
25 "A49"
26 "A10"
27 "A25"
28 "A31"
29 "A8"
30 "A43"
31 "A34"
32 "A1"
33 "A39"
34 "A47"
35 "A6"
36 "A41"
37 "A44"
38 "A42"
39 "A30"
40 "A40"
41 "A2"
42 "A37"
43 "A36"
44 "A48"
45 "A14"
46 "A33"
47 "A13"
48 "A19"
49 "A26"
24
0 30
0 6
0 13
0 25
0 45
0 26
0 8
0 16
0 29
0 34
0 12
0 46
0 47
0 15
0 5
0 40
0 31
0 9
0 37
0 1
0 3
0 42
0 11
0 35
23
1 29
1 16
1 17
1 44
1 13
1 47
1 33
1 11
1 26
1 14
1 6
1 42
1 23
1 40
1 27
1 25
1 41
1 28
1 12
1 3
1 37
1 39
1 46
31
2 41
2 0
2 46
2 9
2 33
2 40
2 15
2 26
2 10
2 38
2 36
2 12
2 21
2 5
2 1
2 3
2 16
2 35
2 47
2 31
2 34
2 14
2 20
2 48
2 42
2 28
2 18
2 49
2 23
2 19
2 32
17
3 35
3 14
3 8
3 40
3 21
3 29
3 48
3 6
3 45
3 33
3 23
3 38
3 16
3 27
3 47
3 30
3 26
23
4 25
4 41
4 13
4 38
4 33
4 2
4 12
4 45
4 16
4 28
4 23
4 3
4 14
4 44
4 27
4 9
4 26
4 22
4 19
4 37
4 42
4 39
4 36
16
5 49
5 24
5 32
5 4
5 26
5 13
5 41
5 25
5 46
5 47
5 40
5 31
5 22
5 1
5 34
5 29
17
6 12
6 21
6 15
6 33
6 9
6 40
6 10
6 46
6 17
6 29
6 23
6 35
6 8
6 31
6 20
6 30
6 44
16
7 13
7 34
7 21
7 19
7 20
7 47
7 2
7 29
7 27
7 36
7 11
7 12
7 35
7 22
7 18
7 32
26
8 28
8 25
8 12
8 40
8 17
8 37
8 4
8 27
8 18
8 10
8 33
8 45
8 21
8 49
8 15
8 38
8 44
8 47
8 46
8 41
8 16
8 48
8 14
8 1
8 22
8 19
19
9 47
9 21
9 37
9 39
9 44
9 14
9 12
9 49
9 5
9 36
9 35
9 31
9 27
9 28
9 46
9 45
9 7
9 38
9 1
21
10 45
10 19
10 22
10 5
10 46
10 14
10 1
10 48
10 39
10 3
10 9
10 18
10 29
10 27
10 35
10 33
10 28
10 12
10 15
10 16
10 13
25
11 23
11 3
11 29
11 4
11 13
11 44
11 49
11 5
11 41
11 8
11 28
11 43
11 20
11 27
11 10
11 16
11 34
11 39
11 21
11 40
11 6
11 26
11 47
11 38
11 15
16
12 39
12 38
12 45
12 30
12 34
12 26
12 47
12 11
12 22
12 24
12 19
12 21
12 14
12 44
12 3
12 17
16
13 18
13 29
13 27
13 2
13 12
13 16
13 8
13 47
13 24
13 42
13 35
13 33
13 6
13 3
13 28
13 17
20
14 48
14 34
14 16
14 44
14 37
14 19
14 45
14 47
14 33
14 5
14 42
14 40
14 49
14 21
14 13
14 11
14 28
14 43
14 46
14 0
19
15 39
15 5
15 14
15 9
15 40
15 38
15 48
15 49
15 46
15 12
15 13
15 16
15 34
15 18
15 28
15 22
15 1
15 23
15 26
17
16 26
16 38
16 27
16 32
16 31
16 49
16 9
16 7
16 22
16 48
16 6
16 40
16 23
16 43
16 46
16 45
16 20
16
17 27
17 11
17 30
17 18
17 4
17 29
17 31
17 24
17 3
17 35
17 0
17 36
17 41
17 40
17 2
17 14
21
18 0
18 27
18 38
18 25
18 40
18 5
18 45
18 46
18 32
18 34
18 11
18 1
18 4
18 49
18 9
18 39
18 6
18 19
18 24
18 35
18 3
24
19 47
19 23
19 13
19 37
19 0
19 6
19 16
19 3
19 20
19 5
19 1
19 43
19 22
19 32
19 17
19 45
19 9
19 36
19 33
19 15
19 42
19 21
19 44
19 39
20
20 26
20 21
20 32
20 25
20 17
20 33
20 14
20 44
20 37
20 24
20 43
20 47
20 0
20 9
20 4
20 13
20 31
20 49
20 3
20 5
24
21 37
21 25
21 27
21 5
21 18
21 36
21 10
21 0
21 43
21 26
21 40
21 49
21 41
21 16
21 22
21 1
21 39
21 46
21 47
21 29
21 23
21 28
21 44
21 13
18
22 39
22 41
22 20
22 45
22 17
22 36
22 3
22 14
22 0
22 33
22 31
22 47
22 18
22 2
22 43
22 25
22 42
22 6
21
23 28
23 35
23 41
23 20
23 29
23 31
23 22
23 17
23 18
23 8
23 33
23 13
23 48
23 38
23 14
23 10
23 39
23 44
23 42
23 7
23 36
18
24 4
24 10
24 28
24 1
24 8
24 7
24 45
24 41
24 23
24 16
24 0
24 21
24 34
24 6
24 9
24 14
24 31
24 35
21
25 16
25 3
25 19
25 49
25 23
25 34
25 36
25 6
25 12
25 35
25 46
25 11
25 2
25 10
25 9
25 24
25 44
25 7
25 13
25 39
25 15
16
26 10
26 18
26 7
26 28
26 8
26 40
26 23
26 6
26 43
26 46
26 44
26 19
26 25
26 13
26 27
26 17
22
27 35
27 32
27 23
27 12
27 22
27 36
27 46
27 5
27 20
27 14
27 40
27 31
27 45
27 28
27 2
27 0
27 25
27 15
27 48
27 38
27 41
27 29
20
28 44
28 31
28 36
28 22
28 38
28 37
28 33
28 45
28 20
28 42
28 40
28 39
28 7
28 18
28 19
28 16
28 32
28 41
28 5
28 3
18
29 39
29 12
29 24
29 30
29 22
29 26
29 28
29 18
29 20
29 38
29 36
29 42
29 43
29 16
29 2
29 31
29 45
29 33
27
30 13
30 16
30 38
30 28
30 15
30 22
30 7
30 18
30 8
30 25
30 33
30 20
30 27
30 49
30 23
30 4
30 10
30 48
30 42
30 5
30 19
30 11
30 9
30 26
30 24
30 39
30 21
14
31 12
31 38
31 26
31 3
31 1
31 4
31 21
31 25
31 30
31 36
31 13
31 42
31 40
31 39
25
32 6
32 30
32 45
32 17
32 13
32 48
32 3
32 12
32 23
32 40
32 37
32 36
32 29
32 21
32 15
32 22
32 10
32 39
32 44
32 0
32 8
32 25
32 9
32 24
32 34
24
33 26
33 15
33 49
33 7
33 41
33 48
33 46
33 45
33 24
33 42
33 44
33 18
33 11
33 47
33 43
33 39
33 12
33 5
33 35
33 17
33 40
33 32
33 25
33 0
19
34 44
34 29
34 1
34 28
34 8
34 4
34 21
34 20
34 10
34 42
34 23
34 30
34 43
34 31
34 36
34 3
34 17
34 46
34 27
15
35 31
35 21
35 1
35 40
35 28
35 16
35 34
35 46
35 12
35 48
35 8
35 14
35 47
35 5
35 41
19
36 14
36 6
36 1
36 49
36 15
36 41
36 24
36 0
36 45
36 3
36 10
36 13
36 42
36 38
36 8
36 11
36 18
36 43
36 46
25
37 31
37 11
37 25
37 43
37 27
37 35
37 39
37 22
37 7
37 16
37 29
37 36
37 6
37 13
37 18
37 49
37 26
37 41
37 30
37 5
37 2
37 3
37 12
37 10
37 33
17
38 1
38 46
38 0
38 20
38 6
38 25
38 10
38 44
38 32
38 39
38 24
38 19
38 17
38 22
38 37
38 7
38 14
15
39 49
39 17
39 27
39 35
39 24
39 43
39 2
39 13
39 42
39 5
39 7
39 3
39 34
39 6
39 44
13
40 13
40 29
40 20
40 24
40 43
40 19
40 10
40 9
40 23
40 25
40 30
40 39
40 46
21
41 12
41 13
41 15
41 38
41 18
41 6
41 30
41 32
41 26
41 9
41 31
41 14
41 16
41 25
41 10
41 49
41 19
41 34
41 29
41 45
41 40
17
42 26
42 3
42 9
42 18
42 12
42 46
42 48
42 44
42 35
42 5
42 43
42 6
42 10
42 17
42 40
42 15
42 21
20
43 6
43 2
43 3
43 31
43 46
43 45
43 24
43 18
43 7
43 41
43 28
43 4
43 17
43 32
43 9
43 38
43 0
43 49
43 27
43 10
18
44 24
44 36
44 5
44 0
44 48
44 2
44 49
44 27
44 35
44 13
44 30
44 41
44 22
44 40
44 16
44 31
44 10
44 3
18
45 26
45 15
45 21
45 48
45 17
45 20
45 23
45 42
45 5
45 30
45 25
45 31
45 13
45 37
45 2
45 34
45 39
45 1
15
46 47
46 31
46 22
46 20
46 49
46 4
46 37
46 17
46 32
46 12
46 24
46 30
46 7
46 19
46 48
20
47 16
47 42
47 41
47 28
47 48
47 23
47 30
47 15
47 6
47 25
47 36
47 44
47 26
47 18
47 32
47 31
47 27
47 24
47 29
47 38
17
48 29
48 25
48 9
48 24
48 11
48 18
48 28
48 26
48 0
48 43
48 19
48 1
48 6
48 41
48 38
48 40
48 37
16
49 35
49 10
49 3
49 28
49 45
49 0
49 42
49 23
49 26
49 13
49 22
49 32
49 4
49 31
49 29
49 38
