50
0 "A22"
1 "A17"
2 "A18"
3 "A4"
4 "A5"
5 "A45"
6 "A35"
7 "A24"
8 "A46"
9 "A3"
10 "A29"
11 "A38"
12 "A16"
13 "A27"
14 "A9"
15 "A0"
16 "A23"
17 "A12"
18 "A21"
19 "A7"
20 "A28"
21 "A15"
22 "A20"
23 "A32"
24 "A11"
25 "A49"
26 "A10"
27 "A25"
28 "A31"
29 "A8"
30 "A43"
31 "A34"
32 "A1"
33 "A39"
34 "A47"
35 "A6"
36 "A41"
37 "A44"
38 "A42"
39 "A30"
40 "A40"
41 "A2"
42 "A37"
43 "A36"
44 "A48"
45 "A14"
46 "A33"
47 "A13"
48 "A19"
49 "A26"
20
0 36
0 23
0 49
0 13
0 37
0 30
0 5
0 29
0 18
0 38
0 12
0 22
0 45
0 47
0 4
0 26
0 44
0 21
0 39
0 46
15
1 27
1 17
1 36
1 5
1 14
1 12
1 0
1 23
1 25
1 49
1 33
1 29
1 34
1 3
1 40
17
2 37
2 47
2 42
2 17
2 45
2 0
2 48
2 12
2 35
2 33
2 31
2 15
2 26
2 32
2 46
2 1
2 25
18
3 19
3 13
3 22
3 6
3 44
3 2
3 9
3 23
3 8
3 46
3 12
3 37
3 38
3 30
3 0
3 45
3 35
3 7
20
4 48
4 14
4 28
4 2
4 16
4 39
4 12
4 21
4 3
4 15
4 30
4 9
4 24
4 46
4 41
4 26
4 42
4 25
4 33
4 49
17
5 33
5 43
5 6
5 47
5 22
5 16
5 4
5 42
5 14
5 24
5 32
5 3
5 30
5 31
5 17
5 26
5 12
18
6 9
6 17
6 34
6 49
6 40
6 41
6 10
6 12
6 44
6 8
6 31
6 47
6 29
6 0
6 27
6 30
6 14
6 21
23
7 12
7 35
7 31
7 27
7 37
7 4
7 1
7 40
7 21
7 44
7 15
7 28
7 5
7 20
7 17
7 0
7 2
7 25
7 18
7 6
7 26
7 41
7 33
16
8 4
8 19
8 16
8 10
8 0
8 28
8 44
8 21
8 14
8 9
8 1
8 30
8 7
8 13
8 40
8 22
23
9 41
9 43
9 28
9 34
9 26
9 19
9 10
9 32
9 14
9 31
9 44
9 42
9 30
9 1
9 25
9 5
9 2
9 39
9 13
9 21
9 20
9 7
9 23
21
10 47
10 20
10 21
10 16
10 44
10 46
10 1
10 39
10 18
10 49
10 3
10 33
10 12
10 2
10 4
10 38
10 7
10 25
10 0
10 31
10 14
21
11 41
11 27
11 29
11 30
11 44
11 18
11 8
11 21
11 28
11 34
11 10
11 6
11 9
11 38
11 48
11 24
11 31
11 40
11 23
11 3
11 39
12
12 37
12 24
12 14
12 8
12 19
12 11
12 47
12 9
12 30
12 22
12 16
12 49
19
13 11
13 7
13 43
13 26
13 12
13 25
13 16
13 6
13 39
13 15
13 2
13 28
13 1
13 42
13 45
13 48
13 22
13 49
13 24
12
14 0
14 37
14 39
14 35
14 13
14 18
14 3
14 41
14 34
14 2
14 47
14 7
20
15 1
15 14
15 3
15 11
15 8
15 12
15 16
15 39
15 10
15 21
15 48
15 36
15 18
15 43
15 31
15 17
15 33
15 34
15 5
15 45
16
16 6
16 1
16 40
16 41
16 25
16 48
16 0
16 2
16 3
16 26
16 9
16 49
16 20
16 18
16 47
16 39
19
17 0
17 47
17 45
17 18
17 9
17 49
17 16
17 40
17 10
17 25
17 13
17 14
17 31
17 12
17 37
17 41
17 3
17 38
17 27
15
18 13
18 30
18 12
18 28
18 43
18 1
18 31
18 39
18 32
18 5
18 41
18 38
18 6
18 25
18 47
21
19 43
19 36
19 2
19 15
19 10
19 45
19 1
19 13
19 16
19 32
19 11
19 34
19 49
19 17
19 28
19 39
19 33
19 47
19 14
19 4
19 25
23
20 34
20 35
20 3
20 14
20 17
20 37
20 4
20 39
20 24
20 13
20 31
20 0
20 43
20 44
20 29
20 25
20 19
20 21
20 12
20 18
20 41
20 46
20 15
23
21 47
21 28
21 1
21 14
21 35
21 37
21 25
21 33
21 22
21 49
21 17
21 27
21 45
21 12
21 18
21 19
21 2
21 43
21 46
21 16
21 40
21 13
21 41
26
22 42
22 9
22 1
22 25
22 45
22 4
22 34
22 16
22 17
22 32
22 2
22 18
22 44
22 26
22 40
22 20
22 48
22 14
22 30
22 11
22 47
22 19
22 6
22 43
22 49
22 31
21
23 21
23 49
23 7
23 10
23 41
23 20
23 15
23 14
23 33
23 18
23 5
23 2
23 6
23 48
23 22
23 46
23 4
23 47
23 8
23 12
23 42
21
24 38
24 47
24 37
24 26
24 22
24 10
24 21
24 1
24 29
24 9
24 17
24 8
24 14
24 16
24 0
24 28
24 23
24 44
24 18
24 42
24 15
17
25 15
25 41
25 47
25 49
25 37
25 42
25 35
25 14
25 46
25 36
25 3
25 26
25 44
25 33
25 11
25 39
25 5
16
26 49
26 36
26 34
26 11
26 44
26 21
26 8
26 48
26 15
26 12
26 37
26 6
26 20
26 3
26 40
26 38
27
27 4
27 32
27 16
27 48
27 25
27 10
27 12
27 22
27 20
27 34
27 35
27 43
27 36
27 13
27 30
27 46
27 3
27 15
27 41
27 23
27 2
27 26
27 38
27 19
27 9
27 31
27 40
23
28 10
28 36
28 34
28 17
28 23
28 40
28 3
28 6
28 30
28 27
28 46
28 39
28 45
28 42
28 16
28 44
28 1
28 48
28 32
28 2
28 5
28 43
28 14
26
29 44
29 13
29 34
29 3
29 16
29 42
29 8
29 12
29 21
29 7
29 15
29 10
29 19
29 32
29 22
29 17
29 43
29 18
29 47
29 9
29 14
29 5
29 49
29 27
29 4
29 41
14
30 19
30 26
30 32
30 42
30 14
30 46
30 45
30 15
30 25
30 48
30 43
30 49
30 7
30 20
22
31 25
31 35
31 3
31 24
31 33
31 12
31 19
31 23
31 21
31 28
31 38
31 32
31 40
31 0
31 39
31 42
31 29
31 13
31 30
31 46
31 4
31 26
25
32 40
32 21
32 36
32 45
32 34
32 11
32 14
32 8
32 23
32 37
32 47
32 26
32 49
32 17
32 13
32 0
32 15
32 6
32 12
32 41
32 7
32 4
32 1
32 39
32 16
18
33 30
33 39
33 13
33 16
33 12
33 9
33 6
33 32
33 0
33 46
33 3
33 48
33 20
33 8
33 11
33 24
33 44
33 36
17
34 12
34 0
34 10
34 4
34 38
34 2
34 7
34 45
34 39
34 31
34 47
34 24
34 8
34 16
34 30
34 13
34 21
22
35 16
35 32
35 43
35 19
35 41
35 0
35 34
35 48
35 33
35 38
35 40
35 11
35 5
35 30
35 24
35 13
35 23
35 26
35 29
35 12
35 28
35 22
25
36 10
36 21
36 49
36 24
36 4
36 42
36 20
36 5
36 17
36 6
36 7
36 39
36 37
36 43
36 13
36 31
36 30
36 12
36 11
36 9
36 46
36 41
36 3
36 16
36 22
22
37 39
37 16
37 28
37 34
37 8
37 40
37 49
37 46
37 13
37 27
37 48
37 29
37 44
37 4
37 5
37 23
37 18
37 6
37 38
37 35
37 22
37 10
19
38 39
38 30
38 20
38 42
38 12
38 15
38 19
38 1
38 40
38 2
38 16
38 33
38 46
38 7
38 22
38 14
38 32
38 28
38 8
17
39 41
39 3
39 35
39 21
39 24
39 45
39 6
39 46
39 27
39 44
39 26
39 7
39 8
39 12
39 42
39 29
39 22
21
40 45
40 10
40 33
40 19
40 24
40 39
40 43
40 42
40 12
40 30
40 36
40 48
40 15
40 20
40 49
40 29
40 46
40 14
40 9
40 13
40 34
15
41 49
41 47
41 30
41 0
41 2
41 19
41 45
41 8
41 15
41 1
41 22
41 13
41 40
41 37
41 34
24
42 48
42 32
42 11
42 1
42 20
42 34
42 12
42 21
42 35
42 10
42 8
42 43
42 14
42 33
42 17
42 44
42 27
42 16
42 6
42 47
42 37
42 19
42 18
42 41
16
43 3
43 34
43 32
43 25
43 4
43 47
43 6
43 41
43 16
43 10
43 14
43 1
43 23
43 38
43 2
43 26
18
44 41
44 18
44 16
44 23
44 48
44 4
44 13
44 30
44 27
44 5
44 15
44 40
44 32
44 12
44 38
44 34
44 43
44 2
21
45 44
45 20
45 9
45 37
45 24
45 43
45 38
45 31
45 23
45 26
45 18
45 11
45 36
45 12
45 16
45 7
45 10
45 29
45 46
45 8
45 25
19
46 35
46 32
46 14
46 5
46 16
46 13
46 8
46 43
46 44
46 12
46 19
46 22
46 49
46 29
46 11
46 41
46 7
46 9
46 26
21
47 20
47 27
47 33
47 1
47 9
47 30
47 44
47 38
47 36
47 11
47 37
47 15
47 8
47 39
47 26
47 45
47 31
47 4
47 40
47 49
47 46
21
48 49
48 9
48 47
48 17
48 18
48 14
48 1
48 41
48 0
48 46
48 24
48 43
48 10
48 19
48 20
48 6
48 21
48 45
48 38
48 36
48 34
17
49 24
49 18
49 31
49 44
49 35
49 8
49 45
49 33
49 14
49 20
49 3
49 7
49 11
49 38
49 5
49 42
49 2
