50
0 "A22"
1 "A17"
2 "A18"
3 "A4"
4 "A5"
5 "A45"
6 "A35"
7 "A24"
8 "A46"
9 "A3"
10 "A29"
11 "A38"
12 "A16"
13 "A27"
14 "A9"
15 "A0"
16 "A23"
17 "A12"
18 "A21"
19 "A7"
20 "A28"
21 "A15"
22 "A20"
23 "A32"
24 "A11"
25 "A49"
26 "A10"
27 "A25"
28 "A31"
29 "A8"
30 "A43"
31 "A34"
32 "A1"
33 "A39"
34 "A47"
35 "A6"
36 "A41"
37 "A44"
38 "A42"
39 "A30"
40 "A40"
41 "A2"
42 "A37"
43 "A36"
44 "A48"
45 "A14"
46 "A33"
47 "A13"
48 "A19"
49 "A26"
22
0 12
0 47
0 3
0 7
0 10
0 22
0 9
0 8
0 5
0 31
0 49
0 27
0 45
0 28
0 46
0 15
0 26
0 13
0 38
0 1
0 44
0 43
21
1 36
1 8
1 21
1 10
1 25
1 47
1 40
1 11
1 38
1 26
1 27
1 13
1 14
1 37
1 6
1 18
1 22
1 32
1 46
1 20
1 43
16
2 17
2 7
2 18
2 3
2 33
2 24
2 40
2 20
2 28
2 25
2 22
2 45
2 41
2 5
2 38
2 1
18
3 16
3 14
3 21
3 13
3 4
3 11
3 39
3 33
3 23
3 9
3 36
3 30
3 27
3 44
3 45
3 17
3 7
3 18
21
4 21
4 36
4 10
4 44
4 24
4 30
4 17
4 41
4 23
4 7
4 0
4 19
4 34
4 1
4 14
4 2
4 16
4 39
4 37
4 6
4 32
15
5 16
5 26
5 44
5 6
5 3
5 34
5 21
5 11
5 43
5 27
5 9
5 32
5 23
5 42
5 17
26
6 25
6 28
6 18
6 26
6 7
6 13
6 46
6 43
6 16
6 38
6 49
6 42
6 36
6 0
6 29
6 21
6 40
6 30
6 31
6 9
6 10
6 15
6 12
6 2
6 8
6 19
16
7 9
7 13
7 47
7 1
7 18
7 28
7 27
7 14
7 39
7 22
7 8
7 15
7 33
7 5
7 40
7 25
21
8 43
8 23
8 3
8 13
8 4
8 20
8 29
8 46
8 27
8 19
8 12
8 31
8 15
8 38
8 25
8 40
8 5
8 16
8 2
8 10
8 30
20
9 16
9 33
9 10
9 21
9 38
9 45
9 36
9 32
9 11
9 15
9 25
9 44
9 42
9 24
9 22
9 17
9 13
9 39
9 37
9 4
22
10 13
10 22
10 11
10 23
10 27
10 37
10 30
10 41
10 25
10 29
10 26
10 21
10 14
10 34
10 35
10 12
10 39
10 40
10 47
10 2
10 43
10 44
23
11 33
11 41
11 29
11 42
11 8
11 6
11 4
11 2
11 43
11 17
11 25
11 36
11 45
11 21
11 26
11 39
11 31
11 47
11 24
11 0
11 7
11 48
11 15
20
12 13
12 25
12 14
12 37
12 19
12 28
12 9
12 11
12 16
12 24
12 49
12 22
12 4
12 35
12 1
12 40
12 34
12 39
12 3
12 44
14
13 31
13 20
13 30
13 34
13 29
13 25
13 22
13 27
13 16
13 2
13 39
13 11
13 14
13 43
16
14 31
14 28
14 8
14 9
14 46
14 11
14 40
14 47
14 5
14 34
14 0
14 41
14 37
14 27
14 16
14 6
16
15 30
15 19
15 36
15 35
15 45
15 44
15 17
15 33
15 16
15 5
15 18
15 49
15 13
15 12
15 10
15 1
19
16 45
16 35
16 19
16 25
16 10
16 30
16 48
16 39
16 46
16 1
16 27
16 11
16 41
16 23
16 2
16 40
16 0
16 21
16 37
17
17 14
17 36
17 35
17 0
17 16
17 29
17 30
17 13
17 10
17 18
17 40
17 44
17 26
17 49
17 39
17 1
17 7
17
18 36
18 31
18 47
18 16
18 33
18 35
18 48
18 25
18 9
18 8
18 14
18 49
18 11
18 26
18 27
18 4
18 23
19
19 46
19 9
19 1
19 40
19 30
19 5
19 45
19 10
19 11
19 2
19 3
19 14
19 0
19 17
19 24
19 38
19 25
19 21
19 7
24
20 4
20 41
20 28
20 35
20 33
20 7
20 47
20 16
20 29
20 26
20 17
20 10
20 12
20 43
20 0
20 14
20 38
20 9
20 36
20 5
20 18
20 19
20 3
20 11
20
21 23
21 13
21 24
21 14
21 46
21 17
21 7
21 26
21 20
21 30
21 18
21 40
21 37
21 42
21 27
21 44
21 12
21 45
21 34
21 2
22
22 38
22 36
22 26
22 27
22 44
22 16
22 8
22 18
22 20
22 41
22 15
22 6
22 3
22 23
22 49
22 11
22 47
22 5
22 14
22 31
22 4
22 21
26
23 13
23 38
23 48
23 6
23 26
23 19
23 24
23 36
23 2
23 14
23 35
23 25
23 11
23 44
23 17
23 28
23 31
23 1
23 15
23 41
23 49
23 34
23 20
23 0
23 7
23 9
18
24 29
24 46
24 39
24 44
24 6
24 7
24 15
24 48
24 3
24 20
24 28
24 10
24 31
24 49
24 41
24 18
24 33
24 5
12
25 3
25 36
25 31
25 41
25 17
25 14
25 0
25 28
25 15
25 39
25 21
25 22
18
26 36
26 7
26 27
26 41
26 25
26 3
26 15
26 8
26 13
26 38
26 4
26 9
26 29
26 37
26 44
26 12
26 48
26 2
16
27 38
27 49
27 40
27 29
27 6
27 46
27 23
27 24
27 43
27 28
27 42
27 48
27 17
27 4
27 32
27 47
17
28 8
28 19
28 40
28 21
28 32
28 16
28 1
28 3
28 38
28 26
28 43
28 45
28 48
28 44
28 5
28 18
28 11
26
29 14
29 1
29 12
29 15
29 25
29 32
29 28
29 44
29 39
29 22
29 46
29 9
29 31
29 40
29 16
29 19
29 2
29 48
29 23
29 41
29 3
29 4
29 5
29 38
29 0
29 36
22
30 18
30 42
30 5
30 27
30 12
30 23
30 37
30 9
30 1
30 31
30 25
30 47
30 24
30 26
30 11
30 28
30 7
30 2
30 14
30 48
30 49
30 0
16
31 34
31 46
31 1
31 39
31 2
31 48
31 3
31 37
31 9
31 7
31 32
31 42
31 26
31 16
31 5
31 21
19
32 19
32 21
32 7
32 34
32 18
32 15
32 10
32 14
32 8
32 30
32 48
32 17
32 40
32 16
32 25
32 24
32 6
32 13
32 22
20
33 43
33 17
33 49
33 36
33 22
33 14
33 30
33 19
33 40
33 21
33 13
33 12
33 23
33 25
33 27
33 6
33 28
33 8
33 0
33 32
15
34 33
34 28
34 25
34 11
34 1
34 30
34 26
34 39
34 35
34 8
34 9
34 48
34 44
34 27
34 37
21
35 21
35 31
35 45
35 33
35 44
35 39
35 1
35 46
35 2
35 28
35 3
35 29
35 32
35 30
35 27
35 5
35 40
35 22
35 47
35 8
35 7
21
36 27
36 12
36 47
36 38
36 49
36 16
36 35
36 8
36 31
36 13
36 2
36 32
36 14
36 43
36 19
36 30
36 45
36 5
36 24
36 28
36 40
21
37 25
37 2
37 24
37 47
37 39
37 13
37 19
37 42
37 15
37 22
37 6
37 7
37 32
37 20
37 18
37 35
37 0
37 33
37 8
37 36
37 17
21
38 45
38 33
38 10
38 40
38 25
38 37
38 41
38 43
38 35
38 16
38 4
38 42
38 34
38 32
38 24
38 49
38 14
38 13
38 31
38 7
38 21
20
39 8
39 27
39 49
39 2
39 0
39 26
39 14
39 32
39 43
39 30
39 1
39 20
39 45
39 21
39 44
39 5
39 41
39 18
39 36
39 38
14
40 3
40 39
40 30
40 26
40 25
40 4
40 11
40 22
40 5
40 0
40 49
40 45
40 37
40 31
20
41 47
41 36
41 43
41 37
41 3
41 34
41 15
41 5
41 7
41 30
41 8
41 35
41 6
41 42
41 0
41 9
41 28
41 27
41 21
41 1
26
42 20
42 40
42 33
42 26
42 17
42 28
42 7
42 10
42 25
42 32
42 15
42 19
42 12
42 34
42 36
42 23
42 4
42 8
42 44
42 0
42 49
42 35
42 22
42 39
42 18
42 29
21
43 18
43 3
43 17
43 15
43 35
43 48
43 9
43 31
43 21
43 24
43 25
43 45
43 7
43 32
43 23
43 19
43 49
43 12
43 14
43 40
43 22
22
44 47
44 37
44 32
44 16
44 1
44 43
44 38
44 45
44 11
44 6
44 49
44 30
44 36
44 40
44 41
44 33
44 7
44 31
44 18
44 19
44 14
44 13
23
45 1
45 46
45 6
45 18
45 8
45 41
45 42
45 24
45 17
45 12
45 5
45 23
45 48
45 31
45 26
45 7
45 32
45 27
45 47
45 10
45 4
45 34
45 37
18
46 23
46 12
46 43
46 36
46 4
46 30
46 32
46 34
46 33
46 20
46 15
46 26
46 28
46 9
46 49
46 5
46 42
46 38
19
47 42
47 4
47 8
47 28
47 46
47 34
47 48
47 9
47 43
47 16
47 33
47 21
47 49
47 25
47 6
47 40
47 39
47 13
47 26
22
48 6
48 42
48 9
48 1
48 33
48 22
48 20
48 13
48 15
48 4
48 38
48 36
48 5
48 7
48 12
48 14
48 19
48 8
48 40
48 3
48 49
48 41
21
49 11
49 3
49 20
49 34
49 26
49 32
49 14
49 1
49 16
49 5
49 4
49 35
49 28
49 7
49 45
49 37
49 10
49 13
49 2
49 29
49 19
