50
0 "A22"
1 "A17"
2 "A18"
3 "A4"
4 "A5"
5 "A45"
6 "A35"
7 "A24"
8 "A46"
9 "A3"
10 "A29"
11 "A38"
12 "A16"
13 "A27"
14 "A9"
15 "A0"
16 "A23"
17 "A12"
18 "A21"
19 "A7"
20 "A28"
21 "A15"
22 "A20"
23 "A32"
24 "A11"
25 "A49"
26 "A10"
27 "A25"
28 "A31"
29 "A8"
30 "A43"
31 "A34"
32 "A1"
33 "A39"
34 "A47"
35 "A6"
36 "A41"
37 "A44"
38 "A42"
39 "A30"
40 "A40"
41 "A2"
42 "A37"
43 "A36"
44 "A48"
45 "A14"
46 "A33"
47 "A13"
48 "A19"
49 "A26"
20
0 38
0 25
0 11
0 33
0 43
0 3
0 28
0 15
0 31
0 6
0 23
0 39
0 1
0 14
0 16
0 13
0 27
0 21
0 35
0 46
15
1 32
1 41
1 27
1 5
1 25
1 7
1 37
1 16
1 35
1 45
1 46
1 12
1 9
1 17
1 18
19
2 21
2 11
2 35
2 23
2 25
2 37
2 0
2 26
2 36
2 48
2 49
2 29
2 18
2 16
2 14
2 9
2 8
2 7
2 17
19
3 9
3 23
3 19
3 31
3 41
3 36
3 42
3 18
3 33
3 6
3 35
3 26
3 45
3 46
3 37
3 11
3 14
3 1
3 12
22
4 38
4 42
4 26
4 5
4 13
4 2
4 35
4 11
4 24
4 46
4 0
4 41
4 8
4 16
4 22
4 31
4 44
4 34
4 25
4 28
4 18
4 33
23
5 29
5 33
5 48
5 2
5 49
5 32
5 0
5 23
5 35
5 39
5 16
5 7
5 15
5 45
5 26
5 12
5 25
5 28
5 46
5 9
5 40
5 30
5 11
22
6 16
6 19
6 37
6 13
6 33
6 43
6 21
6 38
6 12
6 36
6 31
6 7
6 28
6 2
6 41
6 25
6 20
6 10
6 45
6 18
6 48
6 17
17
7 15
7 25
7 30
7 49
7 36
7 21
7 11
7 33
7 37
7 10
7 46
7 43
7 31
7 34
7 12
7 0
7 40
19
8 46
8 15
8 17
8 23
8 26
8 3
8 5
8 27
8 33
8 24
8 40
8 34
8 35
8 41
8 28
8 25
8 12
8 37
8 22
18
9 7
9 6
9 44
9 48
9 41
9 10
9 42
9 47
9 18
9 35
9 13
9 31
9 14
9 8
9 11
9 28
9 36
9 43
21
10 36
10 35
10 43
10 19
10 34
10 12
10 1
10 8
10 37
10 16
10 4
10 21
10 2
10 46
10 31
10 11
10 24
10 14
10 30
10 42
10 3
16
11 17
11 16
11 45
11 33
11 6
11 27
11 35
11 43
11 41
11 29
11 12
11 21
11 42
11 8
11 32
11 15
18
12 35
12 20
12 2
12 9
12 25
12 22
12 42
12 38
12 48
12 29
12 44
12 34
12 37
12 27
12 49
12 21
12 4
12 13
20
13 7
13 31
13 25
13 3
13 8
13 30
13 38
13 11
13 32
13 39
13 36
13 1
13 29
13 42
13 20
13 43
13 37
13 10
13 21
13 28
19
14 8
14 13
14 37
14 6
14 23
14 38
14 21
14 5
14 12
14 1
14 39
14 35
14 24
14 34
14 19
14 44
14 48
14 16
14 36
21
15 26
15 18
15 24
15 12
15 36
15 29
15 45
15 41
15 14
15 4
15 1
15 42
15 22
15 27
15 25
15 17
15 10
15 34
15 31
15 16
15 38
15
16 48
16 8
16 9
16 36
16 49
16 27
16 12
16 25
16 29
16 13
16 17
16 33
16 21
16 46
16 24
17
17 42
17 3
17 12
17 7
17 49
17 9
17 10
17 26
17 24
17 46
17 41
17 14
17 22
17 5
17 37
17 0
17 31
13
18 48
18 42
18 7
18 13
18 19
18 37
18 33
18 38
18 35
18 12
18 8
18 46
18 47
19
19 23
19 44
19 8
19 12
19 41
19 0
19 2
19 17
19 9
19 13
19 1
19 28
19 4
19 37
19 32
19 16
19 15
19 7
19 48
20
20 9
20 8
20 47
20 0
20 11
20 5
20 21
20 41
20 35
20 37
20 26
20 3
20 27
20 15
20 2
20 17
20 49
20 18
20 19
20 38
19
21 18
21 17
21 4
21 35
21 27
21 34
21 33
21 29
21 24
21 9
21 42
21 8
21 45
21 15
21 40
21 19
21 39
21 1
21 46
21
22 0
22 16
22 41
22 32
22 34
22 24
22 35
22 42
22 30
22 25
22 7
22 10
22 18
22 6
22 14
22 9
22 2
22 31
22 3
22 11
22 19
30
23 48
23 16
23 44
23 25
23 27
23 20
23 22
23 28
23 9
23 4
23 6
23 21
23 33
23 34
23 39
23 43
23 37
23 1
23 24
23 45
23 10
23 11
23 38
23 13
23 36
23 47
23 15
23 42
23 46
23 7
21
24 18
24 7
24 48
24 41
24 45
24 31
24 5
24 49
24 0
24 36
24 34
24 11
24 40
24 1
24 47
24 13
24 9
24 2
24 19
24 46
24 29
18
25 27
25 11
25 34
25 26
25 24
25 14
25 37
25 21
25 43
25 31
25 48
25 18
25 17
25 46
25 38
25 35
25 10
25 9
20
26 36
26 44
26 39
26 6
26 12
26 47
26 16
26 13
26 7
26 21
26 22
26 14
26 35
26 24
26 19
26 10
26 0
26 31
26 43
26 23
21
27 30
27 49
27 18
27 2
27 13
27 6
27 33
27 14
27 32
27 48
27 47
27 9
27 22
27 40
27 3
27 41
27 4
27 28
27 26
27 7
27 31
25
28 35
28 10
28 20
28 26
28 47
28 38
28 40
28 30
28 48
28 14
28 21
28 24
28 45
28 29
28 17
28 7
28 25
28 3
28 2
28 11
28 22
28 49
28 34
28 15
28 12
22
29 45
29 32
29 31
29 19
29 48
29 39
29 18
29 40
29 3
29 34
29 35
29 7
29 10
29 8
29 1
29 25
29 17
29 38
29 27
29 23
29 20
29 4
24
30 6
30 16
30 33
30 17
30 26
30 23
30 24
30 19
30 21
30 43
30 12
30 48
30 37
30 11
30 4
30 9
30 14
30 8
30 31
30 20
30 29
30 25
30 35
30 1
20
31 38
31 44
31 37
31 16
31 20
31 47
31 49
31 40
31 21
31 11
31 8
31 33
31 2
31 45
31 14
31 23
31 34
31 18
31 19
31 1
23
32 15
32 47
32 0
32 17
32 23
32 36
32 28
32 37
32 25
32 46
32 26
32 41
32 31
32 24
32 3
32 4
32 8
32 12
32 16
32 14
32 10
32 40
32 45
18
33 2
33 19
33 44
33 12
33 41
33 49
33 40
33 25
33 24
33 28
33 45
33 1
33 32
33 20
33 9
33 17
33 29
33 13
15
34 40
34 6
34 43
34 30
34 18
34 48
34 20
34 39
34 46
34 1
34 9
34 2
34 44
34 17
34 32
19
35 16
35 42
35 46
35 32
35 45
35 24
35 15
35 43
35 39
35 19
35 6
35 13
35 34
35 17
35 47
35 23
35 27
35 33
35 7
23
36 44
36 5
36 18
36 43
36 17
36 4
36 39
36 28
36 37
36 12
36 45
36 29
36 1
36 46
36 31
36 8
36 25
36 20
36 40
36 30
36 35
36 49
36 34
8
37 41
37 9
37 28
37 33
37 43
37 44
37 39
37 0
20
38 22
38 30
38 19
38 26
38 3
38 17
38 47
38 34
38 40
38 11
38 32
38 42
38 9
38 27
38 33
38 5
38 21
38 1
38 44
38 8
24
39 44
39 16
39 20
39 33
39 46
39 4
39 18
39 47
39 15
39 11
39 22
39 9
39 10
39 24
39 40
39 8
39 12
39 7
39 28
39 30
39 43
39 17
39 25
39 31
17
40 16
40 25
40 9
40 35
40 42
40 2
40 30
40 18
40 23
40 14
40 1
40 22
40 19
40 3
40 17
40 37
40 11
14
41 48
41 18
41 2
41 28
41 7
41 14
41 16
41 31
41 34
41 38
41 30
41 35
41 23
41 12
16
42 33
42 27
42 24
42 8
42 32
42 41
42 30
42 36
42 45
42 7
42 46
42 5
42 26
42 28
42 29
42 25
22
43 42
43 32
43 1
43 27
43 8
43 31
43 47
43 22
43 33
43 38
43 19
43 45
43 15
43 20
43 21
43 17
43 14
43 18
43 3
43 2
43 48
43 4
25
44 24
44 18
44 3
44 28
44 27
44 49
44 0
44 20
44 6
44 22
44 41
44 13
44 17
44 40
44 1
44 11
44 15
44 45
44 42
44 43
44 48
44 5
44 16
44 30
44 10
20
45 20
45 14
45 39
45 0
45 19
45 41
45 12
45 10
45 7
45 8
45 37
45 40
45 16
45 9
45 22
45 30
45 25
45 34
45 13
45 38
18
46 43
46 26
46 12
46 40
46 47
46 30
46 27
46 29
46 11
46 15
46 33
46 2
46 28
46 9
46 14
46 41
46 20
46 44
22
47 19
47 25
47 22
47 4
47 49
47 48
47 5
47 1
47 41
47 13
47 42
47 21
47 34
47 10
47 12
47 6
47 17
47 7
47 14
47 11
47 40
47 2
17
48 39
48 21
48 1
48 26
48 38
48 15
48 10
48 17
48 20
48 40
48 3
48 37
48 22
48 33
48 0
48 42
48 13
25
49 30
49 48
49 18
49 3
49 9
49 19
49 10
49 39
49 46
49 40
49 8
49 43
49 0
49 23
49 26
49 14
49 32
49 4
49 13
49 21
49 38
49 1
49 22
49 37
49 25
