50
0 "A22"
1 "A17"
2 "A18"
3 "A4"
4 "A5"
5 "A45"
6 "A35"
7 "A24"
8 "A46"
9 "A3"
10 "A29"
11 "A38"
12 "A16"
13 "A27"
14 "A9"
15 "A0"
16 "A23"
17 "A12"
18 "A21"
19 "A7"
20 "A28"
21 "A15"
22 "A20"
23 "A32"
24 "A11"
25 "A49"
26 "A10"
27 "A25"
28 "A31"
29 "A8"
30 "A43"
31 "A34"
32 "A1"
33 "A39"
34 "A47"
35 "A6"
36 "A41"
37 "A44"
38 "A42"
39 "A30"
40 "A40"
41 "A2"
42 "A37"
43 "A36"
44 "A48"
45 "A14"
46 "A33"
47 "A13"
48 "A19"
49 "A26"
23
0 14
0 38
0 25
0 11
0 15
0 21
0 3
0 5
0 36
0 47
0 7
0 9
0 6
0 28
0 12
0 46
0 27
0 34
0 23
0 39
0 40
0 13
0 35
15
1 18
1 7
1 41
1 22
1 19
1 25
1 16
1 5
1 35
1 20
1 12
1 23
1 9
1 32
1 17
22
2 17
2 49
2 11
2 0
2 23
2 25
2 43
2 42
2 37
2 29
2 1
2 36
2 8
2 16
2 48
2 7
2 32
2 26
2 47
2 9
2 14
2 18
19
3 26
3 19
3 33
3 36
3 37
3 42
3 35
3 32
3 45
3 46
3 1
3 4
3 24
3 16
3 12
3 9
3 2
3 39
3 20
24
4 26
4 41
4 13
4 2
4 35
4 11
4 24
4 0
4 16
4 5
4 1
4 31
4 44
4 34
4 46
4 25
4 18
4 22
4 38
4 8
4 20
4 28
4 17
4 37
20
5 30
5 7
5 39
5 16
5 28
5 36
5 40
5 33
5 11
5 31
5 29
5 9
5 48
5 10
5 2
5 45
5 49
5 15
5 46
5 22
21
6 37
6 10
6 33
6 17
6 35
6 4
6 36
6 1
6 49
6 9
6 21
6 3
6 12
6 48
6 41
6 2
6 38
6 25
6 20
6 18
6 15
17
7 15
7 36
7 30
7 21
7 49
7 46
7 10
7 11
7 14
7 4
7 3
7 33
7 25
7 34
7 24
7 40
7 12
16
8 15
8 17
8 23
8 40
8 34
8 5
8 27
8 28
8 41
8 24
8 37
8 48
8 25
8 22
8 46
8 0
18
9 7
9 35
9 44
9 13
9 41
9 10
9 26
9 42
9 36
9 47
9 31
9 28
9 37
9 4
9 11
9 43
9 29
9 48
18
10 37
10 21
10 43
10 19
10 40
10 1
10 12
10 24
10 8
10 46
10 42
10 0
10 27
10 16
10 30
10 11
10 48
10 3
13
11 45
11 32
11 43
11 27
11 35
11 3
11 41
11 21
11 42
11 8
11 15
11 16
11 6
21
12 35
12 13
12 4
12 8
12 33
12 9
12 11
12 34
12 22
12 15
12 41
12 38
12 16
12 43
12 21
12 5
12 48
12 29
12 44
12 31
12 27
23
13 10
13 28
13 43
13 21
13 25
13 3
13 8
13 30
13 38
13 11
13 31
13 35
13 15
13 36
13 6
13 1
13 29
13 22
13 42
13 20
13 39
13 14
13 32
19
14 35
14 8
14 6
14 16
14 34
14 37
14 9
14 21
14 48
14 36
14 5
14 44
14 4
14 46
14 1
14 12
14 42
14 39
14 24
16
15 29
15 30
15 45
15 22
15 34
15 16
15 41
15 17
15 14
15 26
15 18
15 10
15 19
15 31
15 2
15 1
16
16 46
16 25
16 7
16 49
16 48
16 8
16 36
16 6
16 9
16 17
16 42
16 29
16 33
16 37
16 47
16 21
17
17 37
17 0
17 42
17 3
17 7
17 49
17 9
17 18
17 45
17 23
17 11
17 14
17 26
17 5
17 12
17 41
17 22
11
18 7
18 16
18 35
18 19
18 23
18 30
18 43
18 8
18 47
18 12
18 38
16
19 7
19 23
19 8
19 13
19 28
19 48
19 21
19 46
19 44
19 2
19 6
19 36
19 17
19 4
19 41
19 32
19
20 47
20 0
20 11
20 5
20 2
20 24
20 38
20 15
20 41
20 17
20 49
20 14
20 18
20 9
20 35
20 8
20 19
20 16
20 42
19
21 39
21 1
21 18
21 29
21 40
21 9
21 42
21 34
21 35
21 33
21 5
21 24
21 8
21 44
21 45
21 3
21 22
21 46
21 36
22
22 24
22 35
22 10
22 30
22 18
22 14
22 9
22 36
22 39
22 2
22 38
22 6
22 37
22 11
22 7
22 19
22 31
22 41
22 0
22 32
22 34
22 33
23
23 11
23 43
23 25
23 27
23 20
23 22
23 28
23 9
23 45
23 6
23 34
23 39
23 5
23 21
23 48
23 10
23 7
23 40
23 46
23 47
23 13
23 37
23 15
20
24 19
24 47
24 41
24 29
24 23
24 5
24 45
24 11
24 15
24 1
24 25
24 13
24 12
24 31
24 9
24 43
24 2
24 46
24 40
24 18
18
25 35
25 11
25 34
25 10
25 26
25 43
25 37
25 5
25 21
25 31
25 48
25 18
25 20
25 42
25 17
25 14
25 27
25 38
23
26 44
26 39
26 6
26 12
26 47
26 16
26 13
26 7
26 45
26 21
26 1
26 35
26 20
26 24
26 10
26 33
26 0
26 5
26 23
26 38
26 22
26 14
26 31
20
27 7
27 49
27 18
27 40
27 13
27 6
27 33
27 3
27 2
27 32
27 9
27 47
27 28
27 22
27 31
27 41
27 45
27 29
27 17
27 26
23
28 10
28 20
28 3
28 47
28 17
28 7
28 30
28 48
28 14
28 34
28 24
28 45
28 29
28 11
28 25
28 38
28 22
28 26
28 15
28 21
28 1
28 12
28 35
24
29 1
29 38
29 45
29 4
29 18
29 10
29 39
29 14
29 31
29 34
29 49
29 33
29 20
29 22
29 6
29 30
29 44
29 35
29 41
29 0
29 8
29 32
29 3
29 43
20
30 33
30 8
30 26
30 23
30 24
30 19
30 21
30 9
30 12
30 4
30 11
30 14
30 1
30 27
30 43
30 25
30 47
30 6
30 16
30 0
21
31 23
31 34
31 19
31 1
31 38
31 44
31 37
31 16
31 20
31 28
31 47
31 45
31 2
31 3
31 21
31 40
31 8
31 18
31 7
31 11
31 14
20
32 47
32 0
32 14
32 23
32 36
32 28
32 37
32 25
32 44
32 16
32 12
32 31
32 24
32 49
32 4
32 40
32 46
32 18
32 26
32 15
18
33 28
33 2
33 19
33 40
33 13
33 49
33 41
33 24
33 45
33 32
33 18
33 15
33 25
33 4
33 23
33 20
33 9
33 17
20
34 44
34 17
34 32
34 40
34 6
34 1
34 30
34 18
34 9
34 20
34 3
34 42
34 39
34 5
34 27
34 24
34 2
34 43
34 13
34 49
15
35 30
35 42
35 33
35 34
35 8
35 49
35 44
35 39
35 31
35 47
35 19
35 27
35 17
35 2
35 10
26
36 34
36 44
36 31
36 18
36 43
36 29
36 4
36 39
36 28
36 12
36 47
36 1
36 46
36 8
36 33
36 17
36 20
36 10
36 26
36 35
36 27
36 23
36 25
36 38
36 48
36 49
16
37 33
37 43
37 27
37 44
37 11
37 39
37 0
37 41
37 28
37 42
37 30
37 19
37 13
37 26
37 12
37 1
19
38 1
38 32
38 5
38 11
38 19
38 14
38 3
38 27
38 16
38 30
38 37
38 17
38 47
38 10
38 9
38 40
38 24
38 33
38 39
23
39 18
39 40
39 15
39 25
39 28
39 9
39 7
39 24
39 12
39 30
39 19
39 31
39 44
39 6
39 17
39 11
39 16
39 27
39 20
39 2
39 33
39 8
39 4
19
40 37
40 11
40 16
40 17
40 9
40 35
40 15
40 12
40 42
40 25
40 2
40 18
40 49
40 22
40 3
40 26
40 14
40 43
40 19
14
41 48
41 31
41 2
41 28
41 39
41 43
41 26
41 14
41 35
41 38
41 7
41 23
41 13
41 25
17
42 33
42 27
42 24
42 8
42 22
42 32
42 41
42 26
42 28
42 30
42 7
42 49
42 45
42 5
42 29
42 12
42 46
21
43 42
43 32
43 14
43 22
43 8
43 31
43 47
43 19
43 39
43 27
43 15
43 1
43 17
43 21
43 0
43 5
43 45
43 33
43 48
43 20
43 4
29
44 3
44 28
44 27
44 49
44 0
44 20
44 6
44 22
44 41
44 48
44 17
44 23
44 40
44 30
44 45
44 42
44 15
44 43
44 8
44 10
44 16
44 1
44 5
44 7
44 25
44 18
44 24
44 13
44 33
19
45 34
45 13
45 25
45 14
45 39
45 38
45 19
45 41
45 16
45 10
45 7
45 8
45 32
45 9
45 4
45 12
45 30
45 6
45 22
21
46 28
46 9
46 41
46 44
46 40
46 26
46 12
46 22
46 17
46 47
46 30
46 37
46 27
46 11
46 15
46 20
46 35
46 18
46 2
46 25
46 39
21
47 49
47 48
47 5
47 12
47 7
47 13
47 11
47 21
47 34
47 17
47 40
47 8
47 42
47 10
47 15
47 44
47 25
47 22
47 19
47 4
47 33
22
48 22
48 33
48 0
48 39
48 21
48 42
48 26
48 38
48 4
48 32
48 24
48 15
48 40
48 37
48 30
48 35
48 46
48 17
48 7
48 20
48 13
48 3
23
49 3
49 9
49 1
49 10
49 8
49 46
49 24
49 14
49 23
49 43
49 21
49 26
49 41
49 15
49 11
49 22
49 30
49 48
49 39
49 28
49 13
49 19
49 25
