50
0 "A22"
1 "A17"
2 "A18"
3 "A4"
4 "A5"
5 "A45"
6 "A35"
7 "A24"
8 "A46"
9 "A3"
10 "A29"
11 "A38"
12 "A16"
13 "A27"
14 "A9"
15 "A0"
16 "A23"
17 "A12"
18 "A21"
19 "A7"
20 "A28"
21 "A15"
22 "A20"
23 "A32"
24 "A11"
25 "A49"
26 "A10"
27 "A25"
28 "A31"
29 "A8"
30 "A43"
31 "A34"
32 "A1"
33 "A39"
34 "A47"
35 "A6"
36 "A41"
37 "A44"
38 "A42"
39 "A30"
40 "A40"
41 "A2"
42 "A37"
43 "A36"
44 "A48"
45 "A14"
46 "A33"
47 "A13"
48 "A19"
49 "A26"
19
0 2
0 17
0 43
0 34
0 30
0 39
0 14
0 9
0 19
0 40
0 16
0 4
0 12
0 38
0 26
0 46
0 23
0 35
0 18
23
1 0
1 32
1 23
1 4
1 24
1 5
1 36
1 33
1 49
1 10
1 47
1 15
1 20
1 19
1 41
1 11
1 7
1 35
1 18
1 31
1 43
1 9
1 13
21
2 17
2 3
2 14
2 42
2 29
2 16
2 19
2 18
2 25
2 47
2 37
2 28
2 13
2 33
2 9
2 34
2 26
2 7
2 45
2 5
2 48
21
3 39
3 32
3 9
3 7
3 31
3 0
3 13
3 41
3 40
3 43
3 23
3 46
3 5
3 15
3 44
3 48
3 1
3 6
3 8
3 20
3 25
18
4 39
4 27
4 31
4 49
4 3
4 2
4 12
4 11
4 13
4 33
4 47
4 21
4 28
4 42
4 22
4 26
4 40
4 5
19
5 26
5 0
5 34
5 42
5 10
5 48
5 35
5 15
5 6
5 23
5 38
5 47
5 43
5 12
5 24
5 49
5 14
5 36
5 29
21
6 41
6 0
6 21
6 48
6 8
6 12
6 18
6 32
6 24
6 1
6 43
6 10
6 13
6 30
6 4
6 2
6 17
6 33
6 20
6 9
6 15
19
7 46
7 10
7 5
7 4
7 25
7 15
7 37
7 18
7 28
7 33
7 17
7 24
7 44
7 12
7 35
7 6
7 48
7 0
7 40
27
8 11
8 37
8 7
8 36
8 34
8 25
8 13
8 48
8 33
8 42
8 21
8 1
8 9
8 30
8 14
8 5
8 17
8 31
8 4
8 0
8 43
8 28
8 44
8 23
8 16
8 35
8 32
27
9 16
9 48
9 27
9 17
9 23
9 11
9 14
9 5
9 7
9 33
9 18
9 34
9 30
9 26
9 25
9 47
9 28
9 42
9 45
9 31
9 4
9 21
9 29
9 40
9 37
9 49
9 46
20
10 22
10 38
10 21
10 13
10 42
10 17
10 11
10 26
10 48
10 28
10 9
10 20
10 15
10 19
10 49
10 33
10 30
10 32
10 18
10 39
24
11 31
11 20
11 45
11 32
11 2
11 41
11 47
11 3
11 22
11 36
11 44
11 37
11 17
11 0
11 33
11 48
11 12
11 5
11 6
11 13
11 14
11 15
11 19
11 27
19
12 17
12 46
12 48
12 16
12 9
12 30
12 44
12 8
12 47
12 45
12 25
12 10
12 41
12 19
12 29
12 39
12 43
12 15
12 2
10
13 35
13 5
13 34
13 38
13 12
13 44
13 36
13 20
13 48
13 47
16
14 13
14 23
14 4
14 45
14 37
14 36
14 1
14 48
14 6
14 21
14 44
14 33
14 35
14 42
14 3
14 18
20
15 2
15 22
15 39
15 26
15 34
15 8
15 9
15 16
15 14
15 25
15 31
15 35
15 28
15 13
15 37
15 32
15 24
15 40
15 29
15 47
21
16 27
16 6
16 14
16 30
16 26
16 25
16 36
16 28
16 46
16 40
16 38
16 23
16 47
16 41
16 37
16 1
16 42
16 35
16 18
16 7
16 45
16
17 29
17 32
17 47
17 30
17 44
17 49
17 5
17 3
17 15
17 42
17 1
17 14
17 16
17 36
17 48
17 20
22
18 33
18 45
18 12
18 47
18 39
18 32
18 4
18 48
18 36
18 30
18 42
18 43
18 22
18 21
18 5
18 46
18 13
18 24
18 17
18 20
18 3
18 49
23
19 16
19 30
19 26
19 18
19 34
19 14
19 7
19 32
19 15
19 5
19 8
19 27
19 13
19 23
19 40
19 47
19 9
19 3
19 46
19 25
19 37
19 6
19 21
22
20 38
20 9
20 2
20 24
20 30
20 19
20 22
20 28
20 42
20 0
20 15
20 41
20 48
20 45
20 33
20 8
20 31
20 21
20 44
20 4
20 25
20 14
12
21 25
21 26
21 3
21 0
21 5
21 38
21 1
21 11
21 2
21 35
21 32
21 47
18
22 27
22 21
22 26
22 45
22 38
22 35
22 14
22 13
22 29
22 32
22 47
22 33
22 0
22 2
22 24
22 44
22 8
22 16
20
23 48
23 21
23 44
23 2
23 29
23 39
23 28
23 33
23 4
23 15
23 6
23 37
23 7
23 25
23 46
23 32
23 49
23 27
23 17
23 12
20
24 39
24 37
24 17
24 44
24 38
24 23
24 11
24 19
24 2
24 8
24 30
24 4
24 43
24 40
24 0
24 48
24 33
24 13
24 31
24 14
21
25 33
25 18
25 38
25 49
25 39
25 36
25 14
25 11
25 35
25 13
25 30
25 5
25 6
25 28
25 32
25 10
25 24
25 1
25 29
25 43
25 17
19
26 29
26 24
26 25
26 33
26 43
26 35
26 18
26 11
26 42
26 28
26 47
26 20
26 14
26 39
26 34
26 32
26 1
26 7
26 8
18
27 0
27 13
27 36
27 10
27 6
27 31
27 26
27 3
27 42
27 5
27 44
27 39
27 14
27 38
27 12
27 48
27 17
27 2
21
28 45
28 12
28 21
28 14
28 33
28 17
28 36
28 32
28 27
28 0
28 6
28 44
28 18
28 5
28 22
28 40
28 38
28 34
28 11
28 19
28 43
9
29 19
29 32
29 38
29 21
29 40
29 46
29 45
29 1
29 20
19
30 43
30 36
30 15
30 28
30 26
30 38
30 4
30 22
30 13
30 27
30 14
30 29
30 35
30 45
30 21
30 3
30 32
30 11
30 7
19
31 25
31 13
31 40
31 21
31 23
31 2
31 7
31 39
31 19
31 45
31 41
31 47
31 30
31 5
31 43
31 12
31 46
31 28
31 26
17
32 44
32 37
32 35
32 27
32 24
32 7
32 33
32 4
32 20
32 12
32 2
32 36
32 41
32 16
32 42
32 31
32 0
20
33 15
33 21
33 44
33 42
33 40
33 5
33 35
33 36
33 17
33 43
33 12
33 31
33 39
33 19
33 49
33 41
33 34
33 29
33 27
33 30
28
34 31
34 38
34 42
34 10
34 27
34 44
34 11
34 1
34 17
34 47
34 21
34 22
34 18
34 45
34 46
34 6
34 37
34 30
34 14
34 41
34 43
34 36
34 7
34 20
34 25
34 32
34 29
34 23
15
35 47
35 18
35 23
35 31
35 2
35 27
35 28
35 42
35 6
35 11
35 12
35 29
35 34
35 39
35 9
16
36 40
36 4
36 35
36 0
36 31
36 12
36 43
36 37
36 46
36 9
36 15
36 49
36 6
36 19
36 48
36 29
20
37 5
37 20
37 27
37 6
37 12
37 28
37 40
37 13
37 18
37 3
37 41
37 45
37 22
37 29
37 35
37 33
37 1
37 25
37 26
37 21
20
38 37
38 26
38 39
38 48
38 8
38 6
38 7
38 4
38 1
38 23
38 3
38 45
38 19
38 15
38 33
38 2
38 11
38 42
38 9
38 36
22
39 36
39 21
39 20
39 7
39 11
39 6
39 37
39 43
39 45
39 29
39 22
39 32
39 8
39 5
39 19
39 46
39 40
39 30
39 9
39 28
39 2
39 13
19
40 13
40 43
40 44
40 5
40 34
40 25
40 49
40 20
40 11
40 35
40 12
40 2
40 26
40 18
40 21
40 47
40 1
40 30
40 10
21
41 24
41 0
41 5
41 27
41 19
41 18
41 26
41 28
41 35
41 9
41 25
41 21
41 2
41 38
41 29
41 13
41 15
41 14
41 4
41 8
41 22
19
42 19
42 15
42 29
42 21
42 3
42 0
42 36
42 22
42 11
42 45
42 12
42 40
42 6
42 31
42 37
42 23
42 28
42 47
42 7
15
43 23
43 14
43 20
43 15
43 35
43 13
43 32
43 46
43 27
43 7
43 19
43 4
43 38
43 21
43 9
13
44 19
44 45
44 9
44 39
44 43
44 16
44 25
44 42
44 2
44 10
44 41
44 15
44 0
19
45 0
45 25
45 32
45 33
45 27
45 43
45 23
45 46
45 1
45 6
45 41
45 24
45 21
45 10
45 8
45 15
45 47
45 40
45 4
27
46 30
46 11
46 37
46 15
46 13
46 6
46 26
46 24
46 1
46 17
46 22
46 10
46 40
46 8
46 41
46 38
46 21
46 20
46 2
46 25
46 5
46 14
46 32
46 48
46 44
46 4
46 33
21
47 37
47 30
47 0
47 10
47 6
47 7
47 29
47 8
47 24
47 48
47 41
47 39
47 36
47 33
47 46
47 25
47 14
47 32
47 3
47 23
47 43
17
48 32
48 21
48 44
48 28
48 16
48 45
48 0
48 33
48 35
48 1
48 30
48 15
48 26
48 4
48 29
48 39
48 31
27
49 34
49 21
49 20
49 29
49 38
49 43
49 14
49 3
49 24
49 0
49 45
49 41
49 15
49 6
49 30
49 13
49 12
49 28
49 39
49 11
49 37
49 26
49 32
49 2
49 8
49 16
49 19
