50
0 "A22"
1 "A17"
2 "A18"
3 "A4"
4 "A5"
5 "A45"
6 "A35"
7 "A24"
8 "A46"
9 "A3"
10 "A29"
11 "A38"
12 "A16"
13 "A27"
14 "A9"
15 "A0"
16 "A23"
17 "A12"
18 "A21"
19 "A7"
20 "A28"
21 "A15"
22 "A20"
23 "A32"
24 "A11"
25 "A49"
26 "A10"
27 "A25"
28 "A31"
29 "A8"
30 "A43"
31 "A34"
32 "A1"
33 "A39"
34 "A47"
35 "A6"
36 "A41"
37 "A44"
38 "A42"
39 "A30"
40 "A40"
41 "A2"
42 "A37"
43 "A36"
44 "A48"
45 "A14"
46 "A33"
47 "A13"
48 "A19"
49 "A26"
16
0 26
0 29
0 47
0 28
0 38
0 5
0 46
0 12
0 20
0 24
0 10
0 11
0 4
0 7
0 13
0 8
20
1 11
1 5
1 12
1 42
1 21
1 28
1 39
1 49
1 9
1 35
1 29
1 37
1 2
1 23
1 0
1 32
1 30
1 41
1 7
1 13
23
2 26
2 27
2 23
2 48
2 43
2 11
2 4
2 37
2 36
2 3
2 30
2 35
2 39
2 18
2 19
2 8
2 6
2 38
2 21
2 5
2 20
2 28
2 31
19
3 41
3 25
3 49
3 33
3 23
3 24
3 47
3 31
3 36
3 14
3 16
3 21
3 13
3 45
3 11
3 35
3 39
3 40
3 19
21
4 49
4 40
4 31
4 25
4 35
4 20
4 46
4 34
4 1
4 17
4 13
4 42
4 37
4 12
4 29
4 47
4 32
4 27
4 39
4 28
4 44
18
5 40
5 47
5 45
5 21
5 3
5 36
5 31
5 7
5 11
5 27
5 41
5 23
5 30
5 6
5 10
5 4
5 42
5 32
20
6 27
6 10
6 24
6 0
6 7
6 36
6 31
6 43
6 11
6 1
6 20
6 13
6 35
6 19
6 17
6 33
6 38
6 48
6 18
6 49
24
7 13
7 32
7 30
7 41
7 42
7 25
7 23
7 22
7 14
7 38
7 3
7 34
7 40
7 44
7 26
7 19
7 45
7 2
7 9
7 43
7 10
7 24
7 12
7 31
17
8 44
8 34
8 14
8 46
8 41
8 37
8 33
8 23
8 10
8 3
8 22
8 40
8 11
8 32
8 13
8 30
8 38
21
9 21
9 3
9 4
9 8
9 32
9 6
9 14
9 5
9 44
9 30
9 0
9 26
9 47
9 2
9 24
9 42
9 34
9 27
9 49
9 36
9 48
19
10 3
10 28
10 16
10 33
10 4
10 24
10 46
10 34
10 39
10 9
10 45
10 43
10 35
10 31
10 2
10 32
10 1
10 40
10 47
22
11 48
11 35
11 38
11 20
11 22
11 14
11 10
11 42
11 44
11 45
11 23
11 9
11 15
11 37
11 28
11 12
11 24
11 7
11 47
11 27
11 26
11 30
17
12 21
12 38
12 42
12 36
12 13
12 14
12 8
12 28
12 23
12 10
12 44
12 41
12 34
12 9
12 6
12 46
12 17
17
13 9
13 26
13 2
13 35
13 15
13 5
13 41
13 11
13 45
13 42
13 10
13 20
13 33
13 47
13 28
13 24
13 18
20
14 32
14 18
14 23
14 13
14 42
14 47
14 36
14 28
14 10
14 44
14 25
14 34
14 16
14 38
14 24
14 26
14 4
14 27
14 45
14 6
23
15 9
15 48
15 28
15 36
15 18
15 43
15 27
15 10
15 22
15 1
15 42
15 29
15 5
15 6
15 3
15 37
15 14
15 31
15 19
15 44
15 24
15 38
15 0
28
16 34
16 31
16 30
16 7
16 0
16 15
16 41
16 18
16 9
16 26
16 6
16 29
16 33
16 42
16 4
16 8
16 49
16 12
16 20
16 27
16 28
16 5
16 2
16 1
16 22
16 37
16 32
16 40
20
17 10
17 8
17 5
17 3
17 27
17 43
17 16
17 9
17 0
17 48
17 24
17 42
17 37
17 40
17 36
17 47
17 13
17 49
17 1
17 23
19
18 46
18 37
18 39
18 48
18 43
18 9
18 42
18 25
18 41
18 11
18 44
18 49
18 47
18 0
18 1
18 21
18 40
18 32
18 22
25
19 17
19 33
19 43
19 24
19 37
19 10
19 21
19 46
19 18
19 23
19 14
19 29
19 11
19 9
19 5
19 31
19 20
19 42
19 48
19 16
19 45
19 26
19 8
19 41
19 36
18
20 23
20 17
20 35
20 44
20 37
20 18
20 42
20 30
20 27
20 3
20 5
20 38
20 36
20 9
20 12
20 1
20 31
20 43
20
21 16
21 0
21 45
21 11
21 6
21 13
21 25
21 34
21 42
21 48
21 17
21 44
21 39
21 4
21 32
21 49
21 14
21 7
21 24
21 33
31
22 23
22 38
22 5
22 26
22 46
22 14
22 31
22 19
22 10
22 25
22 21
22 13
22 0
22 24
22 2
22 43
22 39
22 17
22 3
22 41
22 29
22 1
22 37
22 20
22 9
22 27
22 12
22 49
22 35
22 40
22 4
21
23 15
23 46
23 25
23 24
23 0
23 34
23 13
23 48
23 43
23 38
23 4
23 49
23 44
23 16
23 27
23 9
23 21
23 42
23 31
23 10
23 32
18
24 4
24 36
24 20
24 46
24 34
24 41
24 42
24 31
24 26
24 37
24 8
24 5
24 45
24 30
24 27
24 18
24 40
24 16
22
25 12
25 10
25 5
25 2
25 39
25 45
25 0
25 20
25 26
25 19
25 43
25 29
25 40
25 38
25 17
25 9
25 37
25 41
25 34
25 33
25 13
25 16
16
26 10
26 21
26 28
26 3
26 23
26 46
26 36
26 30
26 41
26 40
26 15
26 43
26 44
26 38
26 5
26 12
15
27 25
27 0
27 1
27 13
27 38
27 12
27 28
27 21
27 49
27 3
27 33
27 8
27 26
27 10
27 18
17
28 34
28 5
28 41
28 40
28 32
28 21
28 17
28 46
28 8
28 9
28 18
28 49
28 23
28 25
28 20
28 22
28 36
24
29 11
29 24
29 46
29 36
29 14
29 9
29 45
29 6
29 20
29 21
29 23
29 33
29 32
29 27
29 7
29 39
29 8
29 49
29 26
29 17
29 41
29 44
29 2
29 5
24
30 6
30 17
30 34
30 12
30 22
30 19
30 28
30 37
30 23
30 3
30 49
30 35
30 29
30 13
30 25
30 14
30 21
30 42
30 15
30 43
30 27
30 45
30 18
30 48
21
31 34
31 40
31 36
31 42
31 27
31 30
31 26
31 0
31 29
31 12
31 28
31 17
31 9
31 47
31 21
31 18
31 11
31 46
31 33
31 25
31 32
22
32 2
32 25
32 24
32 33
32 30
32 40
32 19
32 38
32 20
32 44
32 27
32 12
32 17
32 6
32 39
32 22
32 3
32 46
32 11
32 43
32 13
32 26
24
33 36
33 41
33 11
33 9
33 20
33 24
33 1
33 34
33 47
33 7
33 17
33 5
33 2
33 39
33 26
33 28
33 30
33 49
33 18
33 38
33 12
33 22
33 0
33 42
21
34 32
34 27
34 48
34 40
34 46
34 17
34 13
34 0
34 18
34 15
34 26
34 43
34 2
34 49
34 36
34 38
34 22
34 11
34 3
34 42
34 20
20
35 17
35 36
35 23
35 19
35 27
35 16
35 7
35 18
35 48
35 21
35 32
35 12
35 8
35 31
35 34
35 15
35 45
35 14
35 24
35 33
15
36 11
36 18
36 13
36 44
36 8
36 21
36 4
36 10
36 22
36 23
36 7
36 32
36 1
36 39
36 27
17
37 44
37 13
37 3
37 39
37 43
37 12
37 33
37 48
37 28
37 32
37 23
37 6
37 36
37 5
37 7
37 10
37 41
12
38 37
38 21
38 28
38 4
38 44
38 46
38 35
38 47
38 30
38 13
38 17
38 1
16
39 0
39 23
39 26
39 42
39 35
39 12
39 5
39 17
39 11
39 38
39 46
39 6
39 27
39 13
39 15
39 48
21
40 20
40 2
40 36
40 14
40 13
40 35
40 49
40 27
40 15
40 41
40 33
40 37
40 47
40 0
40 38
40 6
40 29
40 9
40 30
40 42
40 1
16
41 34
41 39
41 6
41 23
41 27
41 42
41 4
41 2
41 44
41 9
41 14
41 38
41 30
41 21
41 17
41 31
16
42 44
42 25
42 28
42 47
42 27
42 43
42 22
42 6
42 38
42 37
42 48
42 36
42 3
42 8
42 35
42 26
17
43 47
43 14
43 40
43 38
43 35
43 39
43 48
43 9
43 27
43 46
43 21
43 16
43 4
43 44
43 29
43 49
43 11
17
44 10
44 35
44 33
44 22
44 48
44 34
44 1
44 16
44 47
44 31
44 2
44 5
44 13
44 30
44 49
44 45
44 19
19
45 1
45 27
45 42
45 39
45 43
45 26
45 28
45 12
45 16
45 34
45 15
45 4
45 9
45 31
45 20
45 2
45 8
45 36
45 41
16
46 15
46 49
46 47
46 3
46 13
46 16
46 37
46 1
46 6
46 17
46 27
46 21
46 44
46 45
46 41
46 20
17
47 37
47 35
47 20
47 39
47 30
47 22
47 12
47 1
47 7
47 36
47 8
47 19
47 32
47 28
47 26
47 25
47 45
20
48 24
48 38
48 40
48 10
48 14
48 41
48 8
48 33
48 5
48 31
48 4
48 28
48 32
48 26
48 22
48 3
48 29
48 7
48 46
48 27
18
49 13
49 38
49 41
49 42
49 8
49 10
49 36
49 37
49 35
49 7
49 11
49 14
49 39
49 24
49 48
49 12
49 31
49 47
