50
0 "A22"
1 "A17"
2 "A18"
3 "A4"
4 "A5"
5 "A45"
6 "A35"
7 "A24"
8 "A46"
9 "A3"
10 "A29"
11 "A38"
12 "A16"
13 "A27"
14 "A9"
15 "A0"
16 "A23"
17 "A12"
18 "A21"
19 "A7"
20 "A28"
21 "A15"
22 "A20"
23 "A32"
24 "A11"
25 "A49"
26 "A10"
27 "A25"
28 "A31"
29 "A8"
30 "A43"
31 "A34"
32 "A1"
33 "A39"
34 "A47"
35 "A6"
36 "A41"
37 "A44"
38 "A42"
39 "A30"
40 "A40"
41 "A2"
42 "A37"
43 "A36"
44 "A48"
45 "A14"
46 "A33"
47 "A13"
48 "A19"
49 "A26"
19
0 13
0 30
0 21
0 32
0 38
0 36
0 33
0 41
0 31
0 47
0 35
0 39
0 9
0 15
0 40
0 45
0 46
0 19
0 29
22
1 10
1 17
1 24
1 15
1 45
1 20
1 37
1 47
1 49
1 16
1 2
1 46
1 38
1 11
1 32
1 18
1 36
1 39
1 21
1 29
1 4
1 5
22
2 27
2 48
2 43
2 25
2 15
2 19
2 6
2 13
2 29
2 23
2 17
2 12
2 10
2 42
2 41
2 21
2 49
2 0
2 22
2 38
2 14
2 30
15
3 1
3 5
3 32
3 4
3 11
3 36
3 0
3 42
3 49
3 46
3 34
3 22
3 45
3 6
3 48
22
4 7
4 9
4 6
4 33
4 21
4 32
4 36
4 34
4 2
4 49
4 26
4 40
4 47
4 28
4 41
4 43
4 13
4 45
4 27
4 31
4 19
4 24
18
5 12
5 21
5 23
5 22
5 40
5 47
5 36
5 48
5 43
5 4
5 13
5 18
5 25
5 32
5 29
5 37
5 34
5 2
18
6 38
6 45
6 40
6 26
6 47
6 18
6 1
6 7
6 12
6 5
6 43
6 27
6 16
6 8
6 34
6 29
6 21
6 19
23
7 15
7 9
7 16
7 14
7 22
7 49
7 36
7 28
7 43
7 8
7 46
7 44
7 34
7 32
7 27
7 2
7 42
7 10
7 5
7 48
7 31
7 0
7 17
20
8 3
8 37
8 29
8 22
8 44
8 30
8 39
8 2
8 48
8 42
8 46
8 38
8 11
8 0
8 32
8 34
8 27
8 43
8 33
8 1
18
9 12
9 6
9 33
9 11
9 17
9 43
9 2
9 30
9 18
9 1
9 36
9 20
9 16
9 13
9 27
9 10
9 19
9 3
18
10 38
10 35
10 25
10 13
10 6
10 23
10 41
10 27
10 45
10 37
10 18
10 8
10 46
10 42
10 0
10 21
10 47
10 48
20
11 22
11 38
11 37
11 31
11 15
11 0
11 27
11 39
11 29
11 19
11 30
11 45
11 28
11 36
11 23
11 40
11 49
11 7
11 2
11 4
26
12 48
12 8
12 35
12 49
12 43
12 25
12 45
12 22
12 13
12 39
12 47
12 46
12 27
12 20
12 7
12 23
12 36
12 29
12 4
12 10
12 18
12 21
12 3
12 15
12 16
12 38
20
13 30
13 23
13 45
13 19
13 11
13 42
13 3
13 14
13 47
13 1
13 7
13 38
13 16
13 17
13 41
13 27
13 18
13 34
13 26
13 24
25
14 34
14 19
14 28
14 30
14 38
14 8
14 12
14 41
14 32
14 43
14 23
14 46
14 1
14 15
14 24
14 26
14 31
14 37
14 16
14 10
14 47
14 33
14 25
14 22
14 36
17
15 27
15 6
15 47
15 45
15 17
15 41
15 4
15 9
15 5
15 35
15 32
15 31
15 13
15 42
15 39
15 10
15 8
18
16 25
16 8
16 40
16 38
16 11
16 35
16 3
16 19
16 17
16 46
16 24
16 31
16 5
16 30
16 2
16 28
16 37
16 45
22
17 39
17 6
17 31
17 11
17 40
17 49
17 20
17 46
17 42
17 48
17 43
17 19
17 30
17 27
17 14
17 26
17 35
17 23
17 21
17 4
17 47
17 32
19
18 25
18 45
18 49
18 15
18 0
18 17
18 2
18 39
18 38
18 4
18 26
18 7
18 27
18 37
18 42
18 36
18 3
18 32
18 33
21
19 12
19 27
19 20
19 45
19 8
19 5
19 31
19 48
19 7
19 26
19 47
19 33
19 24
19 39
19 30
19 3
19 15
19 32
19 34
19 38
19 37
24
20 6
20 39
20 42
20 15
20 32
20 7
20 3
20 13
20 30
20 48
20 2
20 0
20 31
20 40
20 14
20 46
20 35
20 11
20 36
20 41
20 25
20 16
20 26
20 4
16
21 14
21 7
21 19
21 43
21 40
21 32
21 25
21 9
21 11
21 15
21 13
21 8
21 35
21 30
21 31
21 16
15
22 30
22 44
22 20
22 0
22 6
22 28
22 16
22 19
22 40
22 36
22 26
22 18
22 49
22 42
22 32
21
23 34
23 33
23 3
23 8
23 29
23 38
23 19
23 7
23 39
23 35
23 25
23 22
23 6
23 20
23 42
23 37
23 24
23 4
23 15
23 0
23 16
21
24 47
24 25
24 42
24 38
24 32
24 37
24 18
24 0
24 39
24 27
24 6
24 2
24 7
24 15
24 10
24 17
24 9
24 46
24 3
24 29
24 22
23
25 17
25 45
25 44
25 28
25 37
25 13
25 9
25 32
25 41
25 19
25 3
25 49
25 1
25 42
25 11
25 48
25 4
25 22
25 26
25 43
25 6
25 39
25 33
22
26 45
26 28
26 12
26 36
26 1
26 2
26 27
26 9
26 31
26 16
26 11
26 3
26 15
26 7
26 44
26 23
26 47
26 43
26 32
26 42
26 40
26 0
16
27 45
27 31
27 43
27 0
27 48
27 20
27 23
27 30
27 29
27 3
27 49
27 47
27 44
27 39
27 35
27 21
23
28 12
28 8
28 32
28 0
28 49
28 45
28 18
28 2
28 9
28 29
28 42
28 48
28 38
28 6
28 21
28 40
28 41
28 1
28 39
28 3
28 15
28 19
28 27
22
29 34
29 15
29 3
29 18
29 20
29 9
29 39
29 36
29 33
29 30
29 7
29 17
29 21
29 49
29 43
29 22
29 32
29 42
29 4
29 10
29 16
29 38
16
30 10
30 39
30 32
30 7
30 4
30 15
30 3
30 28
30 42
30 24
30 12
30 6
30 49
30 23
30 26
30 18
19
31 23
31 47
31 24
31 48
31 6
31 46
31 32
31 5
31 2
31 33
31 28
31 3
31 37
31 41
31 12
31 9
31 35
31 30
31 44
13
32 36
32 49
32 39
32 40
32 48
32 41
32 13
32 34
32 44
32 35
32 2
32 33
32 27
24
33 1
33 7
33 49
33 21
33 46
33 28
33 35
33 34
33 11
33 2
33 15
33 30
33 24
33 20
33 42
33 41
33 45
33 3
33 27
33 44
33 17
33 13
33 6
33 5
22
34 27
34 28
34 47
34 18
34 20
34 41
34 45
34 49
34 17
34 37
34 10
34 12
34 39
34 25
34 2
34 22
34 48
34 16
34 42
34 24
34 26
34 35
20
35 8
35 48
35 26
35 22
35 6
35 38
35 28
35 40
35 25
35 13
35 3
35 11
35 14
35 4
35 2
35 37
35 19
35 29
35 5
35 36
23
36 25
36 34
36 28
36 16
36 23
36 15
36 17
36 19
36 13
36 8
36 10
36 42
36 47
36 37
36 21
36 27
36 38
36 43
36 45
36 30
36 24
36 40
36 48
20
37 32
37 20
37 2
37 28
37 46
37 48
37 6
37 12
37 49
37 33
37 7
37 0
37 17
37 30
37 13
37 29
37 3
37 43
37 15
37 4
21
38 40
38 5
38 41
38 32
38 9
38 17
38 3
38 4
38 21
38 48
38 7
38 47
38 22
38 45
38 49
38 33
38 30
38 46
38 26
38 42
38 34
16
39 5
39 47
39 49
39 45
39 10
39 7
39 13
39 37
39 9
39 40
39 16
39 14
39 46
39 38
39 2
39 4
17
40 31
40 2
40 12
40 23
40 49
40 8
40 9
40 1
40 18
40 34
40 27
40 44
40 10
40 46
40 25
40 19
40 41
21
41 1
41 12
41 23
41 22
41 3
41 42
41 39
41 7
41 24
41 35
41 37
41 44
41 45
41 27
41 43
41 26
41 21
41 8
41 6
41 16
41 29
17
42 40
42 44
42 21
42 31
42 11
42 27
42 48
42 16
42 0
42 32
42 43
42 4
42 39
42 9
42 6
42 19
42 1
21
43 11
43 18
43 45
43 24
43 31
43 10
43 28
43 34
43 20
43 30
43 35
43 1
43 16
43 22
43 39
43 32
43 40
43 47
43 23
43 19
43 15
17
44 39
44 11
44 13
44 24
44 35
44 18
44 28
44 21
44 15
44 2
44 23
44 37
44 0
44 19
44 1
44 4
44 46
12
45 2
45 23
45 35
45 37
45 5
45 21
45 8
45 29
45 9
45 40
45 32
45 14
19
46 2
46 28
46 27
46 21
46 43
46 32
46 42
46 34
46 5
46 41
46 30
46 45
46 25
46 48
46 18
46 11
46 4
46 13
46 9
20
47 28
47 16
47 8
47 20
47 25
47 37
47 18
47 22
47 45
47 21
47 33
47 42
47 44
47 35
47 9
47 41
47 46
47 3
47 32
47 2
18
48 14
48 26
48 18
48 15
48 30
48 44
48 16
48 49
48 41
48 33
48 9
48 39
48 21
48 29
48 1
48 22
48 6
48 4
18
49 0
49 20
49 19
49 21
49 44
49 24
49 46
49 10
49 43
49 5
49 26
49 36
49 45
49 42
49 47
49 8
49 14
49 16
