50
0 "A22"
1 "A17"
2 "A18"
3 "A4"
4 "A5"
5 "A45"
6 "A35"
7 "A24"
8 "A46"
9 "A3"
10 "A29"
11 "A38"
12 "A16"
13 "A27"
14 "A9"
15 "A0"
16 "A23"
17 "A12"
18 "A21"
19 "A7"
20 "A28"
21 "A15"
22 "A20"
23 "A32"
24 "A11"
25 "A49"
26 "A10"
27 "A25"
28 "A31"
29 "A8"
30 "A43"
31 "A34"
32 "A1"
33 "A39"
34 "A47"
35 "A6"
36 "A41"
37 "A44"
38 "A42"
39 "A30"
40 "A40"
41 "A2"
42 "A37"
43 "A36"
44 "A48"
45 "A14"
46 "A33"
47 "A13"
48 "A19"
49 "A26"
19
0 45
0 16
0 7
0 39
0 35
0 43
0 17
0 46
0 5
0 10
0 3
0 12
0 25
0 31
0 15
0 11
0 9
0 6
0 20
14
1 6
1 20
1 13
1 45
1 39
1 18
1 10
1 23
1 21
1 28
1 38
1 19
1 42
1 43
21
2 27
2 43
2 23
2 42
2 47
2 22
2 10
2 14
2 35
2 25
2 38
2 1
2 15
2 4
2 28
2 13
2 32
2 29
2 9
2 37
2 21
17
3 49
3 37
3 42
3 1
3 25
3 5
3 24
3 48
3 2
3 23
3 34
3 32
3 4
3 13
3 12
3 14
3 26
23
4 35
4 9
4 12
4 48
4 11
4 1
4 15
4 36
4 43
4 29
4 30
4 0
4 19
4 33
4 40
4 45
4 46
4 26
4 20
4 34
4 49
4 21
4 14
20
5 49
5 33
5 32
5 18
5 6
5 20
5 16
5 36
5 17
5 11
5 46
5 45
5 35
5 9
5 28
5 1
5 47
5 27
5 29
5 2
27
6 3
6 17
6 18
6 4
6 30
6 38
6 2
6 19
6 12
6 26
6 21
6 11
6 31
6 20
6 27
6 33
6 45
6 7
6 23
6 34
6 32
6 25
6 9
6 36
6 42
6 15
6 46
21
7 26
7 46
7 39
7 12
7 43
7 2
7 13
7 22
7 9
7 21
7 23
7 44
7 4
7 5
7 11
7 29
7 34
7 30
7 10
7 40
7 3
27
8 1
8 38
8 49
8 15
8 5
8 2
8 7
8 16
8 36
8 37
8 29
8 10
8 39
8 13
8 31
8 32
8 46
8 20
8 43
8 14
8 25
8 3
8 40
8 6
8 4
8 24
8 19
18
9 44
9 13
9 46
9 12
9 1
9 8
9 48
9 40
9 27
9 32
9 35
9 49
9 14
9 21
9 16
9 10
9 39
9 18
16
10 36
10 26
10 20
10 49
10 6
10 5
10 22
10 35
10 12
10 4
10 28
10 43
10 3
10 23
10 25
10 44
24
11 49
11 36
11 43
11 16
11 46
11 34
11 17
11 45
11 9
11 38
11 8
11 33
11 28
11 47
11 42
11 31
11 1
11 48
11 21
11 19
11 27
11 25
11 15
11 3
18
12 35
12 21
12 8
12 40
12 47
12 28
12 48
12 1
12 44
12 18
12 43
12 5
12 37
12 26
12 31
12 34
12 25
12 23
19
13 34
13 22
13 10
13 16
13 45
13 30
13 48
13 35
13 26
13 43
13 4
13 31
13 5
13 25
13 21
13 19
13 18
13 6
13 47
27
14 19
14 21
14 22
14 29
14 13
14 1
14 49
14 48
14 39
14 11
14 32
14 30
14 10
14 46
14 12
14 31
14 16
14 35
14 44
14 33
14 47
14 5
14 23
14 36
14 38
14 20
14 27
22
15 19
15 24
15 44
15 35
15 40
15 1
15 10
15 7
15 31
15 30
15 26
15 41
15 42
15 27
15 12
15 9
15 17
15 37
15 3
15 29
15 47
15 5
21
16 26
16 19
16 30
16 36
16 42
16 21
16 4
16 47
16 7
16 24
16 6
16 10
16 34
16 39
16 12
16 2
16 37
16 20
16 46
16 22
16 17
24
17 33
17 14
17 29
17 2
17 13
17 43
17 36
17 23
17 22
17 34
17 21
17 39
17 42
17 37
17 7
17 35
17 3
17 10
17 12
17 1
17 8
17 44
17 19
17 49
20
18 15
18 21
18 11
18 8
18 36
18 16
18 23
18 7
18 48
18 4
18 2
18 30
18 44
18 10
18 3
18 25
18 31
18 46
18 43
18 34
21
19 22
19 49
19 39
19 21
19 42
19 40
19 20
19 0
19 36
19 28
19 10
19 44
19 24
19 2
19 23
19 5
19 41
19 12
19 26
19 18
19 31
20
20 7
20 13
20 21
20 28
20 36
20 32
20 15
20 9
20 40
20 12
20 49
20 30
20 2
20 24
20 25
20 26
20 37
20 11
20 47
20 27
12
21 3
21 5
21 0
21 40
21 39
21 10
21 33
21 36
21 15
21 8
21 41
21 26
24
22 27
22 45
22 21
22 46
22 12
22 6
22 0
22 28
22 29
22 33
22 49
22 20
22 11
22 1
22 24
22 9
22 34
22 18
22 4
22 15
22 44
22 25
22 42
22 37
11
23 26
23 0
23 15
23 30
23 37
23 22
23 38
23 16
23 46
23 41
23 47
23
24 49
24 37
24 17
24 11
24 45
24 27
24 0
24 1
24 48
24 23
24 2
24 5
24 31
24 14
24 6
24 21
24 28
24 39
24 4
24 40
24 9
24 12
24 42
18
25 16
25 39
25 21
25 30
25 45
25 5
25 19
25 43
25 4
25 32
25 24
25 14
25 28
25 17
25 42
25 38
25 33
25 23
20
26 41
26 28
26 39
26 43
26 30
26 18
26 5
26 0
26 42
26 32
26 27
26 48
26 40
26 29
26 24
26 9
26 49
26 37
26 31
26 2
19
27 13
27 19
27 30
27 4
27 34
27 12
27 36
27 10
27 3
27 21
27 28
27 23
27 18
27 31
27 7
27 32
27 17
27 16
27 40
15
28 14
28 15
28 42
28 31
28 7
28 47
28 33
28 4
28 21
28 49
28 9
28 16
28 36
28 3
28 39
19
29 25
29 19
29 0
29 1
29 18
29 28
29 9
29 45
29 42
29 33
29 20
29 34
29 27
29 35
29 21
29 6
29 32
29 46
29 13
17
30 46
30 17
30 33
30 2
30 42
30 45
30 9
30 34
30 10
30 3
30 11
30 37
30 38
30 8
30 12
30 36
30 1
19
31 1
31 20
31 16
31 40
31 37
31 21
31 35
31 7
31 9
31 30
31 17
31 47
31 2
31 10
31 3
31 5
31 45
31 42
31 4
22
32 12
32 37
32 36
32 19
32 11
32 22
32 4
32 16
32 1
32 23
32 24
32 17
32 34
32 10
32 42
32 33
32 7
32 40
32 47
32 35
32 0
32 18
18
33 16
33 47
33 45
33 20
33 38
33 27
33 43
33 7
33 48
33 42
33 0
33 19
33 8
33 23
33 41
33 31
33 9
33 46
18
34 40
34 2
34 15
34 21
34 25
34 24
34 20
34 38
34 31
34 0
34 48
34 10
34 33
34 39
34 9
34 23
34 8
34 44
17
35 40
35 30
35 33
35 36
35 22
35 18
35 16
35 6
35 45
35 44
35 1
35 24
35 11
35 8
35 27
35 26
35 34
16
36 48
36 43
36 31
36 47
36 46
36 12
36 9
36 23
36 1
36 40
36 3
36 45
36 0
36 24
36 22
36 2
21
37 36
37 27
37 6
37 29
37 35
37 11
37 9
37 45
37 14
37 4
37 10
37 28
37 48
37 40
37 33
37 7
37 25
37 39
37 21
37 13
37 18
23
38 40
38 48
38 42
38 21
38 26
38 17
38 36
38 9
38 12
38 37
38 18
38 3
38 24
38 43
38 4
38 16
38 49
38 27
38 15
38 35
38 32
38 10
38 13
20
39 10
39 31
39 3
39 29
39 33
39 6
39 45
39 12
39 42
39 40
39 11
39 38
39 15
39 49
39 2
39 46
39 48
39 35
39 20
39 18
18
40 48
40 30
40 10
40 0
40 5
40 41
40 6
40 2
40 46
40 3
40 17
40 13
40 16
40 44
40 42
40 11
40 25
40 33
24
41 14
41 2
41 48
41 36
41 49
41 20
41 37
41 6
41 27
41 29
41 25
41 10
41 13
41 8
41 42
41 3
41 11
41 4
41 24
41 17
41 12
41 5
41 1
41 31
17
42 18
42 12
42 5
42 4
42 14
42 44
42 45
42 20
42 49
42 9
42 0
42 36
42 34
42 35
42 37
42 8
42 27
20
43 3
43 39
43 47
43 24
43 31
43 22
43 16
43 29
43 21
43 45
43 37
43 20
43 27
43 34
43 6
43 9
43 41
43 35
43 49
43 46
22
44 41
44 13
44 4
44 3
44 5
44 27
44 20
44 16
44 46
44 49
44 33
44 28
44 6
44 8
44 24
44 38
44 36
44 48
44 21
44 0
44 1
44 25
18
45 7
45 18
45 28
45 9
45 14
45 21
45 38
45 34
45 15
45 41
45 19
45 17
45 27
45 20
45 23
45 3
45 32
45 12
13
46 34
46 25
46 35
46 19
46 31
46 3
46 41
46 28
46 37
46 17
46 32
46 27
46 38
20
47 45
47 9
47 25
47 18
47 46
47 6
47 40
47 41
47 37
47 26
47 42
47 24
47 39
47 17
47 30
47 48
47 38
47 8
47 3
47 19
20
48 17
48 31
48 43
48 23
48 25
48 7
48 22
48 45
48 46
48 8
48 15
48 21
48 5
48 28
48 6
48 10
48 42
48 19
48 35
48 27
17
49 40
49 31
49 30
49 45
49 34
49 18
49 2
49 46
49 27
49 15
49 37
49 21
49 13
49 7
49 48
49 33
49 23
