50
0 "A22"
1 "A17"
2 "A18"
3 "A4"
4 "A5"
5 "A45"
6 "A35"
7 "A24"
8 "A46"
9 "A3"
10 "A29"
11 "A38"
12 "A16"
13 "A27"
14 "A9"
15 "A0"
16 "A23"
17 "A12"
18 "A21"
19 "A7"
20 "A28"
21 "A15"
22 "A20"
23 "A32"
24 "A11"
25 "A49"
26 "A10"
27 "A25"
28 "A31"
29 "A8"
30 "A43"
31 "A34"
32 "A1"
33 "A39"
34 "A47"
35 "A6"
36 "A41"
37 "A44"
38 "A42"
39 "A30"
40 "A40"
41 "A2"
42 "A37"
43 "A36"
44 "A48"
45 "A14"
46 "A33"
47 "A13"
48 "A19"
49 "A26"
21
0 13
0 31
0 32
0 47
0 43
0 9
0 8
0 41
0 33
0 4
0 3
0 26
0 39
0 14
0 11
0 16
0 37
0 34
0 25
0 6
0 17
16
1 30
1 26
1 18
1 41
1 17
1 38
1 28
1 0
1 6
1 23
1 15
1 2
1 14
1 37
1 22
1 12
16
2 14
2 41
2 7
2 6
2 35
2 48
2 28
2 49
2 44
2 42
2 3
2 38
2 33
2 9
2 29
2 24
15
3 49
3 7
3 14
3 1
3 46
3 17
3 41
3 34
3 45
3 10
3 23
3 36
3 32
3 24
3 4
20
4 2
4 27
4 30
4 32
4 29
4 42
4 6
4 11
4 9
4 33
4 41
4 18
4 8
4 15
4 44
4 28
4 7
4 26
4 16
4 39
18
5 18
5 44
5 37
5 45
5 17
5 21
5 8
5 48
5 24
5 32
5 28
5 10
5 42
5 1
5 2
5 14
5 20
5 9
23
6 39
6 20
6 5
6 18
6 41
6 19
6 26
6 45
6 30
6 44
6 33
6 38
6 32
6 24
6 16
6 10
6 15
6 13
6 22
6 47
6 11
6 17
6 35
19
7 46
7 6
7 36
7 24
7 1
7 48
7 44
7 49
7 43
7 12
7 28
7 26
7 5
7 16
7 8
7 38
7 35
7 18
7 9
21
8 31
8 30
8 10
8 17
8 37
8 29
8 41
8 28
8 18
8 11
8 39
8 6
8 13
8 49
8 44
8 9
8 20
8 16
8 1
8 25
8 3
16
9 25
9 36
9 26
9 48
9 29
9 6
9 13
9 30
9 31
9 14
9 35
9 15
9 3
9 24
9 19
9 49
22
10 35
10 45
10 4
10 29
10 34
10 2
10 31
10 42
10 27
10 1
10 36
10 40
10 9
10 0
10 38
10 32
10 17
10 25
10 15
10 39
10 28
10 22
26
11 39
11 2
11 9
11 44
11 10
11 3
11 19
11 42
11 13
11 43
11 28
11 22
11 36
11 5
11 31
11 7
11 49
11 23
11 21
11 48
11 1
11 14
11 12
11 47
11 30
11 27
17
12 9
12 5
12 35
12 44
12 8
12 10
12 25
12 3
12 24
12 2
12 37
12 4
12 20
12 47
12 15
12 21
12 6
23
13 34
13 37
13 3
13 4
13 43
13 39
13 22
13 12
13 44
13 16
13 31
13 21
13 48
13 49
13 5
13 32
13 28
13 35
13 40
13 42
13 24
13 25
13 27
13
14 33
14 26
14 48
14 49
14 44
14 47
14 27
14 38
14 7
14 8
14 10
14 43
14 40
23
15 20
15 49
15 36
15 19
15 3
15 5
15 46
15 24
15 14
15 28
15 0
15 38
15 47
15 32
15 30
15 18
15 41
15 21
15 11
15 13
15 37
15 40
15 26
28
16 33
16 35
16 46
16 18
16 5
16 42
16 19
16 40
16 1
16 47
16 15
16 24
16 20
16 3
16 9
16 17
16 25
16 49
16 21
16 29
16 10
16 12
16 43
16 32
16 11
16 2
16 36
16 38
14
17 47
17 14
17 7
17 27
17 39
17 12
17 4
17 40
17 44
17 22
17 37
17 15
17 11
17 19
21
18 37
18 24
18 45
18 35
18 13
18 31
18 12
18 14
18 40
18 9
18 46
18 26
18 21
18 29
18 38
18 10
18 47
18 0
18 30
18 3
18 11
18
19 13
19 38
19 47
19 30
19 18
19 14
19 5
19 28
19 23
19 35
19 4
19 7
19 0
19 12
19 48
19 45
19 31
19 27
23
20 40
20 27
20 25
20 4
20 14
20 48
20 0
20 45
20 17
20 32
20 3
20 11
20 22
20 41
20 2
20 10
20 1
20 7
20 46
20 28
20 19
20 9
20 18
16
21 38
21 7
21 30
21 6
21 4
21 14
21 26
21 9
21 10
21 34
21 3
21 1
21 49
21 35
21 2
21 45
23
22 42
22 7
22 21
22 5
22 8
22 33
22 25
22 23
22 43
22 4
22 34
22 31
22 29
22 28
22 48
22 49
22 26
22 35
22 15
22 47
22 2
22 9
22 3
24
23 17
23 0
23 42
23 21
23 5
23 40
23 6
23 38
23 44
23 30
23 45
23 37
23 48
23 49
23 36
23 47
23 9
23 13
23 41
23 16
23 25
23 8
23 10
23 35
17
24 25
24 44
24 20
24 37
24 34
24 17
24 8
24 11
24 33
24 27
24 35
24 28
24 49
24 39
24 10
24 1
24 36
19
25 39
25 34
25 37
25 19
25 27
25 21
25 30
25 26
25 3
25 17
25 48
25 47
25 45
25 28
25 36
25 2
25 44
25 5
25 1
14
26 10
26 31
26 19
26 3
26 12
26 27
26 42
26 45
26 16
26 23
26 5
26 34
26 13
26 17
20
27 3
27 2
27 6
27 1
27 28
27 5
27 0
27 29
27 18
27 21
27 16
27 7
27 34
27 44
27 12
27 22
27 23
27 36
27 42
27 30
12
28 26
28 42
28 3
28 38
28 21
28 32
28 48
28 43
28 44
28 35
28 31
28 17
20
29 24
29 1
29 14
29 0
29 33
29 21
29 12
29 26
29 35
29 31
29 40
29 37
29 46
29 39
29 17
29 23
29 20
29 15
29 49
29 48
20
30 32
30 2
30 24
30 5
30 45
30 14
30 22
30 10
30 33
30 16
30 3
30 41
30 46
30 12
30 7
30 20
30 35
30 47
30 29
30 13
20
31 46
31 6
31 3
31 40
31 2
31 27
31 38
31 45
31 7
31 16
31 15
31 23
31 47
31 12
31 21
31 17
31 25
31 20
31 43
31 5
21
32 25
32 26
32 41
32 11
32 23
32 9
32 12
32 8
32 19
32 1
32 31
32 24
32 7
32 21
32 18
32 47
32 36
32 49
32 14
32 44
32 27
21
33 8
33 46
33 10
33 28
33 15
33 44
33 32
33 40
33 11
33 27
33 7
33 9
33 13
33 21
33 34
33 36
33 42
33 49
33 45
33 1
33 43
19
34 35
34 5
34 42
34 1
34 31
34 2
34 8
34 36
34 17
34 18
34 11
34 29
34 6
34 23
34 30
34 32
34 48
34 19
34 14
18
35 8
35 0
35 39
35 25
35 32
35 3
35 14
35 44
35 27
35 5
35 38
35 36
35 42
35 31
35 26
35 15
35 4
35 45
21
36 37
36 19
36 49
36 28
36 42
36 21
36 4
36 31
36 13
36 12
36 46
36 29
36 43
36 41
36 22
36 2
36 20
36 45
36 5
36 38
36 14
18
37 10
37 2
37 6
37 7
37 41
37 9
37 35
37 34
37 16
37 32
37 33
37 47
37 27
37 20
37 4
37 49
37 22
37 28
19
38 5
38 0
38 48
38 13
38 8
38 25
38 30
38 26
38 22
38 37
38 33
38 32
38 20
38 41
38 44
38 3
38 4
38 17
38 34
23
39 28
39 21
39 42
39 1
39 9
39 7
39 19
39 31
39 16
39 38
39 5
39 15
39 30
39 27
39 20
39 43
39 23
39 47
39 46
39 14
39 26
39 3
39 12
24
40 9
40 27
40 25
40 37
40 34
40 2
40 3
40 19
40 11
40 44
40 5
40 8
40 1
40 24
40 38
40 7
40 26
40 28
40 6
40 0
40 45
40 12
40 4
40 30
17
41 35
41 31
41 24
41 14
41 28
41 11
41 12
41 19
41 46
41 10
41 21
41 40
41 13
41 7
41 45
41 44
41 25
19
42 15
42 18
42 17
42 37
42 47
42 25
42 14
42 29
42 49
42 20
42 21
42 0
42 48
42 3
42 1
42 32
42 38
42 6
42 19
23
43 42
43 49
43 32
43 12
43 10
43 35
43 26
43 5
43 8
43 41
43 29
43 27
43 19
43 24
43 15
43 18
43 23
43 4
43 30
43 2
43 9
43 37
43 17
18
44 31
44 42
44 18
44 49
44 36
44 37
44 16
44 22
44 9
44 29
44 39
44 34
44 3
44 1
44 43
44 10
44 15
44 0
24
45 39
45 2
45 13
45 34
45 9
45 7
45 0
45 42
45 44
45 8
45 29
45 16
45 1
45 37
45 12
45 32
45 24
45 38
45 17
45 49
45 27
45 14
45 15
45 11
22
46 49
46 10
46 48
46 23
46 1
46 43
46 34
46 8
46 17
46 45
46 19
46 35
46 21
46 37
46 40
46 0
46 5
46 42
46 27
46 11
46 22
46 24
12
47 3
47 24
47 43
47 8
47 46
47 45
47 13
47 4
47 10
47 34
47 20
47 36
24
48 26
48 49
48 15
48 40
48 45
48 41
48 1
48 43
48 30
48 33
48 31
48 16
48 8
48 36
48 12
48 4
48 18
48 37
48 3
48 0
48 21
48 44
48 24
48 6
19
49 25
49 0
49 18
49 35
49 27
49 1
49 4
49 38
49 47
49 20
49 10
49 17
49 41
49 28
49 30
49 39
49 6
49 12
49 31
