50
0 "A16"
1 "A36"
2 "A17"
3 "A7"
4 "A42"
5 "A19"
6 "A33"
7 "A8"
8 "A20"
9 "A24"
10 "A26"
11 "A48"
12 "A15"
13 "A28"
14 "A35"
15 "A23"
16 "A47"
17 "A22"
18 "A40"
19 "A39"
20 "A25"
21 "A5"
22 "A38"
23 "A18"
24 "A45"
25 "A43"
26 "A31"
27 "A34"
28 "A1"
29 "A2"
30 "A37"
31 "A46"
32 "A9"
33 "A27"
34 "A32"
35 "A3"
36 "A12"
37 "A4"
38 "A10"
39 "A49"
40 "A30"
41 "A11"
42 "A29"
43 "A6"
44 "A44"
45 "A0"
46 "A41"
47 "A14"
48 "A13"
49 "A21"
19
0 34
0 41
0 12
0 36
0 44
0 15
0 14
0 27
0 25
0 22
0 42
0 37
0 9
0 43
0 39
0 21
0 13
0 3
0 8
18
1 19
1 7
1 21
1 32
1 13
1 45
1 25
1 5
1 20
1 22
1 42
1 31
1 24
1 4
1 36
1 0
1 27
1 18
24
2 31
2 14
2 27
2 6
2 28
2 30
2 46
2 36
2 7
2 0
2 38
2 21
2 26
2 12
2 11
2 47
2 49
2 16
2 43
2 24
2 32
2 45
2 9
2 5
19
3 6
3 31
3 4
3 30
3 13
3 12
3 48
3 46
3 20
3 40
3 10
3 5
3 18
3 2
3 42
3 24
3 9
3 44
3 39
23
4 42
4 17
4 31
4 6
4 13
4 45
4 37
4 36
4 40
4 33
4 10
4 26
4 14
4 15
4 20
4 19
4 46
4 28
4 7
4 43
4 12
4 0
4 9
20
5 45
5 15
5 42
5 34
5 13
5 49
5 4
5 8
5 25
5 35
5 36
5 0
5 24
5 44
5 17
5 37
5 30
5 20
5 6
5 14
23
6 19
6 21
6 13
6 1
6 44
6 12
6 49
6 31
6 10
6 17
6 45
6 9
6 36
6 48
6 40
6 0
6 15
6 20
6 23
6 18
6 38
6 43
6 42
18
7 45
7 40
7 17
7 30
7 34
7 26
7 47
7 23
7 11
7 6
7 15
7 18
7 42
7 3
7 13
7 32
7 39
7 0
23
8 29
8 10
8 3
8 46
8 43
8 30
8 45
8 37
8 28
8 14
8 40
8 17
8 2
8 27
8 7
8 42
8 6
8 39
8 4
8 21
8 38
8 15
8 11
19
9 27
9 29
9 31
9 1
9 34
9 11
9 16
9 39
9 17
9 35
9 25
9 33
9 48
9 23
9 19
9 37
9 22
9 40
9 20
19
10 43
10 32
10 15
10 1
10 5
10 18
10 33
10 30
10 48
10 9
10 46
10 41
10 27
10 7
10 31
10 39
10 42
10 11
10 0
16
11 21
11 3
11 36
11 34
11 42
11 4
11 29
11 32
11 16
11 39
11 1
11 37
11 6
11 18
11 19
11 43
20
12 20
12 29
12 31
12 10
12 21
12 47
12 46
12 9
12 34
12 1
12 25
12 7
12 8
12 41
12 19
12 44
12 39
12 33
12 30
12 35
18
13 16
13 2
13 30
13 12
13 9
13 25
13 41
13 28
13 31
13 24
13 8
13 11
13 34
13 38
13 42
13 33
13 10
13 17
15
14 48
14 49
14 3
14 30
14 11
14 28
14 17
14 20
14 1
14 7
14 40
14 44
14 10
14 24
14 13
20
15 43
15 13
15 20
15 45
15 9
15 2
15 19
15 42
15 30
15 47
15 11
15 29
15 49
15 36
15 16
15 31
15 12
15 41
15 44
15 33
19
16 4
16 3
16 37
16 18
16 38
16 42
16 17
16 7
16 49
16 31
16 24
16 20
16 0
16 5
16 12
16 29
16 33
16 23
16 6
19
17 48
17 38
17 40
17 25
17 24
17 26
17 2
17 19
17 30
17 43
17 47
17 32
17 0
17 28
17 22
17 11
17 1
17 3
17 15
18
18 45
18 2
18 19
18 9
18 21
18 8
18 15
18 43
18 48
18 34
18 29
18 33
18 44
18 32
18 47
18 5
18 12
18 0
11
19 8
19 26
19 21
19 48
19 44
19 13
19 2
19 45
19 40
19 14
19 30
18
20 43
20 2
20 7
20 37
20 47
20 25
20 8
20 32
20 18
20 24
20 28
20 45
20 40
20 31
20 30
20 48
20 22
20 0
17
21 31
21 4
21 15
21 9
21 42
21 20
21 3
21 10
21 49
21 38
21 5
21 16
21 7
21 26
21 17
21 14
21 47
24
22 18
22 23
22 14
22 12
22 16
22 49
22 11
22 3
22 6
22 48
22 13
22 38
22 19
22 7
22 4
22 5
22 30
22 15
22 47
22 26
22 8
22 31
22 44
22 34
25
23 5
23 13
23 32
23 41
23 19
23 36
23 14
23 30
23 27
23 26
23 0
23 20
23 10
23 34
23 37
23 43
23 8
23 33
23 11
23 31
23 15
23 12
23 17
23 38
23 29
16
24 11
24 18
24 9
24 36
24 7
24 23
24 34
24 32
24 19
24 37
24 44
24 25
24 45
24 10
24 0
24 22
23
25 14
25 26
25 31
25 42
25 37
25 19
25 8
25 46
25 10
25 38
25 30
25 7
25 3
25 2
25 29
25 35
25 23
25 16
25 28
25 45
25 6
25 11
25 4
24
26 31
26 35
26 45
26 43
26 24
26 15
26 30
26 47
26 34
26 5
26 1
26 11
26 6
26 9
26 18
26 8
26 0
26 27
26 3
26 33
26 46
26 28
26 14
26 12
20
27 24
27 16
27 5
27 45
27 17
27 21
27 11
27 12
27 33
27 20
27 30
27 40
27 22
27 49
27 31
27 4
27 3
27 28
27 37
27 29
18
28 24
28 6
28 12
28 35
28 41
28 45
28 49
28 43
28 23
28 33
28 15
28 48
28 21
28 18
28 39
28 42
28 47
28 11
22
29 14
29 4
29 24
29 5
29 3
29 17
29 7
29 10
29 40
29 26
29 35
29 6
29 19
29 2
29 28
29 42
29 34
29 0
29 20
29 22
29 46
29 37
17
30 36
30 6
30 46
30 18
30 47
30 21
30 24
30 40
30 31
30 4
30 9
30 11
30 16
30 43
30 28
30 33
30 0
19
31 8
31 19
31 29
31 46
31 18
31 39
31 44
31 47
31 38
31 49
31 32
31 0
31 36
31 7
31 40
31 28
31 41
31 24
31 11
16
32 8
32 27
32 29
32 47
32 41
32 19
32 14
32 5
32 21
32 49
32 28
32 42
32 34
32 36
32 6
32 15
16
33 0
33 44
33 20
33 25
33 24
33 7
33 39
33 48
33 45
33 19
33 17
33 2
33 40
33 35
33 11
33 46
18
34 28
34 43
34 19
34 4
34 17
34 1
34 30
34 21
34 35
34 14
34 44
34 10
34 39
34 16
34 2
34 47
34 27
34 15
25
35 10
35 2
35 14
35 42
35 48
35 21
35 20
35 49
35 32
35 44
35 0
35 17
35 16
35 27
35 47
35 6
35 3
35 23
35 1
35 40
35 18
35 30
35 19
35 43
35 11
17
36 35
36 3
36 33
36 12
36 21
36 19
36 14
36 20
36 17
36 41
36 29
36 39
36 22
36 27
36 45
36 8
36 25
21
37 33
37 41
37 10
37 12
37 14
37 45
37 19
37 26
37 6
37 22
37 46
37 15
37 40
37 39
37 35
37 2
37 42
37 30
37 32
37 28
37 43
26
38 9
38 26
38 35
38 0
38 47
38 33
38 15
38 43
38 32
38 30
38 41
38 40
38 45
38 5
38 27
38 39
38 12
38 28
38 36
38 3
38 4
38 29
38 19
38 42
38 10
38 7
20
39 16
39 1
39 46
39 21
39 22
39 44
39 6
39 29
39 41
39 26
39 27
39 30
39 24
39 20
39 5
39 45
39 2
39 18
39 40
39 35
13
40 28
40 12
40 44
40 24
40 18
40 0
40 32
40 22
40 2
40 36
40 15
40 21
40 23
21
41 24
41 7
41 33
41 30
41 5
41 6
41 21
41 29
41 3
41 27
41 40
41 35
41 18
41 25
41 17
41 8
41 11
41 26
41 22
41 46
41 2
20
42 46
42 20
42 47
42 14
42 41
42 23
42 22
42 26
42 44
42 2
42 40
42 43
42 27
42 12
42 39
42 24
42 36
42 17
42 9
42 34
18
43 12
43 1
43 19
43 7
43 25
43 39
43 9
43 3
43 21
43 13
43 5
43 14
43 27
43 33
43 36
43 47
43 31
43 45
22
44 17
44 9
44 47
44 23
44 27
44 36
44 28
44 38
44 45
44 25
44 20
44 13
44 2
44 10
44 21
44 8
44 46
44 32
44 37
44 16
44 29
44 26
15
45 3
45 40
45 14
45 9
45 17
45 49
45 30
45 12
45 23
45 21
45 29
45 41
45 32
45 22
45 42
22
46 38
46 5
46 36
46 15
46 40
46 11
46 0
46 28
46 27
46 19
46 35
46 18
46 22
46 17
46 32
46 16
46 20
46 21
46 1
46 13
46 24
46 23
21
47 39
47 3
47 37
47 23
47 1
47 5
47 29
47 40
47 41
47 9
47 13
47 19
47 6
47 8
47 11
47 36
47 46
47 10
47 0
47 27
47 49
25
48 30
48 8
48 23
48 43
48 27
48 25
48 0
48 45
48 40
48 16
48 12
48 21
48 11
48 26
48 47
48 46
48 36
48 38
48 44
48 5
48 49
48 34
48 37
48 42
48 15
20
49 20
49 30
49 34
49 18
49 8
49 13
49 24
49 29
49 38
49 39
49 0
49 42
49 26
49 1
49 44
49 36
49 41
49 4
49 23
49 11
