50
0 "A16"
1 "A36"
2 "A17"
3 "A7"
4 "A42"
5 "A19"
6 "A33"
7 "A8"
8 "A20"
9 "A24"
10 "A26"
11 "A48"
12 "A15"
13 "A28"
14 "A35"
15 "A23"
16 "A47"
17 "A22"
18 "A40"
19 "A39"
20 "A25"
21 "A5"
22 "A38"
23 "A18"
24 "A45"
25 "A43"
26 "A31"
27 "A34"
28 "A1"
29 "A2"
30 "A37"
31 "A46"
32 "A9"
33 "A27"
34 "A32"
35 "A3"
36 "A12"
37 "A4"
38 "A10"
39 "A49"
40 "A30"
41 "A11"
42 "A29"
43 "A6"
44 "A44"
45 "A0"
46 "A41"
47 "A14"
48 "A13"
49 "A21"
13
0 5
0 20
0 21
0 40
0 38
0 25
0 3
0 28
0 13
0 10
0 42
0 22
0 29
21
1 19
1 15
1 32
1 44
1 16
1 2
1 10
1 17
1 18
1 39
1 20
1 5
1 37
1 35
1 0
1 42
1 43
1 11
1 46
1 29
1 45
12
2 36
2 0
2 21
2 39
2 9
2 40
2 46
2 49
2 14
2 17
2 18
2 24
23
3 28
3 27
3 37
3 43
3 34
3 44
3 31
3 40
3 1
3 46
3 17
3 8
3 33
3 20
3 23
3 47
3 45
3 48
3 18
3 21
3 42
3 7
3 13
18
4 5
4 18
4 38
4 1
4 39
4 36
4 17
4 2
4 28
4 9
4 33
4 45
4 30
4 34
4 20
4 29
4 44
4 46
15
5 24
5 40
5 11
5 31
5 47
5 19
5 14
5 20
5 10
5 23
5 13
5 35
5 16
5 44
5 9
27
6 30
6 37
6 27
6 32
6 2
6 8
6 41
6 39
6 31
6 35
6 4
6 36
6 9
6 38
6 49
6 17
6 1
6 13
6 26
6 22
6 15
6 34
6 48
6 5
6 10
6 0
6 16
22
7 12
7 4
7 49
7 43
7 1
7 5
7 22
7 44
7 2
7 6
7 33
7 10
7 14
7 32
7 20
7 35
7 17
7 16
7 46
7 0
7 18
7 38
19
8 2
8 45
8 18
8 10
8 38
8 36
8 33
8 0
8 21
8 32
8 1
8 24
8 46
8 14
8 5
8 19
8 47
8 40
8 27
25
9 40
9 18
9 14
9 0
9 27
9 11
9 46
9 49
9 3
9 41
9 19
9 33
9 35
9 47
9 7
9 17
9 20
9 13
9 36
9 31
9 48
9 32
9 12
9 1
9 42
14
10 19
10 4
10 34
10 21
10 11
10 37
10 16
10 28
10 47
10 33
10 41
10 38
10 27
10 43
20
11 30
11 42
11 33
11 6
11 40
11 0
11 4
11 7
11 21
11 2
11 48
11 45
11 31
11 3
11 18
11 25
11 35
11 19
11 39
11 26
22
12 1
12 32
12 24
12 18
12 4
12 41
12 20
12 33
12 48
12 23
12 3
12 47
12 0
12 29
12 19
12 35
12 26
12 11
12 36
12 27
12 5
12 6
24
13 10
13 28
13 19
13 36
13 31
13 33
13 18
13 38
13 35
13 15
13 4
13 48
13 8
13 37
13 12
13 41
13 21
13 39
13 2
13 30
13 16
13 23
13 11
13 40
18
14 31
14 41
14 10
14 43
14 39
14 45
14 22
14 34
14 37
14 36
14 11
14 17
14 26
14 28
14 18
14 6
14 13
14 16
27
15 29
15 19
15 43
15 33
15 28
15 3
15 10
15 35
15 39
15 38
15 34
15 7
15 31
15 49
15 30
15 11
15 42
15 12
15 47
15 4
15 25
15 41
15 9
15 23
15 8
15 14
15 21
21
16 45
16 3
16 11
16 46
16 32
16 36
16 33
16 37
16 12
16 4
16 8
16 49
16 44
16 22
16 18
16 23
16 19
16 20
16 9
16 40
16 2
19
17 0
17 38
17 10
17 8
17 18
17 48
17 15
17 12
17 19
17 44
17 40
17 42
17 20
17 22
17 47
17 13
17 41
17 29
17 5
13
18 24
18 44
18 34
18 49
18 35
18 42
18 27
18 0
18 31
18 6
18 21
18 41
18 10
18
19 33
19 2
19 18
19 23
19 14
19 6
19 24
19 4
19 49
19 48
19 38
19 30
19 21
19 0
19 40
19 28
19 45
19 36
23
20 15
20 21
20 10
20 8
20 42
20 43
20 18
20 38
20 19
20 6
20 26
20 2
20 47
20 29
20 39
20 31
20 32
20 13
20 14
20 24
20 45
20 33
20 36
24
21 36
21 9
21 28
21 34
21 44
21 5
21 41
21 16
21 47
21 24
21 37
21 23
21 30
21 27
21 12
21 39
21 6
21 22
21 29
21 7
21 4
21 17
21 46
21 43
22
22 49
22 37
22 45
22 11
22 46
22 5
22 12
22 32
22 48
22 25
22 18
22 34
22 44
22 10
22 33
22 40
22 20
22 9
22 13
22 24
22 38
22 3
23
23 36
23 28
23 7
23 37
23 35
23 29
23 17
23 47
23 11
23 4
23 25
23 14
23 8
23 9
23 18
23 43
23 1
23 31
23 0
23 20
23 10
23 22
23 33
20
24 47
24 17
24 25
24 23
24 38
24 40
24 35
24 4
24 42
24 36
24 3
24 16
24 13
24 6
24 46
24 7
24 49
24 1
24 34
24 14
18
25 49
25 16
25 40
25 17
25 10
25 2
25 9
25 32
25 43
25 5
25 4
25 12
25 38
25 45
25 7
25 14
25 47
25 13
24
26 19
26 4
26 15
26 43
26 18
26 25
26 7
26 38
26 42
26 49
26 33
26 31
26 8
26 27
26 17
26 44
26 21
26 16
26 46
26 13
26 9
26 45
26 5
26 35
23
27 14
27 43
27 44
27 15
27 46
27 5
27 36
27 33
27 37
27 4
27 29
27 7
27 25
27 45
27 1
27 11
27 49
27 41
27 0
27 23
27 20
27 35
27 38
18
28 42
28 18
28 39
28 48
28 12
28 27
28 17
28 24
28 25
28 32
28 5
28 22
28 7
28 20
28 11
28 16
28 8
28 26
23
29 25
29 31
29 2
29 35
29 36
29 28
29 16
29 18
29 38
29 9
29 10
29 45
29 3
29 7
29 24
29 39
29 8
29 22
29 6
29 46
29 30
29 43
29 11
24
30 43
30 47
30 9
30 14
30 39
30 18
30 26
30 10
30 24
30 3
30 16
30 45
30 22
30 17
30 48
30 1
30 36
30 28
30 7
30 32
30 33
30 37
30 41
30 31
19
31 35
31 24
31 12
31 40
31 42
31 2
31 1
31 7
31 44
31 28
31 27
31 32
31 38
31 10
31 17
31 34
31 25
31 19
31 39
24
32 15
32 39
32 35
32 5
32 2
32 49
32 13
32 37
32 23
32 45
32 0
32 26
32 4
32 21
32 18
32 47
32 41
32 3
32 29
32 34
32 44
32 14
32 43
32 10
18
33 29
33 45
33 42
33 17
33 18
33 28
33 0
33 14
33 2
33 43
33 48
33 32
33 31
33 49
33 6
33 35
33 24
33 40
20
34 11
34 13
34 37
34 2
34 1
34 45
34 28
34 19
34 27
34 20
34 8
34 44
34 38
34 23
34 41
34 40
34 49
34 46
34 12
34 26
17
35 42
35 16
35 49
35 38
35 40
35 2
35 37
35 10
35 45
35 19
35 22
35 28
35 21
35 25
35 14
35 46
35 34
18
36 0
36 46
36 39
36 44
36 32
36 38
36 17
36 26
36 33
36 35
36 15
36 25
36 1
36 10
36 7
36 5
36 3
36 34
19
37 31
37 25
37 44
37 19
37 39
37 41
37 9
37 5
37 4
37 8
37 26
37 49
37 11
37 2
37 7
37 24
37 29
37 42
37 20
18
38 49
38 18
38 11
38 42
38 40
38 37
38 32
38 28
38 14
38 5
38 12
38 44
38 1
38 30
38 46
38 23
38 39
38 3
15
39 34
39 35
39 40
39 16
39 44
39 17
39 27
39 18
39 0
39 7
39 9
39 8
39 47
39 22
39 3
21
40 10
40 23
40 15
40 7
40 21
40 1
40 6
40 27
40 47
40 42
40 37
40 30
40 4
40 36
40 28
40 46
40 41
40 48
40 29
40 18
40 26
19
41 47
41 29
41 49
41 48
41 28
41 8
41 20
41 33
41 31
41 43
41 45
41 16
41 35
41 23
41 46
41 36
41 26
41 2
41 3
20
42 29
42 6
42 36
42 10
42 19
42 39
42 45
42 41
42 49
42 30
42 16
42 22
42 5
42 8
42 34
42 23
42 14
42 4
42 32
42 7
16
43 2
43 6
43 36
43 49
43 47
43 39
43 18
43 4
43 0
43 42
43 8
43 31
43 22
43 37
43 13
43 40
21
44 23
44 25
44 12
44 8
44 28
44 10
44 6
44 46
44 2
44 48
44 0
44 35
44 13
44 20
44 9
44 33
44 45
44 42
44 40
44 15
44 19
13
45 43
45 0
45 36
45 28
45 13
45 21
45 23
45 40
45 37
45 15
45 17
45 10
45 49
16
46 11
46 0
46 30
46 18
46 43
46 49
46 42
46 15
46 45
46 10
46 5
46 6
46 37
46 20
46 28
46 17
17
47 13
47 26
47 46
47 11
47 35
47 22
47 45
47 6
47 1
47 2
47 44
47 16
47 18
47 31
47 14
47 36
47 28
19
48 14
48 36
48 26
48 46
48 49
48 18
48 15
48 45
48 20
48 25
48 34
48 29
48 8
48 39
48 32
48 10
48 23
48 16
48 4
17
49 21
49 29
49 20
49 17
49 1
49 8
49 4
49 5
49 47
49 14
49 3
49 30
49 11
49 23
49 31
49 44
49 28
