50
0 "A16"
1 "A36"
2 "A17"
3 "A7"
4 "A42"
5 "A19"
6 "A33"
7 "A8"
8 "A20"
9 "A24"
10 "A26"
11 "A48"
12 "A15"
13 "A28"
14 "A35"
15 "A23"
16 "A47"
17 "A22"
18 "A40"
19 "A39"
20 "A25"
21 "A5"
22 "A38"
23 "A18"
24 "A45"
25 "A43"
26 "A31"
27 "A34"
28 "A1"
29 "A2"
30 "A37"
31 "A46"
32 "A9"
33 "A27"
34 "A32"
35 "A3"
36 "A12"
37 "A4"
38 "A10"
39 "A49"
40 "A30"
41 "A11"
42 "A29"
43 "A6"
44 "A44"
45 "A0"
46 "A41"
47 "A14"
48 "A13"
49 "A21"
21
0 4
0 11
0 43
0 14
0 20
0 34
0 37
0 13
0 33
0 7
0 26
0 22
0 24
0 19
0 27
0 31
0 30
0 21
0 3
0 15
0 10
25
1 39
1 8
1 35
1 2
1 0
1 26
1 10
1 40
1 16
1 15
1 22
1 31
1 6
1 33
1 5
1 36
1 13
1 24
1 27
1 46
1 9
1 29
1 18
1 48
1 41
21
2 32
2 11
2 46
2 37
2 31
2 42
2 47
2 39
2 35
2 14
2 4
2 34
2 19
2 38
2 28
2 30
2 26
2 3
2 44
2 49
2 33
16
3 14
3 21
3 11
3 17
3 8
3 49
3 37
3 24
3 40
3 23
3 9
3 1
3 7
3 16
3 20
3 29
21
4 23
4 7
4 42
4 43
4 19
4 40
4 11
4 31
4 9
4 20
4 41
4 3
4 27
4 28
4 18
4 46
4 21
4 47
4 24
4 35
4 5
21
5 8
5 30
5 44
5 48
5 47
5 49
5 35
5 27
5 19
5 43
5 20
5 38
5 13
5 15
5 41
5 21
5 3
5 10
5 28
5 37
5 6
17
6 44
6 45
6 0
6 3
6 17
6 2
6 25
6 4
6 19
6 20
6 40
6 13
6 26
6 11
6 16
6 28
6 33
22
7 48
7 2
7 26
7 6
7 45
7 29
7 30
7 39
7 5
7 11
7 19
7 10
7 28
7 47
7 40
7 25
7 27
7 1
7 42
7 36
7 22
7 34
20
8 14
8 22
8 29
8 28
8 12
8 32
8 30
8 44
8 19
8 6
8 16
8 0
8 34
8 9
8 26
8 18
8 7
8 37
8 4
8 23
17
9 10
9 35
9 26
9 37
9 40
9 30
9 29
9 24
9 27
9 7
9 31
9 2
9 34
9 41
9 22
9 12
9 49
15
10 13
10 18
10 4
10 14
10 25
10 20
10 6
10 29
10 36
10 22
10 35
10 46
10 30
10 17
10 42
18
11 39
11 37
11 25
11 24
11 12
11 15
11 36
11 17
11 14
11 42
11 48
11 8
11 23
11 10
11 18
11 30
11 22
11 44
22
12 41
12 37
12 21
12 17
12 16
12 15
12 10
12 2
12 32
12 13
12 27
12 14
12 47
12 39
12 44
12 36
12 42
12 4
12 6
12 20
12 7
12 38
26
13 16
13 38
13 21
13 2
13 14
13 22
13 46
13 28
13 39
13 18
13 9
13 19
13 17
13 34
13 48
13 23
13 3
13 47
13 40
13 8
13 41
13 37
13 42
13 20
13 24
13 15
21
14 4
14 49
14 1
14 35
14 40
14 6
14 46
14 42
14 7
14 15
14 43
14 9
14 31
14 29
14 38
14 17
14 36
14 34
14 24
14 25
14 44
17
15 9
15 2
15 46
15 4
15 33
15 23
15 28
15 8
15 10
15 18
15 45
15 36
15 19
15 40
15 42
15 22
15 24
19
16 44
16 26
16 5
16 28
16 29
16 49
16 9
16 41
16 7
16 10
16 35
16 2
16 19
16 27
16 0
16 4
16 43
16 11
16 32
19
17 8
17 31
17 42
17 43
17 36
17 4
17 45
17 41
17 7
17 47
17 1
17 26
17 0
17 9
17 49
17 32
17 18
17 37
17 38
20
18 36
18 7
18 2
18 5
18 24
18 48
18 47
18 42
18 26
18 32
18 45
18 43
18 28
18 6
18 30
18 25
18 12
18 41
18 40
18 23
16
19 18
19 44
19 10
19 1
19 14
19 9
19 43
19 26
19 27
19 12
19 29
19 36
19 3
19 24
19 38
19 21
22
20 15
20 2
20 8
20 49
20 22
20 37
20 25
20 7
20 28
20 27
20 29
20 9
20 47
20 21
20 11
20 16
20 31
20 14
20 46
20 43
20 45
20 35
17
21 46
21 16
21 29
21 8
21 27
21 1
21 9
21 42
21 17
21 37
21 15
21 47
21 33
21 34
21 30
21 25
21 6
21
22 12
22 24
22 17
22 38
22 2
22 45
22 29
22 16
22 46
22 36
22 18
22 21
22 6
22 33
22 40
22 3
22 26
22 31
22 48
22 44
22 4
20
23 1
23 6
23 44
23 37
23 22
23 7
23 19
23 16
23 41
23 47
23 20
23 29
23 34
23 25
23 0
23 26
23 46
23 9
23 31
23 36
20
24 26
24 5
24 23
24 31
24 34
24 12
24 27
24 16
24 8
24 2
24 49
24 17
24 29
24 48
24 10
24 41
24 7
24 25
24 6
24 21
11
25 9
25 3
25 15
25 13
25 38
25 17
25 40
25 1
25 41
25 47
25 46
16
26 3
26 14
26 34
26 12
26 39
26 11
26 47
26 36
26 30
26 31
26 4
26 10
26 21
26 25
26 20
26 48
22
27 26
27 49
27 10
27 38
27 11
27 45
27 14
27 15
27 17
27 6
27 33
27 46
27 23
27 40
27 34
27 2
27 18
27 25
27 22
27 42
27 8
27 32
23
28 27
28 23
28 19
28 26
28 32
28 11
28 43
28 44
28 37
28 35
28 17
28 9
28 24
28 29
28 36
28 10
28 14
28 1
28 39
28 3
28 41
28 12
28 0
20
29 48
29 46
29 37
29 42
29 25
29 6
29 2
29 43
29 17
29 5
29 15
29 13
29 32
29 27
29 26
29 4
29 33
29 35
29 40
29 18
20
30 33
30 24
30 35
30 19
30 29
30 4
30 14
30 25
30 1
30 32
30 13
30 20
30 36
30 37
30 44
30 17
30 31
30 22
30 45
30 27
14
31 11
31 36
31 13
31 10
31 48
31 12
31 41
31 44
31 6
31 21
31 7
31 16
31 34
31 45
24
32 43
32 41
32 10
32 3
32 26
32 23
32 11
32 6
32 25
32 19
32 5
32 46
32 22
32 21
32 24
32 48
32 39
32 7
32 9
32 4
32 33
32 13
32 31
32 20
19
33 9
33 45
33 38
33 16
33 24
33 7
33 31
33 8
33 23
33 19
33 26
33 10
33 5
33 28
33 46
33 49
33 25
33 13
33 44
17
34 12
34 18
34 6
34 25
34 4
34 5
34 10
34 16
34 3
34 19
34 47
34 44
34 38
34 1
34 36
34 33
34 17
19
35 48
35 6
35 26
35 39
35 13
35 31
35 36
35 18
35 7
35 15
35 25
35 43
35 24
35 33
35 41
35 0
35 19
35 22
35 17
15
36 42
36 0
36 4
36 44
36 9
36 37
36 20
36 8
36 33
36 16
36 13
36 2
36 21
36 3
36 24
17
37 7
37 32
37 18
37 38
37 10
37 6
37 45
37 25
37 46
37 31
37 24
37 44
37 22
37 42
37 47
37 16
37 40
20
38 20
38 6
38 15
38 0
38 35
38 18
38 44
38 43
38 16
38 26
38 36
38 48
38 46
38 8
38 4
38 21
38 41
38 1
38 28
38 32
25
39 8
39 22
39 27
39 36
39 17
39 45
39 30
39 33
39 37
39 34
39 3
39 21
39 20
39 25
39 31
39 6
39 18
39 29
39 4
39 14
39 10
39 9
39 48
39 38
39 23
24
40 38
40 20
40 2
40 33
40 12
40 17
40 41
40 30
40 43
40 19
40 39
40 5
40 26
40 44
40 34
40 16
40 31
40 23
40 21
40 8
40 47
40 42
40 28
40 35
17
41 48
41 2
41 45
41 15
41 29
41 34
41 14
41 27
41 44
41 36
41 11
41 10
41 37
41 43
41 6
41 39
41 20
21
42 6
42 20
42 47
42 34
42 32
42 48
42 49
42 31
42 3
42 1
42 43
42 19
42 46
42 41
42 24
42 35
42 39
42 38
42 23
42 33
42 25
19
43 6
43 3
43 9
43 22
43 15
43 21
43 1
43 10
43 44
43 30
43 31
43 26
43 48
43 27
43 8
43 13
43 12
43 23
43 25
14
44 25
44 39
44 48
44 35
44 27
44 4
44 26
44 45
44 29
44 15
44 42
44 0
44 13
44 17
20
45 34
45 11
45 5
45 4
45 23
45 21
45 36
45 14
45 25
45 12
45 1
45 19
45 9
45 40
45 26
45 42
45 13
45 24
45 16
45 3
19
46 0
46 35
46 36
46 18
46 6
46 9
46 17
46 3
46 7
46 40
46 12
46 19
46 5
46 44
46 26
46 43
46 41
46 34
46 11
21
47 22
47 29
47 39
47 19
47 10
47 41
47 6
47 45
47 43
47 15
47 32
47 33
47 28
47 30
47 38
47 1
47 36
47 35
47 44
47 46
47 24
25
48 33
48 36
48 3
48 40
48 34
48 14
48 49
48 12
48 17
48 10
48 46
48 30
48 23
48 2
48 4
48 28
48 0
48 8
48 19
48 47
48 9
48 16
48 25
48 6
48 20
24
49 35
49 21
49 15
49 38
49 40
49 46
49 41
49 11
49 25
49 8
49 13
49 4
49 45
49 28
49 6
49 7
49 47
49 22
49 36
49 37
49 39
49 26
49 1
49 32
