50
0 "A16"
1 "A36"
2 "A17"
3 "A7"
4 "A42"
5 "A19"
6 "A33"
7 "A8"
8 "A20"
9 "A24"
10 "A26"
11 "A48"
12 "A15"
13 "A28"
14 "A35"
15 "A23"
16 "A47"
17 "A22"
18 "A40"
19 "A39"
20 "A25"
21 "A5"
22 "A38"
23 "A18"
24 "A45"
25 "A43"
26 "A31"
27 "A34"
28 "A1"
29 "A2"
30 "A37"
31 "A46"
32 "A9"
33 "A27"
34 "A32"
35 "A3"
36 "A12"
37 "A4"
38 "A10"
39 "A49"
40 "A30"
41 "A11"
42 "A29"
43 "A6"
44 "A44"
45 "A0"
46 "A41"
47 "A14"
48 "A13"
49 "A21"
20
0 31
0 32
0 4
0 25
0 37
0 3
0 35
0 44
0 39
0 23
0 21
0 9
0 18
0 8
0 7
0 27
0 14
0 24
0 22
0 38
16
1 4
1 16
1 26
1 13
1 31
1 30
1 41
1 22
1 21
1 28
1 14
1 2
1 18
1 38
1 25
1 43
23
2 45
2 17
2 31
2 14
2 28
2 40
2 36
2 35
2 7
2 38
2 11
2 39
2 3
2 37
2 10
2 0
2 47
2 9
2 4
2 29
2 22
2 8
2 25
22
3 20
3 18
3 8
3 23
3 49
3 24
3 5
3 40
3 15
3 33
3 11
3 43
3 6
3 9
3 10
3 22
3 26
3 32
3 1
3 29
3 35
3 12
14
4 45
4 28
4 10
4 38
4 43
4 19
4 5
4 25
4 29
4 13
4 42
4 17
4 33
4 40
21
5 28
5 2
5 34
5 0
5 21
5 16
5 11
5 8
5 41
5 17
5 13
5 1
5 15
5 38
5 6
5 42
5 10
5 7
5 26
5 23
5 22
20
6 37
6 35
6 23
6 43
6 8
6 2
6 25
6 34
6 7
6 36
6 31
6 27
6 4
6 26
6 19
6 45
6 33
6 11
6 28
6 15
14
7 34
7 29
7 22
7 26
7 49
7 40
7 8
7 16
7 31
7 10
7 45
7 20
7 47
7 30
15
8 39
8 15
8 16
8 47
8 1
8 12
8 25
8 24
8 49
8 42
8 43
8 22
8 37
8 46
8 19
17
9 20
9 38
9 34
9 21
9 41
9 11
9 42
9 13
9 36
9 1
9 6
9 27
9 37
9 7
9 26
9 4
9 29
22
10 47
10 41
10 48
10 28
10 6
10 36
10 49
10 40
10 11
10 9
10 43
10 29
10 22
10 24
10 33
10 26
10 18
10 20
10 39
10 12
10 0
10 34
19
11 26
11 22
11 24
11 15
11 38
11 42
11 29
11 43
11 25
11 37
11 18
11 31
11 20
11 39
11 48
11 17
11 12
11 49
11 36
26
12 28
12 17
12 36
12 15
12 41
12 4
12 29
12 2
12 24
12 5
12 30
12 22
12 42
12 23
12 49
12 14
12 31
12 7
12 46
12 25
12 37
12 9
12 18
12 1
12 38
12 6
25
13 23
13 46
13 40
13 21
13 8
13 31
13 15
13 6
13 18
13 0
13 2
13 22
13 29
13 3
13 26
13 42
13 43
13 28
13 11
13 39
13 37
13 19
13 7
13 44
13 17
26
14 5
14 24
14 16
14 38
14 42
14 28
14 36
14 11
14 25
14 43
14 9
14 30
14 7
14 48
14 19
14 13
14 17
14 4
14 18
14 6
14 15
14 26
14 21
14 8
14 3
14 49
17
15 35
15 28
15 46
15 30
15 36
15 33
15 4
15 2
15 39
15 23
15 7
15 1
15 24
15 32
15 22
15 37
15 29
15
16 11
16 47
16 15
16 25
16 49
16 10
16 41
16 30
16 19
16 35
16 34
16 22
16 39
16 18
16 44
25
17 40
17 0
17 27
17 42
17 10
17 41
17 34
17 20
17 46
17 8
17 19
17 9
17 1
17 24
17 21
17 38
17 26
17 30
17 6
17 7
17 16
17 18
17 22
17 3
17 33
15
18 43
18 4
18 25
18 40
18 44
18 2
18 6
18 48
18 47
18 38
18 33
18 32
18 5
18 8
18 45
18
19 34
19 47
19 9
19 41
19 3
19 37
19 40
19 21
19 25
19 12
19 1
19 10
19 38
19 23
19 49
19 18
19 5
19 15
19
20 33
20 47
20 22
20 45
20 2
20 30
20 42
20 18
20 12
20 0
20 6
20 46
20 1
20 49
20 8
20 16
20 23
20 25
20 39
20
21 20
21 44
21 2
21 4
21 6
21 48
21 12
21 8
21 11
21 16
21 49
21 15
21 46
21 26
21 10
21 47
21 40
21 18
21 22
21 3
14
22 40
22 14
22 26
22 4
22 9
22 6
22 34
22 18
22 19
22 31
22 46
22 42
22 48
22 35
23
23 1
23 44
23 29
23 21
23 16
23 2
23 18
23 17
23 4
23 27
23 41
23 47
23 7
23 22
23 48
23 39
23 8
23 30
23 37
23 25
23 40
23 36
23 31
16
24 30
24 9
24 27
24 28
24 29
24 20
24 6
24 4
24 2
24 18
24 1
24 42
24 16
24 34
24 45
24 35
12
25 49
25 36
25 29
25 44
25 27
25 24
25 5
25 3
25 47
25 22
25 37
25 41
17
26 25
26 46
26 15
26 31
26 20
26 41
26 36
26 47
26 37
26 4
26 16
26 24
26 8
26 0
26 18
26 32
26 12
22
27 42
27 3
27 49
27 47
27 14
27 15
27 1
27 21
27 43
27 34
27 29
27 26
27 30
27 41
27 37
27 16
27 11
27 10
27 13
27 7
27 22
27 5
19
28 29
28 23
28 43
28 37
28 3
28 9
28 35
28 46
28 22
28 7
28 36
28 21
28 42
28 27
28 30
28 19
28 44
28 41
28 11
18
29 6
29 40
29 48
29 37
29 42
29 5
29 18
29 34
29 21
29 35
29 30
29 20
29 16
29 32
29 22
29 31
29 14
29 46
17
30 13
30 11
30 33
30 6
30 32
30 25
30 31
30 10
30 18
30 49
30 41
30 8
30 44
30 4
30 5
30 3
30 35
18
31 25
31 27
31 16
31 43
31 19
31 36
31 49
31 4
31 45
31 48
31 3
31 21
31 17
31 5
31 28
31 18
31 41
31 20
27
32 9
32 27
32 22
32 43
32 41
32 10
32 46
32 19
32 2
32 5
32 1
32 6
32 49
32 20
32 31
32 36
32 23
32 13
32 17
32 28
32 16
32 8
32 45
32 33
32 25
32 48
32 7
25
33 43
33 28
33 23
33 38
33 39
33 44
33 19
33 49
33 31
33 5
33 47
33 11
33 35
33 21
33 29
33 26
33 8
33 24
33 36
33 7
33 46
33 14
33 2
33 45
33 12
16
34 0
34 13
34 49
34 26
34 14
34 33
34 18
34 2
34 12
34 1
34 11
34 4
34 3
34 46
34 8
34 25
24
35 41
35 46
35 37
35 13
35 18
35 1
35 4
35 49
35 21
35 32
35 23
35 5
35 39
35 34
35 10
35 17
35 14
35 25
35 12
35 27
35 45
35 9
35 19
35 48
21
36 21
36 49
36 30
36 34
36 20
36 1
36 18
36 22
36 35
36 5
36 45
36 24
36 19
36 46
36 41
36 0
36 16
36 8
36 44
36 27
36 42
19
37 18
37 5
37 17
37 3
37 45
37 24
37 10
37 33
37 49
37 7
37 32
37 21
37 1
37 44
37 42
37 41
37 36
37 22
37 30
23
38 23
38 26
38 36
38 10
38 8
38 40
38 27
38 3
38 37
38 48
38 16
38 7
38 43
38 32
38 6
38 42
38 29
38 15
38 34
38 20
38 28
38 35
38 25
23
39 38
39 3
39 31
39 25
39 9
39 22
39 14
39 17
39 36
39 6
39 47
39 18
39 34
39 45
39 30
39 12
39 5
39 4
39 27
39 21
39 42
39 28
39 1
23
40 47
40 20
40 39
40 34
40 8
40 27
40 43
40 16
40 31
40 32
40 24
40 25
40 12
40 33
40 37
40 45
40 30
40 35
40 44
40 11
40 14
40 26
40 6
12
41 39
41 15
41 21
41 7
41 45
41 4
41 18
41 33
41 11
41 2
41 40
41 38
16
42 41
42 48
42 31
42 23
42 7
42 26
42 33
42 2
42 21
42 3
42 35
42 19
42 15
42 6
42 34
42 30
22
43 15
43 23
43 26
43 44
43 16
43 12
43 22
43 19
43 30
43 0
43 17
43 42
43 36
43 41
43 20
43 2
43 34
43 47
43 21
43 35
43 37
43 46
23
44 42
44 27
44 15
44 24
44 5
44 14
44 31
44 29
44 7
44 6
44 39
44 20
44 26
44 17
44 22
44 34
44 35
44 1
44 38
44 8
44 10
44 48
44 19
16
45 27
45 15
45 29
45 16
45 43
45 5
45 1
45 22
45 17
45 48
45 13
45 44
45 42
45 38
45 14
45 47
23
46 6
46 19
46 25
46 14
46 44
46 45
46 18
46 11
46 48
46 41
46 30
46 1
46 16
46 2
46 38
46 49
46 31
46 9
46 7
46 40
46 3
46 24
46 23
21
47 17
47 15
47 35
47 29
47 13
47 11
47 34
47 3
47 41
47 5
47 1
47 24
47 14
47 37
47 32
47 38
47 36
47 44
47 12
47 28
47 30
20
48 30
48 0
48 6
48 33
48 41
48 27
48 26
48 34
48 40
48 2
48 16
48 49
48 28
48 5
48 43
48 4
48 3
48 9
48 25
48 24
21
49 42
49 28
49 26
49 29
49 15
49 13
49 23
49 17
49 40
49 5
49 22
49 0
49 18
49 4
49 6
49 9
49 2
49 24
49 47
49 43
49 1
