50
0 "A16"
1 "A36"
2 "A17"
3 "A7"
4 "A42"
5 "A19"
6 "A33"
7 "A8"
8 "A20"
9 "A24"
10 "A26"
11 "A48"
12 "A15"
13 "A28"
14 "A35"
15 "A23"
16 "A47"
17 "A22"
18 "A40"
19 "A39"
20 "A25"
21 "A5"
22 "A38"
23 "A18"
24 "A45"
25 "A43"
26 "A31"
27 "A34"
28 "A1"
29 "A2"
30 "A37"
31 "A46"
32 "A9"
33 "A27"
34 "A32"
35 "A3"
36 "A12"
37 "A4"
38 "A10"
39 "A49"
40 "A30"
41 "A11"
42 "A29"
43 "A6"
44 "A44"
45 "A0"
46 "A41"
47 "A14"
48 "A13"
49 "A21"
18
0 42
0 22
0 30
0 18
0 49
0 28
0 48
0 26
0 38
0 7
0 6
0 14
0 17
0 11
0 16
0 47
0 41
0 35
15
1 7
1 31
1 45
1 5
1 12
1 14
1 8
1 0
1 19
1 40
1 37
1 10
1 17
1 25
1 42
22
2 39
2 40
2 23
2 33
2 29
2 46
2 41
2 1
2 9
2 11
2 17
2 28
2 13
2 47
2 0
2 26
2 16
2 4
2 27
2 3
2 42
2 49
23
3 29
3 44
3 32
3 40
3 4
3 27
3 24
3 9
3 16
3 30
3 39
3 22
3 19
3 0
3 20
3 33
3 6
3 47
3 15
3 49
3 36
3 46
3 45
18
4 15
4 29
4 1
4 21
4 10
4 34
4 32
4 12
4 47
4 38
4 30
4 49
4 26
4 0
4 19
4 25
4 43
4 46
26
5 39
5 31
5 24
5 16
5 14
5 34
5 19
5 36
5 47
5 11
5 2
5 29
5 9
5 32
5 37
5 41
5 22
5 42
5 28
5 6
5 43
5 49
5 40
5 0
5 3
5 21
16
6 28
6 37
6 10
6 1
6 43
6 39
6 14
6 23
6 18
6 20
6 46
6 17
6 9
6 19
6 21
6 44
21
7 20
7 30
7 6
7 39
7 34
7 29
7 47
7 38
7 43
7 18
7 44
7 41
7 46
7 22
7 5
7 4
7 28
7 2
7 24
7 13
7 36
26
8 49
8 23
8 21
8 19
8 5
8 28
8 14
8 34
8 10
8 15
8 4
8 48
8 42
8 16
8 0
8 38
8 47
8 27
8 44
8 6
8 40
8 41
8 39
8 18
8 2
8 36
21
9 28
9 19
9 43
9 1
9 39
9 29
9 4
9 16
9 18
9 0
9 7
9 25
9 17
9 41
9 49
9 23
9 21
9 44
9 12
9 34
9 15
22
10 3
10 48
10 30
10 24
10 19
10 7
10 17
10 14
10 9
10 40
10 42
10 0
10 32
10 46
10 16
10 38
10 11
10 35
10 39
10 36
10 2
10 31
17
11 3
11 15
11 6
11 13
11 18
11 31
11 1
11 4
11 24
11 8
11 20
11 7
11 17
11 30
11 22
11 37
11 9
22
12 35
12 20
12 14
12 29
12 7
12 36
12 44
12 25
12 28
12 17
12 11
12 18
12 31
12 21
12 32
12 8
12 26
12 34
12 47
12 49
12 19
12 3
22
13 14
13 1
13 29
13 32
13 28
13 9
13 26
13 44
13 43
13 38
13 3
13 12
13 42
13 15
13 19
13 34
13 10
13 23
13 27
13 41
13 39
13 47
15
14 2
14 49
14 11
14 34
14 28
14 7
14 36
14 21
14 26
14 19
14 48
14 20
14 17
14 3
14 22
17
15 28
15 34
15 24
15 2
15 6
15 27
15 7
15 1
15 18
15 44
15 48
15 37
15 40
15 30
15 25
15 31
15 14
19
16 42
16 43
16 25
16 15
16 44
16 22
16 13
16 17
16 11
16 46
16 48
16 36
16 4
16 27
16 23
16 33
16 1
16 26
16 41
16
17 31
17 4
17 15
17 38
17 27
17 23
17 24
17 3
17 35
17 8
17 7
17 13
17 44
17 45
17 47
17 46
20
18 3
18 48
18 35
18 16
18 10
18 1
18 28
18 27
18 37
18 46
18 22
18 13
18 4
18 47
18 49
18 2
18 39
18 34
18 30
18 14
20
19 34
19 7
19 30
19 29
19 0
19 25
19 33
19 35
19 43
19 17
19 36
19 28
19 46
19 37
19 20
19 2
19 18
19 39
19 44
19 16
16
20 17
20 38
20 39
20 33
20 13
20 9
20 42
20 45
20 23
20 22
20 0
20 2
20 43
20 46
20 35
20 8
22
21 42
21 2
21 18
21 49
21 15
21 20
21 13
21 25
21 48
21 7
21 46
21 47
21 26
21 16
21 11
21 3
21 41
21 24
21 28
21 38
21 23
21 44
19
22 8
22 15
22 43
22 2
22 39
22 31
22 45
22 33
22 36
22 40
22 29
22 19
22 1
22 21
22 48
22 23
22 25
22 44
22 41
22
23 38
23 15
23 46
23 48
23 28
23 25
23 31
23 35
23 3
23 24
23 45
23 12
23 33
23 1
23 10
23 0
23 37
23 42
23 4
23 29
23 18
23 7
23
24 30
24 45
24 12
24 31
24 2
24 4
24 26
24 16
24 46
24 9
24 39
24 38
24 0
24 40
24 22
24 20
24 8
24 41
24 13
24 19
24 14
24 28
24 47
22
25 45
25 47
25 5
25 27
25 48
25 18
25 10
25 3
25 28
25 17
25 8
25 31
25 0
25 30
25 42
25 38
25 33
25 7
25 44
25 13
25 11
25 40
21
26 20
26 5
26 33
26 8
26 30
26 48
26 27
26 47
26 10
26 7
26 42
26 45
26 3
26 22
26 31
26 1
26 38
26 17
26 11
26 32
26 6
20
27 7
27 30
27 5
27 28
27 24
27 47
27 29
27 44
27 34
27 4
27 31
27 41
27 10
27 23
27 37
27 14
27 9
27 46
27 42
27 11
14
28 29
28 39
28 49
28 42
28 38
28 45
28 26
28 17
28 3
28 32
28 20
28 10
28 30
28 34
16
29 8
29 11
29 49
29 16
29 32
29 34
29 6
29 10
29 21
29 17
29 31
29 46
29 24
29 37
29 41
29 25
21
30 43
30 48
30 12
30 2
30 33
30 44
30 47
30 36
30 13
30 8
30 45
30 29
30 23
30 40
30 17
30 34
30 21
30 22
30 46
30 41
30 16
16
31 8
31 37
31 4
31 44
31 41
31 14
31 16
31 9
31 28
31 21
31 13
31 3
31 38
31 18
31 30
31 2
23
32 6
32 33
32 11
32 38
32 1
32 19
32 17
32 42
32 9
32 2
32 49
32 44
32 18
32 14
32 34
32 24
32 46
32 35
32 21
32 41
32 36
32 22
32 25
24
33 21
33 42
33 44
33 5
33 17
33 13
33 40
33 49
33 4
33 14
33 24
33 27
33 12
33 7
33 29
33 0
33 9
33 18
33 34
33 15
33 38
33 1
33 11
33 8
15
34 20
34 10
34 11
34 26
34 25
34 2
34 40
34 35
34 24
34 41
34 44
34 17
34 21
34 23
34 22
20
35 43
35 45
35 4
35 44
35 16
35 11
35 2
35 25
35 36
35 40
35 9
35 6
35 15
35 24
35 26
35 8
35 5
35 49
35 42
35 22
19
36 4
36 44
36 33
36 47
36 31
36 29
36 2
36 23
36 1
36 34
36 37
36 9
36 26
36 38
36 42
36 41
36 6
36 24
36 48
22
37 8
37 4
37 47
37 14
37 12
37 30
37 20
37 0
37 22
37 33
37 44
37 48
37 2
37 7
37 24
37 25
37 43
37 46
37 35
37 28
37 21
37 13
14
38 37
38 30
38 9
38 2
38 5
38 6
38 22
38 16
38 19
38 27
38 11
38 1
38 34
38 29
22
39 23
39 26
39 12
39 4
39 33
39 21
39 29
39 0
39 37
39 17
39 49
39 34
39 42
39 38
39 43
39 35
39 14
39 47
39 31
39 32
39 36
39 16
21
40 47
40 27
40 36
40 23
40 44
40 26
40 7
40 43
40 11
40 17
40 21
40 46
40 18
40 37
40 4
40 14
40 38
40 9
40 16
40 13
40 29
19
41 25
41 19
41 33
41 28
41 37
41 42
41 14
41 1
41 6
41 40
41 44
41 20
41 10
41 39
41 47
41 43
41 15
41 35
41 12
17
42 17
42 22
42 7
42 46
42 3
42 30
42 4
42 14
42 15
42 44
42 29
42 9
42 34
42 40
42 24
42 11
42 19
23
43 34
43 25
43 28
43 12
43 18
43 14
43 32
43 38
43 42
43 17
43 0
43 26
43 11
43 23
43 48
43 10
43 3
43 46
43 21
43 15
43 31
43 1
43 49
17
44 0
44 14
44 24
44 10
44 43
44 38
44 2
44 4
44 29
44 20
44 23
44 45
44 1
44 49
44 11
44 26
44 39
20
45 40
45 27
45 19
45 10
45 7
45 15
45 36
45 4
45 16
45 6
45 34
45 39
45 31
45 43
45 49
45 41
45 37
45 42
45 0
45 33
19
46 38
46 33
46 8
46 28
46 26
46 41
46 35
46 25
46 13
46 44
46 11
46 45
46 39
46 22
46 49
46 0
46 5
46 9
46 14
17
47 14
47 45
47 35
47 28
47 15
47 42
47 20
47 11
47 34
47 29
47 16
47 32
47 43
47 23
47 10
47 31
47 38
23
48 12
48 39
48 7
48 19
48 41
48 3
48 35
48 46
48 34
48 13
48 9
48 31
48 20
48 27
48 5
48 17
48 29
48 49
48 40
48 44
48 32
48 2
48 24
17
49 36
49 20
49 11
49 23
49 19
49 26
49 31
49 17
49 10
49 37
49 47
49 15
49 1
49 41
49 6
49 24
49 25
