50
0 "A16"
1 "A36"
2 "A17"
3 "A7"
4 "A42"
5 "A19"
6 "A33"
7 "A8"
8 "A20"
9 "A24"
10 "A26"
11 "A48"
12 "A15"
13 "A28"
14 "A35"
15 "A23"
16 "A47"
17 "A22"
18 "A40"
19 "A39"
20 "A25"
21 "A5"
22 "A38"
23 "A18"
24 "A45"
25 "A43"
26 "A31"
27 "A34"
28 "A1"
29 "A2"
30 "A37"
31 "A46"
32 "A9"
33 "A27"
34 "A32"
35 "A3"
36 "A12"
37 "A4"
38 "A10"
39 "A49"
40 "A30"
41 "A11"
42 "A29"
43 "A6"
44 "A44"
45 "A0"
46 "A41"
47 "A14"
48 "A13"
49 "A21"
20
0 28
0 30
0 39
0 13
0 12
0 29
0 24
0 47
0 2
0 36
0 3
0 43
0 23
0 44
0 22
0 33
0 4
0 20
0 42
0 11
13
1 41
1 22
1 45
1 35
1 33
1 17
1 28
1 42
1 5
1 11
1 8
1 2
1 36
17
2 36
2 20
2 40
2 29
2 31
2 24
2 37
2 6
2 23
2 38
2 16
2 4
2 12
2 14
2 17
2 7
2 48
19
3 48
3 27
3 5
3 26
3 49
3 11
3 35
3 4
3 37
3 39
3 18
3 38
3 45
3 31
3 2
3 42
3 9
3 36
3 34
19
4 27
4 10
4 43
4 29
4 39
4 11
4 26
4 34
4 23
4 6
4 7
4 9
4 49
4 44
4 21
4 1
4 5
4 28
4 20
23
5 41
5 38
5 37
5 31
5 12
5 2
5 11
5 22
5 21
5 17
5 44
5 36
5 16
5 24
5 42
5 49
5 47
5 29
5 8
5 6
5 10
5 19
5 30
19
6 34
6 49
6 28
6 14
6 3
6 20
6 13
6 12
6 29
6 48
6 41
6 22
6 45
6 7
6 47
6 19
6 15
6 16
6 40
23
7 14
7 1
7 40
7 47
7 16
7 48
7 27
7 32
7 41
7 43
7 33
7 44
7 19
7 25
7 3
7 20
7 24
7 0
7 12
7 17
7 38
7 21
7 39
20
8 6
8 13
8 40
8 7
8 37
8 34
8 17
8 24
8 45
8 9
8 29
8 42
8 28
8 44
8 30
8 22
8 10
8 49
8 38
8 25
27
9 0
9 39
9 48
9 29
9 12
9 15
9 7
9 13
9 22
9 30
9 34
9 49
9 31
9 6
9 23
9 2
9 36
9 19
9 5
9 17
9 46
9 16
9 41
9 1
9 27
9 14
9 44
21
10 25
10 17
10 7
10 28
10 6
10 32
10 20
10 0
10 26
10 2
10 44
10 34
10 29
10 27
10 41
10 11
10 49
10 40
10 3
10 9
10 14
17
11 30
11 8
11 20
11 45
11 38
11 9
11 32
11 15
11 17
11 7
11 28
11 26
11 46
11 37
11 14
11 12
11 31
17
12 42
12 19
12 22
12 1
12 17
12 30
12 32
12 37
12 39
12 10
12 46
12 44
12 33
12 3
12 4
12 23
12 15
23
13 4
13 39
13 22
13 48
13 5
13 7
13 17
13 27
13 10
13 38
13 36
13 43
13 25
13 29
13 31
13 28
13 41
13 12
13 33
13 11
13 49
13 42
13 2
18
14 31
14 21
14 26
14 47
14 39
14 49
14 48
14 33
14 40
14 16
14 42
14 46
14 20
14 3
14 32
14 17
14 22
14 41
23
15 46
15 17
15 13
15 39
15 23
15 7
15 14
15 33
15 22
15 1
15 8
15 2
15 36
15 0
15 34
15 31
15 16
15 48
15 10
15 26
15 24
15 4
15 18
23
16 10
16 12
16 23
16 26
16 1
16 35
16 28
16 48
16 0
16 31
16 21
16 11
16 4
16 3
16 46
16 20
16 33
16 45
16 13
16 47
16 18
16 19
16 39
18
17 40
17 35
17 3
17 16
17 25
17 31
17 18
17 39
17 4
17 6
17 29
17 37
17 20
17 19
17 38
17 42
17 44
17 46
22
18 2
18 34
18 5
18 11
18 9
18 44
18 33
18 43
18 12
18 47
18 14
18 35
18 1
18 27
18 45
18 30
18 46
18 10
18 8
18 32
18 22
18 7
19
19 42
19 8
19 49
19 1
19 10
19 23
19 18
19 13
19 20
19 32
19 33
19 35
19 14
19 48
19 43
19 4
19 28
19 24
19 41
18
20 5
20 32
20 21
20 36
20 24
20 12
20 43
20 28
20 1
20 47
20 35
20 30
20 38
20 3
20 23
20 13
20 15
20 33
22
21 2
21 37
21 32
21 43
21 29
21 3
21 26
21 23
21 10
21 8
21 30
21 12
21 33
21 46
21 1
21 0
21 45
21 28
21 18
21 15
21 22
21 38
20
22 48
22 19
22 3
22 34
22 29
22 16
22 7
22 32
22 28
22 26
22 23
22 4
22 44
22 24
22 33
22 20
22 41
22 25
22 37
22 11
13
23 3
23 17
23 26
23 7
23 37
23 33
23 48
23 10
23 45
23 31
23 35
23 14
23 13
22
24 39
24 9
24 27
24 12
24 38
24 48
24 34
24 16
24 3
24 25
24 21
24 14
24 41
24 6
24 4
24 11
24 18
24 23
24 36
24 35
24 49
24 26
20
25 40
25 34
25 3
25 38
25 16
25 47
25 45
25 11
25 44
25 12
25 27
25 46
25 29
25 49
25 9
25 1
25 14
25 23
25 2
25 21
20
26 17
26 33
26 13
26 36
26 45
26 29
26 19
26 41
26 6
26 20
26 12
26 25
26 0
26 42
26 48
26 8
26 2
26 5
26 1
26 18
25
27 20
27 33
27 0
27 2
27 6
27 29
27 31
27 43
27 5
27 36
27 46
27 12
27 23
27 17
27 45
27 30
27 39
27 1
27 8
27 14
27 40
27 16
27 37
27 26
27 32
20
28 15
28 34
28 44
28 12
28 27
28 37
28 14
28 18
28 3
28 36
28 5
28 45
28 42
28 17
28 32
28 24
28 35
28 7
28 23
28 9
18
29 48
29 34
29 46
29 42
29 23
29 40
29 12
29 1
29 19
29 47
29 14
29 32
29 28
29 45
29 11
29 18
29 3
29 16
20
30 26
30 6
30 42
30 4
30 47
30 24
30 23
30 48
30 29
30 13
30 25
30 7
30 3
30 39
30 19
30 2
30 38
30 22
30 41
30 10
19
31 28
31 12
31 25
31 10
31 6
31 37
31 1
31 26
31 40
31 30
31 22
31 41
31 0
31 8
31 7
31 24
31 29
31 19
31 21
22
32 45
32 0
32 17
32 24
32 46
32 25
32 48
32 2
32 26
32 30
32 3
32 1
32 47
32 23
32 5
32 13
32 4
32 39
32 40
32 41
32 16
32 37
14
33 31
33 25
33 4
33 46
33 28
33 8
33 30
33 43
33 40
33 32
33 49
33 24
33 5
33 6
18
34 11
34 45
34 23
34 27
34 26
34 44
34 12
34 37
34 19
34 30
34 16
34 32
34 7
34 17
34 42
34 0
34 33
34 41
20
35 12
35 10
35 38
35 47
35 30
35 48
35 45
35 21
35 7
35 0
35 40
35 14
35 33
35 32
35 6
35 27
35 22
35 42
35 9
35 5
19
36 14
36 6
36 7
36 29
36 31
36 12
36 42
36 34
36 25
36 22
36 23
36 46
36 17
36 30
36 48
36 10
36 11
36 39
36 16
21
37 15
37 10
37 42
37 6
37 25
37 26
37 16
37 14
37 41
37 30
37 35
37 13
37 44
37 29
37 24
37 1
37 18
37 33
37 7
37 9
37 19
21
38 36
38 12
38 26
38 40
38 32
38 14
38 22
38 44
38 45
38 43
38 31
38 27
38 9
38 46
38 23
38 37
38 48
38 29
38 28
38 47
38 4
17
39 23
39 20
39 34
39 33
39 41
39 22
39 29
39 43
39 11
39 8
39 6
39 38
39 37
39 35
39 48
39 26
39 1
19
40 39
40 4
40 47
40 46
40 15
40 11
40 9
40 41
40 30
40 13
40 26
40 42
40 34
40 37
40 28
40 0
40 20
40 18
40 45
20
41 20
41 21
41 18
41 33
41 47
41 4
41 46
41 29
41 11
41 35
41 8
41 28
41 23
41 42
41 0
41 12
41 38
41 25
41 36
41 27
17
42 47
42 9
42 23
42 4
42 31
42 27
42 6
42 45
42 10
42 21
42 18
42 7
42 32
42 20
42 15
42 38
42 22
26
43 34
43 3
43 15
43 35
43 24
43 6
43 36
43 29
43 5
43 14
43 16
43 41
43 23
43 2
43 49
43 26
43 44
43 12
43 40
43 45
43 25
43 1
43 28
43 42
43 9
43 31
19
44 31
44 29
44 11
44 35
44 30
44 45
44 13
44 47
44 19
44 26
44 2
44 23
44 20
44 21
44 6
44 39
44 36
44 33
44 14
18
45 7
45 2
45 14
45 10
45 5
45 4
45 22
45 48
45 20
45 15
45 9
45 0
45 37
45 19
45 30
45 33
45 39
45 17
19
46 30
46 24
46 48
46 3
46 31
46 45
46 2
46 28
46 23
46 5
46 10
46 43
46 42
46 37
46 4
46 0
46 1
46 7
46 44
16
47 15
47 49
47 10
47 22
47 2
47 3
47 24
47 27
47 19
47 4
47 9
47 34
47 36
47 13
47 21
47 12
18
48 43
48 49
48 41
48 11
48 44
48 21
48 12
48 25
48 0
48 37
48 17
48 10
48 42
48 33
48 18
48 34
48 20
48 1
18
49 22
49 11
49 20
49 39
49 38
49 27
49 2
49 31
49 41
49 18
49 34
49 1
49 45
49 46
49 17
49 32
49 30
49 26
