50
0 "A16"
1 "A36"
2 "A17"
3 "A7"
4 "A42"
5 "A19"
6 "A33"
7 "A8"
8 "A20"
9 "A24"
10 "A26"
11 "A48"
12 "A15"
13 "A28"
14 "A35"
15 "A23"
16 "A47"
17 "A22"
18 "A40"
19 "A39"
20 "A25"
21 "A5"
22 "A38"
23 "A18"
24 "A45"
25 "A43"
26 "A31"
27 "A34"
28 "A1"
29 "A2"
30 "A37"
31 "A46"
32 "A9"
33 "A27"
34 "A32"
35 "A3"
36 "A12"
37 "A4"
38 "A10"
39 "A49"
40 "A30"
41 "A11"
42 "A29"
43 "A6"
44 "A44"
45 "A0"
46 "A41"
47 "A14"
48 "A13"
49 "A21"
17
0 29
0 49
0 1
0 42
0 8
0 28
0 14
0 6
0 4
0 32
0 48
0 2
0 10
0 18
0 24
0 44
0 27
14
1 46
1 8
1 35
1 36
1 32
1 41
1 43
1 23
1 49
1 10
1 4
1 21
1 19
1 14
24
2 25
2 20
2 19
2 43
2 14
2 5
2 11
2 36
2 37
2 15
2 12
2 28
2 24
2 35
2 17
2 7
2 33
2 32
2 23
2 39
2 46
2 13
2 38
2 1
21
3 2
3 9
3 17
3 11
3 12
3 36
3 37
3 19
3 30
3 29
3 34
3 39
3 45
3 1
3 42
3 46
3 43
3 32
3 48
3 23
3 25
16
4 16
4 27
4 41
4 22
4 40
4 44
4 49
4 38
4 23
4 10
4 33
4 12
4 6
4 34
4 36
4 19
23
5 16
5 9
5 0
5 1
5 38
5 18
5 27
5 36
5 3
5 17
5 43
5 23
5 33
5 41
5 6
5 37
5 34
5 35
5 31
5 14
5 46
5 24
5 12
20
6 26
6 22
6 41
6 38
6 36
6 7
6 27
6 23
6 33
6 2
6 39
6 40
6 14
6 3
6 20
6 17
6 25
6 44
6 35
6 37
19
7 1
7 22
7 44
7 34
7 40
7 43
7 19
7 10
7 12
7 32
7 21
7 5
7 9
7 18
7 3
7 20
7 4
7 38
7 39
20
8 16
8 2
8 42
8 12
8 28
8 21
8 5
8 11
8 34
8 41
8 13
8 24
8 6
8 3
8 17
8 9
8 25
8 7
8 49
8 46
22
9 28
9 10
9 2
9 32
9 35
9 12
9 23
9 37
9 20
9 4
9 0
9 1
9 24
9 43
9 44
9 19
9 25
9 49
9 16
9 31
9 11
9 14
15
10 3
10 33
10 5
10 19
10 23
10 31
10 40
10 16
10 41
10 37
10 6
10 44
10 21
10 45
10 13
23
11 10
11 13
11 15
11 34
11 24
11 37
11 36
11 32
11 6
11 39
11 35
11 25
11 27
11 46
11 42
11 5
11 0
11 31
11 14
11 7
11 4
11 1
11 23
19
12 19
12 11
12 18
12 31
12 29
12 39
12 35
12 26
12 32
12 33
12 48
12 28
12 16
12 46
12 1
12 45
12 24
12 43
12 15
19
13 46
13 39
13 19
13 49
13 42
13 4
13 31
13 3
13 26
13 1
13 32
13 47
13 48
13 44
13 9
13 45
13 18
13 22
13 36
16
14 29
14 15
14 22
14 17
14 49
14 21
14 26
14 13
14 23
14 10
14 44
14 38
14 37
14 34
14 4
14 43
22
15 23
15 47
15 49
15 31
15 8
15 26
15 28
15 48
15 7
15 37
15 6
15 13
15 19
15 10
15 5
15 24
15 17
15 18
15 25
15 29
15 46
15 35
24
16 41
16 24
16 3
16 17
16 38
16 1
16 27
16 35
16 33
16 46
16 20
16 0
16 49
16 7
16 32
16 44
16 11
16 21
16 25
16 39
16 48
16 34
16 6
16 40
14
17 12
17 40
17 10
17 47
17 39
17 13
17 19
17 7
17 20
17 27
17 23
17 41
17 35
17 31
23
18 34
18 31
18 38
18 28
18 36
18 1
18 24
18 37
18 48
18 49
18 6
18 16
18 32
18 33
18 22
18 9
18 4
18 10
18 2
18 14
18 25
18 11
18 41
25
19 18
19 23
19 27
19 14
19 42
19 43
19 21
19 44
19 49
19 5
19 34
19 33
19 11
19 6
19 32
19 40
19 45
19 41
19 30
19 38
19 29
19 48
19 31
19 8
19 39
17
20 0
20 47
20 11
20 3
20 19
20 5
20 38
20 18
20 15
20 24
20 40
20 1
20 33
20 13
20 14
20 35
20 27
21
21 11
21 34
21 9
21 12
21 22
21 44
21 47
21 13
21 3
21 6
21 35
21 48
21 5
21 45
21 46
21 20
21 43
21 31
21 28
21 23
21 36
19
22 16
22 40
22 23
22 15
22 29
22 34
22 11
22 8
22 39
22 49
22 43
22 1
22 19
22 36
22 20
22 9
22 10
22 0
22 17
11
23 16
23 7
23 0
23 40
23 18
23 30
23 13
23 28
23 27
23 38
23 8
22
24 7
24 43
24 46
24 44
24 23
24 40
24 38
24 39
24 26
24 37
24 1
24 36
24 41
24 49
24 32
24 22
24 6
24 48
24 4
24 45
24 14
24 10
20
25 12
25 23
25 14
25 21
25 20
25 26
25 1
25 47
25 34
25 41
25 35
25 36
25 31
25 0
25 7
25 13
25 44
25 17
25 24
25 19
23
26 34
26 7
26 40
26 39
26 22
26 4
26 45
26 35
26 16
26 29
26 31
26 8
26 41
26 32
26 38
26 47
26 5
26 2
26 28
26 10
26 30
26 18
26 11
21
27 7
27 30
27 24
27 21
27 31
27 44
27 13
27 10
27 37
27 26
27 49
27 2
27 1
27 40
27 36
27 8
27 41
27 15
27 14
27 12
27 3
22
28 41
28 11
28 17
28 5
28 20
28 1
28 22
28 31
28 49
28 6
28 40
28 48
28 33
28 43
28 39
28 34
28 10
28 13
28 24
28 3
28 25
28 27
20
29 4
29 20
29 25
29 18
29 33
29 5
29 7
29 39
29 16
29 8
29 31
29 49
29 28
29 27
29 17
29 37
29 41
29 30
29 44
29 10
21
30 45
30 7
30 0
30 46
30 2
30 13
30 42
30 32
30 18
30 28
30 24
30 8
30 1
30 16
30 5
30 21
30 41
30 10
30 9
30 49
30 25
14
31 0
31 33
31 3
31 22
31 30
31 20
31 2
31 24
31 43
31 14
31 39
31 8
31 38
31 36
21
32 29
32 21
32 42
32 8
32 47
32 5
32 33
32 17
32 31
32 27
32 4
32 25
32 45
32 15
32 6
32 38
32 48
32 40
32 28
32 23
32 20
22
33 7
33 48
33 17
33 8
33 13
33 22
33 3
33 9
33 36
33 24
33 30
33 1
33 23
33 37
33 27
33 34
33 35
33 14
33 11
33 21
33 47
33 15
20
34 1
34 42
34 30
34 0
34 15
34 41
34 6
34 12
34 37
34 13
34 2
34 32
34 47
34 48
34 27
34 24
34 35
34 31
34 23
34 10
14
35 4
35 29
35 28
35 18
35 24
35 49
35 43
35 27
35 8
35 30
35 22
35 7
35 44
35 23
21
36 26
36 15
36 32
36 14
36 17
36 12
36 8
36 35
36 9
36 38
36 23
36 34
36 43
36 28
36 48
36 29
36 45
36 19
36 37
36 40
36 39
18
37 48
37 0
37 47
37 8
37 21
37 31
37 38
37 35
37 13
37 16
37 12
37 28
37 20
37 26
37 45
37 43
37 7
37 4
19
38 46
38 28
38 21
38 22
38 9
38 30
38 48
38 47
38 8
38 15
38 12
38 3
38 0
38 1
38 17
38 34
38 27
38 35
38 33
18
39 15
39 40
39 0
39 8
39 27
39 43
39 23
39 32
39 18
39 41
39 34
39 4
39 25
39 38
39 20
39 30
39 1
39 48
17
40 35
40 34
40 38
40 48
40 12
40 31
40 30
40 29
40 1
40 25
40 37
40 8
40 41
40 13
40 9
40 33
40 15
17
41 3
41 36
41 0
41 45
41 13
41 11
41 12
41 49
41 46
41 37
41 7
41 31
41 48
41 14
41 38
41 21
41 23
26
42 41
42 46
42 21
42 26
42 43
42 23
42 39
42 10
42 18
42 15
42 25
42 14
42 20
42 2
42 31
42 24
42 17
42 7
42 28
42 36
42 38
42 16
42 33
42 40
42 1
42 4
17
43 27
43 32
43 44
43 33
43 11
43 17
43 0
43 6
43 8
43 40
43 26
43 38
43 34
43 25
43 23
43 4
43 15
18
44 8
44 5
44 17
44 33
44 2
44 37
44 41
44 45
44 15
44 28
44 31
44 39
44 12
44 30
44 1
44 47
44 22
44 34
20
45 0
45 31
45 39
45 2
45 20
45 40
45 38
45 6
45 8
45 5
45 29
45 14
45 28
45 27
45 1
45 43
45 42
45 16
45 17
45 23
22
46 44
46 43
46 36
46 45
46 35
46 39
46 6
46 22
46 10
46 33
46 23
46 27
46 7
46 18
46 48
46 4
46 32
46 9
46 20
46 0
46 28
46 34
25
47 22
47 2
47 45
47 19
47 35
47 36
47 14
47 40
47 43
47 12
47 24
47 46
47 4
47 30
47 28
47 3
47 6
47 23
47 18
47 10
47 9
47 48
47 31
47 11
47 42
16
48 35
48 10
48 7
48 5
48 45
48 17
48 6
48 26
48 2
48 4
48 27
48 14
48 9
48 30
48 23
48 44
22
49 33
49 42
49 3
49 38
49 23
49 31
49 40
49 43
49 46
49 37
49 6
49 36
49 7
49 10
49 48
49 34
49 32
49 17
49 21
49 5
49 2
49 12
