50
0 "A16"
1 "A36"
2 "A17"
3 "A7"
4 "A42"
5 "A19"
6 "A33"
7 "A8"
8 "A20"
9 "A24"
10 "A26"
11 "A48"
12 "A15"
13 "A28"
14 "A35"
15 "A23"
16 "A47"
17 "A22"
18 "A40"
19 "A39"
20 "A25"
21 "A5"
22 "A38"
23 "A18"
24 "A45"
25 "A43"
26 "A31"
27 "A34"
28 "A1"
29 "A2"
30 "A37"
31 "A46"
32 "A9"
33 "A27"
34 "A32"
35 "A3"
36 "A12"
37 "A4"
38 "A10"
39 "A49"
40 "A30"
41 "A11"
42 "A29"
43 "A6"
44 "A44"
45 "A0"
46 "A41"
47 "A14"
48 "A13"
49 "A21"
23
0 35
0 4
0 6
0 27
0 16
0 39
0 38
0 10
0 31
0 32
0 1
0 22
0 13
0 26
0 11
0 7
0 23
0 43
0 3
0 18
0 12
0 49
0 8
27
1 10
1 25
1 39
1 26
1 48
1 44
1 4
1 19
1 28
1 49
1 40
1 30
1 2
1 12
1 7
1 13
1 8
1 38
1 9
1 41
1 33
1 43
1 5
1 18
1 29
1 6
1 20
19
2 44
2 27
2 19
2 49
2 43
2 11
2 17
2 18
2 45
2 0
2 42
2 12
2 24
2 8
2 9
2 10
2 26
2 40
2 47
23
3 19
3 24
3 7
3 32
3 21
3 33
3 38
3 39
3 44
3 30
3 12
3 47
3 1
3 36
3 14
3 25
3 29
3 42
3 40
3 41
3 5
3 4
3 22
15
4 30
4 2
4 25
4 9
4 20
4 23
4 37
4 8
4 11
4 48
4 18
4 13
4 33
4 40
4 28
16
5 19
5 7
5 42
5 28
5 22
5 40
5 4
5 6
5 14
5 26
5 29
5 43
5 46
5 24
5 9
5 33
17
6 23
6 36
6 45
6 42
6 8
6 34
6 44
6 3
6 27
6 11
6 33
6 25
6 18
6 13
6 2
6 12
6 20
21
7 33
7 46
7 26
7 39
7 38
7 34
7 42
7 40
7 4
7 16
7 35
7 2
7 14
7 45
7 49
7 27
7 13
7 10
7 8
7 19
7 41
11
8 22
8 10
8 16
8 26
8 46
8 11
8 23
8 39
8 34
8 3
8 20
17
9 0
9 13
9 45
9 43
9 20
9 35
9 44
9 21
9 18
9 34
9 36
9 29
9 7
9 12
9 3
9 6
9 19
17
10 9
10 37
10 6
10 45
10 16
10 11
10 33
10 20
10 13
10 14
10 3
10 4
10 43
10 31
10 24
10 40
10 49
13
11 27
11 7
11 26
11 21
11 29
11 38
11 33
11 45
11 35
11 25
11 12
11 44
11 31
12
12 5
12 16
12 10
12 17
12 46
12 34
12 49
12 42
12 20
12 45
12 27
12 4
21
13 48
13 26
13 27
13 12
13 47
13 5
13 35
13 3
13 32
13 44
13 46
13 22
13 38
13 30
13 24
13 16
13 39
13 31
13 8
13 36
13 29
25
14 48
14 18
14 9
14 4
14 29
14 8
14 26
14 40
14 49
14 24
14 43
14 33
14 35
14 20
14 13
14 28
14 45
14 11
14 32
14 21
14 39
14 12
14 36
14 30
14 6
22
15 16
15 32
15 31
15 13
15 36
15 42
15 27
15 14
15 0
15 1
15 33
15 8
15 43
15 26
15 3
15 11
15 2
15 23
15 28
15 48
15 21
15 7
18
16 4
16 33
16 3
16 14
16 42
16 9
16 32
16 6
16 44
16 49
16 11
16 1
16 17
16 34
16 39
16 5
16 27
16 23
29
17 21
17 4
17 37
17 34
17 33
17 36
17 39
17 10
17 24
17 27
17 49
17 28
17 44
17 13
17 43
17 8
17 31
17 35
17 32
17 26
17 9
17 41
17 23
17 1
17 15
17 7
17 48
17 25
17 18
23
18 33
18 34
18 21
18 43
18 8
18 22
18 7
18 35
18 45
18 10
18 20
18 31
18 42
18 3
18 16
18 11
18 15
18 37
18 13
18 25
18 19
18 27
18 26
15
19 12
19 4
19 26
19 47
19 13
19 48
19 33
19 38
19 21
19 6
19 17
19 24
19 22
19 0
19 16
18
20 37
20 17
20 28
20 26
20 11
20 23
20 5
20 48
20 32
20 24
20 40
20 16
20 41
20 15
20 33
20 34
20 13
20 19
18
21 22
21 23
21 0
21 5
21 7
21 20
21 32
21 45
21 25
21 26
21 16
21 1
21 13
21 24
21 27
21 38
21 8
21 2
19
22 4
22 2
22 17
22 33
22 6
22 16
22 10
22 27
22 9
22 49
22 46
22 23
22 7
22 45
22 40
22 14
22 41
22 15
22 44
19
23 19
23 14
23 3
23 39
23 9
23 41
23 12
23 13
23 43
23 30
23 7
23 31
23 37
23 26
23 29
23 5
23 32
23 47
23 11
17
24 36
24 16
24 31
24 4
24 9
24 18
24 6
24 42
24 35
24 48
24 26
24 32
24 8
24 40
24 46
24 28
24 11
22
25 42
25 23
25 41
25 37
25 43
25 32
25 15
25 20
25 34
25 22
25 28
25 40
25 14
25 24
25 2
25 0
25 7
25 39
25 5
25 31
25 8
25 38
14
26 16
26 29
26 45
26 6
26 12
26 10
26 40
26 31
26 3
26 34
26 9
26 22
26 4
26 28
20
27 48
27 35
27 20
27 30
27 9
27 24
27 45
27 4
27 8
27 37
27 29
27 23
27 10
27 38
27 49
27 19
27 3
27 32
27 36
27 46
24
28 47
28 19
28 9
28 2
28 7
28 6
28 3
28 0
28 34
28 22
28 13
28 27
28 11
28 43
28 33
28 44
28 18
28 39
28 46
28 8
28 49
28 36
28 12
28 48
21
29 15
29 38
29 4
29 8
29 12
29 10
29 24
29 33
29 21
29 30
29 2
29 22
29 20
29 7
29 32
29 0
29 44
29 19
29 28
29 41
29 36
22
30 0
30 25
30 34
30 5
30 45
30 12
30 37
30 28
30 46
30 42
30 19
30 26
30 40
30 39
30 47
30 22
30 2
30 44
30 20
30 15
30 32
30 21
26
31 2
31 29
31 7
31 21
31 9
31 28
31 33
31 39
31 16
31 47
31 5
31 6
31 46
31 34
31 27
31 19
31 38
31 41
31 3
31 4
31 1
31 32
31 48
31 37
31 20
31 22
17
32 34
32 11
32 44
32 18
32 8
32 43
32 49
32 39
32 47
32 5
32 26
32 9
32 6
32 12
32 10
32 33
32 22
11
33 41
33 34
33 39
33 36
33 26
33 0
33 8
33 47
33 2
33 38
33 13
19
34 40
34 19
34 47
34 22
34 13
34 46
34 4
34 5
34 29
34 45
34 24
34 37
34 14
34 39
34 10
34 2
34 38
34 48
34 3
22
35 44
35 3
35 47
35 32
35 20
35 38
35 22
35 43
35 1
35 31
35 15
35 19
35 23
35 4
35 6
35 33
35 36
35 16
35 28
35 8
35 25
35 12
21
36 38
36 7
36 1
36 30
36 10
36 16
36 21
36 22
36 4
36 0
36 8
36 39
36 19
36 5
36 12
36 32
36 11
36 49
36 48
36 42
36 18
22
37 28
37 6
37 44
37 43
37 11
37 21
37 5
37 29
37 13
37 24
37 35
37 15
37 41
37 40
37 36
37 3
37 14
37 19
37 9
37 42
37 1
37 26
18
38 44
38 5
38 39
38 32
38 4
38 17
38 49
38 15
38 28
38 16
38 18
38 22
38 40
38 20
38 23
38 2
38 6
38 37
21
39 41
39 35
39 18
39 43
39 49
39 27
39 11
39 2
39 37
39 20
39 29
39 19
39 9
39 22
39 47
39 4
39 26
39 6
39 5
39 12
39 24
20
40 16
40 32
40 33
40 23
40 12
40 31
40 29
40 21
40 6
40 48
40 43
40 17
40 44
40 9
40 36
40 18
40 19
40 13
40 8
40 46
20
41 21
41 11
41 5
41 15
41 6
41 16
41 2
41 34
41 47
41 12
41 28
41 14
41 24
41 26
41 30
41 0
41 8
41 4
41 38
41 35
20
42 4
42 10
42 1
42 22
42 47
42 8
42 0
42 20
42 48
42 26
42 35
42 13
42 17
42 29
42 49
42 44
42 46
42 38
42 39
42 28
22
43 7
43 44
43 21
43 22
43 24
43 48
43 4
43 42
43 34
43 26
43 30
43 11
43 13
43 36
43 31
43 49
43 6
43 38
43 19
43 12
43 16
43 33
18
44 34
44 19
44 18
44 12
44 21
44 8
44 23
44 0
44 27
44 4
44 41
44 39
44 5
44 31
44 47
44 7
44 45
44 26
19
45 43
45 13
45 24
45 28
45 23
45 0
45 1
45 5
45 40
45 17
45 42
45 38
45 20
45 16
45 31
45 15
45 3
45 8
45 36
21
46 45
46 20
46 4
46 32
46 26
46 21
46 14
46 29
46 9
46 11
46 25
46 1
46 0
46 17
46 41
46 44
46 16
46 19
46 35
46 49
46 38
26
47 38
47 48
47 17
47 49
47 11
47 16
47 6
47 18
47 21
47 43
47 27
47 5
47 14
47 10
47 20
47 22
47 8
47 26
47 45
47 24
47 9
47 29
47 12
47 40
47 1
47 0
20
48 21
48 22
48 6
48 9
48 8
48 18
48 23
48 38
48 0
48 2
48 33
48 32
48 39
48 12
48 25
48 45
48 46
48 5
48 16
48 11
19
49 13
49 23
49 33
49 44
49 19
49 41
49 31
49 35
49 48
49 4
49 6
49 9
49 45
49 30
49 18
49 37
49 5
49 11
49 20
