50
0 "A16"
1 "A36"
2 "A17"
3 "A7"
4 "A42"
5 "A19"
6 "A33"
7 "A8"
8 "A20"
9 "A24"
10 "A26"
11 "A48"
12 "A15"
13 "A28"
14 "A35"
15 "A23"
16 "A47"
17 "A22"
18 "A40"
19 "A39"
20 "A25"
21 "A5"
22 "A38"
23 "A18"
24 "A45"
25 "A43"
26 "A31"
27 "A34"
28 "A1"
29 "A2"
30 "A37"
31 "A46"
32 "A9"
33 "A27"
34 "A32"
35 "A3"
36 "A12"
37 "A4"
38 "A10"
39 "A49"
40 "A30"
41 "A11"
42 "A29"
43 "A6"
44 "A44"
45 "A0"
46 "A41"
47 "A14"
48 "A13"
49 "A21"
20
0 28
0 31
0 16
0 18
0 23
0 38
0 21
0 36
0 47
0 39
0 34
0 17
0 19
0 35
0 20
0 41
0 42
0 29
0 10
0 4
20
1 21
1 8
1 35
1 10
1 34
1 47
1 40
1 44
1 26
1 30
1 29
1 7
1 42
1 15
1 41
1 3
1 2
1 13
1 0
1 4
21
2 47
2 33
2 13
2 28
2 41
2 31
2 37
2 5
2 4
2 26
2 23
2 22
2 14
2 49
2 48
2 16
2 43
2 18
2 15
2 27
2 0
22
3 4
3 30
3 41
3 6
3 21
3 7
3 49
3 37
3 19
3 15
3 10
3 20
3 43
3 9
3 29
3 34
3 44
3 23
3 0
3 47
3 32
3 33
21
4 49
4 17
4 39
4 44
4 34
4 8
4 16
4 23
4 33
4 12
4 19
4 6
4 36
4 31
4 32
4 38
4 22
4 29
4 20
4 14
4 24
16
5 39
5 49
5 24
5 17
5 22
5 9
5 23
5 3
5 0
5 44
5 29
5 47
5 6
5 40
5 4
5 1
19
6 10
6 0
6 15
6 21
6 14
6 46
6 22
6 19
6 20
6 17
6 18
6 16
6 43
6 41
6 40
6 39
6 2
6 37
6 8
20
7 10
7 47
7 43
7 30
7 5
7 16
7 40
7 37
7 21
7 27
7 20
7 44
7 22
7 28
7 6
7 15
7 14
7 35
7 13
7 2
17
8 34
8 49
8 7
8 22
8 45
8 41
8 28
8 47
8 10
8 0
8 2
8 16
8 3
8 9
8 13
8 25
8 5
20
9 37
9 17
9 21
9 31
9 48
9 22
9 35
9 7
9 43
9 4
9 46
9 29
9 11
9 39
9 44
9 6
9 30
9 49
9 36
9 2
24
10 2
10 30
10 37
10 16
10 9
10 31
10 26
10 35
10 45
10 15
10 43
10 5
10 21
10 36
10 33
10 27
10 44
10 39
10 12
10 17
10 14
10 46
10 22
10 38
20
11 31
11 30
11 36
11 2
11 46
11 41
11 43
11 42
11 7
11 13
11 8
11 17
11 5
11 4
11 6
11 1
11 44
11 3
11 47
11 10
18
12 17
12 2
12 1
12 27
12 42
12 6
12 7
12 28
12 8
12 40
12 0
12 18
12 3
12 26
12 11
12 13
12 9
12 31
22
13 26
13 3
13 34
13 5
13 14
13 38
13 42
13 29
13 0
13 4
13 39
13 16
13 37
13 44
13 27
13 47
13 43
13 19
13 10
13 6
13 9
13 40
18
14 36
14 25
14 5
14 27
14 42
14 8
14 22
14 12
14 28
14 46
14 35
14 38
14 9
14 19
14 3
14 15
14 32
14 20
20
15 22
15 9
15 37
15 45
15 33
15 12
15 40
15 31
15 19
15 0
15 27
15 49
15 20
15 16
15 5
15 30
15 25
15 28
15 11
15 29
15
16 1
16 22
16 12
16 11
16 20
16 3
16 21
16 43
16 27
16 33
16 47
16 17
16 35
16 5
16 41
17
17 38
17 48
17 28
17 43
17 30
17 2
17 26
17 15
17 37
17 27
17 40
17 20
17 36
17 33
17 35
17 1
17 44
24
18 49
18 37
18 38
18 33
18 21
18 31
18 10
18 32
18 16
18 41
18 11
18 1
18 23
18 48
18 43
18 24
18 4
18 7
18 13
18 8
18 42
18 15
18 28
18 44
13
19 25
19 20
19 29
19 8
19 30
19 11
19 12
19 17
19 49
19 28
19 24
19 46
19 10
16
20 11
20 40
20 33
20 42
20 8
20 39
20 5
20 24
20 9
20 12
20 25
20 1
20 46
20 31
20 38
20 18
20
21 38
21 24
21 23
21 11
21 27
21 42
21 12
21 4
21 47
21 19
21 2
21 5
21 17
21 36
21 13
21 43
21 34
21 15
21 40
21 29
12
22 47
22 0
22 12
22 23
22 44
22 28
22 19
22 34
22 17
22 45
22 26
22 29
14
23 24
23 45
23 44
23 11
23 47
23 8
23 7
23 43
23 9
23 20
23 1
23 17
23 49
23 40
19
24 2
24 12
24 26
24 8
24 3
24 36
24 1
24 38
24 0
24 25
24 17
24 13
24 22
24 9
24 42
24 14
24 15
24 16
24 40
21
25 0
25 21
25 10
25 1
25 46
25 45
25 38
25 3
25 22
25 13
25 4
25 16
25 6
25 9
25 41
25 11
25 39
25 17
25 7
25 18
25 44
21
26 4
26 7
26 41
26 33
26 23
26 45
26 37
26 6
26 21
26 5
26 19
26 34
26 18
26 49
26 14
26 15
26 3
26 8
26 44
26 20
26 47
24
27 8
27 24
27 4
27 19
27 42
27 0
27 33
27 40
27 28
27 37
27 23
27 3
27 9
27 20
27 45
27 18
27 34
27 5
27 38
27 1
27 35
27 48
27 41
27 29
16
28 48
28 9
28 13
28 1
28 30
28 35
28 46
28 32
28 41
28 42
28 23
28 4
28 11
28 33
28 44
28 45
16
29 8
29 42
29 7
29 2
29 24
29 31
29 49
29 25
29 26
29 17
29 41
29 12
29 40
29 16
29 20
29 43
23
30 34
30 38
30 43
30 44
30 0
30 21
30 48
30 5
30 12
30 46
30 18
30 2
30 6
30 14
30 22
30 16
30 4
30 26
30 37
30 24
30 39
30 41
30 32
21
31 17
31 34
31 38
31 27
31 3
31 16
31 39
31 23
31 30
31 25
31 24
31 21
31 26
31 35
31 5
31 37
31 42
31 41
31 32
31 6
31 14
32
32 39
32 49
32 35
32 13
32 34
32 47
32 11
32 23
32 21
32 17
32 12
32 44
32 38
32 1
32 19
32 16
32 8
32 5
32 46
32 9
32 10
32 43
32 37
32 2
32 0
32 25
32 45
32 15
32 48
32 41
32 20
32 6
23
33 9
33 31
33 6
33 23
33 35
33 19
33 49
33 12
33 14
33 39
33 36
33 8
33 13
33 0
33 41
33 21
33 40
33 38
33 11
33 30
33 1
33 25
33 32
22
34 7
34 17
34 40
34 12
34 20
34 11
34 39
34 6
34 16
34 18
34 14
34 35
34 44
34 28
34 9
34 19
34 24
34 5
34 37
34 45
34 29
34 23
14
35 11
35 30
35 12
35 3
35 21
35 26
35 4
35 38
35 19
35 22
35 42
35 41
35 18
35 25
21
36 13
36 19
36 2
36 41
36 47
36 15
36 7
36 29
36 35
36 6
36 1
36 23
36 20
36 31
36 27
36 32
36 34
36 3
36 22
36 44
36 12
17
37 47
37 41
37 19
37 35
37 28
37 38
37 14
37 0
37 33
37 20
37 49
37 36
37 12
37 25
37 22
37 29
37 23
15
38 29
38 12
38 46
38 28
38 34
38 39
38 3
38 45
38 16
38 40
38 7
38 5
38 22
38 11
38 23
21
39 40
39 43
39 45
39 22
39 44
39 47
39 26
39 21
39 46
39 7
39 12
39 23
39 3
39 18
39 11
39 48
39 15
39 2
39 1
39 14
39 17
18
40 36
40 35
40 0
40 22
40 26
40 37
40 4
40 10
40 9
40 48
40 18
40 2
40 11
40 8
40 41
40 16
40 30
40 28
17
41 23
41 24
41 22
41 13
41 39
41 12
41 44
41 34
41 21
41 42
41 20
41 7
41 48
41 19
41 9
41 38
41 5
20
42 26
42 39
42 6
42 10
42 4
42 8
42 32
42 25
42 30
42 5
42 37
42 33
42 36
42 40
42 19
42 3
42 7
42 15
42 22
42 47
23
43 34
43 46
43 15
43 24
43 28
43 38
43 4
43 49
43 37
43 40
43 20
43 36
43 44
43 26
43 41
43 12
43 5
43 22
43 31
43 8
43 27
43 1
43 19
11
44 14
44 24
44 8
44 47
44 29
44 0
44 2
44 12
44 35
44 19
44 16
23
45 41
45 31
45 6
45 13
45 40
45 9
45 33
45 35
45 21
45 5
45 36
45 17
45 0
45 14
45 30
45 16
45 37
45 47
45 44
45 48
45 3
45 7
45 29
22
46 16
46 27
46 5
46 18
46 15
46 17
46 22
46 48
46 33
46 23
46 4
46 40
46 7
46 0
46 26
46 41
46 47
46 13
46 44
46 31
46 24
46 36
19
47 41
47 40
47 29
47 15
47 19
47 38
47 43
47 33
47 12
47 4
47 30
47 10
47 6
47 18
47 27
47 9
47 28
47 17
47 31
25
48 31
48 38
48 12
48 29
48 22
48 24
48 19
48 44
48 42
48 43
48 7
48 0
48 1
48 25
48 34
48 5
48 3
48 8
48 6
48 10
48 26
48 35
48 14
48 4
48 36
27
49 40
49 31
49 27
49 22
49 38
49 24
49 36
49 20
49 7
49 11
49 28
49 17
49 6
49 45
49 47
49 21
49 14
49 41
49 44
49 39
49 35
49 10
49 12
49 0
49 16
49 48
49 46
