50
0 "A16"
1 "A36"
2 "A17"
3 "A7"
4 "A42"
5 "A19"
6 "A33"
7 "A8"
8 "A20"
9 "A24"
10 "A26"
11 "A48"
12 "A15"
13 "A28"
14 "A35"
15 "A23"
16 "A47"
17 "A22"
18 "A40"
19 "A39"
20 "A25"
21 "A5"
22 "A38"
23 "A18"
24 "A45"
25 "A43"
26 "A31"
27 "A34"
28 "A1"
29 "A2"
30 "A37"
31 "A46"
32 "A9"
33 "A27"
34 "A32"
35 "A3"
36 "A12"
37 "A4"
38 "A10"
39 "A49"
40 "A30"
41 "A11"
42 "A29"
43 "A6"
44 "A44"
45 "A0"
46 "A41"
47 "A14"
48 "A13"
49 "A21"
19
0 11
0 38
0 45
0 7
0 30
0 25
0 15
0 5
0 10
0 9
0 34
0 6
0 40
0 35
0 47
0 32
0 28
0 41
0 33
22
1 47
1 6
1 38
1 18
1 19
1 41
1 49
1 7
1 13
1 29
1 5
1 25
1 31
1 36
1 26
1 46
1 40
1 33
1 11
1 22
1 44
1 28
19
2 15
2 10
2 24
2 16
2 49
2 47
2 26
2 11
2 44
2 0
2 19
2 46
2 43
2 6
2 1
2 13
2 7
2 39
2 18
21
3 45
3 29
3 4
3 10
3 26
3 41
3 48
3 1
3 27
3 11
3 30
3 12
3 0
3 6
3 42
3 17
3 7
3 40
3 32
3 15
3 43
18
4 2
4 15
4 47
4 28
4 17
4 0
4 20
4 25
4 30
4 14
4 41
4 27
4 36
4 37
4 39
4 31
4 26
4 21
20
5 32
5 29
5 2
5 45
5 17
5 35
5 46
5 40
5 19
5 36
5 16
5 10
5 6
5 15
5 43
5 7
5 14
5 39
5 18
5 49
8
6 4
6 26
6 44
6 24
6 29
6 14
6 35
6 15
20
7 32
7 25
7 15
7 33
7 44
7 18
7 37
7 6
7 45
7 9
7 47
7 11
7 43
7 23
7 22
7 19
7 27
7 21
7 38
7 30
23
8 29
8 45
8 20
8 6
8 38
8 24
8 49
8 19
8 31
8 7
8 25
8 33
8 44
8 28
8 43
8 12
8 35
8 16
8 9
8 3
8 27
8 11
8 5
15
9 6
9 5
9 20
9 16
9 18
9 33
9 2
9 47
9 11
9 12
9 14
9 43
9 34
9 1
9 22
16
10 48
10 24
10 20
10 41
10 16
10 28
10 29
10 9
10 15
10 46
10 35
10 44
10 11
10 47
10 40
10 30
20
11 48
11 43
11 45
11 44
11 14
11 21
11 49
11 25
11 12
11 6
11 31
11 5
11 13
11 4
11 15
11 39
11 16
11 29
11 37
11 40
14
12 26
12 42
12 19
12 4
12 2
12 15
12 1
12 44
12 7
12 18
12 5
12 13
12 48
12 36
21
13 16
13 26
13 7
13 4
13 17
13 44
13 43
13 21
13 10
13 22
13 29
13 42
13 32
13 24
13 49
13 37
13 33
13 40
13 41
13 25
13 28
24
14 3
14 7
14 12
14 0
14 15
14 38
14 35
14 37
14 49
14 34
14 46
14 45
14 48
14 43
14 13
14 16
14 28
14 1
14 39
14 25
14 2
14 42
14 41
14 27
14
15 33
15 38
15 44
15 18
15 49
15 30
15 13
15 8
15 17
15 36
15 32
15 1
15 22
15 48
16
16 39
16 31
16 0
16 45
16 40
16 18
16 44
16 23
16 49
16 30
16 42
16 3
16 4
16 6
16 25
16 43
19
17 42
17 1
17 0
17 39
17 12
17 11
17 2
17 14
17 20
17 7
17 10
17 34
17 29
17 8
17 36
17 18
17 30
17 49
17 9
19
18 33
18 29
18 47
18 19
18 0
18 23
18 34
18 40
18 43
18 10
18 39
18 11
18 44
18 30
18 24
18 4
18 3
18 14
18 46
18
19 39
19 44
19 3
19 13
19 22
19 43
19 23
19 14
19 42
19 17
19 24
19 34
19 48
19 41
19 11
19 0
19 21
19 28
24
20 18
20 12
20 11
20 0
20 22
20 28
20 32
20 45
20 47
20 48
20 44
20 7
20 49
20 33
20 24
20 19
20 14
20 43
20 39
20 40
20 26
20 15
20 42
20 16
20
21 25
21 14
21 6
21 5
21 24
21 30
21 15
21 8
21 33
21 9
21 16
21 46
21 10
21 48
21 49
21 20
21 0
21 42
21 39
21 2
23
22 16
22 8
22 45
22 23
22 11
22 2
22 47
22 49
22 42
22 18
22 4
22 39
22 0
22 10
22 41
22 21
22 3
22 40
22 35
22 5
22 37
22 17
22 30
17
23 20
23 2
23 29
23 15
23 3
23 13
23 11
23 12
23 42
23 4
23 14
23 0
23 27
23 31
23 10
23 1
23 9
16
24 15
24 23
24 1
24 44
24 4
24 5
24 11
24 34
24 26
24 0
24 12
24 30
24 3
24 28
24 41
24 14
23
25 38
25 6
25 28
25 19
25 42
25 5
25 22
25 45
25 20
25 23
25 10
25 15
25 32
25 34
25 12
25 3
25 9
25 29
25 17
25 26
25 2
25 18
25 24
16
26 14
26 31
26 47
26 7
26 10
26 17
26 8
26 21
26 45
26 11
26 22
26 41
26 0
26 30
26 43
26 37
27
27 34
27 22
27 13
27 12
27 11
27 30
27 18
27 16
27 47
27 42
27 48
27 20
27 15
27 33
27 1
27 6
27 25
27 24
27 10
27 39
27 2
27 9
27 43
27 19
27 0
27 36
27 5
20
28 18
28 36
28 27
28 48
28 5
28 6
28 11
28 32
28 2
28 44
28 9
28 7
28 15
28 22
28 23
28 31
28 33
28 21
28 30
28 42
16
29 14
29 15
29 30
29 40
29 0
29 27
29 37
29 31
29 16
29 28
29 38
29 20
29 32
29 19
29 26
29 7
20
30 41
30 43
30 31
30 14
30 34
30 23
30 38
30 44
30 19
30 2
30 5
30 13
30 25
30 33
30 12
30 48
30 49
30 1
30 11
30 6
17
31 36
31 22
31 14
31 13
31 39
31 45
31 44
31 17
31 0
31 25
31 20
31 32
31 12
31 21
31 46
31 5
31 2
27
32 27
32 6
32 4
32 16
32 17
32 33
32 44
32 30
32 24
32 34
32 23
32 8
32 26
32 9
32 38
32 42
32 19
32 41
32 1
32 18
32 14
32 2
32 39
32 40
32 10
32 45
32 22
22
33 36
33 2
33 10
33 41
33 45
33 26
33 23
33 38
33 44
33 3
33 22
33 14
33 35
33 39
33 5
33 6
33 46
33 37
33 4
33 29
33 16
33 17
23
34 22
34 3
34 20
34 21
34 6
34 39
34 40
34 1
34 2
34 8
34 4
34 35
34 36
34 44
34 26
34 23
34 13
34 45
34 49
34 16
34 31
34 37
34 33
29
35 9
35 18
35 42
35 41
35 4
35 36
35 26
35 13
35 32
35 31
35 29
35 23
35 49
35 40
35 45
35 1
35 39
35 15
35 19
35 25
35 3
35 46
35 24
35 17
35 12
35 44
35 16
35 47
35 2
23
36 2
36 30
36 22
36 11
36 19
36 25
36 3
36 9
36 7
36 29
36 6
36 24
36 42
36 16
36 20
36 0
36 26
36 13
36 8
36 18
36 10
36 32
36 47
26
37 47
37 20
37 27
37 41
37 25
37 43
37 17
37 31
37 0
37 44
37 48
37 46
37 15
37 8
37 23
37 45
37 16
37 30
37 10
37 36
37 40
37 19
37 24
37 32
37 12
37 18
22
38 42
38 26
38 18
38 41
38 2
38 10
38 22
38 3
38 16
38 11
38 28
38 35
38 4
38 24
38 40
38 31
38 5
38 17
38 27
38 39
38 45
38 34
15
39 12
39 26
39 23
39 43
39 25
39 24
39 47
39 36
39 37
39 6
39 41
39 46
39 30
39 45
39 0
17
40 30
40 4
40 26
40 2
40 46
40 24
40 31
40 12
40 21
40 28
40 8
40 25
40 14
40 39
40 19
40 17
40 45
17
41 47
41 8
41 12
41 17
41 20
41 18
41 46
41 16
41 31
41 5
41 40
41 28
41 34
41 21
41 11
41 2
41 23
16
42 45
42 26
42 47
42 4
42 29
42 1
42 39
42 41
42 8
42 24
42 33
42 7
42 11
42 2
42 30
42 9
20
43 21
43 35
43 31
43 0
43 1
43 22
43 40
43 6
43 38
43 49
43 29
43 36
43 47
43 28
43 23
43 41
43 10
43 32
43 42
43 15
18
44 22
44 3
44 29
44 27
44 42
44 9
44 14
44 5
44 45
44 0
44 4
44 21
44 43
44 40
44 17
44 38
44 46
44 48
19
45 28
45 13
45 46
45 2
45 29
45 15
45 19
45 30
45 17
45 6
45 9
45 47
45 1
45 18
45 24
45 43
45 10
45 23
45 21
19
46 19
46 36
46 20
46 28
46 32
46 49
46 34
46 26
46 47
46 42
46 6
46 23
46 3
46 4
46 8
46 11
46 38
46 17
46 15
18
47 3
47 14
47 5
47 21
47 23
47 6
47 16
47 24
47 11
47 8
47 29
47 48
47 34
47 25
47 32
47 12
47 17
47 33
25
48 4
48 23
48 39
48 41
48 18
48 35
48 13
48 40
48 5
48 17
48 32
48 42
48 2
48 26
48 22
48 33
48 0
48 16
48 29
48 45
48 25
48 24
48 46
48 6
48 1
19
49 6
49 31
49 18
49 32
49 48
49 38
49 29
49 37
49 40
49 23
49 33
49 3
49 41
49 26
49 25
49 45
49 42
49 47
49 36
