50
0 "A3"
1 "A29"
2 "A24"
3 "A39"
4 "A2"
5 "A5"
6 "A36"
7 "A47"
8 "A4"
9 "A14"
10 "A18"
11 "A10"
12 "A44"
13 "A45"
14 "A17"
15 "A6"
16 "A23"
17 "A31"
18 "A35"
19 "A28"
20 "A34"
21 "A42"
22 "A7"
23 "A41"
24 "A32"
25 "A38"
26 "A40"
27 "A16"
28 "A33"
29 "A22"
30 "A12"
31 "A48"
32 "A49"
33 "A0"
34 "A46"
35 "A21"
36 "A15"
37 "A27"
38 "A20"
39 "A9"
40 "A13"
41 "A30"
42 "A8"
43 "A26"
44 "A11"
45 "A1"
46 "A19"
47 "A37"
48 "A25"
49 "A43"
16
0 28
0 26
0 9
0 49
0 42
0 35
0 37
0 44
0 25
0 47
0 41
0 3
0 48
0 20
0 10
0 29
10
1 49
1 5
1 38
1 8
1 11
1 16
1 31
1 25
1 41
1 4
19
2 16
2 7
2 43
2 14
2 9
2 5
2 47
2 35
2 48
2 15
2 44
2 33
2 21
2 41
2 3
2 49
2 46
2 26
2 29
16
3 36
3 21
3 37
3 4
3 11
3 6
3 34
3 23
3 46
3 49
3 26
3 38
3 17
3 29
3 40
3 30
14
4 17
4 7
4 6
4 38
4 23
4 2
4 34
4 35
4 44
4 26
4 5
4 47
4 15
4 13
22
5 11
5 42
5 8
5 27
5 35
5 6
5 16
5 29
5 28
5 49
5 18
5 38
5 39
5 20
5 47
5 43
5 32
5 34
5 36
5 24
5 33
5 0
19
6 46
6 9
6 36
6 35
6 33
6 47
6 41
6 42
6 29
6 17
6 27
6 44
6 30
6 49
6 7
6 31
6 8
6 32
6 1
17
7 19
7 40
7 1
7 15
7 29
7 34
7 43
7 5
7 36
7 26
7 25
7 14
7 48
7 3
7 38
7 0
7 23
20
8 43
8 15
8 0
8 2
8 20
8 19
8 45
8 3
8 7
8 37
8 46
8 30
8 16
8 48
8 32
8 29
8 22
8 17
8 42
8 49
21
9 22
9 3
9 29
9 40
9 4
9 38
9 14
9 19
9 16
9 8
9 35
9 12
9 1
9 31
9 21
9 45
9 43
9 46
9 15
9 17
9 41
19
10 2
10 24
10 28
10 33
10 17
10 31
10 4
10 3
10 49
10 41
10 29
10 15
10 21
10 7
10 9
10 1
10 14
10 20
10 5
21
11 7
11 44
11 48
11 26
11 49
11 2
11 6
11 41
11 19
11 14
11 29
11 28
11 35
11 9
11 34
11 4
11 10
11 30
11 43
11 47
11 27
21
12 3
12 26
12 4
12 28
12 13
12 11
12 1
12 35
12 8
12 48
12 32
12 29
12 21
12 2
12 41
12 36
12 44
12 49
12 31
12 16
12 39
23
13 3
13 18
13 6
13 35
13 26
13 28
13 46
13 39
13 29
13 48
13 2
13 0
13 15
13 32
13 11
13 34
13 16
13 31
13 10
13 37
13 14
13 7
13 19
22
14 46
14 25
14 1
14 8
14 37
14 35
14 4
14 18
14 41
14 24
14 38
14 40
14 19
14 6
14 28
14 21
14 34
14 27
14 0
14 36
14 43
14 42
16
15 3
15 41
15 16
15 24
15 26
15 14
15 23
15 34
15 1
15 30
15 5
15 20
15 49
15 12
15 32
15 6
21
16 19
16 18
16 11
16 46
16 32
16 41
16 34
16 6
16 39
16 24
16 27
16 4
16 49
16 40
16 42
16 20
16 48
16 29
16 31
16 7
16 14
26
17 28
17 42
17 25
17 26
17 0
17 35
17 14
17 2
17 44
17 20
17 45
17 43
17 37
17 48
17 16
17 21
17 5
17 36
17 1
17 7
17 12
17 11
17 22
17 41
17 39
17 13
16
18 10
18 23
18 44
18 33
18 11
18 49
18 40
18 45
18 17
18 2
18 20
18 9
18 22
18 1
18 12
18 3
23
19 26
19 15
19 3
19 31
19 24
19 2
19 47
19 46
19 43
19 23
19 49
19 39
19 1
19 18
19 42
19 32
19 25
19 45
19 20
19 4
19 12
19 17
19 27
22
20 3
20 4
20 14
20 32
20 6
20 9
20 31
20 23
20 13
20 39
20 11
20 1
20 30
20 36
20 49
20 43
20 2
20 35
20 47
20 7
20 40
20 22
23
21 27
21 28
21 29
21 19
21 38
21 40
21 0
21 33
21 48
21 8
21 26
21 1
21 45
21 49
21 7
21 43
21 6
21 11
21 20
21 18
21 46
21 13
21 41
21
22 3
22 39
22 34
22 7
22 25
22 15
22 41
22 10
22 40
22 28
22 47
22 19
22 1
22 4
22 11
22 14
22 24
22 16
22 26
22 31
22 46
25
23 0
23 30
23 13
23 31
23 11
23 6
23 2
23 34
23 10
23 48
23 44
23 37
23 9
23 25
23 1
23 12
23 39
23 21
23 35
23 27
23 5
23 40
23 29
23 16
23 22
23
24 9
24 3
24 2
24 43
24 26
24 23
24 46
24 49
24 7
24 20
24 21
24 6
24 31
24 8
24 40
24 18
24 11
24 13
24 17
24 33
24 1
24 4
24 42
19
25 27
25 32
25 11
25 12
25 40
25 35
25 18
25 15
25 29
25 24
25 31
25 16
25 5
25 4
25 46
25 42
25 21
25 13
25 3
20
26 43
26 42
26 33
26 10
26 20
26 9
26 49
26 41
26 18
26 38
26 36
26 37
26 29
26 27
26 34
26 28
26 6
26 14
26 5
26 8
18
27 17
27 29
27 1
27 9
27 47
27 4
27 18
27 40
27 3
27 31
27 33
27 38
27 45
27 20
27 2
27 22
27 46
27 8
17
28 48
28 25
28 18
28 47
28 24
28 44
28 27
28 9
28 1
28 16
28 6
28 20
28 23
28 39
28 46
28 36
28 7
18
29 14
29 19
29 48
29 20
29 1
29 42
29 36
29 39
29 40
29 28
29 4
29 47
29 32
29 24
29 31
29 17
29 15
29 45
22
30 1
30 19
30 16
30 39
30 10
30 41
30 12
30 7
30 13
30 27
30 14
30 32
30 34
30 17
30 43
30 46
30 18
30 36
30 40
30 2
30 5
30 49
21
31 43
31 32
31 26
31 35
31 2
31 38
31 4
31 11
31 45
31 44
31 0
31 49
31 7
31 18
31 39
31 17
31 46
31 15
31 42
31 14
31 8
16
32 1
32 47
32 34
32 17
32 10
32 27
32 39
32 2
32 42
32 7
32 28
32 18
32 21
32 44
32 24
32 14
24
33 12
33 9
33 48
33 16
33 15
33 17
33 38
33 14
33 19
33 22
33 45
33 13
33 47
33 49
33 30
33 11
33 31
33 3
33 28
33 25
33 32
33 4
33 23
33 8
25
34 39
34 28
34 24
34 29
34 44
34 31
34 2
34 48
34 8
34 12
34 42
34 36
34 40
34 19
34 35
34 18
34 49
34 1
34 25
34 21
34 41
34 10
34 33
34 17
34 0
19
35 27
35 43
35 24
35 29
35 10
35 45
35 26
35 49
35 32
35 30
35 33
35 28
35 18
35 21
35 19
35 42
35 48
35 15
35 3
17
36 2
36 16
36 46
36 13
36 32
36 40
36 1
36 19
36 42
36 48
36 35
36 37
36 21
36 27
36 23
36 24
36 18
22
37 18
37 47
37 27
37 25
37 43
37 12
37 22
37 6
37 30
37 15
37 16
37 21
37 4
37 29
37 41
37 35
37 10
37 31
37 7
37 1
37 34
37 19
21
38 23
38 43
38 10
38 13
38 12
38 37
38 2
38 34
38 35
38 0
38 24
38 19
38 22
38 18
38 36
38 16
38 28
38 6
38 47
38 29
38 48
17
39 33
39 2
39 3
39 48
39 4
39 24
39 40
39 0
39 26
39 9
39 38
39 7
39 11
39 8
39 18
39 27
39 6
13
40 33
40 2
40 45
40 26
40 17
40 35
40 10
40 11
40 0
40 8
40 19
40 31
40 12
24
41 24
41 33
41 46
41 49
41 8
41 36
41 28
41 18
41 5
41 32
41 48
41 19
41 35
41 29
41 25
41 7
41 40
41 39
41 44
41 4
41 13
41 20
41 31
41 27
18
42 41
42 4
42 12
42 37
42 40
42 3
42 11
42 43
42 22
42 21
42 44
42 13
42 47
42 48
42 20
42 39
42 2
42 45
19
43 23
43 27
43 18
43 36
43 44
43 22
43 40
43 41
43 48
43 49
43 6
43 15
43 33
43 3
43 39
43 46
43 10
43 25
43 32
17
44 10
44 15
44 29
44 33
44 46
44 26
44 37
44 30
44 13
44 39
44 48
44 16
44 14
44 1
44 9
44 36
44 21
22
45 49
45 34
45 28
45 10
45 3
45 5
45 2
45 15
45 12
45 13
45 38
45 16
45 44
45 11
45 47
45 39
45 30
45 14
45 26
45 22
45 1
45 0
21
46 42
46 10
46 34
46 20
46 17
46 40
46 5
46 4
46 47
46 33
46 39
46 11
46 32
46 1
46 15
46 12
46 23
46 26
46 38
46 18
46 29
21
47 18
47 49
47 21
47 16
47 10
47 31
47 8
47 44
47 39
47 17
47 40
47 14
47 1
47 15
47 36
47 34
47 24
47 7
47 23
47 30
47 26
19
48 47
48 32
48 27
48 1
48 14
48 19
48 20
48 15
48 26
48 30
48 6
48 9
48 18
48 40
48 22
48 4
48 46
48 10
48 31
14
49 46
49 9
49 36
49 25
49 37
49 38
49 40
49 32
49 44
49 17
49 27
49 4
49 48
49 28
