50
0 "A3"
1 "A29"
2 "A24"
3 "A39"
4 "A2"
5 "A5"
6 "A36"
7 "A47"
8 "A4"
9 "A14"
10 "A18"
11 "A10"
12 "A44"
13 "A45"
14 "A17"
15 "A6"
16 "A23"
17 "A31"
18 "A35"
19 "A28"
20 "A34"
21 "A42"
22 "A7"
23 "A41"
24 "A32"
25 "A38"
26 "A40"
27 "A16"
28 "A33"
29 "A22"
30 "A12"
31 "A48"
32 "A49"
33 "A0"
34 "A46"
35 "A21"
36 "A15"
37 "A27"
38 "A20"
39 "A9"
40 "A13"
41 "A30"
42 "A8"
43 "A26"
44 "A11"
45 "A1"
46 "A19"
47 "A37"
48 "A25"
49 "A43"
23
0 6
0 11
0 46
0 14
0 16
0 26
0 49
0 9
0 33
0 43
0 29
0 32
0 44
0 35
0 37
0 27
0 22
0 28
0 34
0 5
0 1
0 19
0 13
23
1 17
1 45
1 34
1 47
1 36
1 19
1 6
1 35
1 16
1 21
1 39
1 7
1 4
1 15
1 33
1 46
1 12
1 44
1 27
1 22
1 31
1 28
1 42
19
2 48
2 30
2 37
2 34
2 9
2 13
2 8
2 0
2 19
2 47
2 33
2 41
2 1
2 26
2 22
2 38
2 6
2 17
2 5
23
3 28
3 7
3 48
3 10
3 25
3 33
3 34
3 23
3 16
3 30
3 47
3 8
3 43
3 40
3 13
3 29
3 11
3 15
3 18
3 17
3 37
3 22
3 32
20
4 40
4 3
4 32
4 0
4 14
4 47
4 46
4 20
4 44
4 28
4 21
4 35
4 37
4 45
4 18
4 30
4 29
4 48
4 41
4 42
27
5 37
5 10
5 31
5 33
5 8
5 7
5 11
5 36
5 16
5 14
5 28
5 6
5 20
5 38
5 30
5 1
5 24
5 26
5 15
5 45
5 3
5 13
5 18
5 9
5 12
5 47
5 4
24
6 16
6 41
6 15
6 36
6 14
6 35
6 44
6 49
6 22
6 39
6 26
6 43
6 32
6 10
6 17
6 12
6 7
6 20
6 29
6 3
6 27
6 19
6 42
6 47
16
7 28
7 32
7 42
7 22
7 20
7 39
7 25
7 33
7 15
7 27
7 8
7 2
7 26
7 23
7 24
7 37
18
8 12
8 43
8 14
8 21
8 0
8 16
8 24
8 34
8 6
8 18
8 44
8 10
8 4
8 27
8 32
8 35
8 47
8 39
23
9 14
9 28
9 38
9 11
9 7
9 24
9 45
9 17
9 48
9 22
9 40
9 37
9 15
9 10
9 31
9 1
9 8
9 42
9 47
9 29
9 12
9 6
9 36
20
10 24
10 27
10 12
10 11
10 25
10 4
10 47
10 21
10 2
10 41
10 18
10 39
10 48
10 30
10 49
10 17
10 1
10 37
10 40
10 36
15
11 20
11 2
11 43
11 42
11 25
11 36
11 29
11 37
11 1
11 22
11 4
11 17
11 23
11 28
11 8
22
12 22
12 39
12 38
12 17
12 30
12 29
12 41
12 20
12 35
12 7
12 48
12 46
12 40
12 31
12 21
12 44
12 37
12 11
12 0
12 27
12 45
12 2
21
13 27
13 4
13 44
13 36
13 15
13 11
13 1
13 23
13 46
13 8
13 26
13 6
13 20
13 10
13 39
13 9
13 29
13 17
13 30
13 49
13 28
16
14 20
14 10
14 21
14 29
14 19
14 38
14 7
14 47
14 2
14 1
14 41
14 3
14 12
14 49
14 34
14 25
16
15 30
15 21
15 14
15 17
15 8
15 18
15 22
15 35
15 34
15 4
15 24
15 12
15 47
15 32
15 11
15 44
17
16 48
16 42
16 26
16 44
16 34
16 43
16 17
16 41
16 2
16 14
16 4
16 10
16 46
16 40
16 11
16 35
16 12
14
17 46
17 48
17 8
17 31
17 42
17 43
17 18
17 49
17 20
17 5
17 14
17 39
17 27
17 24
22
18 26
18 11
18 21
18 44
18 16
18 12
18 29
18 37
18 47
18 0
18 2
18 6
18 7
18 1
18 42
18 13
18 9
18 48
18 31
18 28
18 33
18 35
21
19 16
19 34
19 10
19 5
19 33
19 25
19 40
19 11
19 3
19 43
19 9
19 17
19 47
19 37
19 21
19 32
19 18
19 12
19 13
19 27
19 4
26
20 23
20 26
20 10
20 34
20 3
20 16
20 1
20 37
20 30
20 0
20 32
20 27
20 29
20 24
20 36
20 31
20 9
20 19
20 43
20 15
20 40
20 42
20 39
20 22
20 44
20 45
16
21 41
21 34
21 5
21 2
21 24
21 0
21 16
21 11
21 31
21 44
21 36
21 32
21 30
21 26
21 42
21 22
19
22 5
22 10
22 14
22 16
22 34
22 18
22 49
22 33
22 19
22 8
22 43
22 4
22 29
22 25
22 13
22 48
22 45
22 42
22 23
28
23 0
23 47
23 2
23 32
23 8
23 9
23 34
23 44
23 36
23 5
23 15
23 40
23 14
23 30
23 29
23 43
23 38
23 21
23 48
23 37
23 18
23 17
23 26
23 19
23 10
23 31
23 39
23 6
18
24 16
24 2
24 42
24 14
24 28
24 34
24 22
24 44
24 19
24 3
24 4
24 6
24 36
24 12
24 23
24 26
24 1
24 13
20
25 26
25 4
25 24
25 28
25 1
25 16
25 37
25 17
25 18
25 42
25 45
25 6
25 36
25 49
25 0
25 43
25 40
25 5
25 12
25 39
17
26 19
26 47
26 46
26 41
26 37
26 49
26 9
26 4
26 28
26 15
26 44
26 22
26 31
26 17
26 36
26 3
26 14
22
27 3
27 14
27 31
27 22
27 5
27 2
27 21
27 33
27 16
27 30
27 18
27 38
27 42
27 29
27 49
27 41
27 15
27 40
27 35
27 23
27 39
27 25
19
28 49
28 2
28 37
28 41
28 40
28 15
28 45
28 44
28 8
28 21
28 16
28 10
28 35
28 30
28 23
28 22
28 33
28 19
28 29
15
29 10
29 25
29 8
29 17
29 45
29 47
29 42
29 30
29 2
29 7
29 36
29 16
29 5
29 19
29 33
18
30 9
30 46
30 6
30 19
30 44
30 24
30 26
30 36
30 14
30 34
30 17
30 16
30 47
30 32
30 25
30 48
30 31
30 1
19
31 34
31 46
31 29
31 47
31 35
31 16
31 22
31 43
31 49
31 24
31 19
31 7
31 28
31 45
31 32
31 8
31 13
31 14
31 0
25
32 41
32 2
32 14
32 40
32 28
32 12
32 17
32 47
32 42
32 13
32 26
32 24
32 34
32 22
32 45
32 29
32 38
32 9
32 1
32 16
32 44
32 11
32 18
32 39
32 27
19
33 10
33 21
33 11
33 24
33 43
33 49
33 12
33 31
33 25
33 8
33 23
33 4
33 47
33 32
33 9
33 34
33 44
33 14
33 6
17
34 47
34 29
34 5
34 10
34 38
34 13
34 11
34 9
34 35
34 41
34 49
34 37
34 45
34 7
34 26
34 48
34 27
25
35 32
35 20
35 7
35 14
35 33
35 11
35 19
35 17
35 43
35 39
35 48
35 37
35 38
35 3
35 26
35 42
35 5
35 21
35 10
35 29
35 24
35 47
35 2
35 46
35 25
20
36 33
36 14
36 48
36 31
36 0
36 19
36 49
36 17
36 37
36 2
36 3
36 32
36 39
36 45
36 38
36 28
36 16
36 18
36 12
36 22
16
37 1
37 13
37 42
37 24
37 6
37 8
37 32
37 30
37 46
37 21
37 40
37 38
37 15
37 17
37 14
37 31
17
38 0
38 4
38 48
38 29
38 6
38 30
38 49
38 7
38 13
38 28
38 43
38 20
38 44
38 21
38 15
38 45
38 33
20
39 29
39 22
39 47
39 30
39 2
39 5
39 16
39 34
39 38
39 14
39 31
39 18
39 19
39 11
39 37
39 0
39 28
39 21
39 26
39 49
20
40 13
40 18
40 30
40 2
40 8
40 44
40 45
40 22
40 47
40 17
40 42
40 5
40 15
40 35
40 26
40 43
40 38
40 34
40 1
40 0
20
41 22
41 36
41 9
41 38
41 33
41 25
41 15
41 23
41 31
41 19
41 37
41 3
41 5
41 24
41 35
41 46
41 45
41 43
41 11
41 7
16
42 31
42 28
42 47
42 13
42 10
42 41
42 12
42 2
42 19
42 8
42 3
42 5
42 23
42 38
42 46
42 30
18
43 39
43 13
43 21
43 9
43 26
43 2
43 46
43 1
43 28
43 29
43 15
43 27
43 7
43 37
43 30
43 34
43 24
43 5
15
44 3
44 34
44 29
44 47
44 43
44 19
44 41
44 14
44 11
44 25
44 10
44 37
44 46
44 7
44 2
24
45 39
45 47
45 17
45 18
45 44
45 8
45 49
45 2
45 43
45 24
45 6
45 42
45 35
45 33
45 7
45 0
45 15
45 26
45 30
45 46
45 13
45 23
45 21
45 37
22
46 40
46 3
46 14
46 23
46 36
46 25
46 10
46 7
46 6
46 27
46 15
46 11
46 34
46 24
46 5
46 28
46 21
46 2
46 29
46 20
46 9
46 18
13
47 0
47 12
47 46
47 36
47 28
47 24
47 25
47 20
47 7
47 21
47 43
47 49
47 17
18
48 39
48 5
48 46
48 13
48 14
48 7
48 28
48 24
48 25
48 20
48 6
48 11
48 44
48 40
48 19
48 37
48 26
48 15
18
49 16
49 37
49 21
49 11
49 9
49 44
49 2
49 29
49 42
49 4
49 20
49 12
49 24
49 43
49 32
49 18
49 41
49 1
