50
0 "A10"
1 "A24"
2 "A27"
3 "A7"
4 "A20"
5 "A6"
6 "A9"
7 "A31"
8 "A46"
9 "A2"
10 "A26"
11 "A47"
12 "A42"
13 "A39"
14 "A25"
15 "A29"
16 "A19"
17 "A34"
18 "A35"
19 "A23"
20 "A5"
21 "A45"
22 "A48"
23 "A30"
24 "A11"
25 "A4"
26 "A49"
27 "A16"
28 "A21"
29 "A37"
30 "A32"
31 "A0"
32 "A44"
33 "A1"
34 "A3"
35 "A17"
36 "A38"
37 "A14"
38 "A15"
39 "A41"
40 "A40"
41 "A8"
42 "A13"
43 "A12"
44 "A28"
45 "A22"
46 "A43"
47 "A18"
48 "A33"
49 "A36"
21
0 46
0 24
0 8
0 14
0 33
0 17
0 35
0 22
0 40
0 43
0 2
0 21
0 38
0 15
0 20
0 37
0 34
0 26
0 9
0 44
0 47
23
1 11
1 49
1 35
1 29
1 46
1 9
1 26
1 44
1 13
1 3
1 17
1 41
1 27
1 34
1 24
1 28
1 15
1 5
1 31
1 37
1 43
1 33
1 25
17
2 20
2 42
2 28
2 32
2 35
2 29
2 16
2 7
2 27
2 25
2 33
2 47
2 8
2 23
2 48
2 9
2 24
19
3 0
3 27
3 47
3 43
3 9
3 49
3 17
3 34
3 11
3 41
3 2
3 24
3 22
3 19
3 48
3 23
3 39
3 31
3 10
24
4 15
4 10
4 40
4 3
4 38
4 45
4 28
4 31
4 14
4 35
4 1
4 37
4 42
4 18
4 41
4 33
4 36
4 13
4 20
4 7
4 22
4 46
4 47
4 9
27
5 6
5 33
5 0
5 24
5 46
5 41
5 4
5 47
5 43
5 22
5 25
5 3
5 28
5 26
5 13
5 17
5 15
5 9
5 35
5 45
5 12
5 39
5 27
5 10
5 48
5 8
5 18
22
6 23
6 10
6 27
6 4
6 41
6 1
6 14
6 28
6 38
6 16
6 13
6 48
6 42
6 3
6 9
6 22
6 0
6 17
6 49
6 2
6 30
6 31
24
7 19
7 11
7 26
7 5
7 42
7 12
7 13
7 3
7 14
7 34
7 10
7 41
7 31
7 0
7 8
7 38
7 24
7 25
7 20
7 28
7 1
7 30
7 44
7 9
23
8 3
8 24
8 9
8 45
8 29
8 27
8 46
8 48
8 35
8 37
8 20
8 36
8 49
8 30
8 41
8 12
8 28
8 15
8 26
8 47
8 4
8 25
8 23
21
9 43
9 41
9 32
9 25
9 15
9 23
9 27
9 39
9 26
9 16
9 37
9 29
9 12
9 35
9 49
9 34
9 19
9 28
9 36
9 10
9 22
18
10 13
10 1
10 29
10 45
10 37
10 34
10 24
10 48
10 16
10 8
10 21
10 43
10 28
10 2
10 38
10 22
10 33
10 46
20
11 43
11 24
11 47
11 2
11 4
11 10
11 5
11 31
11 32
11 39
11 30
11 44
11 18
11 21
11 19
11 40
11 14
11 27
11 6
11 17
16
12 21
12 47
12 11
12 28
12 46
12 0
12 42
12 26
12 16
12 35
12 2
12 43
12 23
12 18
12 48
12 1
19
13 3
13 24
13 41
13 19
13 0
13 22
13 29
13 23
13 46
13 40
13 15
13 34
13 11
13 39
13 12
13 9
13 31
13 2
13 27
19
14 41
14 20
14 13
14 43
14 29
14 36
14 26
14 18
14 21
14 45
14 38
14 12
14 1
14 40
14 22
14 27
14 5
14 10
14 28
18
15 35
15 36
15 18
15 42
15 43
15 49
15 17
15 23
15 28
15 38
15 11
15 31
15 45
15 27
15 25
15 26
15 14
15 30
20
16 32
16 3
16 35
16 24
16 49
16 15
16 41
16 11
16 39
16 47
16 4
16 36
16 31
16 46
16 44
16 0
16 25
16 5
16 7
16 26
16
17 45
17 16
17 10
17 40
17 34
17 31
17 25
17 18
17 42
17 12
17 13
17 37
17 4
17 39
17 2
17 46
21
18 24
18 3
18 33
18 8
18 13
18 1
18 47
18 19
18 34
18 41
18 48
18 38
18 9
18 35
18 49
18 6
18 39
18 2
18 37
18 46
18 42
21
19 8
19 24
19 6
19 2
19 30
19 0
19 15
19 33
19 12
19 14
19 48
19 1
19 17
19 35
19 29
19 4
19 42
19 16
19 31
19 38
19 10
17
20 30
20 47
20 5
20 33
20 45
20 46
20 18
20 42
20 19
20 26
20 24
20 12
20 17
20 21
20 25
20 43
20 16
23
21 34
21 15
21 19
21 25
21 30
21 32
21 7
21 35
21 27
21 48
21 24
21 23
21 3
21 4
21 40
21 38
21 41
21 26
21 42
21 37
21 1
21 9
21 18
27
22 23
22 21
22 27
22 45
22 49
22 7
22 15
22 2
22 34
22 1
22 33
22 17
22 26
22 36
22 16
22 42
22 8
22 18
22 37
22 12
22 32
22 29
22 43
22 41
22 11
22 35
22 48
11
23 41
23 27
23 16
23 39
23 4
23 32
23 17
23 33
23 20
23 46
23 7
15
24 31
24 14
24 15
24 46
24 42
24 25
24 34
24 4
24 17
24 22
24 38
24 36
24 35
24 6
24 28
19
25 19
25 35
25 22
25 0
25 48
25 10
25 39
25 12
25 6
25 13
25 42
25 43
25 32
25 30
25 18
25 34
25 44
25 37
25 3
17
26 25
26 35
26 17
26 19
26 3
26 34
26 38
26 13
26 49
26 30
26 37
26 11
26 6
26 10
26 47
26 4
26 28
19
27 7
27 16
27 4
27 17
27 40
27 44
27 0
27 18
27 45
27 31
27 32
27 35
27 24
27 30
27 48
27 29
27 25
27 26
27 38
19
28 25
28 33
28 23
28 3
28 30
28 31
28 0
28 18
28 29
28 42
28 36
28 19
28 13
28 22
28 37
28 47
28 38
28 11
28 41
22
29 32
29 3
29 0
29 26
29 6
29 17
29 48
29 18
29 20
29 11
29 16
29 30
29 15
29 38
29 7
29 46
29 45
29 23
29 37
29 43
29 4
29 21
20
30 48
30 9
30 13
30 36
30 12
30 43
30 4
30 34
30 17
30 23
30 24
30 3
30 1
30 2
30 0
30 31
30 18
30 16
30 10
30 32
16
31 21
31 35
31 29
31 18
31 26
31 38
31 37
31 23
31 45
31 46
31 33
31 22
31 14
31 12
31 20
31 8
23
32 0
32 36
32 15
32 31
32 1
32 17
32 28
32 12
32 46
32 38
32 18
32 43
32 6
32 24
32 7
32 3
32 34
32 35
32 13
32 8
32 44
32 37
32 40
19
33 27
33 49
33 6
33 48
33 24
33 36
33 8
33 7
33 26
33 34
33 47
33 37
33 14
33 12
33 29
33 13
33 41
33 21
33 25
20
34 43
34 15
34 27
34 2
34 45
34 5
34 16
34 46
34 8
34 38
34 48
34 14
34 44
34 11
34 49
34 19
34 36
34 28
34 40
34 4
17
35 29
35 43
35 11
35 48
35 13
35 3
35 20
35 44
35 36
35 42
35 38
35 17
35 34
35 30
35 6
35 7
35 40
22
36 27
36 41
36 46
36 21
36 2
36 45
36 38
36 6
36 39
36 20
36 7
36 25
36 44
36 31
36 13
36 18
36 26
36 17
36 49
36 42
36 12
36 11
20
37 36
37 7
37 30
37 13
37 12
37 43
37 16
37 34
37 47
37 3
37 44
37 19
37 23
37 20
37 11
37 38
37 49
37 46
37 6
37 40
14
38 30
38 25
38 5
38 45
38 9
38 11
38 17
38 2
38 1
38 8
38 16
38 3
38 43
38 12
23
39 24
39 8
39 29
39 48
39 0
39 14
39 31
39 33
39 32
39 19
39 15
39 38
39 26
39 37
39 27
39 20
39 28
39 10
39 35
39 43
39 34
39 41
39 40
21
40 45
40 38
40 31
40 1
40 28
40 22
40 26
40 19
40 25
40 24
40 15
40 10
40 29
40 49
40 5
40 33
40 16
40 48
40 2
40 36
40 18
16
41 25
41 49
41 46
41 24
41 37
41 35
41 40
41 0
41 45
41 43
41 29
41 31
41 38
41 19
41 26
41 2
18
42 38
42 41
42 30
42 44
42 40
42 5
42 39
42 26
42 29
42 14
42 1
42 16
42 9
42 46
42 0
42 3
42 34
42 23
14
43 21
43 6
43 44
43 18
43 24
43 31
43 49
43 40
43 26
43 2
43 27
43 16
43 8
43 19
25
44 24
44 49
44 29
44 18
44 22
44 17
44 10
44 41
44 28
44 2
44 8
44 23
44 38
44 40
44 30
44 39
44 31
44 13
44 9
44 4
44 5
44 6
44 20
44 14
44 21
17
45 42
45 39
45 43
45 44
45 3
45 33
45 18
45 1
45 26
45 47
45 28
45 7
45 25
45 37
45 16
45 9
45 30
17
46 38
46 3
46 7
46 9
46 28
46 21
46 15
46 35
46 26
46 39
46 25
46 30
46 19
46 14
46 27
46 11
46 43
18
47 48
47 34
47 19
47 41
47 40
47 10
47 44
47 24
47 13
47 32
47 39
47 21
47 30
47 23
47 29
47 46
47 35
47 7
22
48 36
48 17
48 44
48 7
48 42
48 23
48 13
48 16
48 4
48 0
48 41
48 28
48 43
48 46
48 45
48 11
48 38
48 31
48 15
48 49
48 9
48 37
20
49 5
49 25
49 31
49 12
49 47
49 17
49 32
49 21
49 14
49 38
49 39
49 20
49 13
49 42
49 23
49 2
49 30
49 0
49 29
49 7
