50
0 "A10"
1 "A24"
2 "A27"
3 "A7"
4 "A20"
5 "A6"
6 "A9"
7 "A31"
8 "A46"
9 "A2"
10 "A26"
11 "A47"
12 "A42"
13 "A39"
14 "A25"
15 "A29"
16 "A19"
17 "A34"
18 "A35"
19 "A23"
20 "A5"
21 "A45"
22 "A48"
23 "A30"
24 "A11"
25 "A4"
26 "A49"
27 "A16"
28 "A21"
29 "A37"
30 "A32"
31 "A0"
32 "A44"
33 "A1"
34 "A3"
35 "A17"
36 "A38"
37 "A14"
38 "A15"
39 "A41"
40 "A40"
41 "A8"
42 "A13"
43 "A12"
44 "A28"
45 "A22"
46 "A43"
47 "A18"
48 "A33"
49 "A36"
18
0 2
0 22
0 39
0 32
0 48
0 15
0 5
0 4
0 49
0 8
0 11
0 29
0 12
0 19
0 21
0 38
0 46
0 26
16
1 12
1 0
1 31
1 25
1 15
1 22
1 27
1 5
1 46
1 35
1 37
1 28
1 45
1 23
1 34
1 29
23
2 44
2 24
2 31
2 28
2 33
2 13
2 9
2 41
2 49
2 26
2 5
2 47
2 16
2 14
2 25
2 10
2 46
2 48
2 22
2 32
2 30
2 23
2 8
29
3 17
3 18
3 2
3 33
3 24
3 29
3 11
3 19
3 4
3 37
3 40
3 23
3 43
3 16
3 10
3 35
3 20
3 25
3 42
3 0
3 8
3 46
3 38
3 26
3 6
3 47
3 49
3 15
3 7
22
4 11
4 26
4 25
4 23
4 34
4 27
4 48
4 2
4 43
4 46
4 10
4 42
4 14
4 1
4 8
4 39
4 7
4 5
4 41
4 36
4 47
4 40
17
5 16
5 19
5 24
5 14
5 41
5 34
5 29
5 48
5 33
5 11
5 42
5 36
5 3
5 6
5 9
5 43
5 26
26
6 28
6 17
6 30
6 48
6 33
6 0
6 47
6 35
6 4
6 40
6 36
6 39
6 2
6 41
6 1
6 13
6 43
6 26
6 37
6 23
6 27
6 25
6 24
6 29
6 38
6 19
15
7 12
7 9
7 47
7 10
7 8
7 34
7 0
7 6
7 21
7 39
7 43
7 31
7 36
7 24
7 2
21
8 30
8 33
8 31
8 19
8 42
8 40
8 48
8 6
8 32
8 13
8 15
8 12
8 28
8 34
8 11
8 10
8 44
8 49
8 18
8 36
8 41
24
9 37
9 26
9 34
9 28
9 31
9 17
9 24
9 43
9 3
9 8
9 13
9 38
9 11
9 33
9 18
9 4
9 27
9 22
9 0
9 48
9 49
9 6
9 35
9 1
17
10 21
10 24
10 5
10 9
10 25
10 33
10 38
10 17
10 1
10 41
10 30
10 19
10 13
10 26
10 49
10 36
10 42
17
11 2
11 36
11 40
11 42
11 32
11 33
11 39
11 26
11 43
11 17
11 41
11 45
11 14
11 47
11 1
11 10
11 29
21
12 33
12 14
12 39
12 22
12 43
12 44
12 9
12 3
12 42
12 49
12 19
12 29
12 5
12 24
12 2
12 30
12 15
12 36
12 17
12 26
12 27
20
13 14
13 0
13 20
13 23
13 40
13 46
13 4
13 39
13 3
13 19
13 24
13 48
13 25
13 30
13 28
13 18
13 11
13 47
13 37
13 1
17
14 3
14 42
14 18
14 24
14 6
14 22
14 38
14 29
14 36
14 27
14 44
14 37
14 8
14 47
14 30
14 45
14 0
21
15 30
15 10
15 22
15 29
15 36
15 14
15 24
15 25
15 32
15 13
15 9
15 21
15 17
15 44
15 40
15 5
15 4
15 18
15 11
15 33
15 43
21
16 9
16 49
16 7
16 32
16 45
16 10
16 4
16 19
16 8
16 13
16 12
16 27
16 46
16 6
16 35
16 23
16 44
16 43
16 11
16 48
16 37
16
17 23
17 21
17 39
17 1
17 27
17 0
17 7
17 35
17 38
17 32
17 2
17 16
17 4
17 47
17 30
17 41
23
18 40
18 36
18 33
18 5
18 35
18 41
18 43
18 27
18 49
18 11
18 0
18 2
18 16
18 19
18 32
18 46
18 6
18 28
18 7
18 39
18 30
18 17
18 48
23
19 38
19 14
19 22
19 26
19 45
19 28
19 29
19 25
19 21
19 4
19 11
19 20
19 17
19 49
19 9
19 1
19 35
19 37
19 7
19 2
19 42
19 31
19 41
27
20 8
20 40
20 2
20 29
20 25
20 30
20 12
20 24
20 31
20 0
20 17
20 11
20 35
20 5
20 47
20 16
20 42
20 46
20 44
20 7
20 4
20 49
20 15
20 43
20 34
20 28
20 38
25
21 4
21 46
21 1
21 6
21 39
21 28
21 18
21 34
21 32
21 43
21 8
21 12
21 9
21 24
21 16
21 2
21 13
21 44
21 30
21 35
21 11
21 41
21 3
21 36
21 37
16
22 39
22 4
22 32
22 24
22 10
22 28
22 29
22 44
22 45
22 8
22 7
22 16
22 3
22 5
22 11
22 6
19
23 14
23 41
23 32
23 21
23 42
23 9
23 24
23 48
23 30
23 15
23 33
23 12
23 5
23 18
23 29
23 8
23 19
23 22
23 11
17
24 18
24 1
24 29
24 30
24 11
24 31
24 0
24 4
24 8
24 46
24 34
24 26
24 37
24 42
24 36
24 25
24 40
22
25 31
25 11
25 26
25 32
25 5
25 34
25 36
25 33
25 44
25 21
25 14
25 12
25 17
25 7
25 47
25 0
25 27
25 8
25 35
25 18
25 16
25 23
19
26 7
26 21
26 29
26 33
26 18
26 1
26 39
26 43
26 17
26 47
26 41
26 31
26 28
26 13
26 40
26 36
26 49
26 42
26 20
20
27 15
27 11
27 5
27 10
27 34
27 45
27 0
27 29
27 8
27 21
27 23
27 48
27 49
27 20
27 33
27 36
27 40
27 24
27 19
27 43
16
28 7
28 49
28 10
28 15
28 23
28 37
28 25
28 14
28 39
28 24
28 12
28 30
28 16
28 36
28 0
28 11
15
29 17
29 21
29 2
29 43
29 28
29 13
29 18
29 32
29 42
29 25
29 30
29 41
29 38
29 7
29 4
15
30 49
30 16
30 9
30 37
30 25
30 33
30 19
30 42
30 46
30 48
30 5
30 38
30 26
30 27
30 40
18
31 18
31 21
31 5
31 29
31 35
31 13
31 12
31 10
31 28
31 48
31 32
31 23
31 14
31 39
31 22
31 42
31 44
31 15
16
32 27
32 24
32 5
32 12
32 1
32 36
32 26
32 4
32 38
32 6
32 20
32 10
32 19
32 39
32 42
32 28
21
33 20
33 29
33 40
33 21
33 49
33 24
33 44
33 22
33 45
33 34
33 7
33 41
33 28
33 19
33 37
33 31
33 32
33 16
33 0
33 1
33 35
22
34 19
34 15
34 29
34 17
34 13
34 3
34 32
34 44
34 49
34 12
34 31
34 16
34 10
34 36
34 45
34 18
34 47
34 26
34 28
34 0
34 41
34 38
17
35 22
35 38
35 12
35 28
35 27
35 4
35 46
35 49
35 26
35 7
35 34
35 32
35 0
35 43
35 30
35 8
35 11
14
36 41
36 43
36 17
36 0
36 16
36 46
36 13
36 48
36 45
36 35
36 44
36 30
36 1
36 29
18
37 4
37 42
37 5
37 12
37 23
37 39
37 41
37 7
37 32
37 48
37 8
37 22
37 2
37 18
37 34
37 35
37 25
37 10
21
38 1
38 24
38 16
38 47
38 36
38 11
38 37
38 48
38 23
38 7
38 12
38 33
38 31
38 27
38 40
38 26
38 25
38 44
38 41
38 21
38 15
16
39 3
39 29
39 9
39 36
39 27
39 20
39 34
39 25
39 24
39 23
39 10
39 1
39 2
39 38
39 5
39 33
24
40 39
40 17
40 49
40 1
40 23
40 9
40 47
40 48
40 44
40 21
40 29
40 45
40 28
40 16
40 10
40 22
40 5
40 34
40 32
40 19
40 0
40 7
40 31
40 37
20
41 27
41 24
41 28
41 42
41 22
41 44
41 35
41 20
41 9
41 32
41 12
41 40
41 7
41 48
41 13
41 49
41 15
41 30
41 31
41 16
14
42 28
42 25
42 40
42 15
42 1
42 34
42 16
42 35
42 33
42 49
42 39
42 2
42 22
42 43
19
43 8
43 19
43 34
43 25
43 10
43 39
43 38
43 1
43 37
43 32
43 24
43 23
43 0
43 22
43 2
43 14
43 40
43 28
43 47
17
44 4
44 5
44 10
44 17
44 35
44 30
44 19
44 24
44 49
44 39
44 42
44 7
44 3
44 26
44 29
44 0
44 37
29
45 39
45 28
45 35
45 21
45 43
45 8
45 25
45 49
45 26
45 7
45 0
45 31
45 42
45 41
45 23
45 48
45 13
45 47
45 5
45 9
45 3
45 2
45 10
45 15
45 4
45 17
45 38
45 44
45 32
26
46 11
46 29
46 15
46 41
46 43
46 12
46 7
46 34
46 22
46 8
46 6
46 27
46 23
46 19
46 31
46 14
46 38
46 49
46 39
46 17
46 25
46 42
46 40
46 28
46 37
46 9
21
47 0
47 8
47 32
47 10
47 9
47 44
47 19
47 1
47 29
47 22
47 31
47 41
47 12
47 36
47 35
47 46
47 5
47 49
47 27
47 42
47 28
19
48 10
48 29
48 15
48 35
48 24
48 26
48 17
48 1
48 20
48 43
48 42
48 22
48 14
48 46
48 39
48 7
48 44
48 33
48 32
10
49 11
49 31
49 5
49 25
49 32
49 29
49 48
49 17
49 22
49 14
