50
0 "A10"
1 "A24"
2 "A27"
3 "A7"
4 "A20"
5 "A6"
6 "A9"
7 "A31"
8 "A46"
9 "A2"
10 "A26"
11 "A47"
12 "A42"
13 "A39"
14 "A25"
15 "A29"
16 "A19"
17 "A34"
18 "A35"
19 "A23"
20 "A5"
21 "A45"
22 "A48"
23 "A30"
24 "A11"
25 "A4"
26 "A49"
27 "A16"
28 "A21"
29 "A37"
30 "A32"
31 "A0"
32 "A44"
33 "A1"
34 "A3"
35 "A17"
36 "A38"
37 "A14"
38 "A15"
39 "A41"
40 "A40"
41 "A8"
42 "A13"
43 "A12"
44 "A28"
45 "A22"
46 "A43"
47 "A18"
48 "A33"
49 "A36"
19
0 27
0 17
0 24
0 10
0 19
0 18
0 9
0 44
0 43
0 4
0 8
0 1
0 38
0 3
0 23
0 21
0 36
0 40
0 16
22
1 22
1 23
1 48
1 34
1 47
1 20
1 43
1 26
1 14
1 4
1 12
1 11
1 41
1 5
1 13
1 44
1 9
1 15
1 27
1 8
1 33
1 31
17
2 29
2 5
2 28
2 49
2 15
2 44
2 42
2 24
2 3
2 25
2 23
2 45
2 41
2 20
2 8
2 46
2 39
22
3 31
3 35
3 24
3 15
3 33
3 37
3 39
3 10
3 20
3 36
3 1
3 13
3 7
3 12
3 11
3 44
3 4
3 25
3 28
3 21
3 46
3 34
16
4 27
4 36
4 17
4 47
4 38
4 5
4 8
4 6
4 46
4 39
4 22
4 2
4 21
4 25
4 13
4 9
14
5 43
5 23
5 8
5 42
5 46
5 29
5 39
5 47
5 21
5 0
5 33
5 27
5 3
5 25
28
6 15
6 28
6 26
6 8
6 41
6 48
6 23
6 25
6 16
6 1
6 7
6 45
6 2
6 31
6 47
6 38
6 29
6 9
6 40
6 19
6 22
6 20
6 32
6 0
6 27
6 43
6 21
6 17
18
7 49
7 16
7 4
7 10
7 13
7 39
7 33
7 30
7 2
7 1
7 5
7 24
7 18
7 17
7 34
7 12
7 28
7 45
24
8 3
8 33
8 29
8 39
8 18
8 48
8 46
8 28
8 15
8 11
8 30
8 20
8 37
8 24
8 25
8 40
8 21
8 7
8 47
8 41
8 31
8 32
8 27
8 19
18
9 22
9 5
9 45
9 42
9 23
9 18
9 14
9 33
9 2
9 7
9 47
9 29
9 41
9 36
9 34
9 15
9 8
9 35
17
10 49
10 37
10 9
10 39
10 40
10 42
10 36
10 41
10 13
10 30
10 34
10 6
10 43
10 4
10 22
10 16
10 28
18
11 14
11 38
11 43
11 30
11 12
11 23
11 25
11 40
11 46
11 20
11 22
11 2
11 7
11 34
11 9
11 10
11 6
11 16
10
12 4
12 15
12 31
12 9
12 18
12 10
12 38
12 43
12 25
12 32
22
13 37
13 47
13 18
13 40
13 0
13 43
13 27
13 5
13 20
13 48
13 15
13 46
13 23
13 16
13 6
13 30
13 14
13 44
13 33
13 49
13 12
13 9
15
14 31
14 5
14 25
14 30
14 39
14 4
14 42
14 45
14 15
14 34
14 47
14 2
14 17
14 0
14 12
14
15 42
15 10
15 20
15 23
15 7
15 41
15 36
15 32
15 40
15 31
15 39
15 5
15 16
15 34
20
16 18
16 43
16 46
16 20
16 33
16 8
16 12
16 23
16 41
16 38
16 40
16 42
16 17
16 5
16 14
16 30
16 29
16 32
16 24
16 21
20
17 10
17 38
17 49
17 22
17 48
17 46
17 11
17 18
17 36
17 41
17 2
17 28
17 44
17 26
17 15
17 40
17 27
17 8
17 1
17 9
24
18 34
18 10
18 14
18 28
18 19
18 46
18 47
18 15
18 2
18 45
18 41
18 44
18 39
18 4
18 21
18 36
18 43
18 37
18 1
18 5
18 24
18 6
18 20
18 11
25
19 25
19 37
19 2
19 31
19 10
19 5
19 12
19 48
19 21
19 17
19 47
19 13
19 11
19 28
19 20
19 49
19 15
19 46
19 7
19 16
19 14
19 36
19 1
19 32
19 44
13
20 37
20 49
20 43
20 14
20 17
20 46
20 30
20 34
20 24
20 5
20 33
20 47
20 48
19
21 43
21 33
21 14
21 13
21 46
21 38
21 9
21 47
21 32
21 37
21 2
21 40
21 29
21 20
21 7
21 49
21 1
21 41
21 28
22
22 42
22 26
22 32
22 46
22 27
22 29
22 3
22 2
22 28
22 21
22 0
22 48
22 14
22 43
22 19
22 35
22 34
22 18
22 37
22 8
22 44
22 38
15
23 19
23 38
23 3
23 8
23 31
23 49
23 21
23 45
23 10
23 12
23 35
23 36
23 40
23 14
23 44
22
24 13
24 43
24 41
24 1
24 14
24 27
24 19
24 23
24 46
24 36
24 30
24 4
24 34
24 29
24 28
24 10
24 35
24 22
24 5
24 40
24 48
24 12
17
25 15
25 17
25 33
25 9
25 7
25 49
25 13
25 1
25 35
25 10
25 45
25 36
25 39
25 24
25 23
25 18
25 47
23
26 18
26 36
26 40
26 2
26 28
26 38
26 8
26 24
26 37
26 43
26 16
26 44
26 4
26 0
26 7
26 25
26 32
26 9
26 10
26 30
26 21
26 15
26 14
19
27 16
27 15
27 7
27 25
27 32
27 20
27 34
27 19
27 35
27 14
27 33
27 3
27 43
27 47
27 18
27 12
27 45
27 21
27 36
20
28 47
28 25
28 40
28 11
28 34
28 16
28 9
28 30
28 12
28 13
28 35
28 27
28 33
28 41
28 39
28 23
28 1
28 36
28 5
28 20
19
29 4
29 12
29 19
29 27
29 20
29 43
29 17
29 42
29 33
29 1
29 37
29 48
29 23
29 18
29 15
29 26
29 0
29 45
29 28
20
30 27
30 15
30 35
30 3
30 36
30 18
30 46
30 47
30 21
30 12
30 5
30 37
30 6
30 17
30 33
30 4
30 23
30 42
30 9
30 29
24
31 39
31 20
31 2
31 36
31 0
31 4
31 10
31 21
31 46
31 40
31 38
31 26
31 18
31 29
31 34
31 22
31 28
31 33
31 16
31 24
31 5
31 49
31 30
31 44
16
32 9
32 10
32 41
32 47
32 13
32 20
32 17
32 7
32 30
32 4
32 29
32 0
32 18
32 31
32 25
32 43
17
33 34
33 18
33 24
33 2
33 38
33 6
33 12
33 42
33 15
33 14
33 22
33 19
33 40
33 48
33 17
33 39
33 0
24
34 16
34 38
34 41
34 17
34 13
34 39
34 32
34 30
34 26
34 5
34 40
34 23
34 29
34 25
34 12
34 2
34 46
34 49
34 8
34 44
34 47
34 21
34 43
34 4
29
35 18
35 31
35 10
35 44
35 46
35 40
35 2
35 8
35 13
35 47
35 6
35 49
35 19
35 12
35 4
35 29
35 14
35 33
35 17
35 42
35 15
35 36
35 1
35 48
35 39
35 11
35 32
35 20
35 43
15
36 37
36 14
36 8
36 7
36 46
36 21
36 2
36 33
36 34
36 5
36 48
36 20
36 16
36 44
36 13
20
37 11
37 33
37 46
37 12
37 16
37 2
37 6
37 17
37 35
37 34
37 0
37 43
37 32
37 23
37 9
37 14
37 25
37 38
37 28
37 1
20
38 24
38 49
38 30
38 18
38 35
38 29
38 10
38 19
38 20
38 15
38 42
38 32
38 9
38 8
38 25
38 36
38 48
38 7
38 13
38 28
23
39 6
39 11
39 30
39 21
39 48
39 27
39 20
39 0
39 9
39 24
39 45
39 36
39 19
39 46
39 32
39 37
39 26
39 13
39 49
39 16
39 22
39 29
39 40
18
40 45
40 18
40 1
40 7
40 38
40 30
40 37
40 4
40 49
40 46
40 27
40 5
40 48
40 36
40 9
40 14
40 44
40 19
21
41 0
41 49
41 3
41 39
41 30
41 20
41 11
41 25
41 35
41 44
41 23
41 33
41 7
41 29
41 27
41 42
41 22
41 12
41 48
41 5
41 40
24
42 24
42 4
42 25
42 1
42 36
42 19
42 28
42 32
42 44
42 31
42 11
42 17
42 45
42 18
42 39
42 26
42 6
42 13
42 0
42 12
42 49
42 34
42 20
42 46
18
43 15
43 19
43 39
43 7
43 25
43 8
43 38
43 2
43 42
43 14
43 40
43 30
43 4
43 31
43 9
43 49
43 36
43 17
21
44 10
44 7
44 27
44 38
44 45
44 32
44 16
44 28
44 20
44 43
44 46
44 8
44 48
44 49
44 9
44 33
44 47
44 39
44 6
44 21
44 11
22
45 32
45 17
45 10
45 8
45 36
45 21
45 37
45 19
45 34
45 43
45 47
45 24
45 46
45 41
45 12
45 28
45 33
45 30
45 16
45 38
45 22
45 5
14
46 27
46 26
46 33
46 12
46 9
46 41
46 0
46 25
46 38
46 1
46 28
46 14
46 15
46 10
17
47 31
47 38
47 41
47 26
47 48
47 43
47 11
47 2
47 16
47 22
47 24
47 36
47 23
47 37
47 12
47 39
47 46
21
48 23
48 34
48 9
48 18
48 3
48 32
48 0
48 30
48 10
48 42
48 45
48 12
48 11
48 15
48 25
48 46
48 49
48 5
48 21
48 31
48 4
24
49 29
49 33
49 32
49 6
49 24
49 8
49 5
49 1
49 9
49 0
49 27
49 36
49 26
49 3
49 11
49 28
49 37
49 45
49 46
49 14
49 18
49 30
49 47
49 22
