50
0 "A10"
1 "A24"
2 "A27"
3 "A7"
4 "A20"
5 "A6"
6 "A9"
7 "A31"
8 "A46"
9 "A2"
10 "A26"
11 "A47"
12 "A42"
13 "A39"
14 "A25"
15 "A29"
16 "A19"
17 "A34"
18 "A35"
19 "A23"
20 "A5"
21 "A45"
22 "A48"
23 "A30"
24 "A11"
25 "A4"
26 "A49"
27 "A16"
28 "A21"
29 "A37"
30 "A32"
31 "A0"
32 "A44"
33 "A1"
34 "A3"
35 "A17"
36 "A38"
37 "A14"
38 "A15"
39 "A41"
40 "A40"
41 "A8"
42 "A13"
43 "A12"
44 "A28"
45 "A22"
46 "A43"
47 "A18"
48 "A33"
49 "A36"
22
0 37
0 3
0 14
0 35
0 28
0 5
0 21
0 41
0 19
0 15
0 30
0 49
0 48
0 38
0 27
0 10
0 39
0 2
0 31
0 34
0 43
0 20
19
1 36
1 26
1 42
1 31
1 2
1 19
1 48
1 4
1 28
1 38
1 9
1 39
1 11
1 32
1 41
1 34
1 5
1 17
1 14
18
2 40
2 23
2 47
2 31
2 3
2 46
2 37
2 11
2 41
2 27
2 36
2 7
2 25
2 14
2 34
2 35
2 38
2 16
18
3 46
3 42
3 11
3 1
3 33
3 26
3 36
3 25
3 15
3 47
3 28
3 35
3 32
3 5
3 34
3 40
3 48
3 8
19
4 47
4 38
4 9
4 41
4 2
4 27
4 8
4 22
4 44
4 45
4 16
4 20
4 13
4 43
4 7
4 49
4 21
4 34
4 48
19
5 35
5 47
5 48
5 33
5 38
5 14
5 20
5 34
5 6
5 27
5 42
5 4
5 15
5 11
5 2
5 23
5 16
5 40
5 12
27
6 47
6 13
6 0
6 46
6 3
6 4
6 44
6 7
6 24
6 36
6 16
6 42
6 49
6 48
6 30
6 8
6 12
6 41
6 40
6 23
6 20
6 25
6 45
6 1
6 26
6 9
6 33
19
7 48
7 30
7 29
7 26
7 13
7 18
7 45
7 23
7 32
7 10
7 47
7 22
7 1
7 27
7 16
7 38
7 3
7 46
7 24
21
8 18
8 32
8 24
8 46
8 12
8 1
8 39
8 34
8 27
8 21
8 11
8 43
8 22
8 14
8 38
8 31
8 30
8 2
8 44
8 49
8 36
20
9 45
9 2
9 12
9 47
9 5
9 0
9 34
9 35
9 36
9 48
9 43
9 19
9 8
9 16
9 18
9 14
9 31
9 25
9 17
9 7
22
10 28
10 23
10 8
10 5
10 15
10 43
10 16
10 17
10 20
10 14
10 32
10 3
10 48
10 42
10 38
10 29
10 27
10 4
10 6
10 33
10 47
10 39
20
11 37
11 13
11 34
11 18
11 0
11 44
11 28
11 41
11 7
11 19
11 47
11 9
11 6
11 10
11 4
11 32
11 24
11 22
11 38
11 15
23
12 4
12 31
12 42
12 46
12 37
12 3
12 45
12 17
12 16
12 0
12 22
12 19
12 18
12 35
12 39
12 10
12 43
12 47
12 25
12 24
12 40
12 38
12 7
26
13 33
13 2
13 42
13 27
13 21
13 14
13 0
13 15
13 20
13 3
13 49
13 47
13 9
13 46
13 19
13 35
13 28
13 48
13 44
13 34
13 25
13 10
13 1
13 24
13 37
13 45
17
14 12
14 6
14 7
14 3
14 26
14 45
14 20
14 11
14 16
14 33
14 4
14 15
14 35
14 28
14 18
14 39
14 24
19
15 6
15 16
15 19
15 44
15 21
15 40
15 45
15 8
15 30
15 47
15 37
15 4
15 7
15 32
15 48
15 22
15 12
15 43
15 20
16
16 33
16 0
16 32
16 20
16 39
16 17
16 25
16 21
16 37
16 8
16 28
16 26
16 47
16 22
16 31
16 11
21
17 45
17 30
17 36
17 14
17 43
17 47
17 5
17 49
17 0
17 11
17 27
17 39
17 8
17 7
17 29
17 13
17 42
17 31
17 6
17 19
17 28
16
18 15
18 44
18 3
18 16
18 10
18 25
18 45
18 46
18 6
18 31
18 19
18 39
18 17
18 24
18 0
18 41
17
19 14
19 5
19 31
19 2
19 35
19 40
19 49
19 46
19 16
19 3
19 7
19 32
19 33
19 48
19 6
19 4
19 10
21
20 9
20 28
20 19
20 21
20 22
20 3
20 31
20 17
20 11
20 1
20 49
20 12
20 42
20 23
20 43
20 18
20 46
20 2
20 34
20 41
20 44
18
21 9
21 23
21 3
21 27
21 7
21 17
21 42
21 12
21 40
21 10
21 22
21 11
21 2
21 49
21 19
21 47
21 45
21 1
21
22 13
22 30
22 23
22 26
22 31
22 44
22 37
22 33
22 49
22 6
22 42
22 45
22 14
22 0
22 46
22 28
22 35
22 43
22 17
22 34
22 9
21
23 49
23 13
23 16
23 17
23 37
23 44
23 38
23 3
23 34
23 19
23 9
23 12
23 42
23 25
23 45
23 47
23 35
23 30
23 4
23 1
23 26
20
24 38
24 36
24 34
24 15
24 21
24 44
24 26
24 5
24 27
24 4
24 22
24 49
24 47
24 17
24 46
24 2
24 0
24 10
24 9
24 20
19
25 31
25 28
25 8
25 29
25 34
25 37
25 41
25 11
25 4
25 15
25 7
25 1
25 22
25 20
25 17
25 27
25 49
25 0
25 19
19
26 32
26 49
26 10
26 37
26 28
26 19
26 25
26 18
26 39
26 2
26 36
26 44
26 29
26 21
26 35
26 46
26 8
26 0
26 48
23
27 14
27 30
27 31
27 38
27 1
27 47
27 45
27 26
27 20
27 11
27 16
27 15
27 9
27 28
27 18
27 32
27 22
27 36
27 19
27 42
27 48
27 34
27 46
17
28 32
28 40
28 19
28 33
28 2
28 46
28 39
28 23
28 15
28 21
28 37
28 48
28 43
28 6
28 8
28 4
28 12
22
29 20
29 42
29 15
29 8
29 21
29 11
29 16
29 2
29 22
29 13
29 18
29 24
29 31
29 12
29 28
29 27
29 40
29 1
29 49
29 5
29 4
29 9
23
30 33
30 3
30 2
30 16
30 5
30 40
30 20
30 46
30 39
30 31
30 36
30 26
30 14
30 49
30 38
30 34
30 37
30 11
30 29
30 41
30 19
30 48
30 10
15
31 48
31 28
31 3
31 45
31 41
31 24
31 39
31 13
31 15
31 11
31 6
31 47
31 36
31 21
31 26
14
32 22
32 31
32 43
32 5
32 37
32 2
32 49
32 25
32 46
32 13
32 17
32 29
32 14
32 18
19
33 1
33 25
33 17
33 11
33 44
33 4
33 26
33 42
33 23
33 35
33 34
33 8
33 20
33 2
33 18
33 45
33 38
33 12
33 15
18
34 31
34 6
34 7
34 32
34 43
34 18
34 36
34 17
34 28
34 12
34 19
34 49
34 41
34 42
34 21
34 29
34 47
34 44
21
35 15
35 37
35 29
35 47
35 11
35 10
35 46
35 1
35 16
35 27
35 25
35 30
35 49
35 32
35 31
35 7
35 48
35 18
35 8
35 4
35 42
19
36 14
36 12
36 25
36 21
36 40
36 32
36 49
36 23
36 29
36 10
36 44
36 48
36 11
36 13
36 7
36 19
36 4
36 5
36 15
23
37 20
37 43
37 27
37 48
37 21
37 14
37 42
37 38
37 3
37 8
37 29
37 44
37 1
37 17
37 10
37 6
37 31
37 24
37 19
37 9
37 34
37 46
37 18
22
38 9
38 6
38 29
38 15
38 41
38 20
38 18
38 34
38 13
38 49
38 14
38 36
38 35
38 17
38 3
38 26
38 47
38 21
38 32
38 19
38 46
38 40
21
39 2
39 19
39 11
39 37
39 33
39 40
39 27
39 13
39 43
39 36
39 46
39 32
39 22
39 47
39 48
39 7
39 34
39 4
39 5
39 45
39 24
23
40 4
40 34
40 45
40 22
40 23
40 44
40 9
40 20
40 32
40 25
40 11
40 27
40 14
40 37
40 35
40 42
40 47
40 13
40 18
40 24
40 16
40 26
40 33
20
41 10
41 16
41 17
41 21
41 37
41 7
41 33
41 44
41 12
41 28
41 36
41 23
41 26
41 47
41 9
41 13
41 8
41 15
41 5
41 39
20
42 7
42 24
42 32
42 2
42 49
42 28
42 44
42 9
42 45
42 36
42 26
42 41
42 25
42 11
42 8
42 46
42 48
42 18
42 14
42 0
20
43 45
43 24
43 13
43 7
43 33
43 6
43 41
43 5
43 49
43 42
43 18
43 19
43 11
43 21
43 23
43 27
43 2
43 3
43 30
43 31
22
44 47
44 43
44 29
44 0
44 39
44 45
44 21
44 17
44 9
44 19
44 38
44 2
44 31
44 3
44 32
44 30
44 5
44 16
44 49
44 28
44 27
44 48
14
45 36
45 35
45 41
45 48
45 32
45 37
45 38
45 16
45 34
45 26
45 29
45 28
45 2
45 25
15
46 36
46 15
46 40
46 34
46 43
46 11
46 21
46 48
46 14
46 4
46 29
46 17
46 44
46 5
46 1
15
47 33
47 48
47 32
47 42
47 45
47 1
47 37
47 46
47 26
47 8
47 19
47 14
47 43
47 49
47 18
18
48 12
48 14
48 18
48 43
48 22
48 17
48 40
48 2
48 11
48 33
48 16
48 38
48 23
48 29
48 20
48 21
48 24
48 25
18
49 10
49 27
49 28
49 9
49 12
49 11
49 41
49 3
49 37
49 45
49 15
49 39
49 7
49 33
49 2
49 16
49 46
49 18
