50
0 "A10"
1 "A24"
2 "A27"
3 "A7"
4 "A20"
5 "A6"
6 "A9"
7 "A31"
8 "A46"
9 "A2"
10 "A26"
11 "A47"
12 "A42"
13 "A39"
14 "A25"
15 "A29"
16 "A19"
17 "A34"
18 "A35"
19 "A23"
20 "A5"
21 "A45"
22 "A48"
23 "A30"
24 "A11"
25 "A4"
26 "A49"
27 "A16"
28 "A21"
29 "A37"
30 "A32"
31 "A0"
32 "A44"
33 "A1"
34 "A3"
35 "A17"
36 "A38"
37 "A14"
38 "A15"
39 "A41"
40 "A40"
41 "A8"
42 "A13"
43 "A12"
44 "A28"
45 "A22"
46 "A43"
47 "A18"
48 "A33"
49 "A36"
18
0 16
0 22
0 17
0 26
0 4
0 20
0 44
0 1
0 37
0 43
0 47
0 19
0 41
0 15
0 14
0 7
0 3
0 28
11
1 35
1 13
1 19
1 27
1 37
1 34
1 21
1 14
1 18
1 30
1 48
20
2 46
2 5
2 36
2 9
2 39
2 7
2 44
2 25
2 3
2 37
2 4
2 15
2 0
2 13
2 20
2 33
2 30
2 38
2 17
2 48
20
3 39
3 15
3 23
3 40
3 19
3 34
3 22
3 4
3 44
3 10
3 9
3 7
3 31
3 14
3 16
3 47
3 21
3 48
3 41
3 29
21
4 26
4 44
4 31
4 34
4 9
4 7
4 42
4 10
4 37
4 49
4 32
4 29
4 12
4 14
4 48
4 20
4 45
4 47
4 17
4 25
4 22
20
5 30
5 19
5 7
5 29
5 35
5 18
5 25
5 31
5 36
5 37
5 15
5 40
5 27
5 14
5 1
5 23
5 49
5 20
5 0
5 8
18
6 23
6 25
6 3
6 35
6 42
6 40
6 17
6 0
6 12
6 9
6 44
6 18
6 21
6 7
6 41
6 5
6 34
6 1
17
7 27
7 16
7 28
7 43
7 38
7 22
7 48
7 44
7 46
7 9
7 10
7 24
7 23
7 18
7 30
7 13
7 17
16
8 41
8 19
8 6
8 45
8 11
8 44
8 17
8 20
8 37
8 32
8 7
8 1
8 29
8 30
8 24
8 49
16
9 40
9 43
9 1
9 32
9 37
9 34
9 39
9 44
9 0
9 30
9 8
9 41
9 16
9 23
9 12
9 25
22
10 8
10 26
10 9
10 38
10 25
10 1
10 39
10 19
10 28
10 6
10 5
10 24
10 31
10 43
10 29
10 18
10 0
10 16
10 40
10 49
10 34
10 30
25
11 24
11 44
11 29
11 18
11 13
11 4
11 27
11 6
11 41
11 38
11 1
11 5
11 39
11 31
11 7
11 2
11 10
11 46
11 36
11 9
11 3
11 42
11 21
11 40
11 19
15
12 34
12 35
12 33
12 44
12 5
12 14
12 40
12 11
12 22
12 13
12 24
12 20
12 38
12 18
12 19
14
13 31
13 22
13 3
13 0
13 10
13 36
13 17
13 37
13 38
13 46
13 9
13 6
13 32
13 4
15
14 42
14 35
14 27
14 8
14 11
14 36
14 45
14 30
14 26
14 7
14 31
14 6
14 28
14 2
14 33
16
15 43
15 35
15 47
15 41
15 11
15 20
15 12
15 7
15 14
15 34
15 32
15 13
15 9
15 46
15 48
15 10
14
16 8
16 5
16 23
16 29
16 6
16 33
16 46
16 15
16 11
16 45
16 4
16 1
16 12
16 22
21
17 33
17 34
17 1
17 11
17 39
17 18
17 9
17 38
17 16
17 12
17 43
17 10
17 21
17 29
17 15
17 42
17 25
17 3
17 14
17 40
17 47
26
18 40
18 9
18 47
18 23
18 31
18 20
18 16
18 24
18 2
18 8
18 49
18 28
18 0
18 44
18 38
18 48
18 3
18 22
18 41
18 45
18 21
18 37
18 34
18 14
18 30
18 4
18
19 46
19 4
19 32
19 33
19 23
19 2
19 40
19 45
19 47
19 9
19 14
19 24
19 18
19 38
19 36
19 16
19 26
19 15
18
20 10
20 43
20 24
20 13
20 40
20 11
20 6
20 31
20 25
20 16
20 9
20 28
20 1
20 14
20 47
20 27
20 33
20 45
22
21 30
21 8
21 12
21 40
21 22
21 46
21 47
21 7
21 44
21 9
21 14
21 33
21 2
21 20
21 27
21 29
21 15
21 4
21 13
21 19
21 16
21 5
22
22 24
22 28
22 44
22 31
22 19
22 34
22 9
22 47
22 29
22 43
22 15
22 14
22 27
22 30
22 5
22 6
22 36
22 39
22 25
22 8
22 23
22 2
20
23 17
23 12
23 11
23 10
23 8
23 37
23 1
23 25
23 2
23 4
23 20
23 14
23 15
23 42
23 31
23 0
23 36
23 27
23 28
23 33
24
24 27
24 3
24 31
24 9
24 46
24 4
24 6
24 43
24 37
24 25
24 21
24 17
24 29
24 23
24 13
24 41
24 16
24 5
24 38
24 15
24 33
24 14
24 40
24 48
20
25 12
25 44
25 45
25 19
25 46
25 29
25 42
25 15
25 27
25 47
25 31
25 18
25 16
25 38
25 14
25 32
25 49
25 26
25 13
25 3
22
26 3
26 17
26 2
26 5
26 31
26 15
26 23
26 24
26 9
26 13
26 44
26 8
26 30
26 18
26 37
26 16
26 46
26 43
26 11
26 20
26 1
26 22
25
27 47
27 26
27 13
27 37
27 48
27 49
27 28
27 29
27 19
27 8
27 39
27 18
27 38
27 16
27 33
27 17
27 30
27 40
27 15
27 10
27 9
27 32
27 35
27 6
27 12
25
28 13
28 2
28 15
28 30
28 21
28 8
28 39
28 16
28 1
28 5
28 45
28 46
28 29
28 33
28 6
28 41
28 17
28 34
28 19
28 11
28 25
28 3
28 37
28 49
28 43
16
29 47
29 41
29 12
29 0
29 13
29 6
29 39
29 1
29 36
29 9
29 19
29 15
29 23
29 26
29 42
29 44
19
30 19
30 32
30 16
30 24
30 29
30 36
30 25
30 6
30 44
30 41
30 17
30 46
30 4
30 37
30 12
30 47
30 40
30 35
30 23
19
31 49
31 39
31 21
31 48
31 34
31 19
31 44
31 47
31 0
31 37
31 40
31 17
31 8
31 12
31 33
31 15
31 6
31 27
31 32
15
32 45
32 20
32 17
32 7
32 28
32 5
32 23
32 14
32 44
32 6
32 26
32 1
32 10
32 24
32 0
24
33 40
33 1
33 47
33 38
33 22
33 0
33 32
33 8
33 46
33 5
33 3
33 30
33 18
33 7
33 15
33 36
33 42
33 29
33 34
33 43
33 13
33 49
33 37
33 10
23
34 16
34 48
34 44
34 49
34 30
34 23
34 47
34 29
34 8
34 25
34 36
34 42
34 14
34 40
34 26
34 13
34 24
34 11
34 5
34 43
34 27
34 21
34 19
25
35 40
35 38
35 36
35 28
35 17
35 10
35 20
35 44
35 25
35 22
35 2
35 29
35 48
35 34
35 13
35 21
35 33
35 32
35 45
35 8
35 49
35 0
35 39
35 18
35 42
20
36 10
36 9
36 4
36 6
36 28
36 15
36 3
36 20
36 24
36 40
36 25
36 12
36 42
36 7
36 26
36 37
36 43
36 17
36 0
36 16
19
37 10
37 49
37 34
37 12
37 25
37 40
37 32
37 7
37 22
37 46
37 16
37 20
37 42
37 3
37 47
37 35
37 38
37 21
37 41
19
38 21
38 46
38 14
38 26
38 22
38 47
38 16
38 34
38 30
38 1
38 8
38 23
38 9
38 31
38 42
38 6
38 15
38 28
38 0
23
39 34
39 43
39 25
39 5
39 24
39 32
39 42
39 6
39 0
39 36
39 16
39 7
39 14
39 47
39 41
39 4
39 1
39 26
39 19
39 21
39 30
39 33
39 38
17
40 28
40 29
40 45
40 7
40 16
40 48
40 13
40 42
40 4
40 8
40 14
40 46
40 38
40 32
40 0
40 25
40 22
23
41 21
41 16
41 7
41 25
41 49
41 32
41 36
41 4
41 12
41 23
41 22
41 40
41 33
41 5
41 14
41 26
41 17
41 46
41 1
41 27
41 2
41 38
41 47
22
42 3
42 21
42 19
42 27
42 44
42 10
42 7
42 46
42 13
42 16
42 1
42 47
42 49
42 41
42 24
42 8
42 20
42 2
42 0
42 5
42 12
42 15
17
43 16
43 37
43 40
43 1
43 23
43 49
43 30
43 31
43 18
43 11
43 8
43 29
43 19
43 3
43 47
43 45
43 21
12
44 43
44 36
44 10
44 15
44 13
44 37
44 24
44 49
44 16
44 45
44 27
44 1
25
45 17
45 24
45 12
45 37
45 27
45 5
45 22
45 2
45 23
45 48
45 30
45 3
45 39
45 7
45 26
45 10
45 33
45 11
45 15
45 34
45 38
45 21
45 0
45 13
45 1
20
46 39
46 8
46 43
46 3
46 22
46 48
46 35
46 4
46 34
46 31
46 1
46 32
46 10
46 27
46 45
46 9
46 47
46 36
46 29
46 44
18
47 40
47 28
47 8
47 23
47 48
47 11
47 26
47 24
47 45
47 44
47 2
47 10
47 16
47 12
47 13
47 9
47 7
47 5
22
48 21
48 37
48 11
48 39
48 0
48 20
48 22
48 6
48 19
48 32
48 30
48 23
48 33
48 8
48 25
48 9
48 26
48 43
48 36
48 16
48 5
48 41
21
49 2
49 21
49 30
49 29
49 13
49 23
49 7
49 24
49 32
49 39
49 47
49 1
49 3
49 40
49 36
49 17
49 14
49 16
49 15
49 45
49 0
