50
0 "A10"
1 "A24"
2 "A27"
3 "A7"
4 "A20"
5 "A6"
6 "A9"
7 "A31"
8 "A46"
9 "A2"
10 "A26"
11 "A47"
12 "A42"
13 "A39"
14 "A25"
15 "A29"
16 "A19"
17 "A34"
18 "A35"
19 "A23"
20 "A5"
21 "A45"
22 "A48"
23 "A30"
24 "A11"
25 "A4"
26 "A49"
27 "A16"
28 "A21"
29 "A37"
30 "A32"
31 "A0"
32 "A44"
33 "A1"
34 "A3"
35 "A17"
36 "A38"
37 "A14"
38 "A15"
39 "A41"
40 "A40"
41 "A8"
42 "A13"
43 "A12"
44 "A28"
45 "A22"
46 "A43"
47 "A18"
48 "A33"
49 "A36"
22
0 30
0 5
0 12
0 49
0 6
0 27
0 4
0 3
0 38
0 28
0 45
0 34
0 8
0 47
0 18
0 29
0 15
0 46
0 36
0 24
0 1
0 13
18
1 4
1 3
1 40
1 27
1 24
1 21
1 32
1 18
1 36
1 15
1 10
1 22
1 42
1 48
1 39
1 29
1 5
1 17
17
2 42
2 29
2 34
2 4
2 31
2 33
2 10
2 35
2 9
2 44
2 45
2 0
2 39
2 14
2 23
2 28
2 46
22
3 27
3 39
3 14
3 24
3 5
3 29
3 2
3 37
3 17
3 34
3 32
3 12
3 45
3 42
3 15
3 44
3 9
3 25
3 40
3 38
3 20
3 8
20
4 49
4 3
4 45
4 18
4 7
4 8
4 48
4 17
4 6
4 16
4 10
4 9
4 27
4 36
4 28
4 15
4 30
4 46
4 42
4 25
24
5 19
5 32
5 47
5 10
5 17
5 26
5 35
5 18
5 30
5 12
5 22
5 9
5 25
5 44
5 2
5 42
5 41
5 15
5 14
5 29
5 36
5 4
5 23
5 34
20
6 14
6 24
6 22
6 44
6 1
6 9
6 19
6 35
6 26
6 15
6 11
6 41
6 29
6 36
6 30
6 31
6 33
6 8
6 2
6 3
23
7 20
7 45
7 44
7 39
7 13
7 1
7 41
7 16
7 25
7 47
7 38
7 27
7 12
7 10
7 28
7 5
7 37
7 49
7 11
7 33
7 29
7 32
7 17
26
8 1
8 20
8 36
8 15
8 13
8 42
8 11
8 28
8 45
8 35
8 39
8 38
8 34
8 48
8 14
8 12
8 2
8 33
8 21
8 31
8 5
8 23
8 18
8 37
8 49
8 17
19
9 0
9 7
9 42
9 35
9 34
9 14
9 28
9 27
9 31
9 24
9 15
9 23
9 13
9 21
9 38
9 11
9 12
9 36
9 22
27
10 0
10 18
10 16
10 28
10 13
10 33
10 6
10 26
10 15
10 47
10 45
10 25
10 9
10 39
10 49
10 30
10 43
10 11
10 8
10 31
10 46
10 48
10 3
10 21
10 29
10 40
10 32
17
11 0
11 30
11 39
11 24
11 23
11 22
11 41
11 27
11 37
11 2
11 4
11 21
11 16
11 17
11 42
11 33
11 32
20
12 4
12 21
12 27
12 37
12 44
12 6
12 16
12 47
12 35
12 26
12 36
12 39
12 23
12 24
12 10
12 18
12 30
12 2
12 33
12 34
18
13 39
13 1
13 24
13 16
13 42
13 36
13 43
13 47
13 31
13 4
13 6
13 3
13 32
13 2
13 19
13 38
13 11
13 45
16
14 31
14 23
14 27
14 15
14 7
14 1
14 21
14 40
14 11
14 29
14 4
14 12
14 41
14 17
14 10
14 44
12
15 20
15 49
15 30
15 2
15 27
15 25
15 35
15 7
15 36
15 41
15 48
15 11
16
16 31
16 1
16 49
16 30
16 2
16 21
16 33
16 17
16 5
16 18
16 29
16 6
16 19
16 46
16 0
16 48
15
17 43
17 24
17 47
17 0
17 9
17 49
17 48
17 33
17 32
17 10
17 19
17 12
17 23
17 13
17 31
22
18 24
18 9
18 34
18 7
18 49
18 48
18 19
18 45
18 29
18 6
18 3
18 47
18 28
18 11
18 39
18 21
18 32
18 23
18 15
18 17
18 35
18 22
18
19 41
19 2
19 27
19 46
19 10
19 1
19 38
19 30
19 35
19 36
19 7
19 33
19 45
19 3
19 29
19 15
19 12
19 8
23
20 6
20 18
20 9
20 24
20 43
20 32
20 17
20 22
20 44
20 2
20 4
20 16
20 29
20 19
20 13
20 26
20 0
20 30
20 38
20 45
20 1
20 40
20 10
17
21 7
21 5
21 49
21 3
21 0
21 48
21 29
21 38
21 15
21 37
21 40
21 34
21 2
21 17
21 19
21 23
21 13
24
22 17
22 0
22 49
22 21
22 15
22 39
22 2
22 35
22 4
22 14
22 23
22 30
22 27
22 3
22 36
22 12
22 10
22 16
22 31
22 26
22 24
22 44
22 8
22 7
18
23 28
23 29
23 0
23 6
23 3
23 13
23 48
23 25
23 39
23 45
23 7
23 19
23 27
23 20
23 10
23 42
23 16
23 44
14
24 23
24 47
24 29
24 19
24 32
24 31
24 48
24 40
24 8
24 27
24 49
24 2
24 28
24 33
28
25 9
25 40
25 46
25 16
25 18
25 45
25 47
25 43
25 21
25 22
25 29
25 19
25 14
25 36
25 2
25 31
25 33
25 20
25 28
25 34
25 11
25 30
25 37
25 1
25 41
25 24
25 49
25 17
23
26 38
26 44
26 8
26 33
26 49
26 14
26 16
26 3
26 15
26 46
26 32
26 13
26 47
26 17
26 1
26 29
26 43
26 48
26 28
26 35
26 0
26 41
26 23
15
27 21
27 49
27 6
27 34
27 36
27 16
27 46
27 5
27 2
27 48
27 25
27 13
27 31
27 33
27 32
14
28 46
28 19
28 14
28 16
28 17
28 49
28 1
28 37
28 6
28 21
28 27
28 41
28 20
28 12
12
29 36
29 27
29 37
29 42
29 12
29 28
29 49
29 48
29 4
29 17
29 13
29 45
13
30 35
30 46
30 1
30 13
30 18
30 31
30 17
30 24
30 28
30 45
30 37
30 23
30 26
23
31 1
31 19
31 35
31 43
31 48
31 20
31 28
31 5
31 29
31 4
31 46
31 3
31 44
31 0
31 26
31 11
31 45
31 34
31 23
31 7
31 32
31 12
31 21
17
32 15
32 14
32 2
32 28
32 6
32 30
32 22
32 39
32 45
32 43
32 25
32 23
32 35
32 19
32 8
32 21
32 16
19
33 3
33 15
33 30
33 48
33 14
33 20
33 9
33 0
33 49
33 13
33 1
33 35
33 32
33 28
33 29
33 42
33 4
33 23
33 5
22
34 48
34 38
34 45
34 32
34 23
34 47
34 4
34 20
34 13
34 39
34 22
34 16
34 15
34 33
34 17
34 1
34 46
34 28
34 44
34 42
34 14
34 6
15
35 37
35 10
35 42
35 16
35 7
35 24
35 25
35 45
35 13
35 27
35 1
35 0
35 11
35 20
35 29
20
36 18
36 31
36 16
36 3
36 28
36 21
36 11
36 42
36 45
36 20
36 7
36 23
36 24
36 17
36 47
36 26
36 10
36 30
36 14
36 44
22
37 0
37 36
37 16
37 32
37 4
37 1
37 34
37 18
37 14
37 20
37 42
37 44
37 19
37 5
37 26
37 24
37 27
37 40
37 41
37 47
37 10
37 49
24
38 23
38 47
38 32
38 2
38 29
38 28
38 17
38 11
38 31
38 24
38 40
38 18
38 10
38 1
38 36
38 49
38 37
38 16
38 14
38 30
38 33
38 27
38 41
38 46
20
39 4
39 16
39 26
39 49
39 15
39 14
39 21
39 33
39 38
39 19
39 46
39 30
39 17
39 6
39 27
39 41
39 0
39 37
39 20
39 28
20
40 19
40 22
40 8
40 33
40 32
40 42
40 45
40 18
40 30
40 23
40 41
40 46
40 9
40 17
40 5
40 34
40 27
40 6
40 0
40 15
22
41 45
41 34
41 32
41 17
41 0
41 8
41 13
41 20
41 21
41 33
41 9
41 36
41 10
41 4
41 46
41 44
41 2
41 35
41 27
41 22
41 23
41 30
26
42 22
42 6
42 28
42 45
42 21
42 26
42 7
42 19
42 47
42 30
42 46
42 12
42 18
42 25
42 49
42 17
42 27
42 0
42 14
42 10
42 20
42 16
42 15
42 32
42 39
42 31
30
43 2
43 21
43 28
43 5
43 38
43 23
43 49
43 29
43 42
43 12
43 47
43 7
43 11
43 35
43 8
43 4
43 41
43 3
43 15
43 40
43 6
43 19
43 39
43 22
43 16
43 37
43 34
43 27
43 1
43 24
20
44 17
44 8
44 11
44 29
44 19
44 32
44 49
44 42
44 18
44 46
44 10
44 13
44 4
44 38
44 25
44 1
44 33
44 30
44 43
44 15
14
45 24
45 43
45 16
45 28
45 15
45 39
45 33
45 47
45 22
45 44
45 6
45 26
45 48
45 46
19
46 24
46 9
46 33
46 43
46 20
46 29
46 13
46 23
46 11
46 1
46 22
46 18
46 17
46 48
46 36
46 35
46 5
46 15
46 6
22
47 46
47 8
47 14
47 16
47 33
47 32
47 44
47 35
47 49
47 27
47 29
47 21
47 2
47 3
47 9
47 19
47 6
47 31
47 48
47 39
47 4
47 28
16
48 39
48 3
48 30
48 49
48 40
48 25
48 2
48 14
48 7
48 22
48 6
48 35
48 44
48 9
48 5
48 0
16
49 40
49 35
49 12
49 14
49 6
49 41
49 45
49 1
49 32
49 36
49 5
49 13
49 2
49 31
49 46
49 23
