50
0 "A10"
1 "A24"
2 "A27"
3 "A7"
4 "A20"
5 "A6"
6 "A9"
7 "A31"
8 "A46"
9 "A2"
10 "A26"
11 "A47"
12 "A42"
13 "A39"
14 "A25"
15 "A29"
16 "A19"
17 "A34"
18 "A35"
19 "A23"
20 "A5"
21 "A45"
22 "A48"
23 "A30"
24 "A11"
25 "A4"
26 "A49"
27 "A16"
28 "A21"
29 "A37"
30 "A32"
31 "A0"
32 "A44"
33 "A1"
34 "A3"
35 "A17"
36 "A38"
37 "A14"
38 "A15"
39 "A41"
40 "A40"
41 "A8"
42 "A13"
43 "A12"
44 "A28"
45 "A22"
46 "A43"
47 "A18"
48 "A33"
49 "A36"
18
0 49
0 20
0 4
0 3
0 31
0 40
0 41
0 26
0 37
0 35
0 19
0 9
0 17
0 12
0 24
0 10
0 11
0 28
20
1 14
1 23
1 21
1 15
1 48
1 39
1 8
1 32
1 38
1 0
1 2
1 17
1 31
1 49
1 42
1 37
1 41
1 40
1 10
1 9
20
2 38
2 13
2 44
2 40
2 36
2 22
2 8
2 39
2 26
2 47
2 20
2 46
2 3
2 11
2 0
2 45
2 6
2 7
2 43
2 23
19
3 46
3 27
3 8
3 24
3 10
3 29
3 44
3 16
3 1
3 30
3 41
3 4
3 25
3 37
3 20
3 49
3 34
3 22
3 38
17
4 44
4 38
4 24
4 1
4 13
4 41
4 32
4 15
4 42
4 12
4 2
4 47
4 43
4 11
4 17
4 22
4 40
22
5 37
5 49
5 33
5 40
5 11
5 23
5 2
5 3
5 1
5 21
5 7
5 13
5 24
5 46
5 0
5 4
5 47
5 32
5 6
5 41
5 29
5 28
23
6 1
6 44
6 14
6 17
6 30
6 45
6 41
6 10
6 38
6 37
6 49
6 24
6 40
6 8
6 33
6 0
6 28
6 18
6 39
6 16
6 12
6 9
6 4
14
7 28
7 30
7 0
7 4
7 37
7 20
7 8
7 35
7 34
7 11
7 1
7 19
7 6
7 24
18
8 29
8 16
8 0
8 39
8 19
8 12
8 24
8 30
8 25
8 36
8 4
8 15
8 41
8 21
8 10
8 40
8 42
8 5
18
9 16
9 3
9 7
9 43
9 30
9 34
9 31
9 47
9 14
9 10
9 27
9 12
9 48
9 24
9 4
9 2
9 21
9 45
16
10 49
10 37
10 48
10 44
10 46
10 21
10 7
10 16
10 42
10 30
10 2
10 34
10 20
10 33
10 13
10 4
22
11 13
11 45
11 1
11 9
11 27
11 6
11 23
11 8
11 49
11 42
11 24
11 34
11 18
11 21
11 20
11 31
11 19
11 47
11 36
11 30
11 12
11 16
21
12 32
12 49
12 19
12 20
12 15
12 33
12 10
12 14
12 5
12 21
12 13
12 34
12 39
12 24
12 2
12 47
12 7
12 41
12 1
12 3
12 31
19
13 16
13 15
13 20
13 33
13 41
13 25
13 35
13 43
13 19
13 8
13 21
13 1
13 7
13 38
13 36
13 45
13 46
13 23
13 3
26
14 38
14 41
14 36
14 26
14 17
14 29
14 47
14 33
14 40
14 4
14 13
14 19
14 10
14 25
14 11
14 21
14 8
14 0
14 7
14 35
14 49
14 48
14 5
14 39
14 42
14 20
23
15 49
15 27
15 2
15 5
15 10
15 20
15 39
15 18
15 14
15 35
15 41
15 32
15 37
15 24
15 3
15 0
15 45
15 7
15 6
15 29
15 38
15 40
15 31
16
16 34
16 38
16 41
16 15
16 25
16 7
16 35
16 49
16 19
16 21
16 12
16 27
16 0
16 36
16 18
16 44
18
17 10
17 3
17 21
17 36
17 26
17 22
17 45
17 49
17 41
17 11
17 9
17 8
17 7
17 34
17 47
17 16
17 5
17 13
24
18 5
18 41
18 21
18 43
18 35
18 8
18 12
18 27
18 17
18 4
18 39
18 9
18 44
18 45
18 37
18 14
18 46
18 25
18 0
18 29
18 13
18 10
18 1
18 2
19
19 34
19 37
19 22
19 21
19 24
19 3
19 18
19 15
19 31
19 49
19 42
19 10
19 25
19 33
19 48
19 9
19 5
19 1
19 40
14
20 49
20 45
20 35
20 8
20 17
20 41
20 24
20 26
20 16
20 30
20 4
20 46
20 37
20 19
14
21 3
21 47
21 25
21 39
21 36
21 4
21 2
21 45
21 35
21 15
21 29
21 20
21 7
21 34
20
22 8
22 42
22 38
22 5
22 48
22 27
22 30
22 1
22 49
22 20
22 9
22 10
22 6
22 15
22 18
22 13
22 43
22 21
22 34
22 33
19
23 8
23 31
23 18
23 29
23 16
23 24
23 41
23 4
23 48
23 33
23 21
23 14
23 3
23 0
23 6
23 7
23 10
23 15
23 20
20
24 34
24 14
24 48
24 2
24 30
24 17
24 22
24 16
24 36
24 45
24 47
24 26
24 27
24 49
24 21
24 29
24 38
24 1
24 32
24 18
15
25 11
25 24
25 34
25 29
25 20
25 15
25 12
25 43
25 1
25 22
25 5
25 9
25 2
25 41
25 40
23
26 7
26 39
26 32
26 31
26 21
26 43
26 9
26 47
26 13
26 12
26 37
26 10
26 5
26 45
26 19
26 3
26 25
26 6
26 16
26 23
26 1
26 15
26 11
23
27 49
27 20
27 45
27 13
27 46
27 21
27 37
27 40
27 6
27 2
27 35
27 5
27 25
27 34
27 19
27 7
27 44
27 30
27 0
27 32
27 43
27 4
27 12
27
28 47
28 45
28 39
28 14
28 49
28 18
28 42
28 11
28 40
28 17
28 22
28 2
28 25
28 27
28 41
28 4
28 26
28 23
28 8
28 20
28 1
28 15
28 13
28 10
28 3
28 46
28 21
22
29 22
29 41
29 43
29 26
29 48
29 46
29 10
29 34
29 4
29 28
29 7
29 39
29 13
29 17
29 42
29 12
29 36
29 2
29 27
29 19
29 16
29 40
22
30 35
30 17
30 46
30 38
30 41
30 25
30 19
30 0
30 29
30 21
30 14
30 2
30 28
30 37
30 26
30 40
30 18
30 1
30 47
30 23
30 31
30 4
20
31 27
31 3
31 2
31 17
31 28
31 35
31 10
31 16
31 22
31 44
31 34
31 29
31 4
31 18
31 40
31 39
31 49
31 21
31 41
31 8
20
32 11
32 42
32 0
32 21
32 17
32 7
32 28
32 3
32 8
32 10
32 2
32 6
32 16
32 14
32 43
32 20
32 29
32 9
32 30
32 48
24
33 37
33 34
33 31
33 47
33 20
33 24
33 43
33 28
33 9
33 4
33 32
33 21
33 30
33 29
33 8
33 11
33 0
33 44
33 36
33 27
33 15
33 17
33 26
33 38
20
34 45
34 4
34 5
34 13
34 36
34 44
34 26
34 15
34 23
34 43
34 39
34 30
34 32
34 1
34 8
34 48
34 6
34 20
34 41
34 2
20
35 23
35 34
35 1
35 39
35 42
35 2
35 6
35 12
35 41
35 44
35 3
35 37
35 26
35 29
35 9
35 5
35 8
35 22
35 47
35 19
22
36 7
36 31
36 1
36 5
36 25
36 35
36 3
36 45
36 44
36 26
36 6
36 19
36 46
36 18
36 23
36 39
36 49
36 47
36 32
36 12
36 37
36 22
19
37 23
37 21
37 4
37 2
37 17
37 29
37 16
37 49
37 48
37 11
37 22
37 14
37 32
37 42
37 9
37 28
37 31
37 25
37 45
16
38 26
38 29
38 43
38 11
38 9
38 36
38 44
38 23
38 25
38 47
38 28
38 34
38 12
38 7
38 8
38 42
19
39 48
39 11
39 38
39 47
39 4
39 32
39 25
39 0
39 22
39 23
39 17
39 30
39 20
39 24
39 33
39 37
39 5
39 43
39 3
19
40 22
40 7
40 10
40 33
40 21
40 18
40 20
40 47
40 24
40 37
40 9
40 12
40 36
40 44
40 11
40 41
40 26
40 13
40 34
15
41 2
41 11
41 43
41 36
41 42
41 27
41 39
41 10
41 24
41 7
41 37
41 49
41 38
41 26
41 44
17
42 27
42 9
42 39
42 25
42 34
42 26
42 21
42 44
42 33
42 12
42 31
42 15
42 20
42 2
42 6
42 16
42 7
21
43 17
43 31
43 30
43 12
43 15
43 7
43 5
43 10
43 14
43 0
43 35
43 42
43 46
43 1
43 3
43 45
43 16
43 36
43 47
43 24
43 20
20
44 20
44 17
44 25
44 43
44 0
44 1
44 22
44 30
44 19
44 5
44 48
44 32
44 29
44 8
44 23
44 15
44 11
44 37
44 21
44 28
19
45 40
45 44
45 42
45 3
45 29
45 30
45 25
45 46
45 7
45 10
45 35
45 5
45 23
45 31
45 12
45 33
45 19
45 8
45 4
18
46 1
46 15
46 11
46 48
46 44
46 25
46 37
46 6
46 19
46 26
46 47
46 39
46 24
46 34
46 12
46 38
46 0
46 9
19
47 0
47 37
47 25
47 45
47 8
47 3
47 16
47 34
47 15
47 1
47 18
47 32
47 29
47 31
47 22
47 19
47 13
47 44
47 7
20
48 3
48 42
48 18
48 13
48 11
48 6
48 49
48 40
48 27
48 15
48 35
48 26
48 31
48 28
48 4
48 38
48 21
48 41
48 2
48 0
20
49 8
49 42
49 46
49 35
49 4
49 2
49 13
49 44
49 47
49 45
49 9
49 33
49 25
49 26
49 7
49 34
49 43
49 40
49 30
49 38
