50
0 "A10"
1 "A24"
2 "A27"
3 "A7"
4 "A20"
5 "A6"
6 "A9"
7 "A31"
8 "A46"
9 "A2"
10 "A26"
11 "A47"
12 "A42"
13 "A39"
14 "A25"
15 "A29"
16 "A19"
17 "A34"
18 "A35"
19 "A23"
20 "A5"
21 "A45"
22 "A48"
23 "A30"
24 "A11"
25 "A4"
26 "A49"
27 "A16"
28 "A21"
29 "A37"
30 "A32"
31 "A0"
32 "A44"
33 "A1"
34 "A3"
35 "A17"
36 "A38"
37 "A14"
38 "A15"
39 "A41"
40 "A40"
41 "A8"
42 "A13"
43 "A12"
44 "A28"
45 "A22"
46 "A43"
47 "A18"
48 "A33"
49 "A36"
20
0 37
0 12
0 13
0 30
0 49
0 25
0 17
0 45
0 31
0 26
0 33
0 29
0 5
0 9
0 32
0 40
0 3
0 7
0 10
0 15
21
1 45
1 20
1 12
1 5
1 39
1 10
1 43
1 6
1 34
1 41
1 32
1 0
1 9
1 31
1 47
1 13
1 42
1 35
1 49
1 25
1 21
24
2 12
2 32
2 8
2 47
2 37
2 25
2 27
2 43
2 16
2 17
2 20
2 29
2 1
2 9
2 44
2 38
2 34
2 36
2 49
2 41
2 23
2 31
2 40
2 14
22
3 39
3 48
3 6
3 1
3 16
3 31
3 49
3 46
3 20
3 27
3 13
3 4
3 47
3 32
3 18
3 22
3 10
3 23
3 8
3 11
3 26
3 5
21
4 41
4 15
4 42
4 29
4 38
4 26
4 14
4 0
4 47
4 49
4 1
4 43
4 25
4 44
4 28
4 21
4 10
4 39
4 13
4 27
4 2
18
5 20
5 37
5 2
5 25
5 24
5 19
5 10
5 14
5 44
5 41
5 28
5 48
5 17
5 22
5 6
5 35
5 7
5 4
20
6 45
6 14
6 19
6 24
6 48
6 36
6 0
6 43
6 31
6 39
6 20
6 34
6 37
6 49
6 30
6 35
6 16
6 2
6 38
6 44
18
7 15
7 45
7 46
7 11
7 1
7 28
7 34
7 3
7 36
7 16
7 31
7 49
7 38
7 13
7 39
7 21
7 18
7 25
21
8 1
8 4
8 13
8 46
8 19
8 31
8 40
8 47
8 14
8 44
8 43
8 37
8 42
8 15
8 35
8 45
8 0
8 6
8 28
8 33
8 29
20
9 48
9 11
9 38
9 31
9 5
9 12
9 23
9 29
9 32
9 45
9 6
9 15
9 33
9 3
9 28
9 7
9 36
9 25
9 30
9 10
19
10 20
10 22
10 38
10 36
10 32
10 42
10 11
10 37
10 47
10 44
10 29
10 15
10 35
10 2
10 19
10 43
10 33
10 17
10 14
17
11 1
11 25
11 22
11 44
11 40
11 5
11 8
11 2
11 12
11 6
11 47
11 20
11 17
11 30
11 48
11 21
11 26
16
12 5
12 4
12 44
12 3
12 15
12 45
12 6
12 25
12 26
12 8
12 27
12 20
12 30
12 13
12 7
12 21
18
13 43
13 6
13 10
13 11
13 26
13 24
13 5
13 20
13 23
13 47
13 19
13 30
13 39
13 37
13 32
13 22
13 31
13 18
24
14 15
14 42
14 0
14 47
14 33
14 9
14 34
14 21
14 1
14 28
14 25
14 13
14 7
14 48
14 18
14 24
14 22
14 12
14 3
14 16
14 29
14 37
14 20
14 30
24
15 21
15 17
15 38
15 22
15 41
15 24
15 18
15 3
15 19
15 6
15 32
15 27
15 30
15 48
15 39
15 1
15 16
15 2
15 11
15 28
15 20
15 25
15 37
15 5
23
16 22
16 23
16 28
16 9
16 10
16 0
16 48
16 49
16 35
16 39
16 29
16 20
16 37
16 46
16 21
16 40
16 8
16 34
16 24
16 4
16 31
16 33
16 19
23
17 16
17 32
17 28
17 33
17 9
17 22
17 40
17 31
17 8
17 20
17 1
17 12
17 6
17 42
17 39
17 30
17 21
17 36
17 43
17 3
17 4
17 13
17 7
23
18 1
18 17
18 29
18 44
18 43
18 48
18 4
18 41
18 19
18 49
18 16
18 27
18 12
18 25
18 45
18 11
18 32
18 36
18 9
18 38
18 10
18 31
18 5
14
19 14
19 23
19 28
19 21
19 4
19 35
19 0
19 45
19 17
19 11
19 3
19 30
19 26
19 24
16
20 8
20 38
20 0
20 22
20 37
20 18
20 19
20 47
20 32
20 31
20 29
20 4
20 21
20 35
20 30
20 46
20
21 3
21 2
21 25
21 48
21 18
21 9
21 31
21 36
21 39
21 29
21 40
21 37
21 24
21 10
21 13
21 33
21 26
21 5
21 46
21 6
19
22 38
22 8
22 21
22 48
22 42
22 6
22 2
22 45
22 35
22 25
22 9
22 40
22 0
22 34
22 39
22 33
22 31
22 19
22 24
17
23 1
23 31
23 37
23 15
23 21
23 44
23 29
23 17
23 11
23 7
23 24
23 42
23 25
23 20
23 4
23 6
23 12
21
24 18
24 10
24 49
24 36
24 33
24 26
24 48
24 7
24 2
24 0
24 37
24 39
24 4
24 1
24 9
24 44
24 20
24 31
24 17
24 8
24 32
16
25 37
25 19
25 41
25 44
25 46
25 26
25 32
25 13
25 36
25 24
25 42
25 3
25 40
25 34
25 20
25 35
19
26 45
26 14
26 31
26 18
26 10
26 22
26 9
26 6
26 49
26 15
26 28
26 7
26 20
26 2
26 16
26 5
26 41
26 1
26 38
17
27 29
27 44
27 33
27 38
27 24
27 1
27 23
27 9
27 25
27 14
27 26
27 7
27 16
27 47
27 0
27 21
27 6
14
28 2
28 38
28 39
28 20
28 24
28 10
28 32
28 45
28 47
28 3
28 12
28 11
28 23
28 22
13
29 49
29 24
29 28
29 19
29 33
29 17
29 6
29 26
29 35
29 30
29 25
29 3
29 1
25
30 46
30 40
30 3
30 34
30 36
30 18
30 10
30 21
30 8
30 26
30 5
30 16
30 32
30 43
30 49
30 28
30 48
30 4
30 25
30 47
30 1
30 27
30 22
30 37
30 23
18
31 30
31 49
31 14
31 46
31 45
31 35
31 10
31 33
31 37
31 12
31 38
31 27
31 28
31 4
31 15
31 47
31 36
31 11
12
32 46
32 27
32 34
32 29
32 19
32 12
32 31
32 39
32 21
32 4
32 14
32 26
16
33 20
33 1
33 4
33 2
33 25
33 26
33 47
33 13
33 6
33 40
33 28
33 18
33 49
33 32
33 11
33 42
24
34 29
34 33
34 23
34 5
34 4
34 27
34 12
34 46
34 17
34 28
34 10
34 0
34 26
34 3
34 21
34 39
34 24
34 41
34 43
34 42
34 11
34 8
34 40
34 20
24
35 33
35 0
35 9
35 26
35 15
35 27
35 18
35 42
35 2
35 45
35 3
35 47
35 37
35 14
35 32
35 34
35 11
35 7
35 24
35 28
35 49
35 12
35 23
35 21
21
36 39
36 14
36 41
36 11
36 4
36 37
36 1
36 0
36 29
36 22
36 3
36 43
36 26
36 32
36 8
36 38
36 33
36 47
36 27
36 28
36 5
13
37 12
37 18
37 45
37 28
37 4
37 27
37 44
37 32
37 19
37 34
37 40
37 29
37 9
24
38 24
38 49
38 44
38 29
38 19
38 47
38 17
38 23
38 45
38 21
38 39
38 8
38 16
38 5
38 11
38 35
38 34
38 3
38 1
38 25
38 42
38 48
38 41
38 30
17
39 26
39 2
39 43
39 47
39 48
39 12
39 25
39 41
39 20
39 31
39 45
39 27
39 10
39 0
39 37
39 33
39 19
22
40 38
40 29
40 26
40 36
40 6
40 3
40 18
40 46
40 7
40 9
40 39
40 48
40 19
40 49
40 15
40 27
40 28
40 35
40 5
40 4
40 32
40 1
26
41 0
41 21
41 24
41 11
41 35
41 43
41 9
41 13
41 19
41 6
41 37
41 3
41 10
41 14
41 49
41 7
41 29
41 16
41 22
41 12
41 40
41 30
41 47
41 33
41 23
41 32
21
42 2
42 16
42 36
42 19
42 15
42 37
42 11
42 27
42 9
42 39
42 31
42 3
42 24
42 18
42 20
42 13
42 41
42 46
42 26
42 44
42 32
22
43 38
43 0
43 26
43 33
43 47
43 24
43 35
43 5
43 45
43 40
43 25
43 31
43 48
43 37
43 14
43 19
43 11
43 42
43 28
43 27
43 9
43 7
19
44 19
44 48
44 29
44 31
44 33
44 20
44 39
44 32
44 16
44 36
44 7
44 43
44 40
44 49
44 47
44 35
44 9
44 17
44 22
18
45 20
45 10
45 4
45 5
45 36
45 47
45 40
45 44
45 13
45 16
45 29
45 32
45 14
45 34
45 30
45 41
45 15
45 11
23
46 29
46 41
46 27
46 13
46 12
46 2
46 38
46 28
46 24
46 22
46 9
46 18
46 0
46 35
46 43
46 47
46 45
46 26
46 39
46 14
46 5
46 15
46 23
18
47 29
47 23
47 25
47 0
47 26
47 42
47 6
47 7
47 12
47 40
47 21
47 17
47 5
47 24
47 37
47 9
47 34
47 22
16
48 34
48 1
48 10
48 27
48 36
48 26
48 47
48 8
48 19
48 13
48 41
48 17
48 7
48 46
48 2
48 37
23
49 22
49 28
49 23
49 47
49 5
49 14
49 43
49 45
49 27
49 12
49 13
49 39
49 32
49 11
49 48
49 9
49 17
49 34
49 10
49 42
49 37
49 36
49 20
