50
0 "A10"
1 "A24"
2 "A27"
3 "A7"
4 "A20"
5 "A6"
6 "A9"
7 "A31"
8 "A46"
9 "A2"
10 "A26"
11 "A47"
12 "A42"
13 "A39"
14 "A25"
15 "A29"
16 "A19"
17 "A34"
18 "A35"
19 "A23"
20 "A5"
21 "A45"
22 "A48"
23 "A30"
24 "A11"
25 "A4"
26 "A49"
27 "A16"
28 "A21"
29 "A37"
30 "A32"
31 "A0"
32 "A44"
33 "A1"
34 "A3"
35 "A17"
36 "A38"
37 "A14"
38 "A15"
39 "A41"
40 "A40"
41 "A8"
42 "A13"
43 "A12"
44 "A28"
45 "A22"
46 "A43"
47 "A18"
48 "A33"
49 "A36"
18
0 33
0 42
0 10
0 37
0 1
0 25
0 7
0 28
0 3
0 14
0 18
0 13
0 26
0 29
0 43
0 9
0 15
0 16
22
1 25
1 10
1 28
1 49
1 21
1 22
1 5
1 12
1 44
1 30
1 43
1 46
1 33
1 48
1 24
1 47
1 29
1 36
1 27
1 16
1 41
1 34
24
2 20
2 25
2 17
2 16
2 49
2 34
2 31
2 14
2 45
2 43
2 12
2 42
2 15
2 37
2 0
2 22
2 10
2 38
2 3
2 9
2 8
2 6
2 23
2 18
14
3 10
3 18
3 27
3 48
3 38
3 30
3 46
3 39
3 26
3 12
3 35
3 20
3 6
3 32
21
4 9
4 27
4 17
4 26
4 19
4 29
4 15
4 10
4 47
4 0
4 32
4 43
4 21
4 41
4 20
4 39
4 25
4 23
4 33
4 6
4 3
23
5 6
5 32
5 31
5 39
5 42
5 10
5 18
5 28
5 4
5 44
5 36
5 11
5 40
5 16
5 3
5 20
5 47
5 49
5 33
5 19
5 15
5 23
5 37
21
6 37
6 40
6 7
6 39
6 20
6 38
6 24
6 29
6 19
6 27
6 1
6 14
6 0
6 46
6 31
6 33
6 42
6 30
6 48
6 22
6 11
22
7 13
7 40
7 12
7 11
7 36
7 34
7 16
7 45
7 39
7 2
7 20
7 38
7 46
7 8
7 25
7 48
7 28
7 1
7 3
7 41
7 19
7 21
19
8 13
8 6
8 40
8 10
8 29
8 45
8 26
8 14
8 0
8 21
8 1
8 39
8 27
8 4
8 43
8 9
8 28
8 30
8 32
29
9 36
9 30
9 6
9 35
9 42
9 39
9 10
9 45
9 5
9 20
9 23
9 33
9 19
9 41
9 7
9 40
9 25
9 13
9 43
9 47
9 29
9 11
9 44
9 28
9 21
9 48
9 24
9 1
9 15
18
10 15
10 21
10 17
10 42
10 28
10 19
10 14
10 37
10 13
10 47
10 25
10 29
10 49
10 40
10 32
10 11
10 20
10 33
21
11 44
11 8
11 29
11 38
11 4
11 1
11 27
11 37
11 12
11 13
11 48
11 41
11 2
11 23
11 42
11 0
11 20
11 30
11 40
11 17
11 21
19
12 25
12 5
12 30
12 44
12 23
12 27
12 26
12 21
12 10
12 49
12 24
12 13
12 0
12 15
12 6
12 41
12 20
12 46
12 8
16
13 32
13 42
13 20
13 31
13 19
13 25
13 1
13 49
13 33
13 5
13 34
13 40
13 39
13 4
13 44
13 26
23
14 30
14 22
14 20
14 43
14 48
14 49
14 34
14 5
14 26
14 9
14 40
14 28
14 4
14 1
14 12
14 23
14 19
14 11
14 3
14 21
14 35
14 15
14 7
20
15 48
15 22
15 28
15 19
15 27
15 44
15 34
15 35
15 23
15 49
15 36
15 11
15 1
15 16
15 8
15 21
15 42
15 41
15 18
15 39
23
16 36
16 32
16 11
16 37
16 23
16 17
16 9
16 22
16 30
16 28
16 12
16 48
16 33
16 45
16 10
16 38
16 42
16 35
16 21
16 13
16 40
16 4
16 25
23
17 27
17 18
17 6
17 15
17 7
17 5
17 28
17 36
17 40
17 12
17 32
17 3
17 41
17 25
17 24
17 9
17 1
17 31
17 39
17 20
17 21
17 8
17 14
19
18 4
18 20
18 24
18 13
18 41
18 11
18 42
18 36
18 29
18 7
18 27
18 16
18 9
18 25
18 10
18 43
18 48
18 19
18 37
20
19 26
19 17
19 38
19 36
19 3
19 8
19 24
19 40
19 1
19 33
19 30
19 31
19 28
19 22
19 29
19 2
19 0
19 16
19 11
19 20
15
20 0
20 28
20 22
20 37
20 44
20 38
20 32
20 36
20 31
20 48
20 21
20 8
20 15
20 41
20 47
17
21 46
21 43
21 49
21 18
21 25
21 24
21 44
21 40
21 5
21 26
21 33
21 13
21 6
21 3
21 19
21 48
21 31
14
22 27
22 25
22 5
22 11
22 33
22 45
22 48
22 18
22 0
22 34
22 31
22 21
22 17
22 40
22
23 24
23 6
23 1
23 10
23 25
23 42
23 43
23 36
23 29
23 8
23 7
23 22
23 13
23 21
23 20
23 18
23 32
23 44
23 28
23 40
23 46
23 33
19
24 34
24 37
24 4
24 39
24 5
24 33
24 20
24 40
24 7
24 16
24 41
24 45
24 11
24 0
24 44
24 14
24 22
24 32
24 28
14
25 14
25 19
25 39
25 49
25 24
25 45
25 43
25 8
25 28
25 15
25 41
25 11
25 6
25 3
25
26 25
26 15
26 27
26 7
26 31
26 42
26 23
26 41
26 2
26 49
26 36
26 32
26 33
26 45
26 5
26 22
26 48
26 6
26 29
26 24
26 37
26 16
26 20
26 28
26 38
19
27 25
27 10
27 20
27 30
27 2
27 28
27 23
27 0
27 38
27 41
27 14
27 9
27 29
27 49
27 45
27 35
27 47
27 21
27 24
11
28 6
28 22
28 31
28 18
28 38
28 47
28 12
28 37
28 13
28 2
28 3
15
29 15
29 20
29 37
29 7
29 21
29 12
29 39
29 48
29 25
29 35
29 36
29 47
29 34
29 22
29 28
22
30 23
30 38
30 43
30 46
30 45
30 26
30 5
30 20
30 34
30 2
30 29
30 4
30 48
30 10
30 22
30 31
30 0
30 28
30 47
30 7
30 41
30 24
27
31 4
31 8
31 27
31 49
31 14
31 23
31 25
31 33
31 11
31 18
31 47
31 41
31 10
31 15
31 37
31 40
31 45
31 36
31 12
31 46
31 38
31 0
31 24
31 16
31 3
31 32
31 29
15
32 45
32 21
32 19
32 7
32 1
32 39
32 33
32 2
32 38
32 12
32 27
32 29
32 6
32 18
32 28
17
33 39
33 30
33 37
33 48
33 49
33 45
33 15
33 40
33 42
33 14
33 8
33 2
33 29
33 43
33 25
33 18
33 34
18
34 23
34 47
34 36
34 11
34 21
34 12
34 46
34 4
34 17
34 5
34 31
34 26
34 38
34 28
34 20
34 39
34 8
34 25
18
35 7
35 32
35 33
35 2
35 1
35 31
35 5
35 49
35 40
35 21
35 48
35 46
35 13
35 23
35 26
35 34
35 4
35 30
13
36 3
36 35
36 32
36 47
36 24
36 13
36 0
36 28
36 11
36 37
36 27
36 22
36 33
20
37 25
37 9
37 42
37 7
37 43
37 27
37 22
37 30
37 13
37 48
37 21
37 39
37 32
37 34
37 17
37 47
37 4
37 41
37 19
37 12
20
38 14
38 25
38 5
38 24
38 17
38 41
38 35
38 0
38 49
38 22
38 13
38 8
38 18
38 4
38 36
38 21
38 46
38 43
38 29
38 15
19
39 31
39 41
39 26
39 47
39 21
39 42
39 0
39 18
39 45
39 36
39 38
39 10
39 27
39 20
39 2
39 43
39 22
39 11
39 1
20
40 42
40 49
40 3
40 4
40 34
40 32
40 30
40 37
40 15
40 2
40 26
40 36
40 29
40 18
40 1
40 20
40 12
40 0
40 46
40 39
19
41 5
41 42
41 10
41 35
41 28
41 29
41 0
41 8
41 40
41 19
41 47
41 36
41 2
41 21
41 48
41 13
41 33
41 23
41 14
22
42 31
42 24
42 36
42 30
42 29
42 7
42 4
42 43
42 12
42 19
42 34
42 25
42 38
42 32
42 27
42 8
42 3
42 14
42 20
42 46
42 35
42 22
22
43 34
43 32
43 41
43 48
43 45
43 29
43 26
43 31
43 17
43 36
43 5
43 28
43 7
43 40
43 6
43 35
43 13
43 22
43 12
43 24
43 47
43 20
24
44 40
44 26
44 39
44 29
44 32
44 22
44 2
44 14
44 17
44 46
44 6
44 35
44 48
44 16
44 7
44 47
44 49
44 36
44 45
44 33
44 43
44 19
44 41
44 3
21
45 21
45 11
45 1
45 36
45 3
45 15
45 46
45 13
45 28
45 0
45 10
45 18
45 40
45 20
45 37
45 29
45 23
45 34
45 35
45 38
45 5
20
46 15
46 32
46 19
46 24
46 28
46 2
46 9
46 39
46 4
46 13
46 37
46 10
46 33
46 14
46 16
46 0
46 17
46 36
46 27
46 29
20
47 22
47 12
47 35
47 13
47 45
47 25
47 26
47 0
47 18
47 33
47 23
47 11
47 49
47 15
47 16
47 21
47 24
47 42
47 17
47 32
19
48 34
48 13
48 5
48 4
48 36
48 25
48 10
48 46
48 2
48 8
48 47
48 32
48 12
48 19
48 40
48 23
48 0
48 31
48 42
18
49 22
49 48
49 11
49 41
49 19
49 9
49 16
49 7
49 30
49 36
49 28
49 39
49 45
49 32
49 43
49 24
49 37
49 46
