50
0 "A10"
1 "A24"
2 "A27"
3 "A7"
4 "A20"
5 "A6"
6 "A9"
7 "A31"
8 "A46"
9 "A2"
10 "A26"
11 "A47"
12 "A42"
13 "A39"
14 "A25"
15 "A29"
16 "A19"
17 "A34"
18 "A35"
19 "A23"
20 "A5"
21 "A45"
22 "A48"
23 "A30"
24 "A11"
25 "A4"
26 "A49"
27 "A16"
28 "A21"
29 "A37"
30 "A32"
31 "A0"
32 "A44"
33 "A1"
34 "A3"
35 "A17"
36 "A38"
37 "A14"
38 "A15"
39 "A41"
40 "A40"
41 "A8"
42 "A13"
43 "A12"
44 "A28"
45 "A22"
46 "A43"
47 "A18"
48 "A33"
49 "A36"
19
0 28
0 47
0 22
0 36
0 46
0 12
0 44
0 24
0 38
0 42
0 6
0 25
0 5
0 7
0 10
0 17
0 26
0 37
0 16
22
1 14
1 11
1 16
1 29
1 10
1 28
1 33
1 27
1 8
1 21
1 2
1 49
1 6
1 9
1 34
1 43
1 36
1 40
1 30
1 13
1 37
1 25
24
2 8
2 42
2 6
2 20
2 31
2 38
2 32
2 29
2 39
2 16
2 17
2 3
2 15
2 27
2 28
2 22
2 0
2 33
2 35
2 23
2 14
2 34
2 48
2 40
15
3 26
3 34
3 18
3 8
3 35
3 49
3 19
3 48
3 41
3 21
3 42
3 6
3 0
3 5
3 10
20
4 39
4 6
4 35
4 19
4 25
4 48
4 41
4 29
4 12
4 7
4 47
4 37
4 0
4 18
4 20
4 9
4 10
4 49
4 3
4 31
20
5 15
5 9
5 42
5 7
5 13
5 41
5 28
5 1
5 49
5 19
5 4
5 11
5 37
5 10
5 2
5 32
5 43
5 48
5 25
5 35
23
6 44
6 20
6 47
6 31
6 5
6 9
6 11
6 46
6 35
6 7
6 16
6 37
6 14
6 40
6 49
6 22
6 28
6 48
6 24
6 10
6 18
6 27
6 17
21
7 48
7 28
7 3
7 23
7 12
7 39
7 31
7 11
7 34
7 33
7 46
7 13
7 43
7 27
7 21
7 45
7 18
7 16
7 49
7 38
7 35
19
8 24
8 13
8 10
8 34
8 14
8 15
8 32
8 39
8 35
8 11
8 6
8 18
8 44
8 0
8 40
8 22
8 36
8 33
8 25
23
9 27
9 10
9 40
9 3
9 11
9 12
9 7
9 14
9 15
9 24
9 42
9 35
9 26
9 8
9 34
9 19
9 23
9 2
9 0
9 41
9 43
9 37
9 20
19
10 25
10 12
10 38
10 24
10 17
10 46
10 36
10 49
10 26
10 7
10 13
10 22
10 40
10 20
10 42
10 30
10 29
10 43
10 47
16
11 42
11 45
11 27
11 41
11 24
11 2
11 44
11 17
11 20
11 14
11 12
11 47
11 3
11 32
11 13
11 37
20
12 49
12 21
12 16
12 18
12 42
12 46
12 45
12 25
12 23
12 6
12 26
12 32
12 36
12 35
12 2
12 24
12 3
12 1
12 31
12 5
13
13 6
13 32
13 21
13 12
13 31
13 49
13 25
13 40
13 29
13 36
13 15
13 2
13 44
25
14 4
14 21
14 35
14 7
14 15
14 26
14 31
14 29
14 10
14 49
14 28
14 12
14 33
14 37
14 22
14 5
14 13
14 23
14 20
14 39
14 0
14 19
14 42
14 38
14 44
19
15 39
15 12
15 7
15 24
15 49
15 4
15 22
15 1
15 21
15 35
15 6
15 34
15 42
15 43
15 25
15 10
15 28
15 27
15 41
23
16 13
16 33
16 49
16 5
16 44
16 4
16 3
16 22
16 48
16 17
16 10
16 38
16 9
16 37
16 30
16 32
16 18
16 45
16 46
16 26
16 39
16 8
16 35
23
17 1
17 41
17 30
17 15
17 9
17 14
17 8
17 12
17 48
17 24
17 25
17 5
17 13
17 32
17 47
17 44
17 46
17 35
17 7
17 28
17 3
17 27
17 29
19
18 44
18 28
18 14
18 1
18 34
18 13
18 49
18 42
18 27
18 43
18 35
18 2
18 29
18 31
18 45
18 5
18 46
18 11
18 25
22
19 18
19 1
19 40
19 11
19 13
19 22
19 10
19 45
19 44
19 28
19 8
19 23
19 41
19 7
19 16
19 43
19 24
19 12
19 2
19 25
19 46
19 26
17
20 29
20 22
20 35
20 16
20 12
20 25
20 21
20 8
20 23
20 42
20 34
20 13
20 19
20 45
20 1
20 17
20 38
24
21 31
21 23
21 2
21 5
21 8
21 11
21 6
21 9
21 19
21 48
21 26
21 18
21 41
21 28
21 24
21 43
21 49
21 16
21 22
21 0
21 17
21 29
21 39
21 10
17
22 45
22 9
22 1
22 36
22 44
22 5
22 7
22 12
22 40
22 27
22 48
22 42
22 13
22 25
22 33
22 18
22 24
23
23 42
23 49
23 16
23 45
23 11
23 18
23 8
23 43
23 30
23 33
23 32
23 13
23 17
23 31
23 29
23 15
23 44
23 4
23 40
23 37
23 46
23 1
23 3
17
24 32
24 39
24 40
24 16
24 31
24 23
24 28
24 37
24 2
24 20
24 1
24 13
24 7
24 35
24 42
24 41
24 44
9
25 49
25 36
25 32
25 6
25 43
25 41
25 9
25 30
25 27
22
26 31
26 15
26 32
26 11
26 38
26 45
26 8
26 18
26 4
26 24
26 22
26 48
26 42
26 7
26 5
26 29
26 44
26 6
26 41
26 25
26 49
26 23
19
27 3
27 35
27 47
27 43
27 23
27 36
27 19
27 28
27 48
27 37
27 14
27 8
27 24
27 4
27 26
27 20
27 34
27 30
27 0
16
28 40
28 48
28 31
28 33
28 4
28 16
28 43
28 20
28 11
28 8
28 34
28 39
28 41
28 42
28 13
28 45
16
29 12
29 28
29 31
29 7
29 39
29 40
29 6
29 45
29 15
29 25
29 3
29 34
29 42
29 49
29 24
29 16
22
30 14
30 2
30 32
30 0
30 8
30 5
30 28
30 19
30 4
30 21
30 24
30 11
30 20
30 48
30 9
30 15
30 22
30 47
30 42
30 3
30 29
30 41
23
31 3
31 15
31 16
31 8
31 40
31 49
31 25
31 11
31 20
31 36
31 32
31 35
31 44
31 37
31 9
31 39
31 45
31 33
31 17
31 5
31 10
31 27
31 43
20
32 38
32 34
32 15
32 4
32 7
32 27
32 6
32 3
32 22
32 29
32 41
32 9
32 49
32 43
32 19
32 1
32 36
32 37
32 28
32 35
23
33 29
33 0
33 9
33 49
33 13
33 15
33 46
33 26
33 21
33 35
33 11
33 47
33 4
33 5
33 42
33 17
33 24
33 43
33 34
33 27
33 20
33 12
33 37
13
34 4
34 23
34 36
34 25
34 11
34 31
34 21
34 5
34 40
34 0
34 16
34 12
34 30
16
35 25
35 21
35 26
35 34
35 37
35 47
35 28
35 45
35 13
35 29
35 36
35 38
35 46
35 41
35 23
35 22
17
36 19
36 29
36 21
36 17
36 33
36 28
36 37
36 38
36 46
36 39
36 9
36 18
36 41
36 26
36 16
36 23
36 7
17
37 3
37 30
37 13
37 7
37 29
37 22
37 20
37 38
37 49
37 21
37 26
37 45
37 43
37 25
37 48
37 17
37 39
23
38 1
38 5
38 49
38 8
38 4
38 3
38 45
38 13
38 12
38 34
38 6
38 25
38 43
38 23
38 19
38 27
38 42
38 28
38 31
38 29
38 15
38 17
38 30
25
39 10
39 0
39 38
39 42
39 17
39 32
39 30
39 9
39 49
39 12
39 5
39 11
39 35
39 13
39 22
39 19
39 3
39 40
39 23
39 1
39 25
39 47
39 26
39 27
39 6
23
40 49
40 38
40 7
40 36
40 17
40 46
40 0
40 25
40 3
40 5
40 43
40 48
40 21
40 4
40 26
40 18
40 44
40 11
40 32
40 42
40 35
40 16
40 47
15
41 27
41 2
41 33
41 31
41 34
41 23
41 37
41 40
41 29
41 0
41 22
41 46
41 18
41 7
41 8
15
42 16
42 17
42 27
42 13
42 4
42 34
42 46
42 8
42 6
42 25
42 31
42 7
42 32
42 35
42 41
15
43 30
43 12
43 35
43 20
43 14
43 2
43 17
43 22
43 36
43 44
43 34
43 49
43 26
43 3
43 4
26
44 27
44 21
44 32
44 3
44 46
44 36
44 42
44 34
44 4
44 35
44 38
44 25
44 33
44 28
44 7
44 39
44 45
44 5
44 30
44 2
44 12
44 41
44 47
44 9
44 37
44 48
19
45 39
45 36
45 27
45 21
45 10
45 33
45 15
45 13
45 0
45 2
45 40
45 46
45 5
45 42
45 17
45 8
45 32
45 1
45 30
21
46 37
46 27
46 15
46 2
46 30
46 29
46 43
46 24
46 20
46 49
46 4
46 5
46 8
46 31
46 9
46 39
46 38
46 13
46 26
46 11
46 34
26
47 21
47 13
47 42
47 34
47 12
47 29
47 15
47 8
47 37
47 24
47 45
47 46
47 22
47 7
47 25
47 16
47 23
47 49
47 1
47 19
47 26
47 20
47 28
47 38
47 43
47 14
21
48 33
48 42
48 46
48 18
48 36
48 10
48 47
48 45
48 15
48 1
48 12
48 0
48 19
48 34
48 29
48 38
48 13
48 9
48 31
48 25
48 11
15
49 27
49 22
49 8
49 28
49 35
49 11
49 19
49 41
49 34
49 0
49 30
49 24
49 36
49 45
49 48
