50
0 "A6"
1 "A11"
2 "A25"
3 "A45"
4 "A34"
5 "A40"
6 "A27"
7 "A23"
8 "A26"
9 "A12"
10 "A5"
11 "A13"
12 "A46"
13 "A37"
14 "A18"
15 "A47"
16 "A21"
17 "A32"
18 "A33"
19 "A43"
20 "A22"
21 "A35"
22 "A31"
23 "A24"
24 "A41"
25 "A7"
26 "A17"
27 "A28"
28 "A8"
29 "A10"
30 "A39"
31 "A44"
32 "A49"
33 "A20"
34 "A4"
35 "A15"
36 "A48"
37 "A0"
38 "A42"
39 "A38"
40 "A29"
41 "A14"
42 "A9"
43 "A2"
44 "A30"
45 "A36"
46 "A3"
47 "A1"
48 "A16"
49 "A19"
17
0 36
0 24
0 7
0 31
0 44
0 39
0 23
0 26
0 16
0 34
0 40
0 41
0 17
0 2
0 22
0 47
0 25
15
1 25
1 27
1 22
1 33
1 32
1 15
1 7
1 40
1 28
1 31
1 48
1 17
1 16
1 4
1 6
20
2 49
2 48
2 36
2 43
2 8
2 22
2 14
2 10
2 24
2 9
2 34
2 4
2 1
2 15
2 32
2 3
2 21
2 27
2 33
2 31
18
3 39
3 26
3 48
3 6
3 20
3 13
3 46
3 41
3 25
3 45
3 40
3 28
3 38
3 7
3 9
3 37
3 12
3 34
23
4 26
4 44
4 32
4 34
4 13
4 46
4 14
4 17
4 23
4 38
4 8
4 42
4 36
4 49
4 22
4 30
4 0
4 24
4 20
4 45
4 7
4 19
4 3
17
5 7
5 2
5 30
5 33
5 3
5 49
5 1
5 16
5 19
5 10
5 48
5 0
5 15
5 24
5 12
5 46
5 47
23
6 20
6 47
6 29
6 30
6 43
6 12
6 18
6 24
6 28
6 5
6 35
6 7
6 22
6 0
6 44
6 15
6 26
6 21
6 11
6 48
6 39
6 42
6 34
16
7 37
7 29
7 20
7 24
7 21
7 31
7 9
7 36
7 34
7 2
7 18
7 44
7 46
7 13
7 33
7 48
19
8 0
8 7
8 20
8 46
8 22
8 33
8 36
8 11
8 32
8 48
8 15
8 26
8 41
8 5
8 17
8 10
8 27
8 25
8 49
14
9 43
9 12
9 20
9 18
9 39
9 42
9 44
9 32
9 0
9 1
9 6
9 34
9 40
9 36
18
10 38
10 48
10 3
10 43
10 45
10 12
10 20
10 36
10 1
10 15
10 23
10 4
10 19
10 41
10 22
10 47
10 21
10 0
22
11 43
11 3
11 47
11 27
11 7
11 33
11 37
11 17
11 9
11 16
11 22
11 29
11 46
11 1
11 49
11 10
11 30
11 45
11 0
11 31
11 28
11 21
20
12 40
12 45
12 18
12 37
12 34
12 43
12 0
12 47
12 11
12 29
12 38
12 1
12 17
12 32
12 7
12 2
12 15
12 8
12 13
12 30
22
13 29
13 46
13 33
13 36
13 32
13 45
13 23
13 11
13 1
13 15
13 24
13 43
13 6
13 47
13 16
13 5
13 2
13 10
13 22
13 19
13 26
13 17
23
14 46
14 6
14 42
14 40
14 0
14 5
14 13
14 10
14 20
14 47
14 39
14 15
14 37
14 12
14 18
14 21
14 11
14 16
14 7
14 49
14 1
14 8
14 32
21
15 49
15 11
15 36
15 30
15 22
15 32
15 28
15 17
15 20
15 21
15 34
15 39
15 41
15 18
15 45
15 40
15 4
15 35
15 3
15 42
15 7
17
16 8
16 6
16 9
16 23
16 21
16 2
16 44
16 48
16 45
16 10
16 7
16 20
16 24
16 12
16 28
16 31
16 25
20
17 7
17 21
17 29
17 25
17 16
17 5
17 30
17 9
17 31
17 3
17 22
17 38
17 37
17 49
17 6
17 14
17 33
17 26
17 43
17 42
22
18 30
18 16
18 4
18 2
18 35
18 13
18 26
18 29
18 0
18 40
18 1
18 47
18 8
18 28
18 32
18 46
18 3
18 22
18 38
18 39
18 11
18 10
24
19 42
19 15
19 3
19 31
19 14
19 23
19 18
19 36
19 22
19 1
19 7
19 45
19 32
19 16
19 38
19 26
19 43
19 0
19 2
19 6
19 17
19 11
19 8
19 29
18
20 34
20 1
20 12
20 26
20 36
20 11
20 19
20 22
20 43
20 39
20 48
20 2
20 18
20 35
20 41
20 44
20 49
20 31
12
21 49
21 30
21 34
21 46
21 4
21 13
21 19
21 0
21 41
21 1
21 8
21 27
16
22 28
22 12
22 26
22 25
22 9
22 7
22 36
22 5
22 48
22 23
22 29
22 27
22 38
22 49
22 3
22 41
23
23 42
23 3
23 14
23 37
23 26
23 45
23 48
23 31
23 8
23 24
23 34
23 17
23 27
23 9
23 39
23 18
23 15
23 12
23 28
23 43
23 44
23 7
23 40
16
24 9
24 11
24 12
24 27
24 39
24 40
24 1
24 17
24 3
24 30
24 44
24 15
24 21
24 35
24 36
24 22
27
25 13
25 39
25 11
25 9
25 31
25 35
25 33
25 7
25 19
25 40
25 38
25 28
25 45
25 21
25 18
25 29
25 5
25 24
25 44
25 6
25 36
25 2
25 23
25 42
25 26
25 48
25 12
19
26 37
26 29
26 1
26 15
26 28
26 2
26 38
26 7
26 32
26 5
26 42
26 24
26 31
26 10
26 35
26 40
26 48
26 47
26 33
20
27 16
27 19
27 45
27 5
27 26
27 37
27 30
27 0
27 14
27 4
27 48
27 31
27 41
27 12
27 20
27 13
27 40
27 35
27 25
27 39
21
28 0
28 41
28 35
28 43
28 29
28 31
28 37
28 10
28 7
28 21
28 44
28 27
28 5
28 33
28 19
28 39
28 2
28 4
28 9
28 13
28 12
23
29 31
29 48
29 0
29 34
29 43
29 20
29 3
29 27
29 47
29 14
29 5
29 38
29 21
29 23
29 32
29 44
29 8
29 9
29 30
29 2
29 36
29 15
29 1
18
30 20
30 25
30 2
30 16
30 3
30 39
30 41
30 1
30 22
30 8
30 13
30 36
30 23
30 19
30 45
30 33
30 28
30 48
13
31 5
31 10
31 21
31 24
31 44
31 39
31 47
31 35
31 30
31 18
31 22
31 6
31 41
20
32 35
32 10
32 25
32 20
32 34
32 3
32 24
32 36
32 17
32 5
32 41
32 33
32 37
32 46
32 30
32 31
32 0
32 27
32 47
32 22
15
33 22
33 21
33 27
33 14
33 16
33 49
33 43
33 20
33 12
33 6
33 48
33 31
33 23
33 3
33 10
21
34 16
34 17
34 8
34 35
34 19
34 38
34 30
34 1
34 39
34 42
34 49
34 48
34 28
34 13
34 18
34 27
34 33
34 31
34 26
34 5
34 25
21
35 42
35 12
35 21
35 7
35 9
35 16
35 0
35 38
35 17
35 3
35 13
35 49
35 41
35 11
35 5
35 8
35 2
35 45
35 29
35 48
35 33
17
36 43
36 14
36 45
36 5
36 48
36 28
36 11
36 18
36 44
36 27
36 16
36 34
36 21
36 26
36 23
36 42
36 17
21
37 45
37 10
37 22
37 1
37 20
37 29
37 47
37 16
37 25
37 42
37 40
37 46
37 2
37 43
37 4
37 13
37 21
37 33
37 44
37 6
37 18
22
38 24
38 16
38 33
38 11
38 7
38 39
38 13
38 48
38 32
38 36
38 0
38 14
38 28
38 15
38 27
38 8
38 40
38 46
38 9
38 1
38 23
38 37
23
39 35
39 16
39 12
39 40
39 4
39 32
39 17
39 2
39 43
39 33
39 21
39 10
39 22
39 47
39 29
39 49
39 1
39 19
39 7
39 11
39 36
39 48
39 46
19
40 16
40 29
40 5
40 35
40 31
40 36
40 41
40 34
40 10
40 30
40 4
40 44
40 32
40 28
40 22
40 19
40 6
40 21
40 11
20
41 5
41 1
41 46
41 17
41 4
41 2
41 37
41 13
41 9
41 39
41 44
41 18
41 33
41 14
41 48
41 6
41 38
41 29
41 36
41 34
23
42 31
42 21
42 3
42 13
42 30
42 29
42 27
42 43
42 46
42 32
42 2
42 44
42 7
42 22
42 16
42 48
42 33
42 1
42 5
42 38
42 11
42 12
42 10
23
43 5
43 41
43 1
43 24
43 30
43 22
43 34
43 26
43 49
43 32
43 18
43 35
43 3
43 25
43 4
43 44
43 16
43 0
43 21
43 7
43 40
43 48
43 8
20
44 26
44 33
44 17
44 19
44 10
44 5
44 15
44 18
44 48
44 39
44 32
44 38
44 21
44 1
44 35
44 8
44 27
44 45
44 22
44 12
20
45 0
45 1
45 20
45 42
45 9
45 24
45 6
45 31
45 2
45 21
45 22
45 14
45 49
45 47
45 39
45 48
45 32
45 43
45 38
45 26
18
46 40
46 17
46 19
46 44
46 12
46 45
46 16
46 10
46 43
46 34
46 1
46 31
46 29
46 35
46 2
46 23
46 15
46 33
23
47 3
47 22
47 36
47 27
47 33
47 4
47 25
47 16
47 42
47 28
47 9
47 15
47 1
47 19
47 7
47 30
47 49
47 41
47 34
47 43
47 40
47 8
47 2
13
48 12
48 46
48 47
48 11
48 15
48 31
48 28
48 40
48 24
48 19
48 32
48 14
48 21
24
49 16
49 19
49 46
49 30
49 44
49 38
49 1
49 29
49 48
49 41
49 25
49 9
49 12
49 32
49 23
49 27
49 3
49 26
49 0
49 28
49 40
49 13
49 18
49 37
