50
0 "A6"
1 "A11"
2 "A25"
3 "A45"
4 "A34"
5 "A40"
6 "A27"
7 "A23"
8 "A26"
9 "A12"
10 "A5"
11 "A13"
12 "A46"
13 "A37"
14 "A18"
15 "A47"
16 "A21"
17 "A32"
18 "A33"
19 "A43"
20 "A22"
21 "A35"
22 "A31"
23 "A24"
24 "A41"
25 "A7"
26 "A17"
27 "A28"
28 "A8"
29 "A10"
30 "A39"
31 "A44"
32 "A49"
33 "A20"
34 "A4"
35 "A15"
36 "A48"
37 "A0"
38 "A42"
39 "A38"
40 "A29"
41 "A14"
42 "A9"
43 "A2"
44 "A30"
45 "A36"
46 "A3"
47 "A1"
48 "A16"
49 "A19"
21
0 22
0 4
0 12
0 36
0 48
0 39
0 45
0 43
0 25
0 34
0 11
0 24
0 35
0 19
0 16
0 33
0 30
0 47
0 32
0 14
0 28
25
1 12
1 45
1 7
1 34
1 35
1 21
1 22
1 9
1 41
1 48
1 23
1 19
1 20
1 18
1 14
1 46
1 30
1 25
1 44
1 32
1 4
1 27
1 49
1 37
1 38
21
2 7
2 21
2 20
2 26
2 1
2 17
2 46
2 39
2 42
2 34
2 27
2 47
2 33
2 12
2 13
2 44
2 10
2 36
2 49
2 5
2 28
24
3 35
3 49
3 29
3 1
3 26
3 8
3 11
3 10
3 20
3 19
3 38
3 46
3 30
3 4
3 39
3 14
3 12
3 17
3 25
3 6
3 9
3 42
3 15
3 40
17
4 5
4 19
4 27
4 7
4 13
4 29
4 37
4 12
4 39
4 20
4 6
4 40
4 24
4 8
4 9
4 17
4 30
21
5 37
5 0
5 18
5 13
5 3
5 45
5 44
5 30
5 10
5 6
5 16
5 41
5 39
5 26
5 29
5 15
5 31
5 25
5 27
5 43
5 24
20
6 32
6 21
6 31
6 2
6 15
6 1
6 37
6 29
6 13
6 16
6 40
6 42
6 38
6 28
6 8
6 25
6 27
6 9
6 44
6 33
22
7 39
7 18
7 23
7 37
7 9
7 44
7 34
7 3
7 10
7 22
7 47
7 40
7 32
7 21
7 24
7 48
7 8
7 6
7 29
7 49
7 15
7 5
14
8 26
8 25
8 24
8 28
8 44
8 30
8 0
8 16
8 11
8 43
8 5
8 37
8 20
8 35
18
9 40
9 38
9 2
9 0
9 43
9 12
9 20
9 16
9 35
9 26
9 34
9 21
9 10
9 18
9 23
9 48
9 49
9 5
23
10 40
10 26
10 20
10 14
10 30
10 42
10 21
10 22
10 35
10 8
10 15
10 18
10 28
10 27
10 48
10 33
10 25
10 29
10 23
10 46
10 43
10 0
10 6
19
11 5
11 40
11 20
11 25
11 4
11 48
11 1
11 30
11 27
11 34
11 15
11 10
11 14
11 2
11 7
11 43
11 32
11 36
11 18
21
12 11
12 39
12 46
12 26
12 16
12 32
12 31
12 45
12 5
12 48
12 36
12 17
12 8
12 7
12 6
12 49
12 22
12 20
12 15
12 28
12 40
12
13 37
13 25
13 20
13 24
13 42
13 10
13 7
13 1
13 3
13 29
13 28
13 30
16
14 7
14 28
14 39
14 5
14 41
14 45
14 42
14 18
14 48
14 6
14 19
14 2
14 12
14 29
14 16
14 9
19
15 34
15 16
15 39
15 18
15 27
15 14
15 21
15 45
15 9
15 37
15 2
15 26
15 22
15 19
15 8
15 1
15 13
15 4
15 46
22
16 23
16 36
16 46
16 26
16 4
16 24
16 43
16 20
16 42
16 3
16 10
16 44
16 13
16 32
16 27
16 25
16 18
16 40
16 34
16 39
16 37
16 7
19
17 25
17 38
17 8
17 15
17 9
17 28
17 10
17 11
17 45
17 48
17 13
17 39
17 30
17 41
17 7
17 42
17 34
17 21
17 16
16
18 34
18 20
18 37
18 47
18 13
18 6
18 12
18 2
18 28
18 29
18 41
18 35
18 36
18 49
18 22
18 17
24
19 16
19 2
19 35
19 7
19 47
19 10
19 48
19 39
19 29
19 6
19 38
19 12
19 43
19 11
19 23
19 49
19 27
19 37
19 5
19 21
19 34
19 18
19 45
19 13
13
20 35
20 38
20 5
20 6
20 21
20 37
20 7
20 0
20 15
20 46
20 27
20 17
20 24
16
21 12
21 37
21 14
21 36
21 4
21 23
21 30
21 18
21 0
21 47
21 5
21 26
21 35
21 11
21 3
21 8
17
22 40
22 21
22 8
22 13
22 4
22 24
22 16
22 3
22 17
22 20
22 11
22 46
22 19
22 36
22 23
22 45
22 42
17
23 17
23 4
23 12
23 5
23 43
23 48
23 27
23 20
23 36
23 13
23 8
23 34
23 37
23 6
23 0
23 42
23 41
24
24 44
24 28
24 32
24 39
24 41
24 10
24 1
24 3
24 21
24 2
24 18
24 34
24 14
24 26
24 27
24 47
24 6
24 35
24 9
24 36
24 33
24 19
24 15
24 23
23
25 37
25 29
25 33
25 30
25 24
25 23
25 40
25 19
25 46
25 31
25 20
25 9
25 49
25 34
25 35
25 28
25 15
25 12
25 4
25 45
25 7
25 14
25 39
17
26 34
26 43
26 19
26 36
26 13
26 40
26 46
26 37
26 27
26 6
26 1
26 17
26 7
26 11
26 41
26 42
26 4
18
27 17
27 8
27 28
27 37
27 0
27 40
27 42
27 12
27 18
27 49
27 21
27 31
27 32
27 36
27 44
27 22
27 48
27 9
16
28 9
28 15
28 23
28 3
28 7
28 22
28 37
28 36
28 20
28 41
28 48
28 11
28 16
28 4
28 26
28 32
24
29 40
29 33
29 47
29 2
29 41
29 22
29 21
29 28
29 9
29 36
29 23
29 17
29 34
29 38
29 27
29 45
29 35
29 26
29 32
29 24
29 49
29 15
29 46
29 11
21
30 2
30 18
30 27
30 22
30 45
30 29
30 36
30 7
30 47
30 28
30 16
30 14
30 26
30 23
30 24
30 15
30 31
30 34
30 9
30 19
30 12
28
31 13
31 29
31 28
31 19
31 37
31 9
31 18
31 32
31 45
31 26
31 21
31 23
31 46
31 36
31 8
31 7
31 3
31 20
31 2
31 33
31 16
31 4
31 15
31 43
31 11
31 10
31 1
31 0
17
32 48
32 26
32 20
32 18
32 43
32 9
32 40
32 21
32 17
32 23
32 10
32 14
32 5
32 34
32 13
32 15
32 22
30
33 46
33 7
33 8
33 43
33 41
33 12
33 23
33 16
33 44
33 42
33 47
33 40
33 15
33 26
33 32
33 11
33 20
33 4
33 19
33 1
33 21
33 28
33 45
33 36
33 17
33 27
33 35
33 9
33 18
33 13
16
34 4
34 6
34 37
34 35
34 28
34 49
34 27
34 12
34 22
34 39
34 10
34 41
34 45
34 33
34 21
34 13
23
35 27
35 28
35 14
35 5
35 7
35 40
35 37
35 6
35 22
35 4
35 12
35 30
35 13
35 46
35 38
35 39
35 15
35 49
35 36
35 41
35 32
35 44
35 17
19
36 40
36 10
36 5
36 17
36 4
36 9
36 49
36 25
36 3
36 14
36 13
36 7
36 1
36 19
36 8
36 20
36 6
36 15
36 42
15
37 33
37 0
37 10
37 38
37 9
37 42
37 11
37 22
37 29
37 39
37 14
37 12
37 49
37 36
37 32
21
38 12
38 31
38 46
38 0
38 27
38 14
38 30
38 4
38 28
38 2
38 8
38 40
38 13
38 34
38 23
38 24
38 32
38 36
38 45
38 7
38 10
14
39 49
39 26
39 42
39 43
39 10
39 23
39 33
39 45
39 31
39 21
39 30
39 28
39 36
39 38
16
40 14
40 2
40 30
40 28
40 17
40 20
40 31
40 37
40 8
40 0
40 43
40 48
40 39
40 13
40 44
40 19
24
41 38
41 25
41 32
41 7
41 2
41 19
41 12
41 27
41 6
41 3
41 39
41 15
41 11
41 13
41 4
41 36
41 40
41 16
41 21
41 0
41 20
41 30
41 46
41 22
14
42 7
42 47
42 35
42 30
42 40
42 28
42 4
42 31
42 15
42 11
42 25
42 21
42 46
42 34
20
43 6
43 20
43 7
43 34
43 17
43 46
43 44
43 49
43 30
43 22
43 13
43 14
43 28
43 2
43 48
43 35
43 25
43 36
43 38
43 45
24
44 46
44 39
44 0
44 31
44 25
44 29
44 47
44 9
44 23
44 48
44 18
44 42
44 30
44 41
44 38
44 36
44 28
44 26
44 32
44 19
44 11
44 3
44 15
44 4
17
45 3
45 32
45 48
45 40
45 24
45 2
45 23
45 44
45 41
45 18
45 35
45 10
45 42
45 27
45 4
45 37
45 7
17
46 23
46 27
46 11
46 45
46 34
46 4
46 9
46 8
46 28
46 48
46 37
46 5
46 7
46 21
46 6
46 24
46 19
28
47 31
47 40
47 49
47 11
47 20
47 3
47 13
47 36
47 17
47 32
47 38
47 8
47 15
47 10
47 39
47 37
47 35
47 16
47 25
47 5
47 6
47 27
47 14
47 48
47 34
47 4
47 9
47 23
19
48 24
48 38
48 33
48 31
48 21
48 16
48 39
48 3
48 8
48 5
48 18
48 42
48 22
48 26
48 4
48 15
48 41
48 13
48 6
18
49 8
49 17
49 13
49 21
49 38
49 32
49 44
49 42
49 28
49 41
49 33
49 14
49 0
49 10
49 20
49 23
49 11
49 4
