50
0 "A6"
1 "A11"
2 "A25"
3 "A45"
4 "A34"
5 "A40"
6 "A27"
7 "A23"
8 "A26"
9 "A12"
10 "A5"
11 "A13"
12 "A46"
13 "A37"
14 "A18"
15 "A47"
16 "A21"
17 "A32"
18 "A33"
19 "A43"
20 "A22"
21 "A35"
22 "A31"
23 "A24"
24 "A41"
25 "A7"
26 "A17"
27 "A28"
28 "A8"
29 "A10"
30 "A39"
31 "A44"
32 "A49"
33 "A20"
34 "A4"
35 "A15"
36 "A48"
37 "A0"
38 "A42"
39 "A38"
40 "A29"
41 "A14"
42 "A9"
43 "A2"
44 "A30"
45 "A36"
46 "A3"
47 "A1"
48 "A16"
49 "A19"
18
0 6
0 31
0 48
0 49
0 26
0 29
0 9
0 32
0 33
0 36
0 24
0 45
0 14
0 46
0 34
0 20
0 37
0 23
14
1 5
1 28
1 43
1 2
1 13
1 34
1 7
1 27
1 16
1 14
1 10
1 0
1 31
1 9
19
2 49
2 0
2 29
2 30
2 26
2 16
2 6
2 3
2 17
2 20
2 4
2 38
2 39
2 24
2 28
2 32
2 31
2 25
2 42
21
3 23
3 1
3 35
3 30
3 37
3 32
3 17
3 34
3 6
3 15
3 25
3 33
3 18
3 27
3 45
3 13
3 20
3 8
3 28
3 41
3 48
20
4 33
4 1
4 26
4 14
4 30
4 17
4 34
4 18
4 28
4 27
4 22
4 47
4 35
4 25
4 20
4 49
4 3
4 42
4 10
4 29
19
5 32
5 31
5 38
5 0
5 48
5 2
5 46
5 11
5 16
5 35
5 47
5 9
5 4
5 15
5 17
5 33
5 29
5 42
5 7
18
6 43
6 15
6 24
6 44
6 12
6 9
6 1
6 29
6 27
6 31
6 20
6 16
6 33
6 10
6 25
6 39
6 46
6 26
19
7 24
7 21
7 4
7 12
7 16
7 22
7 48
7 6
7 18
7 41
7 10
7 32
7 36
7 8
7 9
7 31
7 19
7 35
7 3
15
8 30
8 15
8 13
8 44
8 5
8 38
8 4
8 36
8 2
8 39
8 32
8 37
8 26
8 41
8 46
19
9 3
9 4
9 8
9 16
9 13
9 41
9 12
9 19
9 36
9 30
9 45
9 49
9 28
9 37
9 31
9 33
9 38
9 2
9 35
13
10 41
10 28
10 40
10 9
10 23
10 15
10 20
10 47
10 31
10 19
10 18
10 8
10 0
20
11 17
11 49
11 4
11 22
11 3
11 2
11 26
11 43
11 7
11 8
11 1
11 37
11 38
11 32
11 0
11 48
11 23
11 6
11 19
11 10
23
12 11
12 38
12 4
12 36
12 1
12 24
12 39
12 3
12 34
12 41
12 42
12 19
12 25
12 30
12 8
12 43
12 17
12 21
12 44
12 45
12 37
12 22
12 29
20
13 11
13 46
13 19
13 49
13 33
13 21
13 37
13 29
13 16
13 40
13 27
13 2
13 5
13 12
13 10
13 24
13 35
13 4
13 7
13 28
16
14 43
14 26
14 3
14 42
14 9
14 5
14 20
14 6
14 27
14 12
14 11
14 41
14 40
14 44
14 34
14 8
21
15 30
15 47
15 32
15 37
15 40
15 46
15 9
15 43
15 23
15 20
15 48
15 13
15 25
15 42
15 2
15 22
15 18
15 38
15 35
15 21
15 39
22
16 0
16 11
16 38
16 4
16 44
16 39
16 22
16 41
16 42
16 30
16 33
16 19
16 49
16 37
16 34
16 12
16 10
16 28
16 3
16 14
16 35
16 26
16
17 45
17 36
17 1
17 43
17 10
17 47
17 44
17 14
17 21
17 46
17 34
17 28
17 7
17 15
17 8
17 0
23
18 36
18 0
18 1
18 16
18 35
18 26
18 25
18 41
18 46
18 34
18 2
18 42
18 12
18 21
18 9
18 33
18 8
18 6
18 39
18 23
18 14
18 20
18 11
21
19 38
19 20
19 45
19 24
19 17
19 2
19 32
19 29
19 44
19 14
19 21
19 42
19 1
19 3
19 35
19 15
19 0
19 6
19 39
19 41
19 5
14
20 23
20 8
20 12
20 31
20 11
20 13
20 49
20 9
20 29
20 16
20 1
20 7
20 27
20 45
19
21 46
21 42
21 8
21 32
21 23
21 40
21 1
21 10
21 29
21 41
21 0
21 48
21 5
21 14
21 39
21 4
21 28
21 9
21 11
23
22 38
22 41
22 24
22 49
22 47
22 5
22 37
22 34
22 30
22 1
22 20
22 25
22 14
22 36
22 0
22 28
22 40
22 32
22 29
22 8
22 13
22 31
22 6
22
23 1
23 41
23 43
23 35
23 40
23 17
23 39
23 14
23 8
23 2
23 49
23 16
23 30
23 6
23 12
23 37
23 36
23 31
23 5
23 22
23 4
23 7
20
24 41
24 42
24 25
24 26
24 14
24 31
24 47
24 17
24 44
24 21
24 11
24 49
24 10
24 5
24 46
24 20
24 28
24 48
24 9
24 29
25
25 28
25 44
25 39
25 0
25 38
25 5
25 40
25 47
25 32
25 10
25 17
25 7
25 26
25 31
25 11
25 19
25 29
25 23
25 33
25 8
25 20
25 36
25 27
25 46
25 13
14
26 47
26 41
26 10
26 5
26 40
26 13
26 48
26 17
26 19
26 34
26 22
26 36
26 15
26 20
19
27 8
27 26
27 31
27 22
27 37
27 23
27 42
27 28
27 29
27 45
27 19
27 0
27 16
27 5
27 9
27 40
27 24
27 2
27 43
19
28 37
28 43
28 6
28 33
28 0
28 40
28 14
28 7
28 23
28 18
28 47
28 46
28 42
28 19
28 49
28 45
28 31
28 44
28 12
20
29 44
29 30
29 11
29 47
29 23
29 3
29 36
29 34
29 9
29 17
29 14
29 1
29 26
29 16
29 32
29 48
29 31
29 8
29 46
29 18
20
30 11
30 6
30 19
30 44
30 37
30 24
30 14
30 1
30 34
30 39
30 33
30 45
30 40
30 46
30 13
30 25
30 27
30 42
30 41
30 36
17
31 18
31 11
31 36
31 26
31 30
31 19
31 17
31 13
31 39
31 43
31 15
31 8
31 48
31 49
31 33
31 16
31 14
20
32 9
32 14
32 39
32 16
32 27
32 31
32 44
32 17
32 42
32 30
32 13
32 35
32 20
32 26
32 49
32 18
32 4
32 6
32 12
32 28
27
33 36
33 24
33 45
33 39
33 40
33 32
33 12
33 41
33 1
33 38
33 48
33 11
33 35
33 7
33 23
33 26
33 46
33 10
33 22
33 17
33 27
33 29
33 20
33 49
33 8
33 42
33 14
22
34 41
34 40
34 23
34 33
34 44
34 6
34 32
34 47
34 13
34 39
34 28
34 2
34 35
34 24
34 42
34 31
34 8
34 27
34 15
34 5
34 10
34 25
18
35 2
35 42
35 27
35 14
35 22
35 0
35 20
35 31
35 8
35 30
35 39
35 40
35 28
35 21
35 25
35 37
35 11
35 43
20
36 42
36 37
36 11
36 24
36 45
36 46
36 6
36 44
36 19
36 16
36 21
36 5
36 20
36 28
36 32
36 10
36 13
36 48
36 27
36 3
14
37 21
37 47
37 33
37 26
37 29
37 19
37 10
37 7
37 20
37 45
37 17
37 32
37 25
37 46
20
38 27
38 46
38 13
38 42
38 14
38 31
38 30
38 47
38 1
38 32
38 10
38 3
38 17
38 6
38 43
38 23
38 36
38 35
38 4
38 7
20
39 48
39 28
39 1
39 24
39 11
39 20
39 14
39 38
39 17
39 27
39 37
39 22
39 0
39 40
39 4
39 9
39 10
39 29
39 36
39 5
17
40 8
40 38
40 0
40 42
40 2
40 4
40 6
40 32
40 16
40 3
40 19
40 37
40 24
40 31
40 5
40 43
40 12
19
41 17
41 5
41 15
41 1
41 35
41 39
41 2
41 0
41 28
41 46
41 48
41 31
41 47
41 44
41 25
41 20
41 32
41 27
41 38
21
42 7
42 22
42 23
42 25
42 17
42 10
42 0
42 43
42 41
42 39
42 3
42 46
42 1
42 9
42 37
42 31
42 48
42 20
42 29
42 6
42 45
21
43 5
43 41
43 8
43 46
43 16
43 45
43 19
43 9
43 34
43 33
43 10
43 48
43 21
43 3
43 37
43 30
43 0
43 44
43 26
43 2
43 4
21
44 13
44 31
44 22
44 42
44 45
44 4
44 35
44 38
44 37
44 5
44 27
44 15
44 20
44 23
44 21
44 7
44 33
44 48
44 1
44 46
44 40
19
45 16
45 22
45 14
45 26
45 23
45 5
45 25
45 11
45 21
45 7
45 6
45 35
45 13
45 18
45 41
45 34
45 32
45 2
45 15
21
46 19
46 16
46 1
46 3
46 7
46 27
46 45
46 47
46 20
46 35
46 4
46 49
46 22
46 39
46 12
46 48
46 9
46 31
46 2
46 23
46 10
25
47 16
47 6
47 1
47 11
47 27
47 23
47 13
47 39
47 30
47 19
47 33
47 35
47 31
47 18
47 42
47 7
47 14
47 20
47 32
47 9
47 8
47 49
47 43
47 3
47 21
24
48 45
48 19
48 28
48 32
48 35
48 34
48 20
48 16
48 38
48 10
48 37
48 1
48 22
48 30
48 8
48 25
48 27
48 2
48 12
48 49
48 47
48 6
48 23
48 14
22
49 18
49 14
49 1
49 3
49 15
49 29
49 12
49 30
49 42
49 38
49 39
49 19
49 37
49 36
49 8
49 35
49 27
49 21
49 10
49 25
49 45
49 17
