50
0 "A6"
1 "A11"
2 "A25"
3 "A45"
4 "A34"
5 "A40"
6 "A27"
7 "A23"
8 "A26"
9 "A12"
10 "A5"
11 "A13"
12 "A46"
13 "A37"
14 "A18"
15 "A47"
16 "A21"
17 "A32"
18 "A33"
19 "A43"
20 "A22"
21 "A35"
22 "A31"
23 "A24"
24 "A41"
25 "A7"
26 "A17"
27 "A28"
28 "A8"
29 "A10"
30 "A39"
31 "A44"
32 "A49"
33 "A20"
34 "A4"
35 "A15"
36 "A48"
37 "A0"
38 "A42"
39 "A38"
40 "A29"
41 "A14"
42 "A9"
43 "A2"
44 "A30"
45 "A36"
46 "A3"
47 "A1"
48 "A16"
49 "A19"
17
0 32
0 49
0 41
0 42
0 46
0 17
0 27
0 8
0 9
0 40
0 38
0 29
0 7
0 15
0 13
0 24
0 21
21
1 8
1 2
1 21
1 41
1 14
1 10
1 43
1 45
1 37
1 0
1 16
1 44
1 46
1 49
1 12
1 40
1 23
1 38
1 39
1 27
1 22
19
2 0
2 3
2 20
2 9
2 44
2 24
2 45
2 39
2 47
2 30
2 21
2 13
2 36
2 15
2 42
2 6
2 25
2 41
2 19
21
3 7
3 12
3 0
3 20
3 16
3 17
3 8
3 36
3 33
3 5
3 38
3 15
3 29
3 11
3 42
3 26
3 13
3 6
3 31
3 49
3 9
22
4 39
4 17
4 28
4 10
4 46
4 25
4 24
4 9
4 43
4 18
4 26
4 44
4 3
4 41
4 14
4 31
4 40
4 1
4 45
4 33
4 29
4 0
23
5 48
5 40
5 42
5 16
5 27
5 7
5 22
5 1
5 15
5 12
5 43
5 14
5 18
5 28
5 9
5 13
5 49
5 23
5 41
5 2
5 17
5 47
5 8
17
6 38
6 29
6 4
6 0
6 22
6 25
6 28
6 7
6 13
6 41
6 26
6 5
6 12
6 46
6 49
6 40
6 1
17
7 34
7 27
7 4
7 44
7 21
7 36
7 19
7 47
7 15
7 42
7 24
7 25
7 26
7 14
7 1
7 41
7 17
18
8 19
8 18
8 22
8 37
8 31
8 17
8 41
8 45
8 34
8 6
8 15
8 33
8 38
8 4
8 20
8 42
8 27
8 35
18
9 38
9 11
9 17
9 13
9 6
9 28
9 44
9 34
9 35
9 7
9 1
9 18
9 10
9 42
9 25
9 31
9 8
9 39
22
10 0
10 40
10 19
10 6
10 38
10 15
10 48
10 5
10 22
10 44
10 27
10 45
10 20
10 24
10 34
10 23
10 8
10 26
10 33
10 37
10 36
10 35
22
11 29
11 15
11 1
11 45
11 47
11 27
11 42
11 12
11 7
11 48
11 24
11 39
11 8
11 43
11 16
11 36
11 30
11 21
11 49
11 19
11 10
11 14
18
12 46
12 23
12 21
12 13
12 9
12 35
12 47
12 32
12 38
12 8
12 4
12 20
12 31
12 2
12 45
12 37
12 48
12 10
21
13 23
13 46
13 19
13 32
13 8
13 43
13 15
13 41
13 10
13 31
13 1
13 21
13 20
13 7
13 4
13 45
13 28
13 33
13 18
13 27
13 26
18
14 0
14 27
14 32
14 18
14 45
14 29
14 38
14 35
14 9
14 12
14 42
14 6
14 28
14 43
14 13
14 25
14 33
14 26
15
15 21
15 25
15 23
15 6
15 9
15 35
15 34
15 46
15 12
15 27
15 14
15 40
15 1
15 17
15 22
25
16 6
16 7
16 28
16 24
16 14
16 29
16 34
16 25
16 22
16 9
16 30
16 15
16 13
16 0
16 36
16 18
16 38
16 12
16 4
16 8
16 43
16 26
16 49
16 33
16 10
21
17 6
17 48
17 30
17 11
17 18
17 10
17 40
17 24
17 16
17 31
17 47
17 28
17 43
17 37
17 13
17 26
17 39
17 2
17 46
17 45
17 29
15
18 32
18 43
18 31
18 36
18 30
18 1
18 35
18 6
18 22
18 15
18 42
18 33
18 2
18 41
18 25
23
19 3
19 14
19 16
19 27
19 12
19 21
19 48
19 32
19 6
19 40
19 17
19 5
19 28
19 42
19 18
19 46
19 44
19 41
19 1
19 34
19 9
19 33
19 37
21
20 18
20 37
20 11
20 28
20 34
20 17
20 38
20 4
20 43
20 30
20 24
20 5
20 19
20 15
20 9
20 25
20 7
20 16
20 42
20 14
20 22
21
21 16
21 36
21 9
21 10
21 46
21 44
21 39
21 20
21 40
21 45
21 14
21 42
21 47
21 24
21 35
21 32
21 49
21 26
21 38
21 28
21 6
18
22 39
22 48
22 19
22 42
22 2
22 13
22 32
22 0
22 36
22 34
22 14
22 11
22 25
22 47
22 41
22 4
22 3
22 9
23
23 19
23 46
23 21
23 47
23 11
23 0
23 38
23 6
23 26
23 37
23 32
23 18
23 3
23 34
23 4
23 25
23 8
23 2
23 7
23 45
23 24
23 17
23 22
24
24 38
24 29
24 33
24 28
24 37
24 41
24 42
24 14
24 39
24 13
24 48
24 22
24 8
24 18
24 12
24 5
24 34
24 25
24 43
24 15
24 9
24 31
24 19
24 26
16
25 27
25 37
25 11
25 41
25 33
25 17
25 0
25 3
25 21
25 13
25 32
25 31
25 45
25 36
25 8
25 46
17
26 43
26 32
26 27
26 22
26 12
26 18
26 42
26 15
26 20
26 47
26 8
26 19
26 1
26 28
26 5
26 44
26 9
16
27 36
27 43
27 9
27 12
27 4
27 17
27 32
27 42
27 34
27 37
27 24
27 28
27 30
27 23
27 22
27 40
16
28 48
28 12
28 38
28 1
28 3
28 40
28 2
28 30
28 35
28 10
28 33
28 15
28 7
28 23
28 8
28 0
27
29 23
29 1
29 7
29 21
29 5
29 43
29 36
29 45
29 32
29 34
29 25
29 13
29 12
29 19
29 42
29 31
29 22
29 8
29 15
29 49
29 20
29 9
29 38
29 28
29 37
29 27
29 18
22
30 25
30 9
30 15
30 35
30 33
30 46
30 7
30 1
30 26
30 44
30 24
30 21
30 40
30 12
30 29
30 39
30 0
30 3
30 10
30 4
30 23
30 14
20
31 10
31 43
31 22
31 11
31 48
31 32
31 42
31 49
31 45
31 15
31 23
31 5
31 1
31 20
31 26
31 47
31 28
31 39
31 27
31 21
16
32 9
32 37
32 44
32 24
32 34
32 20
32 43
32 15
32 8
32 10
32 16
32 30
32 42
32 49
32 45
32 28
17
33 7
33 1
33 31
33 9
33 12
33 20
33 22
33 46
33 29
33 11
33 34
33 23
33 21
33 44
33 32
33 27
33 49
16
34 37
34 5
34 38
34 0
34 39
34 48
34 4
34 6
34 18
34 25
34 11
34 14
34 31
34 40
34 2
34 36
24
35 34
35 37
35 29
35 20
35 44
35 32
35 49
35 36
35 17
35 2
35 27
35 11
35 31
35 5
35 16
35 45
35 6
35 26
35 46
35 42
35 25
35 4
35 1
35 22
18
36 0
36 31
36 40
36 47
36 28
36 12
36 32
36 6
36 4
36 19
36 33
36 39
36 13
36 43
36 45
36 44
36 5
36 17
20
37 22
37 6
37 31
37 5
37 9
37 15
37 46
37 38
37 39
37 7
37 4
37 16
37 44
37 30
37 21
37 36
37 33
37 28
37 14
37 3
15
38 27
38 33
38 4
38 44
38 49
38 26
38 42
38 18
38 11
38 25
38 2
38 46
38 15
38 30
38 31
20
39 8
39 7
39 43
39 48
39 44
39 33
39 20
39 27
39 29
39 10
39 19
39 42
39 0
39 32
39 16
39 23
39 47
39 18
39 25
39 26
21
40 37
40 23
40 45
40 14
40 2
40 32
40 26
40 24
40 35
40 46
40 33
40 7
40 29
40 3
40 9
40 25
40 18
40 22
40 47
40 13
40 49
26
41 26
41 20
41 23
41 11
41 9
41 3
41 30
41 15
41 32
41 16
41 42
41 27
41 28
41 37
41 31
41 48
41 21
41 14
41 39
41 33
41 36
41 38
41 17
41 45
41 35
41 12
16
42 40
42 34
42 28
42 16
42 6
42 37
42 4
42 45
42 48
42 17
42 30
42 36
42 33
42 46
42 1
42 12
18
43 6
43 21
43 25
43 3
43 19
43 33
43 2
43 35
43 48
43 45
43 41
43 15
43 38
43 44
43 9
43 49
43 40
43 42
19
44 14
44 41
44 48
44 31
44 42
44 27
44 23
44 0
44 17
44 34
44 13
44 15
44 24
44 8
44 5
44 45
44 29
44 12
44 20
17
45 0
45 7
45 24
45 49
45 5
45 22
45 6
45 38
45 16
45 27
45 9
45 48
45 33
45 46
45 20
45 39
45 37
20
46 41
46 48
46 11
46 24
46 29
46 26
46 3
46 7
46 14
46 20
46 39
46 31
46 8
46 49
46 43
46 5
46 32
46 36
46 18
46 34
15
47 18
47 10
47 15
47 9
47 29
47 43
47 45
47 30
47 4
47 8
47 0
47 38
47 1
47 41
47 48
26
48 18
48 15
48 9
48 29
48 0
48 25
48 6
48 21
48 33
48 35
48 7
48 3
48 1
48 37
48 8
48 40
48 20
48 27
48 23
48 16
48 2
48 38
48 32
48 4
48 14
48 30
22
49 27
49 19
49 4
49 2
49 34
49 22
49 28
49 41
49 17
49 9
49 37
49 44
49 25
49 14
49 18
49 8
49 30
49 48
49 24
49 42
49 39
49 36
