50
0 "A6"
1 "A11"
2 "A25"
3 "A45"
4 "A34"
5 "A40"
6 "A27"
7 "A23"
8 "A26"
9 "A12"
10 "A5"
11 "A13"
12 "A46"
13 "A37"
14 "A18"
15 "A47"
16 "A21"
17 "A32"
18 "A33"
19 "A43"
20 "A22"
21 "A35"
22 "A31"
23 "A24"
24 "A41"
25 "A7"
26 "A17"
27 "A28"
28 "A8"
29 "A10"
30 "A39"
31 "A44"
32 "A49"
33 "A20"
34 "A4"
35 "A15"
36 "A48"
37 "A0"
38 "A42"
39 "A38"
40 "A29"
41 "A14"
42 "A9"
43 "A2"
44 "A30"
45 "A36"
46 "A3"
47 "A1"
48 "A16"
49 "A19"
23
0 46
0 47
0 10
0 13
0 34
0 42
0 49
0 7
0 38
0 6
0 23
0 8
0 35
0 25
0 15
0 31
0 4
0 30
0 45
0 5
0 41
0 29
0 2
22
1 32
1 3
1 31
1 42
1 24
1 25
1 0
1 29
1 38
1 43
1 12
1 13
1 40
1 41
1 39
1 28
1 44
1 11
1 37
1 21
1 14
1 9
19
2 14
2 13
2 5
2 36
2 26
2 49
2 19
2 28
2 8
2 27
2 9
2 22
2 6
2 29
2 44
2 12
2 11
2 45
2 21
20
3 11
3 10
3 31
3 17
3 6
3 25
3 0
3 15
3 7
3 27
3 41
3 29
3 13
3 12
3 30
3 38
3 44
3 42
3 14
3 18
22
4 30
4 20
4 9
4 11
4 42
4 3
4 33
4 21
4 12
4 46
4 32
4 28
4 19
4 49
4 37
4 8
4 31
4 43
4 17
4 2
4 29
4 7
16
5 18
5 3
5 47
5 33
5 20
5 28
5 23
5 39
5 8
5 32
5 27
5 36
5 1
5 11
5 13
5 6
21
6 38
6 21
6 19
6 28
6 4
6 16
6 15
6 9
6 18
6 32
6 27
6 42
6 7
6 24
6 1
6 23
6 41
6 47
6 29
6 48
6 44
17
7 47
7 36
7 20
7 32
7 33
7 1
7 18
7 23
7 40
7 12
7 2
7 43
7 25
7 41
7 24
7 45
7 15
19
8 3
8 40
8 49
8 19
8 18
8 6
8 28
8 20
8 39
8 44
8 12
8 27
8 29
8 7
8 46
8 45
8 43
8 10
8 35
14
9 7
9 18
9 31
9 12
9 39
9 41
9 27
9 14
9 45
9 28
9 0
9 40
9 16
9 25
17
10 13
10 4
10 16
10 37
10 35
10 5
10 42
10 7
10 9
10 30
10 45
10 34
10 25
10 27
10 6
10 46
10 15
28
11 39
11 7
11 17
11 15
11 49
11 36
11 34
11 48
11 42
11 23
11 9
11 26
11 29
11 24
11 25
11 47
11 37
11 28
11 20
11 6
11 16
11 8
11 38
11 44
11 31
11 22
11 33
11 45
18
12 23
12 33
12 14
12 47
12 36
12 48
12 22
12 39
12 19
12 6
12 37
12 10
12 15
12 16
12 44
12 11
12 21
12 17
22
13 15
13 27
13 34
13 36
13 18
13 37
13 26
13 7
13 19
13 6
13 14
13 23
13 12
13 43
13 22
13 38
13 35
13 45
13 47
13 44
13 40
13 28
17
14 7
14 29
14 33
14 5
14 8
14 44
14 0
14 25
14 19
14 11
14 36
14 49
14 46
14 26
14 34
14 37
14 32
17
15 43
15 23
15 9
15 40
15 5
15 27
15 17
15 33
15 24
15 20
15 39
15 14
15 19
15 8
15 48
15 4
15 1
23
16 40
16 21
16 24
16 41
16 13
16 32
16 2
16 29
16 38
16 4
16 39
16 14
16 42
16 0
16 36
16 7
16 37
16 15
16 5
16 22
16 3
16 8
16 44
25
17 13
17 9
17 30
17 23
17 33
17 24
17 31
17 26
17 5
17 6
17 41
17 0
17 1
17 28
17 48
17 2
17 37
17 47
17 36
17 10
17 39
17 34
17 14
17 16
17 40
24
18 14
18 49
18 4
18 0
18 29
18 2
18 44
18 26
18 10
18 37
18 46
18 42
18 1
18 12
18 38
18 47
18 34
18 25
18 28
18 33
18 40
18 11
18 16
18 17
22
19 45
19 0
19 27
19 37
19 7
19 9
19 23
19 46
19 33
19 16
19 11
19 36
19 49
19 38
19 18
19 17
19 1
19 24
19 40
19 35
19 43
19 20
18
20 17
20 31
20 35
20 34
20 36
20 23
20 9
20 1
20 27
20 3
20 22
20 43
20 10
20 48
20 24
20 47
20 41
20 0
24
21 25
21 17
21 48
21 18
21 5
21 9
21 37
21 28
21 24
21 42
21 35
21 20
21 3
21 43
21 7
21 10
21 39
21 11
21 49
21 14
21 26
21 23
21 32
21 47
20
22 9
22 7
22 3
22 10
22 6
22 34
22 5
22 40
22 29
22 4
22 43
22 25
22 0
22 21
22 15
22 19
22 33
22 46
22 37
22 48
16
23 31
23 26
23 9
23 42
23 34
23 18
23 8
23 41
23 1
23 2
23 32
23 4
23 37
23 38
23 45
23 30
19
24 28
24 22
24 35
24 18
24 45
24 10
24 3
24 9
24 2
24 4
24 12
24 29
24 13
24 25
24 30
24 27
24 41
24 39
24 48
10
25 19
25 42
25 48
25 8
25 13
25 5
25 16
25 20
25 38
25 15
26
26 22
26 41
26 27
26 12
26 9
26 34
26 4
26 15
26 47
26 16
26 35
26 30
26 24
26 8
26 44
26 40
26 5
26 38
26 32
26 33
26 29
26 1
26 19
26 10
26 7
26 20
15
27 48
27 18
27 40
27 49
27 14
27 46
27 12
27 31
27 34
27 4
27 44
27 21
27 1
27 0
27 45
18
28 36
28 12
28 43
28 40
28 25
28 10
28 3
28 39
28 20
28 41
28 15
28 7
28 22
28 48
28 46
28 19
28 44
28 14
16
29 15
29 31
29 17
29 20
29 7
29 28
29 42
29 13
29 37
29 10
29 44
29 46
29 38
29 33
29 27
29 23
28
30 47
30 39
30 36
30 8
30 15
30 31
30 27
30 33
30 38
30 21
30 9
30 18
30 2
30 12
30 22
30 6
30 14
30 20
30 46
30 25
30 34
30 37
30 43
30 42
30 41
30 1
30 7
30 48
20
31 38
31 39
31 33
31 48
31 26
31 8
31 24
31 5
31 22
31 18
31 7
31 16
31 41
31 13
31 40
31 14
31 25
31 46
31 49
31 35
23
32 36
32 19
32 27
32 46
32 24
32 8
32 30
32 2
32 9
32 31
32 42
32 13
32 11
32 12
32 49
32 35
32 15
32 3
32 0
32 29
32 39
32 45
32 10
18
33 47
33 10
33 25
33 0
33 45
33 13
33 27
33 28
33 2
33 39
33 3
33 23
33 24
33 44
33 48
33 20
33 16
33 21
16
34 43
34 24
34 40
34 2
34 31
34 5
34 28
34 45
34 36
34 1
34 15
34 16
34 6
34 37
34 47
34 19
25
35 30
35 40
35 11
35 1
35 33
35 49
35 17
35 38
35 37
35 46
35 9
35 27
35 4
35 16
35 15
35 22
35 42
35 28
35 23
35 6
35 12
35 18
35 14
35 25
35 2
19
36 43
36 15
36 29
36 47
36 22
36 38
36 49
36 3
36 26
36 9
36 8
36 27
36 18
36 31
36 1
36 24
36 0
36 4
36 46
17
37 15
37 20
37 9
37 5
37 6
37 25
37 40
37 48
37 2
37 27
37 42
37 33
37 46
37 36
37 32
37 38
37 24
18
38 33
38 45
38 49
38 12
38 14
38 28
38 32
38 4
38 15
38 24
38 10
38 8
38 44
38 48
38 2
38 21
38 7
38 42
17
39 38
39 26
39 49
39 14
39 23
39 3
39 25
39 6
39 40
39 20
39 34
39 19
39 44
39 37
39 27
39 47
39 43
20
40 23
40 45
40 24
40 38
40 33
40 43
40 14
40 32
40 44
40 29
40 30
40 46
40 5
40 25
40 20
40 10
40 0
40 4
40 6
40 21
16
41 22
41 27
41 2
41 40
41 25
41 38
41 14
41 35
41 47
41 12
41 42
41 29
41 4
41 45
41 36
41 8
19
42 48
42 9
42 31
42 14
42 19
42 8
42 15
42 34
42 22
42 13
42 2
42 26
42 27
42 20
42 40
42 24
42 36
42 28
42 33
22
43 10
43 23
43 38
43 29
43 18
43 31
43 12
43 24
43 41
43 2
43 5
43 49
43 14
43 3
43 0
43 48
43 9
43 32
43 47
43 46
43 16
43 37
21
44 4
44 24
44 35
44 25
44 41
44 9
44 43
44 47
44 23
44 42
44 15
44 32
44 17
44 5
44 7
44 34
44 37
44 30
44 20
44 31
44 19
16
45 28
45 25
45 26
45 37
45 6
45 42
45 35
45 18
45 29
45 49
45 44
45 5
45 39
45 3
45 21
45 43
20
46 48
46 49
46 15
46 38
46 2
46 3
46 39
46 9
46 12
46 13
46 21
46 24
46 5
46 17
46 20
46 41
46 11
46 42
46 25
46 44
18
47 38
47 1
47 16
47 40
47 45
47 25
47 32
47 46
47 9
47 22
47 8
47 4
47 24
47 2
47 3
47 15
47 42
47 48
16
48 29
48 5
48 26
48 14
48 32
48 16
48 0
48 13
48 49
48 36
48 34
48 10
48 19
48 3
48 44
48 39
23
49 20
49 10
49 23
49 37
49 41
49 29
49 34
49 17
49 5
49 16
49 42
49 24
49 12
49 1
49 7
49 33
49 28
49 9
49 15
49 22
49 47
49 30
49 3
