50
0 "A6"
1 "A11"
2 "A25"
3 "A45"
4 "A34"
5 "A40"
6 "A27"
7 "A23"
8 "A26"
9 "A12"
10 "A5"
11 "A13"
12 "A46"
13 "A37"
14 "A18"
15 "A47"
16 "A21"
17 "A32"
18 "A33"
19 "A43"
20 "A22"
21 "A35"
22 "A31"
23 "A24"
24 "A41"
25 "A7"
26 "A17"
27 "A28"
28 "A8"
29 "A10"
30 "A39"
31 "A44"
32 "A49"
33 "A20"
34 "A4"
35 "A15"
36 "A48"
37 "A0"
38 "A42"
39 "A38"
40 "A29"
41 "A14"
42 "A9"
43 "A2"
44 "A30"
45 "A36"
46 "A3"
47 "A1"
48 "A16"
49 "A19"
22
0 32
0 49
0 11
0 34
0 35
0 38
0 40
0 42
0 41
0 5
0 37
0 48
0 29
0 46
0 30
0 20
0 44
0 17
0 28
0 7
0 23
0 47
23
1 3
1 10
1 48
1 42
1 41
1 39
1 0
1 18
1 21
1 29
1 14
1 13
1 34
1 49
1 43
1 45
1 6
1 28
1 40
1 9
1 35
1 22
1 46
18
2 11
2 8
2 5
2 19
2 21
2 36
2 14
2 45
2 49
2 27
2 29
2 1
2 35
2 16
2 26
2 47
2 22
2 43
20
3 40
3 27
3 21
3 31
3 42
3 11
3 17
3 30
3 44
3 48
3 46
3 7
3 41
3 29
3 19
3 47
3 22
3 14
3 12
3 2
18
4 12
4 28
4 11
4 34
4 47
4 49
4 3
4 8
4 21
4 33
4 48
4 29
4 17
4 32
4 2
4 7
4 1
4 42
16
5 33
5 35
5 8
5 36
5 20
5 49
5 23
5 22
5 21
5 46
5 9
5 1
5 19
5 11
5 12
5 6
25
6 33
6 26
6 44
6 41
6 19
6 30
6 13
6 38
6 0
6 9
6 7
6 34
6 45
6 43
6 35
6 29
6 18
6 36
6 2
6 39
6 48
6 21
6 23
6 24
6 32
25
7 40
7 2
7 43
7 24
7 5
7 18
7 20
7 34
7 30
7 17
7 11
7 33
7 12
7 36
7 48
7 22
7 37
7 45
7 1
7 28
7 42
7 39
7 13
7 41
7 23
18
8 36
8 21
8 3
8 33
8 14
8 28
8 27
8 19
8 10
8 20
8 45
8 7
8 15
8 35
8 29
8 40
8 34
8 39
16
9 0
9 20
9 35
9 7
9 29
9 4
9 25
9 41
9 34
9 22
9 27
9 40
9 11
9 14
9 12
9 32
19
10 29
10 19
10 6
10 25
10 35
10 5
10 3
10 42
10 28
10 9
10 37
10 47
10 34
10 15
10 48
10 0
10 12
10 4
10 30
21
11 6
11 17
11 23
11 22
11 40
11 31
11 47
11 8
11 45
11 20
11 25
11 28
11 39
11 13
11 30
11 46
11 24
11 41
11 38
11 42
11 34
18
12 25
12 1
12 48
12 19
12 26
12 37
12 8
12 42
12 46
12 22
12 32
12 16
12 47
12 13
12 2
12 0
12 29
12 39
21
13 47
13 9
13 43
13 28
13 41
13 18
13 16
13 24
13 37
13 48
13 45
13 44
13 19
13 35
13 22
13 49
13 2
13 33
13 38
13 40
13 3
16
14 37
14 32
14 12
14 29
14 23
14 4
14 45
14 42
14 11
14 49
14 17
14 10
14 25
14 34
14 6
14 0
19
15 23
15 19
15 33
15 39
15 24
15 14
15 13
15 18
15 11
15 17
15 3
15 25
15 7
15 31
15 32
15 9
15 44
15 43
15 4
21
16 7
16 40
16 21
16 24
16 44
16 38
16 0
16 17
16 39
16 43
16 10
16 3
16 5
16 48
16 9
16 14
16 19
16 18
16 37
16 15
16 36
19
17 28
17 31
17 32
17 12
17 33
17 41
17 5
17 9
17 8
17 10
17 30
17 13
17 20
17 47
17 6
17 23
17 44
17 2
17 22
22
18 12
18 34
18 9
18 38
18 41
18 44
18 46
18 0
18 45
18 42
18 2
18 4
18 19
18 28
18 10
18 5
18 21
18 8
18 11
18 20
18 26
18 39
19
19 33
19 45
19 36
19 23
19 46
19 7
19 4
19 9
19 27
19 11
19 35
19 20
19 30
19 34
19 49
19 0
19 14
19 24
19 37
16
20 29
20 22
20 2
20 35
20 10
20 27
20 40
20 39
20 34
20 24
20 36
20 43
20 3
20 1
20 16
20 4
20
21 41
21 11
21 47
21 26
21 20
21 28
21 0
21 38
21 24
21 42
21 35
21 9
21 12
21 10
21 25
21 32
21 13
21 23
21 39
21 14
15
22 19
22 39
22 42
22 34
22 33
22 10
22 44
22 15
22 29
22 23
22 8
22 14
22 6
22 16
22 48
21
23 10
23 2
23 9
23 26
23 1
23 32
23 13
23 38
23 3
23 16
23 46
23 37
23 41
23 30
23 8
23 20
23 4
23 35
23 36
23 12
23 27
17
24 36
24 10
24 22
24 18
24 5
24 23
24 4
24 14
24 8
24 12
24 1
24 27
24 9
24 48
24 39
24 41
24 2
20
25 45
25 0
25 24
25 48
25 17
25 5
25 29
25 43
25 4
25 18
25 19
25 27
25 31
25 1
25 22
25 8
25 13
25 47
25 36
25 20
21
26 7
26 34
26 9
26 4
26 0
26 29
26 30
26 1
26 46
26 20
26 47
26 16
26 15
26 19
26 14
26 13
26 22
26 25
26 38
26 5
26 10
21
27 26
27 1
27 7
27 18
27 40
27 15
27 12
27 14
27 16
27 29
27 31
27 4
27 38
27 22
27 34
27 0
27 49
27 11
27 21
27 44
27 43
20
28 32
28 23
28 3
28 2
28 22
28 19
28 49
28 15
28 6
28 46
28 39
28 24
28 25
28 31
28 20
28 43
28 26
28 14
28 12
28 45
19
29 46
29 33
29 18
29 16
29 37
29 17
29 43
29 42
29 28
29 11
29 49
29 23
29 31
29 21
29 34
29 40
29 44
29 5
29 24
19
30 48
30 20
30 15
30 47
30 27
30 25
30 33
30 38
30 13
30 18
30 14
30 36
30 28
30 2
30 4
30 31
30 24
30 1
30 37
21
31 49
31 14
31 46
31 38
31 39
31 22
31 26
31 8
31 24
31 9
31 19
31 13
31 0
31 35
31 23
31 33
31 1
31 18
31 40
31 16
31 6
19
32 2
32 44
32 3
32 13
32 36
32 11
32 38
32 10
32 37
32 39
32 31
32 22
32 49
32 19
32 20
32 7
32 5
32 8
32 25
17
33 32
33 0
33 23
33 1
33 16
33 27
33 24
33 20
33 25
33 48
33 28
33 11
33 12
33 39
33 14
33 3
33 44
20
34 21
34 44
34 25
34 36
34 32
34 2
34 38
34 24
34 43
34 15
34 49
34 16
34 5
34 3
34 17
34 28
34 33
34 35
34 40
34 39
23
35 42
35 37
35 14
35 38
35 46
35 29
35 7
35 27
35 16
35 26
35 32
35 22
35 18
35 39
35 30
35 25
35 3
35 24
35 15
35 33
35 44
35 4
35 17
18
36 9
36 17
36 3
36 11
36 37
36 46
36 47
36 45
36 22
36 33
36 27
36 14
36 0
36 1
36 26
36 39
36 12
36 10
23
37 41
37 31
37 42
37 2
37 34
37 27
37 48
37 38
37 25
37 5
37 6
37 46
37 43
37 17
37 11
37 1
37 33
37 24
37 47
37 15
37 18
37 8
37 44
25
38 22
38 7
38 2
38 33
38 45
38 9
38 48
38 44
38 14
38 20
38 46
38 40
38 19
38 12
38 17
38 15
38 42
38 3
38 10
38 25
38 8
38 5
38 29
38 28
38 24
20
39 4
39 40
39 0
39 47
39 29
39 5
39 14
39 3
39 41
39 44
39 9
39 19
39 26
39 27
39 13
39 37
39 43
39 38
39 46
39 23
16
40 10
40 6
40 18
40 37
40 23
40 25
40 24
40 32
40 44
40 49
40 14
40 30
40 4
40 5
40 48
40 33
17
41 28
41 34
41 35
41 4
41 20
41 45
41 2
41 22
41 12
41 10
41 36
41 19
41 38
41 44
41 32
41 8
41 15
20
42 27
42 32
42 13
42 28
42 9
42 26
42 40
42 19
42 17
42 8
42 39
42 48
42 41
42 20
42 24
42 31
42 34
42 16
42 30
42 25
21
43 33
43 23
43 17
43 18
43 22
43 12
43 14
43 31
43 0
43 24
43 9
43 10
43 41
43 47
43 35
43 8
43 40
43 5
43 3
43 26
43 38
21
44 5
44 23
44 4
44 48
44 47
44 49
44 24
44 25
44 43
44 28
44 46
44 10
44 7
44 9
44 36
44 2
44 42
44 30
44 12
44 31
44 11
17
45 21
45 5
45 16
45 26
45 12
45 43
45 17
45 49
45 35
45 0
45 30
45 9
45 29
45 3
45 47
45 27
45 42
19
46 22
46 49
46 33
46 6
46 2
46 24
46 25
46 41
46 48
46 7
46 20
46 13
46 14
46 32
46 4
46 27
46 21
46 10
46 40
19
47 22
47 38
47 23
47 31
47 27
47 7
47 29
47 32
47 40
47 35
47 14
47 33
47 24
47 1
47 19
47 15
47 48
47 28
47 5
21
48 28
48 27
48 31
48 5
48 15
48 29
48 14
48 41
48 2
48 39
48 35
48 26
48 36
48 32
48 34
48 43
48 20
48 8
48 21
48 18
48 11
18
49 43
49 15
49 7
49 23
49 47
49 36
49 9
49 33
49 20
49 24
49 35
49 38
49 42
49 48
49 8
49 17
49 21
49 6
