50
0 "A6"
1 "A11"
2 "A25"
3 "A45"
4 "A34"
5 "A40"
6 "A27"
7 "A23"
8 "A26"
9 "A12"
10 "A5"
11 "A13"
12 "A46"
13 "A37"
14 "A18"
15 "A47"
16 "A21"
17 "A32"
18 "A33"
19 "A43"
20 "A22"
21 "A35"
22 "A31"
23 "A24"
24 "A41"
25 "A7"
26 "A17"
27 "A28"
28 "A8"
29 "A10"
30 "A39"
31 "A44"
32 "A49"
33 "A20"
34 "A4"
35 "A15"
36 "A48"
37 "A0"
38 "A42"
39 "A38"
40 "A29"
41 "A14"
42 "A9"
43 "A2"
44 "A30"
45 "A36"
46 "A3"
47 "A1"
48 "A16"
49 "A19"
25
0 44
0 22
0 8
0 35
0 41
0 47
0 43
0 3
0 10
0 4
0 23
0 30
0 31
0 34
0 49
0 21
0 17
0 46
0 9
0 39
0 6
0 24
0 29
0 2
0 1
17
1 26
1 22
1 27
1 17
1 36
1 9
1 29
1 2
1 48
1 20
1 41
1 49
1 46
1 43
1 47
1 40
1 15
15
2 12
2 44
2 6
2 47
2 7
2 48
2 23
2 13
2 37
2 25
2 42
2 32
2 8
2 46
2 27
18
3 21
3 6
3 24
3 38
3 2
3 14
3 16
3 9
3 5
3 8
3 29
3 45
3 4
3 43
3 17
3 32
3 37
3 35
18
4 23
4 12
4 41
4 25
4 2
4 9
4 37
4 7
4 40
4 35
4 16
4 29
4 31
4 26
4 21
4 44
4 19
4 8
27
5 1
5 29
5 18
5 4
5 7
5 11
5 23
5 36
5 43
5 0
5 34
5 15
5 2
5 47
5 26
5 20
5 33
5 22
5 24
5 30
5 37
5 28
5 46
5 38
5 40
5 44
5 9
17
6 41
6 28
6 8
6 5
6 36
6 22
6 11
6 9
6 34
6 32
6 38
6 10
6 42
6 49
6 33
6 27
6 4
18
7 23
7 49
7 42
7 16
7 6
7 25
7 8
7 1
7 39
7 40
7 18
7 33
7 31
7 47
7 37
7 13
7 30
7 43
15
8 1
8 11
8 29
8 5
8 35
8 25
8 22
8 36
8 45
8 16
8 46
8 42
8 17
8 20
8 43
20
9 43
9 38
9 19
9 46
9 28
9 21
9 33
9 26
9 7
9 22
9 18
9 29
9 15
9 2
9 11
9 44
9 10
9 25
9 32
9 36
20
10 11
10 26
10 38
10 35
10 4
10 8
10 20
10 1
10 47
10 34
10 2
10 32
10 43
10 29
10 3
10 16
10 41
10 14
10 15
10 5
23
11 44
11 15
11 30
11 17
11 12
11 36
11 3
11 0
11 16
11 25
11 7
11 29
11 47
11 14
11 38
11 43
11 42
11 2
11 21
11 35
11 40
11 24
11 45
18
12 5
12 27
12 7
12 13
12 33
12 10
12 28
12 0
12 40
12 42
12 3
12 29
12 1
12 36
12 6
12 20
12 15
12 43
26
13 3
13 36
13 24
13 44
13 38
13 10
13 27
13 6
13 21
13 9
13 14
13 49
13 41
13 5
13 42
13 17
13 45
13 8
13 4
13 11
13 43
13 0
13 1
13 25
13 16
13 18
23
14 27
14 30
14 18
14 24
14 43
14 47
14 8
14 22
14 31
14 16
14 28
14 42
14 12
14 15
14 19
14 34
14 17
14 48
14 2
14 0
14 36
14 23
14 25
17
15 25
15 43
15 34
15 7
15 22
15 41
15 44
15 4
15 39
15 49
15 42
15 2
15 20
15 40
15 27
15 16
15 17
13
16 1
16 19
16 40
16 25
16 47
16 30
16 37
16 29
16 2
16 42
16 34
16 20
16 12
10
17 35
17 49
17 28
17 20
17 4
17 9
17 5
17 37
17 41
17 21
24
18 1
18 3
18 8
18 16
18 12
18 15
18 28
18 2
18 6
18 19
18 47
18 49
18 48
18 35
18 30
18 0
18 39
18 17
18 34
18 43
18 40
18 10
18 11
18 4
19
19 17
19 48
19 24
19 31
19 1
19 15
19 40
19 47
19 33
19 41
19 3
19 7
19 10
19 26
19 11
19 12
19 6
19 20
19 32
22
20 24
20 47
20 22
20 38
20 34
20 3
20 23
20 18
20 13
20 43
20 2
20 39
20 46
20 26
20 14
20 4
20 6
20 27
20 29
20 44
20 0
20 25
17
21 16
21 2
21 7
21 45
21 15
21 8
21 43
21 36
21 42
21 27
21 22
21 29
21 19
21 26
21 38
21 48
21 10
21
22 37
22 18
22 12
22 27
22 33
22 16
22 46
22 44
22 11
22 26
22 4
22 24
22 19
22 28
22 7
22 25
22 3
22 10
22 45
22 36
22 32
23
23 46
23 10
23 17
23 45
23 19
23 12
23 13
23 21
23 15
23 43
23 16
23 11
23 32
23 31
23 22
23 38
23 1
23 27
23 28
23 6
23 25
23 35
23 18
21
24 16
24 6
24 8
24 17
24 10
24 39
24 4
24 9
24 36
24 32
24 2
24 43
24 12
24 42
24 33
24 27
24 44
24 34
24 45
24 1
24 21
11
25 19
25 6
25 48
25 27
25 39
25 28
25 3
25 1
25 24
25 21
25 0
24
26 16
26 29
26 6
26 23
26 24
26 37
26 11
26 25
26 7
26 38
26 44
26 14
26 46
26 49
26 35
26 8
26 41
26 30
26 43
26 17
26 2
26 28
26 0
26 3
20
27 48
27 36
27 18
27 28
27 44
27 26
27 49
27 3
27 34
27 9
27 16
27 42
27 10
27 8
27 4
27 35
27 31
27 5
27 41
27 32
17
28 19
28 42
28 11
28 10
28 7
28 31
28 39
28 3
28 37
28 24
28 43
28 0
28 2
28 20
28 46
28 1
28 40
17
29 27
29 42
29 14
29 33
29 19
29 22
29 23
29 13
29 46
29 25
29 45
29 24
29 49
29 7
29 44
29 17
29 2
20
30 40
30 25
30 2
30 29
30 39
30 49
30 22
30 13
30 23
30 12
30 36
30 27
30 17
30 41
30 4
30 3
30 31
30 15
30 9
30 19
22
31 16
31 42
31 1
31 9
31 40
31 41
31 26
31 8
31 45
31 25
31 12
31 39
31 24
31 13
31 38
31 18
31 15
31 6
31 2
31 44
31 21
31 22
19
32 41
32 31
32 44
32 17
32 38
32 8
32 7
32 18
32 20
32 29
32 5
32 4
32 16
32 15
32 47
32 21
32 30
32 11
32 12
28
33 23
33 16
33 43
33 44
33 41
33 47
33 25
33 31
33 14
33 10
33 49
33 1
33 0
33 40
33 2
33 46
33 20
33 4
33 39
33 37
33 11
33 32
33 15
33 18
33 8
33 30
33 13
33 34
15
34 43
34 38
34 35
34 40
34 28
34 37
34 3
34 13
34 21
34 23
34 9
34 22
34 32
34 29
34 19
24
35 42
35 1
35 7
35 15
35 22
35 31
35 28
35 47
35 21
35 12
35 30
35 9
35 48
35 36
35 43
35 33
35 44
35 16
35 5
35 45
35 19
35 24
35 29
35 38
24
36 10
36 16
36 0
36 31
36 25
36 33
36 28
36 4
36 3
36 26
36 37
36 43
36 18
36 7
36 20
36 48
36 46
36 41
36 47
36 39
36 32
36 19
36 15
36 29
19
37 47
37 42
37 19
37 43
37 23
37 32
37 13
37 11
37 31
37 38
37 27
37 14
37 0
37 35
37 29
37 1
37 10
37 18
37 15
19
38 46
38 2
38 29
38 17
38 1
38 7
38 28
38 33
38 27
38 22
38 25
38 19
38 15
38 48
38 45
38 18
38 12
38 16
38 36
24
39 17
39 14
39 5
39 1
39 19
39 3
39 23
39 13
39 12
39 34
39 11
39 45
39 35
39 26
39 29
39 8
39 2
39 27
39 46
39 22
39 38
39 9
39 6
39 32
20
40 21
40 20
40 6
40 3
40 9
40 22
40 36
40 26
40 35
40 38
40 2
40 25
40 29
40 23
40 14
40 27
40 41
40 0
40 47
40 39
18
41 47
41 8
41 9
41 7
41 28
41 3
41 5
41 42
41 23
41 34
41 2
41 39
41 43
41 37
41 24
41 44
41 22
41 11
21
42 36
42 25
42 22
42 33
42 43
42 34
42 3
42 19
42 1
42 45
42 39
42 30
42 38
42 46
42 5
42 32
42 47
42 26
42 0
42 18
42 23
12
43 40
43 4
43 48
43 25
43 39
43 30
43 17
43 2
43 29
43 27
43 31
43 45
14
44 43
44 37
44 49
44 19
44 48
44 6
44 25
44 3
44 16
44 39
44 17
44 12
44 8
44 18
20
45 49
45 15
45 47
45 30
45 34
45 26
45 41
45 0
45 17
45 2
45 20
45 32
45 40
45 16
45 44
45 9
45 14
45 33
45 37
45 28
21
46 32
46 12
46 4
46 48
46 25
46 43
46 41
46 35
46 3
46 24
46 18
46 13
46 19
46 6
46 45
46 37
46 44
46 49
46 10
46 34
46 40
15
47 4
47 23
47 31
47 15
47 6
47 46
47 22
47 8
47 24
47 26
47 49
47 12
47 17
47 27
47 13
26
48 24
48 16
48 30
48 45
48 13
48 0
48 7
48 4
48 23
48 34
48 33
48 12
48 10
48 26
48 28
48 41
48 29
48 11
48 40
48 22
48 31
48 6
48 5
48 42
48 17
48 9
23
49 41
49 32
49 36
49 34
49 9
49 38
49 4
49 25
49 5
49 24
49 19
49 23
49 8
49 22
49 39
49 3
49 48
49 20
49 37
49 42
49 11
49 2
49 12
