50
0 "A6"
1 "A11"
2 "A25"
3 "A45"
4 "A34"
5 "A40"
6 "A27"
7 "A23"
8 "A26"
9 "A12"
10 "A5"
11 "A13"
12 "A46"
13 "A37"
14 "A18"
15 "A47"
16 "A21"
17 "A32"
18 "A33"
19 "A43"
20 "A22"
21 "A35"
22 "A31"
23 "A24"
24 "A41"
25 "A7"
26 "A17"
27 "A28"
28 "A8"
29 "A10"
30 "A39"
31 "A44"
32 "A49"
33 "A20"
34 "A4"
35 "A15"
36 "A48"
37 "A0"
38 "A42"
39 "A38"
40 "A29"
41 "A14"
42 "A9"
43 "A2"
44 "A30"
45 "A36"
46 "A3"
47 "A1"
48 "A16"
49 "A19"
19
0 3
0 8
0 33
0 41
0 30
0 18
0 12
0 10
0 4
0 22
0 26
0 6
0 9
0 23
0 48
0 28
0 47
0 15
0 44
20
1 43
1 48
1 38
1 25
1 16
1 11
1 23
1 14
1 34
1 26
1 5
1 31
1 36
1 2
1 30
1 0
1 22
1 6
1 42
1 19
13
2 25
2 39
2 30
2 34
2 7
2 14
2 37
2 48
2 19
2 49
2 47
2 27
2 18
18
3 18
3 6
3 43
3 29
3 16
3 28
3 46
3 1
3 39
3 22
3 36
3 40
3 2
3 32
3 14
3 8
3 49
3 37
21
4 48
4 49
4 43
4 29
4 3
4 13
4 25
4 44
4 7
4 46
4 11
4 10
4 41
4 5
4 42
4 2
4 15
4 32
4 14
4 12
4 45
24
5 21
5 9
5 16
5 45
5 36
5 20
5 10
5 42
5 18
5 13
5 35
5 38
5 25
5 15
5 7
5 49
5 33
5 22
5 0
5 19
5 47
5 31
5 27
5 44
16
6 29
6 8
6 47
6 37
6 19
6 40
6 2
6 31
6 46
6 33
6 42
6 39
6 36
6 17
6 23
6 48
19
7 31
7 43
7 34
7 9
7 20
7 24
7 8
7 49
7 0
7 27
7 40
7 36
7 26
7 1
7 10
7 33
7 30
7 35
7 32
20
8 38
8 33
8 39
8 30
8 29
8 15
8 5
8 28
8 47
8 19
8 27
8 13
8 9
8 18
8 31
8 45
8 4
8 37
8 22
8 1
28
9 3
9 26
9 35
9 2
9 38
9 46
9 22
9 49
9 12
9 39
9 30
9 19
9 31
9 1
9 20
9 24
9 33
9 23
9 10
9 27
9 4
9 32
9 43
9 17
9 6
9 36
9 41
9 37
24
10 14
10 24
10 27
10 21
10 3
10 39
10 15
10 35
10 30
10 6
10 42
10 8
10 1
10 2
10 31
10 47
10 23
10 12
10 43
10 26
10 33
10 16
10 49
10 40
25
11 37
11 10
11 14
11 13
11 12
11 28
11 18
11 48
11 31
11 6
11 2
11 16
11 35
11 9
11 25
11 3
11 5
11 38
11 45
11 0
11 19
11 36
11 24
11 32
11 15
14
12 38
12 41
12 5
12 37
12 19
12 6
12 25
12 29
12 31
12 32
12 1
12 48
12 2
12 34
20
13 6
13 41
13 30
13 12
13 48
13 25
13 20
13 27
13 24
13 44
13 1
13 16
13 31
13 33
13 46
13 43
13 49
13 15
13 10
13 38
19
14 24
14 46
14 21
14 6
14 16
14 0
14 13
14 12
14 35
14 28
14 5
14 48
14 25
14 36
14 37
14 44
14 7
14 8
14 20
15
15 47
15 38
15 31
15 9
15 2
15 33
15 34
15 17
15 24
15 23
15 45
15 6
15 1
15 12
15 36
22
16 30
16 2
16 4
16 44
16 0
16 40
16 34
16 25
16 47
16 19
16 12
16 23
16 39
16 26
16 41
16 17
16 33
16 6
16 42
16 27
16 31
16 43
20
17 41
17 32
17 0
17 29
17 8
17 24
17 46
17 7
17 33
17 34
17 36
17 37
17 28
17 13
17 39
17 1
17 10
17 19
17 5
17 11
20
18 40
18 9
18 27
18 13
18 6
18 28
18 32
18 49
18 43
18 35
18 47
18 21
18 16
18 38
18 17
18 12
18 14
18 30
18 15
18 7
16
19 0
19 10
19 36
19 4
19 23
19 38
19 7
19 24
19 45
19 14
19 20
19 13
19 46
19 31
19 49
19 3
21
20 16
20 0
20 27
20 2
20 28
20 26
20 25
20 29
20 11
20 4
20 38
20 24
20 1
20 8
20 31
20 12
20 21
20 32
20 10
20 6
20 46
26
21 33
21 30
21 15
21 26
21 9
21 4
21 8
21 2
21 24
21 13
21 42
21 1
21 7
21 6
21 11
21 27
21 44
21 35
21 45
21 16
21 29
21 0
21 3
21 37
21 25
21 12
21
22 37
22 16
22 19
22 20
22 26
22 46
22 17
22 2
22 15
22 11
22 39
22 42
22 7
22 27
22 44
22 43
22 21
22 28
22 36
22 45
22 23
22
23 13
23 47
23 4
23 8
23 20
23 31
23 35
23 27
23 26
23 17
23 7
23 28
23 3
23 45
23 21
23 48
23 44
23 14
23 42
23 25
23 36
23 24
16
24 48
24 5
24 40
24 12
24 26
24 22
24 45
24 18
24 37
24 3
24 25
24 46
24 6
24 35
24 32
24 8
19
25 40
25 19
25 32
25 8
25 17
25 37
25 10
25 3
25 38
25 22
25 26
25 15
25 45
25 6
25 44
25 43
25 35
25 28
25 7
16
26 47
26 19
26 30
26 49
26 29
26 36
26 3
26 17
26 14
26 4
26 11
26 38
26 15
26 18
26 37
26 6
20
27 35
27 32
27 26
27 49
27 17
27 42
27 34
27 24
27 44
27 19
27 4
27 41
27 39
27 1
27 36
27 33
27 15
27 47
27 48
27 31
14
28 31
28 10
28 40
28 37
28 27
28 9
28 1
28 15
28 16
28 7
28 39
28 13
28 32
28 43
22
29 15
29 36
29 9
29 2
29 38
29 23
29 7
29 10
29 14
29 35
29 18
29 16
29 25
29 41
29 13
29 32
29 42
29 45
29 19
29 48
29 31
29 46
22
30 6
30 33
30 34
30 12
30 36
30 20
30 3
30 19
30 28
30 43
30 23
30 32
30 11
30 14
30 48
30 37
30 5
30 45
30 35
30 47
30 29
30 44
15
31 24
31 3
31 0
31 25
31 38
31 30
31 17
31 21
31 37
31 49
31 4
31 39
31 40
31 32
31 46
20
32 34
32 21
32 43
32 2
32 46
32 14
32 44
32 5
32 39
32 33
32 35
32 6
32 26
32 23
32 15
32 47
32 19
32 41
32 16
32 42
23
33 19
33 43
33 22
33 41
33 38
33 31
33 3
33 11
33 14
33 1
33 46
33 26
33 44
33 23
33 18
33 20
33 25
33 12
33 48
33 4
33 49
33 47
33 2
24
34 36
34 19
34 26
34 10
34 9
34 22
34 4
34 3
34 43
34 33
34 13
34 0
34 6
34 28
34 44
34 5
34 8
34 11
34 25
34 39
34 21
34 42
34 14
34 47
22
35 8
35 3
35 43
35 41
35 22
35 0
35 34
35 13
35 1
35 48
35 20
35 15
35 49
35 4
35 45
35 31
35 2
35 36
35 42
35 12
35 47
35 17
17
36 24
36 21
36 28
36 20
36 25
36 13
36 37
36 12
36 4
36 39
36 41
36 18
36 31
36 32
36 16
36 2
36 8
24
37 0
37 46
37 20
37 4
37 38
37 27
37 16
37 45
37 33
37 1
37 32
37 5
37 29
37 15
37 48
37 35
37 40
37 34
37 41
37 43
37 19
37 39
37 7
37 23
17
38 23
38 28
38 30
38 16
38 22
38 27
38 6
38 10
38 7
38 43
38 4
38 35
38 2
38 46
38 3
38 34
38 24
20
39 23
39 25
39 14
39 7
39 49
39 1
39 20
39 35
39 13
39 38
39 12
39 24
39 4
39 21
39 29
39 44
39 30
39 26
39 18
39 15
21
40 34
40 14
40 33
40 36
40 9
40 26
40 38
40 15
40 27
40 47
40 44
40 20
40 48
40 5
40 35
40 30
40 13
40 29
40 17
40 4
40 41
23
41 45
41 21
41 2
41 24
41 10
41 23
41 15
41 14
41 49
41 28
41 42
41 22
41 34
41 5
41 3
41 47
41 1
41 18
41 19
41 48
41 46
41 11
41 38
19
42 28
42 7
42 38
42 49
42 26
42 20
42 2
42 0
42 19
42 24
42 9
42 48
42 12
42 14
42 40
42 37
42 11
42 25
42 3
17
43 29
43 46
43 23
43 5
43 20
43 2
43 41
43 26
43 0
43 12
43 45
43 31
43 42
43 15
43 19
43 36
43 27
22
44 8
44 20
44 38
44 48
44 36
44 11
44 35
44 46
44 1
44 37
44 17
44 49
44 31
44 19
44 47
44 26
44 43
44 9
44 41
44 6
44 24
44 7
19
45 20
45 36
45 34
45 26
45 46
45 49
45 48
45 31
45 42
45 1
45 16
45 44
45 38
45 14
45 33
45 39
45 6
45 3
45 18
16
46 47
46 35
46 18
46 30
46 2
46 1
46 42
46 25
46 16
46 28
46 27
46 12
46 26
46 39
46 21
46 5
12
47 45
47 29
47 31
47 25
47 13
47 37
47 3
47 4
47 7
47 14
47 36
47 39
18
48 10
48 17
48 34
48 43
48 28
48 21
48 46
48 38
48 47
48 32
48 9
48 36
48 5
48 31
48 22
48 8
48 15
48 7
19
49 11
49 1
49 28
49 15
49 29
49 48
49 16
49 36
49 17
49 21
49 12
49 46
49 6
49 34
49 43
49 37
49 23
49 38
49 47
