50
0 "A6"
1 "A11"
2 "A25"
3 "A45"
4 "A34"
5 "A40"
6 "A27"
7 "A23"
8 "A26"
9 "A12"
10 "A5"
11 "A13"
12 "A46"
13 "A37"
14 "A18"
15 "A47"
16 "A21"
17 "A32"
18 "A33"
19 "A43"
20 "A22"
21 "A35"
22 "A31"
23 "A24"
24 "A41"
25 "A7"
26 "A17"
27 "A28"
28 "A8"
29 "A10"
30 "A39"
31 "A44"
32 "A49"
33 "A20"
34 "A4"
35 "A15"
36 "A48"
37 "A0"
38 "A42"
39 "A38"
40 "A29"
41 "A14"
42 "A9"
43 "A2"
44 "A30"
45 "A36"
46 "A3"
47 "A1"
48 "A16"
49 "A19"
20
0 9
0 10
0 30
0 41
0 4
0 47
0 11
0 24
0 39
0 28
0 37
0 46
0 3
0 20
0 29
0 17
0 33
0 12
0 32
0 14
19
1 32
1 36
1 46
1 16
1 20
1 27
1 30
1 25
1 11
1 4
1 13
1 40
1 6
1 2
1 47
1 7
1 23
1 12
1 8
17
2 3
2 17
2 9
2 27
2 28
2 47
2 13
2 7
2 40
2 25
2 19
2 49
2 24
2 15
2 36
2 48
2 32
19
3 18
3 44
3 43
3 42
3 22
3 49
3 10
3 8
3 29
3 35
3 47
3 28
3 1
3 48
3 26
3 5
3 41
3 32
3 37
21
4 21
4 43
4 27
4 30
4 12
4 40
4 2
4 19
4 5
4 14
4 32
4 6
4 15
4 10
4 46
4 48
4 3
4 8
4 49
4 31
4 44
18
5 49
5 19
5 25
5 22
5 2
5 12
5 27
5 43
5 11
5 18
5 16
5 47
5 8
5 7
5 31
5 15
5 41
5 13
15
6 40
6 49
6 34
6 7
6 9
6 19
6 12
6 2
6 42
6 39
6 29
6 16
6 3
6 25
6 21
20
7 30
7 43
7 31
7 28
7 35
7 27
7 0
7 24
7 32
7 3
7 39
7 4
7 21
7 19
7 33
7 36
7 20
7 14
7 40
7 12
21
8 32
8 13
8 23
8 31
8 9
8 40
8 7
8 25
8 24
8 34
8 14
8 33
8 11
8 49
8 42
8 28
8 46
8 38
8 48
8 37
8 6
26
9 22
9 37
9 35
9 36
9 33
9 17
9 39
9 46
9 25
9 34
9 4
9 30
9 29
9 24
9 32
9 21
9 38
9 41
9 42
9 7
9 12
9 3
9 27
9 49
9 45
9 19
20
10 26
10 1
10 20
10 43
10 25
10 18
10 8
10 39
10 6
10 34
10 24
10 45
10 14
10 37
10 49
10 15
10 32
10 7
10 31
10 28
19
11 49
11 20
11 32
11 38
11 31
11 9
11 18
11 3
11 22
11 24
11 41
11 15
11 16
11 42
11 48
11 45
11 36
11 2
11 4
15
12 10
12 35
12 33
12 22
12 36
12 14
12 31
12 28
12 41
12 18
12 34
12 8
12 49
12 2
12 37
23
13 17
13 49
13 10
13 29
13 9
13 0
13 39
13 20
13 16
13 36
13 46
13 24
13 38
13 15
13 4
13 18
13 12
13 11
13 6
13 28
13 45
13 3
13 7
19
14 44
14 18
14 29
14 11
14 1
14 16
14 13
14 31
14 45
14 20
14 32
14 24
14 28
14 6
14 3
14 34
14 48
14 17
14 9
16
15 48
15 3
15 38
15 42
15 33
15 29
15 12
15 47
15 8
15 6
15 27
15 14
15 31
15 0
15 24
15 17
22
16 41
16 22
16 26
16 7
16 17
16 23
16 9
16 18
16 4
16 10
16 28
16 49
16 3
16 46
16 2
16 19
16 35
16 47
16 15
16 45
16 0
16 34
19
17 5
17 49
17 42
17 18
17 41
17 34
17 6
17 45
17 22
17 11
17 12
17 40
17 28
17 1
17 47
17 39
17 7
17 3
17 37
19
18 43
18 35
18 8
18 2
18 21
18 31
18 45
18 25
18 4
18 46
18 26
18 6
18 47
18 30
18 44
18 9
18 24
18 38
18 20
18
19 0
19 45
19 22
19 32
19 26
19 39
19 47
19 17
19 18
19 8
19 3
19 14
19 1
19 25
19 48
19 33
19 10
19 20
19
20 36
20 16
20 17
20 5
20 4
20 24
20 34
20 42
20 28
20 25
20 3
20 12
20 33
20 38
20 32
20 47
20 39
20 6
20 48
19
21 22
21 17
21 5
21 42
21 25
21 11
21 36
21 3
21 13
21 0
21 29
21 19
21 1
21 10
21 44
21 16
21 12
21 23
21 14
18
22 27
22 2
22 6
22 32
22 35
22 39
22 8
22 45
22 7
22 13
22 40
22 38
22 43
22 24
22 34
22 33
22 4
22 29
28
23 10
23 13
23 22
23 7
23 0
23 40
23 2
23 11
23 18
23 32
23 14
23 41
23 26
23 28
23 30
23 9
23 45
23 3
23 17
23 33
23 5
23 43
23 44
23 42
23 15
23 12
23 38
23 48
17
24 39
24 4
24 45
24 19
24 31
24 17
24 3
24 46
24 48
24 1
24 23
24 6
24 12
24 35
24 37
24 25
24 29
15
25 16
25 39
25 33
25 15
25 27
25 22
25 28
25 32
25 4
25 12
25 14
25 3
25 44
25 29
25 23
16
26 37
26 30
26 34
26 47
26 1
26 12
26 27
26 22
26 0
26 9
26 4
26 15
26 14
26 8
26 6
26 48
21
27 8
27 13
27 3
27 41
27 36
27 11
27 10
27 24
27 40
27 16
27 23
27 39
27 32
27 34
27 37
27 30
27 6
27 18
27 49
27 12
27 46
18
28 6
28 43
28 9
28 46
28 31
28 22
28 40
28 49
28 27
28 15
28 24
28 4
28 45
28 33
28 21
28 19
28 37
28 26
20
29 31
29 11
29 45
29 4
29 48
29 43
29 32
29 7
29 36
29 41
29 19
29 1
29 34
29 20
29 28
29 2
29 33
29 17
29 30
29 26
13
30 35
30 5
30 22
30 13
30 2
30 17
30 11
30 15
30 44
30 38
30 25
30 36
30 12
21
31 43
31 20
31 16
31 3
31 23
31 9
31 26
31 1
31 38
31 17
31 0
31 13
31 35
31 6
31 42
31 21
31 46
31 22
31 30
31 19
31 36
17
32 18
32 15
32 33
32 12
32 26
32 43
32 31
32 30
32 28
32 48
32 42
32 5
32 13
32 16
32 6
32 21
32 17
18
33 27
33 18
33 47
33 24
33 13
33 16
33 43
33 2
33 14
33 49
33 46
33 37
33 4
33 45
33 3
33 26
33 17
33 5
22
34 19
34 42
34 38
34 31
34 15
34 44
34 11
34 3
34 5
34 47
34 43
34 23
34 7
34 1
34 0
34 33
34 18
34 2
34 25
34 41
34 24
34 32
23
35 40
35 8
35 20
35 32
35 47
35 6
35 25
35 23
35 49
35 42
35 29
35 11
35 15
35 39
35 2
35 14
35 26
35 41
35 4
35 33
35 1
35 44
35 34
22
36 18
36 4
36 19
36 34
36 42
36 33
36 5
36 40
36 38
36 23
36 24
36 14
36 37
36 26
36 22
36 3
36 32
36 39
36 15
36 25
36 17
36 10
21
37 44
37 48
37 20
37 5
37 25
37 45
37 32
37 7
37 21
37 13
37 41
37 23
37 18
37 2
37 4
37 1
37 30
37 43
37 34
37 31
37 14
20
38 14
38 6
38 25
38 21
38 24
38 40
38 19
38 1
38 27
38 41
38 5
38 33
38 17
38 3
38 46
38 26
38 28
38 16
38 0
38 37
21
39 15
39 21
39 29
39 14
39 37
39 33
39 2
39 5
39 12
39 31
39 32
39 11
39 40
39 3
39 4
39 1
39 8
39 28
39 30
39 46
39 49
24
40 48
40 29
40 25
40 24
40 21
40 43
40 32
40 46
40 44
40 47
40 10
40 5
40 9
40 30
40 0
40 20
40 15
40 26
40 33
40 14
40 11
40 42
40 13
40 45
22
41 32
41 10
41 4
41 7
41 21
41 22
41 24
41 26
41 13
41 45
41 39
41 2
41 28
41 40
41 18
41 19
41 48
41 6
41 14
41 15
41 31
41 30
22
42 1
42 41
42 18
42 12
42 46
42 28
42 7
42 22
42 19
42 26
42 4
42 0
42 38
42 14
42 29
42 25
42 27
42 16
42 33
42 37
42 13
42 24
18
43 36
43 21
43 35
43 11
43 17
43 16
43 42
43 19
43 26
43 38
43 41
43 15
43 25
43 24
43 30
43 49
43 9
43 8
22
44 6
44 39
44 8
44 11
44 46
44 7
44 29
44 24
44 20
44 38
44 2
44 9
44 1
44 43
44 48
44 13
44 19
44 27
44 33
44 0
44 16
44 12
21
45 42
45 4
45 34
45 8
45 39
45 32
45 43
45 1
45 44
45 25
45 5
45 38
45 6
45 2
45 49
45 35
45 21
45 3
45 36
45 15
45 20
20
46 41
46 45
46 20
46 37
46 17
46 11
46 7
46 25
46 3
46 6
46 19
46 14
46 35
46 22
46 21
46 5
46 36
46 26
46 2
46 10
20
47 29
47 13
47 41
47 10
47 21
47 9
47 36
47 4
47 46
47 44
47 28
47 42
47 24
47 38
47 27
47 14
47 23
47 37
47 8
47 39
17
48 31
48 34
48 45
48 46
48 38
48 30
48 27
48 28
48 35
48 18
48 7
48 10
48 12
48 21
48 36
48 9
48 5
19
49 48
49 38
49 42
49 47
49 14
49 31
49 40
49 36
49 15
49 22
49 20
49 41
49 25
49 46
49 32
49 37
49 18
49 7
49 23
