50
0 "A6"
1 "A11"
2 "A25"
3 "A45"
4 "A34"
5 "A40"
6 "A27"
7 "A23"
8 "A26"
9 "A12"
10 "A5"
11 "A13"
12 "A46"
13 "A37"
14 "A18"
15 "A47"
16 "A21"
17 "A32"
18 "A33"
19 "A43"
20 "A22"
21 "A35"
22 "A31"
23 "A24"
24 "A41"
25 "A7"
26 "A17"
27 "A28"
28 "A8"
29 "A10"
30 "A39"
31 "A44"
32 "A49"
33 "A20"
34 "A4"
35 "A15"
36 "A48"
37 "A0"
38 "A42"
39 "A38"
40 "A29"
41 "A14"
42 "A9"
43 "A2"
44 "A30"
45 "A36"
46 "A3"
47 "A1"
48 "A16"
49 "A19"
21
0 1
0 45
0 26
0 20
0 14
0 8
0 16
0 2
0 42
0 17
0 47
0 11
0 10
0 13
0 18
0 7
0 33
0 24
0 29
0 32
0 15
18
1 4
1 25
1 23
1 8
1 29
1 45
1 11
1 47
1 9
1 42
1 5
1 17
1 48
1 43
1 24
1 16
1 3
1 40
17
2 22
2 1
2 5
2 11
2 44
2 32
2 23
2 34
2 43
2 4
2 41
2 35
2 6
2 29
2 37
2 21
2 15
24
3 11
3 42
3 24
3 26
3 9
3 40
3 33
3 27
3 12
3 21
3 32
3 46
3 10
3 35
3 39
3 4
3 48
3 14
3 6
3 0
3 2
3 43
3 17
3 47
17
4 24
4 13
4 29
4 10
4 18
4 28
4 0
4 47
4 37
4 32
4 20
4 22
4 30
4 6
4 25
4 16
4 23
22
5 13
5 0
5 3
5 43
5 14
5 21
5 19
5 31
5 22
5 35
5 47
5 32
5 4
5 8
5 11
5 12
5 44
5 6
5 45
5 20
5 39
5 26
28
6 0
6 48
6 29
6 27
6 20
6 46
6 8
6 24
6 25
6 30
6 33
6 1
6 31
6 32
6 12
6 18
6 47
6 10
6 7
6 23
6 26
6 44
6 45
6 28
6 39
6 13
6 42
6 40
21
7 40
7 47
7 9
7 48
7 3
7 37
7 26
7 13
7 1
7 20
7 36
7 25
7 41
7 14
7 45
7 15
7 44
7 38
7 32
7 16
7 11
25
8 47
8 13
8 49
8 45
8 18
8 41
8 29
8 26
8 30
8 4
8 7
8 43
8 20
8 36
8 15
8 17
8 23
8 38
8 19
8 10
8 3
8 35
8 40
8 21
8 42
15
9 10
9 14
9 16
9 6
9 36
9 35
9 4
9 48
9 8
9 37
9 41
9 0
9 5
9 26
9 29
21
10 32
10 28
10 43
10 24
10 26
10 27
10 19
10 7
10 5
10 2
10 18
10 37
10 40
10 34
10 48
10 25
10 23
10 21
10 42
10 16
10 13
20
11 8
11 38
11 6
11 42
11 36
11 27
11 47
11 25
11 20
11 44
11 12
11 18
11 16
11 39
11 48
11 40
11 43
11 14
11 17
11 33
18
12 46
12 21
12 9
12 10
12 7
12 38
12 16
12 15
12 23
12 45
12 1
12 34
12 8
12 35
12 4
12 17
12 13
12 24
17
13 19
13 11
13 45
13 40
13 2
13 26
13 43
13 35
13 39
13 3
13 49
13 28
13 24
13 48
13 23
13 15
13 47
18
14 25
14 21
14 19
14 1
14 37
14 48
14 23
14 49
14 43
14 42
14 22
14 6
14 8
14 26
14 17
14 12
14 10
14 4
14
15 30
15 1
15 24
15 40
15 11
15 14
15 18
15 23
15 3
15 10
15 33
15 16
15 32
15 20
22
16 19
16 6
16 24
16 26
16 21
16 22
16 8
16 5
16 43
16 46
16 40
16 48
16 27
16 37
16 23
16 49
16 3
16 34
16 18
16 45
16 29
16 44
20
17 24
17 47
17 30
17 44
17 29
17 18
17 45
17 5
17 6
17 26
17 15
17 35
17 23
17 2
17 20
17 32
17 48
17 40
17 27
17 10
23
18 30
18 12
18 21
18 29
18 7
18 3
18 22
18 42
18 9
18 14
18 23
18 27
18 31
18 41
18 47
18 1
18 36
18 26
18 39
18 35
18 44
18 43
18 5
28
19 1
19 28
19 25
19 4
19 41
19 49
19 36
19 42
19 17
19 11
19 2
19 7
19 22
19 12
19 15
19 34
19 38
19 20
19 3
19 44
19 9
19 45
19 29
19 27
19 6
19 0
19 32
19 47
17
20 26
20 10
20 47
20 35
20 18
20 13
20 24
20 27
20 37
20 29
20 16
20 1
20 48
20 31
20 44
20 3
20 36
14
21 0
21 29
21 45
21 6
21 48
21 7
21 37
21 47
21 35
21 20
21 46
21 4
21 31
21 1
22
22 49
22 23
22 13
22 43
22 28
22 44
22 33
22 0
22 46
22 21
22 6
22 48
22 9
22 20
22 3
22 17
22 8
22 1
22 45
22 7
22 29
22 26
16
23 19
23 41
23 33
23 48
23 29
23 43
23 5
23 31
23 26
23 0
23 24
23 47
23 42
23 11
23 20
23 28
15
24 31
24 25
24 47
24 37
24 48
24 46
24 34
24 2
24 14
24 22
24 21
24 5
24 49
24 11
24 26
22
25 32
25 35
25 17
25 40
25 9
25 30
25 3
25 27
25 18
25 23
25 8
25 2
25 12
25 31
25 13
25 37
25 16
25 21
25 39
25 46
25 22
25 29
17
26 49
26 4
26 28
26 38
26 12
26 48
26 31
26 47
26 40
26 39
26 21
26 11
26 29
26 1
26 35
26 19
26 44
17
27 14
27 33
27 47
27 15
27 45
27 24
27 26
27 49
27 5
27 22
27 41
27 28
27 44
27 0
27 39
27 37
27 23
22
28 9
28 36
28 17
28 16
28 8
28 44
28 37
28 25
28 2
28 18
28 29
28 14
28 7
28 0
28 21
28 30
28 48
28 46
28 39
28 5
28 12
28 11
10
29 35
29 27
29 40
29 39
29 11
29 12
29 33
29 42
29 10
29 49
20
30 26
30 34
30 11
30 24
30 31
30 20
30 0
30 5
30 14
30 22
30 46
30 37
30 3
30 1
30 23
30 12
30 47
30 9
30 13
30 32
26
31 0
31 34
31 35
31 29
31 46
31 10
31 8
31 3
31 13
31 19
31 22
31 7
31 44
31 33
31 41
31 16
31 4
31 37
31 28
31 9
31 17
31 38
31 27
31 43
31 14
31 49
17
32 31
32 47
32 8
32 14
32 12
32 33
32 13
32 35
32 27
32 16
32 21
32 41
32 29
32 1
32 48
32 20
32 43
23
33 40
33 17
33 5
33 48
33 16
33 9
33 19
33 18
33 35
33 30
33 46
33 2
33 1
33 38
33 20
33 25
33 7
33 8
33 24
33 4
33 26
33 44
33 13
26
34 1
34 33
34 3
34 27
34 49
34 36
34 42
34 28
34 20
34 8
34 17
34 9
34 48
34 7
34 22
34 15
34 45
34 11
34 41
34 25
34 38
34 0
34 32
34 23
34 4
34 13
16
35 6
35 41
35 34
35 40
35 22
35 42
35 11
35 43
35 28
35 4
35 1
35 37
35 39
35 0
35 24
35 44
25
36 12
36 25
36 45
36 6
36 24
36 0
36 26
36 35
36 30
36 3
36 1
36 43
36 42
36 16
36 15
36 41
36 27
36 4
36 13
36 33
36 29
36 23
36 48
36 10
36 14
15
37 11
37 34
37 23
37 19
37 3
37 18
37 12
37 29
37 33
37 13
37 17
37 15
37 22
37 41
37 43
19
38 44
38 49
38 24
38 20
38 13
38 10
38 40
38 25
38 23
38 28
38 21
38 37
38 22
38 35
38 0
38 9
38 1
38 46
38 6
25
39 47
39 17
39 23
39 2
39 14
39 33
39 49
39 1
39 22
39 37
39 40
39 36
39 7
39 9
39 38
39 4
39 24
39 20
39 32
39 19
39 12
39 8
39 16
39 0
39 30
19
40 46
40 18
40 45
40 31
40 4
40 34
40 21
40 5
40 36
40 27
40 0
40 19
40 2
40 41
40 42
40 22
40 14
40 28
40 32
20
41 17
41 4
41 21
41 33
41 30
41 14
41 22
41 42
41 46
41 0
41 5
41 26
41 11
41 44
41 1
41 12
41 38
41 15
41 25
41 13
24
42 30
42 31
42 32
42 37
42 48
42 46
42 39
42 43
42 12
42 45
42 27
42 22
42 5
42 24
42 49
42 7
42 28
42 13
42 21
42 33
42 47
42 2
42 17
42 26
16
43 27
43 48
43 38
43 21
43 34
43 29
43 12
43 30
43 0
43 39
43 26
43 40
43 33
43 49
43 28
43 41
16
44 43
44 21
44 10
44 3
44 42
44 37
44 45
44 39
44 47
44 30
44 15
44 24
44 25
44 34
44 23
44 8
13
45 28
45 33
45 11
45 23
45 4
45 18
45 24
45 30
45 26
45 35
45 47
45 49
45 20
22
46 2
46 43
46 9
46 44
46 5
46 11
46 19
46 27
46 39
46 0
46 4
46 23
46 8
46 34
46 10
46 35
46 20
46 15
46 13
46 37
46 14
46 7
13
47 12
47 35
47 9
47 28
47 38
47 29
47 10
47 49
47 14
47 41
47 34
47 2
47 36
19
48 46
48 39
48 38
48 31
48 25
48 15
48 29
48 18
48 44
48 19
48 5
48 8
48 40
48 12
48 30
48 47
48 37
48 45
48 41
25
49 46
49 32
49 40
49 25
49 37
49 15
49 1
49 2
49 35
49 30
49 11
49 33
49 18
49 3
49 10
49 20
49 9
49 44
49 21
49 12
49 28
49 5
49 17
49 48
49 4
