50
0 "A6"
1 "A11"
2 "A25"
3 "A45"
4 "A34"
5 "A40"
6 "A27"
7 "A23"
8 "A26"
9 "A12"
10 "A5"
11 "A13"
12 "A46"
13 "A37"
14 "A18"
15 "A47"
16 "A21"
17 "A32"
18 "A33"
19 "A43"
20 "A22"
21 "A35"
22 "A31"
23 "A24"
24 "A41"
25 "A7"
26 "A17"
27 "A28"
28 "A8"
29 "A10"
30 "A39"
31 "A44"
32 "A49"
33 "A20"
34 "A4"
35 "A15"
36 "A48"
37 "A0"
38 "A42"
39 "A38"
40 "A29"
41 "A14"
42 "A9"
43 "A2"
44 "A30"
45 "A36"
46 "A3"
47 "A1"
48 "A16"
49 "A19"
12
0 34
0 18
0 40
0 11
0 46
0 28
0 21
0 29
0 43
0 1
0 10
0 45
22
1 25
1 17
1 11
1 13
1 42
1 38
1 37
1 16
1 47
1 44
1 39
1 29
1 35
1 33
1 26
1 23
1 31
1 4
1 48
1 24
1 10
1 21
20
2 29
2 45
2 17
2 3
2 22
2 11
2 12
2 8
2 39
2 31
2 32
2 35
2 47
2 15
2 4
2 49
2 36
2 26
2 7
2 38
23
3 1
3 49
3 18
3 12
3 4
3 41
3 29
3 21
3 11
3 5
3 8
3 25
3 0
3 34
3 37
3 40
3 10
3 36
3 24
3 45
3 13
3 43
3 23
20
4 29
4 9
4 0
4 22
4 40
4 44
4 47
4 38
4 6
4 39
4 26
4 37
4 41
4 23
4 48
4 12
4 14
4 43
4 24
4 25
17
5 0
5 19
5 14
5 1
5 10
5 15
5 24
5 20
5 49
5 25
5 33
5 44
5 13
5 43
5 6
5 38
5 40
19
6 32
6 29
6 8
6 42
6 3
6 33
6 20
6 9
6 10
6 2
6 46
6 31
6 15
6 47
6 18
6 35
6 24
6 1
6 39
22
7 19
7 47
7 4
7 17
7 43
7 24
7 38
7 30
7 41
7 6
7 3
7 11
7 23
7 37
7 39
7 9
7 48
7 32
7 40
7 31
7 1
7 22
21
8 16
8 38
8 23
8 18
8 29
8 35
8 37
8 5
8 4
8 24
8 40
8 0
8 7
8 48
8 43
8 47
8 44
8 45
8 33
8 39
8 10
19
9 14
9 34
9 32
9 15
9 33
9 19
9 24
9 41
9 5
9 22
9 35
9 1
9 16
9 43
9 23
9 28
9 44
9 11
9 27
20
10 24
10 12
10 9
10 18
10 32
10 38
10 22
10 33
10 13
10 36
10 35
10 47
10 11
10 21
10 26
10 4
10 7
10 30
10 23
10 48
16
11 39
11 14
11 6
11 15
11 5
11 18
11 32
11 35
11 8
11 48
11 47
11 26
11 43
11 21
11 49
11 19
22
12 39
12 37
12 25
12 5
12 34
12 22
12 0
12 1
12 20
12 19
12 17
12 36
12 7
12 32
12 13
12 11
12 49
12 9
12 8
12 6
12 47
12 24
19
13 2
13 45
13 24
13 0
13 26
13 25
13 6
13 8
13 17
13 31
13 35
13 32
13 21
13 9
13 41
13 40
13 36
13 20
13 28
26
14 20
14 42
14 34
14 26
14 12
14 46
14 25
14 16
14 38
14 19
14 35
14 30
14 31
14 28
14 13
14 45
14 43
14 47
14 8
14 17
14 15
14 2
14 3
14 7
14 6
14 24
20
15 8
15 47
15 48
15 45
15 13
15 46
15 25
15 27
15 0
15 4
15 41
15 3
15 36
15 7
15 30
15 44
15 26
15 34
15 40
15 43
22
16 2
16 44
16 43
16 35
16 27
16 31
16 40
16 7
16 45
16 4
16 10
16 30
16 42
16 5
16 33
16 37
16 15
16 21
16 19
16 20
16 6
16 13
22
17 41
17 36
17 45
17 35
17 0
17 44
17 43
17 22
17 48
17 46
17 10
17 8
17 49
17 30
17 6
17 3
17 5
17 47
17 37
17 40
17 11
17 31
22
18 28
18 14
18 4
18 17
18 9
18 41
18 1
18 44
18 36
18 30
18 24
18 7
18 40
18 48
18 43
18 34
18 29
18 32
18 47
18 22
18 33
18 13
18
19 42
19 6
19 26
19 1
19 43
19 4
19 20
19 28
19 33
19 41
19 15
19 2
19 3
19 22
19 0
19 49
19 8
19 35
21
20 39
20 27
20 8
20 0
20 30
20 35
20 43
20 2
20 24
20 21
20 1
20 23
20 18
20 22
20 7
20 36
20 41
20 4
20 10
20 3
20 17
22
21 27
21 34
21 4
21 38
21 33
21 22
21 7
21 30
21 19
21 29
21 17
21 23
21 46
21 2
21 14
21 6
21 15
21 26
21 47
21 32
21 5
21 9
18
22 3
22 24
22 25
22 44
22 27
22 8
22 33
22 1
22 14
22 28
22 43
22 11
22 23
22 46
22 36
22 15
22 6
22 31
19
23 16
23 38
23 47
23 33
23 24
23 17
23 32
23 0
23 6
23 11
23 14
23 42
23 40
23 15
23 27
23 29
23 49
23 43
23 34
14
24 25
24 21
24 19
24 15
24 17
24 48
24 41
24 47
24 42
24 40
24 36
24 38
24 39
24 45
19
25 19
25 21
25 49
25 0
25 18
25 27
25 7
25 36
25 6
25 23
25 29
25 2
25 28
25 34
25 9
25 46
25 10
25 8
25 11
23
26 40
26 24
26 44
26 31
26 33
26 23
26 42
26 16
26 34
26 9
26 27
26 7
26 22
26 39
26 49
26 25
26 28
26 18
26 36
26 47
26 12
26 20
26 8
21
27 13
27 36
27 3
27 1
27 34
27 44
27 47
27 2
27 4
27 12
27 24
27 5
27 30
27 48
27 42
27 0
27 18
27 10
27 8
27 43
27 6
17
28 16
28 23
28 4
28 8
28 20
28 1
28 24
28 3
28 36
28 15
28 47
28 42
28 38
28 45
28 21
28 7
28 12
17
29 16
29 46
29 5
29 41
29 47
29 14
29 17
29 13
29 28
29 27
29 7
29 22
29 10
29 9
29 32
29 31
29 20
20
30 4
30 26
30 44
30 19
30 11
30 12
30 24
30 33
30 23
30 5
30 22
30 3
30 31
30 6
30 1
30 43
30 9
30 28
30 49
30 2
15
31 8
31 43
31 11
31 18
31 27
31 9
31 21
31 0
31 46
31 15
31 23
31 20
31 10
31 12
31 37
19
32 14
32 33
32 30
32 46
32 37
32 41
32 22
32 5
32 24
32 8
32 31
32 19
32 15
32 38
32 1
32 25
32 0
32 49
32 27
18
33 35
33 47
33 34
33 48
33 36
33 11
33 42
33 29
33 27
33 15
33 4
33 28
33 40
33 43
33 44
33 24
33 0
33 3
19
34 44
34 22
34 28
34 6
34 39
34 43
34 16
34 30
34 13
34 20
34 1
34 47
34 2
34 7
34 37
34 48
34 5
34 10
34 17
20
35 7
35 4
35 31
35 29
35 21
35 30
35 37
35 27
35 24
35 44
35 25
35 49
35 32
35 48
35 15
35 18
35 42
35 12
35 43
35 3
22
36 0
36 19
36 41
36 42
36 11
36 6
36 9
36 23
36 39
36 29
36 8
36 38
36 35
36 7
36 43
36 31
36 34
36 14
36 21
36 30
36 45
36 47
24
37 11
37 47
37 23
37 27
37 46
37 39
37 13
37 18
37 44
37 36
37 33
37 5
37 2
37 42
37 30
37 28
37 19
37 20
37 25
37 15
37 45
37 6
37 10
37 38
17
38 42
38 33
38 27
38 6
38 22
38 49
38 17
38 15
38 35
38 18
38 25
38 13
38 45
38 29
38 9
38 3
38 20
16
39 14
39 22
39 10
39 27
39 25
39 9
39 43
39 17
39 13
39 30
39 31
39 3
39 23
39 33
39 5
39 44
21
40 49
40 38
40 12
40 6
40 42
40 11
40 30
40 10
40 21
40 27
40 20
40 34
40 1
40 25
40 36
40 37
40 48
40 39
40 31
40 46
40 35
19
41 27
41 39
41 12
41 1
41 6
41 23
41 10
41 5
41 37
41 38
41 21
41 2
41 28
41 11
41 43
41 22
41 46
41 31
41 26
20
42 45
42 10
42 21
42 30
42 11
42 31
42 32
42 15
42 29
42 39
42 2
42 0
42 4
42 41
42 5
42 13
42 20
42 12
42 7
42 22
13
43 42
43 1
43 28
43 29
43 26
43 48
43 12
43 2
43 40
43 6
43 38
43 49
43 24
19
44 28
44 13
44 20
44 12
44 24
44 25
44 21
44 36
44 6
44 11
44 3
44 47
44 10
44 40
44 38
44 45
44 14
44 46
44 42
19
45 40
45 20
45 34
45 12
45 35
45 26
45 9
45 27
45 29
45 19
45 11
45 23
45 30
45 31
45 7
45 4
45 10
45 1
45 47
24
46 8
46 35
46 3
46 23
46 26
46 43
46 12
46 36
46 13
46 11
46 7
46 4
46 1
46 39
46 48
46 2
46 30
46 27
46 45
46 5
46 42
46 49
46 18
46 38
16
47 48
47 5
47 39
47 31
47 25
47 41
47 22
47 46
47 49
47 43
47 16
47 13
47 3
47 42
47 20
47 9
22
48 9
48 49
48 12
48 21
48 14
48 44
48 22
48 3
48 39
48 37
48 45
48 26
48 31
48 6
48 28
48 42
48 38
48 5
48 20
48 29
48 32
48 2
24
49 9
49 6
49 45
49 31
49 0
49 7
49 39
49 34
49 13
49 36
49 14
49 44
49 4
49 18
49 22
49 8
49 24
49 21
49 20
49 37
49 16
49 41
49 15
49 29
