50
0 "A15"
1 "A41"
2 "A46"
3 "A34"
4 "A4"
5 "A31"
6 "A47"
7 "A10"
8 "A11"
9 "A6"
10 "A29"
11 "A37"
12 "A23"
13 "A43"
14 "A9"
15 "A32"
16 "A25"
17 "A8"
18 "A28"
19 "A30"
20 "A45"
21 "A33"
22 "A35"
23 "A3"
24 "A12"
25 "A44"
26 "A26"
27 "A22"
28 "A39"
29 "A48"
30 "A14"
31 "A38"
32 "A27"
33 "A5"
34 "A2"
35 "A16"
36 "A49"
37 "A1"
38 "A42"
39 "A40"
40 "A21"
41 "A18"
42 "A7"
43 "A17"
44 "A13"
45 "A0"
46 "A20"
47 "A24"
48 "A19"
49 "A36"
19
0 35
0 1
0 41
0 30
0 25
0 45
0 14
0 43
0 18
0 34
0 31
0 5
0 2
0 37
0 28
0 23
0 20
0 22
0 33
16
1 41
1 33
1 25
1 21
1 45
1 22
1 29
1 17
1 6
1 23
1 46
1 31
1 9
1 13
1 24
1 48
19
2 5
2 17
2 10
2 49
2 18
2 35
2 41
2 43
2 47
2 32
2 40
2 24
2 27
2 36
2 37
2 20
2 42
2 22
2 9
22
3 47
3 1
3 43
3 7
3 17
3 34
3 4
3 2
3 28
3 49
3 15
3 0
3 10
3 27
3 36
3 46
3 40
3 12
3 19
3 39
3 16
3 5
22
4 43
4 25
4 46
4 36
4 39
4 19
4 42
4 20
4 2
4 45
4 21
4 7
4 14
4 8
4 38
4 31
4 48
4 49
4 0
4 17
4 35
4 41
18
5 33
5 42
5 4
5 27
5 31
5 8
5 28
5 16
5 11
5 19
5 46
5 26
5 9
5 35
5 1
5 12
5 41
5 14
18
6 37
6 0
6 29
6 21
6 48
6 35
6 36
6 23
6 34
6 2
6 24
6 5
6 46
6 3
6 40
6 4
6 32
6 38
14
7 1
7 21
7 25
7 40
7 22
7 18
7 5
7 15
7 11
7 34
7 0
7 24
7 32
7 10
19
8 9
8 20
8 24
8 30
8 42
8 39
8 12
8 14
8 11
8 7
8 26
8 47
8 36
8 31
8 23
8 16
8 2
8 1
8 0
21
9 46
9 0
9 43
9 20
9 34
9 17
9 27
9 22
9 7
9 21
9 36
9 12
9 32
9 4
9 47
9 49
9 23
9 41
9 38
9 29
9 6
20
10 36
10 30
10 27
10 48
10 6
10 0
10 19
10 20
10 1
10 12
10 33
10 5
10 34
10 14
10 4
10 35
10 44
10 18
10 46
10 32
17
11 1
11 40
11 46
11 43
11 39
11 20
11 28
11 2
11 24
11 35
11 3
11 6
11 10
11 29
11 37
11 47
11 9
19
12 40
12 19
12 45
12 27
12 1
12 11
12 34
12 4
12 31
12 28
12 42
12 25
12 17
12 37
12 2
12 29
12 23
12 7
12 15
20
13 15
13 19
13 25
13 20
13 0
13 29
13 40
13 7
13 38
13 6
13 12
13 27
13 8
13 23
13 4
13 9
13 42
13 21
13 26
13 32
20
14 13
14 40
14 3
14 15
14 28
14 37
14 7
14 36
14 6
14 30
14 16
14 31
14 24
14 9
14 44
14 23
14 32
14 12
14 29
14 25
24
15 48
15 34
15 47
15 8
15 0
15 1
15 39
15 9
15 28
15 5
15 31
15 38
15 42
15 11
15 26
15 19
15 33
15 2
15 45
15 24
15 35
15 18
15 40
15 10
20
16 32
16 10
16 28
16 22
16 20
16 41
16 44
16 19
16 43
16 23
16 42
16 49
16 33
16 26
16 39
16 40
16 24
16 4
16 34
16 37
18
17 16
17 6
17 26
17 18
17 10
17 20
17 38
17 42
17 5
17 8
17 7
17 47
17 22
17 46
17 44
17 11
17 43
17 28
20
18 6
18 44
18 31
18 4
18 40
18 38
18 45
18 24
18 23
18 9
18 20
18 16
18 43
18 8
18 30
18 48
18 12
18 11
18 5
18 13
15
19 1
19 27
19 6
19 40
19 11
19 29
19 18
19 45
19 2
19 48
19 17
19 7
19 49
19 14
19 0
15
20 34
20 26
20 43
20 46
20 7
20 22
20 37
20 14
20 19
20 32
20 24
20 12
20 25
20 36
20 38
19
21 19
21 15
21 14
21 33
21 43
21 38
21 8
21 46
21 27
21 48
21 40
21 2
21 18
21 22
21 17
21 23
21 11
21 20
21 30
26
22 13
22 10
22 49
22 27
22 47
22 24
22 37
22 5
22 45
22 29
22 32
22 30
22 38
22 44
22 3
22 25
22 12
22 34
22 11
22 31
22 19
22 4
22 42
22 41
22 39
22 43
19
23 22
23 47
23 45
23 7
23 19
23 36
23 17
23 11
23 24
23 29
23 20
23 35
23 25
23 3
23 5
23 39
23 4
23 40
23 38
21
24 45
24 40
24 9
24 19
24 26
24 46
24 13
24 4
24 17
24 3
24 49
24 47
24 27
24 32
24 42
24 44
24 12
24 30
24 39
24 37
24 21
23
25 39
25 33
25 35
25 18
25 15
25 40
25 11
25 41
25 8
25 16
25 3
25 10
25 19
25 6
25 9
25 5
25 42
25 21
25 27
25 46
25 36
25 30
25 2
20
26 37
26 25
26 47
26 2
26 22
26 21
26 10
26 0
26 9
26 34
26 28
26 46
26 48
26 41
26 23
26 40
26 18
26 43
26 38
26 7
20
27 15
27 28
27 47
27 4
27 39
27 20
27 23
27 8
27 7
27 6
27 26
27 37
27 16
27 34
27 0
27 36
27 41
27 31
27 1
27 17
22
28 13
28 19
28 25
28 38
28 6
28 33
28 31
28 22
28 42
28 37
28 1
28 35
28 43
28 4
28 46
28 2
28 40
28 7
28 36
28 10
28 30
28 20
23
29 36
29 16
29 0
29 32
29 7
29 27
29 8
29 26
29 28
29 17
29 2
29 30
29 48
29 33
29 5
29 24
29 4
29 10
29 49
29 18
29 35
29 20
29 38
23
30 48
30 13
30 26
30 35
30 40
30 19
30 41
30 1
30 34
30 6
30 33
30 39
30 42
30 27
30 15
30 9
30 12
30 17
30 4
30 23
30 47
30 3
30 2
17
31 24
31 16
31 44
31 33
31 25
31 2
31 36
31 23
31 37
31 3
31 11
31 46
31 39
31 10
31 41
31 17
31 13
19
32 31
32 30
32 21
32 15
32 5
32 27
32 35
32 25
32 4
32 41
32 12
32 11
32 3
32 28
32 42
32 34
32 49
32 19
32 26
28
33 41
33 37
33 8
33 12
33 40
33 47
33 17
33 3
33 49
33 11
33 27
33 22
33 32
33 45
33 18
33 19
33 7
33 9
33 43
33 26
33 20
33 35
33 13
33 36
33 24
33 14
33 23
33 4
20
34 2
34 33
34 1
34 44
34 18
34 24
34 37
34 4
34 17
34 38
34 25
34 14
34 8
34 42
34 36
34 31
34 46
34 13
34 5
34 11
19
35 21
35 41
35 44
35 20
35 24
35 17
35 27
35 1
35 8
35 22
35 34
35 18
35 16
35 3
35 42
35 48
35 26
35 13
35 14
17
36 35
36 46
36 17
36 13
36 12
36 15
36 21
36 48
36 7
36 41
36 49
36 43
36 30
36 47
36 1
36 22
36 19
16
37 39
37 3
37 35
37 44
37 18
37 21
37 1
37 25
37 32
37 10
37 41
37 8
37 23
37 7
37 45
37 9
24
38 19
38 33
38 49
38 41
38 2
38 14
38 36
38 3
38 10
38 8
38 42
38 12
38 35
38 1
38 0
38 25
38 7
38 45
38 5
38 32
38 27
38 16
38 43
38 44
20
39 38
39 0
39 7
39 17
39 18
39 33
39 26
39 36
39 19
39 49
39 1
39 20
39 13
39 48
39 2
39 10
39 47
39 12
39 35
39 9
16
40 44
40 9
40 32
40 45
40 35
40 10
40 37
40 0
40 48
40 34
40 49
40 5
40 38
40 27
40 29
40 1
16
41 40
41 10
41 15
41 24
41 3
41 18
41 34
41 45
41 19
41 39
41 42
41 47
41 7
41 12
41 43
41 8
24
42 14
42 11
42 45
42 26
42 47
42 37
42 21
42 3
42 19
42 39
42 23
42 40
42 31
42 46
42 33
42 18
42 10
42 49
42 27
42 7
42 36
42 0
42 9
42 1
17
43 46
43 47
43 19
43 8
43 7
43 31
43 39
43 15
43 25
43 37
43 10
43 29
43 27
43 1
43 5
43 24
43 32
21
44 41
44 7
44 15
44 39
44 23
44 49
44 27
44 26
44 30
44 36
44 8
44 9
44 32
44 21
44 29
44 13
44 5
44 4
44 46
44 6
44 42
17
45 46
45 30
45 43
45 47
45 17
45 14
45 8
45 36
45 31
45 3
45 49
45 26
45 29
45 39
45 6
45 11
45 25
12
46 18
46 39
46 0
46 13
46 35
46 7
46 29
46 40
46 38
46 8
46 41
46 2
22
47 38
47 34
47 21
47 37
47 16
47 35
47 13
47 25
47 32
47 18
47 46
47 12
47 6
47 20
47 10
47 0
47 1
47 5
47 31
47 44
47 19
47 40
25
48 13
48 24
48 33
48 44
48 22
48 11
48 2
48 45
48 34
48 20
48 38
48 46
48 7
48 37
48 14
48 42
48 43
48 12
48 41
48 3
48 25
48 17
48 8
48 23
48 27
18
49 34
49 37
49 41
49 0
49 31
49 1
49 48
49 26
49 5
49 35
49 18
49 7
49 27
49 25
49 12
49 10
49 20
49 15
