50
0 "A15"
1 "A41"
2 "A46"
3 "A34"
4 "A4"
5 "A31"
6 "A47"
7 "A10"
8 "A11"
9 "A6"
10 "A29"
11 "A37"
12 "A23"
13 "A43"
14 "A9"
15 "A32"
16 "A25"
17 "A8"
18 "A28"
19 "A30"
20 "A45"
21 "A33"
22 "A35"
23 "A3"
24 "A12"
25 "A44"
26 "A26"
27 "A22"
28 "A39"
29 "A48"
30 "A14"
31 "A38"
32 "A27"
33 "A5"
34 "A2"
35 "A16"
36 "A49"
37 "A1"
38 "A42"
39 "A40"
40 "A21"
41 "A18"
42 "A7"
43 "A17"
44 "A13"
45 "A0"
46 "A20"
47 "A24"
48 "A19"
49 "A36"
17
0 4
0 11
0 34
0 9
0 26
0 17
0 47
0 41
0 13
0 20
0 12
0 40
0 14
0 25
0 27
0 39
0 37
21
1 45
1 25
1 28
1 12
1 10
1 31
1 20
1 16
1 39
1 6
1 17
1 27
1 43
1 21
1 37
1 9
1 32
1 5
1 44
1 2
1 49
25
2 31
2 45
2 13
2 20
2 44
2 27
2 7
2 15
2 34
2 11
2 0
2 10
2 6
2 49
2 21
2 39
2 42
2 9
2 25
2 22
2 4
2 23
2 8
2 47
2 19
22
3 1
3 5
3 16
3 36
3 21
3 33
3 9
3 0
3 27
3 15
3 34
3 14
3 7
3 42
3 17
3 24
3 23
3 4
3 32
3 25
3 6
3 11
22
4 28
4 39
4 40
4 45
4 36
4 41
4 18
4 35
4 48
4 8
4 34
4 17
4 22
4 6
4 11
4 42
4 7
4 31
4 30
4 13
4 15
4 38
21
5 27
5 49
5 18
5 14
5 39
5 13
5 8
5 4
5 20
5 17
5 37
5 43
5 21
5 35
5 26
5 9
5 30
5 22
5 34
5 16
5 0
20
6 33
6 46
6 45
6 0
6 29
6 7
6 28
6 40
6 43
6 17
6 8
6 27
6 36
6 24
6 26
6 11
6 47
6 5
6 12
6 15
27
7 25
7 32
7 46
7 11
7 26
7 35
7 21
7 31
7 38
7 33
7 40
7 9
7 37
7 14
7 1
7 16
7 28
7 49
7 34
7 8
7 0
7 23
7 12
7 48
7 5
7 15
7 30
17
8 33
8 0
8 47
8 20
8 14
8 48
8 22
8 27
8 25
8 1
8 31
8 29
8 38
8 24
8 9
8 34
8 40
16
9 26
9 33
9 32
9 4
9 30
9 43
9 16
9 35
9 18
9 11
9 22
9 6
9 39
9 41
9 28
9 20
23
10 0
10 15
10 48
10 23
10 7
10 14
10 8
10 43
10 32
10 19
10 46
10 25
10 49
10 5
10 36
10 28
10 11
10 22
10 44
10 12
10 40
10 34
10 3
20
11 43
11 34
11 38
11 31
11 20
11 46
11 1
11 36
11 37
11 42
11 32
11 12
11 22
11 27
11 13
11 17
11 16
11 25
11 45
11 30
20
12 8
12 49
12 30
12 22
12 21
12 39
12 38
12 9
12 2
12 34
12 36
12 32
12 16
12 3
12 42
12 17
12 29
12 15
12 25
12 27
18
13 37
13 42
13 44
13 47
13 38
13 3
13 31
13 34
13 16
13 18
13 15
13 12
13 6
13 26
13 24
13 27
13 32
13 35
26
14 2
14 6
14 15
14 31
14 35
14 38
14 22
14 46
14 19
14 21
14 20
14 45
14 28
14 36
14 13
14 4
14 1
14 18
14 41
14 11
14 26
14 39
14 9
14 23
14 25
14 27
19
15 11
15 8
15 26
15 5
15 9
15 0
15 21
15 20
15 47
15 43
15 44
15 28
15 38
15 41
15 33
15 22
15 39
15 25
15 32
11
16 14
16 42
16 33
16 4
16 2
16 36
16 40
16 32
16 15
16 45
16 24
17
17 31
17 22
17 13
17 16
17 28
17 49
17 40
17 10
17 9
17 43
17 2
17 37
17 44
17 15
17 46
17 23
17 14
15
18 8
18 6
18 0
18 22
18 35
18 17
18 3
18 29
18 24
18 10
18 40
18 28
18 15
18 34
18 12
24
19 38
19 13
19 36
19 11
19 45
19 44
19 48
19 34
19 5
19 21
19 31
19 27
19 41
19 7
19 25
19 33
19 8
19 4
19 15
19 29
19 3
19 9
19 40
19 6
17
20 12
20 39
20 40
20 17
20 34
20 19
20 23
20 7
20 16
20 45
20 22
20 3
20 24
20 36
20 44
20 43
20 4
18
21 31
21 4
21 36
21 13
21 18
21 44
21 0
21 32
21 11
21 38
21 16
21 39
21 6
21 17
21 9
21 20
21 45
21 30
16
22 16
22 31
22 42
22 36
22 27
22 21
22 6
22 33
22 19
22 7
22 13
22 48
22 44
22 46
22 3
22 47
26
23 26
23 13
23 11
23 34
23 39
23 19
23 27
23 44
23 29
23 48
23 15
23 36
23 6
23 43
23 37
23 22
23 24
23 33
23 0
23 18
23 12
23 16
23 28
23 40
23 49
23 21
23
24 10
24 4
24 25
24 19
24 31
24 5
24 1
24 9
24 29
24 26
24 45
24 48
24 11
24 15
24 14
24 39
24 44
24 0
24 22
24 27
24 36
24 2
24 7
18
25 21
25 28
25 5
25 6
25 32
25 49
25 38
25 17
25 41
25 13
25 20
25 23
25 30
25 39
25 37
25 18
25 35
25 43
19
26 42
26 12
26 2
26 4
26 41
26 34
26 19
26 28
26 27
26 45
26 21
26 8
26 32
26 20
26 1
26 25
26 16
26 48
26 44
17
27 16
27 15
27 48
27 36
27 33
27 49
27 47
27 29
27 28
27 20
27 44
27 38
27 34
27 25
27 17
27 21
27 45
18
28 2
28 13
28 31
28 12
28 37
28 47
28 24
28 48
28 5
28 30
28 3
28 36
28 21
28 11
28 35
28 46
28 8
28 29
25
29 5
29 40
29 0
29 44
29 31
29 17
29 46
29 4
29 11
29 1
29 2
29 3
29 37
29 9
29 30
29 34
29 26
29 22
29 41
29 13
29 21
29 43
29 49
29 16
29 25
25
30 39
30 20
30 33
30 32
30 23
30 18
30 40
30 42
30 0
30 16
30 1
30 35
30 13
30 17
30 34
30 19
30 22
30 15
30 27
30 44
30 8
30 3
30 14
30 2
30 26
17
31 32
31 18
31 37
31 12
31 5
31 41
31 33
31 30
31 48
31 25
31 9
31 40
31 6
31 34
31 3
31 46
31 16
12
32 6
32 27
32 29
32 8
32 48
32 28
32 24
32 18
32 22
32 0
32 14
32 5
19
33 32
33 13
33 2
33 20
33 0
33 4
33 1
33 18
33 26
33 14
33 40
33 29
33 12
33 47
33 10
33 46
33 38
33 25
33 45
18
34 14
34 6
34 1
34 17
34 42
34 24
34 25
34 21
34 36
34 44
34 15
34 49
34 47
34 32
34 37
34 41
34 45
34 38
21
35 34
35 16
35 24
35 3
35 10
35 32
35 42
35 20
35 19
35 29
35 6
35 44
35 2
35 26
35 17
35 11
35 22
35 49
35 31
35 46
35 23
20
36 43
36 7
36 38
36 18
36 41
36 26
36 42
36 29
36 15
36 31
36 8
36 40
36 49
36 35
36 30
36 33
36 2
36 5
36 17
36 9
26
37 22
37 27
37 43
37 4
37 35
37 40
37 21
37 19
37 33
37 6
37 12
37 14
37 18
37 30
37 16
37 10
37 36
37 9
37 20
37 49
37 15
37 26
37 32
37 8
37 24
37 3
18
38 17
38 46
38 44
38 48
38 3
38 1
38 22
38 37
38 5
38 35
38 49
38 26
38 24
38 6
38 0
38 29
38 31
38 43
14
39 17
39 49
39 19
39 32
39 38
39 43
39 10
39 29
39 8
39 13
39 27
39 6
39 35
39 45
13
40 41
40 3
40 1
40 42
40 12
40 2
40 35
40 38
40 22
40 27
40 26
40 32
40 11
19
41 7
41 24
41 38
41 39
41 43
41 37
41 5
41 3
41 17
41 13
41 10
41 22
41 18
41 11
41 32
41 12
41 30
41 49
41 1
20
42 14
42 33
42 15
42 6
42 27
42 19
42 9
42 47
42 44
42 5
42 37
42 7
42 29
42 0
42 49
42 38
42 24
42 23
42 20
42 21
20
43 28
43 34
43 26
43 31
43 18
43 40
43 32
43 24
43 33
43 30
43 35
43 42
43 21
43 16
43 48
43 2
43 22
43 3
43 45
43 14
15
44 9
44 14
44 25
44 0
44 41
44 39
44 40
44 5
44 6
44 12
44 16
44 36
44 49
44 18
44 46
23
45 13
45 18
45 32
45 17
45 35
45 0
45 36
45 31
45 15
45 9
45 38
45 25
45 5
45 8
45 12
45 7
45 28
45 47
45 44
45 40
45 37
45 46
45 30
18
46 13
46 36
46 8
46 1
46 16
46 41
46 40
46 19
46 30
46 5
46 25
46 3
46 32
46 9
46 4
46 12
46 20
46 39
23
47 32
47 39
47 1
47 20
47 29
47 18
47 10
47 31
47 40
47 23
47 46
47 37
47 21
47 14
47 43
47 36
47 16
47 11
47 38
47 41
47 30
47 19
47 48
23
48 12
48 14
48 16
48 15
48 37
48 41
48 46
48 49
48 13
48 25
48 18
48 42
48 21
48 11
48 17
48 35
48 39
48 36
48 29
48 2
48 45
48 0
48 1
18
49 15
49 30
49 6
49 28
49 43
49 24
49 47
49 14
49 22
49 21
49 40
49 16
49 32
49 3
49 19
49 31
49 26
49 20
