50
0 "A15"
1 "A41"
2 "A46"
3 "A34"
4 "A4"
5 "A31"
6 "A47"
7 "A10"
8 "A11"
9 "A6"
10 "A29"
11 "A37"
12 "A23"
13 "A43"
14 "A9"
15 "A32"
16 "A25"
17 "A8"
18 "A28"
19 "A30"
20 "A45"
21 "A33"
22 "A35"
23 "A3"
24 "A12"
25 "A44"
26 "A26"
27 "A22"
28 "A39"
29 "A48"
30 "A14"
31 "A38"
32 "A27"
33 "A5"
34 "A2"
35 "A16"
36 "A49"
37 "A1"
38 "A42"
39 "A40"
40 "A21"
41 "A18"
42 "A7"
43 "A17"
44 "A13"
45 "A0"
46 "A20"
47 "A24"
48 "A19"
49 "A36"
20
0 42
0 12
0 8
0 3
0 27
0 20
0 41
0 31
0 34
0 23
0 19
0 40
0 7
0 36
0 2
0 35
0 5
0 30
0 48
0 17
19
1 49
1 16
1 20
1 24
1 17
1 45
1 25
1 38
1 12
1 37
1 7
1 26
1 32
1 0
1 47
1 22
1 40
1 48
1 19
20
2 28
2 47
2 39
2 18
2 27
2 17
2 29
2 32
2 3
2 22
2 37
2 34
2 9
2 31
2 16
2 45
2 5
2 35
2 19
2 12
15
3 47
3 44
3 41
3 9
3 8
3 37
3 31
3 28
3 14
3 13
3 27
3 5
3 48
3 49
3 7
17
4 31
4 22
4 10
4 41
4 46
4 35
4 34
4 26
4 44
4 38
4 40
4 30
4 20
4 45
4 24
4 25
4 28
16
5 4
5 40
5 6
5 17
5 10
5 33
5 26
5 27
5 47
5 13
5 31
5 42
5 1
5 16
5 19
5 22
19
6 29
6 28
6 46
6 21
6 4
6 14
6 17
6 47
6 0
6 11
6 24
6 48
6 3
6 32
6 49
6 26
6 16
6 1
6 45
18
7 17
7 40
7 2
7 13
7 4
7 5
7 21
7 26
7 44
7 29
7 37
7 12
7 47
7 20
7 36
7 6
7 32
7 46
18
8 24
8 48
8 39
8 14
8 20
8 29
8 38
8 41
8 40
8 42
8 44
8 32
8 21
8 43
8 47
8 4
8 33
8 7
24
9 7
9 12
9 30
9 11
9 22
9 41
9 26
9 35
9 24
9 16
9 46
9 39
9 33
9 32
9 43
9 23
9 18
9 27
9 0
9 8
9 5
9 25
9 37
9 6
18
10 26
10 32
10 14
10 13
10 49
10 11
10 0
10 1
10 34
10 46
10 18
10 44
10 42
10 3
10 33
10 8
10 36
10 43
17
11 18
11 37
11 27
11 7
11 21
11 16
11 2
11 3
11 8
11 0
11 30
11 49
11 1
11 42
11 22
11 4
11 32
18
12 39
12 30
12 22
12 49
12 26
12 8
12 27
12 48
12 40
12 34
12 11
12 33
12 5
12 47
12 32
12 17
12 21
12 38
17
13 47
13 34
13 48
13 33
13 17
13 36
13 16
13 11
13 46
13 0
13 32
13 24
13 8
13 6
13 2
13 45
13 1
27
14 21
14 46
14 2
14 15
14 39
14 0
14 9
14 24
14 45
14 18
14 16
14 26
14 25
14 40
14 4
14 41
14 38
14 35
14 47
14 33
14 23
14 28
14 43
14 37
14 44
14 5
14 20
20
15 11
15 10
15 17
15 30
15 12
15 2
15 31
15 39
15 32
15 16
15 24
15 8
15 34
15 0
15 9
15 46
15 35
15 23
15 43
15 6
19
16 24
16 0
16 43
16 8
16 23
16 30
16 35
16 28
16 45
16 46
16 10
16 38
16 44
16 27
16 25
16 7
16 32
16 36
16 4
16
17 20
17 33
17 24
17 4
17 36
17 42
17 28
17 39
17 40
17 9
17 14
17 10
17 44
17 41
17 38
17 16
23
18 30
18 49
18 13
18 7
18 25
18 24
18 6
18 40
18 8
18 46
18 15
18 0
18 5
18 19
18 28
18 3
18 4
18 1
18 29
18 12
18 35
18 27
18 41
22
19 10
19 30
19 35
19 40
19 17
19 13
19 3
19 48
19 33
19 45
19 7
19 6
19 41
19 11
19 25
19 15
19 21
19 12
19 8
19 9
19 27
19 38
17
20 13
20 41
20 2
20 44
20 25
20 16
20 35
20 23
20 45
20 26
20 11
20 3
20 31
20 9
20 19
20 10
20 18
20
21 35
21 33
21 13
21 16
21 0
21 32
21 34
21 49
21 4
21 30
21 47
21 20
21 41
21 5
21 36
21 18
21 1
21 2
21 10
21 9
22
22 16
22 35
22 8
22 37
22 7
22 17
22 46
22 25
22 33
22 32
22 3
22 19
22 47
22 49
22 38
22 39
22 44
22 15
22 26
22 18
22 48
22 34
15
23 30
23 1
23 44
23 39
23 40
23 36
23 25
23 28
23 22
23 7
23 11
23 6
23 4
23 19
23 35
21
24 49
24 5
24 47
24 7
24 48
24 10
24 34
24 37
24 12
24 33
24 19
24 11
24 21
24 0
24 25
24 42
24 22
24 31
24 43
24 20
24 44
20
25 37
25 36
25 11
25 43
25 10
25 32
25 49
25 17
25 12
25 44
25 21
25 3
25 40
25 2
25 5
25 7
25 48
25 39
25 13
25 41
18
26 40
26 43
26 37
26 21
26 45
26 34
26 42
26 27
26 18
26 38
26 24
26 49
26 16
26 8
26 2
26 15
26 11
26 23
22
27 47
27 15
27 39
27 7
27 10
27 48
27 13
27 17
27 41
27 23
27 24
27 36
27 4
27 25
27 22
27 34
27 21
27 38
27 49
27 14
27 8
27 35
26
28 10
28 49
28 21
28 5
28 8
28 46
28 13
28 33
28 30
28 15
28 27
28 19
28 26
28 29
28 45
28 47
28 12
28 34
28 9
28 40
28 42
28 20
28 0
28 22
28 1
28 35
28
29 10
29 25
29 35
29 19
29 26
29 22
29 31
29 16
29 27
29 12
29 5
29 39
29 4
29 48
29 14
29 37
29 41
29 46
29 23
29 38
29 13
29 21
29 3
29 17
29 34
29 20
29 49
29 9
25
30 42
30 44
30 31
30 34
30 26
30 29
30 7
30 6
30 27
30 8
30 45
30 41
30 20
30 25
30 24
30 43
30 13
30 10
30 35
30 33
30 2
30 40
30 3
30 22
30 48
13
31 27
31 19
31 44
31 11
31 12
31 7
31 16
31 6
31 32
31 8
31 21
31 28
31 33
20
32 5
32 30
32 20
32 0
32 4
32 23
32 48
32 3
32 49
32 27
32 17
32 38
32 33
32 44
32 19
32 18
32 43
32 40
32 26
32 47
21
33 3
33 1
33 7
33 15
33 29
33 0
33 26
33 35
33 41
33 6
33 2
33 43
33 34
33 23
33 4
33 47
33 40
33 11
33 45
33 39
33 20
15
34 19
34 1
34 17
34 37
34 41
34 5
34 32
34 38
34 9
34 6
34 7
34 3
34 23
34 16
34 11
18
35 49
35 39
35 1
35 12
35 7
35 43
35 34
35 45
35 26
35 42
35 10
35 8
35 31
35 41
35 47
35 32
35 44
35 24
18
36 34
36 41
36 20
36 9
36 44
36 38
36 37
36 2
36 39
36 26
36 19
36 14
36 22
36 47
36 32
36 5
36 12
36 15
16
37 18
37 0
37 35
37 16
37 13
37 12
37 28
37 27
37 15
37 4
37 31
37 19
37 44
37 17
37 32
37 6
25
38 6
38 31
38 13
38 35
38 23
38 7
38 11
38 18
38 2
38 49
38 5
38 10
38 20
38 28
38 25
38 30
38 24
38 3
38 0
38 48
38 41
38 43
38 33
38 46
38 15
25
39 40
39 16
39 3
39 44
39 26
39 1
39 47
39 24
39 34
39 19
39 0
39 46
39 21
39 10
39 13
39 43
39 20
39 38
39 31
39 6
39 30
39 42
39 11
39 37
39 48
19
40 24
40 41
40 11
40 35
40 27
40 2
40 48
40 16
40 22
40 49
40 10
40 29
40 46
40 3
40 15
40 38
40 13
40 20
40 34
19
41 11
41 44
41 39
41 31
41 7
41 37
41 15
41 32
41 1
41 47
41 22
41 6
41 45
41 49
41 12
41 26
41 24
41 13
41 2
26
42 47
42 45
42 37
42 14
42 33
42 43
42 15
42 27
42 3
42 31
42 40
42 19
42 4
42 9
42 44
42 49
42 2
42 22
42 7
42 29
42 1
42 34
42 21
42 13
42 25
42 41
22
43 3
43 20
43 22
43 5
43 46
43 18
43 37
43 45
43 31
43 27
43 6
43 17
43 11
43 41
43 40
43 36
43 13
43 28
43 12
43 47
43 1
43 29
19
44 27
44 26
44 21
44 40
44 6
44 49
44 34
44 1
44 48
44 33
44 2
44 12
44 11
44 5
44 13
44 38
44 19
44 29
44 18
20
45 44
45 15
45 31
45 32
45 8
45 7
45 36
45 40
45 3
45 12
45 46
45 21
45 38
45 10
45 0
45 24
45 22
45 18
45 34
45 11
16
46 8
46 20
46 41
46 17
46 32
46 35
46 25
46 26
46 3
46 37
46 21
46 12
46 5
46 48
46 34
46 0
13
47 29
47 4
47 23
47 17
47 15
47 26
47 25
47 45
47 10
47 30
47 37
47 9
47 0
16
48 16
48 5
48 9
48 47
48 26
48 45
48 43
48 2
48 23
48 14
48 41
48 10
48 17
48 35
48 11
48 31
22
49 20
49 9
49 46
49 0
49 37
49 8
49 34
49 14
49 16
49 43
49 13
49 30
49 23
49 17
49 15
49 2
49 4
49 39
49 45
49 33
49 31
49 47
