50
0 "A15"
1 "A41"
2 "A46"
3 "A34"
4 "A4"
5 "A31"
6 "A47"
7 "A10"
8 "A11"
9 "A6"
10 "A29"
11 "A37"
12 "A23"
13 "A43"
14 "A9"
15 "A32"
16 "A25"
17 "A8"
18 "A28"
19 "A30"
20 "A45"
21 "A33"
22 "A35"
23 "A3"
24 "A12"
25 "A44"
26 "A26"
27 "A22"
28 "A39"
29 "A48"
30 "A14"
31 "A38"
32 "A27"
33 "A5"
34 "A2"
35 "A16"
36 "A49"
37 "A1"
38 "A42"
39 "A40"
40 "A21"
41 "A18"
42 "A7"
43 "A17"
44 "A13"
45 "A0"
46 "A20"
47 "A24"
48 "A19"
49 "A36"
23
0 22
0 30
0 34
0 3
0 18
0 25
0 29
0 49
0 9
0 48
0 24
0 27
0 36
0 31
0 40
0 23
0 2
0 37
0 45
0 43
0 15
0 32
0 28
18
1 2
1 38
1 21
1 20
1 26
1 11
1 6
1 3
1 34
1 42
1 31
1 40
1 23
1 15
1 7
1 24
1 35
1 44
16
2 34
2 47
2 4
2 40
2 43
2 38
2 22
2 28
2 29
2 17
2 12
2 48
2 7
2 20
2 3
2 21
16
3 45
3 8
3 37
3 26
3 40
3 24
3 36
3 39
3 5
3 44
3 35
3 29
3 22
3 33
3 11
3 34
20
4 26
4 1
4 20
4 11
4 0
4 30
4 23
4 3
4 28
4 18
4 21
4 40
4 46
4 47
4 49
4 27
4 48
4 24
4 17
4 19
22
5 22
5 4
5 39
5 32
5 37
5 36
5 48
5 6
5 16
5 25
5 18
5 1
5 40
5 0
5 12
5 28
5 15
5 7
5 42
5 13
5 26
5 31
19
6 11
6 27
6 35
6 29
6 37
6 43
6 30
6 38
6 19
6 15
6 16
6 4
6 22
6 28
6 47
6 48
6 14
6 44
6 17
21
7 10
7 3
7 0
7 11
7 46
7 13
7 12
7 4
7 23
7 22
7 29
7 15
7 17
7 40
7 27
7 36
7 32
7 21
7 20
7 35
7 43
22
8 39
8 22
8 1
8 34
8 4
8 5
8 15
8 23
8 24
8 48
8 35
8 45
8 27
8 6
8 9
8 41
8 37
8 10
8 7
8 21
8 14
8 16
21
9 24
9 48
9 29
9 49
9 35
9 31
9 4
9 27
9 22
9 40
9 7
9 46
9 26
9 17
9 6
9 23
9 36
9 5
9 16
9 47
9 32
18
10 28
10 38
10 9
10 0
10 18
10 43
10 42
10 2
10 3
10 49
10 20
10 11
10 27
10 46
10 1
10 16
10 5
10 36
18
11 13
11 8
11 19
11 35
11 43
11 9
11 0
11 17
11 36
11 14
11 46
11 48
11 32
11 40
11 20
11 2
11 27
11 44
23
12 27
12 8
12 26
12 13
12 1
12 35
12 42
12 47
12 10
12 4
12 24
12 22
12 11
12 40
12 41
12 29
12 25
12 36
12 17
12 9
12 30
12 3
12 23
20
13 26
13 8
13 10
13 39
13 24
13 2
13 9
13 0
13 14
13 46
13 17
13 31
13 35
13 1
13 21
13 19
13 34
13 29
13 27
13 33
21
14 1
14 5
14 0
14 9
14 39
14 18
14 47
14 4
14 15
14 26
14 41
14 45
14 10
14 3
14 32
14 7
14 23
14 29
14 36
14 12
14 24
20
15 21
15 32
15 17
15 28
15 45
15 3
15 35
15 38
15 44
15 10
15 19
15 22
15 12
15 2
15 18
15 29
15 34
15 20
15 11
15 31
19
16 12
16 17
16 14
16 13
16 29
16 40
16 2
16 44
16 46
16 37
16 21
16 27
16 47
16 1
16 3
16 25
16 7
16 22
16 33
19
17 19
17 28
17 45
17 27
17 33
17 26
17 8
17 36
17 10
17 41
17 30
17 24
17 44
17 32
17 5
17 29
17 40
17 37
17 1
13
18 22
18 16
18 30
18 3
18 31
18 13
18 12
18 11
18 43
18 17
18 6
18 47
18 2
20
19 27
19 5
19 9
19 40
19 23
19 26
19 1
19 34
19 48
19 32
19 16
19 18
19 2
19 12
19 46
19 22
19 49
19 33
19 43
19 39
25
20 12
20 34
20 29
20 19
20 17
20 32
20 46
20 0
20 47
20 48
20 3
20 36
20 25
20 21
20 49
20 9
20 22
20 6
20 18
20 42
20 8
20 38
20 40
20 5
20 24
24
21 9
21 28
21 41
21 39
21 40
21 34
21 18
21 27
21 14
21 29
21 22
21 3
21 6
21 17
21 5
21 32
21 19
21 24
21 45
21 11
21 36
21 46
21 31
21 48
13
22 32
22 41
22 31
22 1
22 14
22 17
22 11
22 43
22 13
22 4
22 46
22 47
22 34
20
23 44
23 43
23 42
23 11
23 28
23 36
23 16
23 3
23 20
23 2
23 15
23 21
23 48
23 35
23 6
23 29
23 40
23 5
23 22
23 13
17
24 40
24 7
24 33
24 39
24 38
24 44
24 35
24 32
24 2
24 10
24 45
24 27
24 18
24 36
24 22
24 42
24 16
22
25 48
25 37
25 1
25 39
25 28
25 17
25 3
25 35
25 11
25 15
25 49
25 10
25 22
25 9
25 33
25 30
25 47
25 13
25 31
25 23
25 2
25 34
19
26 23
26 45
26 16
26 21
26 25
26 6
26 8
26 2
26 24
26 11
26 15
26 44
26 30
26 22
26 40
26 7
26 10
26 32
26 20
17
27 23
27 26
27 5
27 44
27 29
27 32
27 20
27 1
27 46
27 22
27 18
27 30
27 42
27 2
27 45
27 40
27 3
18
28 12
28 30
28 3
28 27
28 42
28 19
28 7
28 40
28 14
28 13
28 38
28 9
28 35
28 18
28 45
28 1
28 43
28 39
18
29 11
29 19
29 22
29 1
29 36
29 26
29 28
29 10
29 43
29 25
29 4
29 42
29 24
29 30
29 45
29 44
29 40
29 32
28
30 3
30 11
30 40
30 47
30 20
30 45
30 41
30 32
30 42
30 8
30 39
30 9
30 48
30 23
30 13
30 24
30 2
30 35
30 37
30 15
30 14
30 46
30 31
30 49
30 1
30 19
30 16
30 5
17
31 28
31 27
31 46
31 43
31 3
31 48
31 10
31 2
31 37
31 11
31 33
31 14
31 32
31 16
31 49
31 35
31 29
17
32 37
32 6
32 4
32 25
32 39
32 38
32 3
32 23
32 16
32 45
32 13
32 43
32 28
32 40
32 1
32 2
32 10
18
33 6
33 7
33 30
33 42
33 26
33 20
33 11
33 9
33 8
33 21
33 47
33 12
33 1
33 28
33 29
33 15
33 5
33 34
19
34 31
34 14
34 28
34 44
34 26
34 32
34 41
34 7
34 43
34 10
34 39
34 49
34 16
34 42
34 30
34 27
34 4
34 5
34 29
16
35 21
35 33
35 32
35 26
35 20
35 18
35 49
35 40
35 19
35 5
35 48
35 22
35 16
35 27
35 17
35 29
18
36 19
36 26
36 40
36 35
36 1
36 43
36 16
36 8
36 32
36 45
36 48
36 25
36 13
36 49
36 44
36 4
36 18
36 2
29
37 23
37 47
37 44
37 45
37 49
37 1
37 19
37 21
37 15
37 35
37 46
37 33
37 11
37 20
37 38
37 14
37 10
37 36
37 42
37 12
37 48
37 7
37 34
37 24
37 43
37 26
37 18
37 39
37 40
26
38 49
38 7
38 8
38 29
38 43
38 25
38 47
38 27
38 5
38 31
38 35
38 23
38 39
38 3
38 26
38 21
38 16
38 30
38 17
38 33
38 36
38 11
38 34
38 41
38 4
38 0
20
39 27
39 48
39 22
39 12
39 9
39 18
39 10
39 20
39 11
39 4
39 49
39 47
39 23
39 46
39 31
39 16
39 33
39 7
39 45
39 29
12
40 43
40 13
40 15
40 39
40 14
40 33
40 45
40 25
40 22
40 6
40 48
40 44
25
41 45
41 27
41 19
41 18
41 29
41 9
41 3
41 26
41 28
41 36
41 13
41 15
41 42
41 35
41 11
41 20
41 44
41 47
41 16
41 1
41 6
41 7
41 24
41 25
41 5
22
42 8
42 21
42 36
42 2
42 3
42 16
42 6
42 4
42 26
42 44
42 45
42 31
42 46
42 19
42 9
42 25
42 32
42 7
42 15
42 18
42 39
42 38
16
43 9
43 16
43 8
43 24
43 41
43 5
43 33
43 46
43 39
43 21
43 47
43 35
43 42
43 4
43 13
43 45
20
44 38
44 12
44 20
44 46
44 48
44 19
44 5
44 8
44 31
44 9
44 43
44 13
44 25
44 21
44 39
44 28
44 10
44 32
44 7
44 35
16
45 46
45 20
45 18
45 1
45 6
45 10
45 33
45 25
45 34
45 9
45 22
45 11
45 35
45 23
45 16
45 7
17
46 14
46 1
46 2
46 15
46 34
46 28
46 36
46 26
46 8
46 25
46 41
46 29
46 24
46 35
46 3
46 38
46 47
14
47 10
47 13
47 28
47 29
47 44
47 34
47 31
47 40
47 3
47 36
47 42
47 0
47 26
47 21
22
48 46
48 15
48 43
48 7
48 16
48 45
48 22
48 33
48 28
48 27
48 14
48 41
48 1
48 32
48 47
48 29
48 17
48 38
48 34
48 24
48 42
48 10
26
49 18
49 40
49 14
49 28
49 44
49 23
49 29
49 33
49 12
49 22
49 11
49 8
49 1
49 24
49 46
49 15
49 5
49 7
49 2
49 26
49 27
49 42
49 13
49 21
49 6
49 48
