50
0 "A15"
1 "A41"
2 "A46"
3 "A34"
4 "A4"
5 "A31"
6 "A47"
7 "A10"
8 "A11"
9 "A6"
10 "A29"
11 "A37"
12 "A23"
13 "A43"
14 "A9"
15 "A32"
16 "A25"
17 "A8"
18 "A28"
19 "A30"
20 "A45"
21 "A33"
22 "A35"
23 "A3"
24 "A12"
25 "A44"
26 "A26"
27 "A22"
28 "A39"
29 "A48"
30 "A14"
31 "A38"
32 "A27"
33 "A5"
34 "A2"
35 "A16"
36 "A49"
37 "A1"
38 "A42"
39 "A40"
40 "A21"
41 "A18"
42 "A7"
43 "A17"
44 "A13"
45 "A0"
46 "A20"
47 "A24"
48 "A19"
49 "A36"
19
0 17
0 22
0 25
0 4
0 15
0 41
0 39
0 6
0 21
0 36
0 2
0 24
0 27
0 43
0 37
0 12
0 34
0 32
0 28
14
1 22
1 21
1 41
1 43
1 28
1 42
1 17
1 6
1 9
1 29
1 0
1 38
1 48
1 44
20
2 7
2 1
2 12
2 45
2 49
2 6
2 14
2 34
2 8
2 9
2 13
2 43
2 27
2 48
2 3
2 16
2 15
2 37
2 17
2 42
21
3 26
3 5
3 29
3 24
3 33
3 9
3 41
3 49
3 43
3 45
3 13
3 16
3 36
3 39
3 32
3 1
3 20
3 46
3 0
3 27
3 22
25
4 16
4 30
4 2
4 23
4 3
4 7
4 24
4 38
4 39
4 48
4 9
4 11
4 14
4 44
4 31
4 32
4 26
4 43
4 41
4 42
4 1
4 27
4 28
4 40
4 37
24
5 17
5 6
5 9
5 31
5 4
5 26
5 16
5 32
5 45
5 12
5 49
5 30
5 39
5 24
5 20
5 2
5 37
5 19
5 46
5 8
5 25
5 21
5 18
5 36
20
6 35
6 45
6 29
6 21
6 3
6 40
6 20
6 13
6 18
6 11
6 49
6 30
6 23
6 4
6 25
6 28
6 10
6 14
6 9
6 16
19
7 17
7 5
7 11
7 32
7 26
7 33
7 1
7 49
7 48
7 30
7 38
7 3
7 6
7 24
7 31
7 40
7 28
7 0
7 20
17
8 47
8 43
8 48
8 1
8 40
8 39
8 14
8 0
8 6
8 18
8 29
8 11
8 17
8 13
8 12
8 32
8 7
15
9 32
9 21
9 19
9 22
9 47
9 42
9 11
9 7
9 29
9 30
9 14
9 44
9 37
9 40
9 36
26
10 40
10 11
10 29
10 45
10 33
10 49
10 32
10 0
10 9
10 16
10 24
10 5
10 14
10 34
10 12
10 43
10 2
10 28
10 13
10 39
10 22
10 15
10 38
10 42
10 31
10 41
13
11 48
11 35
11 0
11 16
11 2
11 27
11 33
11 18
11 1
11 34
11 40
11 22
11 45
20
12 14
12 13
12 40
12 15
12 31
12 7
12 47
12 21
12 45
12 44
12 4
12 29
12 46
12 27
12 38
12 6
12 49
12 25
12 35
12 3
23
13 22
13 14
13 21
13 17
13 24
13 20
13 11
13 27
13 5
13 7
13 35
13 38
13 0
13 25
13 41
13 31
13 29
13 45
13 18
13 1
13 19
13 9
13 40
22
14 24
14 21
14 30
14 5
14 15
14 36
14 29
14 25
14 7
14 49
14 16
14 35
14 48
14 22
14 33
14 18
14 39
14 3
14 19
14 28
14 0
14 34
22
15 5
15 34
15 6
15 27
15 18
15 28
15 33
15 49
15 11
15 47
15 13
15 8
15 39
15 9
15 7
15 20
15 36
15 17
15 37
15 25
15 38
15 48
13
16 24
16 37
16 17
16 7
16 9
16 32
16 21
16 8
16 0
16 13
16 22
16 1
16 43
18
17 11
17 24
17 30
17 34
17 39
17 38
17 6
17 33
17 18
17 3
17 14
17 45
17 27
17 48
17 37
17 26
17 43
17 12
18
18 31
18 9
18 43
18 49
18 32
18 4
18 44
18 46
18 38
18 37
18 41
18 21
18 7
18 3
18 10
18 29
18 27
18 12
21
19 33
19 12
19 0
19 29
19 39
19 6
19 7
19 42
19 37
19 18
19 46
19 26
19 44
19 16
19 40
19 43
19 34
19 4
19 1
19 15
19 8
25
20 30
20 0
20 24
20 33
20 26
20 23
20 39
20 47
20 21
20 49
20 27
20 37
20 2
20 31
20 16
20 9
20 22
20 45
20 42
20 4
20 38
20 12
20 48
20 18
20 28
17
21 42
21 31
21 11
21 43
21 45
21 36
21 39
21 8
21 17
21 29
21 41
21 44
21 4
21 15
21 27
21 3
21 10
25
22 12
22 48
22 18
22 2
22 28
22 33
22 8
22 36
22 27
22 15
22 7
22 32
22 29
22 45
22 5
22 17
22 19
22 37
22 6
22 40
22 35
22 42
22 47
22 31
22 21
29
23 7
23 3
23 24
23 2
23 34
23 17
23 15
23 10
23 40
23 19
23 32
23 18
23 9
23 8
23 11
23 22
23 16
23 37
23 45
23 42
23 0
23 5
23 49
23 27
23 43
23 12
23 30
23 46
23 29
17
24 21
24 44
24 32
24 11
24 27
24 26
24 33
24 46
24 9
24 31
24 49
24 6
24 1
24 15
24 48
24 22
24 2
23
25 16
25 11
25 20
25 18
25 19
25 9
25 36
25 37
25 41
25 49
25 2
25 8
25 30
25 23
25 3
25 7
25 17
25 4
25 10
25 22
25 33
25 47
25 1
21
26 15
26 9
26 46
26 38
26 8
26 39
26 25
26 40
26 45
26 6
26 1
26 12
26 21
26 28
26 2
26 16
26 13
26 31
26 43
26 14
26 0
12
27 7
27 44
27 46
27 10
27 1
27 26
27 29
27 6
27 19
27 48
27 25
27 8
21
28 37
28 24
28 36
28 11
28 42
28 47
28 8
28 19
28 18
28 32
28 12
28 43
28 35
28 25
28 21
28 5
28 2
28 27
28 23
28 17
28 13
18
29 34
29 26
29 5
29 44
29 15
29 40
29 49
29 31
29 25
29 28
29 11
29 7
29 39
29 42
29 48
29 24
29 41
29 38
24
30 16
30 42
30 12
30 22
30 3
30 34
30 29
30 37
30 28
30 15
30 10
30 35
30 47
30 1
30 43
30 36
30 49
30 11
30 32
30 31
30 33
30 13
30 0
30 19
22
31 27
31 6
31 16
31 15
31 2
31 8
31 25
31 44
31 49
31 34
31 45
31 33
31 38
31 17
31 37
31 39
31 3
31 19
31 40
31 36
31 14
31 47
17
32 48
32 6
32 11
32 15
32 41
32 1
32 12
32 19
32 21
32 2
32 47
32 34
32 31
32 13
32 36
32 38
32 29
22
33 38
33 5
33 39
33 43
33 40
33 6
33 1
33 35
33 26
33 9
33 42
33 41
33 18
33 8
33 28
33 21
33 44
33 12
33 23
33 36
33 27
33 46
22
34 26
34 16
34 20
34 5
34 6
34 27
34 13
34 33
34 38
34 18
34 9
34 21
34 1
34 7
34 28
34 49
34 4
34 48
34 35
34 3
34 40
34 24
22
35 24
35 45
35 20
35 9
35 25
35 2
35 16
35 38
35 46
35 5
35 7
35 43
35 47
35 17
35 31
35 1
35 3
35 49
35 41
35 42
35 8
35 21
18
36 27
36 12
36 8
36 7
36 24
36 26
36 13
36 17
36 10
36 2
36 23
36 4
36 47
36 19
36 43
36 18
36 6
36 11
14
37 36
37 6
37 13
37 8
37 41
37 47
37 32
37 35
37 10
37 14
37 26
37 48
37 33
37 7
16
38 25
38 5
38 21
38 23
38 3
38 24
38 22
38 43
38 30
38 14
38 2
38 9
38 44
38 19
38 8
38 37
19
39 47
39 16
39 12
39 48
39 46
39 18
39 6
39 25
39 13
39 30
39 11
39 32
39 1
39 22
39 2
39 40
39 7
39 24
39 36
15
40 41
40 16
40 20
40 27
40 36
40 43
40 44
40 24
40 1
40 46
40 15
40 35
40 3
40 25
40 32
16
41 20
41 5
41 22
41 27
41 45
41 11
41 23
41 8
41 43
41 30
41 31
41 26
41 15
41 34
41 2
41 38
20
42 5
42 12
42 17
42 48
42 24
42 6
42 34
42 0
42 38
42 46
42 39
42 14
42 31
42 37
42 41
42 25
42 11
42 7
42 36
42 49
16
43 29
43 15
43 39
43 22
43 9
43 44
43 7
43 34
43 6
43 49
43 5
43 20
43 25
43 27
43 24
43 37
23
44 48
44 16
44 14
44 49
44 37
44 35
44 8
44 6
44 23
44 15
44 11
44 22
44 25
44 32
44 34
44 30
44 7
44 41
44 3
44 42
44 2
44 20
44 17
19
45 44
45 42
45 25
45 38
45 43
45 24
45 1
45 46
45 40
45 49
45 29
45 36
45 18
45 7
45 33
45 19
45 34
45 16
45 32
26
46 22
46 10
46 11
46 31
46 20
46 16
46 44
46 41
46 0
46 34
46 4
46 6
46 29
46 15
46 21
46 32
46 28
46 14
46 36
46 38
46 43
46 25
46 7
46 9
46 47
46 30
20
47 21
47 24
47 40
47 0
47 34
47 11
47 33
47 27
47 14
47 1
47 6
47 45
47 48
47 38
47 43
47 42
47 5
47 17
47 13
47 44
14
48 31
48 30
48 23
48 5
48 41
48 12
48 45
48 26
48 38
48 6
48 19
48 10
48 0
48 21
17
49 8
49 11
49 21
49 39
49 33
49 19
49 13
49 47
49 17
49 48
49 4
49 40
49 38
49 22
49 27
49 16
49 9
