50
0 "A15"
1 "A41"
2 "A46"
3 "A34"
4 "A4"
5 "A31"
6 "A47"
7 "A10"
8 "A11"
9 "A6"
10 "A29"
11 "A37"
12 "A23"
13 "A43"
14 "A9"
15 "A32"
16 "A25"
17 "A8"
18 "A28"
19 "A30"
20 "A45"
21 "A33"
22 "A35"
23 "A3"
24 "A12"
25 "A44"
26 "A26"
27 "A22"
28 "A39"
29 "A48"
30 "A14"
31 "A38"
32 "A27"
33 "A5"
34 "A2"
35 "A16"
36 "A49"
37 "A1"
38 "A42"
39 "A40"
40 "A21"
41 "A18"
42 "A7"
43 "A17"
44 "A13"
45 "A0"
46 "A20"
47 "A24"
48 "A19"
49 "A36"
20
0 28
0 35
0 32
0 1
0 45
0 43
0 23
0 17
0 44
0 46
0 41
0 33
0 38
0 34
0 4
0 49
0 27
0 47
0 15
0 25
13
1 5
1 8
1 48
1 29
1 18
1 37
1 6
1 34
1 38
1 20
1 45
1 25
1 9
24
2 10
2 37
2 41
2 42
2 16
2 21
2 27
2 48
2 33
2 9
2 23
2 5
2 11
2 28
2 20
2 19
2 47
2 0
2 14
2 1
2 30
2 12
2 31
2 15
24
3 24
3 28
3 9
3 42
3 38
3 25
3 16
3 5
3 15
3 40
3 12
3 2
3 34
3 31
3 0
3 29
3 27
3 39
3 47
3 26
3 11
3 22
3 10
3 41
19
4 45
4 28
4 40
4 18
4 46
4 38
4 3
4 1
4 42
4 11
4 44
4 36
4 29
4 47
4 8
4 2
4 17
4 6
4 26
19
5 37
5 4
5 16
5 48
5 46
5 18
5 38
5 22
5 7
5 40
5 28
5 21
5 39
5 12
5 20
5 36
5 42
5 15
5 17
23
6 31
6 5
6 26
6 19
6 38
6 9
6 11
6 43
6 2
6 47
6 27
6 33
6 14
6 0
6 3
6 8
6 23
6 12
6 21
6 17
6 41
6 39
6 7
18
7 16
7 2
7 0
7 4
7 34
7 30
7 3
7 40
7 14
7 33
7 37
7 13
7 19
7 17
7 10
7 46
7 41
7 35
16
8 17
8 27
8 26
8 7
8 38
8 40
8 11
8 0
8 5
8 44
8 29
8 43
8 24
8 46
8 48
8 42
20
9 7
9 38
9 4
9 24
9 15
9 33
9 14
9 28
9 43
9 12
9 8
9 45
9 44
9 17
9 16
9 40
9 48
9 49
9 0
9 10
19
10 5
10 45
10 41
10 39
10 42
10 29
10 38
10 24
10 36
10 46
10 34
10 31
10 1
10 28
10 16
10 35
10 12
10 13
10 20
17
11 39
11 34
11 9
11 44
11 42
11 13
11 43
11 35
11 45
11 24
11 32
11 28
11 16
11 31
11 47
11 18
11 25
22
12 28
12 1
12 43
12 37
12 46
12 14
12 48
12 39
12 41
12 22
12 13
12 24
12 17
12 0
12 31
12 38
12 42
12 7
12 27
12 36
12 4
12 8
21
13 39
13 2
13 16
13 25
13 19
13 20
13 35
13 21
13 1
13 4
13 17
13 48
13 6
13 26
13 41
13 8
13 3
13 43
13 15
13 28
13 5
20
14 0
14 18
14 22
14 5
14 40
14 4
14 47
14 28
14 25
14 46
14 13
14 21
14 45
14 8
14 31
14 44
14 11
14 42
14 32
14 1
23
15 11
15 34
15 48
15 40
15 35
15 23
15 21
15 49
15 28
15 14
15 20
15 32
15 43
15 8
15 39
15 38
15 33
15 44
15 22
15 10
15 27
15 36
15 18
18
16 43
16 48
16 40
16 15
16 14
16 49
16 8
16 37
16 41
16 4
16 12
16 1
16 21
16 31
16 32
16 28
16 46
16 39
18
17 14
17 33
17 37
17 30
17 23
17 49
17 1
17 34
17 15
17 24
17 39
17 38
17 41
17 35
17 16
17 3
17 28
17 25
20
18 39
18 16
18 34
18 40
18 41
18 32
18 12
18 7
18 45
18 2
18 6
18 38
18 8
18 49
18 31
18 3
18 29
18 10
18 17
18 37
22
19 32
19 21
19 15
19 10
19 9
19 33
19 8
19 4
19 3
19 35
19 40
19 1
19 29
19 41
19 26
19 17
19 12
19 46
19 27
19 5
19 45
19 0
26
20 36
20 19
20 25
20 0
20 24
20 18
20 28
20 14
20 49
20 9
20 6
20 11
20 34
20 8
20 23
20 44
20 40
20 29
20 3
20 17
20 12
20 46
20 43
20 4
20 16
20 47
15
21 8
21 18
21 49
21 44
21 46
21 45
21 7
21 24
21 32
21 3
21 0
21 17
21 4
21 31
21 38
20
22 17
22 39
22 6
22 27
22 8
22 30
22 11
22 20
22 21
22 1
22 47
22 7
22 43
22 40
22 0
22 16
22 13
22 10
22 19
22 45
16
23 46
23 24
23 5
23 14
23 13
23 40
23 47
23 18
23 4
23 3
23 34
23 26
23 27
23 22
23 9
23 45
17
24 4
24 22
24 5
24 1
24 2
24 44
24 13
24 27
24 19
24 14
24 31
24 0
24 7
24 45
24 39
24 25
24 15
23
25 19
25 7
25 40
25 8
25 2
25 34
25 16
25 48
25 46
25 38
25 42
25 29
25 39
25 36
25 35
25 12
25 6
25 22
25 9
25 23
25 45
25 4
25 15
22
26 25
26 9
26 12
26 20
26 11
26 10
26 7
26 40
26 28
26 41
26 44
26 30
26 36
26 33
26 5
26 34
26 17
26 2
26 32
26 18
26 49
26 15
19
27 48
27 10
27 1
27 35
27 25
27 43
27 11
27 31
27 38
27 21
27 42
27 33
27 44
27 37
27 49
27 14
27 46
27 9
27 13
13
28 7
28 22
28 42
28 18
28 23
28 41
28 27
28 36
28 19
28 35
28 39
28 24
28 47
21
29 38
29 47
29 11
29 23
29 42
29 28
29 21
29 12
29 27
29 7
29 9
29 40
29 5
29 26
29 31
29 6
29 41
29 17
29 22
29 16
29 24
29
30 19
30 1
30 9
30 27
30 28
30 40
30 23
30 20
30 3
30 39
30 48
30 10
30 38
30 16
30 37
30 14
30 18
30 0
30 25
30 35
30 15
30 36
30 29
30 11
30 21
30 49
30 5
30 8
30 47
17
31 48
31 40
31 19
31 32
31 5
31 23
31 30
31 47
31 42
31 4
31 13
31 28
31 37
31 15
31 22
31 41
31 17
22
32 22
32 23
32 38
32 25
32 33
32 39
32 35
32 28
32 10
32 7
32 45
32 3
32 49
32 47
32 12
32 36
32 6
32 46
32 5
32 24
32 2
32 27
22
33 16
33 35
33 38
33 28
33 49
33 4
33 5
33 14
33 22
33 46
33 31
33 11
33 36
33 10
33 44
33 21
33 1
33 20
33 37
33 3
33 29
33 18
19
34 19
34 13
34 43
34 2
34 35
34 9
34 5
34 27
34 6
34 21
34 31
34 14
34 16
34 24
34 41
34 30
34 33
34 49
34 22
16
35 20
35 3
35 43
35 8
35 18
35 29
35 16
35 12
35 14
35 26
35 2
35 31
35 37
35 5
35 41
35 24
15
36 23
36 38
36 7
36 8
36 35
36 29
36 17
36 34
36 9
36 1
36 0
36 40
36 18
36 22
36 16
22
37 36
37 13
37 4
37 48
37 10
37 24
37 20
37 32
37 23
37 6
37 9
37 15
37 8
37 28
37 47
37 11
37 44
37 46
37 42
37 40
37 29
37 3
20
38 23
38 24
38 13
38 31
38 48
38 35
38 34
38 11
38 37
38 46
38 2
38 44
38 7
38 22
38 16
38 20
38 26
38 43
38 39
38 47
19
39 26
39 48
39 9
39 44
39 19
39 7
39 21
39 0
39 45
39 20
39 2
39 8
39 41
39 27
39 4
39 33
39 29
39 14
39 31
8
40 10
40 32
40 41
40 6
40 17
40 35
40 21
40 24
20
41 36
41 32
41 48
41 27
41 21
41 23
41 22
41 33
41 25
41 1
41 11
41 42
41 8
41 47
41 37
41 49
41 15
41 30
41 44
41 38
20
42 9
42 39
42 24
42 34
42 22
42 18
42 38
42 40
42 6
42 35
42 21
42 13
42 43
42 0
42 23
42 45
42 19
42 32
42 7
42 30
24
43 30
43 47
43 1
43 37
43 17
43 25
43 7
43 19
43 36
43 28
43 32
43 5
43 4
43 23
43 3
43 49
43 10
43 24
43 39
43 33
43 2
43 14
43 45
43 31
18
44 6
44 17
44 5
44 10
44 42
44 35
44 47
44 7
44 13
44 23
44 22
44 34
44 43
44 31
44 19
44 46
44 1
44 12
18
45 41
45 35
45 27
45 6
45 2
45 12
45 29
45 34
45 7
45 17
45 38
45 26
45 20
45 3
45 31
45 33
45 28
45 36
21
46 2
46 15
46 43
46 24
46 34
46 30
46 35
46 3
46 41
46 11
46 6
46 39
46 42
46 29
46 28
46 36
46 22
46 1
46 31
46 13
46 26
22
47 24
47 46
47 16
47 35
47 33
47 8
47 27
47 34
47 25
47 48
47 10
47 19
47 15
47 21
47 7
47 42
47 12
47 1
47 18
47 39
47 13
47 17
17
48 44
48 32
48 34
48 28
48 35
48 7
48 18
48 6
48 24
48 46
48 26
48 19
48 33
48 29
48 23
48 0
48 20
23
49 7
49 37
49 5
49 22
49 13
49 42
49 48
49 47
49 8
49 1
49 31
49 35
49 39
49 44
49 45
49 28
49 29
49 14
49 46
49 25
49 36
49 38
49 2
