50
0 "A4"
1 "A22"
2 "A38"
3 "A33"
4 "A14"
5 "A3"
6 "A28"
7 "A21"
8 "A13"
9 "A25"
10 "A41"
11 "A36"
12 "A46"
13 "A30"
14 "A7"
15 "A17"
16 "A42"
17 "A31"
18 "A45"
19 "A0"
20 "A48"
21 "A47"
22 "A40"
23 "A11"
24 "A32"
25 "A2"
26 "A19"
27 "A44"
28 "A5"
29 "A6"
30 "A8"
31 "A12"
32 "A34"
33 "A26"
34 "A35"
35 "A43"
36 "A10"
37 "A16"
38 "A20"
39 "A29"
40 "A37"
41 "A18"
42 "A27"
43 "A49"
44 "A23"
45 "A15"
46 "A9"
47 "A1"
48 "A24"
49 "A39"
15
0 4
0 8
0 23
0 26
0 19
0 12
0 28
0 43
0 41
0 20
0 40
0 49
0 30
0 45
0 14
19
1 31
1 22
1 4
1 37
1 5
1 30
1 44
1 19
1 36
1 10
1 16
1 40
1 46
1 49
1 23
1 8
1 18
1 24
1 42
26
2 33
2 35
2 26
2 17
2 10
2 6
2 40
2 38
2 20
2 30
2 4
2 13
2 44
2 11
2 8
2 49
2 3
2 25
2 43
2 19
2 32
2 18
2 22
2 1
2 5
2 23
15
3 25
3 46
3 45
3 0
3 44
3 13
3 34
3 23
3 43
3 47
3 7
3 6
3 1
3 32
3 31
15
4 23
4 35
4 31
4 20
4 46
4 8
4 19
4 14
4 36
4 18
4 24
4 42
4 29
4 43
4 16
22
5 38
5 39
5 37
5 20
5 40
5 49
5 4
5 22
5 31
5 43
5 10
5 47
5 14
5 29
5 0
5 17
5 9
5 30
5 18
5 45
5 11
5 12
22
6 48
6 45
6 34
6 42
6 14
6 41
6 26
6 43
6 37
6 5
6 28
6 10
6 9
6 31
6 8
6 20
6 47
6 0
6 30
6 18
6 21
6 23
21
7 14
7 30
7 15
7 2
7 11
7 45
7 1
7 48
7 0
7 31
7 46
7 16
7 6
7 39
7 18
7 19
7 13
7 22
7 32
7 21
7 25
19
8 40
8 28
8 9
8 38
8 16
8 7
8 21
8 48
8 29
8 18
8 26
8 44
8 39
8 30
8 15
8 3
8 25
8 33
8 37
18
9 48
9 25
9 32
9 23
9 2
9 7
9 18
9 0
9 19
9 24
9 28
9 42
9 39
9 31
9 40
9 3
9 15
9 20
19
10 23
10 34
10 32
10 25
10 45
10 18
10 37
10 12
10 17
10 44
10 14
10 41
10 35
10 4
10 31
10 8
10 16
10 28
10 9
25
11 49
11 43
11 4
11 9
11 25
11 21
11 32
11 0
11 1
11 12
11 17
11 35
11 41
11 6
11 22
11 27
11 16
11 28
11 48
11 42
11 18
11 8
11 3
11 46
11 10
18
12 9
12 6
12 30
12 47
12 27
12 16
12 43
12 26
12 38
12 3
12 15
12 7
12 8
12 49
12 34
12 36
12 25
12 2
25
13 41
13 32
13 42
13 9
13 18
13 1
13 25
13 0
13 46
13 33
13 6
13 29
13 35
13 4
13 15
13 23
13 43
13 44
13 11
13 10
13 8
13 17
13 22
13 12
13 14
17
14 39
14 2
14 46
14 47
14 25
14 11
14 32
14 29
14 8
14 22
14 9
14 12
14 48
14 16
14 27
14 23
14 1
17
15 32
15 46
15 5
15 41
15 4
15 21
15 28
15 10
15 33
15 6
15 1
15 0
15 27
15 16
15 11
15 29
15 39
15
16 45
16 29
16 9
16 28
16 26
16 5
16 39
16 6
16 13
16 18
16 40
16 37
16 27
16 2
16 17
20
17 42
17 40
17 46
17 47
17 25
17 45
17 26
17 8
17 38
17 43
17 20
17 0
17 9
17 7
17 15
17 22
17 48
17 14
17 3
17 1
14
18 12
18 42
18 21
18 0
18 24
18 33
18 23
18 46
18 31
18 37
18 39
18 27
18 22
18 14
20
19 8
19 42
19 5
19 14
19 36
19 25
19 3
19 15
19 17
19 40
19 18
19 31
19 27
19 38
19 35
19 44
19 43
19 16
19 45
19 39
16
20 27
20 14
20 44
20 18
20 38
20 47
20 19
20 33
20 1
20 30
20 22
20 16
20 8
20 13
20 39
20 31
23
21 27
21 25
21 41
21 20
21 9
21 35
21 4
21 42
21 5
21 48
21 16
21 3
21 28
21 0
21 19
21 47
21 1
21 30
21 31
21 36
21 14
21 10
21 23
15
22 36
22 6
22 39
22 15
22 30
22 4
22 49
22 16
22 27
22 12
22 10
22 42
22 29
22 31
22 3
16
23 42
23 11
23 38
23 17
23 36
23 22
23 40
23 46
23 35
23 29
23 19
23 16
23 39
23 37
23 20
23 47
18
24 30
24 13
24 35
24 49
24 10
24 14
24 8
24 22
24 3
24 27
24 29
24 11
24 2
24 17
24 21
24 39
24 36
24 6
18
25 27
25 23
25 35
25 37
25 45
25 6
25 4
25 49
25 15
25 5
25 26
25 42
25 1
25 43
25 18
25 28
25 39
25 16
25
26 22
26 4
26 5
26 41
26 49
26 1
26 44
26 40
26 20
26 9
26 11
26 28
26 45
26 10
26 18
26 48
26 15
26 21
26 7
26 30
26 36
26 38
26 14
26 33
26 39
21
27 4
27 1
27 10
27 0
27 7
27 43
27 13
27 35
27 8
27 3
27 34
27 38
27 39
27 46
27 29
27 45
27 23
27 5
27 17
27 9
27 2
17
28 12
28 47
28 13
28 22
28 4
28 40
28 5
28 30
28 2
28 45
28 23
28 24
28 42
28 7
28 29
28 35
28 27
18
29 32
29 30
29 33
29 42
29 41
29 9
29 48
29 39
29 35
29 21
29 34
29 31
29 18
29 2
29 36
29 17
29 0
29 10
21
30 35
30 33
30 23
30 42
30 14
30 37
30 27
30 4
30 25
30 19
30 15
30 40
30 10
30 48
30 38
30 18
30 34
30 3
30 17
30 13
30 43
22
31 14
31 37
31 35
31 38
31 11
31 27
31 44
31 28
31 36
31 16
31 40
31 33
31 15
31 43
31 42
31 24
31 23
31 17
31 2
31 39
31 26
31 41
24
32 37
32 24
32 16
32 1
32 49
32 27
32 6
32 5
32 22
32 48
32 20
32 41
32 31
32 28
32 40
32 26
32 12
32 38
32 25
32 8
32 21
32 19
32 17
32 4
23
33 21
33 27
33 23
33 3
33 16
33 11
33 44
33 47
33 40
33 17
33 5
33 22
33 19
33 48
33 10
33 6
33 34
33 0
33 32
33 1
33 4
33 24
33 25
26
34 2
34 36
34 15
34 5
34 31
34 26
34 14
34 32
34 7
34 11
34 40
34 23
34 17
34 21
34 38
34 44
34 4
34 16
34 22
34 13
34 8
34 0
34 9
34 37
34 20
34 18
16
35 39
35 12
35 36
35 6
35 32
35 22
35 46
35 14
35 8
35 5
35 34
35 1
35 16
35 26
35 17
35 18
22
36 20
36 9
36 40
36 2
36 13
36 0
36 30
36 3
36 11
36 45
36 27
36 28
36 8
36 10
36 7
36 14
36 6
36 18
36 44
36 32
36 15
36 33
21
37 7
37 19
37 22
37 45
37 36
37 42
37 2
37 33
37 9
37 29
37 21
37 14
37 39
37 41
37 46
37 38
37 27
37 24
37 13
37 35
37 26
18
38 28
38 11
38 21
38 10
38 7
38 24
38 1
38 48
38 33
38 36
38 16
38 0
38 41
38 35
38 6
38 29
38 39
38 22
13
39 6
39 48
39 12
39 1
39 33
39 17
39 0
39 10
39 13
39 32
39 42
39 45
39 21
21
40 29
40 15
40 21
40 6
40 27
40 13
40 46
40 22
40 4
40 39
40 20
40 43
40 3
40 11
40 35
40 18
40 37
40 7
40 25
40 24
40 10
22
41 27
41 12
41 28
41 16
41 23
41 1
41 3
41 2
41 22
41 14
41 47
41 8
41 4
41 24
41 30
41 9
41 35
41 33
41 18
41 20
41 19
41 7
18
42 16
42 45
42 40
42 0
42 34
42 38
42 15
42 10
42 26
42 14
42 49
42 8
42 32
42 46
42 7
42 24
42 27
42 33
18
43 14
43 9
43 18
43 22
43 1
43 23
43 21
43 45
43 37
43 33
43 16
43 29
43 32
43 34
43 36
43 41
43 47
43 20
25
44 41
44 27
44 6
44 42
44 16
44 18
44 12
44 48
44 9
44 15
44 25
44 7
44 30
44 14
44 43
44 28
44 46
44 21
44 0
44 32
44 5
44 39
44 38
44 22
44 17
19
45 13
45 32
45 14
45 12
45 29
45 21
45 35
45 4
45 24
45 20
45 1
45 47
45 23
45 38
45 33
45 49
45 41
45 18
45 46
16
46 24
46 30
46 33
46 20
46 19
46 9
46 10
46 28
46 6
46 16
46 39
46 41
46 5
46 34
46 47
46 29
21
47 36
47 8
47 42
47 22
47 44
47 10
47 7
47 15
47 19
47 40
47 37
47 48
47 18
47 25
47 4
47 34
47 39
47 29
47 11
47 16
47 24
19
48 23
48 2
48 42
48 46
48 41
48 3
48 20
48 28
48 12
48 31
48 24
48 4
48 22
48 27
48 10
48 25
48 16
48 43
48 49
26
49 39
49 44
49 20
49 17
49 33
49 30
49 10
49 6
49 18
49 7
49 4
49 27
49 28
49 31
49 43
49 47
49 34
49 15
49 40
49 23
49 13
49 8
49 41
49 16
49 19
49 21
