50
0 "A4"
1 "A22"
2 "A38"
3 "A33"
4 "A14"
5 "A3"
6 "A28"
7 "A21"
8 "A13"
9 "A25"
10 "A41"
11 "A36"
12 "A46"
13 "A30"
14 "A7"
15 "A17"
16 "A42"
17 "A31"
18 "A45"
19 "A0"
20 "A48"
21 "A47"
22 "A40"
23 "A11"
24 "A32"
25 "A2"
26 "A19"
27 "A44"
28 "A5"
29 "A6"
30 "A8"
31 "A12"
32 "A34"
33 "A26"
34 "A35"
35 "A43"
36 "A10"
37 "A16"
38 "A20"
39 "A29"
40 "A37"
41 "A18"
42 "A27"
43 "A49"
44 "A23"
45 "A15"
46 "A9"
47 "A1"
48 "A24"
49 "A39"
19
0 14
0 44
0 33
0 22
0 37
0 30
0 43
0 7
0 45
0 35
0 40
0 16
0 31
0 24
0 42
0 28
0 26
0 38
0 15
21
1 48
1 20
1 10
1 28
1 47
1 43
1 23
1 2
1 31
1 42
1 30
1 29
1 9
1 49
1 16
1 46
1 17
1 45
1 40
1 8
1 35
17
2 45
2 46
2 17
2 22
2 15
2 9
2 0
2 28
2 6
2 11
2 47
2 12
2 48
2 29
2 4
2 34
2 41
24
3 1
3 10
3 0
3 24
3 21
3 44
3 14
3 36
3 25
3 16
3 19
3 42
3 41
3 47
3 27
3 40
3 15
3 9
3 5
3 12
3 18
3 37
3 26
3 13
21
4 17
4 34
4 28
4 5
4 36
4 12
4 22
4 15
4 27
4 6
4 3
4 7
4 38
4 8
4 14
4 18
4 35
4 0
4 41
4 9
4 40
23
5 13
5 41
5 34
5 32
5 7
5 21
5 12
5 35
5 18
5 10
5 25
5 2
5 0
5 42
5 44
5 20
5 28
5 16
5 36
5 27
5 24
5 1
5 22
20
6 47
6 45
6 21
6 32
6 27
6 40
6 37
6 41
6 24
6 33
6 31
6 46
6 34
6 9
6 10
6 30
6 0
6 3
6 1
6 8
18
7 38
7 48
7 8
7 2
7 9
7 23
7 45
7 33
7 36
7 3
7 14
7 11
7 10
7 22
7 26
7 20
7 37
7 39
18
8 45
8 18
8 46
8 37
8 0
8 22
8 34
8 21
8 24
8 32
8 13
8 27
8 38
8 48
8 26
8 29
8 17
8 35
17
9 37
9 39
9 12
9 28
9 20
9 14
9 8
9 22
9 47
9 36
9 5
9 49
9 0
9 25
9 31
9 42
9 13
19
10 14
10 41
10 40
10 2
10 49
10 25
10 8
10 42
10 20
10 18
10 38
10 46
10 36
10 16
10 37
10 48
10 29
10 30
10 0
20
11 46
11 17
11 32
11 10
11 22
11 3
11 20
11 8
11 45
11 9
11 23
11 27
11 44
11 21
11 38
11 36
11 33
11 31
11 1
11 0
18
12 23
12 45
12 33
12 11
12 0
12 43
12 26
12 20
12 8
12 19
12 37
12 24
12 32
12 6
12 17
12 21
12 29
12 38
15
13 12
13 24
13 11
13 19
13 44
13 0
13 28
13 22
13 49
13 36
13 2
13 4
13 40
13 46
13 6
21
14 23
14 12
14 36
14 34
14 38
14 8
14 5
14 2
14 39
14 47
14 49
14 26
14 13
14 48
14 19
14 20
14 29
14 41
14 24
14 43
14 32
21
15 6
15 11
15 27
15 24
15 13
15 44
15 40
15 45
15 36
15 48
15 26
15 8
15 16
15 18
15 9
15 12
15 46
15 25
15 49
15 14
15 47
24
16 46
16 7
16 22
16 47
16 43
16 30
16 45
16 26
16 32
16 14
16 21
16 9
16 13
16 23
16 11
16 48
16 19
16 4
16 33
16 20
16 6
16 40
16 29
16 41
13
17 7
17 29
17 16
17 13
17 18
17 35
17 9
17 0
17 23
17 5
17 14
17 24
17 22
19
18 31
18 37
18 44
18 45
18 36
18 2
18 0
18 13
18 9
18 16
18 26
18 19
18 1
18 27
18 25
18 20
18 14
18 23
18 47
23
19 25
19 48
19 5
19 42
19 49
19 11
19 47
19 9
19 28
19 32
19 39
19 40
19 46
19 1
19 6
19 44
19 31
19 0
19 24
19 2
19 15
19 8
19 45
18
20 47
20 8
20 38
20 23
20 2
20 15
20 31
20 4
20 6
20 37
20 32
20 26
20 36
20 17
20 30
20 25
20 49
20 24
22
21 31
21 32
21 22
21 28
21 47
21 48
21 38
21 39
21 1
21 14
21 2
21 46
21 18
21 20
21 19
21 9
21 15
21 44
21 4
21 35
21 26
21 17
18
22 36
22 23
22 30
22 27
22 1
22 44
22 24
22 3
22 43
22 6
22 49
22 29
22 10
22 37
22 34
22 35
22 15
22 26
18
23 42
23 5
23 9
23 46
23 40
23 32
23 34
23 30
23 13
23 6
23 44
23 35
23 10
23 25
23 19
23 49
23 8
23 48
17
24 25
24 16
24 38
24 32
24 37
24 2
24 48
24 10
24 7
24 23
24 28
24 35
24 4
24 47
24 40
24 30
24 41
17
25 32
25 48
25 21
25 8
25 2
25 26
25 42
25 22
25 13
25 6
25 16
25 45
25 17
25 11
25 4
25 36
25 14
24
26 10
26 32
26 1
26 5
26 19
26 48
26 37
26 11
26 13
26 35
26 28
26 45
26 44
26 2
26 46
26 47
26 43
26 33
26 24
26 40
26 38
26 29
26 9
26 17
22
27 0
27 19
27 21
27 23
27 41
27 20
27 2
27 1
27 28
27 38
27 25
27 44
27 17
27 32
27 40
27 36
27 9
27 12
27 46
27 29
27 35
27 26
18
28 11
28 15
28 41
28 36
28 43
28 33
28 12
28 22
28 39
28 17
28 37
28 6
28 14
28 7
28 40
28 18
28 31
28 10
24
29 0
29 30
29 21
29 13
29 36
29 49
29 18
29 23
29 35
29 20
29 15
29 31
29 37
29 48
29 6
29 24
29 38
29 9
29 44
29 11
29 32
29 33
29 47
29 40
24
30 5
30 21
30 15
30 28
30 25
30 26
30 13
30 41
30 14
30 38
30 31
30 18
30 12
30 17
30 35
30 4
30 42
30 34
30 7
30 27
30 11
30 33
30 40
30 44
25
31 46
31 40
31 34
31 8
31 13
31 7
31 25
31 15
31 16
31 44
31 32
31 10
31 45
31 5
31 22
31 36
31 47
31 24
31 27
31 49
31 26
31 43
31 14
31 38
31 4
16
32 9
32 3
32 30
32 40
32 38
32 39
32 45
32 46
32 49
32 13
32 48
32 15
32 2
32 4
32 44
32 1
23
33 38
33 15
33 45
33 40
33 21
33 25
33 13
33 22
33 20
33 31
33 17
33 2
33 48
33 24
33 9
33 35
33 34
33 32
33 46
33 39
33 49
33 27
33 8
25
34 46
34 19
34 39
34 28
34 29
34 49
34 18
34 13
34 9
34 7
34 26
34 21
34 15
34 36
34 47
34 12
34 0
34 11
34 48
34 10
34 40
34 24
34 41
34 1
34 44
18
35 2
35 18
35 49
35 28
35 38
35 6
35 10
35 7
35 46
35 9
35 37
35 12
35 19
35 42
35 25
35 32
35 34
35 11
13
36 30
36 39
36 47
36 19
36 26
36 41
36 1
36 44
36 17
36 48
36 6
36 24
36 2
16
37 25
37 11
37 5
37 48
37 44
37 38
37 21
37 16
37 23
37 13
37 17
37 36
37 43
37 42
37 27
37 32
17
38 44
38 28
38 42
38 16
38 43
38 36
38 13
38 46
38 25
38 23
38 41
38 18
38 34
38 9
38 22
38 40
38 2
23
39 2
39 49
39 24
39 20
39 23
39 17
39 47
39 27
39 44
39 1
39 30
39 22
39 42
39 26
39 4
39 15
39 37
39 12
39 45
39 46
39 29
39 3
39 16
23
40 22
40 14
40 11
40 9
40 21
40 2
40 5
40 45
40 48
40 20
40 7
40 35
40 18
40 43
40 25
40 12
40 49
40 36
40 41
40 8
40 44
40 39
40 17
24
41 29
41 22
41 39
41 13
41 9
41 1
41 25
41 45
41 33
41 42
41 19
41 32
41 47
41 48
41 7
41 43
41 12
41 35
41 49
41 15
41 8
41 31
41 37
41 20
20
42 27
42 22
42 21
42 40
42 16
42 26
42 17
42 46
42 18
42 8
42 15
42 28
42 14
42 4
42 6
42 7
42 29
42 24
42 43
42 11
24
43 11
43 4
43 17
43 34
43 8
43 13
43 29
43 21
43 25
43 24
43 30
43 23
43 33
43 35
43 49
43 15
43 6
43 32
43 2
43 39
43 18
43 9
43 44
43 45
12
44 33
44 20
44 4
44 35
44 12
44 16
44 1
44 6
44 41
44 14
44 28
44 9
18
45 28
45 46
45 49
45 42
45 38
45 34
45 23
45 13
45 30
45 29
45 37
45 10
45 44
45 24
45 14
45 5
45 22
45 36
18
46 29
46 4
46 49
46 5
46 14
46 25
46 43
46 36
46 12
46 48
46 40
46 44
46 41
46 22
46 9
46 28
46 18
46 3
20
47 37
47 12
47 48
47 42
47 25
47 30
47 8
47 4
47 0
47 11
47 5
47 10
47 27
47 33
47 49
47 17
47 22
47 23
47 43
47 45
17
48 31
48 20
48 49
48 30
48 42
48 9
48 0
48 4
48 12
48 45
48 44
48 6
48 13
48 18
48 11
48 3
48 39
15
49 11
49 24
49 7
49 5
49 16
49 12
49 42
49 18
49 17
49 0
49 26
49 4
49 8
49 27
49 2
