50
0 "A4"
1 "A22"
2 "A38"
3 "A33"
4 "A14"
5 "A3"
6 "A28"
7 "A21"
8 "A13"
9 "A25"
10 "A41"
11 "A36"
12 "A46"
13 "A30"
14 "A7"
15 "A17"
16 "A42"
17 "A31"
18 "A45"
19 "A0"
20 "A48"
21 "A47"
22 "A40"
23 "A11"
24 "A32"
25 "A2"
26 "A19"
27 "A44"
28 "A5"
29 "A6"
30 "A8"
31 "A12"
32 "A34"
33 "A26"
34 "A35"
35 "A43"
36 "A10"
37 "A16"
38 "A20"
39 "A29"
40 "A37"
41 "A18"
42 "A27"
43 "A49"
44 "A23"
45 "A15"
46 "A9"
47 "A1"
48 "A24"
49 "A39"
18
0 29
0 31
0 40
0 49
0 39
0 15
0 18
0 2
0 20
0 47
0 28
0 25
0 3
0 12
0 17
0 7
0 30
0 11
20
1 11
1 37
1 47
1 32
1 8
1 15
1 42
1 13
1 4
1 41
1 31
1 19
1 14
1 24
1 10
1 9
1 23
1 34
1 3
1 25
19
2 45
2 43
2 34
2 16
2 5
2 32
2 38
2 24
2 25
2 15
2 13
2 27
2 11
2 1
2 12
2 21
2 26
2 10
2 39
19
3 34
3 6
3 11
3 48
3 4
3 25
3 2
3 44
3 8
3 7
3 33
3 35
3 36
3 20
3 26
3 31
3 22
3 40
3 45
23
4 44
4 22
4 19
4 12
4 18
4 28
4 45
4 42
4 7
4 38
4 5
4 15
4 41
4 14
4 40
4 10
4 23
4 48
4 31
4 27
4 49
4 33
4 46
22
5 15
5 44
5 43
5 28
5 27
5 24
5 7
5 21
5 25
5 39
5 11
5 35
5 0
5 13
5 31
5 37
5 1
5 20
5 9
5 34
5 41
5 14
21
6 7
6 20
6 43
6 21
6 5
6 0
6 42
6 18
6 8
6 45
6 14
6 26
6 10
6 12
6 40
6 23
6 34
6 28
6 48
6 19
6 37
17
7 21
7 14
7 43
7 13
7 2
7 17
7 48
7 36
7 1
7 37
7 10
7 26
7 28
7 47
7 18
7 20
7 8
20
8 18
8 49
8 4
8 45
8 46
8 41
8 0
8 38
8 9
8 22
8 5
8 35
8 32
8 47
8 33
8 23
8 43
8 27
8 44
8 40
18
9 14
9 32
9 44
9 13
9 39
9 49
9 48
9 29
9 15
9 47
9 7
9 11
9 43
9 3
9 12
9 20
9 6
9 34
20
10 43
10 3
10 16
10 0
10 30
10 35
10 8
10 25
10 47
10 42
10 29
10 24
10 37
10 18
10 41
10 49
10 17
10 34
10 9
10 28
19
11 15
11 43
11 10
11 36
11 41
11 13
11 31
11 28
11 47
11 33
11 17
11 22
11 8
11 24
11 34
11 30
11 26
11 38
11 37
15
12 8
12 19
12 44
12 25
12 17
12 3
12 1
12 26
12 27
12 18
12 36
12 14
12 42
12 7
12 10
21
13 4
13 47
13 8
13 45
13 27
13 24
13 17
13 41
13 19
13 12
13 43
13 10
13 0
13 48
13 6
13 44
13 20
13 36
13 46
13 38
13 28
18
14 21
14 3
14 37
14 35
14 41
14 2
14 45
14 24
14 48
14 25
14 49
14 33
14 0
14 39
14 11
14 18
14 13
14 29
23
15 14
15 22
15 19
15 34
15 26
15 38
15 21
15 12
15 13
15 43
15 6
15 28
15 25
15 30
15 7
15 24
15 42
15 10
15 16
15 48
15 37
15 46
15 45
21
16 36
16 18
16 23
16 11
16 12
16 39
16 14
16 31
16 8
16 0
16 1
16 46
16 32
16 17
16 43
16 13
16 38
16 28
16 34
16 9
16 25
17
17 4
17 32
17 41
17 34
17 45
17 14
17 40
17 21
17 6
17 5
17 9
17 3
17 20
17 39
17 37
17 1
17 2
16
18 2
18 15
18 35
18 1
18 31
18 45
18 34
18 49
18 5
18 46
18 27
18 11
18 48
18 3
18 19
18 38
23
19 2
19 5
19 40
19 11
19 36
19 22
19 28
19 29
19 16
19 27
19 17
19 49
19 9
19 44
19 34
19 37
19 14
19 46
19 8
19 10
19 23
19 3
19 0
16
20 15
20 16
20 23
20 37
20 40
20 11
20 24
20 32
20 27
20 1
20 19
20 44
20 10
20 46
20 18
20 43
23
21 19
21 3
21 18
21 48
21 32
21 8
21 42
21 24
21 49
21 10
21 16
21 4
21 9
21 12
21 35
21 13
21 1
21 22
21 40
21 25
21 30
21 11
21 34
24
22 34
22 0
22 7
22 23
22 25
22 16
22 5
22 31
22 46
22 28
22 12
22 1
22 47
22 17
22 2
22 10
22 14
22 6
22 18
22 39
22 9
22 44
22 40
22 41
26
23 15
23 14
23 12
23 26
23 39
23 29
23 0
23 40
23 18
23 42
23 2
23 9
23 21
23 38
23 45
23 5
23 33
23 35
23 7
23 10
23 17
23 41
23 48
23 3
23 31
23 11
13
24 25
24 4
24 17
24 6
24 7
24 43
24 37
24 26
24 32
24 3
24 46
24 47
24 9
18
25 8
25 28
25 9
25 7
25 40
25 17
25 48
25 23
25 41
25 11
25 4
25 13
25 29
25 39
25 19
25 47
25 18
25 35
21
26 9
26 40
26 13
26 10
26 14
26 34
26 43
26 46
26 25
26 16
26 19
26 39
26 22
26 32
26 20
26 36
26 18
26 5
26 0
26 31
26 21
18
27 43
27 36
27 0
27 31
27 14
27 48
27 10
27 23
27 33
27 46
27 11
27 17
27 32
27 1
27 16
27 7
27 6
27 44
18
28 17
28 39
28 2
28 21
28 44
28 24
28 47
28 35
28 29
28 1
28 3
28 14
28 8
28 27
28 18
28 20
28 38
28 48
20
29 13
29 30
29 18
29 40
29 37
29 5
29 21
29 24
29 35
29 47
29 46
29 6
29 26
29 16
29 12
29 4
29 49
29 7
29 42
29 39
29
30 44
30 39
30 1
30 33
30 32
30 26
30 27
30 16
30 36
30 35
30 6
30 4
30 25
30 46
30 34
30 18
30 9
30 41
30 7
30 5
30 24
30 17
30 22
30 3
30 13
30 12
30 23
30 49
30 40
19
31 46
31 43
31 25
31 32
31 6
31 9
31 29
31 8
31 41
31 20
31 24
31 7
31 10
31 14
31 21
31 35
31 47
31 12
31 19
19
32 4
32 44
32 48
32 22
32 13
32 5
32 29
32 19
32 28
32 37
32 6
32 11
32 49
32 36
32 7
32 43
32 15
32 18
32 3
25
33 6
33 12
33 26
33 16
33 10
33 43
33 24
33 5
33 21
33 18
33 39
33 28
33 9
33 7
33 46
33 31
33 20
33 37
33 13
33 15
33 25
33 0
33 48
33 2
33 41
19
34 7
34 40
34 4
34 43
34 41
34 20
34 24
34 23
34 46
34 35
34 31
34 27
34 0
34 37
34 12
34 25
34 32
34 49
34 14
24
35 38
35 26
35 0
35 27
35 41
35 49
35 37
35 39
35 42
35 20
35 19
35 47
35 11
35 1
35 24
35 45
35 9
35 7
35 33
35 17
35 22
35 4
35 12
35 16
17
36 10
36 8
36 33
36 9
36 1
36 42
36 28
36 18
36 25
36 35
36 22
36 5
36 17
36 29
36 2
36 46
36 31
18
37 49
37 41
37 39
37 18
37 47
37 48
37 12
37 28
37 3
37 36
37 27
37 0
37 26
37 22
37 13
37 30
37 31
37 4
21
38 17
38 34
38 26
38 1
38 12
38 29
38 21
38 7
38 24
38 46
38 10
38 37
38 45
38 33
38 19
38 42
38 31
38 48
38 47
38 0
38 3
20
39 13
39 27
39 34
39 24
39 11
39 40
39 4
39 12
39 1
39 38
39 41
39 36
39 48
39 10
39 42
39 15
39 32
39 44
39 20
39 21
16
40 38
40 43
40 27
40 41
40 44
40 28
40 35
40 31
40 16
40 46
40 9
40 2
40 13
40 12
40 7
40 24
19
41 36
41 15
41 38
41 7
41 3
41 46
41 27
41 9
41 47
41 16
41 26
41 45
41 28
41 2
41 48
41 18
41 6
41 29
41 24
22
42 32
42 7
42 24
42 33
42 48
42 13
42 20
42 3
42 22
42 19
42 9
42 46
42 25
42 8
42 18
42 16
42 27
42 34
42 37
42 31
42 28
42 47
13
43 3
43 39
43 44
43 21
43 25
43 19
43 22
43 18
43 28
43 14
43 36
43 35
43 17
23
44 6
44 47
44 34
44 45
44 15
44 14
44 49
44 21
44 10
44 31
44 17
44 18
44 48
44 11
44 37
44 25
44 23
44 29
44 26
44 2
44 35
44 41
44 24
22
45 19
45 40
45 28
45 29
45 33
45 48
45 25
45 7
45 12
45 27
45 30
45 34
45 49
45 32
45 26
45 0
45 47
45 16
45 21
45 24
45 9
45 42
16
46 43
46 35
46 1
46 48
46 10
46 6
46 17
46 9
46 23
46 12
46 47
46 45
46 32
46 44
46 37
46 0
18
47 2
47 14
47 20
47 4
47 12
47 18
47 26
47 17
47 36
47 16
47 3
47 5
47 48
47 43
47 40
47 21
47 15
47 39
9
48 16
48 0
48 2
48 29
48 17
48 34
48 8
48 1
48 12
24
49 26
49 33
49 23
49 16
49 15
49 12
49 41
49 7
49 40
49 2
49 31
49 1
49 17
49 3
49 13
49 20
49 6
49 27
49 42
49 36
49 47
49 43
49 28
49 11
