50
0 "A4"
1 "A22"
2 "A38"
3 "A33"
4 "A14"
5 "A3"
6 "A28"
7 "A21"
8 "A13"
9 "A25"
10 "A41"
11 "A36"
12 "A46"
13 "A30"
14 "A7"
15 "A17"
16 "A42"
17 "A31"
18 "A45"
19 "A0"
20 "A48"
21 "A47"
22 "A40"
23 "A11"
24 "A32"
25 "A2"
26 "A19"
27 "A44"
28 "A5"
29 "A6"
30 "A8"
31 "A12"
32 "A34"
33 "A26"
34 "A35"
35 "A43"
36 "A10"
37 "A16"
38 "A20"
39 "A29"
40 "A37"
41 "A18"
42 "A27"
43 "A49"
44 "A23"
45 "A15"
46 "A9"
47 "A1"
48 "A24"
49 "A39"
20
0 26
0 39
0 46
0 25
0 29
0 32
0 16
0 15
0 7
0 42
0 40
0 37
0 4
0 22
0 9
0 20
0 12
0 2
0 47
0 28
20
1 14
1 4
1 27
1 7
1 3
1 0
1 28
1 45
1 44
1 29
1 41
1 35
1 12
1 17
1 21
1 48
1 47
1 16
1 40
1 32
14
2 23
2 47
2 35
2 14
2 19
2 24
2 32
2 49
2 39
2 5
2 25
2 17
2 12
2 8
25
3 9
3 44
3 13
3 35
3 32
3 33
3 43
3 17
3 47
3 19
3 7
3 10
3 20
3 8
3 27
3 12
3 38
3 24
3 42
3 4
3 26
3 18
3 2
3 25
3 49
17
4 37
4 25
4 19
4 14
4 22
4 18
4 36
4 31
4 23
4 20
4 34
4 21
4 12
4 13
4 6
4 45
4 30
20
5 16
5 45
5 46
5 10
5 24
5 36
5 41
5 37
5 14
5 31
5 6
5 15
5 49
5 23
5 1
5 29
5 9
5 21
5 17
5 4
18
6 29
6 24
6 40
6 12
6 32
6 0
6 37
6 25
6 1
6 44
6 49
6 16
6 15
6 45
6 3
6 41
6 39
6 30
21
7 14
7 19
7 37
7 15
7 41
7 36
7 6
7 16
7 42
7 33
7 20
7 40
7 32
7 2
7 21
7 39
7 38
7 5
7 34
7 18
7 4
17
8 14
8 22
8 41
8 40
8 43
8 42
8 0
8 24
8 30
8 5
8 10
8 31
8 48
8 38
8 1
8 37
8 26
20
9 12
9 7
9 37
9 28
9 11
9 43
9 35
9 31
9 20
9 6
9 1
9 4
9 48
9 45
9 27
9 15
9 36
9 39
9 49
9 34
18
10 21
10 6
10 28
10 46
10 36
10 9
10 4
10 38
10 37
10 45
10 27
10 40
10 48
10 44
10 14
10 49
10 7
10 2
26
11 25
11 23
11 7
11 49
11 46
11 44
11 47
11 39
11 15
11 1
11 14
11 37
11 33
11 12
11 0
11 10
11 40
11 43
11 42
11 8
11 2
11 3
11 18
11 6
11 4
11 45
15
12 29
12 33
12 28
12 35
12 13
12 43
12 27
12 25
12 41
12 10
12 42
12 30
12 31
12 39
12 44
24
13 2
13 11
13 30
13 46
13 22
13 39
13 5
13 42
13 10
13 16
13 45
13 31
13 1
13 33
13 6
13 9
13 0
13 15
13 21
13 44
13 19
13 38
13 49
13 36
20
14 40
14 21
14 32
14 49
14 18
14 46
14 15
14 13
14 28
14 0
14 37
14 29
14 42
14 22
14 12
14 25
14 45
14 48
14 9
14 24
17
15 8
15 39
15 16
15 48
15 10
15 12
15 35
15 36
15 42
15 30
15 3
15 34
15 2
15 26
15 41
15 18
15 20
18
16 30
16 23
16 24
16 39
16 27
16 28
16 9
16 46
16 2
16 35
16 31
16 41
16 12
16 4
16 10
16 44
16 14
16 33
21
17 34
17 11
17 15
17 7
17 27
17 18
17 10
17 19
17 48
17 12
17 4
17 25
17 0
17 14
17 24
17 42
17 6
17 49
17 8
17 40
17 9
23
18 49
18 9
18 21
18 29
18 40
18 8
18 32
18 20
18 0
18 46
18 6
18 2
18 36
18 10
18 47
18 22
18 1
18 42
18 5
18 44
18 28
18 45
18 38
16
19 10
19 12
19 37
19 0
19 25
19 28
19 43
19 33
19 29
19 44
19 14
19 9
19 46
19 8
19 18
19 35
18
20 28
20 32
20 24
20 13
20 8
20 1
20 19
20 14
20 39
20 34
20 38
20 16
20 5
20 27
20 11
20 47
20 2
20 6
26
21 39
21 30
21 0
21 26
21 16
21 31
21 36
21 19
21 20
21 32
21 6
21 24
21 45
21 38
21 43
21 35
21 15
21 2
21 42
21 34
21 28
21 22
21 11
21 3
21 23
21 25
18
22 43
22 2
22 28
22 48
22 20
22 11
22 7
22 33
22 12
22 42
22 49
22 15
22 5
22 3
22 17
22 41
22 19
22 35
24
23 44
23 29
23 25
23 18
23 8
23 43
23 7
23 22
23 10
23 1
23 40
23 15
23 9
23 13
23 45
23 42
23 28
23 27
23 48
23 20
23 3
23 34
23 38
23 12
24
24 12
24 1
24 45
24 42
24 49
24 26
24 36
24 19
24 7
24 11
24 0
24 18
24 41
24 25
24 27
24 28
24 30
24 48
24 29
24 4
24 31
24 33
24 22
24 23
19
25 44
25 16
25 36
25 22
25 28
25 20
25 41
25 37
25 39
25 9
25 35
25 13
25 29
25 31
25 5
25 18
25 8
25 15
25 40
18
26 7
26 17
26 2
26 16
26 6
26 27
26 19
26 33
26 42
26 14
26 22
26 20
26 39
26 35
26 10
26 31
26 13
26 49
13
27 48
27 45
27 14
27 36
27 5
27 6
27 2
27 4
27 25
27 15
27 21
27 18
27 31
15
28 6
28 3
28 4
28 5
28 46
28 30
28 27
28 47
28 34
28 7
28 26
28 29
28 37
28 35
28 48
19
29 4
29 32
29 22
29 34
29 10
29 45
29 26
29 2
29 3
29 8
29 36
29 17
29 33
29 21
29 37
29 16
29 38
29 9
29 35
23
30 10
30 17
30 14
30 49
30 38
30 48
30 37
30 33
30 35
30 9
30 22
30 5
30 3
30 19
30 23
30 25
30 2
30 27
30 0
30 43
30 29
30 32
30 11
22
31 6
31 0
31 42
31 28
31 40
31 22
31 48
31 18
31 1
31 36
31 2
31 20
31 11
31 29
31 47
31 10
31 3
31 38
31 14
31 23
31 33
31 30
21
32 25
32 43
32 31
32 28
32 22
32 13
32 40
32 5
32 12
32 46
32 24
32 23
32 45
32 8
32 34
32 42
32 48
32 4
32 41
32 39
32 15
16
33 28
33 8
33 49
33 18
33 32
33 15
33 9
33 14
33 34
33 47
33 42
33 17
33 6
33 2
33 0
33 5
22
34 49
34 25
34 37
34 31
34 24
34 22
34 27
34 26
34 12
34 5
34 35
34 1
34 13
34 46
34 10
34 14
34 0
34 38
34 48
34 18
34 19
34 16
15
35 38
35 49
35 17
35 24
35 43
35 42
35 4
35 5
35 45
35 27
35 32
35 41
35 33
35 14
35 8
20
36 23
36 0
36 16
36 41
36 44
36 42
36 19
36 46
36 35
36 3
36 34
36 6
36 22
36 26
36 30
36 14
36 2
36 12
36 38
36 33
20
37 43
37 13
37 12
37 24
37 41
37 16
37 32
37 21
37 31
37 15
37 42
37 26
37 33
37 20
37 17
37 23
37 18
37 22
37 2
37 36
24
38 37
38 49
38 16
38 43
38 4
38 11
38 0
38 32
38 14
38 17
38 24
38 19
38 9
38 42
38 39
38 2
38 15
38 5
38 6
38 41
38 1
38 28
38 45
38 33
21
39 34
39 45
39 36
39 28
39 30
39 3
39 31
39 48
39 22
39 35
39 4
39 17
39 27
39 37
39 19
39 42
39 24
39 14
39 10
39 47
39 46
25
40 3
40 9
40 35
40 16
40 20
40 27
40 38
40 4
40 24
40 34
40 48
40 19
40 28
40 49
40 41
40 42
40 29
40 21
40 2
40 44
40 15
40 12
40 36
40 5
40 22
14
41 47
41 30
41 45
41 23
41 9
41 4
41 34
41 28
41 14
41 48
41 21
41 3
41 20
41 19
17
42 2
42 34
42 9
42 5
42 16
42 4
42 25
42 44
42 10
42 20
42 29
42 27
42 19
42 1
42 30
42 6
42 28
19
43 48
43 4
43 10
43 33
43 20
43 6
43 5
43 44
43 36
43 13
43 16
43 40
43 7
43 25
43 18
43 14
43 45
43 39
43 26
19
44 35
44 17
44 15
44 26
44 45
44 14
44 27
44 7
44 24
44 32
44 20
44 38
44 0
44 28
44 9
44 39
44 34
44 22
44 33
15
45 8
45 12
45 20
45 25
45 3
45 49
45 28
45 42
45 2
45 16
45 19
45 22
45 7
45 30
45 0
24
46 25
46 33
46 4
46 30
46 22
46 15
46 27
46 35
46 24
46 45
46 2
46 41
46 9
46 44
46 21
46 48
46 38
46 31
46 29
46 49
46 17
46 8
46 3
46 7
28
47 6
47 26
47 46
47 22
47 16
47 14
47 25
47 37
47 30
47 17
47 36
47 12
47 49
47 10
47 23
47 32
47 21
47 27
47 29
47 38
47 34
47 48
47 19
47 13
47 43
47 42
47 9
47 15
18
48 3
48 16
48 38
48 20
48 5
48 44
48 35
48 25
48 13
48 11
48 33
48 18
48 7
48 49
48 0
48 2
48 36
48 21
13
49 25
49 0
49 19
49 27
49 21
49 31
49 37
49 36
49 39
49 8
49 15
49 44
49 20
