50
0 "A2"
1 "A36"
2 "A12"
3 "A43"
4 "A10"
5 "A17"
6 "A46"
7 "A28"
8 "A24"
9 "A49"
10 "A33"
11 "A42"
12 "A38"
13 "A20"
14 "A21"
15 "A27"
16 "A45"
17 "A8"
18 "A44"
19 "A9"
20 "A1"
21 "A6"
22 "A15"
23 "A39"
24 "A29"
25 "A14"
26 "A35"
27 "A37"
28 "A7"
29 "A32"
30 "A13"
31 "A3"
32 "A40"
33 "A0"
34 "A4"
35 "A30"
36 "A18"
37 "A19"
38 "A26"
39 "A11"
40 "A34"
41 "A16"
42 "A41"
43 "A5"
44 "A25"
45 "A48"
46 "A47"
47 "A23"
48 "A22"
49 "A31"
24
0 44
0 31
0 13
0 18
0 1
0 6
0 14
0 12
0 19
0 38
0 37
0 11
0 26
0 48
0 7
0 41
0 10
0 21
0 23
0 22
0 2
0 9
0 29
0 28
21
1 16
1 7
1 8
1 6
1 5
1 39
1 46
1 30
1 40
1 21
1 17
1 44
1 34
1 4
1 42
1 26
1 47
1 18
1 37
1 13
1 9
19
2 45
2 22
2 4
2 17
2 48
2 26
2 32
2 44
2 14
2 16
2 46
2 34
2 10
2 9
2 11
2 28
2 20
2 21
2 24
19
3 15
3 18
3 7
3 26
3 21
3 49
3 8
3 24
3 38
3 29
3 40
3 48
3 35
3 33
3 10
3 28
3 44
3 32
3 1
23
4 22
4 36
4 21
4 30
4 0
4 34
4 19
4 10
4 13
4 42
4 31
4 9
4 37
4 15
4 3
4 39
4 25
4 29
4 46
4 35
4 18
4 45
4 7
23
5 21
5 4
5 16
5 42
5 46
5 35
5 30
5 19
5 43
5 11
5 31
5 45
5 9
5 17
5 22
5 0
5 28
5 34
5 6
5 47
5 15
5 44
5 41
16
6 37
6 24
6 48
6 29
6 3
6 30
6 13
6 44
6 46
6 26
6 22
6 39
6 4
6 17
6 2
6 14
19
7 18
7 35
7 31
7 19
7 48
7 23
7 34
7 6
7 38
7 47
7 2
7 44
7 43
7 12
7 9
7 37
7 15
7 28
7 49
21
8 7
8 18
8 26
8 39
8 0
8 48
8 11
8 15
8 19
8 28
8 38
8 10
8 12
8 40
8 49
8 41
8 47
8 22
8 34
8 2
8 9
21
9 14
9 40
9 25
9 34
9 16
9 31
9 44
9 28
9 18
9 22
9 36
9 42
9 12
9 41
9 27
9 49
9 24
9 15
9 38
9 32
9 46
15
10 29
10 27
10 23
10 45
10 15
10 33
10 16
10 9
10 1
10 39
10 7
10 18
10 6
10 32
10 30
18
11 21
11 23
11 15
11 10
11 30
11 7
11 33
11 25
11 44
11 12
11 20
11 31
11 35
11 17
11 13
11 26
11 9
11 3
17
12 26
12 44
12 39
12 29
12 30
12 28
12 5
12 16
12 33
12 10
12 1
12 19
12 15
12 6
12 41
12 24
12 3
20
13 14
13 30
13 44
13 17
13 38
13 26
13 3
13 8
13 37
13 36
13 21
13 12
13 48
13 5
13 40
13 49
13 47
13 45
13 7
13 15
25
14 47
14 3
14 33
14 18
14 29
14 49
14 37
14 46
14 7
14 24
14 30
14 21
14 48
14 5
14 26
14 4
14 35
14 43
14 17
14 34
14 42
14 12
14 20
14 23
14 1
17
15 16
15 27
15 33
15 24
15 21
15 14
15 44
15 1
15 42
15 41
15 31
15 47
15 6
15 43
15 2
15 37
15 23
18
16 11
16 0
16 13
16 26
16 40
16 27
16 7
16 21
16 4
16 3
16 48
16 37
16 32
16 33
16 29
16 35
16 45
16 49
20
17 18
17 7
17 16
17 8
17 45
17 47
17 28
17 9
17 30
17 21
17 10
17 25
17 48
17 4
17 26
17 23
17 3
17 43
17 31
17 12
18
18 37
18 41
18 24
18 15
18 25
18 22
18 12
18 5
18 36
18 42
18 2
18 26
18 6
18 28
18 32
18 34
18 11
18 35
20
19 18
19 17
19 16
19 13
19 25
19 42
19 21
19 2
19 46
19 24
19 36
19 31
19 29
19 41
19 22
19 39
19 3
19 9
19 37
19 11
25
20 5
20 18
20 30
20 9
20 16
20 6
20 27
20 26
20 0
20 19
20 22
20 40
20 47
20 7
20 23
20 8
20 36
20 35
20 42
20 24
20 21
20 1
20 12
20 10
20 41
12
21 18
21 32
21 7
21 42
21 47
21 12
21 49
21 29
21 35
21 8
21 10
21 34
23
22 34
22 17
22 49
22 26
22 25
22 11
22 41
22 38
22 39
22 36
22 16
22 43
22 48
22 10
22 40
22 46
22 23
22 12
22 24
22 42
22 3
22 7
22 30
18
23 38
23 28
23 37
23 13
23 18
23 25
23 16
23 45
23 41
23 2
23 21
23 5
23 43
23 42
23 6
23 32
23 3
23 9
19
24 10
24 48
24 0
24 17
24 31
24 41
24 13
24 23
24 46
24 4
24 39
24 43
24 38
24 34
24 45
24 16
24 11
24 26
24 21
22
25 38
25 32
25 24
25 39
25 0
25 34
25 16
25 12
25 8
25 5
25 1
25 46
25 26
25 20
25 37
25 7
25 15
25 3
25 35
25 6
25 41
25 30
17
26 7
26 32
26 30
26 15
26 19
26 27
26 31
26 49
26 4
26 38
26 23
26 28
26 41
26 9
26 33
26 10
26 46
22
27 14
27 0
27 42
27 37
27 34
27 7
27 11
27 35
27 25
27 23
27 6
27 18
27 48
27 4
27 19
27 38
27 43
27 17
27 12
27 2
27 21
27 3
16
28 46
28 25
28 33
28 6
28 11
28 37
28 47
28 39
28 20
28 4
28 13
28 14
28 24
28 34
28 48
28 19
22
29 26
29 31
29 18
29 25
29 15
29 41
29 5
29 9
29 35
29 37
29 49
29 2
29 20
29 43
29 8
29 33
29 23
29 30
29 1
29 40
29 36
29 13
19
30 35
30 46
30 8
30 32
30 18
30 21
30 48
30 16
30 33
30 0
30 27
30 9
30 3
30 28
30 34
30 40
30 7
30 19
30 36
18
31 49
31 46
31 34
31 2
31 40
31 37
31 43
31 28
31 33
31 23
31 27
31 21
31 18
31 25
31 12
31 47
31 38
31 1
21
32 38
32 20
32 22
32 19
32 47
32 37
32 44
32 42
32 4
32 28
32 46
32 24
32 49
32 13
32 17
32 36
32 1
32 31
32 7
32 29
32 33
21
33 37
33 13
33 21
33 41
33 0
33 6
33 34
33 5
33 45
33 43
33 38
33 39
33 19
33 18
33 46
33 2
33 9
33 1
33 47
33 7
33 17
19
34 32
34 48
34 44
34 15
34 12
34 3
34 17
34 13
34 11
34 19
34 23
34 29
34 41
34 42
34 38
34 20
34 0
34 37
34 36
20
35 8
35 33
35 23
35 37
35 2
35 1
35 48
35 12
35 9
35 28
35 32
35 13
35 19
35 41
35 34
35 15
35 40
35 31
35 36
35 0
21
36 12
36 15
36 39
36 40
36 41
36 33
36 6
36 16
36 25
36 14
36 5
36 3
36 1
36 17
36 10
36 2
36 24
36 7
36 23
36 45
36 0
17
37 3
37 10
37 9
37 44
37 36
37 17
37 46
37 5
37 11
37 26
37 47
37 41
37 40
37 8
37 38
37 2
37 20
19
38 10
38 39
38 5
38 4
38 28
38 11
38 18
38 49
38 19
38 6
38 47
38 17
38 36
38 46
38 21
38 1
38 43
38 12
38 30
19
39 35
39 23
39 26
39 29
39 9
39 16
39 46
39 15
39 11
39 45
39 21
39 13
39 31
39 5
39 44
39 30
39 20
39 2
39 32
23
40 19
40 7
40 48
40 5
40 6
40 27
40 34
40 15
40 26
40 17
40 11
40 28
40 45
40 25
40 41
40 39
40 12
40 43
40 0
40 33
40 23
40 14
40 10
17
41 28
41 32
41 45
41 47
41 17
41 27
41 16
41 7
41 46
41 11
41 3
41 38
41 30
41 13
41 6
41 14
41 43
22
42 13
42 49
42 12
42 6
42 16
42 25
42 33
42 35
42 17
42 28
42 43
42 39
42 31
42 24
42 0
42 26
42 37
42 38
42 40
42 46
42 30
42 2
15
43 39
43 36
43 8
43 28
43 2
43 6
43 9
43 45
43 35
43 19
43 49
43 13
43 37
43 25
43 47
20
44 21
44 43
44 31
44 35
44 27
44 36
44 26
44 45
44 22
44 33
44 42
44 8
44 18
44 49
44 30
44 46
44 38
44 47
44 17
44 23
21
45 29
45 28
45 31
45 20
45 1
45 26
45 9
45 14
45 37
45 48
45 30
45 25
45 38
45 12
45 0
45 19
45 35
45 7
45 15
45 18
45 21
13
46 13
46 43
46 12
46 40
46 34
46 18
46 23
46 27
46 15
46 48
46 8
46 45
46 11
20
47 9
47 6
47 23
47 4
47 29
47 48
47 0
47 49
47 19
47 18
47 25
47 26
47 45
47 39
47 3
47 35
47 27
47 36
47 34
47 42
20
48 11
48 43
48 23
48 18
48 10
48 44
48 26
48 32
48 29
48 25
48 39
48 42
48 31
48 20
48 5
48 1
48 19
48 12
48 36
48 41
25
49 46
49 41
49 23
49 4
49 30
49 39
49 24
49 5
49 36
49 6
49 18
49 15
49 28
49 45
49 40
49 27
49 37
49 10
49 11
49 0
49 34
49 25
49 12
49 35
49 1
