50
0 "A2"
1 "A36"
2 "A12"
3 "A43"
4 "A10"
5 "A17"
6 "A46"
7 "A28"
8 "A24"
9 "A49"
10 "A33"
11 "A42"
12 "A38"
13 "A20"
14 "A21"
15 "A27"
16 "A45"
17 "A8"
18 "A44"
19 "A9"
20 "A1"
21 "A6"
22 "A15"
23 "A39"
24 "A29"
25 "A14"
26 "A35"
27 "A37"
28 "A7"
29 "A32"
30 "A13"
31 "A3"
32 "A40"
33 "A0"
34 "A4"
35 "A30"
36 "A18"
37 "A19"
38 "A26"
39 "A11"
40 "A34"
41 "A16"
42 "A41"
43 "A5"
44 "A25"
45 "A48"
46 "A47"
47 "A23"
48 "A22"
49 "A31"
14
0 41
0 10
0 1
0 8
0 49
0 39
0 24
0 37
0 12
0 18
0 3
0 13
0 42
0 32
16
1 35
1 26
1 9
1 2
1 37
1 10
1 46
1 19
1 15
1 20
1 39
1 22
1 8
1 27
1 29
1 7
20
2 32
2 22
2 46
2 9
2 28
2 18
2 31
2 24
2 5
2 7
2 30
2 4
2 15
2 44
2 39
2 42
2 8
2 20
2 47
2 40
22
3 45
3 38
3 24
3 32
3 15
3 13
3 39
3 31
3 23
3 34
3 35
3 33
3 49
3 26
3 2
3 41
3 10
3 14
3 30
3 7
3 46
3 1
21
4 33
4 36
4 22
4 30
4 28
4 48
4 43
4 12
4 34
4 6
4 3
4 26
4 37
4 17
4 25
4 24
4 7
4 1
4 0
4 5
4 32
22
5 17
5 15
5 46
5 16
5 47
5 9
5 12
5 29
5 33
5 34
5 26
5 8
5 0
5 3
5 14
5 1
5 48
5 22
5 36
5 19
5 21
5 30
21
6 39
6 36
6 5
6 32
6 35
6 19
6 31
6 43
6 3
6 0
6 47
6 29
6 49
6 34
6 7
6 30
6 20
6 37
6 2
6 42
6 21
20
7 35
7 8
7 9
7 21
7 18
7 19
7 5
7 44
7 37
7 42
7 14
7 49
7 48
7 34
7 16
7 36
7 40
7 17
7 0
7 31
18
8 11
8 29
8 20
8 6
8 26
8 39
8 24
8 27
8 47
8 32
8 44
8 18
8 25
8 37
8 43
8 36
8 4
8 46
16
9 4
9 28
9 10
9 22
9 44
9 31
9 19
9 38
9 36
9 45
9 12
9 40
9 11
9 8
9 0
9 17
26
10 13
10 29
10 35
10 49
10 15
10 24
10 23
10 28
10 8
10 34
10 31
10 7
10 43
10 30
10 39
10 5
10 4
10 42
10 14
10 19
10 22
10 47
10 6
10 33
10 38
10 32
18
11 27
11 14
11 31
11 28
11 34
11 49
11 2
11 21
11 42
11 10
11 35
11 37
11 17
11 32
11 0
11 33
11 6
11 1
18
12 32
12 44
12 8
12 37
12 23
12 11
12 45
12 14
12 6
12 15
12 21
12 47
12 7
12 10
12 3
12 24
12 42
12 16
29
13 4
13 47
13 37
13 43
13 2
13 35
13 22
13 26
13 32
13 16
13 5
13 25
13 45
13 12
13 21
13 39
13 15
13 6
13 38
13 11
13 27
13 34
13 1
13 17
13 36
13 9
13 42
13 46
13 44
21
14 4
14 19
14 15
14 24
14 49
14 8
14 41
14 27
14 1
14 43
14 16
14 13
14 20
14 30
14 28
14 25
14 18
14 2
14 21
14 17
14 40
19
15 6
15 17
15 31
15 11
15 9
15 20
15 18
15 4
15 41
15 35
15 47
15 38
15 32
15 22
15 0
15 7
15 16
15 8
15 27
17
16 35
16 3
16 0
16 38
16 29
16 24
16 25
16 40
16 28
16 4
16 42
16 6
16 23
16 9
16 39
16 18
16 2
16
17 6
17 42
17 12
17 10
17 1
17 25
17 33
17 44
17 0
17 24
17 16
17 38
17 35
17 8
17 31
17 2
17
18 19
18 13
18 10
18 3
18 27
18 49
18 28
18 1
18 39
18 40
18 33
18 31
18 34
18 35
18 47
18 36
18 11
22
19 15
19 20
19 31
19 41
19 16
19 46
19 17
19 38
19 4
19 49
19 45
19 11
19 44
19 39
19 42
19 3
19 13
19 12
19 47
19 2
19 30
19 24
19
20 18
20 45
20 37
20 31
20 5
20 12
20 26
20 40
20 24
20 36
20 29
20 30
20 11
20 10
20 4
20 17
20 49
20 33
20 16
17
21 1
21 46
21 20
21 48
21 32
21 15
21 18
21 40
21 38
21 44
21 47
21 33
21 4
21 19
21 9
21 8
21 39
18
22 29
22 18
22 23
22 0
22 34
22 26
22 12
22 20
22 45
22 16
22 24
22 19
22 11
22 17
22 46
22 33
22 8
22 27
20
23 2
23 32
23 13
23 45
23 7
23 17
23 9
23 30
23 31
23 35
23 48
23 5
23 1
23 25
23 21
23 18
23 27
23 11
23 28
23 0
16
24 9
24 1
24 31
24 23
24 42
24 37
24 36
24 40
24 21
24 18
24 43
24 35
24 13
24 11
24 5
24 41
24
25 19
25 31
25 30
25 41
25 29
25 22
25 34
25 48
25 0
25 5
25 1
25 15
25 20
25 49
25 6
25 46
25 3
25 9
25 2
25 11
25 43
25 32
25 47
25 18
26
26 43
26 17
26 9
26 6
26 29
26 11
26 18
26 37
26 28
26 31
26 12
26 47
26 24
26 19
26 0
26 38
26 16
26 48
26 30
26 23
26 21
26 42
26 14
26 32
26 49
26 2
22
27 35
27 38
27 42
27 45
27 20
27 0
27 29
27 3
27 7
27 10
27 6
27 39
27 26
27 31
27 21
27 4
27 17
27 30
27 41
27 24
27 46
27 44
21
28 27
28 1
28 12
28 42
28 45
28 20
28 5
28 49
28 6
28 44
28 0
28 8
28 41
28 24
28 46
28 15
28 29
28 35
28 17
28 37
28 21
17
29 2
29 38
29 9
29 47
29 23
29 49
29 17
29 12
29 4
29 36
29 24
29 31
29 19
29 7
29 41
29 45
29 0
20
30 49
30 44
30 12
30 22
30 37
30 17
30 15
30 21
30 42
30 43
30 28
30 11
30 47
30 24
30 32
30 48
30 7
30 36
30 35
30 16
20
31 8
31 33
31 4
31 0
31 28
31 16
31 39
31 38
31 43
31 48
31 36
31 12
31 46
31 5
31 14
31 44
31 21
31 30
31 22
31 32
15
32 41
32 43
32 38
32 49
32 46
32 19
32 17
32 28
32 27
32 9
32 20
32 16
32 45
32 14
32 44
19
33 13
33 28
33 8
33 29
33 19
33 12
33 41
33 9
33 2
33 6
33 35
33 30
33 23
33 24
33 27
33 14
33 34
33 25
33 43
22
34 15
34 28
34 41
34 29
34 14
34 21
34 49
34 30
34 12
34 20
34 24
34 16
34 27
34 40
34 17
34 43
34 31
34 23
34 48
34 45
34 8
34 9
13
35 37
35 12
35 20
35 29
35 4
35 5
35 34
35 46
35 40
35 22
35 48
35 32
35 2
25
36 35
36 39
36 16
36 48
36 11
36 44
36 3
36 27
36 0
36 40
36 12
36 17
36 1
36 21
36 15
36 2
36 23
36 25
36 14
36 33
36 34
36 49
36 19
36 28
36 22
17
37 5
37 40
37 36
37 15
37 25
37 38
37 2
37 34
37 3
37 47
37 21
37 10
37 31
37 43
37 48
37 29
37 14
16
38 5
38 2
38 12
38 14
38 39
38 6
38 34
38 25
38 36
38 24
38 4
38 47
38 22
38 33
38 23
38 11
16
39 17
39 33
39 25
39 32
39 40
39 22
39 26
39 48
39 34
39 43
39 12
39 41
39 29
39 35
39 11
39 20
19
40 11
40 30
40 44
40 19
40 38
40 3
40 46
40 13
40 26
40 1
40 0
40 10
40 33
40 4
40 31
40 23
40 28
40 12
40 41
18
41 37
41 13
41 12
41 9
41 17
41 30
41 7
41 21
41 16
41 45
41 6
41 1
41 49
41 5
41 8
41 38
41 2
41 11
22
42 34
42 37
42 38
42 21
42 1
42 47
42 23
42 14
42 29
42 41
42 48
42 5
42 45
42 39
42 20
42 18
42 43
42 36
42 9
42 22
42 40
42 25
17
43 1
43 20
43 0
43 9
43 22
43 23
43 29
43 36
43 44
43 11
43 40
43 15
43 28
43 3
43 41
43 16
43 18
24
44 15
44 29
44 37
44 45
44 20
44 33
44 47
44 26
44 34
44 35
44 10
44 42
44 5
44 41
44 38
44 0
44 46
44 18
44 22
44 3
44 1
44 25
44 14
44 4
20
45 21
45 4
45 30
45 33
45 35
45 39
45 6
45 11
45 0
45 1
45 25
45 24
45 15
45 8
45 17
45 38
45 31
45 7
45 5
45 48
23
46 18
46 20
46 9
46 38
46 49
46 11
46 33
46 36
46 43
46 48
46 39
46 34
46 37
46 30
46 47
46 10
46 14
46 26
46 29
46 16
46 0
46 15
46 6
19
47 48
47 7
47 33
47 11
47 24
47 32
47 17
47 31
47 27
47 16
47 40
47 34
47 43
47 20
47 41
47 36
47 45
47 23
47 9
20
48 44
48 10
48 17
48 49
48 0
48 28
48 14
48 20
48 13
48 11
48 43
48 8
48 3
48 29
48 12
48 16
48 41
48 1
48 6
48 40
22
49 45
49 40
49 8
49 17
49 9
49 16
49 33
49 23
49 47
49 44
49 2
49 27
49 42
49 35
49 31
49 39
49 5
49 37
49 4
49 1
49 38
49 24
