50
0 "A34"
1 "A35"
2 "A31"
3 "A17"
4 "A24"
5 "A16"
6 "A6"
7 "A32"
8 "A11"
9 "A5"
10 "A1"
11 "A43"
12 "A20"
13 "A36"
14 "A30"
15 "A45"
16 "A48"
17 "A13"
18 "A15"
19 "A18"
20 "A4"
21 "A25"
22 "A9"
23 "A37"
24 "A3"
25 "A21"
26 "A41"
27 "A39"
28 "A40"
29 "A12"
30 "A27"
31 "A14"
32 "A19"
33 "A42"
34 "A0"
35 "A49"
36 "A8"
37 "A2"
38 "A38"
39 "A28"
40 "A46"
41 "A33"
42 "A47"
43 "A26"
44 "A7"
45 "A10"
46 "A22"
47 "A29"
48 "A44"
49 "A23"
21
0 31
0 2
0 17
0 18
0 44
0 49
0 48
0 41
0 25
0 14
0 24
0 30
0 26
0 45
0 46
0 4
0 47
0 42
0 1
0 7
0 33
18
1 16
1 44
1 31
1 13
1 26
1 23
1 45
1 10
1 11
1 19
1 15
1 28
1 34
1 24
1 36
1 22
1 37
1 21
20
2 43
2 22
2 8
2 25
2 9
2 12
2 13
2 20
2 46
2 49
2 38
2 29
2 3
2 5
2 35
2 1
2 4
2 31
2 26
2 47
29
3 41
3 22
3 19
3 34
3 18
3 39
3 31
3 16
3 7
3 28
3 32
3 14
3 27
3 37
3 29
3 38
3 4
3 6
3 10
3 33
3 5
3 25
3 17
3 23
3 46
3 40
3 8
3 44
3 13
19
4 14
4 9
4 15
4 5
4 11
4 37
4 48
4 21
4 29
4 20
4 47
4 19
4 18
4 1
4 43
4 13
4 26
4 41
4 42
19
5 22
5 33
5 16
5 1
5 14
5 23
5 44
5 9
5 27
5 6
5 32
5 24
5 13
5 12
5 37
5 20
5 18
5 15
5 21
18
6 4
6 11
6 8
6 35
6 18
6 16
6 37
6 0
6 42
6 9
6 17
6 2
6 49
6 1
6 43
6 44
6 45
6 34
14
7 23
7 38
7 1
7 17
7 2
7 28
7 9
7 13
7 45
7 29
7 18
7 20
7 5
7 25
17
8 38
8 16
8 27
8 25
8 28
8 48
8 21
8 46
8 49
8 32
8 47
8 0
8 4
8 1
8 14
8 42
8 44
18
9 23
9 47
9 32
9 29
9 39
9 36
9 40
9 24
9 1
9 41
9 15
9 12
9 3
9 35
9 49
9 30
9 48
9 45
19
10 18
10 39
10 48
10 38
10 15
10 9
10 41
10 36
10 4
10 32
10 42
10 0
10 7
10 33
10 26
10 31
10 2
10 11
10 6
21
11 48
11 34
11 40
11 33
11 0
11 38
11 24
11 8
11 37
11 28
11 43
11 27
11 14
11 5
11 13
11 3
11 16
11 49
11 15
11 17
11 9
17
12 20
12 49
12 30
12 6
12 1
12 7
12 46
12 24
12 48
12 39
12 44
12 28
12 33
12 41
12 3
12 29
12 26
19
13 9
13 38
13 24
13 49
13 37
13 10
13 8
13 35
13 44
13 14
13 29
13 0
13 33
13 47
13 17
13 12
13 41
13 18
13 45
18
14 25
14 7
14 35
14 19
14 2
14 39
14 26
14 6
14 28
14 44
14 30
14 12
14 1
14 47
14 10
14 9
14 42
14 40
20
15 12
15 39
15 26
15 46
15 8
15 35
15 18
15 40
15 41
15 28
15 38
15 48
15 13
15 27
15 0
15 49
15 24
15 34
15 23
15 3
12
16 48
16 15
16 9
16 0
16 47
16 14
16 30
16 49
16 37
16 17
16 38
16 7
20
17 29
17 40
17 4
17 14
17 44
17 45
17 41
17 31
17 30
17 23
17 9
17 37
17 35
17 32
17 12
17 2
17 19
17 5
17 26
17 24
22
18 45
18 49
18 11
18 37
18 9
18 33
18 24
18 30
18 1
18 34
18 2
18 12
18 14
18 20
18 8
18 41
18 31
18 21
18 38
18 26
18 27
18 35
26
19 49
19 13
19 21
19 39
19 11
19 18
19 2
19 38
19 7
19 0
19 25
19 24
19 20
19 36
19 5
19 16
19 28
19 8
19 43
19 44
19 9
19 10
19 48
19 6
19 31
19 34
18
20 9
20 0
20 11
20 6
20 42
20 41
20 28
20 29
20 16
20 3
20 49
20 10
20 22
20 37
20 8
20 45
20 27
20 14
20
21 6
21 24
21 35
21 36
21 2
21 14
21 0
21 17
21 48
21 38
21 12
21 30
21 22
21 16
21 10
21 20
21 11
21 7
21 49
21 3
27
22 11
22 29
22 30
22 12
22 28
22 15
22 34
22 46
22 18
22 19
22 8
22 6
22 47
22 26
22 49
22 7
22 40
22 0
22 41
22 36
22 4
22 25
22 10
22 23
22 9
22 27
22 45
24
23 21
23 35
23 16
23 24
23 46
23 19
23 41
23 29
23 48
23 4
23 6
23 11
23 34
23 12
23 37
23 27
23 18
23 28
23 43
23 36
23 2
23 0
23 32
23 13
21
24 39
24 8
24 31
24 32
24 4
24 16
24 2
24 26
24 36
24 22
24 29
24 30
24 40
24 34
24 6
24 14
24 25
24 49
24 27
24 37
24 33
22
25 40
25 28
25 29
25 10
25 46
25 32
25 17
25 35
25 6
25 26
25 42
25 1
25 23
25 18
25 21
25 12
25 5
25 15
25 4
25 9
25 13
25 11
18
26 38
26 23
26 6
26 20
26 42
26 8
26 19
26 41
26 28
26 35
26 33
26 13
26 32
26 27
26 47
26 36
26 11
26 9
19
27 40
27 6
27 17
27 9
27 13
27 46
27 4
27 21
27 45
27 7
27 2
27 38
27 31
27 32
27 10
27 1
27 36
27 42
27 0
26
28 4
28 0
28 13
28 24
28 10
28 17
28 49
28 16
28 45
28 21
28 5
28 2
28 32
28 34
28 35
28 41
28 43
28 33
28 48
28 9
28 18
28 37
28 6
28 44
28 30
28 38
20
29 8
29 18
29 39
29 35
29 45
29 44
29 31
29 15
29 42
29 30
29 6
29 21
29 10
29 27
29 14
29 19
29 5
29 49
29 1
29 48
22
30 11
30 35
30 48
30 19
30 2
30 3
30 8
30 4
30 10
30 39
30 27
30 20
30 37
30 46
30 49
30 44
30 26
30 6
30 23
30 25
30 31
30 36
25
31 9
31 45
31 48
31 7
31 8
31 49
31 13
31 37
31 12
31 21
31 32
31 11
31 33
31 5
31 38
31 23
31 14
31 41
31 16
31 36
31 35
31 40
31 42
31 4
31 6
20
32 19
32 30
32 18
32 29
32 36
32 37
32 42
32 14
32 4
32 2
32 12
32 40
32 1
32 7
32 6
32 45
32 33
32 44
32 21
32 22
14
33 15
33 17
33 25
33 23
33 44
33 43
33 39
33 1
33 36
33 14
33 49
33 30
33 4
33 9
21
34 47
34 7
34 14
34 30
34 31
34 10
34 17
34 2
34 8
34 0
34 26
34 33
34 4
34 40
34 29
34 12
34 46
34 9
34 27
34 16
34 25
23
35 3
35 48
35 27
35 49
35 8
35 47
35 0
35 5
35 43
35 36
35 1
35 19
35 41
35 45
35 10
35 44
35 33
35 22
35 11
35 24
35 34
35 12
35 4
18
36 25
36 15
36 34
36 39
36 11
36 20
36 45
36 3
36 18
36 28
36 43
36 7
36 46
36 6
36 8
36 2
36 13
36 47
17
37 48
37 39
37 19
37 49
37 25
37 21
37 27
37 0
37 7
37 34
37 33
37 12
37 40
37 35
37 43
37 10
37 26
19
38 30
38 12
38 5
38 17
38 40
38 45
38 47
38 48
38 4
38 35
38 39
38 24
38 6
38 37
38 25
38 42
38 23
38 20
38 1
18
39 48
39 41
39 20
39 17
39 21
39 23
39 6
39 35
39 16
39 34
39 13
39 26
39 11
39 4
39 44
39 8
39 46
39 18
19
40 19
40 7
40 0
40 16
40 49
40 36
40 6
40 23
40 39
40 12
40 41
40 26
40 4
40 43
40 28
40 2
40 18
40 35
40 21
11
41 42
41 49
41 29
41 30
41 5
41 1
41 47
41 24
41 11
41 7
41 16
17
42 48
42 9
42 5
42 33
42 21
42 1
42 7
42 40
42 37
42 23
42 34
42 28
42 3
42 49
42 15
42 12
42 19
21
43 5
43 0
43 47
43 29
43 16
43 14
43 38
43 30
43 45
43 41
43 12
43 22
43 46
43 15
43 27
43 13
43 17
43 48
43 1
43 25
43 26
16
44 23
44 21
44 27
44 25
44 9
44 46
44 24
44 38
44 40
44 7
44 10
44 26
44 20
44 11
44 4
44 42
19
45 2
45 34
45 21
45 24
45 26
45 14
45 44
45 49
45 11
45 30
45 12
45 10
45 3
45 48
45 23
45 5
45 42
45 15
45 25
25
46 18
46 32
46 19
46 48
46 26
46 37
46 47
46 24
46 13
46 16
46 20
46 28
46 11
46 35
46 10
46 17
46 7
46 41
46 21
46 4
46 5
46 42
46 38
46 6
46 31
18
47 20
47 11
47 1
47 3
47 21
47 45
47 33
47 18
47 40
47 23
47 44
47 27
47 32
47 37
47 24
47 17
47 30
47 7
19
48 1
48 32
48 7
48 24
48 44
48 27
48 22
48 5
48 34
48 41
48 25
48 6
48 14
48 2
48 33
48 26
48 47
48 18
48 36
16
49 26
49 39
49 5
49 25
49 7
49 10
49 4
49 1
49 3
49 34
49 32
49 47
49 44
49 17
49 27
49 36
