50
0 "A34"
1 "A35"
2 "A31"
3 "A17"
4 "A24"
5 "A16"
6 "A6"
7 "A32"
8 "A11"
9 "A5"
10 "A1"
11 "A43"
12 "A20"
13 "A36"
14 "A30"
15 "A45"
16 "A48"
17 "A13"
18 "A15"
19 "A18"
20 "A4"
21 "A25"
22 "A9"
23 "A37"
24 "A3"
25 "A21"
26 "A41"
27 "A39"
28 "A40"
29 "A12"
30 "A27"
31 "A14"
32 "A19"
33 "A42"
34 "A0"
35 "A49"
36 "A8"
37 "A2"
38 "A38"
39 "A28"
40 "A46"
41 "A33"
42 "A47"
43 "A26"
44 "A7"
45 "A10"
46 "A22"
47 "A29"
48 "A44"
49 "A23"
20
0 47
0 11
0 9
0 13
0 48
0 28
0 3
0 34
0 29
0 12
0 6
0 31
0 10
0 24
0 25
0 35
0 21
0 2
0 46
0 42
19
1 0
1 48
1 44
1 17
1 11
1 49
1 29
1 16
1 15
1 40
1 20
1 4
1 31
1 13
1 42
1 30
1 24
1 14
1 33
18
2 38
2 18
2 8
2 9
2 27
2 25
2 34
2 26
2 48
2 49
2 3
2 20
2 28
2 39
2 13
2 10
2 40
2 33
14
3 10
3 43
3 41
3 45
3 4
3 28
3 44
3 34
3 40
3 14
3 18
3 23
3 17
3 47
12
4 31
4 21
4 35
4 25
4 45
4 36
4 0
4 49
4 46
4 38
4 32
4 9
27
5 26
5 22
5 24
5 0
5 19
5 20
5 49
5 28
5 32
5 23
5 9
5 43
5 31
5 3
5 41
5 4
5 2
5 7
5 15
5 25
5 10
5 34
5 36
5 35
5 40
5 30
5 16
16
6 24
6 4
6 29
6 18
6 8
6 46
6 49
6 31
6 23
6 14
6 3
6 7
6 43
6 41
6 21
6 12
19
7 12
7 40
7 19
7 33
7 48
7 24
7 4
7 47
7 44
7 13
7 2
7 16
7 42
7 14
7 8
7 25
7 3
7 43
7 22
19
8 3
8 35
8 16
8 46
8 15
8 27
8 44
8 42
8 41
8 19
8 13
8 36
8 47
8 1
8 10
8 5
8 24
8 4
8 28
22
9 29
9 12
9 44
9 23
9 8
9 13
9 25
9 43
9 49
9 19
9 42
9 26
9 16
9 38
9 48
9 45
9 24
9 30
9 6
9 3
9 7
9 15
15
10 29
10 44
10 13
10 26
10 19
10 23
10 7
10 1
10 9
10 20
10 24
10 18
10 30
10 37
10 43
27
11 13
11 35
11 38
11 44
11 34
11 21
11 6
11 30
11 3
11 19
11 46
11 29
11 24
11 17
11 2
11 18
11 28
11 40
11 32
11 20
11 5
11 12
11 4
11 23
11 15
11 47
11 9
17
12 32
12 20
12 5
12 13
12 26
12 8
12 1
12 29
12 14
12 24
12 10
12 47
12 16
12 43
12 38
12 4
12 17
19
13 19
13 45
13 30
13 3
13 6
13 33
13 36
13 26
13 17
13 38
13 27
13 4
13 46
13 28
13 18
13 42
13 39
13 47
13 43
26
14 27
14 4
14 19
14 26
14 43
14 42
14 35
14 15
14 25
14 45
14 33
14 30
14 34
14 5
14 16
14 11
14 48
14 13
14 24
14 17
14 9
14 44
14 39
14 21
14 22
14 10
15
15 48
15 13
15 24
15 28
15 19
15 31
15 2
15 12
15 3
15 49
15 0
15 10
15 35
15 25
15 6
17
16 15
16 2
16 27
16 46
16 44
16 17
16 3
16 19
16 48
16 23
16 47
16 49
16 0
16 38
16 33
16 43
16 31
24
17 19
17 22
17 44
17 4
17 21
17 9
17 18
17 45
17 24
17 25
17 32
17 28
17 40
17 39
17 48
17 0
17 38
17 10
17 33
17 31
17 27
17 30
17 7
17 46
18
18 0
18 7
18 16
18 14
18 48
18 42
18 24
18 4
18 32
18 28
18 1
18 23
18 12
18 19
18 20
18 5
18 15
18 46
20
19 6
19 47
19 29
19 34
19 35
19 43
19 1
19 30
19 31
19 40
19 2
19 23
19 45
19 39
19 12
19 32
19 48
19 27
19 46
19 28
21
20 3
20 49
20 27
20 15
20 26
20 28
20 31
20 14
20 41
20 33
20 13
20 43
20 19
20 30
20 6
20 16
20 24
20 8
20 23
20 38
20 21
24
21 36
21 19
21 46
21 23
21 3
21 16
21 22
21 38
21 39
21 9
21 28
21 25
21 31
21 1
21 15
21 5
21 37
21 33
21 10
21 34
21 26
21 12
21 48
21 7
25
22 40
22 47
22 9
22 11
22 29
22 4
22 12
22 0
22 46
22 27
22 8
22 26
22 1
22 18
22 43
22 41
22 36
22 2
22 16
22 3
22 20
22 13
22 31
22 23
22 37
18
23 40
23 8
23 12
23 26
23 14
23 0
23 36
23 13
23 47
23 17
23 41
23 1
23 37
23 15
23 31
23 48
23 33
23 32
16
24 3
24 44
24 38
24 16
24 13
24 23
24 35
24 36
24 4
24 40
24 33
24 22
24 25
24 34
24 48
24 19
18
25 42
25 22
25 11
25 39
25 32
25 48
25 47
25 13
25 28
25 23
25 27
25 18
25 1
25 8
25 46
25 30
25 34
25 19
25
26 17
26 44
26 45
26 27
26 46
26 7
26 49
26 16
26 30
26 11
26 31
26 37
26 15
26 18
26 41
26 1
26 24
26 47
26 36
26 35
26 0
26 38
26 29
26 28
26 25
19
27 46
27 11
27 7
27 18
27 1
27 33
27 31
27 12
27 21
27 35
27 42
27 44
27 28
27 39
27 4
27 3
27 6
27 10
27 30
16
28 47
28 45
28 35
28 24
28 9
28 1
28 7
28 14
28 42
28 32
28 22
28 30
28 33
28 6
28 34
28 4
16
29 2
29 43
29 30
29 32
29 47
29 20
29 7
29 23
29 35
29 49
29 3
29 27
29 13
29 14
29 28
29 38
18
30 24
30 38
30 31
30 0
30 34
30 32
30 35
30 2
30 18
30 4
30 22
30 6
30 15
30 45
30 41
30 43
30 37
30 33
17
31 25
31 29
31 7
31 14
31 24
31 34
31 8
31 43
31 2
31 12
31 13
31 10
31 44
31 41
31 3
31 49
31 28
17
32 1
32 45
32 22
32 9
32 0
32 16
32 21
32 41
32 7
32 3
32 20
32 31
32 6
32 37
32 10
32 14
32 13
18
33 36
33 18
33 6
33 41
33 19
33 46
33 35
33 0
33 5
33 8
33 40
33 4
33 29
33 3
33 9
33 10
33 15
33 32
19
34 48
34 27
34 18
34 16
34 8
34 6
34 17
34 33
34 49
34 38
34 13
34 1
34 7
34 23
34 35
34 4
34 26
34 15
34 29
17
35 6
35 31
35 16
35 17
35 49
35 18
35 22
35 23
35 20
35 32
35 40
35 47
35 45
35 46
35 25
35 1
35 37
23
36 29
36 15
36 19
36 18
36 27
36 0
36 32
36 14
36 17
36 44
36 20
36 39
36 16
36 31
36 47
36 40
36 45
36 1
36 48
36 10
36 46
36 9
36 6
18
37 17
37 8
37 13
37 4
37 25
37 44
37 41
37 47
37 19
37 34
37 16
37 36
37 3
37 1
37 6
37 18
37 20
37 15
23
38 43
38 23
38 19
38 33
38 18
38 8
38 41
38 22
38 0
38 1
38 5
38 7
38 15
38 45
38 6
38 37
38 44
38 3
38 42
38 32
38 49
38 10
38 40
26
39 49
39 3
39 33
39 28
39 5
39 42
39 37
39 15
39 26
39 34
39 22
39 12
39 32
39 7
39 16
39 1
39 24
39 38
39 41
39 10
39 43
39 30
39 11
39 9
39 40
39 23
17
40 28
40 18
40 27
40 25
40 49
40 41
40 16
40 13
40 20
40 9
40 15
40 26
40 31
40 10
40 32
40 42
40 4
22
41 7
41 25
41 45
41 47
41 2
41 15
41 18
41 35
41 11
41 4
41 36
41 9
41 21
41 24
41 34
41 10
41 29
41 12
41 17
41 19
41 14
41 1
22
42 41
42 29
42 22
42 15
42 49
42 3
42 44
42 30
42 31
42 32
42 19
42 21
42 36
42 35
42 33
42 16
42 4
42 20
42 10
42 23
42 11
42 6
19
43 25
43 49
43 33
43 35
43 28
43 4
43 17
43 48
43 47
43 2
43 36
43 26
43 1
43 11
43 8
43 32
43 15
43 41
43 21
21
44 29
44 2
44 40
44 6
44 30
44 22
44 19
44 41
44 39
44 21
44 5
44 13
44 12
44 45
44 18
44 20
44 15
44 43
44 4
44 48
44 23
22
45 25
45 33
45 39
45 18
45 8
45 29
45 1
45 24
45 10
45 6
45 7
45 5
45 27
45 42
45 23
45 12
45 43
45 21
45 16
45 20
45 15
45 37
18
46 42
46 5
46 29
46 28
46 38
46 39
46 30
46 20
46 47
46 23
46 15
46 7
46 41
46 49
46 2
46 32
46 1
46 3
19
47 1
47 20
47 17
47 40
47 15
47 34
47 39
47 31
47 27
47 18
47 42
47 38
47 32
47 9
47 24
47 4
47 5
47 30
47 10
19
48 3
48 42
48 46
48 22
48 40
48 8
48 45
48 35
48 13
48 49
48 6
48 33
48 12
48 39
48 28
48 20
48 38
48 26
48 30
23
49 25
49 37
49 22
49 8
49 17
49 0
49 47
49 13
49 21
49 12
49 44
49 14
49 19
49 23
49 24
49 3
49 36
49 27
49 28
49 45
49 10
49 11
49 32
