50
0 "A34"
1 "A35"
2 "A31"
3 "A17"
4 "A24"
5 "A16"
6 "A6"
7 "A32"
8 "A11"
9 "A5"
10 "A1"
11 "A43"
12 "A20"
13 "A36"
14 "A30"
15 "A45"
16 "A48"
17 "A13"
18 "A15"
19 "A18"
20 "A4"
21 "A25"
22 "A9"
23 "A37"
24 "A3"
25 "A21"
26 "A41"
27 "A39"
28 "A40"
29 "A12"
30 "A27"
31 "A14"
32 "A19"
33 "A42"
34 "A0"
35 "A49"
36 "A8"
37 "A2"
38 "A38"
39 "A28"
40 "A46"
41 "A33"
42 "A47"
43 "A26"
44 "A7"
45 "A10"
46 "A22"
47 "A29"
48 "A44"
49 "A23"
16
0 34
0 6
0 24
0 12
0 2
0 42
0 47
0 31
0 25
0 13
0 36
0 48
0 28
0 3
0 45
0 8
19
1 31
1 47
1 24
1 0
1 21
1 15
1 13
1 30
1 6
1 20
1 11
1 16
1 48
1 49
1 29
1 7
1 5
1 4
1 35
23
2 9
2 27
2 25
2 34
2 26
2 21
2 35
2 28
2 3
2 47
2 49
2 20
2 7
2 13
2 10
2 38
2 14
2 1
2 37
2 23
2 39
2 18
2 8
19
3 41
3 40
3 4
3 36
3 26
3 28
3 49
3 11
3 34
3 44
3 23
3 9
3 1
3 45
3 35
3 47
3 20
3 13
3 25
18
4 17
4 31
4 45
4 13
4 22
4 2
4 25
4 32
4 26
4 30
4 16
4 29
4 18
4 0
4 35
4 21
4 9
4 49
22
5 0
5 35
5 2
5 49
5 10
5 32
5 40
5 14
5 3
5 28
5 21
5 15
5 41
5 4
5 11
5 26
5 25
5 27
5 24
5 48
5 9
5 22
14
6 24
6 4
6 18
6 9
6 27
6 8
6 49
6 21
6 5
6 23
6 14
6 3
6 31
6 7
24
7 33
7 22
7 24
7 4
7 47
7 46
7 11
7 44
7 13
7 16
7 42
7 8
7 14
7 12
7 3
7 37
7 49
7 5
7 43
7 0
7 36
7 25
7 40
7 19
16
8 1
8 27
8 44
8 42
8 41
8 36
8 17
8 15
8 24
8 34
8 28
8 3
8 29
8 4
8 16
8 13
18
9 8
9 7
9 19
9 15
9 42
9 31
9 37
9 48
9 35
9 45
9 26
9 30
9 23
9 29
9 24
9 14
9 12
9 44
22
10 18
10 47
10 32
10 43
10 3
10 8
10 23
10 41
10 44
10 0
10 9
10 31
10 37
10 29
10 30
10 13
10 1
10 7
10 39
10 35
10 20
10 4
33
11 47
11 9
11 13
11 35
11 32
11 44
11 18
11 21
11 6
11 12
11 28
11 19
11 46
11 2
11 10
11 17
11 4
11 48
11 31
11 40
11 20
11 0
11 37
11 23
11 38
11 15
11 33
11 25
11 8
11 30
11 16
11 39
11 36
21
12 43
12 38
12 4
12 32
12 16
12 29
12 13
12 26
12 1
12 8
12 20
12 14
12 17
12 46
12 24
12 28
12 36
12 10
12 48
12 25
12 18
16
13 39
13 38
13 43
13 30
13 17
13 36
13 34
13 33
13 18
13 26
13 27
13 19
13 15
13 46
13 6
13 47
20
14 26
14 13
14 42
14 35
14 15
14 10
14 45
14 0
14 29
14 3
14 44
14 1
14 16
14 11
14 48
14 34
14 39
14 27
14 4
14 30
16
15 3
15 25
15 6
15 46
15 48
15 35
15 24
15 28
15 39
15 31
15 12
15 10
15 47
15 49
15 2
15 0
16
16 33
16 27
16 46
16 44
16 9
16 23
16 41
16 3
16 49
16 29
16 31
16 0
16 38
16 19
16 15
16 13
23
17 39
17 19
17 0
17 44
17 25
17 32
17 9
17 18
17 45
17 46
17 28
17 3
17 5
17 48
17 40
17 10
17 7
17 31
17 24
17 27
17 37
17 30
17 22
15
18 5
18 15
18 46
18 0
18 48
18 14
18 24
18 43
18 19
18 32
18 23
18 26
18 16
18 1
18 20
26
19 30
19 31
19 40
19 2
19 45
19 35
19 12
19 38
19 48
19 33
19 27
19 10
19 3
19 5
19 6
19 47
19 29
19 34
19 14
19 39
19 43
19 22
19 15
19 1
19 20
19 25
26
20 23
20 38
20 8
20 49
20 27
20 15
20 16
20 28
20 31
20 6
20 40
20 35
20 41
20 33
20 46
20 5
20 43
20 9
20 26
20 37
20 39
20 0
20 7
20 21
20 24
20 34
22
21 48
21 25
21 19
21 46
21 34
21 3
21 16
21 9
21 7
21 39
21 38
21 35
21 31
21 37
21 29
21 0
21 23
21 8
21 17
21 10
21 30
21 26
21
22 36
22 11
22 27
22 23
22 12
22 13
22 1
22 10
22 9
22 37
22 31
22 29
22 0
22 46
22 16
22 3
22 20
22 2
22 40
22 26
22 15
17
23 8
23 32
23 47
23 41
23 7
23 26
23 12
23 36
23 33
23 13
23 29
23 24
23 28
23 40
23 15
23 0
23 37
16
24 4
24 40
24 3
24 44
24 38
24 34
24 19
24 13
24 48
24 33
24 14
24 22
24 32
24 43
24 25
24 28
17
25 47
25 1
25 31
25 32
25 41
25 46
25 33
25 8
25 13
25 18
25 14
25 20
25 10
25 27
25 22
25 48
25 26
21
26 35
26 46
26 24
26 38
26 16
26 30
26 11
26 31
26 37
26 7
26 15
26 28
26 36
26 41
26 49
26 47
26 39
26 17
26 6
26 44
26 45
18
27 10
27 7
27 18
27 12
27 33
27 35
27 39
27 24
27 4
27 31
27 21
27 15
27 23
27 37
27 30
27 3
27 46
27 38
12
28 29
28 47
28 22
28 9
28 7
28 40
28 14
28 32
28 34
28 25
28 4
28 21
11
29 11
29 32
29 3
29 38
29 25
29 2
29 27
29 13
29 7
29 30
29 26
26
30 43
30 37
30 33
30 24
30 38
30 22
30 0
30 3
30 5
30 7
30 32
30 35
30 46
30 31
30 20
30 2
30 18
30 45
30 41
30 36
30 28
30 6
30 8
30 15
30 34
30 40
16
31 14
31 34
31 8
31 3
31 43
31 33
31 12
31 2
31 44
31 49
31 18
31 41
31 24
31 13
31 29
31 7
19
32 6
32 13
32 1
32 45
32 22
32 9
32 3
32 16
32 21
32 2
32 41
32 7
32 38
32 31
32 0
32 20
32 14
32 19
32 46
24
33 8
33 40
33 9
33 21
33 3
33 39
33 26
33 6
33 2
33 1
33 37
33 41
33 47
33 48
33 0
33 17
33 18
33 29
33 5
33 32
33 10
33 22
33 14
33 46
18
34 23
34 18
34 16
34 4
34 27
34 7
34 1
34 35
34 12
34 42
34 17
34 40
34 9
34 26
34 29
34 33
34 6
34 46
14
35 49
35 42
35 6
35 39
35 31
35 23
35 45
35 7
35 0
35 12
35 17
35 25
35 40
35 16
21
36 29
36 15
36 17
36 40
36 27
36 20
36 32
36 9
36 19
36 14
36 6
36 25
36 44
36 48
36 45
36 35
36 31
36 47
36 1
36 46
36 10
13
37 44
37 29
37 36
37 15
37 43
37 24
37 8
37 6
37 4
37 25
37 34
37 16
37 47
24
38 40
38 10
38 44
38 23
38 7
38 33
38 18
38 8
38 41
38 22
38 0
38 5
38 31
38 15
38 17
38 9
38 25
38 6
38 28
38 37
38 3
38 4
38 42
38 1
24
39 16
39 7
39 43
39 31
39 34
39 22
39 12
39 1
39 38
39 41
39 40
39 18
39 8
39 36
39 0
39 23
39 4
39 49
39 3
39 32
39 6
39 28
39 25
39 5
19
40 27
40 32
40 49
40 16
40 13
40 18
40 9
40 15
40 37
40 2
40 43
40 46
40 26
40 45
40 25
40 4
40 42
40 1
40 41
18
41 36
41 11
41 47
41 2
41 29
41 13
41 37
41 15
41 21
41 35
41 24
41 34
41 43
41 4
41 1
41 7
41 0
41 19
22
42 23
42 49
42 30
42 6
42 41
42 22
42 17
42 39
42 13
42 4
42 5
42 31
42 18
42 29
42 10
42 3
42 1
42 19
42 28
42 16
42 27
42 20
20
43 15
43 28
43 25
43 11
43 33
43 22
43 0
43 8
43 17
43 3
43 42
43 48
43 9
43 47
43 23
43 2
43 35
43 16
43 32
43 4
22
44 20
44 15
44 23
44 4
44 2
44 40
44 6
44 48
44 22
44 19
44 41
44 12
44 43
44 25
44 5
44 28
44 30
44 1
44 46
44 13
44 34
44 29
22
45 21
45 42
45 20
45 15
45 25
45 33
45 39
45 18
45 29
45 5
45 38
45 10
45 16
45 48
45 24
45 2
45 27
45 37
45 12
45 43
45 49
45 7
16
46 29
46 41
46 28
46 2
46 43
46 47
46 49
46 3
46 19
46 1
46 45
46 14
46 42
46 39
46 23
46 5
23
47 27
47 39
47 4
47 31
47 17
47 40
47 5
47 29
47 20
47 8
47 18
47 42
47 34
47 30
47 48
47 6
47 16
47 38
47 24
47 22
47 14
47 9
47 32
20
48 49
48 39
48 22
48 40
48 32
48 8
48 16
48 35
48 4
48 42
48 6
48 28
48 30
48 41
48 10
48 29
48 20
48 26
48 23
48 3
21
49 21
49 32
49 19
49 37
49 22
49 8
49 17
49 0
49 14
49 28
49 41
49 25
49 24
49 13
49 12
49 43
49 44
49 23
49 36
49 10
49 30
