50
0 "A34"
1 "A35"
2 "A31"
3 "A17"
4 "A24"
5 "A16"
6 "A6"
7 "A32"
8 "A11"
9 "A5"
10 "A1"
11 "A43"
12 "A20"
13 "A36"
14 "A30"
15 "A45"
16 "A48"
17 "A13"
18 "A15"
19 "A18"
20 "A4"
21 "A25"
22 "A9"
23 "A37"
24 "A3"
25 "A21"
26 "A41"
27 "A39"
28 "A40"
29 "A12"
30 "A27"
31 "A14"
32 "A19"
33 "A42"
34 "A0"
35 "A49"
36 "A8"
37 "A2"
38 "A38"
39 "A28"
40 "A46"
41 "A33"
42 "A47"
43 "A26"
44 "A7"
45 "A10"
46 "A22"
47 "A29"
48 "A44"
49 "A23"
17
0 36
0 49
0 45
0 25
0 24
0 9
0 3
0 28
0 39
0 34
0 32
0 2
0 7
0 40
0 23
0 21
0 29
19
1 6
1 15
1 5
1 21
1 25
1 4
1 39
1 31
1 33
1 14
1 28
1 24
1 35
1 45
1 37
1 47
1 19
1 26
1 0
21
2 38
2 47
2 41
2 30
2 18
2 16
2 1
2 48
2 46
2 43
2 42
2 45
2 20
2 4
2 10
2 39
2 25
2 9
2 3
2 36
2 14
22
3 32
3 22
3 1
3 6
3 24
3 15
3 45
3 5
3 39
3 26
3 10
3 33
3 11
3 36
3 47
3 16
3 48
3 34
3 43
3 30
3 40
3 25
22
4 29
4 23
4 8
4 22
4 20
4 25
4 38
4 14
4 43
4 40
4 35
4 18
4 45
4 39
4 37
4 26
4 16
4 3
4 41
4 0
4 7
4 32
19
5 17
5 31
5 21
5 22
5 9
5 18
5 4
5 34
5 44
5 45
5 19
5 6
5 40
5 20
5 23
5 46
5 38
5 39
5 43
18
6 34
6 20
6 41
6 28
6 18
6 4
6 49
6 2
6 8
6 21
6 22
6 0
6 46
6 27
6 39
6 7
6 17
6 14
19
7 10
7 16
7 48
7 23
7 2
7 32
7 13
7 25
7 11
7 1
7 34
7 21
7 44
7 39
7 17
7 3
7 33
7 26
7 43
23
8 0
8 32
8 41
8 40
8 22
8 34
8 48
8 33
8 3
8 47
8 31
8 20
8 13
8 24
8 17
8 12
8 7
8 2
8 38
8 10
8 43
8 39
8 1
21
9 11
9 49
9 46
9 6
9 22
9 32
9 12
9 39
9 42
9 14
9 1
9 36
9 8
9 47
9 21
9 19
9 7
9 44
9 34
9 4
9 26
21
10 9
10 47
10 46
10 22
10 37
10 6
10 23
10 35
10 24
10 4
10 30
10 20
10 13
10 29
10 16
10 19
10 5
10 21
10 28
10 1
10 41
21
11 17
11 42
11 35
11 47
11 10
11 34
11 36
11 27
11 46
11 14
11 2
11 16
11 37
11 33
11 24
11 40
11 6
11 31
11 1
11 12
11 29
28
12 26
12 5
12 41
12 6
12 23
12 4
12 18
12 47
12 25
12 7
12 44
12 48
12 14
12 42
12 38
12 24
12 31
12 16
12 3
12 13
12 10
12 30
12 37
12 43
12 46
12 40
12 29
12 34
21
13 32
13 3
13 30
13 29
13 43
13 42
13 27
13 4
13 5
13 39
13 46
13 40
13 28
13 0
13 22
13 9
13 49
13 18
13 2
13 38
13 11
20
14 29
14 24
14 35
14 46
14 48
14 22
14 26
14 7
14 37
14 31
14 16
14 13
14 17
14 3
14 33
14 30
14 21
14 10
14 27
14 5
24
15 13
15 12
15 38
15 21
15 11
15 4
15 48
15 32
15 10
15 8
15 16
15 29
15 28
15 14
15 34
15 7
15 45
15 6
15 31
15 41
15 36
15 43
15 9
15 18
20
16 33
16 31
16 46
16 28
16 5
16 19
16 43
16 36
16 29
16 47
16 27
16 0
16 6
16 24
16 20
16 22
16 1
16 38
16 9
16 35
14
17 1
17 4
17 3
17 38
17 12
17 21
17 9
17 0
17 25
17 42
17 37
17 27
17 26
17 10
21
18 14
18 23
18 22
18 0
18 7
18 31
18 45
18 17
18 49
18 11
18 9
18 46
18 19
18 10
18 20
18 36
18 41
18 24
18 39
18 16
18 44
20
19 44
19 26
19 20
19 36
19 48
19 27
19 15
19 28
19 33
19 42
19 29
19 37
19 8
19 3
19 12
19 21
19 39
19 6
19 2
19 7
12
20 29
20 41
20 31
20 22
20 1
20 17
20 35
20 15
20 12
20 27
20 13
20 9
19
21 25
21 12
21 47
21 13
21 37
21 36
21 43
21 42
21 4
21 33
21 46
21 3
21 16
21 18
21 28
21 38
21 27
21 8
21 44
16
22 42
22 24
22 38
22 46
22 21
22 17
22 29
22 43
22 1
22 12
22 19
22 23
22 44
22 15
22 40
22 0
18
23 1
23 11
23 19
23 45
23 28
23 20
23 32
23 14
23 41
23 29
23 2
23 17
23 25
23 33
23 16
23 3
23 9
23 8
17
24 4
24 25
24 21
24 15
24 46
24 31
24 5
24 2
24 44
24 34
24 13
24 38
24 17
24 23
24 43
24 33
24 42
21
25 13
25 35
25 15
25 34
25 45
25 47
25 18
25 46
25 14
25 40
25 30
25 20
25 19
25 36
25 39
25 8
25 42
25 11
25 26
25 22
25 33
17
26 13
26 18
26 21
26 22
26 28
26 6
26 27
26 11
26 47
26 43
26 10
26 16
26 49
26 23
26 2
26 41
26 34
14
27 42
27 44
27 40
27 9
27 1
27 10
27 47
27 30
27 22
27 33
27 18
27 2
27 3
27 5
17
28 14
28 27
28 18
28 33
28 37
28 12
28 4
28 11
28 32
28 2
28 44
28 24
28 22
28 7
28 5
28 45
28 17
21
29 18
29 5
29 49
29 48
29 6
29 41
29 33
29 17
29 2
29 44
29 21
29 1
29 24
29 25
29 26
29 31
29 37
29 45
29 28
29 7
29 9
19
30 5
30 9
30 24
30 8
30 36
30 19
30 16
30 15
30 23
30 11
30 0
30 29
30 21
30 22
30 41
30 17
30 6
30 48
30 37
18
31 48
31 46
31 23
31 9
31 22
31 19
31 7
31 2
31 4
31 36
31 28
31 34
31 13
31 21
31 3
31 6
31 0
31 30
18
32 24
32 20
32 26
32 46
32 18
32 16
32 29
32 19
32 6
32 42
32 31
32 1
32 14
32 2
32 40
32 38
32 5
32 27
17
33 39
33 17
33 43
33 40
33 34
33 18
33 32
33 31
33 22
33 0
33 26
33 5
33 6
33 2
33 15
33 9
33 10
25
34 39
34 28
34 40
34 42
34 23
34 46
34 2
34 43
34 35
34 1
34 10
34 13
34 17
34 32
34 47
34 30
34 44
34 18
34 21
34 49
34 22
34 29
34 16
34 27
34 20
24
35 5
35 48
35 8
35 15
35 6
35 43
35 33
35 36
35 39
35 38
35 28
35 46
35 13
35 18
35 29
35 32
35 42
35 41
35 23
35 21
35 3
35 19
35 31
35 9
19
36 4
36 7
36 28
36 29
36 13
36 14
36 22
36 40
36 32
36 20
36 44
36 33
36 1
36 17
36 27
36 49
36 37
36 46
36 34
22
37 9
37 7
37 16
37 40
37 8
37 47
37 39
37 2
37 33
37 3
37 32
37 31
37 26
37 38
37 24
37 15
37 0
37 46
37 18
37 42
37 13
37 48
22
38 30
38 6
38 20
38 46
38 10
38 44
38 27
38 0
38 41
38 45
38 11
38 7
38 49
38 33
38 42
38 9
38 34
38 18
38 1
38 29
38 25
38 28
17
39 23
39 17
39 28
39 21
39 45
39 10
39 27
39 40
39 31
39 29
39 30
39 43
39 22
39 49
39 26
39 38
39 24
20
40 48
40 14
40 31
40 20
40 26
40 30
40 2
40 18
40 28
40 19
40 35
40 38
40 1
40 21
40 17
40 23
40 16
40 49
40 7
40 24
22
41 3
41 32
41 9
41 48
41 25
41 7
41 36
41 14
41 1
41 46
41 21
41 44
41 40
41 34
41 31
41 39
41 33
41 17
41 42
41 5
41 28
41 0
19
42 0
42 23
42 20
42 30
42 15
42 28
42 31
42 10
42 6
42 48
42 8
42 39
42 18
42 1
42 14
42 16
42 4
42 40
42 36
18
43 20
43 14
43 25
43 32
43 0
43 38
43 27
43 23
43 42
43 11
43 31
43 40
43 28
43 29
43 18
43 17
43 41
43 44
19
44 20
44 31
44 3
44 23
44 1
44 14
44 48
44 37
44 0
44 39
44 6
44 42
44 8
44 11
44 33
44 47
44 16
44 40
44 26
18
45 37
45 31
45 14
45 20
45 47
45 11
45 42
45 46
45 48
45 6
45 8
45 12
45 9
45 7
45 30
45 22
45 44
45 16
16
46 39
46 1
46 49
46 4
46 20
46 44
46 17
46 43
46 23
46 0
46 7
46 48
46 30
46 15
46 8
46 27
17
47 14
47 7
47 13
47 48
47 43
47 46
47 0
47 15
47 36
47 20
47 38
47 30
47 22
47 23
47 18
47 6
47 29
23
48 10
48 16
48 21
48 27
48 4
48 23
48 6
48 28
48 18
48 0
48 13
48 5
48 34
48 39
48 26
48 24
48 36
48 38
48 9
48 11
48 32
48 20
48 43
24
49 23
49 28
49 48
49 7
49 11
49 21
49 1
49 5
49 12
49 47
49 19
49 45
49 32
49 43
49 37
49 41
49 44
49 22
49 2
49 25
49 35
49 3
49 14
49 10
