50
0 "A34"
1 "A35"
2 "A31"
3 "A17"
4 "A24"
5 "A16"
6 "A6"
7 "A32"
8 "A11"
9 "A5"
10 "A1"
11 "A43"
12 "A20"
13 "A36"
14 "A30"
15 "A45"
16 "A48"
17 "A13"
18 "A15"
19 "A18"
20 "A4"
21 "A25"
22 "A9"
23 "A37"
24 "A3"
25 "A21"
26 "A41"
27 "A39"
28 "A40"
29 "A12"
30 "A27"
31 "A14"
32 "A19"
33 "A42"
34 "A0"
35 "A49"
36 "A8"
37 "A2"
38 "A38"
39 "A28"
40 "A46"
41 "A33"
42 "A47"
43 "A26"
44 "A7"
45 "A10"
46 "A22"
47 "A29"
48 "A44"
49 "A23"
20
0 39
0 46
0 12
0 9
0 45
0 15
0 20
0 37
0 19
0 7
0 43
0 31
0 14
0 2
0 32
0 44
0 35
0 6
0 28
0 22
22
1 5
1 42
1 18
1 35
1 22
1 13
1 24
1 40
1 31
1 2
1 12
1 29
1 39
1 7
1 8
1 41
1 16
1 28
1 38
1 49
1 20
1 6
20
2 38
2 19
2 31
2 26
2 27
2 9
2 24
2 36
2 28
2 48
2 22
2 6
2 43
2 16
2 35
2 39
2 10
2 45
2 32
2 13
21
3 7
3 0
3 49
3 9
3 11
3 5
3 20
3 32
3 30
3 26
3 17
3 1
3 40
3 14
3 46
3 24
3 35
3 36
3 16
3 31
3 8
20
4 7
4 22
4 0
4 33
4 21
4 3
4 47
4 29
4 5
4 27
4 2
4 1
4 42
4 39
4 31
4 20
4 34
4 43
4 14
4 30
21
5 23
5 44
5 19
5 8
5 37
5 2
5 34
5 11
5 27
5 22
5 12
5 16
5 38
5 6
5 41
5 10
5 9
5 21
5 32
5 0
5 46
20
6 25
6 24
6 4
6 20
6 47
6 38
6 14
6 22
6 34
6 21
6 42
6 39
6 3
6 7
6 35
6 32
6 37
6 28
6 40
6 18
21
7 33
7 14
7 34
7 26
7 8
7 30
7 40
7 43
7 28
7 5
7 25
7 23
7 42
7 27
7 24
7 38
7 10
7 47
7 37
7 2
7 22
18
8 38
8 37
8 42
8 20
8 6
8 0
8 2
8 21
8 25
8 36
8 23
8 35
8 15
8 31
8 13
8 27
8 10
8 22
16
9 1
9 16
9 12
9 29
9 15
9 38
9 6
9 28
9 4
9 42
9 24
9 8
9 20
9 23
9 46
9 48
18
10 38
10 0
10 39
10 37
10 27
10 15
10 1
10 13
10 23
10 44
10 19
10 46
10 29
10 30
10 47
10 45
10 6
10 24
23
11 1
11 44
11 43
11 29
11 0
11 24
11 46
11 31
11 42
11 14
11 32
11 17
11 15
11 4
11 37
11 35
11 23
11 25
11 6
11 9
11 18
11 13
11 36
18
12 37
12 11
12 47
12 26
12 16
12 38
12 45
12 39
12 42
12 2
12 15
12 22
12 17
12 29
12 7
12 20
12 8
12 6
21
13 9
13 40
13 6
13 42
13 24
13 20
13 7
13 12
13 45
13 26
13 46
13 5
13 48
13 15
13 25
13 0
13 19
13 23
13 33
13 43
13 3
19
14 27
14 21
14 30
14 31
14 12
14 20
14 9
14 15
14 28
14 40
14 2
14 5
14 26
14 13
14 46
14 39
14 35
14 22
14 18
17
15 3
15 38
15 45
15 5
15 41
15 18
15 7
15 16
15 17
15 19
15 36
15 47
15 24
15 25
15 34
15 43
15 44
20
16 14
16 38
16 27
16 11
16 19
16 10
16 24
16 45
16 31
16 7
16 46
16 47
16 0
16 42
16 17
16 39
16 32
16 29
16 44
16 33
14
17 45
17 9
17 24
17 2
17 23
17 35
17 4
17 8
17 20
17 22
17 14
17 5
17 42
17 10
22
18 5
18 46
18 47
18 16
18 3
18 8
18 13
18 12
18 0
18 24
18 41
18 25
18 44
18 30
18 27
18 31
18 33
18 4
18 7
18 9
18 32
18 17
21
19 7
19 21
19 39
19 4
19 20
19 3
19 27
19 26
19 40
19 49
19 6
19 17
19 23
19 1
19 8
19 12
19 45
19 11
19 14
19 43
19 48
19
20 29
20 37
20 5
20 26
20 15
20 49
20 2
20 23
20 28
20 25
20 10
20 43
20 35
20 18
20 21
20 11
20 32
20 44
20 45
19
21 42
21 15
21 23
21 13
21 3
21 46
21 38
21 43
21 12
21 7
21 17
21 44
21 10
21 31
21 2
21 33
21 22
21 28
21 1
17
22 3
22 15
22 20
22 42
22 38
22 13
22 39
22 24
22 18
22 9
22 34
22 29
22 16
22 49
22 19
22 32
22 10
16
23 3
23 6
23 31
23 18
23 16
23 29
23 1
23 34
23 40
23 47
23 14
23 4
23 12
23 15
23 43
23 35
16
24 21
24 25
24 26
24 12
24 47
24 38
24 20
24 23
24 32
24 46
24 27
24 4
24 37
24 44
24 8
24 0
26
25 36
25 42
25 46
25 47
25 21
25 5
25 27
25 17
25 4
25 3
25 43
25 12
25 1
25 10
25 2
25 38
25 33
25 16
25 37
25 0
25 39
25 31
25 28
25 30
25 19
25 9
22
26 0
26 36
26 16
26 49
26 28
26 39
26 6
26 18
26 8
26 11
26 48
26 29
26 47
26 4
26 22
26 25
26 9
26 1
26 32
26 21
26 45
26 35
14
27 46
27 13
27 20
27 39
27 3
27 45
27 11
27 34
27 0
27 9
27 26
27 1
27 29
27 17
18
28 44
28 15
28 8
28 32
28 38
28 22
28 49
28 34
28 13
28 40
28 4
28 23
28 16
28 11
28 19
28 24
28 36
28 45
14
29 13
29 46
29 37
29 2
29 42
29 18
29 44
29 49
29 15
29 14
29 3
29 35
29 21
29 5
24
30 21
30 11
30 12
30 22
30 23
30 20
30 35
30 9
30 15
30 26
30 45
30 13
30 27
30 29
30 1
30 44
30 36
30 34
30 33
30 5
30 24
30 39
30 38
30 47
18
31 28
31 12
31 26
31 27
31 13
31 10
31 29
31 38
31 33
31 39
31 22
31 42
31 7
31 20
31 30
31 48
31 19
31 5
22
32 29
32 45
32 17
32 4
32 23
32 30
32 42
32 13
32 31
32 40
32 7
32 8
32 25
32 21
32 33
32 9
32 12
32 43
32 35
32 19
32 41
32 15
18
33 28
33 3
33 2
33 48
33 40
33 12
33 10
33 41
33 27
33 22
33 23
33 15
33 24
33 19
33 29
33 17
33 14
33 6
19
34 26
34 21
34 20
34 14
34 40
34 38
34 49
34 41
34 16
34 42
34 45
34 24
34 18
34 19
34 29
34 9
34 13
34 25
34 17
19
35 18
35 22
35 15
35 4
35 13
35 7
35 36
35 31
35 12
35 10
35 37
35 25
35 21
35 40
35 16
35 5
35 39
35 46
35 24
21
36 16
36 13
36 39
36 6
36 9
36 21
36 37
36 17
36 44
36 7
36 29
36 5
36 34
36 12
36 31
36 10
36 1
36 38
36 27
36 33
36 43
19
37 23
37 4
37 3
37 2
37 16
37 33
37 47
37 15
37 21
37 19
37 45
37 49
37 13
37 34
37 28
37 9
37 27
37 17
37 39
13
38 3
38 0
38 11
38 45
38 27
38 13
38 19
38 49
38 17
38 14
38 23
38 29
38 37
19
39 47
39 13
39 11
39 32
39 17
39 28
39 18
39 49
39 33
39 24
39 8
39 5
39 44
39 21
39 20
39 9
39 7
39 3
39 29
22
40 38
40 21
40 11
40 12
40 22
40 0
40 2
40 49
40 44
40 43
40 9
40 41
40 37
40 15
40 46
40 30
40 36
40 47
40 27
40 48
40 20
40 45
24
41 29
41 21
41 43
41 13
41 20
41 49
41 9
41 6
41 25
41 2
41 31
41 27
41 28
41 0
41 11
41 22
41 7
41 14
41 26
41 24
41 39
41 4
41 30
41 12
22
42 37
42 43
42 14
42 36
42 19
42 28
42 27
42 35
42 23
42 30
42 45
42 24
42 5
42 48
42 3
42 18
42 33
42 20
42 40
42 15
42 39
42 2
20
43 45
43 17
43 28
43 12
43 26
43 35
43 37
43 14
43 3
43 31
43 8
43 22
43 18
43 5
43 16
43 33
43 29
43 44
43 38
43 30
19
44 49
44 32
44 25
44 37
44 3
44 48
44 42
44 12
44 7
44 4
44 9
44 14
44 34
44 31
44 6
44 19
44 41
44 13
44 1
19
45 18
45 47
45 14
45 33
45 6
45 5
45 49
45 39
45 29
45 23
45 22
45 7
45 24
45 41
45 4
45 11
45 21
45 1
45 44
19
46 23
46 30
46 20
46 39
46 41
46 43
46 42
46 12
46 19
46 31
46 48
46 17
46 32
46 37
46 7
46 28
46 2
46 38
46 15
19
47 44
47 46
47 11
47 33
47 2
47 1
47 29
47 13
47 21
47 17
47 8
47 41
47 14
47 27
47 36
47 32
47 20
47 31
47 35
26
48 37
48 43
48 21
48 4
48 6
48 30
48 0
48 1
48 28
48 49
48 39
48 23
48 18
48 17
48 12
48 34
48 15
48 16
48 29
48 41
48 22
48 5
48 10
48 20
48 45
48 11
25
49 10
49 0
49 35
49 33
49 4
49 13
49 12
49 25
49 46
49 6
49 7
49 32
49 43
49 8
49 14
49 27
49 31
49 24
49 18
49 21
49 42
49 9
49 15
49 16
49 5
