50
0 "A34"
1 "A35"
2 "A31"
3 "A17"
4 "A24"
5 "A16"
6 "A6"
7 "A32"
8 "A11"
9 "A5"
10 "A1"
11 "A43"
12 "A20"
13 "A36"
14 "A30"
15 "A45"
16 "A48"
17 "A13"
18 "A15"
19 "A18"
20 "A4"
21 "A25"
22 "A9"
23 "A37"
24 "A3"
25 "A21"
26 "A41"
27 "A39"
28 "A40"
29 "A12"
30 "A27"
31 "A14"
32 "A19"
33 "A42"
34 "A0"
35 "A49"
36 "A8"
37 "A2"
38 "A38"
39 "A28"
40 "A46"
41 "A33"
42 "A47"
43 "A26"
44 "A7"
45 "A10"
46 "A22"
47 "A29"
48 "A44"
49 "A23"
17
0 7
0 16
0 19
0 8
0 36
0 10
0 29
0 4
0 40
0 35
0 11
0 17
0 49
0 12
0 13
0 22
0 34
19
1 0
1 14
1 38
1 15
1 47
1 35
1 27
1 18
1 12
1 26
1 17
1 33
1 25
1 28
1 4
1 45
1 34
1 43
1 8
21
2 49
2 12
2 31
2 37
2 9
2 18
2 0
2 36
2 33
2 7
2 3
2 35
2 39
2 4
2 48
2 45
2 17
2 23
2 40
2 22
2 11
13
3 6
3 42
3 13
3 0
3 47
3 46
3 49
3 37
3 33
3 31
3 5
3 18
3 40
22
4 22
4 47
4 34
4 24
4 43
4 17
4 25
4 40
4 8
4 13
4 41
4 39
4 37
4 26
4 32
4 10
4 16
4 44
4 3
4 7
4 21
4 18
20
5 0
5 37
5 4
5 17
5 36
5 26
5 30
5 24
5 18
5 25
5 7
5 27
5 40
5 34
5 32
5 43
5 16
5 23
5 49
5 10
23
6 34
6 9
6 4
6 17
6 37
6 24
6 1
6 36
6 32
6 0
6 39
6 14
6 20
6 35
6 33
6 7
6 23
6 10
6 2
6 22
6 30
6 38
6 11
15
7 25
7 1
7 33
7 34
7 35
7 20
7 43
7 31
7 38
7 10
7 46
7 47
7 44
7 17
7 9
22
8 48
8 31
8 3
8 22
8 6
8 35
8 32
8 5
8 2
8 49
8 15
8 29
8 7
8 38
8 16
8 34
8 33
8 43
8 41
8 27
8 42
8 46
21
9 1
9 3
9 39
9 42
9 47
9 17
9 15
9 49
9 0
9 19
9 29
9 8
9 48
9 22
9 4
9 16
9 12
9 46
9 26
9 21
9 5
14
10 48
10 9
10 1
10 45
10 27
10 36
10 38
10 18
10 19
10 44
10 30
10 26
10 42
10 3
20
11 25
11 40
11 22
11 7
11 27
11 31
11 41
11 9
11 45
11 10
11 44
11 30
11 46
11 19
11 34
11 39
11 33
11 8
11 38
11 29
14
12 18
12 8
12 43
12 41
12 13
12 40
12 32
12 31
12 11
12 36
12 6
12 19
12 37
12 7
22
13 25
13 45
13 11
13 29
13 37
13 19
13 43
13 23
13 39
13 22
13 34
13 9
13 7
13 33
13 1
13 30
13 5
13 10
13 8
13 18
13 44
13 2
25
14 27
14 16
14 10
14 46
14 11
14 21
14 2
14 5
14 13
14 19
14 40
14 37
14 3
14 15
14 9
14 43
14 18
14 0
14 44
14 23
14 39
14 42
14 12
14 4
14 49
23
15 12
15 3
15 28
15 30
15 17
15 45
15 2
15 11
15 4
15 16
15 41
15 0
15 39
15 44
15 10
15 5
15 35
15 33
15 18
15 24
15 48
15 43
15 13
15
16 13
16 3
16 7
16 44
16 38
16 18
16 20
16 27
16 1
16 25
16 42
16 46
16 10
16 6
16 31
21
17 41
17 22
17 48
17 32
17 13
17 25
17 30
17 45
17 8
17 34
17 37
17 47
17 39
17 21
17 12
17 16
17 10
17 31
17 29
17 33
17 42
15
18 27
18 7
18 43
18 32
18 49
18 44
18 34
18 35
18 29
18 23
18 22
18 0
18 25
18 9
18 17
19
19 18
19 6
19 1
19 15
19 5
19 7
19 2
19 49
19 21
19 43
19 35
19 31
19 16
19 29
19 47
19 36
19 26
19 24
19 27
21
20 1
20 30
20 18
20 3
20 31
20 40
20 26
20 34
20 8
20 12
20 24
20 13
20 10
20 25
20 21
20 15
20 35
20 48
20 2
20 39
20 0
26
21 30
21 35
21 2
21 44
21 16
21 46
21 32
21 15
21 27
21 6
21 3
21 11
21 49
21 18
21 31
21 10
21 47
21 8
21 7
21 45
21 39
21 29
21 37
21 28
21 0
21 5
19
22 5
22 19
22 40
22 45
22 15
22 27
22 21
22 35
22 44
22 10
22 12
22 20
22 36
22 38
22 14
22 16
22 29
22 3
22 48
23
23 49
23 10
23 15
23 30
23 20
23 28
23 38
23 3
23 39
23 34
23 0
23 35
23 25
23 11
23 9
23 12
23 7
23 4
23 44
23 40
23 37
23 17
23 43
20
24 32
24 42
24 2
24 0
24 48
24 13
24 43
24 41
24 25
24 3
24 1
24 8
24 34
24 23
24 14
24 18
24 21
24 9
24 33
24 10
16
25 3
25 43
25 38
25 39
25 6
25 14
25 21
25 2
25 0
25 48
25 49
25 34
25 29
25 47
25 44
25 41
22
26 40
26 41
26 42
26 23
26 2
26 3
26 11
26 25
26 7
26 8
26 37
26 15
26 18
26 12
26 43
26 24
26 44
26 16
26 14
26 49
26 36
26 34
23
27 35
27 20
27 28
27 4
27 41
27 34
27 40
27 32
27 46
27 3
27 24
27 45
27 43
27 15
27 12
27 26
27 30
27 9
27 23
27 17
27 29
27 2
27 33
19
28 6
28 41
28 18
28 24
28 14
28 12
28 48
28 20
28 49
28 37
28 0
28 36
28 26
28 5
28 38
28 4
28 2
28 25
28 34
18
29 16
29 42
29 31
29 20
29 32
29 34
29 5
29 41
29 2
29 33
29 43
29 37
29 24
29 46
29 26
29 4
29 48
29 7
16
30 0
30 1
30 14
30 40
30 25
30 28
30 12
30 4
30 32
30 19
30 2
30 7
30 24
30 18
30 26
30 34
19
31 13
31 4
31 24
31 32
31 18
31 0
31 25
31 27
31 30
31 15
31 42
31 33
31 22
31 44
31 14
31 5
31 26
31 37
31 10
19
32 49
32 36
32 1
32 37
32 9
32 11
32 45
32 3
32 20
32 47
32 28
32 23
32 25
32 46
32 16
32 48
32 0
32 41
32 38
17
33 48
33 21
33 0
33 4
33 10
33 18
33 36
33 25
33 28
33 34
33 26
33 41
33 12
33 5
33 47
33 19
33 49
13
34 19
34 38
34 32
34 36
34 16
34 35
34 40
34 14
34 15
34 21
34 44
34 12
34 22
21
35 31
35 36
35 10
35 30
35 29
35 5
35 14
35 9
35 17
35 37
35 47
35 49
35 24
35 32
35 4
35 25
35 26
35 3
35 16
35 33
35 11
20
36 40
36 7
36 38
36 29
36 21
36 14
36 25
36 8
36 13
36 24
36 3
36 37
36 1
36 23
36 48
36 4
36 11
36 18
36 15
36 41
21
37 0
37 9
37 20
37 41
37 46
37 27
37 38
37 16
37 30
37 22
37 8
37 33
37 19
37 48
37 39
37 45
37 47
37 1
37 24
37 11
37 18
21
38 20
38 17
38 31
38 18
38 30
38 19
38 48
38 21
38 49
38 26
38 9
38 14
38 40
38 0
38 41
38 33
38 4
38 13
38 12
38 42
38 15
18
39 31
39 28
39 12
39 18
39 30
39 44
39 29
39 22
39 16
39 26
39 1
39 46
39 40
39 0
39 35
39 19
39 34
39 33
18
40 31
40 28
40 33
40 17
40 37
40 25
40 13
40 9
40 44
40 15
40 19
40 43
40 16
40 10
40 42
40 35
40 24
40 21
20
41 7
41 2
41 23
41 49
41 46
41 9
41 6
41 35
41 13
41 40
41 14
41 30
41 39
41 1
41 18
41 45
41 5
41 10
41 31
41 47
24
42 47
42 1
42 32
42 36
42 5
42 4
42 0
42 44
42 15
42 28
42 41
42 12
42 23
42 7
42 11
42 35
42 20
42 25
42 46
42 39
42 19
42 27
42 6
42 22
19
43 17
43 33
43 10
43 38
43 21
43 31
43 22
43 2
43 39
43 6
43 41
43 0
43 36
43 42
43 45
43 30
43 9
43 3
43 34
19
44 35
44 20
44 1
44 24
44 6
44 37
44 29
44 49
44 9
44 30
44 0
44 36
44 2
44 8
44 3
44 41
44 33
44 12
44 38
26
45 33
45 20
45 34
45 14
45 35
45 4
45 16
45 38
45 25
45 40
45 26
45 28
45 47
45 49
45 6
45 9
45 7
45 30
45 0
45 8
45 23
45 31
45 36
45 19
45 24
45 46
20
46 10
46 40
46 43
46 36
46 44
46 38
46 23
46 6
46 25
46 12
46 34
46 30
46 4
46 22
46 13
46 33
46 24
46 5
46 15
46 17
24
47 13
47 10
47 30
47 5
47 11
47 6
47 20
47 31
47 16
47 29
47 24
47 46
47 2
47 12
47 14
47 38
47 43
47 40
47 26
47 28
47 15
47 49
47 39
47 36
18
48 47
48 39
48 31
48 19
48 6
48 1
48 7
48 12
48 46
48 13
48 4
48 16
48 23
48 43
48 18
48 11
48 27
48 26
19
49 48
49 42
49 31
49 30
49 15
49 22
49 37
49 12
49 13
49 29
49 40
49 10
49 46
49 43
49 24
49 36
49 17
49 39
49 1
