50
0 "A34"
1 "A35"
2 "A31"
3 "A17"
4 "A24"
5 "A16"
6 "A6"
7 "A32"
8 "A11"
9 "A5"
10 "A1"
11 "A43"
12 "A20"
13 "A36"
14 "A30"
15 "A45"
16 "A48"
17 "A13"
18 "A15"
19 "A18"
20 "A4"
21 "A25"
22 "A9"
23 "A37"
24 "A3"
25 "A21"
26 "A41"
27 "A39"
28 "A40"
29 "A12"
30 "A27"
31 "A14"
32 "A19"
33 "A42"
34 "A0"
35 "A49"
36 "A8"
37 "A2"
38 "A38"
39 "A28"
40 "A46"
41 "A33"
42 "A47"
43 "A26"
44 "A7"
45 "A10"
46 "A22"
47 "A29"
48 "A44"
49 "A23"
14
0 7
0 37
0 22
0 34
0 41
0 45
0 11
0 8
0 40
0 10
0 13
0 35
0 29
0 1
17
1 46
1 17
1 43
1 33
1 18
1 41
1 12
1 26
1 8
1 35
1 20
1 27
1 21
1 45
1 19
1 14
1 2
14
2 33
2 18
2 3
2 14
2 48
2 10
2 7
2 43
2 36
2 45
2 5
2 49
2 4
2 46
20
3 15
3 32
3 10
3 0
3 7
3 45
3 17
3 4
3 13
3 35
3 46
3 31
3 37
3 38
3 48
3 18
3 42
3 40
3 47
3 6
19
4 34
4 29
4 44
4 24
4 47
4 17
4 39
4 0
4 40
4 20
4 26
4 43
4 35
4 23
4 8
4 41
4 16
4 7
4 49
24
5 41
5 49
5 27
5 37
5 32
5 17
5 8
5 30
5 36
5 20
5 40
5 24
5 10
5 16
5 13
5 46
5 18
5 44
5 29
5 34
5 47
5 43
5 25
5 38
20
6 11
6 26
6 40
6 14
6 17
6 2
6 15
6 4
6 34
6 29
6 33
6 1
6 35
6 39
6 5
6 30
6 36
6 20
6 13
6 23
19
7 46
7 31
7 27
7 10
7 24
7 14
7 25
7 35
7 49
7 1
7 28
7 19
7 6
7 32
7 15
7 20
7 5
7 18
7 44
18
8 35
8 7
8 27
8 2
8 15
8 29
8 39
8 41
8 34
8 43
8 18
8 31
8 16
8 49
8 3
8 42
8 32
8 6
20
9 47
9 34
9 42
9 4
9 3
9 19
9 8
9 6
9 44
9 7
9 5
9 25
9 10
9 16
9 22
9 2
9 15
9 30
9 26
9 11
15
10 41
10 18
10 43
10 8
10 1
10 38
10 30
10 12
10 19
10 4
10 26
10 42
10 39
10 35
10 44
17
11 38
11 5
11 28
11 1
11 8
11 2
11 15
11 40
11 27
11 39
11 45
11 24
11 44
11 10
11 26
11 3
11 29
18
12 40
12 32
12 26
12 49
12 11
12 31
12 21
12 43
12 48
12 5
12 13
12 46
12 28
12 24
12 25
12 42
12 4
12 9
23
13 33
13 25
13 10
13 9
13 27
13 37
13 19
13 23
13 42
13 4
13 38
13 21
13 16
13 34
13 8
13 29
13 43
13 7
13 31
13 30
13 18
13 28
13 2
21
14 44
14 42
14 11
14 38
14 39
14 0
14 12
14 18
14 4
14 13
14 37
14 3
14 29
14 15
14 21
14 27
14 32
14 16
14 9
14 20
14 49
18
15 30
15 24
15 18
15 25
15 45
15 44
15 43
15 41
15 1
15 4
15 10
15 35
15 5
15 0
15 40
15 38
15 20
15 39
18
16 42
16 17
16 7
16 2
16 15
16 27
16 34
16 12
16 0
16 1
16 11
16 31
16 29
16 44
16 41
16 40
16 23
16 30
19
17 27
17 13
17 25
17 34
17 28
17 45
17 31
17 8
17 33
17 40
17 12
17 41
17 2
17 30
17 0
17 9
17 29
17 22
17 48
19
18 49
18 9
18 29
18 27
18 12
18 47
18 33
18 45
18 43
18 32
18 4
18 25
18 16
18 23
18 44
18 35
18 11
18 42
18 17
30
19 27
19 35
19 17
19 31
19 43
19 8
19 44
19 14
19 28
19 24
19 15
19 5
19 0
19 29
19 3
19 48
19 23
19 16
19 37
19 26
19 25
19 21
19 11
19 41
19 20
19 33
19 49
19 39
19 47
19 42
20
20 21
20 35
20 41
20 3
20 18
20 22
20 28
20 39
20 33
20 8
20 36
20 48
20 11
20 30
20 24
20 10
20 0
20 9
20 25
20 46
22
21 15
21 39
21 29
21 32
21 2
21 49
21 31
21 10
21 6
21 7
21 48
21 11
21 42
21 28
21 0
21 5
21 16
21 44
21 8
21 41
21 46
21 35
17
22 49
22 19
22 15
22 3
22 6
22 7
22 8
22 31
22 35
22 36
22 14
22 5
22 44
22 4
22 18
22 11
22 24
21
23 21
23 11
23 7
23 41
23 37
23 10
23 31
23 34
23 0
23 22
23 9
23 8
23 3
23 29
23 49
23 36
23 25
23 15
23 17
23 44
23 48
21
24 23
24 18
24 32
24 9
24 2
24 41
24 33
24 1
24 39
24 6
24 40
24 0
24 49
24 48
24 13
24 14
24 17
24 16
24 34
24 10
24 42
17
25 24
25 4
25 44
25 2
25 21
25 0
25 39
25 11
25 14
25 1
25 3
25 46
25 33
25 22
25 47
25 28
25 41
25
26 14
26 18
26 24
26 44
26 42
26 23
26 2
26 3
26 29
26 16
26 25
26 21
26 5
26 7
26 49
26 41
26 37
26 32
26 20
26 46
26 17
26 15
26 13
26 47
26 34
23
27 3
27 23
27 40
27 39
27 38
27 24
27 41
27 0
27 9
27 28
27 15
27 30
27 21
27 2
27 44
27 29
27 45
27 43
27 49
27 20
27 48
27 10
27 12
19
28 48
28 5
28 41
28 23
28 24
28 34
28 14
28 1
28 32
28 10
28 9
28 4
28 16
28 8
28 38
28 6
28 18
28 37
28 3
15
29 40
29 28
29 45
29 20
29 42
29 7
29 2
29 36
29 24
29 46
29 12
29 9
29 33
29 22
29 41
17
30 2
30 29
30 0
30 26
30 44
30 1
30 47
30 40
30 21
30 4
30 46
30 18
30 48
30 14
30 42
30 8
30 36
21
31 44
31 15
31 14
31 25
31 48
31 4
31 6
31 33
31 10
31 18
31 0
31 27
31 29
31 2
31 39
31 36
31 11
31 30
31 20
31 42
31 26
24
32 9
32 1
32 27
32 36
32 11
32 29
32 48
32 38
32 45
32 46
32 19
32 47
32 10
32 13
32 20
32 37
32 15
32 6
32 25
32 23
32 49
32 2
32 0
32 17
23
33 26
33 30
33 21
33 49
33 10
33 0
33 9
33 23
33 36
33 5
33 28
33 27
33 42
33 11
33 16
33 41
33 3
33 34
33 32
33 12
33 48
33 14
33 15
16
34 11
34 27
34 20
34 35
34 12
34 37
34 31
34 15
34 44
34 36
34 42
34 40
34 30
34 38
34 22
34 49
23
35 46
35 12
35 11
35 30
35 5
35 28
35 17
35 38
35 37
35 36
35 9
35 25
35 33
35 47
35 41
35 44
35 49
35 29
35 32
35 13
35 26
35 31
35 43
20
36 7
36 37
36 4
36 8
36 15
36 18
36 48
36 28
36 21
36 14
36 19
36 10
36 13
36 42
36 46
36 38
36 26
36 24
36 41
36 45
25
37 22
37 1
37 39
37 45
37 6
37 30
37 20
37 10
37 18
37 38
37 46
37 4
37 17
37 47
37 27
37 2
37 11
37 7
37 12
37 29
37 15
37 16
37 21
37 41
37 48
23
38 41
38 49
38 21
38 23
38 48
38 39
38 17
38 16
38 42
38 7
38 24
38 18
38 40
38 46
38 9
38 1
38 45
38 47
38 12
38 4
38 26
38 20
38 0
22
39 33
39 36
39 32
39 12
39 18
39 45
39 0
39 29
39 17
39 34
39 2
39 5
39 9
39 46
39 30
39 43
39 35
39 48
39 28
39 40
39 22
39 16
17
40 42
40 35
40 9
40 2
40 33
40 23
40 19
40 45
40 25
40 7
40 44
40 18
40 43
40 20
40 13
40 37
40 32
15
41 30
41 32
41 40
41 2
41 6
41 45
41 43
41 9
41 13
41 22
41 18
41 47
41 14
41 46
41 49
22
42 44
42 35
42 15
42 1
42 49
42 47
42 37
42 27
42 11
42 7
42 48
42 43
42 6
42 23
42 22
42 17
42 28
42 0
42 32
42 20
42 4
42 39
18
43 14
43 17
43 22
43 0
43 38
43 16
43 31
43 30
43 11
43 28
43 21
43 26
43 33
43 25
43 34
43 37
43 3
43 20
17
44 2
44 37
44 41
44 49
44 3
44 28
44 39
44 47
44 46
44 6
44 20
44 12
44 38
44 33
44 29
44 8
44 24
20
45 49
45 23
45 35
45 24
45 28
45 9
45 30
45 13
45 33
45 31
45 19
45 26
45 22
45 46
45 42
45 10
45 16
45 12
45 43
45 44
19
46 33
46 6
46 4
46 19
46 0
46 8
46 11
46 16
46 31
46 34
46 23
46 10
46 40
46 13
46 43
46 28
46 17
46 27
46 9
23
47 12
47 28
47 49
47 22
47 27
47 15
47 20
47 31
47 39
47 24
47 23
47 6
47 45
47 8
47 29
47 46
47 21
47 16
47 33
47 17
47 43
47 34
47 14
18
48 41
48 25
48 13
48 43
48 8
48 46
48 4
48 45
48 11
48 7
48 16
48 47
48 5
48 26
48 9
48 18
48 15
48 1
14
49 17
49 13
49 40
49 25
49 46
49 48
49 16
49 11
49 28
49 0
49 36
49 1
49 10
49 37
