50
0 "A34"
1 "A35"
2 "A31"
3 "A17"
4 "A24"
5 "A16"
6 "A6"
7 "A32"
8 "A11"
9 "A5"
10 "A1"
11 "A43"
12 "A20"
13 "A36"
14 "A30"
15 "A45"
16 "A48"
17 "A13"
18 "A15"
19 "A18"
20 "A4"
21 "A25"
22 "A9"
23 "A37"
24 "A3"
25 "A21"
26 "A41"
27 "A39"
28 "A40"
29 "A12"
30 "A27"
31 "A14"
32 "A19"
33 "A42"
34 "A0"
35 "A49"
36 "A8"
37 "A2"
38 "A38"
39 "A28"
40 "A46"
41 "A33"
42 "A47"
43 "A26"
44 "A7"
45 "A10"
46 "A22"
47 "A29"
48 "A44"
49 "A23"
22
0 3
0 9
0 34
0 30
0 44
0 32
0 23
0 33
0 42
0 17
0 26
0 18
0 21
0 38
0 19
0 49
0 4
0 45
0 48
0 20
0 2
0 14
20
1 48
1 42
1 6
1 39
1 17
1 2
1 24
1 7
1 41
1 16
1 34
1 47
1 11
1 33
1 4
1 20
1 31
1 32
1 8
1 45
18
2 45
2 14
2 12
2 22
2 33
2 39
2 7
2 37
2 29
2 24
2 9
2 32
2 36
2 19
2 13
2 3
2 15
2 48
18
3 36
3 29
3 10
3 44
3 38
3 12
3 40
3 14
3 4
3 15
3 5
3 45
3 7
3 28
3 21
3 37
3 22
3 43
17
4 5
4 19
4 48
4 28
4 31
4 23
4 8
4 33
4 11
4 17
4 38
4 35
4 46
4 14
4 27
4 41
4 32
16
5 26
5 22
5 18
5 43
5 23
5 15
5 10
5 0
5 28
5 13
5 12
5 17
5 40
5 49
5 25
5 44
20
6 35
6 3
6 28
6 48
6 34
6 42
6 49
6 27
6 24
6 5
6 37
6 2
6 38
6 12
6 23
6 4
6 47
6 0
6 8
6 44
15
7 31
7 12
7 47
7 14
7 13
7 9
7 22
7 27
7 37
7 5
7 23
7 6
7 38
7 29
7 35
17
8 20
8 13
8 12
8 38
8 16
8 17
8 5
8 42
8 44
8 18
8 49
8 34
8 24
8 45
8 2
8 37
8 7
19
9 27
9 23
9 44
9 6
9 11
9 15
9 16
9 41
9 36
9 22
9 1
9 28
9 5
9 49
9 24
9 43
9 8
9 32
9 37
26
10 36
10 30
10 1
10 44
10 8
10 45
10 43
10 42
10 9
10 15
10 0
10 38
10 39
10 4
10 17
10 31
10 22
10 2
10 28
10 24
10 34
10 7
10 47
10 49
10 40
10 16
21
11 6
11 36
11 35
11 28
11 21
11 29
11 13
11 0
11 7
11 8
11 44
11 20
11 5
11 42
11 49
11 24
11 19
11 3
11 31
11 34
11 40
24
12 9
12 25
12 0
12 23
12 30
12 29
12 46
12 31
12 1
12 47
12 19
12 14
12 37
12 42
12 33
12 28
12 22
12 4
12 18
12 35
12 11
12 40
12 32
12 21
17
13 43
13 6
13 10
13 27
13 9
13 4
13 45
13 44
13 20
13 18
13 15
13 22
13 0
13 38
13 14
13 47
13 46
22
14 29
14 24
14 42
14 19
14 38
14 33
14 39
14 34
14 9
14 31
14 1
14 21
14 5
14 40
14 37
14 47
14 43
14 11
14 45
14 10
14 26
14 46
23
15 1
15 31
15 18
15 34
15 28
15 11
15 20
15 41
15 46
15 4
15 7
15 19
15 40
15 49
15 36
15 32
15 21
15 23
15 29
15 47
15 14
15 45
15 27
21
16 29
16 31
16 3
16 7
16 6
16 36
16 19
16 17
16 39
16 2
16 34
16 0
16 40
16 12
16 18
16 14
16 49
16 5
16 48
16 22
16 27
23
17 40
17 21
17 9
17 49
17 35
17 48
17 31
17 15
17 34
17 37
17 14
17 26
17 25
17 11
17 27
17 24
17 13
17 12
17 6
17 3
17 46
17 2
17 7
17
18 21
18 6
18 4
18 3
18 14
18 38
18 7
18 24
18 22
18 19
18 48
18 29
18 36
18 11
18 2
18 25
18 10
20
19 49
19 10
19 7
19 38
19 13
19 32
19 46
19 31
19 5
19 37
19 24
19 8
19 20
19 35
19 3
19 1
19 29
19 33
19 21
19 9
23
20 18
20 17
20 29
20 46
20 23
20 49
20 10
20 27
20 3
20 24
20 25
20 16
20 9
20 40
20 48
20 47
20 36
20 2
20 7
20 12
20 4
20 42
20 26
19
21 36
21 28
21 2
21 22
21 43
21 7
21 23
21 32
21 10
21 4
21 9
21 49
21 8
21 25
21 13
21 20
21 16
21 46
21 33
16
22 8
22 14
22 36
22 20
22 11
22 17
22 6
22 42
22 4
22 27
22 39
22 32
22 48
22 28
22 33
22 34
14
23 40
23 19
23 17
23 1
23 46
23 16
23 42
23 10
23 49
23 26
23 11
23 22
23 18
23 39
21
24 43
24 21
24 23
24 7
24 34
24 15
24 22
24 30
24 0
24 3
24 49
24 42
24 31
24 48
24 12
24 47
24 40
24 13
24 16
24 39
24 25
24
25 11
25 3
25 9
25 38
25 0
25 2
25 15
25 40
25 14
25 13
25 7
25 19
25 4
25 44
25 27
25 31
25 1
25 35
25 42
25 16
25 43
25 48
25 32
25 22
21
26 22
26 3
26 19
26 45
26 1
26 18
26 13
26 4
26 31
26 39
26 16
26 25
26 30
26 37
26 9
26 49
26 8
26 33
26 6
26 7
26 42
20
27 34
27 3
27 0
27 10
27 12
27 28
27 33
27 42
27 45
27 32
27 43
27 8
27 23
27 47
27 30
27 46
27 37
27 11
27 21
27 5
18
28 42
28 17
28 13
28 1
28 24
28 0
28 32
28 44
28 47
28 46
28 38
28 18
28 26
28 37
28 30
28 49
28 14
28 23
15
29 17
29 23
29 9
29 35
29 48
29 0
29 21
29 26
29 4
29 42
29 27
29 24
29 30
29 46
29 10
22
30 7
30 8
30 1
30 39
30 15
30 44
30 2
30 46
30 21
30 9
30 38
30 19
30 23
30 17
30 22
30 43
30 40
30 33
30 25
30 11
30 18
30 35
18
31 38
31 41
31 0
31 48
31 37
31 21
31 33
31 45
31 30
31 2
31 18
31 8
31 43
31 36
31 47
31 23
31 9
31 5
24
32 17
32 46
32 30
32 13
32 24
32 5
32 39
32 49
32 29
32 23
32 3
32 14
32 43
32 11
32 33
32 20
32 41
32 48
32 10
32 26
32 8
32 31
32 37
32 18
20
33 23
33 41
33 36
33 3
33 11
33 16
33 48
33 29
33 20
33 8
33 10
33 47
33 37
33 43
33 24
33 6
33 7
33 25
33 9
33 13
19
34 45
34 47
34 4
34 37
34 2
34 26
34 23
34 19
34 5
34 7
34 21
34 12
34 31
34 48
34 32
34 20
34 28
34 30
34 42
22
35 3
35 15
35 37
35 27
35 13
35 38
35 22
35 8
35 32
35 31
35 9
35 18
35 24
35 23
35 41
35 20
35 34
35 33
35 26
35 1
35 10
35 21
24
36 25
36 29
36 30
36 32
36 0
36 24
36 14
36 34
36 4
36 7
36 48
36 42
36 19
36 17
36 5
36 13
36 27
36 12
36 44
36 1
36 6
36 49
36 35
36 28
15
37 44
37 4
37 24
37 30
37 47
37 13
37 25
37 16
37 40
37 22
37 20
37 10
37 36
37 18
37 11
21
38 23
38 21
38 43
38 22
38 16
38 40
38 24
38 11
38 29
38 32
38 42
38 26
38 15
38 12
38 46
38 49
38 2
38 47
38 37
38 41
38 1
20
39 18
39 48
39 9
39 4
39 8
39 15
39 11
39 35
39 28
39 13
39 20
39 31
39 33
39 17
39 19
39 6
39 36
39 46
39 42
39 34
15
40 27
40 19
40 9
40 46
40 42
40 33
40 22
40 47
40 13
40 39
40 29
40 1
40 2
40 28
40 8
21
41 19
41 34
41 25
41 39
41 20
41 2
41 30
41 13
41 14
41 36
41 10
41 16
41 27
41 24
41 40
41 47
41 28
41 48
41 8
41 11
41 44
19
42 32
42 21
42 31
42 48
42 4
42 49
42 5
42 47
42 2
42 33
42 46
42 41
42 16
42 44
42 15
42 43
42 37
42 13
42 30
25
43 28
43 4
43 15
43 16
43 19
43 1
43 34
43 41
43 39
43 35
43 22
43 11
43 44
43 23
43 26
43 12
43 6
43 20
43 36
43 0
43 29
43 17
43 47
43 37
43 2
22
44 45
44 23
44 34
44 46
44 48
44 40
44 35
44 32
44 38
44 17
44 4
44 47
44 14
44 16
44 26
44 29
44 20
44 19
44 22
44 7
44 49
44 1
20
45 6
45 16
45 36
45 41
45 7
45 19
45 23
45 24
45 28
45 4
45 43
45 49
45 9
45 35
45 22
45 17
45 32
45 21
45 5
45 33
14
46 1
46 22
46 8
46 9
46 3
46 18
46 6
46 11
46 0
46 34
46 5
46 45
46 7
46 2
17
47 49
47 46
47 9
47 35
47 25
47 30
47 48
47 32
47 19
47 45
47 18
47 11
47 16
47 21
47 0
47 4
47 26
15
48 8
48 38
48 23
48 15
48 10
48 11
48 14
48 9
48 37
48 30
48 27
48 3
48 13
48 45
48 28
20
49 4
49 22
49 14
49 18
49 27
49 48
49 33
49 3
49 40
49 29
49 30
49 43
49 25
49 7
49 34
49 13
49 31
49 41
49 39
49 1
