50
0 "A34"
1 "A35"
2 "A31"
3 "A17"
4 "A24"
5 "A16"
6 "A6"
7 "A32"
8 "A11"
9 "A5"
10 "A1"
11 "A43"
12 "A20"
13 "A36"
14 "A30"
15 "A45"
16 "A48"
17 "A13"
18 "A15"
19 "A18"
20 "A4"
21 "A25"
22 "A9"
23 "A37"
24 "A3"
25 "A21"
26 "A41"
27 "A39"
28 "A40"
29 "A12"
30 "A27"
31 "A14"
32 "A19"
33 "A42"
34 "A0"
35 "A49"
36 "A8"
37 "A2"
38 "A38"
39 "A28"
40 "A46"
41 "A33"
42 "A47"
43 "A26"
44 "A7"
45 "A10"
46 "A22"
47 "A29"
48 "A44"
49 "A23"
24
0 28
0 45
0 33
0 29
0 15
0 23
0 27
0 42
0 34
0 4
0 37
0 36
0 3
0 11
0 2
0 22
0 12
0 13
0 14
0 49
0 7
0 16
0 8
0 32
17
1 13
1 36
1 32
1 17
1 30
1 29
1 39
1 28
1 15
1 19
1 41
1 42
1 43
1 34
1 47
1 12
1 24
18
2 9
2 20
2 39
2 32
2 4
2 15
2 33
2 1
2 43
2 30
2 3
2 29
2 38
2 11
2 40
2 23
2 48
2 7
24
3 25
3 4
3 8
3 1
3 29
3 33
3 40
3 43
3 30
3 6
3 34
3 19
3 17
3 12
3 38
3 35
3 13
3 15
3 44
3 10
3 20
3 45
3 5
3 42
12
4 36
4 30
4 20
4 32
4 1
4 17
4 49
4 34
4 10
4 11
4 48
4 21
25
5 17
5 16
5 21
5 25
5 43
5 6
5 47
5 26
5 4
5 49
5 0
5 32
5 15
5 24
5 10
5 29
5 46
5 13
5 28
5 2
5 39
5 12
5 38
5 7
5 31
19
6 45
6 24
6 20
6 4
6 49
6 34
6 15
6 40
6 38
6 13
6 41
6 25
6 17
6 42
6 43
6 46
6 31
6 39
6 9
21
7 28
7 29
7 42
7 3
7 45
7 10
7 4
7 36
7 21
7 6
7 46
7 33
7 15
7 31
7 18
7 49
7 16
7 12
7 30
7 9
7 23
22
8 49
8 21
8 35
8 47
8 40
8 14
8 1
8 11
8 45
8 4
8 24
8 33
8 41
8 48
8 37
8 46
8 25
8 22
8 15
8 2
8 10
8 43
21
9 16
9 46
9 37
9 43
9 20
9 30
9 0
9 25
9 36
9 21
9 47
9 18
9 27
9 1
9 49
9 34
9 42
9 17
9 39
9 10
9 14
19
10 43
10 49
10 45
10 2
10 6
10 14
10 25
10 37
10 34
10 20
10 21
10 12
10 1
10 42
10 29
10 16
10 17
10 13
10 31
20
11 29
11 36
11 23
11 21
11 27
11 33
11 3
11 15
11 43
11 5
11 25
11 9
11 13
11 1
11 19
11 18
11 30
11 17
11 22
11 7
17
12 6
12 2
12 30
12 25
12 21
12 32
12 15
12 45
12 13
12 19
12 29
12 37
12 22
12 49
12 31
12 23
12 42
22
13 2
13 20
13 8
13 35
13 45
13 18
13 33
13 23
13 44
13 9
13 16
13 42
13 25
13 46
13 29
13 15
13 39
13 41
13 19
13 26
13 32
13 17
19
14 1
14 48
14 37
14 22
14 39
14 5
14 18
14 16
14 31
14 7
14 25
14 3
14 30
14 40
14 41
14 21
14 32
14 12
14 11
12
15 43
15 45
15 49
15 4
15 41
15 9
15 38
15 21
15 32
15 31
15 36
15 17
17
16 2
16 6
16 8
16 35
16 30
16 22
16 34
16 26
16 28
16 3
16 12
16 11
16 42
16 17
16 43
16 41
16 45
21
17 43
17 40
17 30
17 7
17 26
17 49
17 33
17 25
17 38
17 31
17 32
17 2
17 23
17 12
17 0
17 45
17 20
17 29
17 35
17 44
17 34
15
18 36
18 33
18 27
18 24
18 1
18 2
18 42
18 25
18 4
18 5
18 37
18 15
18 0
18 29
18 22
23
19 44
19 47
19 23
19 0
19 15
19 5
19 18
19 46
19 38
19 49
19 28
19 22
19 24
19 35
19 40
19 20
19 27
19 31
19 16
19 41
19 39
19 33
19 9
16
20 34
20 12
20 22
20 32
20 29
20 11
20 33
20 24
20 16
20 18
20 5
20 44
20 25
20 8
20 48
20 36
17
21 29
21 25
21 30
21 37
21 19
21 26
21 23
21 31
21 2
21 47
21 16
21 18
21 1
21 20
21 3
21 6
21 24
16
22 15
22 1
22 48
22 43
22 7
22 35
22 27
22 31
22 13
22 4
22 10
22 23
22 21
22 6
22 5
22 32
12
23 48
23 5
23 10
23 31
23 8
23 9
23 38
23 30
23 16
23 6
23 37
23 43
20
24 47
24 29
24 22
24 38
24 9
24 16
24 7
24 39
24 0
24 37
24 23
24 15
24 2
24 41
24 10
24 44
24 12
24 46
24 35
24 3
16
25 4
25 27
25 49
25 0
25 41
25 37
25 48
25 45
25 2
25 1
25 46
25 22
25 31
25 34
25 29
25 44
20
26 19
26 40
26 8
26 39
26 24
26 23
26 9
26 15
26 11
26 42
26 2
26 31
26 3
26 38
26 25
26 1
26 36
26 35
26 49
26 12
27
27 2
27 1
27 10
27 35
27 12
27 4
27 21
27 28
27 33
27 14
27 17
27 3
27 15
27 32
27 47
27 39
27 16
27 45
27 31
27 24
27 46
27 38
27 7
27 5
27 13
27 49
27 6
28
28 13
28 21
28 32
28 22
28 41
28 29
28 20
28 12
28 3
28 4
28 42
28 17
28 33
28 26
28 30
28 38
28 48
28 8
28 31
28 6
28 35
28 11
28 18
28 14
28 45
28 9
28 46
28 15
13
29 49
29 8
29 35
29 19
29 6
29 39
29 34
29 33
29 44
29 47
29 15
29 16
29 4
17
30 20
30 44
30 5
30 25
30 27
30 29
30 37
30 19
30 10
30 0
30 26
30 33
30 8
30 24
30 43
30 46
30 47
17
31 9
31 0
31 8
31 48
31 42
31 16
31 30
31 36
31 18
31 2
31 41
31 45
31 24
31 29
31 13
31 37
31 4
19
32 29
32 23
32 21
32 34
32 46
32 19
32 7
32 31
32 45
32 41
32 10
32 30
32 49
32 16
32 47
32 6
32 42
32 3
32 8
17
33 16
33 15
33 31
33 37
33 12
33 34
33 32
33 1
33 24
33 14
33 26
33 46
33 5
33 45
33 23
33 42
33 6
19
34 13
34 22
34 31
34 5
34 23
34 41
34 47
34 8
34 46
34 19
34 27
34 44
34 30
34 28
34 18
34 11
34 37
34 15
34 12
23
35 34
35 4
35 41
35 44
35 12
35 2
35 25
35 31
35 15
35 18
35 30
35 0
35 6
35 48
35 7
35 14
35 32
35 11
35 49
35 1
35 47
35 45
35 5
25
36 37
36 22
36 12
36 23
36 21
36 28
36 32
36 19
36 48
36 29
36 43
36 38
36 24
36 13
36 25
36 5
36 33
36 17
36 41
36 30
36 14
36 34
36 35
36 8
36 42
18
37 2
37 11
37 27
37 48
37 26
37 17
37 4
37 42
37 3
37 40
37 43
37 22
37 15
37 19
37 13
37 38
37 39
37 46
21
38 25
38 35
38 45
38 31
38 34
38 16
38 9
38 12
38 32
38 41
38 30
38 11
38 13
38 29
38 7
38 33
38 43
38 10
38 44
38 18
38 20
21
39 48
39 35
39 42
39 4
39 11
39 36
39 32
39 40
39 10
39 16
39 3
39 15
39 18
39 23
39 31
39 21
39 12
39 33
39 22
39 47
39 38
22
40 31
40 20
40 32
40 13
40 12
40 15
40 5
40 46
40 28
40 23
40 29
40 35
40 30
40 22
40 43
40 9
40 45
40 49
40 27
40 24
40 44
40 36
18
41 48
41 21
41 12
41 5
41 0
41 3
41 4
41 22
41 7
41 46
41 9
41 27
41 37
41 20
41 10
41 18
41 40
41 39
21
42 34
42 45
42 20
42 21
42 49
42 23
42 5
42 22
42 40
42 29
42 15
42 14
42 41
42 19
42 11
42 8
42 48
42 4
42 2
42 17
42 24
23
43 39
43 18
43 26
43 47
43 27
43 0
43 34
43 48
43 29
43 41
43 12
43 14
43 28
43 32
43 25
43 21
43 45
43 20
43 35
43 7
43 33
43 44
43 13
25
44 26
44 16
44 7
44 12
44 22
44 15
44 31
44 41
44 37
44 0
44 18
44 28
44 5
44 21
44 33
44 27
44 4
44 36
44 6
44 1
44 14
44 2
44 45
44 49
44 10
17
45 14
45 26
45 30
45 23
45 11
45 48
45 24
45 47
45 1
45 29
45 34
45 21
45 36
45 5
45 19
45 18
45 20
22
46 3
46 20
46 1
46 31
46 4
46 38
46 16
46 45
46 26
46 21
46 18
46 12
46 22
46 42
46 15
46 23
46 47
46 39
46 10
46 44
46 17
46 11
24
47 3
47 4
47 31
47 42
47 6
47 38
47 49
47 37
47 20
47 18
47 12
47 23
47 2
47 7
47 17
47 40
47 22
47 44
47 13
47 10
47 14
47 33
47 48
47 41
20
48 6
48 46
48 49
48 24
48 9
48 33
48 17
48 26
48 11
48 29
48 13
48 38
48 30
48 3
48 27
48 19
48 40
48 10
48 12
48 0
18
49 11
49 38
49 22
49 41
49 28
49 31
49 24
49 2
49 45
49 3
49 21
49 30
49 16
49 1
49 36
49 20
49 46
49 43
