50
0 "A34"
1 "A35"
2 "A31"
3 "A17"
4 "A24"
5 "A16"
6 "A6"
7 "A32"
8 "A11"
9 "A5"
10 "A1"
11 "A43"
12 "A20"
13 "A36"
14 "A30"
15 "A45"
16 "A48"
17 "A13"
18 "A15"
19 "A18"
20 "A4"
21 "A25"
22 "A9"
23 "A37"
24 "A3"
25 "A21"
26 "A41"
27 "A39"
28 "A40"
29 "A12"
30 "A27"
31 "A14"
32 "A19"
33 "A42"
34 "A0"
35 "A49"
36 "A8"
37 "A2"
38 "A38"
39 "A28"
40 "A46"
41 "A33"
42 "A47"
43 "A26"
44 "A7"
45 "A10"
46 "A22"
47 "A29"
48 "A44"
49 "A23"
21
0 19
0 23
0 8
0 1
0 33
0 42
0 25
0 43
0 44
0 5
0 24
0 16
0 28
0 12
0 47
0 37
0 22
0 26
0 48
0 40
0 7
16
1 17
1 20
1 45
1 16
1 29
1 19
1 41
1 13
1 10
1 2
1 47
1 18
1 27
1 6
1 30
1 7
23
2 29
2 38
2 33
2 39
2 21
2 8
2 27
2 40
2 13
2 32
2 3
2 30
2 48
2 43
2 7
2 37
2 16
2 23
2 31
2 15
2 0
2 11
2 35
19
3 34
3 15
3 11
3 44
3 1
3 36
3 17
3 45
3 7
3 4
3 31
3 13
3 18
3 9
3 5
3 22
3 19
3 8
3 26
20
4 27
4 17
4 26
4 1
4 14
4 33
4 47
4 16
4 11
4 40
4 37
4 2
4 36
4 0
4 29
4 6
4 48
4 43
4 42
4 25
21
5 30
5 38
5 37
5 22
5 29
5 34
5 43
5 26
5 2
5 9
5 12
5 4
5 36
5 45
5 23
5 46
5 10
5 15
5 47
5 11
5 25
18
6 37
6 13
6 0
6 21
6 24
6 9
6 22
6 32
6 40
6 17
6 15
6 33
6 43
6 46
6 19
6 31
6 48
6 38
19
7 27
7 20
7 34
7 5
7 15
7 32
7 13
7 17
7 8
7 40
7 6
7 42
7 44
7 16
7 10
7 14
7 31
7 36
7 4
21
8 41
8 35
8 34
8 22
8 4
8 49
8 11
8 23
8 39
8 31
8 20
8 9
8 14
8 43
8 47
8 21
8 38
8 1
8 5
8 13
8 24
24
9 29
9 27
9 26
9 12
9 34
9 28
9 20
9 43
9 10
9 22
9 49
9 45
9 2
9 18
9 21
9 1
9 17
9 40
9 47
9 13
9 37
9 0
9 39
9 7
24
10 3
10 11
10 4
10 2
10 35
10 6
10 15
10 41
10 39
10 40
10 22
10 49
10 42
10 13
10 25
10 26
10 29
10 44
10 43
10 48
10 8
10 31
10 27
10 19
18
11 46
11 6
11 42
11 15
11 43
11 49
11 38
11 13
11 23
11 25
11 20
11 9
11 37
11 12
11 7
11 33
11 39
11 30
20
12 4
12 22
12 31
12 8
12 29
12 18
12 15
12 47
12 2
12 44
12 19
12 32
12 37
12 26
12 10
12 13
12 7
12 45
12 3
12 6
13
13 45
13 4
13 32
13 49
13 44
13 41
13 30
13 17
13 46
13 48
13 39
13 22
13 19
21
14 6
14 32
14 45
14 15
14 0
14 10
14 19
14 5
14 39
14 1
14 9
14 31
14 18
14 29
14 44
14 30
14 48
14 2
14 22
14 12
14 41
20
15 48
15 4
15 13
15 44
15 29
15 45
15 49
15 30
15 39
15 38
15 16
15 9
15 41
15 8
15 21
15 25
15 22
15 0
15 24
15 35
15
16 30
16 37
16 44
16 3
16 12
16 45
16 27
16 6
16 25
16 31
16 22
16 38
16 42
16 8
16 20
17
17 43
17 45
17 40
17 26
17 15
17 49
17 23
17 41
17 31
17 2
17 37
17 29
17 10
17 46
17 34
17 12
17 42
21
18 2
18 47
18 10
18 25
18 42
18 39
18 4
18 38
18 32
18 21
18 15
18 34
18 16
18 45
18 8
18 46
18 7
18 5
18 33
18 20
18 24
25
19 11
19 15
19 43
19 39
19 46
19 24
19 16
19 20
19 26
19 17
19 41
19 25
19 9
19 27
19 44
19 8
19 34
19 30
19 40
19 2
19 22
19 28
19 45
19 23
19 18
18
20 47
20 14
20 12
20 29
20 23
20 22
20 27
20 26
20 36
20 2
20 24
20 31
20 45
20 35
20 10
20 48
20 44
20 15
19
21 19
21 33
21 41
21 24
21 46
21 38
21 16
21 30
21 49
21 32
21 22
21 3
21 36
21 14
21 0
21 12
21 20
21 11
21 34
10
22 39
22 7
22 18
22 37
22 43
22 41
22 49
22 1
22 30
22 25
22
23 4
23 15
23 42
23 13
23 16
23 44
23 9
23 7
23 22
23 28
23 30
23 6
23 1
23 3
23 46
23 12
23 49
23 35
23 37
23 26
23 31
23 38
15
24 5
24 12
24 39
24 2
24 43
24 35
24 3
24 10
24 37
24 41
24 23
24 25
24 17
24 38
24 16
21
25 27
25 6
25 40
25 1
25 48
25 37
25 31
25 14
25 12
25 46
25 32
25 47
25 29
25 9
25 39
25 49
25 33
25 13
25 23
25 17
25 34
17
26 48
26 8
26 32
26 45
26 37
26 18
26 21
26 14
26 7
26 40
26 31
26 25
26 46
26 2
26 33
26 39
26 36
18
27 3
27 31
27 5
27 0
27 41
27 23
27 38
27 13
27 17
27 45
27 11
27 14
27 24
27 8
27 49
27 18
27 32
27 6
24
28 2
28 27
28 4
28 5
28 11
28 18
28 29
28 43
28 45
28 14
28 39
28 21
28 25
28 20
28 26
28 49
28 42
28 13
28 17
28 15
28 48
28 7
28 41
28 24
24
29 36
29 48
29 41
29 35
29 32
29 24
29 21
29 6
29 42
29 47
29 37
29 7
29 13
29 49
29 40
29 39
29 33
29 27
29 31
29 43
29 19
29 18
29 11
29 22
20
30 25
30 43
30 47
30 24
30 17
30 6
30 31
30 35
30 20
30 40
30 18
30 12
30 7
30 10
30 8
30 27
30 44
30 0
30 9
30 28
21
31 33
31 28
31 32
31 5
31 9
31 42
31 41
31 18
31 13
31 45
31 15
31 1
31 47
31 24
31 19
31 4
31 0
31 37
31 21
31 48
31 39
23
32 16
32 8
32 0
32 23
32 3
32 10
32 49
32 36
32 5
32 17
32 28
32 11
32 30
32 1
32 48
32 45
32 37
32 43
32 19
32 44
32 42
32 46
32 22
19
33 24
33 36
33 20
33 19
33 7
33 16
33 5
33 37
33 14
33 10
33 15
33 42
33 13
33 1
33 32
33 30
33 17
33 45
33 28
26
34 44
34 30
34 29
34 23
34 13
34 12
34 22
34 10
34 11
34 1
34 37
34 39
34 31
34 33
34 6
34 24
34 15
34 20
34 49
34 26
34 2
34 48
34 32
34 27
34 14
34 47
25
35 18
35 12
35 17
35 27
35 34
35 3
35 31
35 42
35 5
35 41
35 49
35 7
35 14
35 26
35 0
35 13
35 37
35 46
35 48
35 6
35 9
35 40
35 44
35 19
35 1
20
36 22
36 12
36 6
36 9
36 1
36 25
36 41
36 13
36 37
36 30
36 10
36 27
36 45
36 42
36 24
36 35
36 8
36 14
36 28
36 19
13
37 3
37 8
37 14
37 48
37 43
37 46
37 30
37 15
37 10
37 45
37 13
37 21
37 7
20
38 17
38 22
38 33
38 25
38 13
38 1
38 32
38 45
38 28
38 46
38 9
38 7
38 42
38 36
38 31
38 29
38 20
38 44
38 30
38 26
20
39 32
39 36
39 37
39 20
39 7
39 27
39 40
39 0
39 5
39 17
39 21
39 48
39 16
39 45
39 3
39 1
39 4
39 23
39 35
39 33
16
40 42
40 22
40 1
40 20
40 5
40 45
40 21
40 46
40 34
40 33
40 41
40 36
40 32
40 14
40 11
40 23
20
41 39
41 34
41 9
41 23
41 38
41 6
41 11
41 7
41 3
41 4
41 44
41 20
41 5
41 18
41 48
41 0
41 30
41 37
41 25
41 43
15
42 22
42 48
42 30
42 14
42 13
42 8
42 26
42 25
42 41
42 21
42 46
42 34
42 5
42 37
42 12
20
43 27
43 18
43 36
43 45
43 34
43 14
43 13
43 42
43 49
43 23
43 25
43 35
43 21
43 7
43 47
43 39
43 20
43 16
43 33
43 31
19
44 8
44 9
44 39
44 28
44 18
44 27
44 21
44 31
44 37
44 17
44 11
44 6
44 33
44 26
44 5
44 36
44 43
44 46
44 22
15
45 29
45 21
45 42
45 22
45 4
45 8
45 23
45 34
45 24
45 10
45 6
45 0
45 7
45 11
45 30
21
46 43
46 2
46 39
46 34
46 4
46 31
46 33
46 7
46 1
46 29
46 45
46 22
46 3
46 27
46 30
46 28
46 10
46 0
46 14
46 9
46 48
22
47 2
47 46
47 22
47 24
47 41
47 13
47 14
47 33
47 17
47 44
47 15
47 7
47 32
47 36
47 40
47 6
47 35
47 49
47 28
47 26
47 38
47 21
21
48 43
48 1
48 33
48 27
48 30
48 45
48 40
48 17
48 21
48 11
48 12
48 49
48 23
48 5
48 22
48 8
48 16
48 36
48 18
48 9
48 38
20
49 30
49 41
49 7
49 36
49 45
49 44
49 38
49 6
49 39
49 16
49 46
49 19
49 3
49 5
49 4
49 18
49 2
49 37
49 1
49 12
