50
0 "A34"
1 "A35"
2 "A31"
3 "A17"
4 "A24"
5 "A16"
6 "A6"
7 "A32"
8 "A11"
9 "A5"
10 "A1"
11 "A43"
12 "A20"
13 "A36"
14 "A30"
15 "A45"
16 "A48"
17 "A13"
18 "A15"
19 "A18"
20 "A4"
21 "A25"
22 "A9"
23 "A37"
24 "A3"
25 "A21"
26 "A41"
27 "A39"
28 "A40"
29 "A12"
30 "A27"
31 "A14"
32 "A19"
33 "A42"
34 "A0"
35 "A49"
36 "A8"
37 "A2"
38 "A38"
39 "A28"
40 "A46"
41 "A33"
42 "A47"
43 "A26"
44 "A7"
45 "A10"
46 "A22"
47 "A29"
48 "A44"
49 "A23"
17
0 28
0 24
0 38
0 43
0 26
0 19
0 16
0 31
0 22
0 42
0 32
0 25
0 20
0 29
0 17
0 13
0 39
17
1 24
1 38
1 13
1 9
1 37
1 21
1 14
1 6
1 49
1 36
1 41
1 32
1 46
1 3
1 26
1 43
1 22
22
2 1
2 11
2 25
2 30
2 48
2 4
2 39
2 0
2 38
2 29
2 20
2 46
2 49
2 31
2 23
2 45
2 44
2 15
2 32
2 35
2 17
2 16
22
3 34
3 2
3 8
3 16
3 17
3 14
3 42
3 40
3 7
3 25
3 27
3 28
3 49
3 37
3 13
3 38
3 33
3 21
3 9
3 0
3 45
3 19
19
4 43
4 44
4 36
4 12
4 13
4 24
4 31
4 34
4 23
4 5
4 1
4 17
4 3
4 26
4 21
4 18
4 33
4 37
4 32
18
5 23
5 42
5 7
5 17
5 8
5 49
5 22
5 38
5 36
5 43
5 21
5 33
5 31
5 30
5 10
5 15
5 44
5 27
24
6 36
6 25
6 15
6 8
6 26
6 20
6 47
6 5
6 42
6 0
6 29
6 27
6 38
6 32
6 39
6 31
6 4
6 3
6 10
6 28
6 30
6 18
6 9
6 7
16
7 36
7 20
7 16
7 42
7 18
7 25
7 45
7 10
7 11
7 39
7 4
7 31
7 37
7 23
7 8
7 0
14
8 19
8 28
8 27
8 23
8 35
8 31
8 38
8 26
8 48
8 43
8 42
8 37
8 9
8 0
17
9 18
9 27
9 19
9 14
9 43
9 2
9 24
9 20
9 38
9 17
9 46
9 30
9 42
9 7
9 11
9 44
9 12
23
10 30
10 3
10 33
10 47
10 4
10 35
10 46
10 11
10 13
10 24
10 27
10 23
10 43
10 26
10 38
10 37
10 49
10 12
10 18
10 25
10 42
10 39
10 15
17
11 5
11 38
11 45
11 44
11 3
11 14
11 36
11 8
11 25
11 43
11 1
11 28
11 15
11 0
11 42
11 49
11 19
23
12 26
12 49
12 42
12 1
12 0
12 8
12 27
12 47
12 14
12 48
12 7
12 25
12 3
12 34
12 41
12 5
12 33
12 18
12 6
12 44
12 28
12 13
12 20
21
13 7
13 28
13 2
13 34
13 18
13 25
13 17
13 31
13 46
13 35
13 45
13 11
13 20
13 9
13 30
13 27
13 41
13 48
13 5
13 39
13 8
22
14 7
14 0
14 2
14 15
14 44
14 25
14 42
14 8
14 38
14 39
14 46
14 49
14 36
14 10
14 17
14 6
14 26
14 19
14 13
14 47
14 4
14 5
29
15 32
15 37
15 24
15 47
15 1
15 17
15 9
15 36
15 20
15 22
15 46
15 39
15 48
15 21
15 27
15 45
15 0
15 12
15 34
15 4
15 3
15 7
15 25
15 43
15 19
15 40
15 30
15 8
15 13
19
16 11
16 25
16 49
16 12
16 15
16 21
16 28
16 4
16 8
16 1
16 30
16 45
16 10
16 9
16 39
16 24
16 26
16 23
16 13
17
17 41
17 32
17 10
17 25
17 30
17 16
17 23
17 12
17 37
17 42
17 7
17 8
17 48
17 18
17 6
17 24
17 46
15
18 0
18 20
18 45
18 41
18 5
18 21
18 34
18 25
18 14
18 1
18 36
18 2
18 24
18 40
18 39
16
19 4
19 36
19 41
19 31
19 42
19 12
19 13
19 18
19 21
19 22
19 24
19 48
19 49
19 1
19 35
19 39
20
20 24
20 39
20 1
20 5
20 28
20 23
20 14
20 45
20 4
20 19
20 37
20 26
20 47
20 22
20 32
20 36
20 27
20 33
20 49
20 10
21
21 30
21 14
21 2
21 43
21 13
21 35
21 10
21 49
21 47
21 23
21 7
21 39
21 42
21 26
21 12
21 25
21 20
21 40
21 8
21 11
21 24
26
22 11
22 45
22 24
22 6
22 47
22 31
22 37
22 7
22 18
22 39
22 10
22 44
22 27
22 29
22 36
22 49
22 25
22 8
22 9
22 40
22 2
22 38
22 28
22 4
22 30
22 43
16
23 41
23 24
23 14
23 1
23 0
23 6
23 44
23 19
23 3
23 48
23 9
23 40
23 11
23 18
23 32
23 49
14
24 8
24 3
24 7
24 34
24 29
24 41
24 42
24 2
24 40
24 49
24 6
24 27
24 46
24 14
20
25 37
25 44
25 19
25 38
25 39
25 27
25 20
25 23
25 5
25 35
25 24
25 9
25 31
25 4
25 48
25 8
25 42
25 46
25 26
25 28
21
26 23
26 9
26 29
26 5
26 43
26 7
26 32
26 15
26 39
26 24
26 35
26 40
26 13
26 19
26 49
26 38
26 37
26 33
26 2
26 48
26 27
16
27 18
27 29
27 16
27 23
27 42
27 2
27 40
27 21
27 34
27 32
27 44
27 39
27 19
27 17
27 46
27 4
19
28 19
28 5
28 1
28 27
28 10
28 7
28 26
28 30
28 17
28 43
28 31
28 15
28 4
28 9
28 18
28 42
28 47
28 40
28 39
21
29 11
29 10
29 15
29 48
29 16
29 14
29 4
29 49
29 12
29 3
29 1
29 19
29 18
29 33
29 40
29 32
29 25
29 17
29 5
29 21
29 36
18
30 29
30 42
30 44
30 25
30 23
30 24
30 45
30 35
30 49
30 7
30 0
30 48
30 1
30 19
30 12
30 11
30 3
30 27
19
31 9
31 27
31 21
31 45
31 33
31 16
31 42
31 10
31 17
31 26
31 24
31 29
31 12
31 32
31 11
31 15
31 48
31 30
31 43
20
32 25
32 44
32 28
32 42
32 48
32 21
32 8
32 3
32 16
32 22
32 7
32 5
32 19
32 38
32 37
32 45
32 13
32 34
32 33
32 43
17
33 8
33 15
33 30
33 1
33 48
33 11
33 43
33 38
33 35
33 2
33 24
33 13
33 28
33 6
33 0
33 7
33 19
23
34 45
34 26
34 42
34 5
34 49
34 6
34 10
34 0
34 7
34 16
34 30
34 36
34 37
34 2
34 14
34 48
34 17
34 19
34 39
34 29
34 25
34 8
34 1
23
35 48
35 23
35 6
35 28
35 39
35 27
35 12
35 49
35 16
35 31
35 11
35 20
35 29
35 3
35 5
35 18
35 36
35 1
35 9
35 34
35 17
35 47
35 7
23
36 41
36 17
36 13
36 40
36 24
36 28
36 30
36 8
36 48
36 25
36 9
36 10
36 26
36 39
36 21
36 32
36 27
36 16
36 46
36 23
36 12
36 0
36 3
15
37 36
37 0
37 28
37 13
37 41
37 16
37 31
37 35
37 39
37 48
37 27
37 38
37 2
37 40
37 24
21
38 43
38 24
38 18
38 41
38 20
38 35
38 19
38 17
38 42
38 49
38 45
38 7
38 16
38 39
38 12
38 23
38 4
38 29
38 13
38 30
38 21
20
39 9
39 8
39 48
39 31
39 40
39 24
39 46
39 17
39 49
39 4
39 11
39 5
39 44
39 45
39 3
39 30
39 23
39 1
39 33
39 29
22
40 8
40 43
40 35
40 33
40 17
40 5
40 7
40 25
40 34
40 46
40 32
40 10
40 6
40 47
40 38
40 4
40 12
40 1
40 9
40 19
40 30
40 20
18
41 3
41 34
41 45
41 44
41 42
41 29
41 39
41 32
41 48
41 5
41 31
41 15
41 11
41 25
41 28
41 26
41 27
41 10
17
42 23
42 20
42 39
42 18
42 37
42 35
42 44
42 2
42 48
42 4
42 16
42 33
42 29
42 36
42 22
42 1
42 26
19
43 12
43 39
43 29
43 17
43 16
43 3
43 36
43 20
43 47
43 14
43 13
43 41
43 2
43 46
43 7
43 27
43 24
43 25
43 42
23
44 34
44 24
44 3
44 17
44 28
44 8
44 7
44 46
44 29
44 16
44 47
44 40
44 18
44 21
44 19
44 38
44 37
44 33
44 13
44 26
44 35
44 31
44 0
22
45 14
45 10
45 36
45 6
45 19
45 44
45 42
45 26
45 4
45 27
45 8
45 0
45 33
45 37
45 25
45 49
45 1
45 5
45 24
45 28
45 48
45 46
18
46 18
46 16
46 29
46 21
46 23
46 30
46 20
46 11
46 35
46 7
46 22
46 4
46 31
46 32
46 6
46 26
46 47
46 3
24
47 11
47 37
47 27
47 39
47 48
47 34
47 13
47 5
47 38
47 42
47 3
47 0
47 23
47 33
47 2
47 26
47 30
47 9
47 1
47 45
47 29
47 16
47 8
47 25
20
48 0
48 18
48 9
48 40
48 11
48 3
48 14
48 21
48 46
48 27
48 16
48 7
48 38
48 1
48 43
48 10
48 24
48 28
48 20
48 6
16
49 15
49 13
49 44
49 33
49 41
49 36
49 28
49 47
49 18
49 8
49 9
49 6
49 25
49 27
49 0
49 48
