50
0 "A34"
1 "A35"
2 "A31"
3 "A17"
4 "A24"
5 "A16"
6 "A6"
7 "A32"
8 "A11"
9 "A5"
10 "A1"
11 "A43"
12 "A20"
13 "A36"
14 "A30"
15 "A45"
16 "A48"
17 "A13"
18 "A15"
19 "A18"
20 "A4"
21 "A25"
22 "A9"
23 "A37"
24 "A3"
25 "A21"
26 "A41"
27 "A39"
28 "A40"
29 "A12"
30 "A27"
31 "A14"
32 "A19"
33 "A42"
34 "A0"
35 "A49"
36 "A8"
37 "A2"
38 "A38"
39 "A28"
40 "A46"
41 "A33"
42 "A47"
43 "A26"
44 "A7"
45 "A10"
46 "A22"
47 "A29"
48 "A44"
49 "A23"
22
0 15
0 28
0 18
0 13
0 17
0 9
0 48
0 2
0 16
0 46
0 39
0 5
0 3
0 37
0 25
0 30
0 49
0 26
0 11
0 34
0 24
0 31
23
1 43
1 34
1 18
1 41
1 5
1 35
1 14
1 36
1 24
1 19
1 40
1 31
1 38
1 6
1 46
1 49
1 21
1 15
1 29
1 25
1 10
1 22
1 11
24
2 29
2 35
2 30
2 5
2 43
2 48
2 39
2 31
2 8
2 25
2 32
2 18
2 45
2 23
2 16
2 21
2 17
2 42
2 49
2 11
2 38
2 36
2 28
2 13
21
3 42
3 40
3 17
3 19
3 16
3 31
3 45
3 32
3 48
3 2
3 21
3 46
3 38
3 4
3 7
3 24
3 9
3 18
3 29
3 11
3 34
20
4 1
4 41
4 5
4 31
4 6
4 35
4 17
4 44
4 23
4 46
4 21
4 49
4 40
4 25
4 9
4 32
4 27
4 30
4 47
4 7
18
5 17
5 43
5 14
5 44
5 36
5 49
5 31
5 13
5 33
5 19
5 18
5 8
5 42
5 10
5 27
5 20
5 3
5 24
17
6 20
6 42
6 48
6 9
6 18
6 33
6 39
6 11
6 3
6 47
6 37
6 5
6 25
6 2
6 30
6 32
6 0
21
7 23
7 43
7 2
7 0
7 38
7 36
7 17
7 16
7 41
7 1
7 13
7 18
7 28
7 37
7 25
7 29
7 45
7 11
7 8
7 6
7 31
22
8 42
8 38
8 26
8 10
8 48
8 6
8 33
8 24
8 43
8 1
8 36
8 3
8 23
8 28
8 19
8 20
8 41
8 11
8 0
8 44
8 9
8 30
20
9 2
9 11
9 37
9 38
9 12
9 20
9 28
9 42
9 23
9 18
9 49
9 26
9 29
9 46
9 41
9 40
9 33
9 36
9 7
9 24
20
10 42
10 44
10 27
10 33
10 3
10 46
10 4
10 11
10 6
10 43
10 25
10 40
10 15
10 26
10 14
10 0
10 38
10 24
10 49
10 30
13
11 46
11 42
11 43
11 38
11 36
11 15
11 49
11 28
11 5
11 33
11 4
11 40
11 45
22
12 18
12 26
12 8
12 27
12 16
12 0
12 2
12 46
12 13
12 42
12 7
12 49
12 25
12 3
12 48
12 33
12 23
12 1
12 44
12 10
12 4
12 11
19
13 35
13 34
13 22
13 9
13 6
13 31
13 30
13 33
13 17
13 41
13 38
13 42
13 4
13 10
13 45
13 21
13 23
13 27
13 49
24
14 47
14 6
14 49
14 34
14 8
14 45
14 25
14 38
14 37
14 11
14 39
14 2
14 13
14 26
14 27
14 28
14 17
14 42
14 41
14 19
14 32
14 21
14 4
14 0
23
15 3
15 45
15 2
15 8
15 37
15 38
15 48
15 19
15 4
15 40
15 17
15 13
15 18
15 30
15 9
15 7
15 43
15 29
15 20
15 36
15 32
15 12
15 14
19
16 28
16 18
16 15
16 39
16 47
16 9
16 4
16 40
16 8
16 49
16 37
16 44
16 11
16 1
16 42
16 32
16 6
16 26
16 13
22
17 10
17 48
17 41
17 23
17 9
17 46
17 32
17 25
17 1
17 16
17 30
17 8
17 33
17 20
17 26
17 19
17 42
17 35
17 37
17 45
17 29
17 18
14
18 25
18 34
18 40
18 21
18 24
18 31
18 49
18 38
18 13
18 48
18 41
18 30
18 33
18 39
20
19 31
19 9
19 10
19 18
19 21
19 25
19 36
19 23
19 2
19 35
19 29
19 42
19 49
19 7
19 22
19 6
19 4
19 0
19 34
19 16
23
20 29
20 45
20 24
20 16
20 34
20 7
20 39
20 32
20 14
20 18
20 36
20 33
20 2
20 44
20 10
20 25
20 41
20 1
20 30
20 22
20 3
20 19
20 49
25
21 37
21 16
21 34
21 15
21 40
21 24
21 28
21 17
21 43
21 35
21 47
21 11
21 7
21 42
21 10
21 38
21 39
21 0
21 23
21 12
21 30
21 5
21 33
21 36
21 49
17
22 21
22 49
22 43
22 25
22 7
22 48
22 16
22 26
22 0
22 27
22 8
22 4
22 14
22 41
22 12
22 15
22 5
21
23 10
23 6
23 11
23 22
23 37
23 31
23 20
23 30
23 15
23 48
23 0
23 44
23 47
23 3
23 43
23 49
23 1
23 5
23 24
23 14
23 34
18
24 7
24 35
24 34
24 14
24 22
24 25
24 4
24 31
24 27
24 11
24 44
24 15
24 47
24 2
24 32
24 17
24 26
24 36
20
25 44
25 11
25 31
25 37
25 5
25 38
25 8
25 46
25 39
25 29
25 28
25 16
25 3
25 9
25 42
25 15
25 32
25 21
25 48
25 23
20
26 19
26 41
26 43
26 5
26 27
26 25
26 21
26 15
26 18
26 23
26 29
26 33
26 49
26 37
26 7
26 28
26 38
26 4
26 6
26 3
21
27 49
27 3
27 23
27 19
27 29
27 48
27 25
27 18
27 38
27 44
27 9
27 15
27 20
27 16
27 41
27 1
27 7
27 42
27 17
27 34
27 0
19
28 4
28 15
28 41
28 43
28 5
28 18
28 27
28 32
28 6
28 10
28 47
28 49
28 1
28 3
28 17
28 20
28 23
28 13
28 12
20
29 36
29 48
29 21
29 24
29 14
29 47
29 4
29 18
29 40
29 8
29 10
29 28
29 30
29 32
29 12
29 6
29 44
29 39
29 16
29 42
17
30 24
30 11
30 16
30 19
30 41
30 46
30 28
30 3
30 7
30 1
30 33
30 39
30 12
30 5
30 27
30 14
30 25
19
31 11
31 21
31 44
31 38
31 9
31 15
31 28
31 30
31 48
31 26
31 41
31 36
31 6
31 32
31 47
31 16
31 12
31 20
31 35
22
32 12
32 43
32 19
32 21
32 33
32 46
32 8
32 42
32 7
32 13
32 5
32 1
32 37
32 26
32 18
32 34
32 49
32 36
32 30
32 27
32 45
32 23
20
33 24
33 3
33 40
33 35
33 43
33 27
33 1
33 22
33 31
33 14
33 38
33 7
33 25
33 34
33 39
33 19
33 29
33 28
33 23
33 37
21
34 6
34 10
34 25
34 5
34 40
34 17
34 29
34 37
34 12
34 15
34 22
34 7
34 39
34 28
34 26
34 45
34 2
34 16
34 31
34 48
34 30
23
35 23
35 12
35 27
35 20
35 26
35 15
35 38
35 34
35 18
35 7
35 16
35 11
35 22
35 14
35 44
35 8
35 3
35 48
35 32
35 0
35 40
35 30
35 45
17
36 0
36 13
36 44
36 46
36 26
36 35
36 25
36 4
36 37
36 33
36 3
36 39
36 17
36 22
36 27
36 48
36 23
16
37 19
37 31
37 28
37 40
37 18
37 10
37 49
37 1
37 35
37 38
37 30
37 24
37 48
37 4
37 41
37 2
19
38 45
38 30
38 24
38 29
38 41
38 12
38 5
38 42
38 16
38 46
38 6
38 0
38 28
38 36
38 32
38 4
38 48
38 20
38 49
19
39 9
39 24
39 42
39 17
39 44
39 37
39 8
39 11
39 27
39 35
39 19
39 31
39 23
39 45
39 32
39 10
39 3
39 7
39 48
17
40 41
40 7
40 12
40 44
40 6
40 32
40 22
40 17
40 27
40 24
40 23
40 30
40 2
40 46
40 26
40 5
40 38
18
41 5
41 6
41 29
41 32
41 10
41 39
41 33
41 23
41 3
41 16
41 11
41 48
41 21
41 12
41 42
41 45
41 15
41 34
14
42 23
42 26
42 36
42 40
42 1
42 15
42 34
42 30
42 0
42 48
42 35
42 44
42 33
42 18
26
43 24
43 20
43 27
43 14
43 9
43 17
43 46
43 39
43 30
43 12
43 29
43 48
43 47
43 16
43 41
43 13
43 18
43 36
43 34
43 4
43 38
43 44
43 19
43 31
43 0
43 3
15
44 2
44 41
44 21
44 49
44 46
44 7
44 37
44 3
44 26
44 0
44 15
44 33
44 6
44 17
44 28
16
45 44
45 26
45 33
45 5
45 12
45 28
45 43
45 40
45 47
45 21
45 46
45 36
45 42
45 37
45 0
45 24
14
46 16
46 47
46 27
46 21
46 24
46 13
46 2
46 20
46 42
46 31
46 35
46 7
46 26
46 18
25
47 5
47 11
47 7
47 44
47 40
47 13
47 39
47 2
47 35
47 19
47 0
47 20
47 36
47 33
47 3
47 12
47 8
47 18
47 41
47 25
47 30
47 9
47 1
47 27
47 34
18
48 19
48 46
48 14
48 21
48 24
48 44
48 11
48 26
48 47
48 9
48 33
48 28
48 45
48 7
48 5
48 13
48 1
48 16
16
49 46
49 7
49 3
49 8
49 48
49 43
49 47
49 36
49 30
49 33
49 24
49 17
49 41
49 6
49 35
49 34
