50
0 "A1"
1 "A46"
2 "A13"
3 "A14"
4 "A47"
5 "A32"
6 "A0"
7 "A40"
8 "A42"
9 "A6"
10 "A24"
11 "A15"
12 "A44"
13 "A7"
14 "A28"
15 "A48"
16 "A36"
17 "A31"
18 "A21"
19 "A22"
20 "A2"
21 "A30"
22 "A10"
23 "A16"
24 "A8"
25 "A11"
26 "A39"
27 "A25"
28 "A12"
29 "A41"
30 "A26"
31 "A34"
32 "A37"
33 "A45"
34 "A27"
35 "A19"
36 "A29"
37 "A35"
38 "A20"
39 "A43"
40 "A4"
41 "A18"
42 "A17"
43 "A9"
44 "A33"
45 "A49"
46 "A3"
47 "A38"
48 "A5"
49 "A23"
11
0 1
0 4
0 17
0 49
0 15
0 38
0 16
0 29
0 24
0 33
0 44
23
1 22
1 40
1 17
1 18
1 37
1 46
1 45
1 35
1 14
1 30
1 47
1 32
1 23
1 26
1 5
1 34
1 25
1 21
1 38
1 6
1 8
1 3
1 48
19
2 24
2 28
2 15
2 42
2 35
2 5
2 7
2 41
2 25
2 46
2 22
2 34
2 19
2 17
2 43
2 47
2 4
2 1
2 29
10
3 17
3 32
3 49
3 7
3 26
3 24
3 44
3 27
3 2
3 45
25
4 42
4 12
4 29
4 45
4 41
4 37
4 8
4 40
4 32
4 9
4 28
4 39
4 16
4 5
4 34
4 47
4 48
4 7
4 30
4 26
4 31
4 21
4 3
4 36
4 15
15
5 38
5 19
5 9
5 21
5 0
5 24
5 16
5 44
5 17
5 18
5 29
5 30
5 25
5 11
5 31
18
6 45
6 33
6 48
6 47
6 35
6 4
6 14
6 30
6 27
6 9
6 28
6 12
6 5
6 15
6 40
6 49
6 21
6 36
15
7 6
7 1
7 11
7 0
7 14
7 38
7 28
7 30
7 44
7 42
7 8
7 27
7 36
7 48
7 26
26
8 38
8 24
8 43
8 14
8 39
8 31
8 12
8 26
8 29
8 23
8 34
8 3
8 47
8 45
8 35
8 37
8 46
8 42
8 36
8 25
8 32
8 30
8 18
8 5
8 0
8 49
22
9 30
9 44
9 3
9 28
9 35
9 32
9 13
9 29
9 31
9 12
9 41
9 17
9 14
9 8
9 49
9 46
9 22
9 16
9 10
9 47
9 27
9 19
21
10 43
10 37
10 47
10 4
10 25
10 21
10 23
10 6
10 49
10 44
10 48
10 45
10 36
10 28
10 15
10 46
10 26
10 3
10 30
10 0
10 11
21
11 27
11 37
11 29
11 31
11 43
11 19
11 20
11 0
11 14
11 17
11 12
11 36
11 30
11 49
11 47
11 32
11 9
11 1
11 39
11 13
11 16
13
12 38
12 36
12 47
12 18
12 26
12 17
12 44
12 3
12 45
12 13
12 7
12 1
12 32
21
13 39
13 5
13 37
13 10
13 0
13 40
13 23
13 17
13 3
13 26
13 7
13 30
13 34
13 22
13 8
13 45
13 19
13 32
13 2
13 49
13 38
18
14 37
14 13
14 12
14 15
14 32
14 43
14 3
14 34
14 16
14 27
14 20
14 41
14 31
14 36
14 29
14 39
14 0
14 47
21
15 42
15 20
15 13
15 1
15 31
15 38
15 25
15 48
15 30
15 16
15 22
15 32
15 12
15 5
15 11
15 41
15 46
15 34
15 43
15 45
15 7
24
16 6
16 24
16 33
16 21
16 27
16 12
16 45
16 18
16 38
16 31
16 8
16 39
16 49
16 32
16 1
16 29
16 7
16 34
16 20
16 46
16 28
16 13
16 35
16 43
18
17 16
17 35
17 47
17 39
17 19
17 42
17 26
17 23
17 8
17 10
17 28
17 46
17 38
17 22
17 49
17 45
17 43
17 40
20
18 27
18 0
18 9
18 42
18 36
18 41
18 20
18 17
18 28
18 15
18 10
18 37
18 7
18 40
18 21
18 33
18 6
18 2
18 14
18 3
21
19 3
19 46
19 41
19 12
19 23
19 39
19 8
19 7
19 0
19 49
19 44
19 15
19 18
19 16
19 45
19 36
19 37
19 27
19 35
19 20
19 1
19
20 42
20 3
20 10
20 12
20 32
20 17
20 0
20 4
20 34
20 13
20 1
20 8
20 27
20 21
20 37
20 6
20 31
20 22
20 7
16
21 32
21 13
21 24
21 8
21 44
21 30
21 33
21 25
21 27
21 14
21 11
21 2
21 19
21 3
21 17
21 0
22
22 7
22 14
22 19
22 48
22 35
22 31
22 12
22 3
22 25
22 4
22 21
22 27
22 6
22 30
22 34
22 11
22 0
22 16
22 47
22 18
22 46
22 49
24
23 46
23 37
23 0
23 7
23 16
23 11
23 45
23 24
23 3
23 12
23 15
23 30
23 6
23 42
23 41
23 9
23 32
23 36
23 22
23 20
23 34
23 2
23 31
23 27
24
24 48
24 1
24 13
24 37
24 4
24 31
24 18
24 12
24 29
24 9
24 25
24 34
24 22
24 17
24 42
24 30
24 41
24 10
24 11
24 36
24 44
24 15
24 28
24 35
14
25 49
25 46
25 0
25 20
25 35
25 3
25 16
25 11
25 31
25 14
25 44
25 13
25 12
25 6
24
26 16
26 28
26 35
26 43
26 20
26 36
26 6
26 5
26 49
26 25
26 15
26 18
26 24
26 2
26 21
26 44
26 41
26 23
26 22
26 19
26 11
26 31
26 39
26 38
19
27 43
27 15
27 24
27 8
27 2
27 38
27 45
27 40
27 37
27 12
27 47
27 10
27 46
27 30
27 42
27 17
27 13
27 34
27 39
18
28 19
28 23
28 8
28 5
28 38
28 44
28 31
28 39
28 22
28 47
28 48
28 0
28 27
28 49
28 20
28 30
28 21
28 41
22
29 3
29 20
29 15
29 6
29 10
29 34
29 1
29 19
29 17
29 22
29 44
29 12
29 38
29 49
29 7
29 31
29 18
29 21
29 37
29 41
29 23
29 25
20
30 37
30 46
30 0
30 19
30 49
30 3
30 16
30 2
30 47
30 38
30 39
30 34
30 17
30 32
30 33
30 12
30 45
30 26
30 35
30 18
16
31 21
31 35
31 45
31 3
31 41
31 37
31 47
31 32
31 10
31 38
31 12
31 27
31 30
31 46
31 18
31 7
17
32 48
32 25
32 22
32 33
32 2
32 39
32 35
32 45
32 10
32 27
32 6
32 47
32 7
32 26
32 41
32 0
32 19
19
33 17
33 7
33 20
33 1
33 40
33 12
33 9
33 29
33 3
33 26
33 13
33 19
33 8
33 48
33 24
33 2
33 5
33 14
33 31
23
34 0
34 21
34 19
34 28
34 40
34 37
34 38
34 11
34 44
34 17
34 6
34 45
34 39
34 26
34 5
34 48
34 9
34 32
34 3
34 33
34 10
34 18
34 7
18
35 4
35 33
35 23
35 21
35 11
35 28
35 10
35 15
35 34
35 5
35 36
35 42
35 0
35 45
35 40
35 29
35 18
35 3
23
36 41
36 20
36 30
36 43
36 0
36 27
36 49
36 15
36 16
36 44
36 37
36 48
36 25
36 40
36 33
36 32
36 2
36 1
36 3
36 46
36 34
36 13
36 21
18
37 3
37 12
37 7
37 38
37 32
37 26
37 15
37 35
37 28
37 17
37 6
37 16
37 47
37 5
37 49
37 21
37 41
37 2
15
38 18
38 21
38 22
38 35
38 10
38 44
38 25
38 23
38 20
38 14
38 33
38 36
38 48
38 6
38 24
22
39 24
39 22
39 40
39 1
39 35
39 6
39 2
39 3
39 10
39 18
39 12
39 23
39 33
39 45
39 9
39 31
39 20
39 15
39 43
39 36
39 37
39 48
20
40 28
40 31
40 14
40 25
40 47
40 43
40 16
40 15
40 11
40 8
40 5
40 12
40 29
40 46
40 32
40 10
40 3
40 30
40 7
40 22
20
41 34
41 7
41 42
41 8
41 1
41 38
41 10
41 0
41 17
41 6
41 39
41 47
41 25
41 40
41 13
41 20
41 22
41 11
41 49
41 21
22
42 12
42 33
42 3
42 38
42 11
42 30
42 45
42 49
42 5
42 29
42 19
42 14
42 26
42 9
42 10
42 6
42 32
42 43
42 1
42 13
42 0
42 46
22
43 29
43 0
43 35
43 21
43 32
43 18
43 38
43 25
43 5
43 24
43 1
43 30
43 22
43 23
43 49
43 13
43 31
43 45
43 6
43 9
43 12
43 44
22
44 41
44 2
44 23
44 11
44 6
44 40
44 27
44 4
44 18
44 17
44 22
44 15
44 16
44 31
44 1
44 13
44 37
44 45
44 42
44 20
44 39
44 47
18
45 0
45 38
45 22
45 49
45 47
45 40
45 18
45 26
45 28
45 25
45 7
45 48
45 21
45 33
45 36
45 46
45 41
45 2
20
46 7
46 5
46 44
46 49
46 4
46 29
46 41
46 43
46 12
46 24
46 0
46 20
46 26
46 3
46 21
46 32
46 33
46 38
46 35
46 39
16
47 16
47 43
47 0
47 18
47 35
47 42
47 13
47 7
47 23
47 33
47 5
47 34
47 15
47 3
47 24
47 25
25
48 35
48 16
48 3
48 23
48 37
48 17
48 46
48 30
48 47
48 14
48 43
48 29
48 18
48 5
48 27
48 13
48 0
48 12
48 25
48 26
48 42
48 40
48 2
48 41
48 31
20
49 5
49 1
49 4
49 40
49 39
49 14
49 32
49 48
49 35
49 31
49 27
49 18
49 34
49 47
49 7
49 15
49 33
49 44
49 38
49 24
