50
0 "A1"
1 "A46"
2 "A13"
3 "A14"
4 "A47"
5 "A32"
6 "A0"
7 "A40"
8 "A42"
9 "A6"
10 "A24"
11 "A15"
12 "A44"
13 "A7"
14 "A28"
15 "A48"
16 "A36"
17 "A31"
18 "A21"
19 "A22"
20 "A2"
21 "A30"
22 "A10"
23 "A16"
24 "A8"
25 "A11"
26 "A39"
27 "A25"
28 "A12"
29 "A41"
30 "A26"
31 "A34"
32 "A37"
33 "A45"
34 "A27"
35 "A19"
36 "A29"
37 "A35"
38 "A20"
39 "A43"
40 "A4"
41 "A18"
42 "A17"
43 "A9"
44 "A33"
45 "A49"
46 "A3"
47 "A38"
48 "A5"
49 "A23"
11
0 38
0 44
0 48
0 9
0 17
0 33
0 16
0 37
0 1
0 30
0 12
21
1 40
1 21
1 18
1 37
1 46
1 45
1 35
1 14
1 30
1 8
1 23
1 34
1 41
1 44
1 38
1 6
1 3
1 4
1 48
1 25
1 13
24
2 24
2 25
2 15
2 46
2 35
2 5
2 7
2 41
2 22
2 34
2 16
2 31
2 8
2 19
2 32
2 9
2 10
2 17
2 43
2 47
2 0
2 1
2 11
2 29
4
3 27
3 17
3 26
3 24
30
4 42
4 12
4 29
4 15
4 34
4 37
4 31
4 40
4 32
4 9
4 28
4 39
4 16
4 21
4 25
4 2
4 47
4 5
4 23
4 48
4 8
4 7
4 45
4 0
4 33
4 30
4 27
4 3
4 49
4 36
20
5 29
5 30
5 25
5 11
5 31
5 17
5 19
5 9
5 21
5 41
5 0
5 23
5 20
5 10
5 39
5 27
5 22
5 44
5 7
5 45
23
6 21
6 12
6 45
6 15
6 48
6 47
6 35
6 9
6 27
6 49
6 31
6 34
6 3
6 22
6 7
6 2
6 24
6 11
6 0
6 19
6 5
6 13
6 40
17
7 8
7 0
7 26
7 36
7 9
7 11
7 1
7 14
7 39
7 38
7 3
7 35
7 28
7 42
7 40
7 30
7 48
21
8 38
8 46
8 43
8 14
8 42
8 31
8 12
8 26
8 29
8 23
8 34
8 3
8 5
8 18
8 25
8 32
8 30
8 48
8 0
8 24
8 49
19
9 31
9 47
9 41
9 27
9 14
9 8
9 22
9 16
9 48
9 46
9 20
9 3
9 17
9 10
9 19
9 35
9 32
9 49
9 29
23
10 0
10 45
10 37
10 44
10 4
10 25
10 21
10 23
10 6
10 49
10 24
10 48
10 33
10 46
10 28
10 16
10 15
10 26
10 3
10 22
10 1
10 30
10 12
16
11 29
11 31
11 16
11 32
11 4
11 36
11 33
11 19
11 49
11 43
11 17
11 38
11 12
11 13
11 1
11 18
13
12 19
12 7
12 3
12 13
12 18
12 47
12 17
12 32
12 35
12 44
12 2
12 1
12 45
19
13 5
13 37
13 10
13 3
13 0
13 22
13 29
13 7
13 28
13 34
13 45
13 18
13 19
13 32
13 2
13 9
13 40
13 30
13 48
21
14 0
14 47
14 37
14 13
14 12
14 15
14 32
14 43
14 3
14 34
14 31
14 27
14 20
14 41
14 24
14 36
14 49
14 19
14 42
14 29
14 39
19
15 41
15 46
15 7
15 30
15 20
15 13
15 1
15 45
15 16
15 34
15 48
15 38
15 8
15 12
15 33
15 17
15 32
15 3
15 42
23
16 29
16 32
16 20
16 28
16 13
16 43
16 6
16 24
16 33
16 21
16 27
16 1
16 35
16 18
16 38
16 31
16 3
16 39
16 12
16 49
16 46
16 5
16 48
14
17 46
17 42
17 10
17 26
17 40
17 19
17 35
17 47
17 45
17 8
17 18
17 28
17 30
17 21
18
18 0
18 44
18 28
18 43
18 40
18 14
18 22
18 6
18 37
18 23
18 7
18 9
18 3
18 24
18 2
18 35
18 20
18 15
22
19 23
19 39
19 8
19 7
19 0
19 49
19 27
19 15
19 18
19 16
19 45
19 40
19 38
19 36
19 3
19 37
19 41
19 43
19 35
19 1
19 47
19 31
24
20 27
20 21
20 6
20 42
20 3
20 37
20 12
20 32
20 17
20 0
20 4
20 34
20 7
20 45
20 47
20 43
20 8
20 30
20 13
20 49
20 22
20 1
20 31
20 36
20
21 19
21 3
21 0
21 32
21 13
21 24
21 2
21 44
21 30
21 26
21 23
21 31
21 47
21 49
21 33
21 15
21 9
21 27
21 14
21 11
21
22 30
22 48
22 49
22 34
22 14
22 19
22 35
22 31
22 3
22 40
22 25
22 4
22 32
22 27
22 12
22 11
22 0
22 33
22 21
22 39
22 47
26
23 0
23 7
23 34
23 11
23 45
23 24
23 3
23 12
23 15
23 30
23 6
23 38
23 9
23 32
23 27
23 36
23 31
23 48
23 17
23 33
23 41
23 46
23 49
23 20
23 42
23 2
22
24 13
24 37
24 28
24 34
24 41
24 12
24 42
24 9
24 25
24 22
24 11
24 36
24 46
24 48
24 35
24 43
24 30
24 32
24 7
24 44
24 1
24 29
20
25 6
25 49
25 35
25 0
25 20
25 3
25 26
25 37
25 16
25 23
25 17
25 46
25 32
25 19
25 11
25 31
25 14
25 44
25 12
25 13
19
26 43
26 20
26 24
26 49
26 31
26 9
26 36
26 0
26 18
26 44
26 4
26 47
26 1
26 6
26 22
26 38
26 28
26 19
26 14
18
27 42
27 15
27 24
27 8
27 2
27 18
27 30
27 37
27 34
27 40
27 26
27 17
27 35
27 46
27 0
27 39
27 1
27 7
14
28 23
28 27
28 22
28 0
28 44
28 31
28 39
28 1
28 8
28 49
28 30
28 20
28 9
28 19
25
29 3
29 31
29 15
29 6
29 10
29 34
29 1
29 19
29 17
29 22
29 44
29 12
29 18
29 49
29 7
29 21
29 45
29 37
29 39
29 46
29 41
29 26
29 23
29 25
29 32
17
30 38
30 45
30 19
30 49
30 3
30 34
30 44
30 47
30 32
30 46
30 35
30 26
30 14
30 18
30 37
30 12
30 11
16
31 35
31 45
31 7
31 41
31 37
31 47
31 32
31 38
31 13
31 12
31 27
31 17
31 18
31 10
31 30
31 40
17
32 6
32 0
32 33
32 26
32 39
32 35
32 28
32 10
32 27
32 7
32 3
32 45
32 1
32 41
32 44
32 19
32 48
22
33 7
33 20
33 1
33 48
33 12
33 9
33 18
33 17
33 45
33 26
33 3
33 31
33 27
33 41
33 25
33 43
33 2
33 5
33 24
33 35
33 44
33 29
20
34 0
34 21
34 19
34 28
34 40
34 37
34 38
34 11
34 26
34 3
34 7
34 45
34 33
34 9
34 32
34 16
34 12
34 10
34 47
34 18
14
35 15
35 10
35 21
35 5
35 3
35 42
35 0
35 48
35 41
35 36
35 45
35 40
35 29
35 23
26
36 1
36 3
36 34
36 21
36 41
36 32
36 30
36 43
36 48
36 27
36 49
36 15
36 16
36 2
36 37
36 44
36 0
36 29
36 25
36 46
36 13
36 12
36 47
36 22
36 10
36 18
22
37 12
37 5
37 6
37 32
37 26
37 15
37 47
37 28
37 2
37 7
37 43
37 22
37 35
37 41
37 49
37 11
37 21
37 8
37 3
37 45
37 23
37 33
17
38 24
38 20
38 14
38 33
38 36
38 45
38 18
38 21
38 4
38 48
38 35
38 37
38 6
38 44
38 3
38 9
38 25
27
39 37
39 48
39 24
39 31
39 40
39 1
39 35
39 6
39 2
39 3
39 10
39 18
39 20
39 23
39 26
39 38
39 45
39 9
39 12
39 25
39 15
39 43
39 13
39 33
39 8
39 11
39 34
25
40 14
40 25
40 46
40 10
40 16
40 15
40 5
40 47
40 11
40 38
40 37
40 29
40 33
40 26
40 12
40 2
40 9
40 32
40 23
40 30
40 24
40 28
40 43
40 3
40 21
21
41 34
41 6
41 42
41 8
41 11
41 17
41 43
41 18
41 10
41 0
41 30
41 25
41 13
41 26
41 40
41 20
41 22
41 38
41 4
41 28
41 47
22
42 43
42 6
42 0
42 26
42 33
42 3
42 38
42 11
42 30
42 45
42 49
42 5
42 13
42 39
42 47
42 25
42 19
42 10
42 29
42 18
42 36
42 32
23
43 32
43 23
43 38
43 1
43 5
43 27
43 13
43 9
43 30
43 45
43 31
43 6
43 44
43 29
43 0
43 35
43 10
43 25
43 3
43 28
43 12
43 4
43 21
23
44 2
44 23
44 11
44 6
44 40
44 37
44 15
44 13
44 47
44 9
44 16
44 7
44 31
44 4
44 27
44 19
44 22
44 8
44 3
44 39
44 45
44 41
44 35
16
45 36
45 49
45 14
45 40
45 26
45 21
45 48
45 28
45 24
45 22
45 46
45 41
45 18
45 2
45 0
45 47
15
46 0
46 35
46 7
46 33
46 44
46 43
46 4
46 26
46 12
46 41
46 13
46 6
46 34
46 21
46 39
13
47 25
47 16
47 43
47 28
47 0
47 39
47 23
47 5
47 13
47 7
47 35
47 3
47 24
20
48 17
48 43
48 30
48 44
48 20
48 14
48 27
48 12
48 29
48 42
48 40
48 26
48 5
48 11
48 2
48 25
48 18
48 31
48 41
48 37
17
49 38
49 24
49 5
49 34
49 47
49 46
49 43
49 44
49 3
49 39
49 48
49 31
49 15
49 33
49 17
49 35
49 40
