50
0 "A1"
1 "A46"
2 "A13"
3 "A14"
4 "A47"
5 "A32"
6 "A0"
7 "A40"
8 "A42"
9 "A6"
10 "A24"
11 "A15"
12 "A44"
13 "A7"
14 "A28"
15 "A48"
16 "A36"
17 "A31"
18 "A21"
19 "A22"
20 "A2"
21 "A30"
22 "A10"
23 "A16"
24 "A8"
25 "A11"
26 "A39"
27 "A25"
28 "A12"
29 "A41"
30 "A26"
31 "A34"
32 "A37"
33 "A45"
34 "A27"
35 "A19"
36 "A29"
37 "A35"
38 "A20"
39 "A43"
40 "A4"
41 "A18"
42 "A17"
43 "A9"
44 "A33"
45 "A49"
46 "A3"
47 "A38"
48 "A5"
49 "A23"
20
0 45
0 25
0 32
0 13
0 21
0 46
0 3
0 5
0 16
0 11
0 4
0 27
0 10
0 35
0 41
0 8
0 22
0 15
0 37
0 33
20
1 6
1 0
1 21
1 16
1 31
1 19
1 45
1 44
1 42
1 3
1 46
1 38
1 18
1 26
1 47
1 41
1 34
1 40
1 8
1 23
18
2 28
2 15
2 9
2 5
2 31
2 0
2 47
2 16
2 3
2 1
2 12
2 17
2 48
2 18
2 26
2 10
2 36
2 41
20
3 38
3 27
3 49
3 25
3 19
3 8
3 26
3 23
3 16
3 7
3 35
3 31
3 36
3 43
3 13
3 6
3 9
3 24
3 39
3 33
19
4 45
4 1
4 16
4 31
4 36
4 48
4 3
4 41
4 2
4 25
4 35
4 12
4 29
4 6
4 44
4 47
4 14
4 43
4 28
21
5 34
5 24
5 21
5 19
5 31
5 26
5 40
5 17
5 36
5 49
5 23
5 14
5 4
5 13
5 46
5 48
5 7
5 37
5 10
5 27
5 1
16
6 35
6 17
6 20
6 25
6 33
6 30
6 38
6 49
6 44
6 5
6 47
6 19
6 26
6 28
6 24
6 31
19
7 28
7 31
7 22
7 11
7 27
7 25
7 2
7 34
7 8
7 20
7 19
7 43
7 30
7 48
7 29
7 38
7 6
7 24
7 40
21
8 16
8 23
8 28
8 9
8 44
8 43
8 48
8 46
8 31
8 34
8 49
8 37
8 33
8 30
8 45
8 21
8 10
8 6
8 4
8 36
8 17
22
9 33
9 32
9 26
9 49
9 35
9 42
9 30
9 34
9 1
9 27
9 6
9 45
9 5
9 37
9 18
9 40
9 17
9 4
9 23
9 10
9 7
9 0
12
10 45
10 31
10 3
10 13
10 1
10 15
10 7
10 4
10 16
10 33
10 49
10 39
21
11 23
11 40
11 4
11 24
11 25
11 41
11 5
11 21
11 38
11 3
11 20
11 6
11 14
11 39
11 16
11 43
11 29
11 8
11 36
11 22
11 44
25
12 42
12 18
12 10
12 7
12 1
12 20
12 19
12 49
12 16
12 23
12 11
12 38
12 29
12 27
12 31
12 15
12 9
12 21
12 33
12 43
12 41
12 6
12 46
12 5
12 3
17
13 37
13 6
13 35
13 45
13 27
13 29
13 7
13 9
13 39
13 41
13 46
13 1
13 47
13 14
13 18
13 30
13 4
16
14 12
14 7
14 21
14 0
14 17
14 15
14 22
14 30
14 26
14 40
14 1
14 10
14 24
14 45
14 43
14 46
22
15 31
15 47
15 13
15 4
15 16
15 45
15 19
15 22
15 11
15 24
15 7
15 6
15 1
15 42
15 44
15 43
15 29
15 49
15 39
15 8
15 5
15 23
16
16 5
16 14
16 47
16 32
16 25
16 43
16 39
16 9
16 33
16 34
16 29
16 17
16 7
16 20
16 46
16 13
26
17 3
17 0
17 42
17 30
17 4
17 33
17 32
17 18
17 11
17 45
17 47
17 21
17 13
17 25
17 40
17 1
17 49
17 28
17 31
17 24
17 20
17 15
17 37
17 44
17 10
17 7
27
18 15
18 42
18 20
18 31
18 16
18 29
18 11
18 3
18 14
18 30
18 28
18 41
18 35
18 24
18 25
18 10
18 32
18 38
18 49
18 8
18 5
18 22
18 26
18 19
18 33
18 6
18 36
16
19 34
19 2
19 14
19 10
19 36
19 35
19 38
19 8
19 45
19 26
19 23
19 17
19 32
19 27
19 37
19 44
19
20 0
20 9
20 36
20 2
20 42
20 32
20 4
20 23
20 3
20 10
20 13
20 8
20 29
20 14
20 22
20 38
20 31
20 35
20 41
21
21 10
21 36
21 24
21 28
21 6
21 41
21 2
21 4
21 45
21 9
21 32
21 38
21 49
21 20
21 33
21 31
21 7
21 18
21 40
21 26
21 27
18
22 2
22 6
22 40
22 10
22 21
22 47
22 17
22 4
22 35
22 49
22 13
22 42
22 37
22 12
22 19
22 41
22 46
22 43
19
23 27
23 44
23 16
23 13
23 6
23 14
23 47
23 10
23 33
23 7
23 18
23 17
23 35
23 41
23 24
23 45
23 4
23 21
23 38
19
24 13
24 26
24 9
24 12
24 28
24 1
24 31
24 27
24 0
24 37
24 20
24 36
24 8
24 22
24 47
24 48
24 46
24 44
24 4
16
25 19
25 9
25 23
25 13
25 35
25 15
25 49
25 36
25 10
25 2
25 24
25 20
25 21
25 39
25 26
25 5
19
26 48
26 4
26 13
26 23
26 10
26 44
26 15
26 41
26 8
26 39
26 32
26 28
26 36
26 22
26 0
26 20
26 7
26 38
26 16
16
27 11
27 26
27 8
27 46
27 25
27 30
27 18
27 1
27 6
27 48
27 17
27 10
27 45
27 2
27 41
27 20
25
28 36
28 19
28 5
28 37
28 27
28 20
28 1
28 34
28 15
28 43
28 38
28 23
28 9
28 22
28 12
28 10
28 44
28 0
28 42
28 16
28 39
28 14
28 11
28 47
28 13
26
29 9
29 45
29 23
29 3
29 46
29 0
29 24
29 44
29 35
29 38
29 21
29 22
29 5
29 10
29 17
29 26
29 32
29 1
29 34
29 28
29 33
29 31
29 42
29 25
29 14
29 47
23
30 44
30 4
30 46
30 36
30 35
30 10
30 40
30 41
30 32
30 26
30 37
30 12
30 39
30 2
30 15
30 24
30 45
30 22
30 29
30 23
30 48
30 16
30 42
18
31 11
31 32
31 30
31 22
31 41
31 44
31 34
31 47
31 48
31 46
31 9
31 43
31 42
31 38
31 36
31 35
31 27
31 25
19
32 1
32 8
32 38
32 15
32 10
32 47
32 45
32 46
32 6
32 5
32 40
32 3
32 7
32 2
32 24
32 25
32 48
32 12
32 13
17
33 26
33 31
33 42
33 40
33 30
33 13
33 4
33 24
33 15
33 25
33 38
33 37
33 28
33 19
33 22
33 1
33 27
18
34 33
34 18
34 6
34 10
34 40
34 2
34 12
34 11
34 44
34 37
34 23
34 30
34 4
34 36
34 13
34 25
34 42
34 22
18
35 17
35 21
35 5
35 47
35 36
35 39
35 32
35 34
35 8
35 1
35 38
35 16
35 14
35 49
35 10
35 37
35 24
35 26
14
36 7
36 38
36 22
36 33
36 46
36 29
36 42
36 17
36 16
36 1
36 27
36 14
36 23
36 40
24
37 38
37 29
37 4
37 1
37 42
37 26
37 16
37 7
37 10
37 31
37 32
37 6
37 3
37 2
37 18
37 23
37 15
37 41
37 20
37 27
37 25
37 44
37 36
37 21
17
38 45
38 41
38 0
38 8
38 2
38 49
38 25
38 22
38 39
38 4
38 34
38 24
38 42
38 27
38 5
38 16
38 14
17
39 41
39 24
39 22
39 32
39 6
39 18
39 21
39 20
39 36
39 19
39 1
39 14
39 49
39 8
39 17
39 2
39 5
17
40 26
40 19
40 15
40 49
40 23
40 3
40 28
40 12
40 6
40 47
40 46
40 2
40 29
40 31
40 20
40 27
40 0
17
41 7
41 5
41 10
41 25
41 45
41 9
41 47
41 3
41 28
41 29
41 36
41 40
41 35
41 16
41 34
41 42
41 15
17
42 13
42 26
42 35
42 3
42 47
42 46
42 14
42 11
42 8
42 44
42 7
42 40
42 39
42 27
42 2
42 25
42 16
24
43 25
43 38
43 24
43 19
43 27
43 47
43 29
43 1
43 21
43 37
43 45
43 0
43 20
43 18
43 40
43 6
43 39
43 36
43 35
43 30
43 44
43 32
43 41
43 49
25
44 16
44 3
44 10
44 27
44 33
44 32
44 13
44 45
44 7
44 2
44 48
44 9
44 21
44 18
44 25
44 39
44 41
44 40
44 0
44 38
44 14
44 46
44 49
44 5
44 22
13
45 25
45 47
45 40
45 11
45 34
45 36
45 33
45 18
45 24
45 28
45 12
45 39
45 31
23
46 20
46 48
46 4
46 39
46 18
46 2
46 28
46 41
46 38
46 3
46 34
46 9
46 10
46 23
46 15
46 43
46 26
46 37
46 33
46 21
46 7
46 25
46 17
19
47 9
47 27
47 34
47 7
47 37
47 33
47 30
47 10
47 0
47 46
47 8
47 5
47 25
47 38
47 21
47 14
47 44
47 11
47 36
23
48 15
48 36
48 6
48 0
48 39
48 3
48 29
48 10
48 17
48 22
48 16
48 13
48 40
48 14
48 35
48 38
48 19
48 9
48 18
48 1
48 21
48 33
48 11
25
49 33
49 24
49 45
49 20
49 11
49 4
49 41
49 7
49 29
49 30
49 13
49 46
49 14
49 26
49 32
49 19
49 47
49 42
49 27
49 1
49 2
49 36
49 23
49 28
49 16
