50
0 "A1"
1 "A46"
2 "A13"
3 "A14"
4 "A47"
5 "A32"
6 "A0"
7 "A40"
8 "A42"
9 "A6"
10 "A24"
11 "A15"
12 "A44"
13 "A7"
14 "A28"
15 "A48"
16 "A36"
17 "A31"
18 "A21"
19 "A22"
20 "A2"
21 "A30"
22 "A10"
23 "A16"
24 "A8"
25 "A11"
26 "A39"
27 "A25"
28 "A12"
29 "A41"
30 "A26"
31 "A34"
32 "A37"
33 "A45"
34 "A27"
35 "A19"
36 "A29"
37 "A35"
38 "A20"
39 "A43"
40 "A4"
41 "A18"
42 "A17"
43 "A9"
44 "A33"
45 "A49"
46 "A3"
47 "A38"
48 "A5"
49 "A23"
14
0 4
0 44
0 30
0 17
0 28
0 19
0 47
0 6
0 45
0 8
0 5
0 3
0 35
0 7
20
1 17
1 37
1 16
1 18
1 3
1 32
1 31
1 13
1 22
1 0
1 49
1 28
1 42
1 11
1 26
1 19
1 36
1 30
1 9
1 12
24
2 34
2 30
2 9
2 39
2 26
2 36
2 49
2 37
2 4
2 45
2 42
2 3
2 29
2 10
2 1
2 43
2 21
2 22
2 0
2 16
2 18
2 25
2 40
2 12
16
3 35
3 41
3 49
3 14
3 33
3 9
3 34
3 46
3 36
3 17
3 13
3 23
3 38
3 47
3 30
3 19
18
4 15
4 5
4 29
4 35
4 11
4 13
4 12
4 27
4 39
4 37
4 49
4 28
4 7
4 34
4 8
4 47
4 43
4 22
21
5 9
5 31
5 16
5 22
5 42
5 35
5 8
5 23
5 10
5 1
5 43
5 12
5 38
5 21
5 32
5 45
5 26
5 41
5 25
5 13
5 46
20
6 15
6 34
6 10
6 17
6 26
6 7
6 31
6 3
6 16
6 25
6 46
6 41
6 43
6 19
6 28
6 37
6 40
6 45
6 5
6 20
21
7 10
7 47
7 12
7 20
7 37
7 32
7 17
7 25
7 18
7 33
7 27
7 43
7 1
7 48
7 23
7 13
7 5
7 26
7 19
7 41
7 39
19
8 42
8 48
8 11
8 7
8 30
8 41
8 46
8 13
8 6
8 33
8 49
8 44
8 14
8 20
8 26
8 32
8 18
8 15
8 34
21
9 6
9 37
9 47
9 26
9 38
9 36
9 32
9 14
9 34
9 23
9 8
9 4
9 27
9 12
9 45
9 7
9 48
9 29
9 39
9 42
9 10
24
10 38
10 36
10 16
10 48
10 3
10 34
10 39
10 37
10 8
10 12
10 14
10 40
10 31
10 41
10 46
10 4
10 22
10 20
10 25
10 33
10 35
10 23
10 29
10 45
19
11 38
11 36
11 41
11 40
11 21
11 45
11 37
11 12
11 17
11 18
11 2
11 0
11 49
11 5
11 9
11 32
11 10
11 19
11 43
21
12 34
12 33
12 39
12 44
12 19
12 43
12 23
12 45
12 0
12 30
12 41
12 21
12 32
12 46
12 20
12 36
12 26
12 35
12 6
12 8
12 22
20
13 45
13 11
13 20
13 10
13 22
13 16
13 34
13 36
13 28
13 0
13 29
13 21
13 2
13 37
13 47
13 49
13 27
13 42
13 6
13 30
21
14 27
14 4
14 6
14 5
14 20
14 0
14 19
14 24
14 41
14 15
14 46
14 13
14 26
14 2
14 1
14 37
14 11
14 29
14 30
14 17
14 44
19
15 13
15 25
15 41
15 11
15 7
15 21
15 5
15 27
15 39
15 3
15 31
15 0
15 12
15 30
15 32
15 49
15 17
15 44
15 19
17
16 7
16 15
16 21
16 42
16 40
16 41
16 14
16 25
16 37
16 9
16 11
16 20
16 31
16 4
16 43
16 0
16 39
21
17 23
17 28
17 12
17 44
17 25
17 16
17 29
17 24
17 9
17 10
17 48
17 4
17 41
17 46
17 37
17 2
17 35
17 30
17 8
17 39
17 5
25
18 48
18 16
18 49
18 3
18 4
18 35
18 26
18 45
18 17
18 14
18 5
18 13
18 30
18 12
18 6
18 40
18 15
18 29
18 9
18 19
18 0
18 41
18 39
18 22
18 10
19
19 37
19 43
19 31
19 36
19 16
19 39
19 5
19 25
19 44
19 34
19 13
19 24
19 40
19 47
19 35
19 38
19 46
19 8
19 48
24
20 47
20 30
20 4
20 1
20 31
20 36
20 41
20 2
20 48
20 32
20 0
20 21
20 44
20 25
20 17
20 34
20 38
20 46
20 15
20 5
20 9
20 24
20 18
20 37
22
21 10
21 40
21 18
21 42
21 36
21 6
21 1
21 47
21 37
21 29
21 17
21 38
21 14
21 44
21 0
21 28
21 39
21 43
21 9
21 23
21 34
21 19
16
22 49
22 37
22 30
22 47
22 20
22 45
22 0
22 32
22 48
22 14
22 17
22 27
22 24
22 40
22 6
22 21
16
23 27
23 36
23 47
23 49
23 46
23 8
23 15
23 43
23 4
23 19
23 11
23 14
23 22
23 34
23 24
23 30
23
24 47
24 12
24 18
24 29
24 0
24 4
24 40
24 9
24 3
24 35
24 13
24 11
24 8
24 34
24 16
24 6
24 10
24 5
24 1
24 44
24 36
24 2
24 28
23
25 13
25 32
25 22
25 9
25 26
25 3
25 4
25 1
25 42
25 40
25 38
25 8
25 41
25 29
25 23
25 24
25 27
25 28
25 33
25 12
25 31
25 14
25 48
19
26 11
26 23
26 43
26 3
26 35
26 45
26 17
26 22
26 21
26 16
26 30
26 41
26 39
26 10
26 20
26 24
26 28
26 15
26 31
24
27 0
27 35
27 49
27 11
27 16
27 26
27 41
27 3
27 45
27 42
27 6
27 39
27 36
27 8
27 12
27 2
27 5
27 18
27 31
27 20
27 46
27 19
27 1
27 24
20
28 31
28 49
28 46
28 12
28 40
28 45
28 37
28 20
28 30
28 16
28 35
28 36
28 19
28 44
28 23
28 9
28 27
28 11
28 41
28 15
19
29 26
29 31
29 12
29 40
29 8
29 1
29 36
29 35
29 20
29 41
29 43
29 23
29 7
29 19
29 27
29 11
29 16
29 6
29 5
13
30 45
30 41
30 35
30 9
30 16
30 49
30 27
30 4
30 36
30 29
30 6
30 33
30 7
13
31 48
31 23
31 8
31 18
31 4
31 13
31 38
31 21
31 3
31 17
31 30
31 14
31 44
20
32 46
32 19
32 2
32 18
32 23
32 6
32 0
32 16
32 28
32 14
32 26
32 10
32 37
32 43
32 45
32 40
32 27
32 17
32 35
32 33
24
33 27
33 31
33 34
33 41
33 4
33 2
33 6
33 28
33 18
33 29
33 26
33 24
33 35
33 1
33 17
33 39
33 40
33 9
33 14
33 43
33 20
33 5
33 21
33 22
21
34 35
34 14
34 48
34 17
34 11
34 46
34 40
34 16
34 49
34 22
34 31
34 5
34 43
34 15
34 44
34 42
34 28
34 25
34 1
34 32
34 29
16
35 22
35 46
35 13
35 9
35 2
35 15
35 38
35 16
35 14
35 6
35 23
35 11
35 7
35 20
35 41
35 31
18
36 47
36 46
36 8
36 33
36 17
36 35
36 7
36 26
36 18
36 42
36 44
36 6
36 5
36 45
36 16
36 49
36 32
36 37
15
37 29
37 47
37 44
37 30
37 26
37 31
37 41
37 48
37 5
37 8
37 15
37 0
37 3
37 34
37 23
27
38 2
38 44
38 30
38 46
38 24
38 4
38 27
38 14
38 36
38 34
38 13
38 40
38 37
38 29
38 18
38 1
38 26
38 16
38 45
38 43
38 6
38 32
38 49
38 12
38 22
38 39
38 7
18
39 20
39 42
39 23
39 3
39 35
39 31
39 13
39 22
39 45
39 6
39 1
39 0
39 37
39 28
39 41
39 11
39 36
39 5
17
40 13
40 1
40 39
40 20
40 31
40 48
40 4
40 36
40 46
40 9
40 44
40 41
40 43
40 27
40 17
40 26
40 30
15
41 43
41 0
41 24
41 23
41 19
41 2
41 49
41 22
41 38
41 21
41 13
41 4
41 9
41 36
41 1
23
42 18
42 3
42 47
42 37
42 38
42 6
42 26
42 35
42 28
42 33
42 31
42 46
42 40
42 41
42 19
42 10
42 23
42 4
42 0
42 20
42 43
42 30
42 48
17
43 37
43 36
43 27
43 8
43 14
43 28
43 1
43 13
43 3
43 25
43 15
43 20
43 24
43 30
43 17
43 35
43 0
23
44 43
44 5
44 23
44 26
44 42
44 6
44 32
44 11
44 18
44 25
44 7
44 1
44 48
44 35
44 10
44 30
44 29
44 46
44 4
44 2
44 16
44 33
44 13
20
45 20
45 7
45 15
45 21
45 49
45 40
45 42
45 24
45 37
45 46
45 47
45 3
45 19
45 41
45 17
45 33
45 25
45 14
45 43
45 35
15
46 37
46 4
46 26
46 47
46 1
46 15
46 7
46 25
46 29
46 22
46 33
46 16
46 9
46 43
46 21
20
47 6
47 12
47 28
47 26
47 29
47 44
47 16
47 8
47 38
47 25
47 30
47 1
47 17
47 32
47 33
47 2
47 40
47 35
47 15
47 48
17
48 24
48 21
48 35
48 3
48 29
48 33
48 43
48 36
48 5
48 2
48 13
48 26
48 32
48 46
48 1
48 12
48 39
22
49 46
49 40
49 35
49 32
49 47
49 9
49 31
49 12
49 16
49 0
49 20
49 17
49 44
49 14
49 25
49 6
49 21
49 5
49 37
49 7
49 10
49 48
