50
0 "A1"
1 "A46"
2 "A13"
3 "A14"
4 "A47"
5 "A32"
6 "A0"
7 "A40"
8 "A42"
9 "A6"
10 "A24"
11 "A15"
12 "A44"
13 "A7"
14 "A28"
15 "A48"
16 "A36"
17 "A31"
18 "A21"
19 "A22"
20 "A2"
21 "A30"
22 "A10"
23 "A16"
24 "A8"
25 "A11"
26 "A39"
27 "A25"
28 "A12"
29 "A41"
30 "A26"
31 "A34"
32 "A37"
33 "A45"
34 "A27"
35 "A19"
36 "A29"
37 "A35"
38 "A20"
39 "A43"
40 "A4"
41 "A18"
42 "A17"
43 "A9"
44 "A33"
45 "A49"
46 "A3"
47 "A38"
48 "A5"
49 "A23"
19
0 16
0 48
0 4
0 32
0 41
0 18
0 30
0 17
0 26
0 31
0 44
0 28
0 38
0 24
0 2
0 25
0 14
0 10
0 49
21
1 20
1 31
1 41
1 37
1 43
1 28
1 18
1 44
1 27
1 49
1 15
1 0
1 4
1 21
1 33
1 46
1 19
1 24
1 7
1 26
1 48
21
2 1
2 21
2 10
2 26
2 36
2 38
2 4
2 25
2 44
2 32
2 34
2 43
2 23
2 6
2 17
2 18
2 20
2 45
2 46
2 35
2 37
22
3 16
3 28
3 18
3 25
3 32
3 29
3 30
3 36
3 23
3 4
3 42
3 1
3 0
3 12
3 45
3 19
3 8
3 31
3 20
3 24
3 47
3 26
17
4 34
4 49
4 28
4 11
4 16
4 43
4 9
4 10
4 24
4 30
4 23
4 37
4 46
4 39
4 6
4 21
4 20
18
5 28
5 40
5 45
5 8
5 34
5 24
5 17
5 25
5 21
5 20
5 33
5 7
5 6
5 11
5 2
5 10
5 9
5 32
16
6 22
6 33
6 16
6 45
6 27
6 32
6 37
6 12
6 3
6 43
6 20
6 38
6 29
6 21
6 0
6 25
22
7 42
7 17
7 31
7 24
7 36
7 0
7 20
7 18
7 33
7 49
7 39
7 43
7 10
7 38
7 32
7 28
7 3
7 16
7 22
7 21
7 2
7 44
24
8 40
8 47
8 35
8 0
8 16
8 20
8 7
8 4
8 14
8 22
8 44
8 25
8 15
8 23
8 31
8 18
8 30
8 45
8 17
8 26
8 29
8 28
8 21
8 24
20
9 7
9 25
9 33
9 24
9 18
9 30
9 17
9 13
9 1
9 14
9 37
9 15
9 36
9 48
9 32
9 31
9 29
9 39
9 3
9 16
28
10 16
10 24
10 22
10 18
10 31
10 23
10 1
10 13
10 35
10 32
10 15
10 9
10 26
10 48
10 20
10 43
10 28
10 3
10 34
10 27
10 45
10 46
10 6
10 49
10 42
10 25
10 39
10 47
26
11 20
11 16
11 27
11 18
11 8
11 7
11 3
11 31
11 36
11 10
11 41
11 12
11 1
11 0
11 29
11 9
11 46
11 32
11 33
11 40
11 45
11 47
11 44
11 30
11 25
11 6
25
12 13
12 31
12 45
12 32
12 14
12 1
12 46
12 34
12 38
12 21
12 39
12 20
12 4
12 24
12 30
12 19
12 7
12 37
12 0
12 5
12 23
12 40
12 8
12 15
12 2
24
13 21
13 37
13 5
13 15
13 22
13 3
13 41
13 1
13 4
13 29
13 6
13 32
13 0
13 24
13 45
13 19
13 38
13 2
13 8
13 35
13 40
13 34
13 11
13 42
25
14 1
14 37
14 49
14 7
14 32
14 2
14 42
14 21
14 16
14 38
14 35
14 22
14 43
14 34
14 40
14 4
14 45
14 20
14 31
14 15
14 11
14 47
14 28
14 10
14 26
17
15 38
15 39
15 0
15 44
15 21
15 27
15 16
15 7
15 26
15 5
15 23
15 37
15 43
15 46
15 3
15 4
15 20
14
16 19
16 35
16 21
16 33
16 48
16 12
16 39
16 31
16 26
16 24
16 5
16 40
16 30
16 38
27
17 37
17 22
17 16
17 44
17 14
17 34
17 41
17 38
17 3
17 42
17 1
17 27
17 28
17 35
17 11
17 36
17 12
17 32
17 39
17 15
17 23
17 13
17 40
17 26
17 4
17 18
17 21
19
18 27
18 22
18 24
18 45
18 6
18 39
18 15
18 33
18 36
18 48
18 5
18 42
18 38
18 37
18 25
18 40
18 14
18 49
18 19
26
19 11
19 8
19 5
19 23
19 0
19 43
19 28
19 29
19 15
19 46
19 7
19 24
19 41
19 27
19 37
19 47
19 6
19 48
19 25
19 2
19 26
19 42
19 36
19 17
19 9
19 39
20
20 43
20 34
20 37
20 30
20 23
20 32
20 22
20 17
20 45
20 13
20 16
20 31
20 0
20 36
20 46
20 49
20 24
20 18
20 19
20 9
12
21 39
21 28
21 31
21 20
21 24
21 9
21 41
21 34
21 0
21 3
21 35
21 36
21
22 4
22 26
22 19
22 33
22 38
22 16
22 36
22 12
22 48
22 9
22 23
22 25
22 32
22 2
22 29
22 0
22 21
22 1
22 41
22 15
22 5
21
23 9
23 36
23 11
23 21
23 34
23 6
23 13
23 26
23 46
23 43
23 28
23 44
23 14
23 48
23 18
23 30
23 24
23 1
23 41
23 42
23 5
14
24 26
24 6
24 22
24 30
24 15
24 14
24 46
24 27
24 38
24 17
24 35
24 11
24 43
24 44
20
25 33
25 42
25 34
25 4
25 44
25 31
25 37
25 17
25 24
25 15
25 39
25 29
25 45
25 12
25 48
25 23
25 7
25 28
25 43
25 21
16
26 21
26 9
26 6
26 45
26 47
26 18
26 27
26 38
26 5
26 13
26 30
26 48
26 43
26 37
26 49
26 4
20
27 7
27 5
27 43
27 42
27 23
27 2
27 39
27 41
27 33
27 40
27 30
27 13
27 12
27 29
27 22
27 34
27 21
27 44
27 4
27 0
19
28 33
28 20
28 11
28 38
28 12
28 2
28 35
28 30
28 37
28 22
28 43
28 46
28 6
28 26
28 41
28 9
28 16
28 36
28 48
24
29 37
29 1
29 14
29 15
29 34
29 36
29 42
29 0
29 47
29 17
29 24
29 21
29 10
29 49
29 26
29 7
29 4
29 16
29 39
29 20
29 18
29 12
29 48
29 28
14
30 34
30 5
30 29
30 2
30 10
30 49
30 47
30 17
30 31
30 21
30 45
30 13
30 48
30 22
17
31 36
31 34
31 5
31 22
31 29
31 15
31 26
31 17
31 28
31 37
31 32
31 48
31 45
31 6
31 27
31 35
31 41
18
32 27
32 42
32 44
32 4
32 45
32 16
32 43
32 49
32 24
32 1
32 30
32 8
32 18
32 25
32 47
32 19
32 28
32 23
20
33 32
33 40
33 44
33 46
33 3
33 36
33 14
33 37
33 23
33 19
33 26
33 17
33 4
33 21
33 43
33 31
33 49
33 24
33 35
33 8
17
34 3
34 33
34 6
34 15
34 47
34 11
34 39
34 19
34 26
34 42
34 18
34 24
34 7
34 9
34 22
34 40
34 28
19
35 38
35 25
35 32
35 48
35 0
35 42
35 6
35 27
35 22
35 19
35 30
35 5
35 18
35 12
35 11
35 26
35 4
35 37
35 49
19
36 8
36 26
36 12
36 47
36 49
36 10
36 14
36 30
36 1
36 0
36 40
36 27
36 15
36 5
36 24
36 35
36 6
36 4
36 25
19
37 48
37 34
37 46
37 0
37 38
37 21
37 47
37 40
37 3
37 24
37 32
37 5
37 23
37 41
37 10
37 27
37 30
37 39
37 16
20
38 27
38 43
38 36
38 21
38 34
38 32
38 8
38 29
38 39
38 23
38 5
38 1
38 25
38 9
38 20
38 31
38 45
38 4
38 33
38 11
16
39 45
39 24
39 35
39 49
39 31
39 6
39 5
39 2
39 11
39 23
39 32
39 0
39 26
39 40
39 43
39 20
16
40 42
40 24
40 28
40 2
40 15
40 29
40 31
40 44
40 3
40 23
40 30
40 21
40 32
40 35
40 9
40 0
19
41 8
41 38
41 7
41 25
41 29
41 39
41 12
41 42
41 24
41 9
41 48
41 32
41 2
41 43
41 44
41 16
41 10
41 3
41 36
18
42 43
42 24
42 20
42 30
42 22
42 33
42 11
42 36
42 38
42 39
42 21
42 28
42 0
42 26
42 37
42 31
42 4
42 6
18
43 11
43 46
43 21
43 29
43 5
43 34
43 18
43 22
43 9
43 16
43 17
43 45
43 48
43 36
43 0
43 40
43 12
43 8
17
44 13
44 20
44 34
44 6
44 21
44 10
44 47
44 29
44 35
44 5
44 45
44 22
44 18
44 30
44 43
44 37
44 14
16
45 1
45 29
45 27
45 40
45 37
45 21
45 42
45 7
45 48
45 24
45 28
45 0
45 35
45 33
45 41
45 15
21
46 40
46 42
46 32
46 41
46 13
46 25
46 35
46 39
46 21
46 47
46 22
46 17
46 29
46 31
46 36
46 9
46 27
46 8
46 16
46 6
46 3
22
47 23
47 49
47 5
47 1
47 33
47 35
47 41
47 15
47 16
47 45
47 24
47 38
47 20
47 6
47 0
47 13
47 31
47 28
47 7
47 40
47 17
47 42
18
48 6
48 32
48 15
48 24
48 14
48 36
48 44
48 40
48 33
48 17
48 42
48 3
48 34
48 38
48 12
48 2
48 8
48 13
18
49 3
49 11
49 43
49 44
49 41
49 12
49 23
49 13
49 38
49 8
49 48
49 16
49 28
49 34
49 45
49 5
49 2
49 22
