50
0 "A1"
1 "A46"
2 "A13"
3 "A14"
4 "A47"
5 "A32"
6 "A0"
7 "A40"
8 "A42"
9 "A6"
10 "A24"
11 "A15"
12 "A44"
13 "A7"
14 "A28"
15 "A48"
16 "A36"
17 "A31"
18 "A21"
19 "A22"
20 "A2"
21 "A30"
22 "A10"
23 "A16"
24 "A8"
25 "A11"
26 "A39"
27 "A25"
28 "A12"
29 "A41"
30 "A26"
31 "A34"
32 "A37"
33 "A45"
34 "A27"
35 "A19"
36 "A29"
37 "A35"
38 "A20"
39 "A43"
40 "A4"
41 "A18"
42 "A17"
43 "A9"
44 "A33"
45 "A49"
46 "A3"
47 "A38"
48 "A5"
49 "A23"
26
0 19
0 23
0 25
0 34
0 48
0 30
0 2
0 3
0 4
0 27
0 43
0 20
0 37
0 47
0 40
0 26
0 10
0 36
0 12
0 14
0 7
0 31
0 41
0 16
0 24
0 18
20
1 25
1 18
1 46
1 49
1 42
1 37
1 8
1 29
1 34
1 47
1 17
1 2
1 35
1 20
1 41
1 32
1 36
1 7
1 28
1 44
18
2 37
2 43
2 47
2 26
2 25
2 30
2 39
2 7
2 17
2 27
2 20
2 33
2 4
2 11
2 16
2 6
2 15
2 38
20
3 23
3 35
3 33
3 20
3 14
3 5
3 29
3 47
3 41
3 28
3 37
3 48
3 24
3 46
3 36
3 2
3 1
3 4
3 11
3 10
20
4 24
4 5
4 9
4 39
4 6
4 45
4 19
4 23
4 1
4 10
4 37
4 15
4 35
4 40
4 20
4 48
4 42
4 27
4 46
4 26
16
5 15
5 45
5 0
5 22
5 19
5 40
5 8
5 14
5 47
5 2
5 38
5 1
5 36
5 44
5 46
5 42
22
6 33
6 42
6 3
6 21
6 13
6 40
6 19
6 41
6 14
6 49
6 37
6 35
6 28
6 32
6 0
6 18
6 47
6 10
6 24
6 45
6 44
6 16
16
7 38
7 28
7 16
7 36
7 33
7 42
7 19
7 43
7 18
7 11
7 35
7 13
7 3
7 26
7 25
7 14
19
8 47
8 23
8 7
8 38
8 6
8 17
8 35
8 41
8 11
8 4
8 15
8 49
8 3
8 26
8 0
8 13
8 20
8 30
8 18
22
9 42
9 0
9 14
9 19
9 18
9 32
9 20
9 17
9 6
9 11
9 44
9 47
9 16
9 13
9 38
9 45
9 24
9 30
9 37
9 26
9 5
9 3
22
10 7
10 22
10 15
10 23
10 38
10 8
10 34
10 30
10 9
10 26
10 5
10 14
10 45
10 48
10 33
10 12
10 17
10 35
10 36
10 31
10 25
10 1
26
11 48
11 23
11 41
11 46
11 13
11 43
11 4
11 29
11 14
11 45
11 40
11 16
11 31
11 6
11 5
11 20
11 25
11 22
11 21
11 34
11 49
11 35
11 1
11 0
11 38
11 19
29
12 7
12 43
12 5
12 19
12 2
12 48
12 31
12 30
12 16
12 3
12 18
12 45
12 4
12 44
12 8
12 33
12 22
12 26
12 37
12 40
12 9
12 15
12 25
12 23
12 17
12 38
12 6
12 39
12 13
18
13 1
13 17
13 15
13 24
13 45
13 19
13 30
13 4
13 49
13 27
13 0
13 3
13 46
13 48
13 2
13 37
13 10
13 5
18
14 2
14 16
14 23
14 32
14 45
14 8
14 31
14 12
14 13
14 19
14 38
14 46
14 17
14 18
14 15
14 30
14 48
14 41
22
15 39
15 18
15 49
15 22
15 38
15 35
15 43
15 48
15 7
15 41
15 25
15 11
15 33
15 28
15 31
15 23
15 44
15 36
15 16
15 40
15 1
15 30
16
16 4
16 24
16 41
16 18
16 3
16 26
16 32
16 33
16 39
16 46
16 43
16 37
16 1
16 13
16 30
16 31
25
17 36
17 40
17 42
17 6
17 33
17 5
17 49
17 31
17 0
17 4
17 11
17 34
17 19
17 18
17 48
17 26
17 16
17 47
17 30
17 35
17 32
17 45
17 7
17 38
17 28
18
18 22
18 13
18 11
18 20
18 30
18 31
18 10
18 45
18 38
18 47
18 44
18 23
18 19
18 2
18 28
18 5
18 48
18 49
18
19 40
19 1
19 49
19 42
19 23
19 21
19 10
19 20
19 35
19 26
19 48
19 16
19 32
19 24
19 37
19 28
19 41
19 15
20
20 33
20 10
20 16
20 26
20 43
20 21
20 7
20 32
20 28
20 35
20 48
20 38
20 15
20 44
20 12
20 34
20 49
20 17
20 29
20 40
15
21 9
21 0
21 27
21 16
21 12
21 42
21 7
21 2
21 14
21 5
21 18
21 38
21 29
21 4
21 35
17
22 0
22 40
22 27
22 20
22 25
22 16
22 43
22 37
22 30
22 33
22 36
22 9
22 1
22 41
22 42
22 2
22 26
15
23 16
23 29
23 31
23 37
23 46
23 25
23 32
23 33
23 5
23 17
23 9
23 35
23 48
23 44
23 7
24
24 23
24 11
24 5
24 34
24 47
24 29
24 14
24 25
24 15
24 46
24 43
24 42
24 20
24 10
24 7
24 44
24 21
24 8
24 36
24 39
24 49
24 22
24 18
24 35
12
25 47
25 38
25 45
25 17
25 30
25 40
25 36
25 6
25 5
25 13
25 19
25 3
19
26 13
26 25
26 18
26 38
26 6
26 40
26 3
26 43
26 45
26 21
26 41
26 11
26 28
26 5
26 24
26 27
26 30
26 49
26 47
18
27 25
27 16
27 7
27 12
27 24
27 44
27 15
27 9
27 1
27 34
27 11
27 38
27 45
27 19
27 48
27 29
27 17
27 42
23
28 22
28 44
28 25
28 10
28 32
28 16
28 2
28 8
28 12
28 37
28 39
28 5
28 30
28 23
28 33
28 38
28 11
28 48
28 24
28 34
28 35
28 9
28 14
28
29 25
29 46
29 9
29 28
29 8
29 15
29 49
29 12
29 36
29 18
29 13
29 17
29 41
29 10
29 26
29 2
29 7
29 31
29 38
29 47
29 35
29 39
29 16
29 37
29 22
29 45
29 42
29 14
15
30 23
30 40
30 19
30 7
30 21
30 11
30 45
30 42
30 44
30 6
30 29
30 24
30 35
30 20
30 4
19
31 19
31 27
31 42
31 26
31 44
31 45
31 34
31 1
31 9
31 3
31 5
31 22
31 24
31 4
31 13
31 8
31 39
31 32
31 2
15
32 49
32 46
32 42
32 44
32 29
32 48
32 41
32 2
32 18
32 22
32 12
32 27
32 21
32 34
32 30
19
33 38
33 32
33 26
33 37
33 24
33 25
33 5
33 29
33 14
33 0
33 11
33 4
33 1
33 27
33 47
33 13
33 35
33 18
33 19
25
34 16
34 12
34 29
34 14
34 37
34 21
34 4
34 19
34 44
34 39
34 6
34 9
34 5
34 38
34 25
34 13
34 23
34 33
34 45
34 7
34 36
34 26
34 43
34 2
34 18
15
35 16
35 40
35 12
35 26
35 14
35 25
35 27
35 34
35 48
35 45
35 13
35 22
35 0
35 49
35 39
22
36 40
36 11
36 46
36 47
36 8
36 16
36 42
36 43
36 45
36 20
36 14
36 9
36 28
36 2
36 35
36 21
36 37
36 12
36 48
36 18
36 26
36 23
20
37 11
37 8
37 27
37 15
37 45
37 44
37 42
37 43
37 41
37 47
37 31
37 25
37 26
37 7
37 35
37 32
37 38
37 17
37 24
37 20
14
38 6
38 13
38 23
38 47
38 30
38 36
38 16
38 35
38 48
38 1
38 31
38 0
38 22
38 3
25
39 22
39 37
39 38
39 30
39 17
39 10
39 32
39 0
39 14
39 7
39 8
39 18
39 25
39 3
39 11
39 27
39 36
39 9
39 43
39 5
39 46
39 6
39 13
39 20
39 26
22
40 2
40 14
40 49
40 47
40 31
40 33
40 7
40 28
40 13
40 10
40 37
40 43
40 24
40 18
40 23
40 41
40 21
40 38
40 3
40 45
40 34
40 46
16
41 9
41 2
41 42
41 23
41 24
41 25
41 36
41 18
41 10
41 4
41 7
41 12
41 39
41 13
41 35
41 33
19
42 33
42 35
42 14
42 23
42 48
42 15
42 45
42 10
42 2
42 0
42 39
42 20
42 8
42 43
42 40
42 11
42 25
42 16
42 26
21
43 32
43 28
43 14
43 1
43 25
43 5
43 21
43 6
43 18
43 3
43 17
43 29
43 13
43 8
43 23
43 4
43 41
43 31
43 35
43 10
43 47
19
44 19
44 43
44 38
44 14
44 25
44 13
44 10
44 42
44 16
44 26
44 29
44 47
44 36
44 49
44 35
44 7
44 33
44 40
44 11
16
45 32
45 1
45 44
45 20
45 0
45 23
45 15
45 28
45 38
45 16
45 2
45 41
45 3
45 7
45 43
45 33
21
46 30
46 27
46 18
46 45
46 37
46 43
46 34
46 0
46 44
46 12
46 22
46 35
46 25
46 17
46 19
46 26
46 47
46 15
46 20
46 41
46 10
11
47 7
47 11
47 23
47 21
47 39
47 22
47 34
47 15
47 20
47 12
47 45
20
48 40
48 1
48 2
48 8
48 39
48 29
48 31
48 43
48 41
48 9
48 44
48 45
48 34
48 22
48 25
48 37
48 30
48 49
48 16
48 24
24
49 39
49 3
49 10
49 33
49 34
49 45
49 12
49 2
49 4
49 0
49 7
49 27
49 22
49 38
49 41
49 42
49 31
49 5
49 47
49 46
49 9
49 16
49 25
49 23
