50
0 "A1"
1 "A46"
2 "A13"
3 "A14"
4 "A47"
5 "A32"
6 "A0"
7 "A40"
8 "A42"
9 "A6"
10 "A24"
11 "A15"
12 "A44"
13 "A7"
14 "A28"
15 "A48"
16 "A36"
17 "A31"
18 "A21"
19 "A22"
20 "A2"
21 "A30"
22 "A10"
23 "A16"
24 "A8"
25 "A11"
26 "A39"
27 "A25"
28 "A12"
29 "A41"
30 "A26"
31 "A34"
32 "A37"
33 "A45"
34 "A27"
35 "A19"
36 "A29"
37 "A35"
38 "A20"
39 "A43"
40 "A4"
41 "A18"
42 "A17"
43 "A9"
44 "A33"
45 "A49"
46 "A3"
47 "A38"
48 "A5"
49 "A23"
18
0 9
0 35
0 34
0 47
0 29
0 20
0 7
0 18
0 13
0 16
0 19
0 39
0 23
0 31
0 49
0 10
0 46
0 8
18
1 19
1 25
1 48
1 34
1 14
1 16
1 13
1 9
1 24
1 23
1 44
1 3
1 0
1 28
1 47
1 21
1 41
1 15
15
2 4
2 3
2 47
2 0
2 6
2 15
2 31
2 8
2 16
2 40
2 30
2 26
2 29
2 39
2 19
19
3 46
3 21
3 0
3 26
3 47
3 34
3 28
3 40
3 22
3 11
3 9
3 29
3 43
3 30
3 4
3 12
3 15
3 24
3 36
27
4 20
4 15
4 5
4 31
4 18
4 45
4 8
4 40
4 34
4 36
4 21
4 17
4 9
4 10
4 29
4 41
4 7
4 37
4 24
4 47
4 13
4 44
4 28
4 43
4 48
4 19
4 22
16
5 1
5 36
5 29
5 49
5 22
5 37
5 32
5 9
5 26
5 47
5 3
5 0
5 44
5 30
5 43
5 2
21
6 5
6 16
6 9
6 1
6 17
6 24
6 36
6 0
6 27
6 21
6 45
6 12
6 39
6 19
6 48
6 29
6 3
6 20
6 26
6 11
6 41
18
7 8
7 43
7 20
7 36
7 21
7 23
7 42
7 3
7 39
7 22
7 18
7 25
7 44
7 2
7 45
7 30
7 29
7 6
22
8 15
8 18
8 19
8 34
8 37
8 1
8 17
8 42
8 38
8 24
8 35
8 10
8 3
8 14
8 23
8 29
8 40
8 6
8 16
8 48
8 46
8 49
22
9 34
9 41
9 17
9 21
9 45
9 22
9 10
9 15
9 23
9 32
9 46
9 24
9 7
9 29
9 18
9 2
9 42
9 30
9 11
9 20
9 12
9 37
20
10 1
10 49
10 42
10 38
10 20
10 21
10 2
10 17
10 19
10 43
10 16
10 41
10 24
10 27
10 3
10 12
10 6
10 11
10 30
10 5
22
11 0
11 21
11 39
11 31
11 16
11 29
11 5
11 28
11 1
11 8
11 17
11 26
11 33
11 27
11 2
11 7
11 47
11 40
11 35
11 45
11 24
11 12
17
12 28
12 14
12 18
12 41
12 35
12 1
12 47
12 19
12 17
12 45
12 48
12 7
12 42
12 0
12 2
12 36
12 5
20
13 25
13 41
13 44
13 6
13 33
13 47
13 30
13 43
13 29
13 10
13 40
13 28
13 8
13 34
13 2
13 21
13 16
13 38
13 45
13 19
21
14 38
14 48
14 19
14 28
14 49
14 4
14 6
14 13
14 26
14 31
14 39
14 7
14 32
14 11
14 29
14 23
14 17
14 5
14 44
14 35
14 46
23
15 44
15 40
15 48
15 47
15 11
15 28
15 27
15 24
15 30
15 43
15 20
15 5
15 13
15 10
15 0
15 35
15 45
15 26
15 29
15 17
15 6
15 39
15 14
16
16 48
16 9
16 31
16 12
16 38
16 41
16 49
16 45
16 5
16 14
16 25
16 40
16 22
16 3
16 32
16 4
18
17 3
17 28
17 19
17 20
17 37
17 2
17 34
17 38
17 0
17 46
17 49
17 30
17 23
17 1
17 44
17 27
17 21
17 48
17
18 43
18 17
18 13
18 44
18 15
18 30
18 49
18 36
18 1
18 10
18 23
18 32
18 25
18 40
18 31
18 6
18 5
16
19 11
19 7
19 21
19 39
19 48
19 32
19 16
19 20
19 27
19 47
19 5
19 36
19 37
19 15
19 35
19 46
19
20 11
20 22
20 44
20 38
20 23
20 3
20 33
20 2
20 5
20 29
20 21
20 35
20 16
20 46
20 8
20 25
20 41
20 45
20 1
17
21 18
21 29
21 12
21 28
21 49
21 30
21 33
21 45
21 41
21 44
21 5
21 8
21 23
21 15
21 0
21 14
21 2
20
22 49
22 32
22 21
22 2
22 15
22 25
22 11
22 23
22 37
22 27
22 36
22 10
22 14
22 46
22 18
22 12
22 40
22 17
22 29
22 34
19
23 11
23 44
23 16
23 3
23 28
23 42
23 25
23 32
23 31
23 45
23 4
23 49
23 33
23 19
23 13
23 5
23 12
23 30
23 2
13
24 31
24 18
24 29
24 23
24 0
24 34
24 25
24 14
24 33
24 19
24 5
24 21
24 17
24
25 37
25 9
25 12
25 44
25 27
25 31
25 5
25 21
25 42
25 33
25 47
25 4
25 6
25 28
25 46
25 48
25 14
25 41
25 2
25 11
25 29
25 0
25 32
25 30
23
26 12
26 1
26 49
26 35
26 7
26 13
26 0
26 4
26 9
26 25
26 19
26 39
26 23
26 8
26 38
26 17
26 18
26 10
26 46
26 21
26 29
26 24
26 45
23
27 18
27 4
27 33
27 21
27 24
27 8
27 30
27 23
27 1
27 3
27 29
27 5
27 47
27 7
27 37
27 13
27 0
27 31
27 44
27 38
27 9
27 36
27 2
24
28 47
28 44
28 9
28 5
28 16
28 22
28 48
28 34
28 41
28 46
28 32
28 33
28 27
28 18
28 31
28 37
28 24
28 2
28 20
28 7
28 43
28 26
28 8
28 19
18
29 47
29 32
29 49
29 1
29 41
29 16
29 28
29 10
29 12
29 38
29 33
29 42
29 23
29 17
29 19
29 31
29 40
29 45
22
30 14
30 44
30 16
30 38
30 32
30 1
30 46
30 8
30 11
30 20
30 26
30 31
30 37
30 49
30 29
30 40
30 12
30 42
30 0
30 22
30 45
30 28
20
31 20
31 40
31 6
31 19
31 33
31 22
31 26
31 9
31 35
31 36
31 44
31 17
31 32
31 47
31 1
31 13
31 3
31 21
31 15
31 12
19
32 26
32 12
32 20
32 47
32 4
32 27
32 41
32 48
32 6
32 10
32 2
32 15
32 0
32 17
32 21
32 3
32 7
32 45
32 24
17
33 3
33 4
33 7
33 16
33 14
33 0
33 8
33 35
33 9
33 41
33 38
33 2
33 18
33 26
33 49
33 15
33 17
17
34 49
34 27
34 12
34 10
34 44
34 6
34 5
34 21
34 11
34 7
34 46
34 47
34 33
34 31
34 26
34 45
34 30
27
35 30
35 21
35 2
35 16
35 25
35 36
35 32
35 42
35 4
35 38
35 49
35 13
35 17
35 45
35 28
35 5
35 18
35 1
35 29
35 37
35 41
35 23
35 46
35 9
35 44
35 3
35 6
22
36 17
36 47
36 9
36 34
36 8
36 13
36 29
36 43
36 33
36 14
36 0
36 1
36 30
36 23
36 28
36 21
36 37
36 10
36 24
36 20
36 11
36 48
18
37 15
37 2
37 24
37 26
37 49
37 6
37 29
37 0
37 1
37 47
37 10
37 12
37 33
37 16
37 14
37 23
37 11
37 32
18
38 28
38 25
38 32
38 40
38 21
38 41
38 37
38 19
38 45
38 36
38 44
38 7
38 6
38 47
38 2
38 31
38 0
38 11
24
39 13
39 24
39 37
39 36
39 20
39 1
39 8
39 46
39 30
39 21
39 28
39 45
39 41
39 18
39 34
39 22
39 12
39 43
39 48
39 38
39 3
39 44
39 29
39 9
18
40 36
40 10
40 28
40 23
40 0
40 45
40 7
40 19
40 26
40 6
40 5
40 9
40 44
40 14
40 1
40 34
40 24
40 37
14
41 3
41 8
41 37
41 14
41 19
41 49
41 17
41 31
41 5
41 15
41 11
41 18
41 24
41 30
23
42 6
42 32
42 21
42 11
42 27
42 46
42 31
42 33
42 24
42 36
42 48
42 4
42 13
42 14
42 26
42 0
42 1
42 17
42 49
42 40
42 3
42 16
42 2
23
43 25
43 30
43 42
43 21
43 48
43 41
43 0
43 23
43 24
43 40
43 2
43 29
43 9
43 35
43 22
43 31
43 32
43 20
43 38
43 1
43 27
43 34
43 47
21
44 37
44 24
44 26
44 49
44 8
44 12
44 41
44 10
44 46
44 11
44 0
44 3
44 16
44 2
44 33
44 19
44 47
44 9
44 6
44 29
44 32
18
45 27
45 41
45 24
45 0
45 25
45 31
45 19
45 43
45 10
45 33
45 17
45 36
45 22
45 8
45 37
45 18
45 5
45 3
18
46 2
46 48
46 43
46 13
46 6
46 37
46 18
46 31
46 24
46 12
46 41
46 47
46 33
46 5
46 36
46 29
46 4
46 21
15
47 8
47 33
47 18
47 41
47 30
47 40
47 26
47 39
47 42
47 21
47 24
47 6
47 9
47 20
47 7
22
48 10
48 7
48 26
48 23
48 35
48 5
48 33
48 0
48 30
48 29
48 34
48 45
48 21
48 37
48 22
48 44
48 24
48 18
48 27
48 2
48 20
48 40
18
49 7
49 46
49 39
49 4
49 11
49 45
49 43
49 40
49 1
49 48
49 13
49 27
49 6
49 3
49 9
49 31
49 32
49 25
