50
0 "A1"
1 "A46"
2 "A13"
3 "A14"
4 "A47"
5 "A32"
6 "A0"
7 "A40"
8 "A42"
9 "A6"
10 "A24"
11 "A15"
12 "A44"
13 "A7"
14 "A28"
15 "A48"
16 "A36"
17 "A31"
18 "A21"
19 "A22"
20 "A2"
21 "A30"
22 "A10"
23 "A16"
24 "A8"
25 "A11"
26 "A39"
27 "A25"
28 "A12"
29 "A41"
30 "A26"
31 "A34"
32 "A37"
33 "A45"
34 "A27"
35 "A19"
36 "A29"
37 "A35"
38 "A20"
39 "A43"
40 "A4"
41 "A18"
42 "A17"
43 "A9"
44 "A33"
45 "A49"
46 "A3"
47 "A38"
48 "A5"
49 "A23"
24
0 1
0 44
0 15
0 4
0 46
0 29
0 20
0 14
0 25
0 30
0 38
0 23
0 41
0 3
0 5
0 8
0 28
0 6
0 13
0 21
0 12
0 16
0 2
0 17
19
1 37
1 44
1 8
1 14
1 15
1 12
1 45
1 18
1 46
1 36
1 41
1 19
1 24
1 9
1 42
1 35
1 26
1 30
1 23
19
2 9
2 31
2 49
2 39
2 40
2 17
2 4
2 26
2 44
2 27
2 48
2 36
2 29
2 1
2 12
2 10
2 18
2 7
2 5
20
3 8
3 4
3 43
3 15
3 1
3 37
3 10
3 28
3 6
3 45
3 9
3 13
3 2
3 49
3 39
3 26
3 38
3 21
3 33
3 46
13
4 35
4 25
4 32
4 48
4 7
4 39
4 29
4 28
4 21
4 24
4 40
4 12
4 20
23
5 4
5 35
5 32
5 25
5 46
5 45
5 20
5 22
5 8
5 15
5 28
5 19
5 23
5 27
5 14
5 10
5 1
5 9
5 17
5 38
5 41
5 47
5 18
19
6 29
6 36
6 22
6 48
6 43
6 31
6 34
6 38
6 47
6 7
6 4
6 26
6 24
6 9
6 5
6 21
6 10
6 28
6 33
17
7 36
7 17
7 43
7 32
7 20
7 9
7 24
7 14
7 23
7 44
7 26
7 40
7 42
7 31
7 39
7 37
7 3
20
8 2
8 23
8 21
8 37
8 27
8 6
8 43
8 36
8 18
8 45
8 20
8 46
8 22
8 26
8 32
8 40
8 14
8 4
8 35
8 7
17
9 34
9 28
9 33
9 10
9 31
9 27
9 44
9 11
9 22
9 45
9 42
9 17
9 8
9 35
9 0
9 32
9 30
21
10 40
10 19
10 0
10 32
10 44
10 21
10 7
10 38
10 29
10 1
10 34
10 49
10 16
10 35
10 25
10 15
10 46
10 4
10 41
10 31
10 36
28
11 38
11 24
11 15
11 0
11 13
11 4
11 1
11 27
11 45
11 31
11 35
11 40
11 49
11 19
11 32
11 22
11 6
11 7
11 43
11 25
11 41
11 10
11 46
11 3
11 29
11 21
11 8
11 33
21
12 9
12 21
12 47
12 35
12 38
12 16
12 37
12 15
12 23
12 27
12 31
12 39
12 36
12 10
12 14
12 43
12 42
12 28
12 48
12 19
12 26
24
13 22
13 44
13 10
13 1
13 43
13 29
13 41
13 40
13 19
13 25
13 16
13 45
13 38
13 9
13 14
13 39
13 6
13 7
13 24
13 32
13 30
13 31
13 28
13 8
20
14 31
14 25
14 37
14 11
14 47
14 19
14 2
14 26
14 3
14 9
14 45
14 40
14 17
14 29
14 28
14 6
14 33
14 35
14 4
14 32
22
15 40
15 45
15 9
15 47
15 19
15 49
15 16
15 17
15 13
15 18
15 28
15 14
15 39
15 2
15 24
15 7
15 26
15 34
15 8
15 22
15 4
15 37
22
16 14
16 47
16 23
16 20
16 1
16 24
16 26
16 41
16 32
16 5
16 36
16 8
16 37
16 43
16 4
16 2
16 30
16 3
16 7
16 48
16 38
16 11
24
17 16
17 11
17 44
17 41
17 31
17 49
17 29
17 32
17 25
17 13
17 26
17 12
17 46
17 23
17 40
17 47
17 33
17 4
17 38
17 22
17 19
17 10
17 6
17 20
23
18 9
18 26
18 21
18 42
18 4
18 28
18 7
18 40
18 25
18 46
18 27
18 43
18 12
18 6
18 23
18 11
18 10
18 41
18 48
18 14
18 36
18 38
18 16
22
19 20
19 8
19 44
19 42
19 4
19 18
19 9
19 43
19 27
19 16
19 28
19 26
19 47
19 3
19 41
19 37
19 6
19 29
19 2
19 31
19 39
19 45
18
20 29
20 34
20 1
20 28
20 36
20 26
20 45
20 6
20 12
20 15
20 11
20 3
20 43
20 9
20 10
20 25
20 31
20 40
16
21 24
21 26
21 1
21 33
21 17
21 15
21 27
21 2
21 13
21 44
21 34
21 14
21 5
21 31
21 16
21 42
18
22 20
22 7
22 32
22 40
22 49
22 2
22 28
22 1
22 34
22 14
22 31
22 12
22 38
22 26
22 18
22 24
22 46
22 4
24
23 9
23 37
23 36
23 49
23 48
23 13
23 11
23 32
23 29
23 45
23 15
23 24
23 39
23 44
23 33
23 4
23 21
23 14
23 41
23 27
23 10
23 46
23 19
23 22
17
24 49
24 45
24 0
24 17
24 37
24 12
24 5
24 30
24 39
24 28
24 9
24 35
24 33
24 47
24 43
24 27
24 20
20
25 32
25 24
25 19
25 22
25 9
25 45
25 41
25 7
25 30
25 6
25 2
25 8
25 40
25 16
25 49
25 12
25 23
25 27
25 28
25 1
10
26 4
26 44
26 24
26 43
26 10
26 25
26 46
26 23
26 11
26 5
20
27 34
27 42
27 28
27 49
27 38
27 47
27 26
27 44
27 33
27 3
27 48
27 15
27 0
27 4
27 35
27 46
27 22
27 13
27 1
27 7
13
28 16
28 7
28 37
28 45
28 23
28 36
28 21
28 26
28 1
28 42
28 48
28 46
28 11
21
29 30
29 25
29 24
29 38
29 37
29 3
29 9
29 46
29 22
29 8
29 43
29 1
29 35
29 26
29 34
29 40
29 12
29 45
29 5
29 18
29 49
22
30 32
30 4
30 42
30 26
30 17
30 5
30 10
30 6
30 7
30 21
30 14
30 19
30 27
30 12
30 37
30 49
30 41
30 46
30 23
30 11
30 28
30 48
17
31 27
31 33
31 18
31 37
31 4
31 24
31 0
31 40
31 16
31 26
31 23
31 30
31 29
31 5
31 15
31 39
31 44
19
32 34
32 33
32 41
32 3
32 0
32 12
32 18
32 37
32 46
32 20
32 42
32 24
32 35
32 19
32 39
32 40
32 27
32 6
32 43
21
33 8
33 0
33 15
33 10
33 5
33 29
33 12
33 7
33 13
33 48
33 1
33 2
33 38
33 42
33 45
33 25
33 49
33 36
33 26
33 47
33 22
20
34 30
34 26
34 8
34 11
34 16
34 39
34 23
34 7
34 0
34 37
34 1
34 2
34 17
34 48
34 24
34 13
34 33
34 31
34 19
34 42
17
35 15
35 0
35 28
35 41
35 25
35 19
35 2
35 33
35 7
35 38
35 22
35 45
35 23
35 40
35 21
35 3
35 30
18
36 22
36 25
36 26
36 21
36 14
36 15
36 38
36 35
36 24
36 17
36 27
36 48
36 0
36 30
36 5
36 11
36 49
36 44
17
37 22
37 40
37 26
37 33
37 6
37 49
37 11
37 18
37 25
37 0
37 10
37 41
37 13
37 43
37 27
37 48
37 45
16
38 39
38 34
38 21
38 14
38 25
38 49
38 2
38 30
38 47
38 1
38 41
38 26
38 15
38 19
38 28
38 40
22
39 1
39 35
39 11
39 29
39 20
39 6
39 33
39 28
39 21
39 45
39 5
39 30
39 42
39 44
39 0
39 25
39 17
39 49
39 8
39 10
39 18
39 26
10
40 42
40 5
40 33
40 36
40 3
40 30
40 0
40 9
40 21
40 1
18
41 34
41 22
41 4
41 24
41 26
41 12
41 28
41 3
41 15
41 31
41 45
41 2
41 9
41 14
41 39
41 8
41 42
41 43
19
42 0
42 13
42 24
42 38
42 10
42 26
42 15
42 23
42 22
42 5
42 14
42 37
42 11
42 4
42 3
42 48
42 31
42 29
42 8
18
43 9
43 25
43 40
43 36
43 28
43 22
43 0
43 21
43 10
43 42
43 47
43 4
43 5
43 15
43 38
43 23
43 1
43 17
20
44 28
44 35
44 41
44 6
44 40
44 5
44 22
44 18
44 4
44 20
44 34
44 29
44 38
44 32
44 43
44 37
44 8
44 3
44 24
44 33
21
45 4
45 34
45 26
45 10
45 36
45 22
45 38
45 32
45 48
45 18
45 17
45 43
45 27
45 16
45 44
45 31
45 21
45 40
45 7
45 6
45 30
20
46 4
46 42
46 35
46 16
46 20
46 7
46 44
46 34
46 48
46 24
46 2
46 14
46 15
46 6
46 12
46 37
46 21
46 40
46 39
46 49
23
47 36
47 26
47 31
47 23
47 29
47 34
47 7
47 30
47 8
47 25
47 10
47 39
47 32
47 0
47 9
47 35
47 37
47 40
47 4
47 1
47 46
47 41
47 3
25
48 13
48 25
48 41
48 8
48 10
48 3
48 29
48 38
48 40
48 44
48 35
48 17
48 7
48 49
48 14
48 26
48 20
48 43
48 0
48 11
48 31
48 15
48 21
48 22
48 1
22
49 35
49 32
49 5
49 19
49 31
49 14
49 8
49 6
49 42
49 7
49 12
49 4
49 47
49 45
49 43
49 44
49 40
49 34
49 26
49 13
49 21
49 1
