50
0 "A12"
1 "A45"
2 "A26"
3 "A13"
4 "A20"
5 "A2"
6 "A19"
7 "A6"
8 "A22"
9 "A33"
10 "A42"
11 "A23"
12 "A24"
13 "A34"
14 "A28"
15 "A32"
16 "A40"
17 "A3"
18 "A7"
19 "A0"
20 "A18"
21 "A17"
22 "A46"
23 "A27"
24 "A36"
25 "A10"
26 "A37"
27 "A1"
28 "A16"
29 "A30"
30 "A9"
31 "A5"
32 "A31"
33 "A44"
34 "A38"
35 "A48"
36 "A43"
37 "A41"
38 "A15"
39 "A25"
40 "A4"
41 "A11"
42 "A47"
43 "A49"
44 "A14"
45 "A21"
46 "A35"
47 "A8"
48 "A29"
49 "A39"
19
0 18
0 24
0 32
0 9
0 25
0 19
0 27
0 43
0 44
0 28
0 39
0 41
0 7
0 47
0 45
0 10
0 16
0 15
0 34
22
1 27
1 45
1 24
1 46
1 40
1 48
1 30
1 29
1 18
1 15
1 4
1 23
1 8
1 39
1 44
1 42
1 43
1 14
1 7
1 36
1 0
1 12
20
2 13
2 48
2 35
2 32
2 7
2 37
2 16
2 39
2 30
2 19
2 43
2 45
2 8
2 9
2 22
2 4
2 0
2 47
2 1
2 21
20
3 0
3 26
3 48
3 15
3 21
3 16
3 2
3 12
3 25
3 14
3 11
3 41
3 30
3 40
3 23
3 27
3 34
3 46
3 17
3 7
19
4 32
4 42
4 35
4 44
4 41
4 3
4 10
4 26
4 31
4 47
4 13
4 9
4 14
4 43
4 25
4 16
4 23
4 28
4 29
25
5 29
5 16
5 38
5 22
5 23
5 28
5 8
5 20
5 10
5 13
5 15
5 35
5 6
5 4
5 39
5 47
5 25
5 36
5 24
5 18
5 3
5 0
5 11
5 34
5 1
20
6 23
6 35
6 16
6 1
6 15
6 41
6 12
6 0
6 3
6 10
6 13
6 48
6 46
6 17
6 43
6 14
6 29
6 4
6 36
6 45
19
7 41
7 30
7 22
7 11
7 40
7 13
7 36
7 6
7 4
7 28
7 20
7 45
7 17
7 23
7 48
7 26
7 47
7 46
7 8
14
8 6
8 24
8 11
8 41
8 43
8 15
8 45
8 17
8 44
8 27
8 48
8 30
8 22
8 35
23
9 47
9 29
9 35
9 3
9 36
9 46
9 43
9 41
9 45
9 6
9 25
9 39
9 20
9 14
9 5
9 7
9 28
9 15
9 30
9 17
9 1
9 42
9 33
21
10 42
10 3
10 46
10 8
10 25
10 49
10 47
10 9
10 44
10 30
10 12
10 14
10 7
10 45
10 29
10 17
10 2
10 39
10 33
10 22
10 23
19
11 25
11 32
11 31
11 43
11 19
11 33
11 45
11 22
11 21
11 38
11 2
11 12
11 26
11 20
11 18
11 4
11 0
11 1
11 9
24
12 23
12 9
12 25
12 28
12 14
12 15
12 33
12 45
12 8
12 42
12 27
12 39
12 4
12 43
12 2
12 35
12 49
12 5
12 37
12 38
12 21
12 44
12 30
12 40
14
13 28
13 26
13 25
13 0
13 34
13 46
13 9
13 44
13 12
13 30
13 33
13 42
13 39
13 11
21
14 36
14 0
14 7
14 17
14 34
14 33
14 28
14 49
14 31
14 8
14 30
14 37
14 47
14 5
14 38
14 18
14 41
14 19
14 43
14 35
14 2
19
15 24
15 46
15 38
15 34
15 10
15 14
15 22
15 29
15 32
15 20
15 41
15 28
15 33
15 4
15 26
15 48
15 11
15 47
15 13
19
16 46
16 13
16 48
16 11
16 17
16 10
16 33
16 7
16 14
16 43
16 9
16 18
16 31
16 19
16 36
16 26
16 15
16 28
16 34
25
17 38
17 40
17 45
17 26
17 31
17 1
17 11
17 13
17 44
17 37
17 0
17 46
17 2
17 33
17 12
17 19
17 5
17 27
17 48
17 24
17 34
17 32
17 47
17 43
17 21
20
18 8
18 7
18 12
18 25
18 37
18 29
18 28
18 9
18 48
18 33
18 39
18 17
18 20
18 27
18 13
18 41
18 44
18 2
18 15
18 19
15
19 34
19 8
19 7
19 13
19 12
19 20
19 22
19 1
19 26
19 3
19 10
19 23
19 39
19 9
19 27
23
20 13
20 40
20 14
20 38
20 4
20 30
20 1
20 17
20 28
20 47
20 12
20 0
20 33
20 16
20 42
20 6
20 10
20 41
20 46
20 25
20 34
20 48
20 39
26
21 49
21 9
21 27
21 37
21 14
21 10
21 0
21 29
21 41
21 19
21 16
21 36
21 1
21 7
21 5
21 20
21 47
21 23
21 43
21 39
21 45
21 25
21 44
21 15
21 18
21 38
28
22 1
22 17
22 46
22 39
22 18
22 9
22 28
22 44
22 0
22 20
22 33
22 16
22 29
22 34
22 4
22 26
22 27
22 3
22 13
22 49
22 30
22 12
22 35
22 42
22 48
22 31
22 32
22 14
14
23 48
23 18
23 8
23 15
23 13
23 17
23 49
23 43
23 11
23 39
23 26
23 47
23 46
23 31
18
24 2
24 35
24 18
24 11
24 16
24 27
24 4
24 23
24 6
24 46
24 42
24 14
24 3
24 9
24 10
24 7
24 32
24 45
21
25 24
25 43
25 44
25 26
25 6
25 15
25 31
25 19
25 2
25 28
25 33
25 16
25 14
25 41
25 22
25 35
25 8
25 37
25 47
25 30
25 38
18
26 48
26 5
26 31
26 33
26 34
26 28
26 29
26 40
26 0
26 30
26 21
26 49
26 9
26 24
26 20
26 37
26 18
26 1
20
27 16
27 2
27 25
27 20
27 28
27 29
27 23
27 6
27 39
27 14
27 26
27 13
27 10
27 5
27 42
27 43
27 33
27 32
27 15
27 40
14
28 17
28 23
28 35
28 1
28 19
28 46
28 39
28 24
28 38
28 10
28 8
28 33
28 3
28 43
19
29 47
29 3
29 49
29 13
29 36
29 25
29 28
29 33
29 44
29 7
29 16
29 11
29 8
29 20
29 32
29 0
29 42
29 17
29 31
17
30 11
30 18
30 5
30 33
30 40
30 21
30 42
30 45
30 28
30 29
30 23
30 34
30 0
30 6
30 17
30 24
30 16
18
31 41
31 19
31 32
31 2
31 13
31 3
31 49
31 38
31 30
31 45
31 42
31 15
31 7
31 21
31 20
31 28
31 36
31 34
22
32 36
32 42
32 1
32 43
32 47
32 7
32 13
32 9
32 18
32 5
32 23
32 44
32 16
32 8
32 28
32 14
32 25
32 12
32 19
32 49
32 48
32 39
18
33 48
33 7
33 34
33 5
33 19
33 36
33 39
33 1
33 6
33 41
33 3
33 44
33 4
33 23
33 2
33 24
33 21
33 31
16
34 28
34 4
34 2
34 10
34 39
34 38
34 6
34 7
34 9
34 36
34 48
34 47
34 18
34 37
34 29
34 11
18
35 27
35 47
35 13
35 17
35 21
35 26
35 3
35 15
35 38
35 44
35 39
35 20
35 23
35 29
35 7
35 49
35 0
35 32
21
36 47
36 2
36 22
36 0
36 3
36 28
36 45
36 40
36 48
36 12
36 38
36 27
36 11
36 43
36 26
36 37
36 25
36 19
36 15
36 23
36 35
25
37 42
37 48
37 47
37 7
37 15
37 1
37 30
37 29
37 33
37 11
37 28
37 0
37 16
37 41
37 22
37 5
37 6
37 4
37 13
37 19
37 44
37 20
37 9
37 24
37 10
20
38 37
38 10
38 7
38 49
38 43
38 46
38 32
38 16
38 8
38 13
38 27
38 19
38 42
38 18
38 26
38 1
38 22
38 29
38 30
38 24
12
39 30
39 48
39 41
39 6
39 24
39 38
39 14
39 8
39 7
39 11
39 49
39 43
25
40 5
40 25
40 28
40 29
40 4
40 42
40 33
40 10
40 49
40 13
40 47
40 0
40 11
40 35
40 2
40 39
40 6
40 8
40 45
40 21
40 32
40 43
40 24
40 16
40 38
20
41 47
41 17
41 28
41 2
41 32
41 38
41 36
41 29
41 16
41 44
41 12
41 34
41 23
41 11
41 5
41 1
41 19
41 48
41 26
41 40
23
42 0
42 48
42 45
42 34
42 49
42 5
42 15
42 16
42 11
42 21
42 18
42 47
42 17
42 2
42 7
42 8
42 14
42 6
42 28
42 23
42 43
42 19
42 3
16
43 18
43 10
43 13
43 7
43 3
43 5
43 20
43 34
43 29
43 35
43 31
43 19
43 22
43 15
43 44
43 24
23
44 9
44 30
44 3
44 24
44 48
44 46
44 20
44 7
44 28
44 31
44 11
44 14
44 36
44 42
44 16
44 47
44 26
44 45
44 39
44 15
44 40
44 34
44 27
18
45 29
45 16
45 35
45 26
45 20
45 27
45 47
45 18
45 38
45 3
45 13
45 5
45 15
45 25
45 4
45 28
45 32
45 34
17
46 12
46 18
46 32
46 48
46 5
46 31
46 36
46 33
46 40
46 2
46 43
46 4
46 41
46 8
46 42
46 34
46 37
16
47 13
47 26
47 8
47 3
47 33
47 43
47 11
47 48
47 18
47 30
47 12
47 16
47 46
47 27
47 28
47 24
15
48 21
48 28
48 13
48 38
48 49
48 14
48 29
48 4
48 31
48 12
48 24
48 30
48 19
48 10
48 5
21
49 16
49 8
49 4
49 7
49 20
49 6
49 1
49 45
49 17
49 15
49 0
49 43
49 28
49 36
49 44
49 13
49 3
49 9
49 37
49 25
49 5
