50
0 "A44"
1 "A16"
2 "A29"
3 "A32"
4 "A43"
5 "A10"
6 "A12"
7 "A15"
8 "A22"
9 "A5"
10 "A46"
11 "A18"
12 "A47"
13 "A23"
14 "A48"
15 "A6"
16 "A11"
17 "A40"
18 "A19"
19 "A37"
20 "A14"
21 "A35"
22 "A0"
23 "A21"
24 "A3"
25 "A31"
26 "A49"
27 "A34"
28 "A9"
29 "A38"
30 "A30"
31 "A7"
32 "A24"
33 "A45"
34 "A41"
35 "A36"
36 "A42"
37 "A33"
38 "A26"
39 "A2"
40 "A27"
41 "A28"
42 "A25"
43 "A39"
44 "A8"
45 "A20"
46 "A17"
47 "A4"
48 "A13"
49 "A1"
25
0 45
0 6
0 30
0 21
0 29
0 42
0 5
0 22
0 19
0 28
0 15
0 24
0 16
0 35
0 3
0 36
0 12
0 25
0 38
0 44
0 46
0 13
0 10
0 49
0 1
16
1 14
1 45
1 24
1 10
1 29
1 9
1 23
1 46
1 28
1 39
1 33
1 7
1 17
1 4
1 32
1 21
24
2 3
2 46
2 40
2 29
2 15
2 35
2 8
2 33
2 0
2 1
2 24
2 20
2 39
2 38
2 7
2 30
2 44
2 6
2 17
2 18
2 43
2 5
2 22
2 47
19
3 39
3 16
3 18
3 12
3 36
3 32
3 24
3 11
3 34
3 1
3 15
3 48
3 45
3 14
3 7
3 9
3 13
3 47
3 27
25
4 17
4 36
4 38
4 41
4 27
4 0
4 25
4 6
4 14
4 15
4 3
4 8
4 47
4 5
4 29
4 40
4 19
4 22
4 35
4 31
4 34
4 2
4 26
4 44
4 30
16
5 19
5 29
5 16
5 1
5 45
5 38
5 39
5 22
5 8
5 13
5 3
5 36
5 48
5 10
5 49
5 34
17
6 39
6 1
6 10
6 26
6 40
6 21
6 29
6 28
6 32
6 12
6 16
6 31
6 17
6 49
6 9
6 15
6 11
23
7 46
7 32
7 13
7 39
7 5
7 21
7 41
7 34
7 0
7 43
7 25
7 47
7 33
7 36
7 19
7 10
7 35
7 16
7 15
7 18
7 6
7 48
7 24
19
8 22
8 45
8 18
8 14
8 23
8 37
8 41
8 7
8 9
8 15
8 1
8 46
8 0
8 29
8 39
8 42
8 49
8 3
8 43
21
9 39
9 37
9 0
9 10
9 2
9 25
9 12
9 5
9 27
9 49
9 24
9 26
9 42
9 4
9 48
9 40
9 17
9 14
9 45
9 20
9 36
18
10 43
10 4
10 39
10 44
10 18
10 29
10 8
10 34
10 15
10 2
10 28
10 21
10 42
10 46
10 14
10 48
10 33
10 17
19
11 29
11 10
11 16
11 39
11 0
11 49
11 36
11 22
11 21
11 4
11 24
11 26
11 18
11 30
11 23
11 38
11 44
11 14
11 2
21
12 33
12 19
12 24
12 22
12 7
12 11
12 26
12 42
12 30
12 49
12 2
12 17
12 47
12 45
12 46
12 37
12 43
12 4
12 32
12 34
12 1
18
13 2
13 41
13 36
13 45
13 14
13 44
13 28
13 37
13 35
13 18
13 1
13 32
13 24
13 20
13 17
13 4
13 11
13 10
17
14 43
14 26
14 16
14 29
14 49
14 2
14 5
14 36
14 44
14 0
14 33
14 39
14 42
14 40
14 27
14 19
14 6
20
15 23
15 9
15 32
15 47
15 21
15 37
15 18
15 13
15 19
15 5
15 49
15 17
15 14
15 29
15 11
15 16
15 46
15 28
15 45
15 38
20
16 34
16 12
16 22
16 29
16 37
16 38
16 21
16 32
16 4
16 42
16 24
16 10
16 1
16 2
16 44
16 28
16 8
16 27
16 25
16 39
10
17 5
17 30
17 16
17 8
17 36
17 28
17 40
17 7
17 0
17 3
19
18 4
18 27
18 12
18 34
18 43
18 17
18 20
18 1
18 47
18 29
18 25
18 6
18 36
18 46
18 21
18 5
18 44
18 39
18 35
19
19 2
19 9
19 46
19 34
19 29
19 1
19 11
19 10
19 25
19 22
19 30
19 38
19 42
19 35
19 33
19 18
19 3
19 40
19 6
26
20 37
20 26
20 23
20 38
20 11
20 45
20 15
20 16
20 8
20 34
20 6
20 25
20 22
20 7
20 36
20 1
20 3
20 14
20 10
20 48
20 0
20 42
20 33
20 19
20 12
20 39
16
21 44
21 30
21 34
21 17
21 42
21 49
21 27
21 46
21 35
21 12
21 19
21 4
21 29
21 3
21 23
21 26
21
22 21
22 42
22 24
22 49
22 15
22 30
22 18
22 41
22 35
22 9
22 14
22 38
22 29
22 3
22 23
22 28
22 31
22 33
22 39
22 37
22 10
22
23 45
23 47
23 10
23 39
23 2
23 35
23 3
23 49
23 46
23 4
23 37
23 31
23 14
23 6
23 17
23 28
23 19
23 32
23 7
23 5
23 18
23 9
11
24 21
24 14
24 5
24 34
24 6
24 15
24 23
24 48
24 8
24 33
24 49
21
25 35
25 46
25 43
25 45
25 21
25 10
25 14
25 29
25 6
25 13
25 2
25 22
25 37
25 36
25 33
25 34
25 44
25 42
25 5
25 11
25 41
21
26 10
26 46
26 29
26 44
26 45
26 24
26 8
26 25
26 36
26 28
26 23
26 18
26 13
26 38
26 30
26 17
26 2
26 15
26 22
26 16
26 1
23
27 15
27 29
27 17
27 36
27 48
27 23
27 7
27 45
27 20
27 1
27 2
27 19
27 6
27 31
27 11
27 10
27 22
27 26
27 30
27 40
27 34
27 13
27 8
16
28 41
28 14
28 4
28 20
28 30
28 47
28 19
28 49
28 35
28 12
28 3
28 8
28 7
28 5
28 31
28 2
18
29 12
29 44
29 13
29 3
29 43
29 45
29 24
29 17
29 35
29 42
29 28
29 7
29 9
29 37
29 20
29 32
29 33
29 23
20
30 38
30 18
30 48
30 20
30 39
30 24
30 8
30 10
30 15
30 29
30 1
30 6
30 23
30 13
30 41
30 5
30 43
30 16
30 36
30 3
24
31 7
31 30
31 41
31 32
31 21
31 12
31 47
31 45
31 14
31 17
31 10
31 9
31 19
31 25
31 2
31 33
31 1
31 15
31 35
31 18
31 11
31 5
31 26
31 16
19
32 26
32 38
32 27
32 25
32 35
32 21
32 46
32 37
32 2
32 14
32 19
32 39
32 49
32 5
32 18
32 11
32 47
32 24
32 22
19
33 38
33 28
33 18
33 32
33 3
33 5
33 23
33 35
33 15
33 11
33 30
33 26
33 44
33 13
33 21
33 41
33 9
33 40
33 4
16
34 13
34 37
34 38
34 43
34 17
34 41
34 15
34 28
34 44
34 40
34 23
34 14
34 29
34 26
34 32
34 31
20
35 26
35 30
35 10
35 24
35 45
35 44
35 27
35 16
35 5
35 9
35 12
35 11
35 14
35 48
35 34
35 6
35 41
35 42
35 20
35 36
21
36 19
36 41
36 15
36 1
36 29
36 21
36 31
36 47
36 12
36 45
36 2
36 24
36 8
36 23
36 33
36 22
36 49
36 44
36 43
36 42
36 34
26
37 35
37 17
37 31
37 11
37 18
37 6
37 49
37 14
37 4
37 28
37 2
37 33
37 38
37 5
37 44
37 1
37 30
37 40
37 26
37 36
37 0
37 21
37 46
37 27
37 19
37 7
20
38 47
38 31
38 40
38 6
38 25
38 29
38 10
38 49
38 17
38 27
38 18
38 24
38 12
38 23
38 39
38 42
38 46
38 28
38 21
38 3
12
39 27
39 35
39 17
39 40
39 37
39 21
39 42
39 31
39 29
39 4
39 13
39 25
25
40 41
40 15
40 5
40 16
40 26
40 21
40 10
40 30
40 12
40 18
40 47
40 35
40 3
40 25
40 36
40 0
40 31
40 8
40 13
40 44
40 22
40 11
40 7
40 24
40 20
23
41 10
41 15
41 1
41 2
41 6
41 11
41 12
41 18
41 17
41 47
41 26
41 49
41 39
41 23
41 32
41 24
41 46
41 37
41 38
41 5
41 3
41 19
41 21
18
42 23
42 4
42 27
42 31
42 41
42 11
42 32
42 34
42 18
42 47
42 7
42 49
42 43
42 44
42 2
42 3
42 28
42 37
18
43 38
43 9
43 1
43 45
43 13
43 32
43 17
43 28
43 40
43 0
43 11
43 41
43 3
43 4
43 33
43 35
43 21
43 24
18
44 32
44 24
44 30
44 38
44 46
44 9
44 28
44 6
44 15
44 43
44 49
44 8
44 19
44 12
44 22
44 47
44 39
44 41
19
45 19
45 42
45 21
45 40
45 28
45 38
45 18
45 16
45 33
45 44
45 32
45 10
45 4
45 30
45 11
45 17
45 37
45 6
45 22
21
46 5
46 36
46 16
46 17
46 3
46 29
46 31
46 34
46 22
46 14
46 35
46 47
46 9
46 11
46 13
46 20
46 39
46 48
46 33
46 40
46 45
15
47 11
47 9
47 13
47 43
47 17
47 30
47 25
47 48
47 22
47 16
47 19
47 27
47 10
47 14
47 37
25
48 11
48 31
48 0
48 6
48 32
48 4
48 42
48 36
48 22
48 21
48 14
48 43
48 25
48 29
48 39
48 8
48 33
48 45
48 13
48 17
48 49
48 23
48 26
48 28
48 37
20
49 10
49 29
49 35
49 31
49 1
49 27
49 7
49 39
49 34
49 43
49 26
49 2
49 3
49 33
49 40
49 16
49 4
49 17
49 46
49 30
