50
0 "A44"
1 "A16"
2 "A29"
3 "A32"
4 "A43"
5 "A10"
6 "A12"
7 "A15"
8 "A22"
9 "A5"
10 "A46"
11 "A18"
12 "A47"
13 "A23"
14 "A48"
15 "A6"
16 "A11"
17 "A40"
18 "A19"
19 "A37"
20 "A14"
21 "A35"
22 "A0"
23 "A21"
24 "A3"
25 "A31"
26 "A49"
27 "A34"
28 "A9"
29 "A38"
30 "A30"
31 "A7"
32 "A24"
33 "A45"
34 "A41"
35 "A36"
36 "A42"
37 "A33"
38 "A26"
39 "A2"
40 "A27"
41 "A28"
42 "A25"
43 "A39"
44 "A8"
45 "A20"
46 "A17"
47 "A4"
48 "A13"
49 "A1"
22
0 36
0 7
0 8
0 31
0 9
0 34
0 13
0 48
0 30
0 40
0 27
0 20
0 24
0 38
0 28
0 15
0 42
0 11
0 41
0 37
0 23
0 26
22
1 19
1 38
1 20
1 13
1 23
1 25
1 29
1 46
1 3
1 24
1 28
1 15
1 17
1 31
1 40
1 9
1 14
1 42
1 36
1 22
1 26
1 44
21
2 27
2 23
2 1
2 18
2 30
2 21
2 36
2 19
2 14
2 5
2 42
2 33
2 3
2 31
2 24
2 29
2 0
2 45
2 38
2 35
2 40
15
3 33
3 43
3 11
3 29
3 16
3 30
3 42
3 5
3 24
3 22
3 32
3 44
3 0
3 46
3 37
19
4 31
4 13
4 23
4 46
4 0
4 27
4 45
4 28
4 35
4 44
4 39
4 48
4 11
4 34
4 10
4 22
4 9
4 1
4 33
20
5 25
5 41
5 49
5 13
5 11
5 46
5 21
5 34
5 37
5 31
5 14
5 43
5 1
5 0
5 10
5 6
5 32
5 45
5 28
5 42
22
6 25
6 27
6 33
6 7
6 17
6 13
6 9
6 36
6 40
6 14
6 22
6 49
6 29
6 42
6 24
6 20
6 3
6 30
6 8
6 46
6 32
6 2
21
7 41
7 24
7 48
7 40
7 9
7 44
7 32
7 2
7 16
7 20
7 31
7 3
7 42
7 35
7 8
7 26
7 19
7 14
7 11
7 38
7 45
19
8 11
8 18
8 3
8 2
8 14
8 46
8 30
8 27
8 45
8 41
8 28
8 31
8 13
8 5
8 39
8 19
8 9
8 1
8 33
16
9 48
9 25
9 10
9 42
9 19
9 16
9 17
9 40
9 36
9 37
9 22
9 11
9 46
9 18
9 21
9 14
27
10 7
10 6
10 47
10 39
10 16
10 45
10 11
10 18
10 36
10 2
10 1
10 40
10 28
10 25
10 29
10 46
10 32
10 22
10 21
10 14
10 3
10 49
10 34
10 48
10 26
10 43
10 30
20
11 49
11 37
11 25
11 15
11 47
11 33
11 22
11 35
11 13
11 12
11 1
11 36
11 40
11 20
11 41
11 27
11 18
11 39
11 38
11 2
28
12 38
12 21
12 22
12 40
12 33
12 31
12 25
12 3
12 8
12 19
12 42
12 37
12 45
12 47
12 39
12 1
12 23
12 7
12 2
12 43
12 34
12 32
12 9
12 26
12 5
12 18
12 29
12 10
20
13 21
13 15
13 16
13 31
13 44
13 2
13 24
13 41
13 39
13 32
13 25
13 7
13 26
13 29
13 18
13 35
13 10
13 43
13 27
13 33
24
14 35
14 0
14 47
14 4
14 32
14 42
14 20
14 48
14 22
14 28
14 15
14 27
14 19
14 45
14 26
14 12
14 41
14 29
14 33
14 44
14 38
14 11
14 13
14 30
21
15 45
15 4
15 20
15 9
15 46
15 34
15 26
15 16
15 3
15 33
15 29
15 19
15 36
15 31
15 8
15 28
15 40
15 6
15 2
15 47
15 27
21
16 39
16 2
16 20
16 29
16 35
16 33
16 34
16 14
16 41
16 11
16 38
16 6
16 43
16 48
16 47
16 17
16 37
16 12
16 5
16 8
16 26
22
17 37
17 38
17 11
17 27
17 12
17 42
17 2
17 7
17 45
17 0
17 33
17 49
17 34
17 31
17 43
17 18
17 20
17 29
17 15
17 14
17 46
17 41
18
18 31
18 40
18 14
18 47
18 3
18 30
18 4
18 1
18 27
18 39
18 48
18 19
18 34
18 36
18 42
18 49
18 33
18 7
19
19 20
19 32
19 11
19 34
19 16
19 21
19 6
19 10
19 24
19 39
19 17
19 29
19 0
19 13
19 5
19 40
19 49
19 45
19 4
18
20 29
20 25
20 8
20 39
20 5
20 46
20 4
20 10
20 21
20 38
20 26
20 48
20 23
20 40
20 3
20 35
20 44
20 36
21
21 41
21 3
21 24
21 42
21 37
21 35
21 30
21 38
21 11
21 39
21 0
21 17
21 18
21 34
21 26
21 14
21 32
21 29
21 4
21 28
21 15
18
22 27
22 26
22 23
22 20
22 8
22 16
22 0
22 32
22 21
22 48
22 44
22 47
22 17
22 15
22 19
22 29
22 13
22 43
22
23 10
23 15
23 41
23 14
23 45
23 17
23 27
23 9
23 46
23 38
23 8
23 44
23 36
23 19
23 35
23 6
23 40
23 33
23 16
23 11
23 30
23 37
19
24 30
24 12
24 18
24 9
24 43
24 20
24 14
24 29
24 32
24 45
24 34
24 10
24 39
24 15
24 5
24 41
24 23
24 31
24 49
22
25 7
25 29
25 0
25 22
25 19
25 46
25 34
25 16
25 15
25 42
25 26
25 2
25 8
25 37
25 4
25 3
25 24
25 41
25 23
25 44
25 17
25 47
14
26 47
26 27
26 11
26 3
26 45
26 6
26 24
26 9
26 30
26 44
26 4
26 23
26 5
26 40
18
27 39
27 25
27 19
27 3
27 46
27 49
27 12
27 31
27 24
27 7
27 20
27 33
27 9
27 44
27 10
27 1
27 16
27 35
17
28 27
28 2
28 19
28 3
28 34
28 35
28 20
28 7
28 25
28 42
28 48
28 22
28 6
28 23
28 46
28 36
28 26
17
29 8
29 33
29 27
29 31
29 18
29 28
29 45
29 11
29 48
29 5
29 26
29 4
29 32
29 23
29 0
29 36
29 34
19
30 40
30 43
30 27
30 34
30 1
30 5
30 19
30 46
30 25
30 4
30 11
30 32
30 7
30 15
30 13
30 49
30 20
30 48
30 12
18
31 26
31 39
31 45
31 9
31 11
31 47
31 28
31 23
31 19
31 10
31 14
31 37
31 40
31 25
31 30
31 22
31 49
31 21
17
32 28
32 42
32 36
32 25
32 40
32 11
32 31
32 2
32 39
32 23
32 4
32 47
32 8
32 49
32 9
32 48
32 18
18
33 41
33 20
33 45
33 44
33 43
33 48
33 34
33 22
33 5
33 47
33 31
33 26
33 1
33 9
33 0
33 36
33 35
33 32
15
34 44
34 39
34 3
34 13
34 6
34 31
34 20
34 47
34 46
34 37
34 2
34 27
34 23
34 49
34 32
20
35 19
35 37
35 41
35 25
35 6
35 30
35 46
35 47
35 24
35 18
35 26
35 36
35 32
35 31
35 15
35 1
35 22
35 12
35 17
35 0
22
36 22
36 43
36 16
36 42
36 14
36 19
36 48
36 31
36 27
36 26
36 46
36 12
36 37
36 41
36 21
36 49
36 3
36 13
36 34
36 39
36 24
36 40
20
37 38
37 24
37 20
37 40
37 30
37 14
37 2
37 32
37 7
37 13
37 18
37 44
37 28
37 4
37 33
37 29
37 10
37 6
37 43
37 19
20
38 49
38 3
38 26
38 5
38 19
38 36
38 24
38 30
38 15
38 6
38 13
38 8
38 45
38 25
38 28
38 34
38 18
38 35
38 22
38 41
20
39 14
39 2
39 22
39 6
39 46
39 44
39 0
39 38
39 48
39 35
39 23
39 15
39 28
39 49
39 33
39 42
39 47
39 5
39 29
39 26
17
40 3
40 35
40 42
40 43
40 44
40 25
40 5
40 28
40 13
40 47
40 14
40 41
40 27
40 24
40 29
40 45
40 16
10
41 22
41 29
41 48
41 15
41 30
41 2
41 9
41 4
41 31
41 28
18
42 22
42 41
42 29
42 33
42 4
42 37
42 38
42 23
42 35
42 47
42 48
42 31
42 34
42 19
42 49
42 16
42 11
42 10
20
43 0
43 34
43 42
43 31
43 28
43 8
43 21
43 2
43 23
43 19
43 20
43 27
43 49
43 4
43 29
43 7
43 14
43 32
43 6
43 9
22
44 8
44 6
44 28
44 45
44 18
44 41
44 21
44 29
44 10
44 19
44 24
44 12
44 5
44 16
44 47
44 42
44 35
44 31
44 32
44 38
44 17
44 46
19
45 25
45 11
45 41
45 37
45 42
45 30
45 1
45 21
45 0
45 27
45 13
45 20
45 35
45 6
45 18
45 28
45 3
45 32
45 34
19
46 13
46 37
46 29
46 41
46 7
46 40
46 22
46 32
46 0
46 11
46 42
46 45
46 14
46 31
46 48
46 38
46 18
46 21
46 2
22
47 20
47 8
47 5
47 48
47 2
47 24
47 23
47 46
47 19
47 27
47 0
47 17
47 30
47 3
47 9
47 28
47 29
47 38
47 21
47 6
47 45
47 36
19
48 11
48 21
48 8
48 31
48 13
48 5
48 19
48 43
48 34
48 38
48 12
48 25
48 15
48 37
48 26
48 6
48 1
48 17
48 35
22
49 28
49 37
49 26
49 48
49 40
49 22
49 0
49 7
49 33
49 8
49 14
49 47
49 3
49 45
49 25
49 12
49 41
49 44
49 9
49 23
49 35
49 29
