50
0 "A44"
1 "A16"
2 "A29"
3 "A32"
4 "A43"
5 "A10"
6 "A12"
7 "A15"
8 "A22"
9 "A5"
10 "A46"
11 "A18"
12 "A47"
13 "A23"
14 "A48"
15 "A6"
16 "A11"
17 "A40"
18 "A19"
19 "A37"
20 "A14"
21 "A35"
22 "A0"
23 "A21"
24 "A3"
25 "A31"
26 "A49"
27 "A34"
28 "A9"
29 "A38"
30 "A30"
31 "A7"
32 "A24"
33 "A45"
34 "A41"
35 "A36"
36 "A42"
37 "A33"
38 "A26"
39 "A2"
40 "A27"
41 "A28"
42 "A25"
43 "A39"
44 "A8"
45 "A20"
46 "A17"
47 "A4"
48 "A13"
49 "A1"
23
0 26
0 23
0 15
0 41
0 20
0 32
0 24
0 9
0 12
0 18
0 1
0 28
0 46
0 21
0 11
0 13
0 34
0 4
0 8
0 44
0 35
0 42
0 16
20
1 38
1 20
1 9
1 11
1 23
1 17
1 25
1 13
1 45
1 26
1 41
1 43
1 39
1 30
1 29
1 3
1 22
1 48
1 44
1 16
18
2 27
2 1
2 18
2 31
2 24
2 4
2 23
2 9
2 48
2 37
2 12
2 19
2 0
2 32
2 6
2 42
2 35
2 38
19
3 49
3 22
3 30
3 9
3 19
3 37
3 27
3 13
3 41
3 6
3 10
3 12
3 29
3 33
3 42
3 11
3 38
3 39
3 44
21
4 23
4 9
4 21
4 8
4 1
4 22
4 31
4 38
4 11
4 27
4 39
4 15
4 29
4 46
4 34
4 35
4 20
4 12
4 45
4 10
4 19
22
5 37
5 23
5 42
5 21
5 2
5 45
5 4
5 32
5 33
5 31
5 12
5 20
5 29
5 39
5 0
5 15
5 48
5 46
5 1
5 25
5 44
5 3
20
6 0
6 36
6 8
6 25
6 7
6 33
6 32
6 16
6 12
6 17
6 19
6 5
6 18
6 27
6 11
6 37
6 40
6 31
6 47
6 49
24
7 11
7 33
7 15
7 37
7 2
7 13
7 24
7 17
7 18
7 25
7 12
7 34
7 32
7 3
7 19
7 31
7 29
7 22
7 4
7 21
7 40
7 5
7 28
7 16
17
8 16
8 24
8 7
8 45
8 40
8 47
8 13
8 38
8 39
8 18
8 34
8 2
8 15
8 42
8 44
8 46
8 36
18
9 13
9 25
9 44
9 5
9 16
9 8
9 49
9 43
9 26
9 23
9 34
9 6
9 19
9 21
9 36
9 32
9 28
9 7
24
10 23
10 42
10 39
10 24
10 17
10 14
10 7
10 43
10 11
10 0
10 44
10 37
10 26
10 36
10 29
10 32
10 12
10 47
10 27
10 1
10 5
10 13
10 8
10 46
16
11 35
11 9
11 29
11 47
11 16
11 37
11 36
11 41
11 27
11 14
11 31
11 42
11 23
11 45
11 43
11 8
18
12 20
12 22
12 11
12 1
12 29
12 39
12 25
12 23
12 37
12 17
12 8
12 46
12 9
12 43
12 33
12 47
12 27
12 28
21
13 38
13 39
13 18
13 29
13 20
13 6
13 27
13 28
13 11
13 22
13 16
13 35
13 48
13 15
13 12
13 49
13 43
13 23
13 5
13 33
13 4
20
14 37
14 4
14 0
14 44
14 3
14 7
14 47
14 12
14 2
14 19
14 24
14 1
14 15
14 13
14 27
14 43
14 40
14 49
14 41
14 34
15
15 2
15 46
15 3
15 12
15 1
15 36
15 32
15 35
15 23
15 28
15 40
15 27
15 44
15 41
15 38
27
16 37
16 10
16 26
16 3
16 41
16 20
16 24
16 48
16 5
16 14
16 28
16 15
16 31
16 2
16 34
16 47
16 19
16 33
16 42
16 43
16 12
16 49
16 22
16 40
16 18
16 29
16 38
21
17 46
17 48
17 45
17 8
17 9
17 4
17 27
17 13
17 33
17 43
17 14
17 38
17 37
17 35
17 11
17 34
17 21
17 0
17 29
17 41
17 26
19
18 49
18 14
18 46
18 36
18 40
18 11
18 12
18 43
18 4
18 1
18 9
18 44
18 24
18 45
18 17
18 5
18 3
18 37
18 22
21
19 35
19 28
19 0
19 36
19 26
19 10
19 39
19 18
19 24
19 32
19 45
19 1
19 5
19 33
19 40
19 11
19 37
19 15
19 43
19 31
19 38
22
20 8
20 44
20 37
20 46
20 35
20 17
20 25
20 9
20 39
20 11
20 32
20 15
20 19
20 49
20 21
20 10
20 48
20 27
20 7
20 24
20 33
20 6
25
21 49
21 19
21 35
21 14
21 33
21 30
21 3
21 15
21 42
21 39
21 31
21 18
21 38
21 46
21 16
21 10
21 29
21 40
21 6
21 25
21 12
21 48
21 32
21 13
21 1
24
22 15
22 0
22 43
22 8
22 41
22 2
22 14
22 47
22 29
22 25
22 45
22 23
22 20
22 33
22 42
22 34
22 11
22 5
22 21
22 19
22 46
22 44
22 26
22 38
18
23 3
23 39
23 16
23 35
23 31
23 7
23 6
23 19
23 27
23 49
23 14
23 37
23 41
23 42
23 38
23 20
23 18
23 28
22
24 13
24 48
24 21
24 29
24 30
24 9
24 11
24 49
24 15
24 3
24 39
24 34
24 45
24 6
24 36
24 27
24 46
24 4
24 5
24 23
24 32
24 28
23
25 41
25 47
25 49
25 16
25 3
25 46
25 44
25 2
25 43
25 8
25 19
25 4
25 33
25 0
25 17
25 35
25 23
25 34
25 18
25 13
25 32
25 24
25 39
22
26 4
26 49
26 28
26 35
26 8
26 25
26 43
26 14
26 23
26 45
26 21
26 6
26 5
26 39
26 24
26 11
26 18
26 13
26 7
26 15
26 3
26 34
19
27 8
27 18
27 25
27 9
27 35
27 36
27 26
27 38
27 37
27 21
27 0
27 42
27 46
27 44
27 33
27 45
27 43
27 19
27 22
16
28 18
28 21
28 17
28 46
28 48
28 5
28 6
28 25
28 2
28 35
28 31
28 38
28 4
28 42
28 20
28 3
18
29 28
29 47
29 48
29 20
29 44
29 32
29 45
29 0
29 46
29 31
29 15
29 6
29 9
29 33
29 37
29 23
29 42
29 26
24
30 14
30 13
30 25
30 6
30 15
30 22
30 28
30 26
30 46
30 5
30 0
30 33
30 19
30 41
30 32
30 4
30 8
30 23
30 49
30 31
30 38
30 47
30 27
30 16
19
31 15
31 43
31 13
31 22
31 39
31 8
31 49
31 27
31 10
31 25
31 24
31 37
31 18
31 20
31 17
31 26
31 14
31 1
31 48
14
32 17
32 34
32 43
32 16
32 4
32 28
32 8
32 14
32 33
32 31
32 23
32 22
32 46
32 41
21
33 36
33 44
33 40
33 28
33 1
33 46
33 23
33 43
33 47
33 34
33 4
33 8
33 24
33 31
33 15
33 39
33 14
33 26
33 42
33 35
33 18
14
34 21
34 20
34 3
34 49
34 29
34 31
34 15
34 12
34 35
34 30
34 23
34 28
34 27
34 2
16
35 6
35 39
35 32
35 5
35 12
35 1
35 3
35 14
35 40
35 9
35 45
35 37
35 16
35 31
35 42
35 41
19
36 30
36 12
36 35
36 16
36 43
36 1
36 4
36 40
36 13
36 49
36 17
36 21
36 0
36 26
36 2
36 45
36 42
36 5
36 28
20
37 8
37 15
37 45
37 21
37 22
37 24
37 26
37 33
37 4
37 32
37 49
37 43
37 9
37 39
37 36
37 38
37 48
37 47
37 41
37 25
11
38 11
38 24
38 5
38 12
38 6
38 26
38 29
38 36
38 48
38 49
38 0
17
39 22
39 30
39 34
39 0
39 44
39 9
39 47
39 43
39 11
39 29
39 40
39 15
39 32
39 6
39 38
39 45
39 14
22
40 9
40 11
40 26
40 2
40 30
40 27
40 1
40 12
40 29
40 22
40 49
40 31
40 44
40 17
40 13
40 25
40 4
40 32
40 37
40 3
40 0
40 45
19
41 18
41 47
41 43
41 38
41 9
41 48
41 28
41 4
41 49
41 12
41 7
41 21
41 40
41 6
41 29
41 5
41 45
41 13
41 24
22
42 47
42 26
42 19
42 20
42 25
42 17
42 48
42 34
42 44
42 30
42 18
42 9
42 13
42 1
42 14
42 38
42 46
42 12
42 37
42 6
42 39
42 49
18
43 29
43 8
43 5
43 38
43 0
43 45
43 46
43 49
43 30
43 2
43 23
43 7
43 40
43 21
43 3
43 34
43 20
43 15
18
44 7
44 35
44 36
44 4
44 34
44 43
44 31
44 6
44 32
44 26
44 45
44 17
44 23
44 16
44 12
44 37
44 30
44 41
20
45 32
45 7
45 13
45 12
45 14
45 49
45 38
45 0
45 6
45 46
45 23
45 30
45 16
45 2
45 25
45 34
45 48
45 42
45 21
45 31
14
46 13
46 14
46 37
46 38
46 35
46 34
46 3
46 11
46 36
46 23
46 6
46 39
46 7
46 44
20
47 21
47 3
47 17
47 45
47 0
47 43
47 24
47 7
47 31
47 46
47 20
47 2
47 4
47 32
47 18
47 5
47 35
47 23
47 28
47 15
20
48 47
48 11
48 12
48 8
48 22
48 44
48 4
48 19
48 0
48 6
48 25
48 40
48 15
48 43
48 39
48 9
48 10
48 35
48 30
48 32
19
49 7
49 48
49 8
49 1
49 19
49 28
49 11
49 2
49 15
49 35
49 47
49 12
49 0
49 10
49 46
49 29
49 4
49 17
49 44
