50
0 "A43"
1 "A2"
2 "A31"
3 "A29"
4 "A36"
5 "A14"
6 "A10"
7 "A39"
8 "A21"
9 "A0"
10 "A24"
11 "A30"
12 "A15"
13 "A26"
14 "A8"
15 "A32"
16 "A47"
17 "A20"
18 "A40"
19 "A3"
20 "A13"
21 "A16"
22 "A48"
23 "A35"
24 "A23"
25 "A17"
26 "A5"
27 "A11"
28 "A28"
29 "A44"
30 "A49"
31 "A27"
32 "A42"
33 "A22"
34 "A38"
35 "A6"
36 "A9"
37 "A18"
38 "A25"
39 "A46"
40 "A41"
41 "A37"
42 "A34"
43 "A33"
44 "A4"
45 "A1"
46 "A45"
47 "A7"
48 "A12"
49 "A19"
24
0 33
0 35
0 19
0 13
0 14
0 43
0 42
0 31
0 18
0 36
0 15
0 17
0 2
0 30
0 24
0 27
0 16
0 6
0 25
0 49
0 3
0 34
0 8
0 9
20
1 30
1 17
1 29
1 45
1 14
1 11
1 39
1 19
1 34
1 22
1 15
1 47
1 5
1 38
1 41
1 44
1 7
1 27
1 4
1 37
23
2 22
2 25
2 38
2 3
2 16
2 4
2 36
2 35
2 46
2 13
2 44
2 6
2 27
2 26
2 7
2 30
2 8
2 33
2 31
2 12
2 37
2 40
2 29
18
3 6
3 28
3 11
3 16
3 35
3 1
3 26
3 12
3 8
3 43
3 9
3 38
3 32
3 17
3 48
3 15
3 29
3 34
23
4 48
4 45
4 33
4 32
4 39
4 47
4 40
4 25
4 9
4 38
4 18
4 42
4 17
4 10
4 44
4 14
4 27
4 28
4 11
4 16
4 24
4 0
4 34
21
5 21
5 44
5 14
5 28
5 11
5 26
5 38
5 40
5 49
5 48
5 32
5 31
5 23
5 17
5 7
5 29
5 0
5 16
5 43
5 19
5 25
17
6 5
6 7
6 37
6 32
6 46
6 11
6 36
6 4
6 9
6 45
6 16
6 48
6 44
6 24
6 43
6 31
6 12
24
7 16
7 9
7 3
7 21
7 13
7 38
7 35
7 39
7 10
7 22
7 43
7 18
7 14
7 25
7 26
7 34
7 40
7 46
7 11
7 45
7 30
7 42
7 15
7 33
20
8 5
8 49
8 27
8 14
8 39
8 1
8 26
8 41
8 46
8 30
8 29
8 31
8 6
8 32
8 43
8 33
8 15
8 36
8 28
8 21
18
9 8
9 2
9 30
9 14
9 18
9 10
9 38
9 36
9 20
9 17
9 22
9 1
9 23
9 26
9 15
9 43
9 16
9 25
19
10 27
10 3
10 44
10 17
10 6
10 13
10 23
10 29
10 1
10 45
10 49
10 40
10 34
10 8
10 43
10 38
10 2
10 12
10 48
18
11 10
11 42
11 0
11 31
11 15
11 29
11 37
11 40
11 25
11 8
11 26
11 9
11 33
11 35
11 30
11 48
11 17
11 12
17
12 7
12 1
12 0
12 49
12 42
12 44
12 36
12 16
12 34
12 24
12 5
12 9
12 22
12 14
12 47
12 43
12 13
24
13 18
13 1
13 24
13 41
13 8
13 29
13 45
13 40
13 21
13 46
13 9
13 36
13 15
13 31
13 3
13 38
13 16
13 35
13 37
13 23
13 43
13 26
13 6
13 22
17
14 38
14 15
14 46
14 47
14 31
14 45
14 10
14 25
14 26
14 27
14 41
14 22
14 3
14 44
14 23
14 19
14 21
13
15 43
15 2
15 5
15 6
15 35
15 4
15 42
15 24
15 26
15 19
15 36
15 34
15 16
17
16 30
16 27
16 19
16 49
16 33
16 25
16 1
16 8
16 18
16 42
16 10
16 36
16 41
16 38
16 44
16 11
16 21
14
17 47
17 31
17 20
17 12
17 15
17 46
17 13
17 19
17 8
17 36
17 2
17 33
17 24
17 29
18
18 43
18 10
18 31
18 3
18 34
18 11
18 15
18 29
18 12
18 45
18 5
18 30
18 47
18 37
18 48
18 6
18 27
18 49
18
19 7
19 42
19 23
19 9
19 2
19 45
19 40
19 3
19 31
19 10
19 8
19 27
19 38
19 33
19 37
19 44
19 6
19 43
17
20 5
20 27
20 0
20 8
20 10
20 47
20 49
20 12
20 6
20 36
20 18
20 16
20 14
20 39
20 19
20 15
20 26
23
21 2
21 0
21 34
21 35
21 9
21 26
21 20
21 18
21 38
21 4
21 45
21 47
21 33
21 25
21 36
21 37
21 10
21 46
21 42
21 39
21 17
21 1
21 19
23
22 39
22 4
22 30
22 16
22 0
22 18
22 23
22 3
22 6
22 5
22 11
22 41
22 25
22 10
22 17
22 44
22 35
22 29
22 37
22 19
22 42
22 24
22 31
20
23 47
23 24
23 7
23 49
23 6
23 45
23 21
23 41
23 33
23 28
23 1
23 30
23 18
23 39
23 20
23 34
23 0
23 17
23 3
23 32
20
24 32
24 18
24 29
24 3
24 34
24 20
24 19
24 5
24 10
24 8
24 27
24 47
24 11
24 21
24 49
24 45
24 35
24 25
24 1
24 41
22
25 37
25 23
25 35
25 8
25 41
25 36
25 15
25 17
25 32
25 43
25 40
25 42
25 3
25 30
25 10
25 33
25 19
25 6
25 47
25 31
25 18
25 44
15
26 19
26 33
26 16
26 35
26 24
26 32
26 37
26 6
26 27
26 10
26 25
26 31
26 4
26 17
26 12
15
27 38
27 34
27 12
27 22
27 5
27 37
27 42
27 40
27 21
27 6
27 28
27 39
27 17
27 15
27 45
26
28 11
28 9
28 24
28 26
28 19
28 36
28 25
28 12
28 18
28 14
28 30
28 38
28 21
28 2
28 49
28 10
28 22
28 34
28 32
28 0
28 45
28 47
28 1
28 15
28 6
28 7
22
29 0
29 31
29 42
29 21
29 39
29 20
29 9
29 38
29 14
29 30
29 35
29 23
29 25
29 16
29 15
29 19
29 7
29 40
29 46
29 27
29 32
29 34
15
30 5
30 38
30 34
30 10
30 35
30 14
30 46
30 27
30 24
30 48
30 26
30 3
30 37
30 45
30 13
18
31 45
31 42
31 32
31 43
31 34
31 23
31 24
31 27
31 20
31 47
31 21
31 49
31 33
31 1
31 46
31 16
31 4
31 7
17
32 16
32 13
32 43
32 20
32 46
32 18
32 17
32 47
32 12
32 0
32 1
32 14
32 30
32 7
32 10
32 27
32 38
19
33 6
33 14
33 15
33 20
33 3
33 5
33 41
33 40
33 47
33 13
33 1
33 27
33 36
33 32
33 28
33 29
33 22
33 24
33 18
18
34 11
34 26
34 13
34 36
34 41
34 44
34 47
34 32
34 22
34 9
34 16
34 20
34 19
34 2
34 14
34 40
34 5
34 8
21
35 14
35 12
35 28
35 23
35 19
35 39
35 44
35 46
35 6
35 10
35 20
35 33
35 40
35 32
35 34
35 27
35 31
35 47
35 1
35 16
35 48
20
36 4
36 29
36 1
36 19
36 30
36 3
36 18
36 23
36 7
36 5
36 47
36 44
36 37
36 14
36 11
36 45
36 46
36 39
36 32
36 38
22
37 14
37 31
37 43
37 3
37 28
37 38
37 24
37 7
37 0
37 23
37 47
37 29
37 16
37 49
37 8
37 32
37 10
37 17
37 4
37 44
37 35
37 34
17
38 45
38 47
38 42
38 25
38 22
38 12
38 15
38 48
38 34
38 49
38 17
38 18
38 6
38 43
38 39
38 23
38 24
20
39 0
39 32
39 14
39 12
39 6
39 34
39 43
39 31
39 18
39 46
39 15
39 37
39 25
39 30
39 41
39 17
39 5
39 26
39 10
39 11
16
40 8
40 30
40 31
40 3
40 39
40 45
40 21
40 22
40 42
40 24
40 43
40 36
40 14
40 46
40 15
40 9
23
41 19
41 35
41 45
41 18
41 21
41 7
41 30
41 12
41 4
41 6
41 20
41 46
41 11
41 5
41 37
41 32
41 31
41 15
41 47
41 40
41 44
41 28
41 10
26
42 35
42 20
42 3
42 18
42 6
42 30
42 41
42 33
42 23
42 44
42 5
42 14
42 45
42 48
42 26
42 24
42 8
42 28
42 2
42 13
42 34
42 10
42 49
42 9
42 1
42 32
17
43 35
43 27
43 33
43 23
43 34
43 1
43 42
43 24
43 41
43 47
43 11
43 29
43 36
43 21
43 48
43 4
43 26
18
44 26
44 18
44 8
44 39
44 23
44 29
44 17
44 28
44 7
44 20
44 21
44 15
44 3
44 43
44 27
44 33
44 0
44 38
25
45 3
45 12
45 2
45 33
45 11
45 17
45 39
45 48
45 34
45 15
45 49
45 25
45 47
45 9
45 35
45 46
45 26
45 44
45 22
45 8
45 29
45 5
45 16
45 0
45 43
19
46 27
46 37
46 24
46 19
46 42
46 23
46 3
46 33
46 25
46 22
46 38
46 43
46 18
46 16
46 28
46 11
46 5
46 4
46 10
17
47 0
47 6
47 30
47 44
47 29
47 42
47 7
47 26
47 8
47 11
47 40
47 19
47 13
47 5
47 22
47 46
47 10
23
48 1
48 47
48 14
48 26
48 33
48 20
48 25
48 16
48 46
48 41
48 34
48 7
48 2
48 8
48 40
48 9
48 24
48 39
48 12
48 29
48 13
48 0
48 44
23
49 40
49 2
49 47
49 9
49 33
49 19
49 32
49 29
49 39
49 1
49 15
49 17
49 41
49 7
49 11
49 27
49 21
49 44
49 13
49 46
49 36
49 26
49 22
