50
0 "A31"
1 "A28"
2 "A4"
3 "A45"
4 "A41"
5 "A32"
6 "A46"
7 "A34"
8 "A10"
9 "A3"
10 "A17"
11 "A44"
12 "A20"
13 "A36"
14 "A6"
15 "A1"
16 "A40"
17 "A49"
18 "A19"
19 "A24"
20 "A23"
21 "A35"
22 "A47"
23 "A14"
24 "A30"
25 "A13"
26 "A18"
27 "A48"
28 "A15"
29 "A5"
30 "A9"
31 "A7"
32 "A0"
33 "A25"
34 "A29"
35 "A38"
36 "A8"
37 "A37"
38 "A2"
39 "A39"
40 "A42"
41 "A33"
42 "A27"
43 "A12"
44 "A43"
45 "A11"
46 "A16"
47 "A22"
48 "A26"
49 "A21"
19
0 5
0 16
0 43
0 21
0 37
0 1
0 41
0 48
0 20
0 14
0 29
0 6
0 38
0 35
0 26
0 3
0 19
0 2
0 23
15
1 25
1 20
1 14
1 4
1 18
1 8
1 15
1 22
1 46
1 33
1 13
1 35
1 49
1 6
1 28
16
2 3
2 21
2 30
2 22
2 40
2 34
2 23
2 31
2 49
2 6
2 36
2 43
2 1
2 17
2 18
2 16
24
3 47
3 39
3 10
3 33
3 4
3 11
3 45
3 14
3 28
3 5
3 20
3 34
3 13
3 24
3 27
3 22
3 1
3 46
3 42
3 31
3 25
3 43
3 7
3 41
25
4 23
4 13
4 41
4 39
4 28
4 24
4 46
4 30
4 43
4 31
4 25
4 19
4 10
4 5
4 45
4 21
4 8
4 34
4 0
4 20
4 14
4 12
4 11
4 47
4 38
19
5 15
5 27
5 28
5 26
5 19
5 29
5 14
5 43
5 21
5 23
5 38
5 39
5 11
5 2
5 49
5 18
5 16
5 20
5 40
24
6 45
6 4
6 38
6 32
6 19
6 46
6 12
6 15
6 14
6 20
6 43
6 48
6 3
6 42
6 47
6 26
6 37
6 7
6 25
6 28
6 5
6 24
6 10
6 29
21
7 29
7 24
7 9
7 20
7 37
7 34
7 1
7 16
7 36
7 4
7 32
7 26
7 5
7 19
7 42
7 48
7 38
7 2
7 17
7 14
7 12
14
8 14
8 48
8 24
8 2
8 23
8 0
8 45
8 3
8 10
8 34
8 36
8 49
8 35
8 6
27
9 22
9 26
9 38
9 12
9 41
9 8
9 0
9 1
9 17
9 27
9 49
9 19
9 44
9 31
9 3
9 48
9 4
9 23
9 6
9 30
9 29
9 25
9 18
9 10
9 47
9 33
9 32
22
10 7
10 34
10 37
10 24
10 44
10 31
10 21
10 32
10 40
10 30
10 35
10 26
10 2
10 25
10 33
10 0
10 42
10 39
10 17
10 12
10 23
10 5
18
11 49
11 40
11 7
11 28
11 46
11 16
11 0
11 41
11 42
11 17
11 18
11 2
11 38
11 15
11 8
11 19
11 36
11 33
21
12 24
12 20
12 16
12 40
12 45
12 18
12 13
12 14
12 15
12 33
12 1
12 21
12 27
12 11
12 31
12 42
12 34
12 46
12 3
12 48
12 39
20
13 43
13 38
13 39
13 29
13 8
13 0
13 5
13 37
13 28
13 48
13 23
13 44
13 36
13 22
13 2
13 9
13 47
13 26
13 31
13 45
14
14 26
14 48
14 42
14 32
14 44
14 31
14 37
14 2
14 11
14 23
14 13
14 9
14 35
14 29
22
15 48
15 28
15 20
15 22
15 2
15 27
15 24
15 45
15 10
15 13
15 26
15 4
15 7
15 43
15 46
15 9
15 41
15 0
15 36
15 29
15 8
15 3
22
16 8
16 26
16 27
16 4
16 38
16 30
16 17
16 9
16 48
16 15
16 25
16 19
16 33
16 20
16 32
16 13
16 43
16 39
16 23
16 18
16 6
16 14
24
17 22
17 31
17 5
17 12
17 19
17 30
17 35
17 8
17 47
17 18
17 0
17 39
17 23
17 14
17 32
17 49
17 41
17 27
17 21
17 25
17 28
17 6
17 44
17 1
19
18 39
18 48
18 10
18 4
18 3
18 15
18 33
18 24
18 13
18 30
18 37
18 0
18 7
18 14
18 47
18 41
18 20
18 49
18 31
24
19 48
19 3
19 30
19 35
19 27
19 23
19 42
19 33
19 13
19 31
19 10
19 41
19 49
19 45
19 44
19 29
19 8
19 25
19 26
19 20
19 14
19 38
19 18
19 21
13
20 49
20 44
20 38
20 10
20 28
20 30
20 11
20 13
20 9
20 47
20 40
20 23
20 48
29
21 9
21 31
21 49
21 26
21 8
21 44
21 38
21 30
21 7
21 36
21 24
21 14
21 22
21 47
21 1
21 11
21 15
21 39
21 42
21 23
21 41
21 45
21 3
21 33
21 34
21 16
21 35
21 43
21 18
18
22 5
22 40
22 14
22 42
22 7
22 4
22 10
22 30
22 12
22 38
22 35
22 46
22 44
22 49
22 16
22 23
22 41
22 24
16
23 38
23 3
23 40
23 45
23 33
23 44
23 37
23 41
23 25
23 47
23 29
23 7
23 15
23 6
23 34
23 27
22
24 13
24 40
24 36
24 34
24 35
24 1
24 23
24 48
24 16
24 11
24 38
24 39
24 2
24 49
24 25
24 20
24 43
24 17
24 9
24 29
24 14
24 27
18
25 18
25 48
25 40
25 12
25 13
25 22
25 15
25 2
25 26
25 47
25 39
25 36
25 31
25 8
25 14
25 44
25 45
25 38
12
26 20
26 22
26 46
26 47
26 28
26 3
26 23
26 45
26 11
26 36
26 18
26 12
19
27 13
27 11
27 14
27 6
27 21
27 4
27 26
27 10
27 7
27 45
27 0
27 43
27 42
27 32
27 34
27 25
27 39
27 38
27 18
18
28 47
28 37
28 24
28 27
28 29
28 14
28 23
28 22
28 33
28 36
28 9
28 21
28 46
28 49
28 16
28 43
28 12
28 48
21
29 2
29 11
29 46
29 49
29 26
29 39
29 8
29 30
29 42
29 10
29 1
29 36
29 17
29 41
29 47
29 18
29 25
29 45
29 4
29 3
29 20
23
30 37
30 25
30 12
30 46
30 26
30 43
30 15
30 1
30 40
30 13
30 6
30 41
30 33
30 34
30 45
30 28
30 11
30 5
30 44
30 24
30 23
30 7
30 27
24
31 1
31 15
31 32
31 36
31 39
31 29
31 33
31 48
31 5
31 23
31 24
31 8
31 30
31 27
31 49
31 43
31 47
31 42
31 34
31 0
31 7
31 11
31 20
31 40
27
32 28
32 24
32 20
32 46
32 2
32 15
32 1
32 48
32 3
32 22
32 45
32 41
32 8
32 35
32 47
32 37
32 42
32 40
32 11
32 5
32 13
32 30
32 29
32 25
32 23
32 39
32 33
17
33 47
33 25
33 17
33 7
33 15
33 29
33 34
33 13
33 22
33 43
33 6
33 4
33 0
33 41
33 45
33 42
33 36
16
34 29
34 9
34 49
34 26
34 17
34 20
34 36
34 43
34 18
34 40
34 25
34 16
34 32
34 13
34 1
34 5
20
35 5
35 40
35 29
35 48
35 42
35 15
35 25
35 6
35 27
35 20
35 16
35 23
35 3
35 12
35 13
35 4
35 33
35 31
35 34
35 2
17
36 39
36 4
36 27
36 19
36 12
36 48
36 1
36 17
36 37
36 6
36 40
36 3
36 18
36 35
36 20
36 46
36 10
25
37 12
37 26
37 3
37 24
37 33
37 20
37 40
37 1
37 8
37 29
37 19
37 43
37 35
37 27
37 25
37 17
37 38
37 34
37 15
37 16
37 21
37 39
37 11
37 41
37 5
16
38 1
38 36
38 28
38 46
38 43
38 42
38 41
38 45
38 15
38 34
38 18
38 17
38 31
38 8
38 30
38 3
17
39 19
39 34
39 15
39 38
39 47
39 11
39 9
39 22
39 33
39 46
39 7
39 30
39 26
39 8
39 2
39 48
39 20
21
40 44
40 3
40 28
40 15
40 13
40 6
40 27
40 45
40 18
40 0
40 29
40 39
40 16
40 38
40 4
40 46
40 48
40 7
40 19
40 33
40 14
18
41 34
41 24
41 2
41 31
41 43
41 49
41 40
41 14
41 36
41 26
41 28
41 1
41 25
41 39
41 8
41 6
41 16
41 12
20
42 25
42 8
42 0
42 23
42 30
42 46
42 39
42 15
42 28
42 37
42 13
42 40
42 2
42 16
42 20
42 24
42 9
42 45
42 18
42 34
14
43 14
43 20
43 17
43 35
43 45
43 11
43 44
43 32
43 10
43 40
43 26
43 49
43 42
43 12
22
44 3
44 49
44 29
44 33
44 35
44 34
44 18
44 5
44 6
44 41
44 4
44 7
44 32
44 39
44 12
44 24
44 11
44 26
44 45
44 37
44 8
44 42
15
45 10
45 22
45 39
45 0
45 16
45 17
45 11
45 47
45 1
45 14
45 20
45 7
45 24
45 36
45 18
17
46 16
46 35
46 43
46 24
46 8
46 7
46 47
46 21
46 27
46 23
46 0
46 41
46 25
46 20
46 34
46 18
46 44
22
47 15
47 36
47 34
47 12
47 1
47 14
47 43
47 8
47 10
47 42
47 2
47 35
47 41
47 24
47 19
47 5
47 30
47 7
47 27
47 0
47 11
47 37
14
48 17
48 44
48 41
48 27
48 37
48 33
48 10
48 5
48 42
48 34
48 29
48 47
48 22
48 1
19
49 36
49 32
49 16
49 23
49 26
49 30
49 12
49 10
49 15
49 25
49 3
49 37
49 4
49 14
49 33
49 45
49 46
49 6
49 39
