50
0 "A24"
1 "A30"
2 "A48"
3 "A1"
4 "A13"
5 "A32"
6 "A5"
7 "A49"
8 "A10"
9 "A2"
10 "A34"
11 "A42"
12 "A27"
13 "A37"
14 "A4"
15 "A18"
16 "A21"
17 "A3"
18 "A33"
19 "A46"
20 "A11"
21 "A43"
22 "A12"
23 "A26"
24 "A39"
25 "A19"
26 "A38"
27 "A6"
28 "A41"
29 "A25"
30 "A45"
31 "A35"
32 "A44"
33 "A31"
34 "A9"
35 "A40"
36 "A7"
37 "A36"
38 "A29"
39 "A0"
40 "A8"
41 "A47"
42 "A22"
43 "A14"
44 "A20"
45 "A23"
46 "A28"
47 "A16"
48 "A17"
49 "A15"
23
0 18
0 16
0 42
0 9
0 19
0 41
0 4
0 24
0 22
0 3
0 10
0 1
0 8
0 28
0 37
0 11
0 5
0 14
0 30
0 49
0 26
0 12
0 46
19
1 44
1 40
1 15
1 16
1 19
1 21
1 14
1 28
1 24
1 27
1 36
1 49
1 7
1 35
1 23
1 31
1 43
1 37
1 9
20
2 40
2 11
2 38
2 7
2 19
2 46
2 0
2 48
2 36
2 13
2 28
2 37
2 42
2 23
2 26
2 16
2 15
2 47
2 22
2 8
20
3 30
3 23
3 10
3 33
3 6
3 31
3 26
3 40
3 49
3 37
3 5
3 39
3 48
3 24
3 18
3 28
3 9
3 1
3 12
3 2
23
4 32
4 2
4 26
4 1
4 19
4 10
4 24
4 14
4 41
4 46
4 44
4 6
4 31
4 45
4 40
4 15
4 43
4 28
4 33
4 47
4 3
4 37
4 12
20
5 17
5 2
5 13
5 8
5 9
5 11
5 20
5 42
5 19
5 7
5 12
5 47
5 15
5 34
5 45
5 26
5 39
5 24
5 49
5 41
13
6 29
6 32
6 15
6 43
6 22
6 36
6 35
6 5
6 30
6 41
6 14
6 25
6 48
19
7 10
7 6
7 26
7 12
7 33
7 40
7 46
7 3
7 35
7 42
7 23
7 37
7 36
7 34
7 48
7 0
7 39
7 11
7 4
20
8 17
8 47
8 31
8 23
8 3
8 6
8 29
8 34
8 32
8 18
8 21
8 20
8 9
8 27
8 25
8 11
8 39
8 38
8 26
8 43
22
9 36
9 27
9 35
9 39
9 49
9 6
9 38
9 32
9 23
9 21
9 17
9 33
9 15
9 16
9 24
9 43
9 2
9 28
9 30
9 37
9 25
9 45
24
10 18
10 39
10 26
10 44
10 8
10 27
10 28
10 1
10 30
10 14
10 40
10 20
10 19
10 48
10 36
10 32
10 38
10 24
10 2
10 22
10 13
10 11
10 31
10 23
17
11 46
11 3
11 35
11 18
11 1
11 32
11 17
11 14
11 27
11 34
11 49
11 37
11 44
11 6
11 28
11 41
11 9
22
12 44
12 19
12 20
12 41
12 34
12 2
12 36
12 1
12 8
12 15
12 38
12 16
12 21
12 48
12 31
12 10
12 42
12 29
12 39
12 28
12 18
12 47
18
13 29
13 36
13 19
13 34
13 22
13 43
13 11
13 15
13 24
13 33
13 48
13 41
13 26
13 38
13 20
13 23
13 39
13 9
24
14 38
14 37
14 3
14 7
14 30
14 12
14 44
14 32
14 39
14 21
14 36
14 8
14 19
14 9
14 16
14 42
14 13
14 34
14 18
14 41
14 40
14 2
14 23
14 15
18
15 35
15 32
15 11
15 46
15 42
15 20
15 49
15 17
15 27
15 36
15 44
15 18
15 21
15 0
15 47
15 28
15 43
15 10
20
16 42
16 45
16 30
16 35
16 31
16 5
16 22
16 20
16 25
16 27
16 49
16 7
16 24
16 23
16 3
16 37
16 13
16 6
16 36
16 44
25
17 35
17 48
17 42
17 23
17 12
17 40
17 7
17 34
17 20
17 13
17 21
17 47
17 16
17 25
17 45
17 41
17 0
17 18
17 30
17 6
17 33
17 27
17 1
17 22
17 39
16
18 43
18 30
18 42
18 9
18 22
18 36
18 21
18 16
18 20
18 38
18 13
18 44
18 47
18 7
18 4
18 5
19
19 33
19 26
19 6
19 17
19 22
19 21
19 45
19 11
19 7
19 43
19 15
19 16
19 20
19 37
19 3
19 24
19 35
19 39
19 18
21
20 38
20 28
20 44
20 24
20 29
20 36
20 7
20 0
20 32
20 25
20 35
20 14
20 46
20 11
20 2
20 4
20 43
20 47
20 49
20 23
20 3
18
21 36
21 34
21 11
21 27
21 2
21 0
21 7
21 43
21 20
21 30
21 35
21 32
21 13
21 37
21 29
21 45
21 39
21 22
15
22 41
22 37
22 4
22 11
22 26
22 31
22 25
22 32
22 40
22 38
22 9
22 30
22 5
22 8
22 14
22
23 15
23 45
23 26
23 22
23 35
23 19
23 36
23 29
23 28
23 49
23 43
23 27
23 12
23 5
23 21
23 46
23 0
23 38
23 39
23 11
23 32
23 4
16
24 7
24 44
24 30
24 17
24 46
24 43
24 15
24 42
24 14
24 12
24 32
24 21
24 2
24 23
24 8
24 33
25
25 40
25 36
25 14
25 0
25 44
25 21
25 38
25 33
25 15
25 1
25 12
25 28
25 13
25 32
25 11
25 4
25 27
25 10
25 49
25 26
25 37
25 3
25 5
25 2
25 42
20
26 12
26 36
26 11
26 49
26 27
26 47
26 31
26 32
26 48
26 42
26 17
26 45
26 15
26 16
26 9
26 24
26 1
26 43
26 34
26 20
16
27 18
27 4
27 49
27 2
27 22
27 31
27 5
27 41
27 34
27 14
27 7
27 6
27 12
27 40
27 46
27 0
26
28 21
28 8
28 17
28 49
28 37
28 26
28 34
28 42
28 5
28 43
28 18
28 40
28 45
28 13
28 16
28 30
28 27
28 22
28 29
28 36
28 31
28 44
28 6
28 47
28 39
28 46
19
29 27
29 34
29 45
29 9
29 11
29 38
29 14
29 22
29 16
29 17
29 3
29 18
29 1
29 36
29 19
29 25
29 4
29 10
29 26
23
30 38
30 37
30 2
30 27
30 45
30 20
30 7
30 19
30 1
30 33
30 8
30 5
30 39
30 40
30 36
30 4
30 43
30 34
30 29
30 13
30 47
30 11
30 12
19
31 44
31 15
31 36
31 23
31 19
31 5
31 2
31 18
31 7
31 29
31 34
31 14
31 13
31 9
31 11
31 40
31 17
31 39
31 25
19
32 3
32 7
32 29
32 28
32 42
32 5
32 18
32 16
32 49
32 45
32 1
32 33
32 41
32 13
32 39
32 47
32 40
32 43
32 12
16
33 1
33 11
33 10
33 0
33 29
33 44
33 14
33 35
33 31
33 2
33 49
33 39
33 23
33 18
33 5
33 15
20
34 19
34 9
34 38
34 33
34 35
34 24
34 25
34 16
34 0
34 3
34 45
34 44
34 23
34 10
34 46
34 49
34 18
34 22
34 1
34 41
20
35 14
35 18
35 30
35 27
35 3
35 2
35 26
35 0
35 13
35 39
35 45
35 5
35 36
35 28
35 10
35 32
35 12
35 25
35 22
35 40
17
36 19
36 3
36 49
36 17
36 8
36 48
36 43
36 27
36 34
36 44
36 32
36 45
36 47
36 41
36 5
36 0
36 11
20
37 39
37 49
37 24
37 8
37 34
37 15
37 29
37 43
37 17
37 47
37 13
37 20
37 36
37 33
37 44
37 6
37 46
37 12
37 40
37 23
22
38 31
38 0
38 49
38 37
38 36
38 21
38 28
38 48
38 44
38 33
38 40
38 1
38 32
38 41
38 27
38 45
38 5
38 19
38 4
38 46
38 26
38 15
13
39 0
39 46
39 6
39 36
39 34
39 38
39 27
39 16
39 15
39 43
39 24
39 22
39 26
17
40 11
40 33
40 9
40 18
40 29
40 13
40 24
40 23
40 26
40 44
40 6
40 36
40 16
40 43
40 15
40 21
40 46
24
41 31
41 20
41 3
41 18
41 33
41 26
41 45
41 35
41 9
41 8
41 37
41 39
41 46
41 2
41 15
41 40
41 24
41 28
41 10
41 1
41 19
41 29
41 48
41 30
18
42 20
42 33
42 34
42 30
42 37
42 40
42 1
42 31
42 38
42 6
42 9
42 36
42 8
42 41
42 27
42 3
42 11
42 13
19
43 38
43 49
43 41
43 42
43 0
43 14
43 7
43 2
43 10
43 25
43 27
43 47
43 3
43 16
43 33
43 34
43 48
43 12
43 22
15
44 41
44 17
44 23
44 21
44 6
44 27
44 26
44 39
44 22
44 2
44 8
44 47
44 29
44 49
44 19
23
45 46
45 14
45 0
45 11
45 37
45 15
45 49
45 6
45 22
45 25
45 31
45 7
45 3
45 44
45 12
45 20
45 13
45 39
45 43
45 24
45 47
45 18
45 42
18
46 32
46 12
46 10
46 13
46 43
46 31
46 33
46 36
46 18
46 35
46 8
46 25
46 9
46 29
46 48
46 26
46 19
46 22
21
47 22
47 27
47 14
47 24
47 31
47 19
47 35
47 9
47 49
47 7
47 23
47 10
47 6
47 46
47 0
47 16
47 39
47 33
47 29
47 25
47 11
21
48 45
48 4
48 25
48 27
48 42
48 20
48 9
48 24
48 21
48 11
48 37
48 14
48 28
48 33
48 35
48 47
48 16
48 0
48 39
48 31
48 34
15
49 21
49 13
49 18
49 41
49 12
49 22
49 7
49 24
49 35
49 8
49 2
49 48
49 40
49 19
49 30
