50
0 "A24"
1 "A30"
2 "A48"
3 "A1"
4 "A13"
5 "A32"
6 "A5"
7 "A49"
8 "A10"
9 "A2"
10 "A34"
11 "A42"
12 "A27"
13 "A37"
14 "A4"
15 "A18"
16 "A21"
17 "A3"
18 "A33"
19 "A46"
20 "A11"
21 "A43"
22 "A12"
23 "A26"
24 "A39"
25 "A19"
26 "A38"
27 "A6"
28 "A41"
29 "A25"
30 "A45"
31 "A35"
32 "A44"
33 "A31"
34 "A9"
35 "A40"
36 "A7"
37 "A36"
38 "A29"
39 "A0"
40 "A8"
41 "A47"
42 "A22"
43 "A14"
44 "A20"
45 "A23"
46 "A28"
47 "A16"
48 "A17"
49 "A15"
22
0 19
0 45
0 49
0 33
0 47
0 17
0 43
0 4
0 2
0 35
0 42
0 26
0 34
0 1
0 46
0 12
0 3
0 29
0 8
0 25
0 39
0 9
16
1 40
1 5
1 30
1 37
1 12
1 42
1 16
1 26
1 28
1 45
1 29
1 8
1 17
1 35
1 14
1 19
20
2 45
2 28
2 42
2 15
2 17
2 9
2 1
2 21
2 8
2 46
2 3
2 26
2 49
2 34
2 44
2 6
2 23
2 18
2 20
2 22
20
3 43
3 40
3 25
3 21
3 32
3 5
3 23
3 29
3 13
3 19
3 49
3 42
3 27
3 44
3 22
3 4
3 16
3 26
3 20
3 47
21
4 37
4 13
4 24
4 14
4 39
4 33
4 28
4 21
4 10
4 47
4 15
4 43
4 2
4 5
4 27
4 40
4 45
4 8
4 1
4 48
4 11
20
5 11
5 13
5 41
5 2
5 28
5 40
5 9
5 30
5 14
5 46
5 43
5 16
5 20
5 25
5 49
5 47
5 0
5 8
5 22
5 45
21
6 9
6 10
6 24
6 13
6 41
6 27
6 45
6 31
6 4
6 14
6 7
6 33
6 0
6 39
6 44
6 37
6 17
6 34
6 32
6 5
6 1
24
7 0
7 5
7 22
7 34
7 3
7 31
7 33
7 19
7 21
7 30
7 39
7 23
7 8
7 35
7 41
7 2
7 45
7 11
7 44
7 14
7 4
7 10
7 29
7 1
15
8 14
8 47
8 3
8 49
8 20
8 9
8 36
8 6
8 46
8 12
8 10
8 45
8 26
8 48
8 29
21
9 11
9 15
9 1
9 17
9 12
9 21
9 47
9 41
9 23
9 4
9 19
9 29
9 37
9 7
9 24
9 22
9 14
9 42
9 25
9 33
9 45
19
10 1
10 47
10 36
10 33
10 9
10 19
10 45
10 34
10 30
10 44
10 28
10 5
10 0
10 13
10 35
10 3
10 37
10 18
10 49
28
11 3
11 0
11 28
11 20
11 33
11 14
11 29
11 31
11 37
11 47
11 49
11 42
11 13
11 39
11 10
11 22
11 18
11 6
11 35
11 27
11 48
11 46
11 34
11 8
11 2
11 44
11 21
11 12
21
12 25
12 38
12 15
12 3
12 2
12 10
12 7
12 35
12 37
12 21
12 28
12 36
12 23
12 31
12 43
12 24
12 27
12 29
12 6
12 5
12 17
21
13 26
13 27
13 15
13 34
13 8
13 14
13 2
13 43
13 47
13 33
13 0
13 20
13 17
13 42
13 12
13 40
13 21
13 45
13 24
13 25
13 49
19
14 37
14 42
14 20
14 27
14 33
14 10
14 24
14 0
14 2
14 19
14 49
14 3
14 40
14 36
14 26
14 44
14 35
14 17
14 29
23
15 11
15 18
15 23
15 28
15 40
15 48
15 33
15 35
15 22
15 37
15 7
15 45
15 3
15 30
15 1
15 25
15 14
15 34
15 5
15 27
15 42
15 10
15 0
17
16 11
16 48
16 23
16 44
16 22
16 27
16 40
16 37
16 14
16 45
16 36
16 2
16 10
16 20
16 7
16 6
16 8
17
17 32
17 18
17 39
17 35
17 27
17 23
17 29
17 8
17 33
17 3
17 16
17 5
17 25
17 4
17 37
17 7
17 22
20
18 45
18 0
18 14
18 8
18 7
18 1
18 9
18 6
18 49
18 27
18 32
18 37
18 42
18 40
18 38
18 13
18 30
18 16
18 12
18 3
22
19 16
19 40
19 2
19 17
19 22
19 41
19 5
19 28
19 18
19 4
19 29
19 8
19 42
19 35
19 39
19 13
19 12
19 20
19 24
19 34
19 15
19 43
17
20 44
20 35
20 7
20 10
20 29
20 6
20 27
20 4
20 46
20 33
20 1
20 37
20 49
20 36
20 28
20 22
20 21
15
21 17
21 34
21 37
21 14
21 0
21 27
21 8
21 10
21 19
21 5
21 24
21 15
21 46
21 18
21 36
15
22 27
22 41
22 18
22 14
22 40
22 29
22 0
22 21
22 46
22 28
22 8
22 43
22 47
22 10
22 32
21
23 26
23 49
23 8
23 21
23 45
23 39
23 29
23 38
23 20
23 4
23 44
23 10
23 34
23 6
23 14
23 46
23 5
23 22
23 1
23 24
23 35
21
24 16
24 39
24 15
24 22
24 3
24 28
24 7
24 45
24 25
24 26
24 0
24 27
24 49
24 2
24 35
24 37
24 11
24 17
24 1
24 18
24 38
23
25 16
25 11
25 18
25 1
25 39
25 23
25 34
25 49
25 32
25 6
25 47
25 43
25 46
25 10
25 8
25 7
25 19
25 22
25 20
25 26
25 28
25 48
25 29
23
26 22
26 18
26 29
26 28
26 44
26 48
26 21
26 12
26 45
26 10
26 5
26 17
26 43
26 11
26 9
26 41
26 16
26 33
26 39
26 34
26 40
26 6
26 38
10
27 2
27 26
27 19
27 48
27 41
27 7
27 10
27 23
27 5
27 28
14
28 41
28 34
28 9
28 44
28 46
28 18
28 21
28 7
28 0
28 3
28 6
28 13
28 14
28 48
12
29 49
29 16
29 48
29 13
29 38
29 28
29 30
29 44
29 32
29 35
29 10
29 18
22
30 8
30 11
30 45
30 38
30 19
30 4
30 20
30 21
30 6
30 14
30 40
30 49
30 46
30 16
30 0
30 26
30 41
30 28
30 33
30 17
30 27
30 3
29
31 48
31 33
31 25
31 28
31 5
31 49
31 19
31 44
31 18
31 20
31 0
31 9
31 17
31 30
31 10
31 29
31 4
31 40
31 13
31 26
31 14
31 47
31 1
31 38
31 27
31 36
31 22
31 2
31 15
29
32 23
32 30
32 1
32 10
32 21
32 15
32 2
32 37
32 47
32 24
32 16
32 20
32 11
32 27
32 44
32 42
32 12
32 9
32 8
32 19
32 31
32 0
32 46
32 35
32 13
32 7
32 40
32 41
32 14
10
33 29
33 1
33 27
33 18
33 49
33 3
33 5
33 34
33 37
33 39
14
34 20
34 5
34 14
34 3
34 12
34 31
34 46
34 30
34 17
34 32
34 16
34 45
34 27
34 39
21
35 30
35 40
35 25
35 22
35 42
35 37
35 13
35 46
35 49
35 16
35 41
35 21
35 27
35 6
35 34
35 18
35 31
35 9
35 45
35 3
35 2
21
36 11
36 9
36 38
36 6
36 19
36 46
36 43
36 35
36 33
36 18
36 3
36 13
36 0
36 7
36 23
36 1
36 4
36 5
36 29
36 2
36 25
12
37 43
37 3
37 36
37 0
37 44
37 40
37 42
37 8
37 23
37 29
37 26
37 39
22
38 47
38 32
38 8
38 19
38 7
38 22
38 13
38 45
38 16
38 3
38 37
38 15
38 9
38 0
38 27
38 28
38 21
38 25
38 10
38 43
38 33
38 46
17
39 35
39 29
39 21
39 20
39 31
39 15
39 27
39 48
39 10
39 12
39 49
39 22
39 45
39 14
39 3
39 9
39 18
19
40 8
40 20
40 12
40 29
40 6
40 24
40 11
40 2
40 39
40 45
40 28
40 33
40 34
40 27
40 9
40 47
40 17
40 0
40 7
20
41 38
41 37
41 1
41 13
41 33
41 11
41 14
41 15
41 17
41 25
41 2
41 12
41 8
41 48
41 40
41 3
41 18
41 24
41 39
41 46
19
42 30
42 17
42 41
42 44
42 22
42 33
42 38
42 25
42 8
42 28
42 26
42 39
42 34
42 31
42 16
42 23
42 6
42 29
42 20
27
43 34
43 14
43 42
43 6
43 17
43 39
43 48
43 18
43 33
43 27
43 31
43 47
43 24
43 28
43 11
43 41
43 21
43 1
43 23
43 7
43 45
43 29
43 30
43 10
43 46
43 32
43 8
21
44 21
44 38
44 46
44 12
44 1
44 22
44 13
44 8
44 49
44 47
44 24
44 30
44 18
44 36
44 40
44 39
44 0
44 4
44 41
44 27
44 15
18
45 37
45 42
45 46
45 3
45 28
45 47
45 21
45 48
45 41
45 14
45 31
45 32
45 11
45 33
45 29
45 44
45 20
45 19
20
46 13
46 1
46 18
46 6
46 26
46 42
46 39
46 16
46 27
46 40
46 29
46 15
46 47
46 4
46 14
46 37
46 9
46 3
46 33
46 17
20
47 27
47 28
47 15
47 35
47 6
47 39
47 21
47 1
47 16
47 29
47 14
47 33
47 17
47 19
47 12
47 18
47 34
47 42
47 23
47 2
21
48 12
48 0
48 40
48 32
48 30
48 5
48 21
48 36
48 35
48 23
48 37
48 42
48 47
48 22
48 20
48 33
48 3
48 10
48 1
48 14
48 18
20
49 26
49 19
49 47
49 17
49 4
49 1
49 15
49 36
49 12
49 43
49 28
49 38
49 34
49 42
49 6
49 9
49 27
49 45
49 41
49 21
