50
0 "A27"
1 "A12"
2 "A13"
3 "A22"
4 "A35"
5 "A7"
6 "A19"
7 "A45"
8 "A38"
9 "A21"
10 "A23"
11 "A28"
12 "A48"
13 "A49"
14 "A0"
15 "A14"
16 "A17"
17 "A30"
18 "A18"
19 "A36"
20 "A40"
21 "A9"
22 "A43"
23 "A46"
24 "A6"
25 "A24"
26 "A44"
27 "A5"
28 "A16"
29 "A1"
30 "A15"
31 "A25"
32 "A3"
33 "A20"
34 "A11"
35 "A2"
36 "A10"
37 "A4"
38 "A26"
39 "A47"
40 "A29"
41 "A32"
42 "A33"
43 "A34"
44 "A39"
45 "A37"
46 "A41"
47 "A42"
48 "A8"
49 "A31"
16
0 22
0 3
0 42
0 8
0 13
0 7
0 15
0 32
0 25
0 31
0 14
0 10
0 30
0 18
0 16
0 24
13
1 31
1 33
1 13
1 39
1 44
1 7
1 23
1 24
1 28
1 14
1 43
1 21
1 3
20
2 25
2 29
2 31
2 10
2 17
2 21
2 8
2 32
2 41
2 47
2 33
2 18
2 28
2 3
2 35
2 46
2 36
2 42
2 30
2 7
18
3 31
3 18
3 11
3 48
3 44
3 14
3 5
3 25
3 42
3 41
3 43
3 26
3 19
3 49
3 45
3 38
3 13
3 9
24
4 34
4 10
4 49
4 27
4 14
4 18
4 31
4 20
4 29
4 33
4 22
4 38
4 8
4 11
4 0
4 28
4 3
4 44
4 2
4 15
4 26
4 36
4 41
4 45
20
5 2
5 13
5 11
5 32
5 28
5 41
5 18
5 9
5 21
5 48
5 14
5 6
5 10
5 47
5 37
5 22
5 15
5 17
5 12
5 0
21
6 12
6 3
6 11
6 1
6 13
6 19
6 49
6 14
6 24
6 4
6 17
6 28
6 9
6 35
6 29
6 10
6 26
6 43
6 0
6 25
6 2
20
7 36
7 5
7 21
7 31
7 14
7 47
7 4
7 29
7 41
7 19
7 35
7 18
7 8
7 13
7 48
7 12
7 3
7 49
7 10
7 39
26
8 37
8 25
8 14
8 34
8 35
8 23
8 43
8 10
8 30
8 46
8 9
8 33
8 22
8 48
8 45
8 3
8 38
8 28
8 11
8 47
8 21
8 1
8 40
8 29
8 15
8 5
25
9 14
9 36
9 0
9 46
9 35
9 38
9 45
9 48
9 15
9 23
9 20
9 13
9 2
9 25
9 44
9 34
9 28
9 49
9 40
9 27
9 12
9 7
9 1
9 24
9 31
16
10 15
10 23
10 41
10 35
10 48
10 14
10 1
10 19
10 30
10 3
10 17
10 36
10 38
10 22
10 37
10 47
23
11 0
11 17
11 34
11 36
11 14
11 42
11 28
11 37
11 22
11 40
11 20
11 2
11 19
11 39
11 43
11 21
11 24
11 31
11 33
11 46
11 18
11 45
11 10
21
12 13
12 26
12 25
12 27
12 32
12 21
12 16
12 8
12 29
12 22
12 0
12 42
12 10
12 39
12 49
12 35
12 47
12 30
12 31
12 34
12 46
14
13 11
13 10
13 38
13 32
13 2
13 33
13 24
13 27
13 15
13 20
13 16
13 49
13 41
13 19
17
14 18
14 12
14 31
14 30
14 40
14 2
14 36
14 39
14 27
14 33
14 13
14 15
14 17
14 26
14 21
14 41
14 37
18
15 36
15 32
15 7
15 22
15 23
15 11
15 31
15 39
15 49
15 33
15 45
15 3
15 12
15 44
15 47
15 16
15 42
15 34
21
16 41
16 9
16 8
16 33
16 3
16 4
16 39
16 31
16 7
16 23
16 44
16 29
16 21
16 32
16 2
16 17
16 37
16 5
16 35
16 27
16 6
19
17 43
17 15
17 35
17 0
17 32
17 8
17 1
17 7
17 38
17 44
17 27
17 40
17 4
17 31
17 39
17 47
17 3
17 26
17 9
23
18 12
18 27
18 24
18 45
18 23
18 38
18 16
18 34
18 48
18 31
18 15
18 21
18 6
18 39
18 41
18 1
18 17
18 9
18 42
18 13
18 8
18 47
18 10
15
19 22
19 2
19 16
19 26
19 24
19 29
19 15
19 38
19 49
19 4
19 23
19 41
19 27
19 39
19 14
16
20 33
20 31
20 42
20 14
20 28
20 19
20 35
20 40
20 22
20 44
20 18
20 15
20 47
20 2
20 17
20 0
17
21 40
21 33
21 17
21 43
21 22
21 38
21 49
21 3
21 41
21 32
21 20
21 27
21 13
21 9
21 6
21 26
21 4
18
22 6
22 1
22 24
22 46
22 33
22 47
22 2
22 31
22 9
22 26
22 14
22 37
22 3
22 42
22 13
22 16
22 45
22 17
21
23 37
23 35
23 20
23 44
23 42
23 30
23 6
23 17
23 14
23 21
23 13
23 31
23 0
23 2
23 40
23 5
23 28
23 49
23 24
23 29
23 4
18
24 16
24 39
24 35
24 2
24 40
24 30
24 26
24 14
24 38
24 15
24 44
24 29
24 49
24 20
24 43
24 32
24 10
24 21
29
25 26
25 4
25 15
25 14
25 1
25 11
25 37
25 40
25 42
25 16
25 13
25 33
25 10
25 20
25 46
25 36
25 18
25 7
25 23
25 41
25 43
25 22
25 28
25 29
25 27
25 24
25 49
25 21
25 17
12
26 47
26 7
26 0
26 16
26 29
26 35
26 38
26 44
26 11
26 18
26 9
26 33
22
27 0
27 6
27 31
27 5
27 45
27 41
27 22
27 46
27 2
27 11
27 49
27 7
27 24
27 29
27 8
27 44
27 42
27 26
27 3
27 1
27 10
27 37
22
28 42
28 38
28 19
28 12
28 0
28 41
28 49
28 34
28 35
28 15
28 22
28 26
28 10
28 27
28 21
28 13
28 24
28 31
28 7
28 17
28 46
28 33
15
29 5
29 17
29 0
29 47
29 15
29 21
29 22
29 1
29 46
29 30
29 14
29 3
29 35
29 45
29 13
25
30 7
30 39
30 46
30 47
30 22
30 9
30 21
30 3
30 26
30 49
30 13
30 48
30 37
30 28
30 6
30 20
30 44
30 40
30 1
30 19
30 16
30 31
30 4
30 18
30 36
15
31 49
31 47
31 10
31 37
31 24
31 46
31 39
31 29
31 45
31 48
31 32
31 13
31 26
31 19
31 5
25
32 4
32 37
32 29
32 45
32 7
32 27
32 20
32 3
32 26
32 44
32 25
32 35
32 40
32 28
32 9
32 36
32 14
32 22
32 11
32 1
32 43
32 23
32 48
32 8
32 30
21
33 39
33 42
33 32
33 9
33 27
33 5
33 29
33 3
33 19
33 10
33 18
33 48
33 36
33 40
33 45
33 46
33 24
33 35
33 7
33 38
33 17
21
34 27
34 37
34 13
34 16
34 1
34 5
34 22
34 31
34 20
34 23
34 33
34 21
34 7
34 32
34 25
34 10
34 36
34 47
34 43
34 0
34 29
18
35 19
35 13
35 39
35 4
35 37
35 38
35 41
35 18
35 31
35 22
35 15
35 5
35 45
35 49
35 27
35 25
35 40
35 34
18
36 8
36 26
36 1
36 20
36 6
36 13
36 17
36 3
36 0
36 29
36 44
36 24
36 21
36 28
36 12
36 16
36 19
36 37
16
37 3
37 7
37 17
37 24
37 6
37 1
37 43
37 15
37 26
37 9
37 13
37 41
37 12
37 21
37 28
37 19
18
38 30
38 44
38 0
38 6
38 5
38 27
38 7
38 23
38 12
38 34
38 20
38 14
38 45
38 25
38 15
38 37
38 41
38 11
21
39 8
39 2
39 10
39 48
39 44
39 47
39 3
39 34
39 9
39 49
39 36
39 23
39 46
39 37
39 0
39 5
39 42
39 6
39 25
39 32
39 20
20
40 34
40 2
40 7
40 22
40 15
40 19
40 46
40 16
40 41
40 5
40 43
40 36
40 39
40 45
40 38
40 12
40 18
40 4
40 6
40 28
21
41 48
41 45
41 12
41 31
41 24
41 34
41 44
41 15
41 6
41 9
41 33
41 11
41 23
41 1
41 32
41 20
41 39
41 26
41 22
41 0
41 30
25
42 40
42 6
42 26
42 35
42 16
42 49
42 17
42 37
42 44
42 36
42 38
42 30
42 24
42 14
42 10
42 21
42 7
42 45
42 5
42 8
42 1
42 9
42 4
42 31
42 13
21
43 41
43 42
43 27
43 33
43 13
43 16
43 5
43 12
43 49
43 36
43 23
43 28
43 45
43 20
43 9
43 10
43 14
43 38
43 7
43 29
43 30
20
44 37
44 40
44 6
44 49
44 18
44 45
44 7
44 35
44 12
44 33
44 10
44 13
44 31
44 28
44 25
44 14
44 8
44 22
44 0
44 5
19
45 6
45 14
45 19
45 28
45 7
45 48
45 46
45 30
45 39
45 5
45 47
45 36
45 10
45 34
45 1
45 37
45 24
45 20
45 2
19
46 4
46 0
46 18
46 16
46 17
46 35
46 6
46 13
46 3
46 42
46 44
46 21
46 20
46 7
46 15
46 14
46 48
46 32
46 24
18
47 9
47 41
47 25
47 23
47 16
47 13
47 3
47 44
47 36
47 35
47 11
47 4
47 49
47 6
47 33
47 38
47 19
47 28
22
48 28
48 17
48 44
48 11
48 35
48 37
48 40
48 19
48 34
48 24
48 22
48 1
48 12
48 21
48 43
48 36
48 42
48 15
48 2
48 16
48 4
48 27
17
49 29
49 40
49 36
49 32
49 11
49 0
49 17
49 38
49 33
49 2
49 46
49 22
49 18
49 5
49 34
49 45
49 10
