50
0 "A27"
1 "A12"
2 "A13"
3 "A22"
4 "A35"
5 "A7"
6 "A19"
7 "A45"
8 "A38"
9 "A21"
10 "A23"
11 "A28"
12 "A48"
13 "A49"
14 "A0"
15 "A14"
16 "A17"
17 "A30"
18 "A18"
19 "A36"
20 "A40"
21 "A9"
22 "A43"
23 "A46"
24 "A6"
25 "A24"
26 "A44"
27 "A5"
28 "A16"
29 "A1"
30 "A15"
31 "A25"
32 "A3"
33 "A20"
34 "A11"
35 "A2"
36 "A10"
37 "A4"
38 "A26"
39 "A47"
40 "A29"
41 "A32"
42 "A33"
43 "A34"
44 "A39"
45 "A37"
46 "A41"
47 "A42"
48 "A8"
49 "A31"
22
0 21
0 2
0 1
0 12
0 32
0 22
0 36
0 9
0 46
0 26
0 37
0 13
0 14
0 40
0 38
0 41
0 47
0 34
0 29
0 44
0 27
0 20
19
1 13
1 31
1 8
1 3
1 11
1 30
1 49
1 2
1 29
1 41
1 43
1 15
1 39
1 45
1 5
1 4
1 37
1 6
1 44
22
2 35
2 6
2 23
2 13
2 21
2 15
2 46
2 40
2 29
2 33
2 11
2 27
2 12
2 44
2 34
2 32
2 30
2 8
2 5
2 42
2 16
2 31
24
3 33
3 43
3 5
3 45
3 13
3 19
3 4
3 29
3 40
3 9
3 10
3 16
3 23
3 24
3 47
3 36
3 44
3 22
3 11
3 42
3 39
3 0
3 26
3 8
20
4 14
4 27
4 34
4 21
4 20
4 16
4 42
4 32
4 6
4 49
4 12
4 47
4 45
4 19
4 15
4 41
4 0
4 25
4 39
4 2
16
5 37
5 17
5 10
5 29
5 31
5 44
5 28
5 0
5 25
5 18
5 40
5 4
5 36
5 12
5 7
5 9
21
6 0
6 48
6 32
6 31
6 11
6 40
6 27
6 17
6 47
6 16
6 24
6 23
6 34
6 43
6 41
6 33
6 19
6 28
6 39
6 46
6 44
24
7 45
7 39
7 27
7 43
7 25
7 20
7 3
7 31
7 13
7 29
7 34
7 42
7 11
7 38
7 21
7 18
7 2
7 17
7 1
7 28
7 33
7 41
7 4
7 23
19
8 13
8 15
8 29
8 42
8 34
8 49
8 32
8 38
8 6
8 31
8 24
8 36
8 44
8 39
8 0
8 16
8 11
8 30
8 45
22
9 37
9 24
9 21
9 48
9 18
9 6
9 39
9 8
9 33
9 44
9 41
9 28
9 23
9 4
9 40
9 15
9 20
9 14
9 1
9 17
9 36
9 34
22
10 39
10 6
10 36
10 24
10 1
10 18
10 20
10 7
10 33
10 37
10 4
10 41
10 9
10 30
10 26
10 45
10 0
10 28
10 22
10 35
10 43
10 14
24
11 14
11 39
11 22
11 38
11 34
11 24
11 45
11 48
11 36
11 43
11 23
11 10
11 29
11 27
11 4
11 28
11 5
11 37
11 26
11 13
11 9
11 41
11 17
11 42
22
12 17
12 31
12 7
12 44
12 3
12 25
12 29
12 11
12 30
12 28
12 22
12 10
12 32
12 47
12 1
12 46
12 34
12 49
12 14
12 41
12 48
12 37
16
13 37
13 23
13 48
13 20
13 19
13 10
13 28
13 25
13 43
13 16
13 27
13 6
13 40
13 24
13 22
13 39
18
14 2
14 24
14 28
14 6
14 1
14 7
14 21
14 46
14 13
14 18
14 3
14 23
14 26
14 27
14 41
14 36
14 30
14 45
25
15 47
15 27
15 26
15 46
15 32
15 31
15 14
15 36
15 10
15 5
15 28
15 16
15 23
15 39
15 29
15 0
15 30
15 21
15 49
15 7
15 38
15 11
15 6
15 18
15 33
22
16 43
16 24
16 20
16 14
16 1
16 41
16 5
16 31
16 9
16 27
16 37
16 44
16 45
16 32
16 38
16 21
16 18
16 11
16 12
16 0
16 30
16 39
19
17 32
17 14
17 29
17 40
17 15
17 48
17 10
17 49
17 30
17 38
17 44
17 43
17 20
17 0
17 39
17 45
17 36
17 3
17 18
25
18 34
18 0
18 49
18 19
18 6
18 44
18 43
18 29
18 4
18 27
18 12
18 26
18 40
18 8
18 28
18 1
18 31
18 24
18 36
18 11
18 3
18 35
18 2
18 42
18 13
18
19 8
19 30
19 48
19 28
19 12
19 38
19 29
19 15
19 35
19 39
19 32
19 0
19 7
19 16
19 5
19 36
19 27
19 25
20
20 27
20 32
20 14
20 40
20 22
20 6
20 44
20 34
20 1
20 49
20 30
20 2
20 18
20 19
20 46
20 43
20 37
20 24
20 39
20 15
24
21 18
21 28
21 49
21 1
21 32
21 48
21 6
21 37
21 23
21 8
21 24
21 12
21 5
21 40
21 41
21 29
21 42
21 17
21 47
21 43
21 22
21 27
21 10
21 11
18
22 38
22 7
22 2
22 18
22 16
22 19
22 15
22 14
22 39
22 32
22 31
22 24
22 28
22 26
22 46
22 17
22 23
22 49
18
23 17
23 1
23 47
23 29
23 40
23 28
23 34
23 42
23 37
23 0
23 46
23 4
23 10
23 32
23 12
23 31
23 43
23 35
19
24 46
24 27
24 25
24 30
24 15
24 32
24 5
24 7
24 0
24 4
24 1
24 36
24 28
24 40
24 38
24 41
24 49
24 19
24 45
17
25 46
25 35
25 45
25 2
25 30
25 44
25 38
25 15
25 1
25 39
25 47
25 17
25 0
25 20
25 26
25 23
25 9
22
26 48
26 8
26 21
26 43
26 24
26 38
26 19
26 16
26 39
26 35
26 23
26 6
26 17
26 46
26 36
26 7
26 9
26 13
26 1
26 5
26 2
26 28
14
27 17
27 28
27 5
27 26
27 8
27 47
27 48
27 25
27 22
27 31
27 38
27 9
27 45
27 12
21
28 37
28 34
28 17
28 4
28 2
28 3
28 29
28 25
28 47
28 16
28 38
28 30
28 0
28 46
28 45
28 31
28 48
28 43
28 8
28 1
28 49
15
29 26
29 13
29 6
29 4
29 30
29 32
29 38
29 25
29 48
29 14
29 41
29 16
29 9
29 37
29 24
16
30 3
30 32
30 27
30 21
30 34
30 13
30 0
30 47
30 7
30 9
30 26
30 5
30 46
30 41
30 35
30 11
19
31 17
31 33
31 47
31 9
31 43
31 14
31 24
31 11
31 48
31 21
31 3
31 49
31 39
31 19
31 26
31 40
31 30
31 29
31 41
14
32 14
32 33
32 39
32 31
32 37
32 36
32 1
32 5
32 11
32 9
32 18
32 27
32 28
32 13
24
33 35
33 8
33 11
33 25
33 42
33 45
33 17
33 18
33 5
33 30
33 12
33 4
33 19
33 21
33 28
33 13
33 37
33 39
33 26
33 48
33 14
33 0
33 29
33 16
19
34 17
34 5
34 13
34 19
34 16
34 42
34 47
34 25
34 10
34 33
34 3
34 35
34 26
34 41
34 1
34 32
34 24
34 48
34 22
24
35 32
35 38
35 39
35 41
35 24
35 6
35 48
35 4
35 45
35 16
35 9
35 3
35 11
35 5
35 13
35 17
35 28
35 15
35 14
35 8
35 21
35 7
35 31
35 47
15
36 12
36 29
36 30
36 13
36 34
36 22
36 27
36 39
36 6
36 43
36 28
36 20
36 25
36 42
36 7
22
37 27
37 15
37 4
37 46
37 25
37 35
37 31
37 44
37 24
37 17
37 18
37 26
37 34
37 39
37 47
37 7
37 45
37 43
37 40
37 41
37 8
37 6
18
38 20
38 32
38 43
38 6
38 39
38 31
38 18
38 5
38 4
38 40
38 34
38 48
38 13
38 36
38 3
38 10
38 9
38 33
12
39 27
39 34
39 23
39 14
39 24
39 18
39 42
39 45
39 28
39 0
39 40
39 2
19
40 14
40 16
40 19
40 1
40 22
40 12
40 41
40 26
40 4
40 46
40 30
40 10
40 45
40 15
40 7
40 36
40 11
40 32
40 33
16
41 15
41 8
41 25
41 39
41 20
41 26
41 27
41 2
41 45
41 46
41 28
41 18
41 49
41 5
41 43
41 38
23
42 29
42 30
42 48
42 0
42 24
42 15
42 14
42 28
42 41
42 10
42 17
42 16
42 31
42 26
42 19
42 22
42 20
42 38
42 37
42 40
42 32
42 12
42 1
18
43 9
43 8
43 40
43 33
43 30
43 14
43 12
43 24
43 5
43 2
43 22
43 4
43 0
43 47
43 19
43 35
43 34
43 15
21
44 30
44 43
44 19
44 11
44 33
44 15
44 38
44 10
44 45
44 42
44 26
44 29
44 24
44 13
44 47
44 4
44 31
44 36
44 32
44 34
44 23
17
45 46
45 21
45 31
45 20
45 18
45 9
45 47
45 38
45 23
45 15
45 13
45 2
45 5
45 34
45 49
45 19
45 12
16
46 5
46 48
46 27
46 33
46 32
46 43
46 29
46 13
46 35
46 39
46 47
46 38
46 21
46 34
46 1
46 36
25
47 48
47 7
47 29
47 14
47 11
47 1
47 26
47 5
47 16
47 13
47 24
47 20
47 10
47 42
47 40
47 8
47 2
47 49
47 18
47 38
47 41
47 36
47 9
47 17
47 22
12
48 3
48 49
48 2
48 30
48 40
48 25
48 14
48 7
48 20
48 24
48 37
48 15
22
49 35
49 3
49 30
49 39
49 34
49 0
49 43
49 46
49 33
49 40
49 32
49 10
49 11
49 44
49 27
49 38
49 6
49 5
49 7
49 29
49 14
49 36
