50
0 "A27"
1 "A12"
2 "A13"
3 "A22"
4 "A35"
5 "A7"
6 "A19"
7 "A45"
8 "A38"
9 "A21"
10 "A23"
11 "A28"
12 "A48"
13 "A49"
14 "A0"
15 "A14"
16 "A17"
17 "A30"
18 "A18"
19 "A36"
20 "A40"
21 "A9"
22 "A43"
23 "A46"
24 "A6"
25 "A24"
26 "A44"
27 "A5"
28 "A16"
29 "A1"
30 "A15"
31 "A25"
32 "A3"
33 "A20"
34 "A11"
35 "A2"
36 "A10"
37 "A4"
38 "A26"
39 "A47"
40 "A29"
41 "A32"
42 "A33"
43 "A34"
44 "A39"
45 "A37"
46 "A41"
47 "A42"
48 "A8"
49 "A31"
20
0 4
0 12
0 2
0 40
0 41
0 35
0 49
0 11
0 14
0 45
0 26
0 21
0 33
0 37
0 20
0 27
0 7
0 29
0 6
0 3
23
1 39
1 22
1 46
1 10
1 47
1 32
1 19
1 13
1 16
1 3
1 33
1 2
1 48
1 38
1 0
1 34
1 29
1 49
1 21
1 18
1 28
1 40
1 27
19
2 32
2 41
2 28
2 21
2 33
2 6
2 22
2 26
2 19
2 9
2 7
2 37
2 24
2 48
2 38
2 12
2 18
2 29
2 15
17
3 5
3 20
3 28
3 45
3 7
3 43
3 9
3 39
3 27
3 2
3 41
3 21
3 32
3 42
3 11
3 46
3 15
16
4 29
4 38
4 43
4 26
4 23
4 45
4 41
4 6
4 1
4 39
4 30
4 49
4 15
4 9
4 21
4 11
15
5 2
5 6
5 12
5 24
5 37
5 1
5 31
5 7
5 8
5 25
5 36
5 28
5 43
5 23
5 11
22
6 13
6 25
6 21
6 7
6 34
6 19
6 24
6 12
6 23
6 41
6 15
6 30
6 14
6 46
6 35
6 26
6 47
6 20
6 42
6 22
6 44
6 11
22
7 40
7 33
7 46
7 48
7 45
7 39
7 25
7 34
7 24
7 26
7 17
7 49
7 31
7 42
7 18
7 38
7 11
7 13
7 9
7 8
7 37
7 23
17
8 20
8 36
8 45
8 19
8 49
8 23
8 29
8 40
8 2
8 6
8 38
8 34
8 39
8 46
8 13
8 18
8 11
22
9 20
9 33
9 32
9 21
9 10
9 5
9 8
9 27
9 11
9 6
9 37
9 1
9 14
9 24
9 12
9 23
9 46
9 0
9 19
9 13
9 25
9 15
22
10 43
10 17
10 4
10 8
10 18
10 46
10 29
10 0
10 33
10 35
10 2
10 41
10 27
10 26
10 45
10 37
10 11
10 7
10 6
10 38
10 39
10 12
21
11 17
11 37
11 20
11 15
11 1
11 47
11 23
11 41
11 45
11 36
11 2
11 22
11 35
11 29
11 25
11 16
11 33
11 18
11 26
11 39
11 44
19
12 39
12 43
12 44
12 28
12 20
12 49
12 31
12 22
12 11
12 34
12 13
12 7
12 25
12 30
12 19
12 1
12 3
12 24
12 38
22
13 0
13 18
13 20
13 2
13 25
13 5
13 16
13 44
13 19
13 29
13 33
13 30
13 24
13 37
13 39
13 3
13 42
13 32
13 23
13 45
13 4
13 26
25
14 21
14 7
14 3
14 35
14 19
14 17
14 10
14 44
14 8
14 41
14 28
14 43
14 12
14 24
14 26
14 5
14 34
14 36
14 13
14 45
14 1
14 33
14 23
14 2
14 16
18
15 48
15 7
15 1
15 49
15 29
15 38
15 5
15 10
15 32
15 19
15 12
15 20
15 47
15 21
15 8
15 37
15 28
15 14
20
16 33
16 37
16 2
16 36
16 49
16 40
16 31
16 18
16 4
16 10
16 15
16 23
16 41
16 0
16 8
16 9
16 39
16 26
16 32
16 7
23
17 44
17 6
17 16
17 40
17 0
17 31
17 36
17 47
17 32
17 12
17 38
17 5
17 29
17 8
17 4
17 49
17 39
17 22
17 45
17 9
17 42
17 2
17 25
18
18 4
18 39
18 34
18 23
18 21
18 5
18 29
18 42
18 3
18 19
18 43
18 41
18 15
18 9
18 37
18 12
18 49
18 35
20
19 3
19 29
19 42
19 11
19 37
19 49
19 20
19 35
19 32
19 7
19 17
19 38
19 40
19 10
19 16
19 30
19 39
19 25
19 27
19 5
21
20 45
20 5
20 2
20 24
20 43
20 16
20 18
20 7
20 48
20 39
20 10
20 36
20 21
20 31
20 34
20 17
20 41
20 37
20 14
20 32
20 23
20
21 34
21 33
21 26
21 36
21 8
21 12
21 13
21 7
21 16
21 35
21 44
21 42
21 41
21 11
21 24
21 39
21 32
21 37
21 23
21 17
26
22 40
22 14
22 0
22 19
22 49
22 21
22 45
22 36
22 48
22 29
22 5
22 16
22 43
22 13
22 26
22 28
22 42
22 3
22 4
22 20
22 18
22 47
22 39
22 15
22 30
22 7
16
23 19
23 40
23 3
23 35
23 38
23 29
23 17
23 2
23 42
23 37
23 15
23 10
23 25
23 1
23 47
23 33
24
24 36
24 28
24 19
24 10
24 49
24 43
24 3
24 44
24 18
24 25
24 35
24 38
24 16
24 11
24 30
24 37
24 8
24 32
24 29
24 23
24 15
24 0
24 31
24 17
15
25 28
25 15
25 31
25 26
25 22
25 16
25 20
25 36
25 21
25 8
25 1
25 10
25 29
25 4
25 18
13
26 5
26 8
26 20
26 46
26 40
26 49
26 43
26 31
26 1
26 32
26 23
26 36
26 48
20
27 8
27 24
27 29
27 44
27 43
27 42
27 28
27 32
27 37
27 48
27 2
27 7
27 4
27 5
27 16
27 6
27 21
27 17
27 35
27 23
20
28 18
28 7
28 8
28 38
28 49
28 29
28 46
28 6
28 0
28 42
28 9
28 17
28 39
28 37
28 19
28 30
28 43
28 26
28 32
28 40
16
29 36
29 43
29 5
29 14
29 49
29 35
29 47
29 40
29 34
29 7
29 42
29 41
29 16
29 21
29 20
29 6
22
30 1
30 26
30 40
30 3
30 47
30 16
30 48
30 27
30 18
30 14
30 32
30 10
30 5
30 17
30 11
30 2
30 49
30 20
30 8
30 23
30 33
30 0
18
31 46
31 6
31 10
31 21
31 4
31 1
31 3
31 37
31 22
31 14
31 2
31 18
31 47
31 32
31 9
31 11
31 13
31 27
16
32 6
32 11
32 38
32 14
32 25
32 4
32 34
32 40
32 7
32 12
32 5
32 18
32 23
32 44
32 43
32 35
23
33 22
33 45
33 49
33 34
33 48
33 32
33 3
33 19
33 15
33 12
33 31
33 5
33 25
33 40
33 42
33 43
33 8
33 36
33 37
33 28
33 39
33 4
33 6
20
34 30
34 39
34 28
34 13
34 3
34 23
34 31
34 2
34 15
34 9
34 46
34 35
34 48
34 19
34 22
34 11
34 26
34 45
34 24
34 42
19
35 30
35 43
35 26
35 36
35 41
35 3
35 1
35 25
35 22
35 8
35 38
35 33
35 17
35 4
35 37
35 16
35 49
35 2
35 5
23
36 31
36 18
36 4
36 48
36 13
36 0
36 10
36 42
36 49
36 45
36 28
36 44
36 15
36 3
36 32
36 12
36 9
36 40
36 47
36 23
36 39
36 6
36 34
16
37 14
37 1
37 44
37 42
37 48
37 6
37 29
37 25
37 26
37 39
37 8
37 32
37 36
37 4
37 49
37 47
20
38 44
38 43
38 47
38 18
38 27
38 49
38 9
38 22
38 5
38 20
38 29
38 0
38 16
38 25
38 33
38 31
38 36
38 26
38 48
38 40
18
39 23
39 48
39 42
39 0
39 24
39 27
39 2
39 14
39 49
39 15
39 32
39 45
39 38
39 31
39 44
39 5
39 9
39 29
20
40 9
40 18
40 4
40 5
40 46
40 6
40 3
40 10
40 24
40 42
40 21
40 45
40 39
40 15
40 37
40 49
40 14
40 31
40 47
40 2
24
41 43
41 5
41 30
41 25
41 34
41 48
41 49
41 22
41 36
41 42
41 17
41 45
41 26
41 46
41 38
41 47
41 39
41 15
41 31
41 23
41 27
41 37
41 1
41 7
16
42 43
42 30
42 14
42 4
42 38
42 9
42 16
42 20
42 11
42 25
42 12
42 1
42 10
42 49
42 2
42 31
16
43 0
43 16
43 46
43 6
43 34
43 11
43 8
43 37
43 15
43 30
43 17
43 25
43 23
43 2
43 21
43 9
22
44 1
44 0
44 34
44 23
44 33
44 20
44 7
44 41
44 15
44 49
44 3
44 18
44 19
44 26
44 31
44 42
44 16
44 40
44 22
44 4
44 9
44 28
19
45 15
45 26
45 38
45 23
45 18
45 2
45 27
45 37
45 43
45 42
45 44
45 6
45 35
45 32
45 16
45 21
45 1
45 25
45 29
19
46 15
46 45
46 42
46 19
46 20
46 5
46 18
46 35
46 11
46 27
46 16
46 24
46 44
46 22
46 39
46 36
46 13
46 37
46 12
21
47 21
47 33
47 48
47 32
47 39
47 25
47 18
47 34
47 35
47 3
47 26
47 2
47 4
47 28
47 5
47 27
47 13
47 43
47 42
47 20
47 19
21
48 23
48 17
48 14
48 3
48 43
48 4
48 32
48 12
48 5
48 42
48 29
48 18
48 21
48 9
48 44
48 24
48 28
48 19
48 40
48 31
48 6
15
49 14
49 20
49 2
49 45
49 47
49 31
49 9
49 13
49 48
49 27
49 6
49 32
49 46
49 25
49 23
