50
0 "A27"
1 "A12"
2 "A13"
3 "A22"
4 "A35"
5 "A7"
6 "A19"
7 "A45"
8 "A38"
9 "A21"
10 "A23"
11 "A28"
12 "A48"
13 "A49"
14 "A0"
15 "A14"
16 "A17"
17 "A30"
18 "A18"
19 "A36"
20 "A40"
21 "A9"
22 "A43"
23 "A46"
24 "A6"
25 "A24"
26 "A44"
27 "A5"
28 "A16"
29 "A1"
30 "A15"
31 "A25"
32 "A3"
33 "A20"
34 "A11"
35 "A2"
36 "A10"
37 "A4"
38 "A26"
39 "A47"
40 "A29"
41 "A32"
42 "A33"
43 "A34"
44 "A39"
45 "A37"
46 "A41"
47 "A42"
48 "A8"
49 "A31"
20
0 10
0 7
0 5
0 17
0 33
0 46
0 19
0 14
0 15
0 26
0 6
0 8
0 13
0 9
0 2
0 48
0 41
0 38
0 40
0 12
18
1 45
1 25
1 0
1 21
1 35
1 41
1 38
1 3
1 20
1 48
1 18
1 42
1 29
1 2
1 44
1 47
1 46
1 11
18
2 28
2 33
2 46
2 37
2 49
2 18
2 7
2 38
2 43
2 10
2 36
2 17
2 13
2 24
2 20
2 45
2 35
2 6
15
3 12
3 21
3 22
3 30
3 47
3 39
3 2
3 17
3 9
3 18
3 38
3 8
3 31
3 49
3 36
17
4 46
4 6
4 48
4 26
4 11
4 24
4 43
4 12
4 21
4 41
4 18
4 10
4 2
4 44
4 7
4 0
4 30
24
5 43
5 31
5 35
5 1
5 6
5 14
5 49
5 13
5 17
5 27
5 11
5 34
5 45
5 37
5 15
5 10
5 4
5 39
5 38
5 3
5 33
5 21
5 9
5 36
20
6 33
6 20
6 36
6 32
6 45
6 24
6 9
6 28
6 37
6 12
6 40
6 7
6 3
6 19
6 10
6 11
6 13
6 30
6 31
6 44
18
7 37
7 14
7 8
7 45
7 48
7 25
7 38
7 23
7 15
7 10
7 12
7 16
7 18
7 20
7 35
7 39
7 44
7 3
23
8 44
8 17
8 6
8 41
8 34
8 47
8 36
8 37
8 39
8 2
8 16
8 46
8 31
8 20
8 15
8 26
8 4
8 5
8 19
8 35
8 32
8 24
8 40
18
9 33
9 17
9 1
9 48
9 18
9 46
9 2
9 16
9 20
9 25
9 7
9 13
9 41
9 10
9 29
9 12
9 15
9 28
21
10 27
10 35
10 29
10 36
10 19
10 45
10 44
10 12
10 30
10 49
10 16
10 43
10 3
10 11
10 8
10 48
10 21
10 1
10 38
10 15
10 13
20
11 48
11 23
11 47
11 25
11 13
11 33
11 24
11 12
11 2
11 26
11 8
11 20
11 14
11 31
11 3
11 16
11 45
11 32
11 46
11 0
23
12 16
12 49
12 24
12 40
12 20
12 42
12 27
12 8
12 5
12 15
12 2
12 26
12 17
12 18
12 32
12 33
12 44
12 28
12 46
12 39
12 48
12 38
12 41
19
13 46
13 34
13 21
13 4
13 40
13 26
13 19
13 35
13 1
13 18
13 17
13 47
13 20
13 15
13 7
13 24
13 28
13 8
13 3
25
14 20
14 2
14 4
14 30
14 48
14 13
14 28
14 31
14 27
14 43
14 46
14 49
14 33
14 24
14 36
14 45
14 32
14 35
14 16
14 19
14 34
14 1
14 37
14 22
14 29
20
15 47
15 28
15 19
15 1
15 42
15 37
15 4
15 27
15 29
15 2
15 34
15 16
15 40
15 18
15 43
15 24
15 3
15 31
15 32
15 22
18
16 38
16 34
16 27
16 24
16 0
16 3
16 18
16 20
16 5
16 23
16 39
16 47
16 13
16 2
16 4
16 41
16 37
16 30
11
17 26
17 27
17 20
17 11
17 6
17 28
17 15
17 7
17 30
17 23
17 47
17
18 8
18 11
18 27
18 32
18 25
18 42
18 10
18 37
18 34
18 29
18 14
18 43
18 0
18 41
18 47
18 6
18 17
25
19 3
19 5
19 1
19 37
19 47
19 4
19 43
19 11
19 45
19 38
19 28
19 17
19 12
19 44
19 48
19 2
19 23
19 21
19 39
19 7
19 22
19 35
19 33
19 18
19 29
17
20 45
20 21
20 19
20 40
20 43
20 26
20 18
20 24
20 10
20 0
20 15
20 4
20 42
20 39
20 5
20 3
20 28
14
21 2
21 0
21 11
21 8
21 14
21 34
21 15
21 36
21 7
21 6
21 16
21 18
21 46
21 17
28
22 31
22 11
22 44
22 42
22 5
22 39
22 48
22 28
22 13
22 32
22 43
22 9
22 37
22 16
22 46
22 17
22 45
22 8
22 7
22 6
22 26
22 38
22 40
22 0
22 23
22 18
22 10
22 24
20
23 21
23 1
23 32
23 15
23 31
23 27
23 13
23 9
23 39
23 14
23 10
23 3
23 4
23 20
23 36
23 44
23 8
23 37
23 35
23 2
12
24 23
24 32
24 41
24 0
24 48
24 18
24 37
24 44
24 17
24 10
24 46
24 21
28
25 21
25 27
25 4
25 40
25 5
25 22
25 39
25 10
25 12
25 17
25 47
25 32
25 6
25 31
25 49
25 13
25 19
25 43
25 16
25 48
25 34
25 23
25 44
25 36
25 28
25 14
25 30
25 46
20
26 16
26 36
26 3
26 39
26 25
26 24
26 43
26 5
26 44
26 46
26 21
26 1
26 41
26 10
26 28
26 7
26 18
26 19
26 14
26 9
17
27 9
27 11
27 22
27 13
27 24
27 2
27 8
27 19
27 0
27 1
27 49
27 7
27 39
27 36
27 26
27 41
27 37
18
28 16
28 43
28 49
28 40
28 5
28 41
28 27
28 8
28 46
28 33
28 35
28 4
28 11
28 10
28 48
28 31
28 39
28 1
28
29 28
29 11
29 3
29 26
29 43
29 44
29 16
29 0
29 5
29 32
29 23
29 4
29 24
29 36
29 25
29 34
29 20
29 38
29 48
29 8
29 21
29 7
29 45
29 22
29 27
29 2
29 41
29 31
22
30 0
30 20
30 26
30 18
30 2
30 12
30 44
30 8
30 15
30 5
30 47
30 28
30 39
30 11
30 19
30 24
30 29
30 9
30 13
30 35
30 27
30 49
23
31 0
31 40
31 17
31 13
31 32
31 7
31 9
31 10
31 48
31 1
31 35
31 37
31 18
31 26
31 47
31 49
31 33
31 24
31 20
31 45
31 27
31 16
31 19
25
32 4
32 44
32 7
32 47
32 38
32 2
32 20
32 26
32 13
32 16
32 0
32 35
32 3
32 1
32 34
32 48
32 5
32 21
32 17
32 27
32 43
32 49
32 28
32 9
32 30
18
33 30
33 48
33 17
33 7
33 16
33 40
33 18
33 22
33 4
33 46
33 34
33 27
33 15
33 26
33 44
33 20
33 24
33 38
22
34 9
34 2
34 4
34 17
34 28
34 38
34 10
34 22
34 46
34 24
34 44
34 40
34 35
34 47
34 49
34 37
34 36
34 41
34 1
34 7
34 31
34 27
18
35 9
35 36
35 29
35 11
35 17
35 26
35 41
35 40
35 25
35 42
35 43
35 22
35 16
35 45
35 6
35 38
35 33
35 21
18
36 28
36 45
36 31
36 38
36 30
36 39
36 9
36 32
36 0
36 37
36 49
36 17
36 13
36 24
36 7
36 4
36 20
36 19
15
37 3
37 41
37 47
37 17
37 4
37 11
37 12
37 39
37 10
37 25
37 9
37 30
37 21
37 43
37 28
21
38 9
38 11
38 14
38 24
38 6
38 27
38 43
38 31
38 49
38 20
38 17
38 23
38 13
38 30
38 15
38 44
38 42
38 45
38 18
38 4
38 26
18
39 14
39 0
39 15
39 47
39 1
39 6
39 46
39 21
39 48
39 35
39 49
39 11
39 32
39 17
39 29
39 40
39 44
39 9
16
40 18
40 9
40 46
40 10
40 21
40 7
40 17
40 29
40 4
40 32
40 30
40 1
40 38
40 14
40 3
40 2
18
41 19
41 25
41 33
41 31
41 40
41 39
41 20
41 6
41 45
41 36
41 14
41 22
41 5
41 49
41 46
41 47
41 38
41 7
31
42 37
42 45
42 36
42 19
42 8
42 39
42 29
42 2
42 44
42 10
42 40
42 3
42 31
42 4
42 14
42 28
42 11
42 33
42 41
42 27
42 21
42 13
42 9
42 0
42 34
42 5
42 32
42 7
42 24
42 30
42 17
18
43 13
43 30
43 36
43 7
43 12
43 8
43 34
43 47
43 48
43 45
43 6
43 42
43 39
43 11
43 24
43 9
43 17
43 0
17
44 21
44 43
44 48
44 36
44 3
44 14
44 17
44 28
44 40
44 37
44 2
44 18
44 20
44 31
44 13
44 41
44 35
21
45 0
45 28
45 13
45 16
45 27
45 21
45 48
45 4
45 30
45 25
45 32
45 12
45 26
45 8
45 24
45 37
45 40
45 39
45 49
45 47
45 44
14
46 30
46 49
46 15
46 17
46 31
46 16
46 10
46 35
46 43
46 36
46 29
46 7
46 38
46 45
19
47 10
47 26
47 38
47 6
47 27
47 14
47 5
47 49
47 2
47 42
47 46
47 28
47 40
47 22
47 20
47 4
47 24
47 7
47 23
19
48 49
48 21
48 35
48 26
48 8
48 37
48 42
48 15
48 23
48 18
48 41
48 2
48 27
48 5
48 46
48 20
48 6
48 38
48 40
15
49 35
49 24
49 26
49 13
49 23
49 44
49 6
49 17
49 0
49 9
49 29
49 4
49 7
49 16
49 1
