50
0 "A27"
1 "A12"
2 "A13"
3 "A22"
4 "A35"
5 "A7"
6 "A19"
7 "A45"
8 "A38"
9 "A21"
10 "A23"
11 "A28"
12 "A48"
13 "A49"
14 "A0"
15 "A14"
16 "A17"
17 "A30"
18 "A18"
19 "A36"
20 "A40"
21 "A9"
22 "A43"
23 "A46"
24 "A6"
25 "A24"
26 "A44"
27 "A5"
28 "A16"
29 "A1"
30 "A15"
31 "A25"
32 "A3"
33 "A20"
34 "A11"
35 "A2"
36 "A10"
37 "A4"
38 "A26"
39 "A47"
40 "A29"
41 "A32"
42 "A33"
43 "A34"
44 "A39"
45 "A37"
46 "A41"
47 "A42"
48 "A8"
49 "A31"
24
0 48
0 41
0 40
0 9
0 7
0 5
0 20
0 19
0 33
0 2
0 46
0 35
0 38
0 10
0 34
0 25
0 26
0 37
0 17
0 3
0 42
0 8
0 49
0 14
25
1 44
1 41
1 46
1 0
1 30
1 47
1 38
1 28
1 3
1 12
1 43
1 24
1 4
1 15
1 17
1 21
1 32
1 18
1 42
1 25
1 29
1 6
1 33
1 48
1 45
19
2 24
2 20
2 45
2 7
2 5
2 27
2 34
2 10
2 33
2 38
2 49
2 43
2 37
2 39
2 25
2 18
2 15
2 46
2 35
15
3 39
3 18
3 38
3 9
3 49
3 12
3 41
3 21
3 8
3 2
3 14
3 20
3 44
3 30
3 47
14
4 46
4 37
4 6
4 17
4 26
4 43
4 12
4 21
4 2
4 7
4 18
4 24
4 11
4 10
25
5 43
5 31
5 33
5 1
5 6
5 14
5 49
5 13
5 17
5 27
5 36
5 10
5 45
5 37
5 32
5 3
5 18
5 11
5 35
5 38
5 44
5 9
5 29
5 4
5 19
20
6 10
6 28
6 3
6 42
6 29
6 23
6 11
6 2
6 36
6 12
6 18
6 44
6 21
6 30
6 20
6 15
6 0
6 7
6 32
6 40
23
7 12
7 48
7 14
7 23
7 39
7 44
7 3
7 8
7 41
7 40
7 35
7 32
7 31
7 25
7 20
7 37
7 33
7 13
7 11
7 22
7 10
7 1
7 38
19
8 6
8 32
8 24
8 20
8 2
8 27
8 31
8 37
8 39
8 46
8 19
8 1
8 21
8 4
8 30
8 5
8 36
8 17
8 15
21
9 20
9 7
9 25
9 17
9 46
9 6
9 1
9 41
9 16
9 24
9 15
9 33
9 18
9 12
9 2
9 47
9 19
9 13
9 10
9 4
9 38
18
10 12
10 35
10 3
10 36
10 19
10 45
10 20
10 48
10 30
10 8
10 43
10 21
10 11
10 44
10 31
10 22
10 38
10 49
19
11 44
11 30
11 48
11 24
11 23
11 20
11 31
11 45
11 13
11 18
11 8
11 25
11 9
11 12
11 16
11 3
11 46
11 40
11 2
23
12 32
12 8
12 5
12 17
12 28
12 48
12 33
12 26
12 46
12 16
12 41
12 44
12 24
12 15
12 18
12 14
12 35
12 29
12 36
12 20
12 21
12 42
12 49
21
13 20
13 15
13 28
13 8
13 3
13 19
13 49
13 21
13 43
13 40
13 46
13 6
13 2
13 35
13 12
13 26
13 1
13 10
13 18
13 29
13 47
22
14 48
14 13
14 28
14 31
14 27
14 49
14 6
14 33
14 17
14 34
14 24
14 16
14 10
14 29
14 1
14 22
14 8
14 9
14 20
14 2
14 4
14 45
22
15 31
15 47
15 24
15 14
15 19
15 22
15 7
15 18
15 30
15 3
15 37
15 33
15 4
15 38
15 41
15 27
15 34
15 16
15 49
15 29
15 43
15 32
16
16 24
16 30
16 23
16 27
16 1
16 35
16 3
16 18
16 40
16 4
16 5
16 13
16 49
16 43
16 2
16 36
11
17 6
17 42
17 41
17 47
17 22
17 48
17 26
17 27
17 30
17 15
17 11
11
18 41
18 37
18 34
18 28
18 29
18 14
18 43
18 0
18 42
18 27
18 32
26
19 3
19 21
19 1
19 37
19 47
19 18
19 43
19 11
19 45
19 38
19 28
19 17
19 32
19 12
19 48
19 6
19 2
19 29
19 41
19 49
19 16
19 39
19 24
19 22
19 44
19 7
19
20 17
20 19
20 22
20 45
20 21
20 18
20 40
20 15
20 30
20 4
20 5
20 26
20 38
20 28
20 34
20 46
20 39
20 43
20 36
13
21 39
21 14
21 48
21 36
21 2
21 7
21 16
21 18
21 45
21 11
21 38
21 26
21 0
24
22 39
22 0
22 23
22 13
22 3
22 28
22 32
22 21
22 49
22 43
22 46
22 8
22 16
22 45
22 11
22 12
22 44
22 37
22 40
22 4
22 36
22 5
22 26
22 6
28
23 14
23 15
23 31
23 13
23 12
23 19
23 9
23 4
23 40
23 20
23 49
23 10
23 44
23 5
23 37
23 46
23 8
23 35
23 18
23 1
23 21
23 2
23 0
23 27
23 39
23 17
23 28
23 45
19
24 28
24 44
24 17
24 0
24 21
24 10
24 48
24 41
24 3
24 46
24 18
24 37
24 38
24 43
24 36
24 6
24 5
24 13
24 25
23
25 19
25 5
25 17
25 22
25 13
25 39
25 31
25 44
25 36
25 3
25 46
25 49
25 12
25 16
25 23
25 21
25 6
25 38
25 27
25 42
25 30
25 15
25 18
19
26 43
26 28
26 7
26 8
26 42
26 40
26 19
26 9
26 36
26 33
26 3
26 41
26 25
26 10
26 24
26 11
26 5
26 14
26 1
17
27 49
27 24
27 9
27 37
27 0
27 13
27 30
27 7
27 19
27 22
27 46
27 6
27 26
27 39
27 11
27 20
27 38
20
28 21
28 29
28 10
28 25
28 49
28 39
28 43
28 8
28 40
28 3
28 31
28 5
28 11
28 0
28 4
28 27
28 46
28 36
28 33
28 16
21
29 32
29 3
29 26
29 43
29 39
29 0
29 31
29 41
29 40
29 20
29 44
29 24
29 45
29 17
29 22
29 23
29 27
29 2
29 34
29 8
29 38
19
30 2
30 7
30 44
30 5
30 18
30 28
30 39
30 0
30 21
30 35
30 47
30 12
30 29
30 43
30 19
30 23
30 34
30 49
30 24
19
31 0
31 40
31 17
31 4
31 32
31 43
31 20
31 30
31 18
31 38
31 22
31 13
31 49
31 24
31 1
31 45
31 9
31 12
31 16
20
32 17
32 9
32 4
32 44
32 21
32 48
32 10
32 2
32 0
32 37
32 14
32 35
32 23
32 3
32 20
32 47
32 13
32 24
32 28
32 30
15
33 10
33 46
33 16
33 40
33 20
33 13
33 4
33 18
33 27
33 30
33 41
33 21
33 11
33 17
33 6
23
34 35
34 27
34 9
34 10
34 4
34 17
34 28
34 31
34 22
34 47
34 24
34 44
34 6
34 7
34 40
34 37
34 46
34 36
34 41
34 8
34 42
34 12
34 1
18
35 47
35 38
35 6
35 11
35 44
35 26
35 17
35 22
35 25
35 24
35 4
35 14
35 40
35 43
35 36
35 41
35 3
35 15
20
36 49
36 4
36 23
36 15
36 44
36 45
36 17
36 18
36 31
36 9
36 39
36 43
36 7
36 38
36 19
36 29
36 2
36 13
36 30
36 14
17
37 46
37 41
37 17
37 11
37 14
37 42
37 20
37 1
37 12
37 25
37 16
37 28
37 10
37 9
37 30
37 3
37 45
19
38 26
38 11
38 28
38 34
38 32
38 49
38 33
38 12
38 22
38 6
38 13
38 17
38 8
38 23
38 30
38 45
38 37
38 43
38 42
25
39 49
39 17
39 40
39 44
39 9
39 48
39 0
39 15
39 6
39 33
39 14
39 31
39 1
39 32
39 24
39 5
39 26
39 41
39 35
39 43
39 34
39 16
39 11
39 46
39 42
15
40 21
40 10
40 1
40 17
40 24
40 9
40 4
40 32
40 14
40 46
40 25
40 38
40 3
40 18
40 43
18
41 40
41 43
41 20
41 14
41 27
41 8
41 30
41 13
41 22
41 25
41 5
41 16
41 23
41 49
41 38
41 11
41 31
41 46
29
42 19
42 8
42 14
42 29
42 2
42 21
42 10
42 27
42 23
42 31
42 4
42 3
42 15
42 13
42 9
42 16
42 47
42 40
42 24
42 43
42 7
42 33
42 20
42 28
42 30
42 5
42 46
42 45
42 36
14
43 34
43 11
43 21
43 17
43 0
43 9
43 49
43 6
43 7
43 37
43 45
43 8
43 12
43 48
20
44 16
44 27
44 37
44 2
44 48
44 43
44 40
44 18
44 0
44 20
44 42
44 31
44 14
44 41
44 8
44 17
44 28
44 21
44 4
44 15
15
45 48
45 27
45 16
45 44
45 35
45 9
45 39
45 8
45 25
45 4
45 3
45 40
45 12
45 24
45 18
19
46 18
46 16
46 31
46 19
46 17
46 49
46 29
46 21
46 10
46 35
46 43
46 44
46 36
46 45
46 7
46 38
46 6
46 30
46 26
24
47 46
47 2
47 6
47 20
47 24
47 37
47 7
47 4
47 22
47 10
47 44
47 31
47 26
47 14
47 27
47 33
47 0
47 40
47 23
47 11
47 49
47 41
47 43
47 36
22
48 26
48 46
48 27
48 20
48 5
48 23
48 6
48 34
48 16
48 35
48 22
48 33
48 8
48 37
48 47
48 15
48 29
48 30
48 3
48 18
48 28
48 41
12
49 9
49 6
49 4
49 21
49 7
49 42
49 44
49 32
49 45
49 24
49 1
49 37
