50
0 "A17"
1 "A46"
2 "A0"
3 "A11"
4 "A47"
5 "A25"
6 "A29"
7 "A33"
8 "A2"
9 "A16"
10 "A32"
11 "A31"
12 "A44"
13 "A7"
14 "A37"
15 "A5"
16 "A8"
17 "A12"
18 "A1"
19 "A45"
20 "A14"
21 "A3"
22 "A42"
23 "A20"
24 "A15"
25 "A49"
26 "A23"
27 "A36"
28 "A34"
29 "A35"
30 "A41"
31 "A26"
32 "A10"
33 "A22"
34 "A24"
35 "A30"
36 "A28"
37 "A43"
38 "A38"
39 "A9"
40 "A19"
41 "A18"
42 "A21"
43 "A48"
44 "A4"
45 "A6"
46 "A13"
47 "A27"
48 "A40"
49 "A39"
19
0 14
0 21
0 31
0 34
0 45
0 24
0 42
0 41
0 23
0 39
0 19
0 22
0 47
0 33
0 10
0 29
0 17
0 30
0 44
22
1 13
1 20
1 33
1 22
1 7
1 3
1 4
1 11
1 8
1 43
1 14
1 27
1 15
1 23
1 45
1 0
1 28
1 47
1 6
1 2
1 16
1 25
18
2 17
2 39
2 36
2 9
2 32
2 6
2 47
2 37
2 19
2 30
2 0
2 15
2 7
2 38
2 46
2 20
2 33
2 4
25
3 35
3 10
3 15
3 17
3 0
3 25
3 4
3 7
3 37
3 27
3 48
3 21
3 29
3 12
3 5
3 18
3 39
3 14
3 24
3 43
3 42
3 38
3 28
3 30
3 8
18
4 46
4 33
4 19
4 34
4 21
4 13
4 14
4 40
4 39
4 17
4 47
4 12
4 27
4 37
4 29
4 0
4 28
4 49
25
5 25
5 13
5 37
5 8
5 43
5 42
5 2
5 26
5 0
5 15
5 1
5 33
5 14
5 4
5 40
5 46
5 31
5 7
5 48
5 19
5 24
5 36
5 27
5 21
5 29
20
6 22
6 20
6 3
6 12
6 16
6 41
6 4
6 44
6 47
6 13
6 33
6 26
6 30
6 5
6 25
6 0
6 18
6 35
6 17
6 15
17
7 17
7 49
7 47
7 39
7 42
7 44
7 27
7 22
7 45
7 24
7 23
7 11
7 13
7 26
7 46
7 20
7 6
18
8 28
8 45
8 6
8 7
8 0
8 12
8 11
8 14
8 21
8 23
8 2
8 4
8 25
8 26
8 40
8 32
8 10
8 35
22
9 8
9 20
9 10
9 21
9 32
9 37
9 4
9 25
9 14
9 33
9 3
9 13
9 47
9 30
9 48
9 36
9 1
9 5
9 23
9 45
9 19
9 0
18
10 1
10 4
10 17
10 45
10 32
10 6
10 15
10 7
10 5
10 2
10 19
10 22
10 27
10 30
10 46
10 38
10 36
10 11
20
11 15
11 21
11 5
11 16
11 31
11 30
11 42
11 32
11 3
11 0
11 12
11 27
11 34
11 19
11 4
11 35
11 2
11 13
11 17
11 41
18
12 42
12 9
12 28
12 48
12 26
12 33
12 29
12 10
12 27
12 1
12 2
12 44
12 20
12 0
12 21
12 7
12 15
12 49
16
13 24
13 35
13 14
13 29
13 2
13 48
13 17
13 16
13 8
13 3
13 42
13 31
13 33
13 10
13 0
13 23
20
14 28
14 34
14 11
14 41
14 39
14 23
14 47
14 15
14 30
14 32
14 6
14 38
14 18
14 7
14 49
14 10
14 46
14 21
14 43
14 24
21
15 22
15 49
15 24
15 34
15 47
15 28
15 38
15 20
15 27
15 36
15 40
15 35
15 13
15 41
15 7
15 32
15 23
15 8
15 0
15 42
15 48
18
16 5
16 26
16 20
16 44
16 30
16 23
16 37
16 40
16 15
16 22
16 7
16 3
16 9
16 33
16 12
16 36
16 45
16 38
18
17 8
17 32
17 30
17 44
17 12
17 16
17 39
17 18
17 20
17 36
17 14
17 9
17 5
17 37
17 43
17 24
17 42
17 40
27
18 48
18 10
18 1
18 4
18 15
18 40
18 39
18 34
18 41
18 24
18 16
18 5
18 32
18 13
18 38
18 30
18 36
18 37
18 8
18 11
18 2
18 35
18 49
18 7
18 9
18 26
18 44
21
19 6
19 17
19 26
19 46
19 34
19 16
19 40
19 8
19 18
19 47
19 30
19 13
19 15
19 28
19 35
19 12
19 22
19 14
19 27
19 3
19 48
16
20 43
20 33
20 26
20 41
20 21
20 37
20 13
20 5
20 22
20 24
20 4
20 28
20 46
20 36
20 19
20 35
23
21 48
21 1
21 33
21 45
21 7
21 18
21 13
21 10
21 22
21 26
21 19
21 23
21 39
21 28
21 31
21 29
21 49
21 24
21 36
21 30
21 16
21 15
21 2
16
22 2
22 12
22 8
22 14
22 4
22 46
22 25
22 26
22 28
22 49
22 34
22 13
22 38
22 11
22 18
22 42
22
23 33
23 49
23 35
23 11
23 24
23 18
23 42
23 41
23 36
23 38
23 26
23 30
23 3
23 17
23 5
23 12
23 22
23 31
23 6
23 43
23 2
23 47
17
24 38
24 28
24 25
24 16
24 32
24 41
24 4
24 11
24 45
24 8
24 26
24 46
24 19
24 2
24 36
24 42
24 10
19
25 31
25 18
25 20
25 13
25 21
25 0
25 41
25 40
25 4
25 36
25 38
25 15
25 12
25 49
25 14
25 45
25 7
25 26
25 19
16
26 29
26 1
26 41
26 9
26 42
26 40
26 32
26 39
26 0
26 17
26 3
26 15
26 35
26 2
26 33
26 10
24
27 41
27 25
27 47
27 38
27 22
27 21
27 2
27 18
27 48
27 16
27 36
27 26
27 9
27 33
27 6
27 43
27 14
27 8
27 39
27 13
27 24
27 34
27 31
27 30
12
28 2
28 27
28 34
28 7
28 9
28 45
28 48
28 5
28 11
28 47
28 40
28 30
20
29 8
29 32
29 47
29 28
29 9
29 18
29 6
29 33
29 46
29 23
29 15
29 10
29 44
29 14
29 22
29 11
29 7
29 25
29 45
29 16
19
30 29
30 25
30 20
30 43
30 36
30 31
30 41
30 13
30 22
30 40
30 46
30 32
30 47
30 7
30 15
30 39
30 5
30 12
30 26
23
31 44
31 3
31 29
31 19
31 34
31 47
31 18
31 4
31 8
31 10
31 41
31 14
31 22
31 37
31 42
31 12
31 7
31 20
31 6
31 15
31 49
31 16
31 28
12
32 36
32 47
32 19
32 31
32 20
32 21
32 5
32 3
32 0
32 22
32 28
32 7
17
33 30
33 35
33 42
33 39
33 32
33 44
33 17
33 46
33 47
33 15
33 11
33 28
33 24
33 38
33 36
33 7
33 48
16
34 48
34 23
34 10
34 42
34 3
34 2
34 21
34 7
34 8
34 12
34 33
34 5
34 16
34 24
34 29
34 20
19
35 9
35 24
35 42
35 21
35 45
35 29
35 49
35 5
35 30
35 25
35 34
35 2
35 17
35 31
35 38
35 27
35 44
35 0
35 4
17
36 3
36 19
36 13
36 34
36 29
36 44
36 31
36 38
36 11
36 26
36 47
36 7
36 8
36 39
36 28
36 35
36 22
21
37 42
37 15
37 19
37 26
37 29
37 10
37 33
37 36
37 0
37 11
37 8
37 40
37 24
37 13
37 1
37 22
37 14
37 48
37 34
37 49
37 7
20
38 11
38 13
38 28
38 31
38 42
38 26
38 0
38 41
38 6
38 29
38 20
38 8
38 1
38 48
38 19
38 34
38 12
38 7
38 30
38 32
17
39 25
39 34
39 38
39 35
39 13
39 15
39 12
39 24
39 20
39 16
39 32
39 29
39 11
39 10
39 37
39 5
39 1
24
40 0
40 47
40 9
40 33
40 20
40 14
40 11
40 46
40 38
40 21
40 36
40 1
40 7
40 29
40 24
40 39
40 2
40 34
40 31
40 3
40 10
40 12
40 23
40 13
24
41 5
41 28
41 29
41 1
41 39
41 8
41 37
41 4
41 43
41 45
41 34
41 35
41 10
41 32
41 36
41 48
41 49
41 13
41 47
41 33
41 12
41 44
41 9
41 3
16
42 30
42 48
42 41
42 10
42 20
42 9
42 21
42 49
42 19
42 4
42 14
42 32
42 16
42 27
42 8
42 36
23
43 18
43 46
43 6
43 2
43 10
43 40
43 34
43 16
43 37
43 29
43 48
43 15
43 26
43 25
43 11
43 33
43 35
43 32
43 47
43 9
43 36
43 19
43 0
21
44 1
44 25
44 2
44 9
44 11
44 38
44 26
44 40
44 3
44 4
44 37
44 21
44 43
44 15
44 20
44 39
44 42
44 34
44 23
44 19
44 28
24
45 36
45 46
45 42
45 30
45 18
45 17
45 27
45 38
45 14
45 2
45 20
45 37
45 31
45 6
45 3
45 23
45 43
45 44
45 5
45 48
45 22
45 26
45 33
45 40
24
46 28
46 42
46 8
46 11
46 21
46 9
46 47
46 37
46 32
46 15
46 36
46 41
46 18
46 16
46 38
46 48
46 26
46 35
46 6
46 31
46 34
46 3
46 23
46 49
15
47 34
47 8
47 5
47 25
47 26
47 20
47 44
47 48
47 13
47 11
47 45
47 24
47 17
47 35
47 38
21
48 4
48 44
48 24
48 7
48 40
48 22
48 39
48 25
48 14
48 0
48 36
48 11
48 29
48 20
48 23
48 26
48 2
48 30
48 31
48 16
48 6
21
49 33
49 30
49 38
49 13
49 0
49 28
49 1
49 10
49 24
49 40
49 5
49 20
49 17
49 39
49 2
49 9
49 47
49 11
49 44
49 48
49 27
