50
0 "A17"
1 "A46"
2 "A0"
3 "A11"
4 "A47"
5 "A25"
6 "A29"
7 "A33"
8 "A2"
9 "A16"
10 "A32"
11 "A31"
12 "A44"
13 "A7"
14 "A37"
15 "A5"
16 "A8"
17 "A12"
18 "A1"
19 "A45"
20 "A14"
21 "A3"
22 "A42"
23 "A20"
24 "A15"
25 "A49"
26 "A23"
27 "A36"
28 "A34"
29 "A35"
30 "A41"
31 "A26"
32 "A10"
33 "A22"
34 "A24"
35 "A30"
36 "A28"
37 "A43"
38 "A38"
39 "A9"
40 "A19"
41 "A18"
42 "A21"
43 "A48"
44 "A4"
45 "A6"
46 "A13"
47 "A27"
48 "A40"
49 "A39"
25
0 27
0 39
0 25
0 4
0 6
0 7
0 10
0 46
0 18
0 37
0 3
0 13
0 35
0 8
0 15
0 22
0 34
0 19
0 45
0 47
0 24
0 12
0 32
0 49
0 5
21
1 22
1 28
1 49
1 15
1 44
1 18
1 25
1 10
1 27
1 24
1 0
1 35
1 46
1 20
1 48
1 31
1 2
1 17
1 3
1 7
1 33
19
2 15
2 42
2 0
2 8
2 17
2 13
2 48
2 26
2 28
2 16
2 35
2 25
2 45
2 41
2 19
2 27
2 6
2 22
2 10
21
3 18
3 19
3 15
3 20
3 42
3 49
3 38
3 27
3 46
3 43
3 48
3 26
3 39
3 29
3 21
3 16
3 36
3 25
3 44
3 41
3 32
16
4 39
4 32
4 14
4 5
4 1
4 15
4 18
4 7
4 25
4 43
4 22
4 49
4 48
4 37
4 12
4 44
21
5 6
5 18
5 47
5 13
5 17
5 2
5 42
5 1
5 46
5 25
5 45
5 43
5 44
5 15
5 12
5 14
5 23
5 19
5 31
5 32
5 35
20
6 10
6 32
6 29
6 3
6 48
6 23
6 26
6 43
6 39
6 37
6 9
6 17
6 27
6 7
6 1
6 11
6 24
6 12
6 31
6 33
20
7 22
7 34
7 47
7 10
7 21
7 26
7 48
7 30
7 28
7 39
7 5
7 9
7 16
7 12
7 31
7 29
7 38
7 11
7 20
7 41
21
8 10
8 34
8 38
8 33
8 14
8 40
8 19
8 24
8 4
8 16
8 20
8 46
8 7
8 39
8 13
8 11
8 25
8 6
8 22
8 17
8 41
25
9 3
9 29
9 31
9 45
9 30
9 8
9 37
9 49
9 46
9 0
9 2
9 11
9 28
9 22
9 35
9 33
9 13
9 36
9 40
9 19
9 15
9 4
9 44
9 38
9 47
17
10 3
10 12
10 28
10 40
10 47
10 45
10 46
10 19
10 14
10 49
10 4
10 11
10 42
10 9
10 30
10 20
10 34
19
11 48
11 40
11 2
11 24
11 21
11 22
11 17
11 47
11 14
11 32
11 23
11 45
11 18
11 41
11 42
11 0
11 30
11 34
11 3
13
12 23
12 2
12 40
12 16
12 18
12 43
12 20
12 33
12 34
12 38
12 22
12 1
12 3
21
13 47
13 28
13 42
13 18
13 15
13 23
13 36
13 43
13 19
13 48
13 4
13 49
13 32
13 14
13 6
13 35
13 46
13 24
13 16
13 41
13 17
17
14 6
14 37
14 31
14 25
14 46
14 38
14 47
14 26
14 48
14 21
14 49
14 36
14 16
14 12
14 28
14 39
14 15
15
15 22
15 25
15 48
15 7
15 24
15 46
15 36
15 35
15 6
15 26
15 11
15 33
15 20
15 18
15 16
17
16 33
16 45
16 11
16 44
16 4
16 10
16 48
16 0
16 37
16 31
16 29
16 1
16 49
16 41
16 9
16 36
16 20
18
17 27
17 46
17 30
17 14
17 44
17 22
17 31
17 20
17 23
17 18
17 7
17 32
17 35
17 10
17 33
17 42
17 38
17 9
18
18 39
18 2
18 48
18 21
18 8
18 7
18 29
18 37
18 38
18 28
18 9
18 23
18 14
18 6
18 34
18 16
18 32
18 19
25
19 21
19 38
19 16
19 44
19 12
19 41
19 34
19 32
19 26
19 25
19 47
19 4
19 1
19 27
19 11
19 6
19 14
19 46
19 43
19 33
19 39
19 17
19 7
19 23
19 42
16
20 11
20 31
20 47
20 30
20 27
20 38
20 14
20 18
20 23
20 42
20 6
20 34
20 4
20 48
20 13
20 21
23
21 24
21 32
21 9
21 17
21 2
21 10
21 22
21 27
21 35
21 1
21 4
21 6
21 33
21 5
21 15
21 45
21 28
21 23
21 29
21 44
21 16
21 12
21 36
18
22 32
22 39
22 20
22 33
22 18
22 25
22 5
22 16
22 45
22 49
22 38
22 35
22 19
22 23
22 48
22 10
22 24
22 3
17
23 28
23 30
23 15
23 2
23 8
23 38
23 0
23 16
23 37
23 29
23 26
23 27
23 14
23 44
23 25
23 3
23 4
19
24 32
24 4
24 19
24 12
24 16
24 7
24 27
24 9
24 17
24 48
24 45
24 42
24 36
24 28
24 43
24 20
24 26
24 47
24 5
24
25 9
25 42
25 28
25 46
25 39
25 49
25 12
25 26
25 33
25 10
25 16
25 29
25 11
25 7
25 13
25 24
25 36
25 21
25 35
25 17
25 40
25 6
25 30
25 45
19
26 1
26 18
26 39
26 20
26 13
26 10
26 32
26 9
26 33
26 0
26 11
26 47
26 42
26 21
26 4
26 28
26 36
26 12
26 22
22
27 8
27 33
27 7
27 13
27 15
27 30
27 49
27 47
27 42
27 32
27 26
27 14
27 31
27 39
27 41
27 48
27 10
27 4
27 18
27 36
27 25
27 11
17
28 37
28 41
28 49
28 11
28 29
28 0
28 17
28 46
28 3
28 30
28 19
28 16
28 8
28 34
28 38
28 6
28 27
20
29 26
29 19
29 32
29 22
29 39
29 41
29 35
29 2
29 13
29 36
29 24
29 5
29 45
29 43
29 0
29 42
29 38
29 14
29 8
29 20
24
30 14
30 32
30 35
30 1
30 26
30 16
30 47
30 12
30 2
30 0
30 22
30 8
30 4
30 34
30 46
30 48
30 49
30 3
30 6
30 42
30 38
30 29
30 13
30 39
20
31 0
31 38
31 28
31 25
31 12
31 24
31 2
31 30
31 26
31 41
31 22
31 43
31 44
31 3
31 23
31 10
31 49
31 21
31 46
31 47
15
32 28
32 31
32 20
32 16
32 9
32 14
32 48
32 49
32 7
32 36
32 34
32 43
32 2
32 10
32 1
16
33 24
33 11
33 13
33 3
33 38
33 4
33 41
33 10
33 36
33 46
33 23
33 29
33 37
33 28
33 7
33 47
20
34 46
34 45
34 27
34 13
34 47
34 42
34 29
34 4
34 2
34 6
34 14
34 3
34 15
34 9
34 38
34 22
34 44
34 5
34 33
34 21
18
35 31
35 37
35 10
35 16
35 3
35 34
35 8
35 28
35 27
35 12
35 23
35 42
35 33
35 20
35 14
35 18
35 44
35 26
21
36 37
36 23
36 48
36 22
36 40
36 4
36 18
36 45
36 0
36 7
36 49
36 11
36 34
36 8
36 31
36 6
36 17
36 20
36 10
36 35
36 28
18
37 32
37 24
37 41
37 40
37 46
37 20
37 31
37 5
37 25
37 38
37 12
37 44
37 34
37 3
37 42
37 1
37 13
37 29
12
38 27
38 44
38 46
38 32
38 36
38 11
38 16
38 0
38 25
38 6
38 24
38 2
20
39 45
39 32
39 13
39 41
39 5
39 36
39 1
39 10
39 44
39 16
39 21
39 15
39 2
39 12
39 33
39 47
39 31
39 20
39 35
39 28
27
40 24
40 39
40 46
40 18
40 5
40 26
40 31
40 7
40 42
40 44
40 38
40 2
40 1
40 43
40 4
40 17
40 30
40 27
40 47
40 49
40 15
40 45
40 13
40 14
40 6
40 32
40 19
22
41 1
41 0
41 12
41 35
41 24
41 48
41 21
41 23
41 18
41 34
41 47
41 5
41 10
41 32
41 46
41 20
41 15
41 43
41 9
41 4
41 36
41 22
21
42 14
42 16
42 4
42 33
42 41
42 45
42 31
42 15
42 7
42 18
42 8
42 38
42 44
42 23
42 39
42 36
42 0
42 6
42 48
42 1
42 12
26
43 20
43 38
43 28
43 2
43 42
43 33
43 15
43 14
43 39
43 30
43 35
43 36
43 8
43 10
43 27
43 21
43 11
43 49
43 44
43 25
43 16
43 22
43 9
43 7
43 45
43 17
20
44 48
44 22
44 27
44 26
44 12
44 24
44 28
44 6
44 41
44 2
44 11
44 14
44 7
44 13
44 47
44 20
44 45
44 18
44 15
44 33
21
45 28
45 20
45 26
45 23
45 27
45 7
45 37
45 14
45 35
45 1
45 17
45 12
45 41
45 13
45 4
45 18
45 32
45 15
45 38
45 8
45 3
21
46 27
46 49
46 7
46 24
46 42
46 23
46 6
46 29
46 11
46 22
46 18
46 43
46 35
46 26
46 45
46 2
46 36
46 4
46 20
46 48
46 12
15
47 49
47 8
47 36
47 42
47 46
47 38
47 12
47 4
47 3
47 45
47 21
47 37
47 25
47 1
47 17
19
48 25
48 29
48 28
48 9
48 34
48 5
48 49
48 35
48 10
48 39
48 0
48 12
48 40
48 8
48 23
48 33
48 19
48 37
48 43
20
49 24
49 11
49 34
49 35
49 6
49 12
49 21
49 20
49 26
49 42
49 29
49 33
49 44
49 19
49 8
49 37
49 7
49 38
49 5
49 23
