50
0 "A17"
1 "A46"
2 "A0"
3 "A11"
4 "A47"
5 "A25"
6 "A29"
7 "A33"
8 "A2"
9 "A16"
10 "A32"
11 "A31"
12 "A44"
13 "A7"
14 "A37"
15 "A5"
16 "A8"
17 "A12"
18 "A1"
19 "A45"
20 "A14"
21 "A3"
22 "A42"
23 "A20"
24 "A15"
25 "A49"
26 "A23"
27 "A36"
28 "A34"
29 "A35"
30 "A41"
31 "A26"
32 "A10"
33 "A22"
34 "A24"
35 "A30"
36 "A28"
37 "A43"
38 "A38"
39 "A9"
40 "A19"
41 "A18"
42 "A21"
43 "A48"
44 "A4"
45 "A6"
46 "A13"
47 "A27"
48 "A40"
49 "A39"
23
0 37
0 49
0 27
0 36
0 13
0 16
0 5
0 24
0 38
0 21
0 39
0 25
0 7
0 9
0 42
0 47
0 46
0 23
0 18
0 29
0 22
0 19
0 28
14
1 26
1 18
1 11
1 5
1 45
1 32
1 22
1 13
1 8
1 2
1 48
1 49
1 31
1 38
24
2 15
2 3
2 35
2 44
2 25
2 41
2 40
2 29
2 30
2 21
2 11
2 4
2 37
2 33
2 0
2 12
2 18
2 28
2 5
2 14
2 10
2 23
2 31
2 19
18
3 4
3 44
3 6
3 33
3 36
3 43
3 19
3 25
3 45
3 32
3 22
3 27
3 30
3 24
3 20
3 1
3 9
3 23
26
4 27
4 0
4 41
4 34
4 39
4 14
4 6
4 13
4 35
4 9
4 25
4 15
4 37
4 29
4 46
4 20
4 30
4 33
4 1
4 16
4 11
4 40
4 45
4 43
4 26
4 44
25
5 3
5 8
5 29
5 43
5 26
5 20
5 12
5 37
5 22
5 40
5 34
5 4
5 32
5 28
5 23
5 11
5 9
5 47
5 14
5 35
5 21
5 18
5 17
5 16
5 36
23
6 47
6 19
6 43
6 9
6 0
6 27
6 31
6 21
6 2
6 29
6 23
6 37
6 44
6 45
6 5
6 15
6 1
6 39
6 24
6 11
6 32
6 22
6 42
22
7 10
7 29
7 13
7 43
7 34
7 3
7 12
7 4
7 36
7 37
7 8
7 26
7 23
7 41
7 9
7 25
7 48
7 20
7 16
7 1
7 27
7 2
20
8 6
8 26
8 36
8 42
8 39
8 12
8 18
8 21
8 28
8 24
8 23
8 0
8 49
8 30
8 4
8 17
8 35
8 2
8 25
8 15
12
9 19
9 2
9 33
9 13
9 10
9 48
9 39
9 35
9 42
9 28
9 40
9 26
22
10 25
10 3
10 32
10 47
10 26
10 19
10 38
10 22
10 23
10 40
10 36
10 14
10 43
10 4
10 27
10 8
10 30
10 5
10 28
10 15
10 48
10 24
16
11 35
11 8
11 7
11 12
11 0
11 19
11 25
11 10
11 38
11 40
11 32
11 47
11 16
11 3
11 45
11 21
17
12 0
12 6
12 26
12 27
12 22
12 47
12 33
12 4
12 35
12 31
12 49
12 19
12 18
12 14
12 9
12 1
12 30
21
13 42
13 27
13 15
13 38
13 41
13 37
13 40
13 17
13 31
13 14
13 3
13 32
13 29
13 35
13 12
13 45
13 39
13 2
13 34
13 11
13 6
16
14 29
14 27
14 18
14 38
14 49
14 8
14 36
14 31
14 48
14 39
14 1
14 21
14 47
14 28
14 16
14 42
24
15 22
15 30
15 37
15 5
15 44
15 14
15 29
15 21
15 49
15 24
15 20
15 31
15 12
15 26
15 7
15 9
15 28
15 27
15 40
15 39
15 47
15 42
15 19
15 32
19
16 18
16 41
16 33
16 9
16 13
16 37
16 3
16 6
16 2
16 1
16 30
16 40
16 8
16 10
16 31
16 24
16 49
16 39
16 36
23
17 12
17 37
17 42
17 7
17 21
17 39
17 46
17 33
17 38
17 20
17 43
17 9
17 15
17 27
17 4
17 47
17 44
17 31
17 10
17 14
17 2
17 16
17 3
19
18 48
18 27
18 15
18 4
18 25
18 40
18 29
18 3
18 11
18 7
18 21
18 9
18 24
18 43
18 39
18 6
18 13
18 36
18 33
25
19 20
19 43
19 1
19 16
19 4
19 8
19 7
19 41
19 13
19 21
19 29
19 23
19 45
19 34
19 37
19 22
19 49
19 5
19 44
19 18
19 39
19 35
19 33
19 38
19 14
14
20 23
20 45
20 9
20 10
20 37
20 14
20 13
20 28
20 18
20 21
20 31
20 1
20 25
20 22
13
21 10
21 4
21 43
21 1
21 33
21 47
21 12
21 28
21 7
21 44
21 45
21 40
21 42
19
22 16
22 27
22 47
22 37
22 49
22 24
22 11
22 41
22 32
22 48
22 45
22 33
22 43
22 4
22 35
22 28
22 21
22 9
22 23
20
23 39
23 13
23 38
23 27
23 48
23 41
23 17
23 9
23 44
23 15
23 1
23 47
23 28
23 49
23 33
23 12
23 11
23 31
23 4
23 29
21
24 37
24 9
24 2
24 33
24 7
24 43
24 29
24 14
24 46
24 12
24 17
24 36
24 27
24 21
24 42
24 11
24 4
24 5
24 30
24 23
24 28
19
25 6
25 22
25 38
25 17
25 27
25 14
25 47
25 9
25 28
25 35
25 48
25 43
25 1
25 29
25 49
25 42
25 16
25 39
25 37
24
26 11
26 44
26 33
26 16
26 35
26 23
26 24
26 28
26 18
26 14
26 13
26 3
26 25
26 49
26 21
26 0
26 36
26 27
26 17
26 46
26 22
26 20
26 38
26 6
18
27 20
27 9
27 8
27 49
27 42
27 43
27 5
27 44
27 2
27 32
27 45
27 33
27 16
27 39
27 30
27 31
27 29
27 21
13
28 3
28 19
28 36
28 6
28 7
28 32
28 1
28 11
28 4
28 18
28 40
28 38
28 39
18
29 1
29 45
29 31
29 30
29 8
29 39
29 38
29 46
29 9
29 17
29 43
29 20
29 42
29 32
29 28
29 12
29 48
29 22
16
30 19
30 26
30 11
30 14
30 20
30 41
30 48
30 9
30 17
30 13
30 21
30 18
30 6
30 7
30 1
30 22
22
31 42
31 47
31 45
31 43
31 18
31 38
31 3
31 26
31 22
31 7
31 11
31 39
31 21
31 4
31 5
31 49
31 9
31 25
31 40
31 48
31 10
31 0
23
32 17
32 40
32 45
32 24
32 30
32 49
32 38
32 23
32 7
32 4
32 31
32 9
32 8
32 37
32 44
32 42
32 12
32 34
32 25
32 19
32 21
32 20
32 18
15
33 15
33 13
33 6
33 28
33 20
33 30
33 1
33 10
33 32
33 7
33 11
33 48
33 35
33 29
33 31
21
34 37
34 46
34 0
34 45
34 21
34 16
34 33
34 9
34 30
34 47
34 20
34 27
34 14
34 1
34 10
34 6
34 3
34 12
34 38
34 17
34 29
19
35 16
35 47
35 28
35 3
35 40
35 24
35 15
35 43
35 6
35 18
35 14
35 48
35 29
35 0
35 31
35 10
35 38
35 27
35 42
21
36 40
36 48
36 45
36 39
36 33
36 13
36 38
36 11
36 27
36 47
36 23
36 30
36 35
36 6
36 9
36 25
36 42
36 19
36 15
36 21
36 34
15
37 21
37 27
37 33
37 26
37 14
37 9
37 35
37 1
37 40
37 38
37 42
37 18
37 47
37 45
37 30
13
38 21
38 4
38 24
38 30
38 46
38 15
38 2
38 18
38 5
38 43
38 8
38 3
38 22
19
39 32
39 12
39 20
39 3
39 42
39 44
39 37
39 24
39 30
39 21
39 2
39 1
39 33
39 45
39 40
39 49
39 7
39 38
39 22
20
40 34
40 46
40 48
40 30
40 0
40 26
40 17
40 25
40 22
40 20
40 29
40 38
40 14
40 23
40 6
40 27
40 7
40 41
40 3
40 42
20
41 34
41 35
41 25
41 11
41 29
41 31
41 15
41 36
41 26
41 45
41 24
41 17
41 38
41 47
41 14
41 12
41 33
41 46
41 32
41 39
19
42 46
42 48
42 16
42 34
42 12
42 5
42 30
42 22
42 47
42 4
42 19
42 33
42 18
42 28
42 43
42 45
42 23
42 1
42 49
13
43 15
43 39
43 41
43 34
43 40
43 46
43 9
43 28
43 16
43 30
43 12
43 20
43 2
22
44 28
44 10
44 43
44 20
44 31
44 5
44 41
44 18
44 25
44 24
44 47
44 37
44 8
44 22
44 33
44 38
44 1
44 9
44 34
44 12
44 30
44 29
21
45 40
45 33
45 35
45 12
45 0
45 24
45 44
45 14
45 9
45 49
45 10
45 5
45 25
45 26
45 38
45 43
45 23
45 18
45 17
45 2
45 7
26
46 44
46 22
46 36
46 27
46 5
46 35
46 14
46 8
46 12
46 23
46 3
46 16
46 20
46 39
46 9
46 30
46 15
46 31
46 45
46 32
46 28
46 37
46 11
46 18
46 21
46 1
19
47 24
47 16
47 2
47 1
47 4
47 46
47 38
47 7
47 49
47 19
47 27
47 30
47 32
47 3
47 8
47 13
47 18
47 20
47 40
25
48 12
48 46
48 45
48 38
48 26
48 21
48 8
48 16
48 44
48 34
48 0
48 15
48 47
48 43
48 27
48 17
48 13
48 41
48 4
48 32
48 3
48 39
48 24
48 5
48 6
23
49 41
49 13
49 46
49 18
49 36
49 5
49 37
49 10
49 33
49 2
49 6
49 28
49 34
49 3
49 30
49 24
49 4
49 11
49 9
49 48
49 38
49 29
49 44
