50
0 "A17"
1 "A46"
2 "A0"
3 "A11"
4 "A47"
5 "A25"
6 "A29"
7 "A33"
8 "A2"
9 "A16"
10 "A32"
11 "A31"
12 "A44"
13 "A7"
14 "A37"
15 "A5"
16 "A8"
17 "A12"
18 "A1"
19 "A45"
20 "A14"
21 "A3"
22 "A42"
23 "A20"
24 "A15"
25 "A49"
26 "A23"
27 "A36"
28 "A34"
29 "A35"
30 "A41"
31 "A26"
32 "A10"
33 "A22"
34 "A24"
35 "A30"
36 "A28"
37 "A43"
38 "A38"
39 "A9"
40 "A19"
41 "A18"
42 "A21"
43 "A48"
44 "A4"
45 "A6"
46 "A13"
47 "A27"
48 "A40"
49 "A39"
13
0 46
0 3
0 13
0 28
0 41
0 4
0 8
0 20
0 34
0 36
0 22
0 12
0 15
21
1 20
1 15
1 29
1 4
1 23
1 42
1 47
1 37
1 48
1 44
1 12
1 27
1 19
1 25
1 24
1 7
1 10
1 46
1 49
1 6
1 21
14
2 27
2 32
2 16
2 29
2 48
2 1
2 0
2 41
2 26
2 20
2 39
2 14
2 3
2 9
23
3 30
3 23
3 35
3 7
3 31
3 18
3 46
3 25
3 13
3 36
3 38
3 10
3 26
3 12
3 8
3 32
3 49
3 17
3 33
3 5
3 15
3 48
3 1
24
4 21
4 40
4 36
4 33
4 44
4 32
4 45
4 46
4 39
4 12
4 5
4 10
4 2
4 15
4 30
4 35
4 24
4 11
4 23
4 49
4 3
4 20
4 27
4 41
20
5 7
5 18
5 2
5 44
5 38
5 30
5 0
5 42
5 16
5 1
5 26
5 14
5 24
5 49
5 48
5 20
5 6
5 23
5 8
5 13
14
6 41
6 14
6 49
6 0
6 40
6 24
6 4
6 18
6 36
6 15
6 10
6 34
6 23
6 11
23
7 12
7 0
7 4
7 33
7 46
7 29
7 21
7 35
7 17
7 41
7 40
7 25
7 31
7 19
7 28
7 43
7 36
7 37
7 13
7 11
7 45
7 23
7 26
21
8 49
8 30
8 6
8 14
8 13
8 1
8 41
8 28
8 31
8 15
8 40
8 26
8 45
8 2
8 44
8 33
8 4
8 11
8 21
8 38
8 46
16
9 4
9 15
9 34
9 7
9 35
9 23
9 42
9 46
9 43
9 26
9 41
9 14
9 10
9 39
9 0
9 6
23
10 14
10 47
10 2
10 42
10 49
10 0
10 39
10 43
10 22
10 17
10 21
10 8
10 11
10 29
10 26
10 7
10 41
10 12
10 37
10 28
10 45
10 33
10 34
25
11 26
11 22
11 3
11 45
11 29
11 2
11 49
11 17
11 40
11 15
11 16
11 21
11 1
11 41
11 27
11 46
11 12
11 43
11 38
11 23
11 13
11 47
11 20
11 32
11 0
21
12 8
12 23
12 29
12 9
12 35
12 34
12 46
12 45
12 6
12 40
12 49
12 47
12 17
12 2
12 5
12 41
12 15
12 44
12 18
12 30
12 25
19
13 14
13 33
13 46
13 15
13 2
13 12
13 21
13 48
13 22
13 31
13 40
13 28
13 37
13 4
13 29
13 1
13 49
13 10
13 20
15
14 3
14 18
14 34
14 44
14 11
14 27
14 47
14 7
14 46
14 25
14 32
14 21
14 1
14 41
14 23
14
15 45
15 41
15 23
15 27
15 44
15 10
15 16
15 2
15 5
15 24
15 32
15 7
15 42
15 25
22
16 46
16 1
16 31
16 32
16 14
16 3
16 9
16 13
16 12
16 23
16 33
16 26
16 6
16 48
16 25
16 27
16 34
16 37
16 42
16 28
16 7
16 41
24
17 23
17 4
17 9
17 24
17 42
17 35
17 2
17 5
17 16
17 27
17 48
17 18
17 20
17 8
17 49
17 30
17 21
17 14
17 29
17 41
17 15
17 6
17 31
17 13
19
18 20
18 46
18 0
18 37
18 29
18 35
18 42
18 13
18 10
18 45
18 26
18 32
18 19
18 23
18 9
18 48
18 38
18 39
18 36
19
19 45
19 21
19 22
19 29
19 44
19 17
19 49
19 10
19 4
19 14
19 26
19 25
19 3
19 16
19 41
19 27
19 12
19 32
19 31
17
20 10
20 9
20 8
20 36
20 47
20 40
20 33
20 44
20 15
20 21
20 12
20 3
20 7
20 23
20 14
20 35
20 25
19
21 6
21 35
21 18
21 45
21 5
21 15
21 29
21 42
21 40
21 46
21 41
21 36
21 31
21 23
21 27
21 9
21 3
21 16
21 30
23
22 9
22 40
22 44
22 45
22 12
22 5
22 35
22 33
22 14
22 8
22 15
22 3
22 27
22 7
22 16
22 46
22 37
22 18
22 30
22 39
22 4
22 31
22 42
11
23 45
23 19
23 10
23 47
23 28
23 48
23 44
23 39
23 43
23 36
23 13
23
24 44
24 3
24 9
24 21
24 41
24 34
24 46
24 31
24 20
24 29
24 19
24 43
24 11
24 7
24 14
24 25
24 13
24 10
24 23
24 38
24 26
24 35
24 2
20
25 45
25 9
25 35
25 40
25 32
25 33
25 2
25 42
25 11
25 47
25 36
25 18
25 4
25 13
25 38
25 43
25 10
25 5
25 41
25 6
14
26 21
26 20
26 25
26 22
26 42
26 44
26 32
26 4
26 28
26 0
26 45
26 14
26 39
26 15
21
27 33
27 5
27 23
27 0
27 29
27 41
27 7
27 40
27 28
27 10
27 20
27 47
27 26
27 8
27 38
27 39
27 31
27 9
27 13
27 44
27 42
20
28 14
28 19
28 18
28 20
28 9
28 22
28 24
28 1
28 2
28 34
28 15
28 35
28 49
28 43
28 32
28 29
28 47
28 17
28 46
28 44
20
29 22
29 25
29 42
29 39
29 40
29 5
29 38
29 3
29 4
29 43
29 48
29 9
29 26
29 16
29 14
29 15
29 8
29 23
29 41
29 44
22
30 7
30 1
30 24
30 27
30 29
30 11
30 43
30 38
30 0
30 48
30 45
30 15
30 10
30 2
30 6
30 28
30 37
30 35
30 26
30 34
30 25
30 44
20
31 37
31 34
31 29
31 2
31 26
31 36
31 42
31 33
31 14
31 9
31 30
31 38
31 41
31 40
31 20
31 12
31 25
31 44
31 10
31 28
23
32 30
32 46
32 1
32 33
32 29
32 12
32 10
32 31
32 7
32 36
32 38
32 44
32 35
32 22
32 20
32 23
32 17
32 8
32 13
32 39
32 34
32 5
32 27
24
33 48
33 12
33 29
33 6
33 40
33 14
33 17
33 23
33 26
33 0
33 28
33 49
33 47
33 43
33 21
33 1
33 38
33 15
33 2
33 5
33 46
33 39
33 24
33 11
14
34 33
34 18
34 48
34 49
34 7
34 1
34 21
34 20
34 43
34 5
34 4
34 36
34 3
34 13
25
35 33
35 42
35 2
35 37
35 46
35 10
35 49
35 14
35 38
35 26
35 0
35 16
35 44
35 23
35 29
35 5
35 1
35 6
35 41
35 31
35 11
35 19
35 27
35 40
35 8
26
36 41
36 5
36 38
36 48
36 1
36 19
36 24
36 15
36 8
36 49
36 33
36 17
36 37
36 10
36 12
36 11
36 39
36 9
36 29
36 16
36 27
36 35
36 42
36 45
36 2
36 46
25
37 34
37 38
37 8
37 19
37 27
37 40
37 28
37 32
37 12
37 48
37 6
37 14
37 3
37 9
37 44
37 46
37 49
37 23
37 5
37 11
37 15
37 21
37 26
37 4
37 29
18
38 43
38 4
38 10
38 17
38 6
38 22
38 9
38 34
38 14
38 20
38 19
38 23
38 7
38 21
38 26
38 1
38 13
38 48
18
39 30
39 15
39 8
39 1
39 12
39 14
39 24
39 17
39 0
39 5
39 28
39 43
39 19
39 16
39 21
39 11
39 13
39 38
18
40 30
40 24
40 10
40 48
40 17
40 9
40 32
40 14
40 38
40 23
40 39
40 34
40 16
40 28
40 0
40 1
40 43
40 19
16
41 18
41 33
41 44
41 30
41 39
41 28
41 37
41 49
41 3
41 40
41 20
41 47
41 38
41 1
41 22
41 26
20
42 28
42 6
42 45
42 38
42 32
42 13
42 4
42 41
42 3
42 47
42 34
42 24
42 49
42 46
42 30
42 23
42 2
42 40
42 39
42 14
22
43 47
43 42
43 14
43 15
43 37
43 48
43 21
43 46
43 1
43 5
43 13
43 20
43 19
43 32
43 0
43 36
43 45
43 41
43 27
43 26
43 12
43 35
11
44 25
44 18
44 33
44 3
44 11
44 46
44 7
44 2
44 6
44 34
44 10
21
45 1
45 32
45 41
45 29
45 20
45 14
45 6
45 33
45 35
45 31
45 40
45 17
45 13
45 38
45 3
45 27
45 34
45 9
45 2
45 39
45 28
17
46 2
46 25
46 15
46 29
46 34
46 17
46 45
46 20
46 40
46 27
46 6
46 5
46 39
46 38
46 30
46 23
46 26
22
47 17
47 34
47 30
47 49
47 46
47 8
47 15
47 44
47 16
47 38
47 6
47 5
47 32
47 45
47 7
47 21
47 19
47 26
47 39
47 24
47 31
47 3
20
48 46
48 24
48 0
48 10
48 15
48 8
48 47
48 12
48 4
48 6
48 32
48 9
48 27
48 35
48 22
48 25
48 44
48 14
48 21
48 20
20
49 46
49 30
49 7
49 14
49 22
49 29
49 44
49 26
49 39
49 43
49 24
49 32
49 2
49 0
49 15
49 20
49 9
49 21
49 23
49 48
