50
0 "A17"
1 "A46"
2 "A0"
3 "A11"
4 "A47"
5 "A25"
6 "A29"
7 "A33"
8 "A2"
9 "A16"
10 "A32"
11 "A31"
12 "A44"
13 "A7"
14 "A37"
15 "A5"
16 "A8"
17 "A12"
18 "A1"
19 "A45"
20 "A14"
21 "A3"
22 "A42"
23 "A20"
24 "A15"
25 "A49"
26 "A23"
27 "A36"
28 "A34"
29 "A35"
30 "A41"
31 "A26"
32 "A10"
33 "A22"
34 "A24"
35 "A30"
36 "A28"
37 "A43"
38 "A38"
39 "A9"
40 "A19"
41 "A18"
42 "A21"
43 "A48"
44 "A4"
45 "A6"
46 "A13"
47 "A27"
48 "A40"
49 "A39"
22
0 16
0 46
0 13
0 35
0 38
0 18
0 45
0 8
0 28
0 42
0 12
0 30
0 10
0 41
0 34
0 3
0 1
0 32
0 31
0 27
0 21
0 48
23
1 47
1 19
1 22
1 41
1 44
1 27
1 42
1 23
1 5
1 30
1 46
1 8
1 34
1 48
1 10
1 6
1 37
1 25
1 11
1 39
1 20
1 14
1 43
20
2 40
2 19
2 29
2 8
2 12
2 20
2 37
2 33
2 47
2 6
2 21
2 41
2 26
2 38
2 31
2 34
2 49
2 10
2 1
2 24
18
3 20
3 7
3 30
3 45
3 10
3 41
3 21
3 23
3 2
3 22
3 6
3 42
3 13
3 8
3 33
3 49
3 32
3 18
25
4 41
4 49
4 36
4 20
4 1
4 17
4 48
4 10
4 16
4 12
4 31
4 21
4 22
4 18
4 27
4 46
4 14
4 3
4 11
4 29
4 42
4 26
4 47
4 40
4 32
20
5 38
5 23
5 11
5 25
5 0
5 2
5 26
5 20
5 43
5 29
5 36
5 41
5 32
5 44
5 8
5 27
5 30
5 42
5 39
5 21
21
6 0
6 18
6 46
6 19
6 41
6 39
6 16
6 40
6 28
6 43
6 44
6 22
6 5
6 29
6 17
6 23
6 49
6 26
6 30
6 7
6 36
19
7 35
7 0
7 17
7 41
7 47
7 46
7 10
7 18
7 12
7 13
7 40
7 16
7 28
7 29
7 15
7 21
7 49
7 36
7 2
18
8 46
8 24
8 43
8 36
8 19
8 6
8 44
8 40
8 30
8 27
8 10
8 20
8 39
8 42
8 18
8 7
8 33
8 21
21
9 24
9 15
9 29
9 49
9 12
9 47
9 31
9 26
9 11
9 13
9 8
9 36
9 35
9 5
9 27
9 42
9 14
9 46
9 0
9 25
9 1
21
10 33
10 42
10 19
10 46
10 17
10 48
10 22
10 6
10 15
10 29
10 28
10 24
10 38
10 35
10 11
10 36
10 43
10 41
10 26
10 16
10 49
21
11 48
11 0
11 36
11 26
11 15
11 31
11 42
11 38
11 2
11 40
11 32
11 49
11 12
11 27
11 6
11 45
11 7
11 47
11 3
11 13
11 30
22
12 33
12 15
12 47
12 18
12 3
12 29
12 30
12 44
12 10
12 35
12 42
12 5
12 45
12 8
12 21
12 49
12 1
12 39
12 38
12 6
12 14
12 28
17
13 18
13 33
13 1
13 42
13 21
13 37
13 34
13 8
13 32
13 36
13 31
13 47
13 4
13 39
13 28
13 5
13 10
21
14 46
14 24
14 7
14 10
14 27
14 31
14 28
14 44
14 17
14 2
14 30
14 47
14 0
14 42
14 32
14 20
14 43
14 35
14 49
14 6
14 5
20
15 24
15 47
15 34
15 3
15 17
15 26
15 6
15 1
15 46
15 8
15 16
15 28
15 4
15 14
15 27
15 18
15 20
15 5
15 13
15 48
23
16 8
16 12
16 1
16 5
16 22
16 17
16 30
16 13
16 43
16 45
16 26
16 38
16 11
16 32
16 31
16 9
16 44
16 20
16 3
16 24
16 46
16 42
16 41
20
17 47
17 13
17 18
17 5
17 12
17 23
17 37
17 25
17 42
17 35
17 21
17 48
17 49
17 1
17 34
17 11
17 41
17 40
17 36
17 30
21
18 41
18 19
18 9
18 45
18 24
18 31
18 16
18 28
18 2
18 36
18 38
18 29
18 46
18 11
18 25
18 1
18 43
18 5
18 10
18 35
18 23
20
19 31
19 0
19 49
19 11
19 21
19 41
19 26
19 29
19 17
19 25
19 5
19 32
19 14
19 16
19 40
19 3
19 13
19 27
19 9
19 7
18
20 25
20 48
20 17
20 44
20 6
20 18
20 26
20 21
20 10
20 33
20 43
20 36
20 13
20 0
20 12
20 35
20 9
20 32
12
21 11
21 30
21 45
21 40
21 10
21 36
21 22
21 41
21 35
21 18
21 6
21 16
21
22 24
22 9
22 2
22 36
22 19
22 37
22 5
22 11
22 14
22 17
22 27
22 25
22 47
22 35
22 42
22 23
22 29
22 18
22 49
22 34
22 13
21
23 0
23 29
23 27
23 13
23 31
23 14
23 45
23 36
23 10
23 16
23 37
23 9
23 20
23 42
23 26
23 47
23 15
23 7
23 12
23 49
23 21
22
24 37
24 17
24 3
24 42
24 36
24 5
24 7
24 34
24 6
24 23
24 0
24 20
24 27
24 29
24 40
24 11
24 41
24 19
24 25
24 21
24 1
24 48
24
25 12
25 10
25 42
25 6
25 2
25 40
25 16
25 8
25 11
25 13
25 28
25 31
25 30
25 36
25 33
25 3
25 35
25 15
25 41
25 21
25 43
25 27
25 14
25 7
20
26 34
26 40
26 21
26 18
26 25
26 29
26 12
26 35
26 3
26 14
26 22
26 13
26 36
26 32
26 7
26 30
26 27
26 44
26 45
26 17
13
27 10
27 7
27 29
27 6
27 21
27 31
27 40
27 20
27 38
27 18
27 44
27 12
27 17
18
28 43
28 21
28 5
28 31
28 37
28 34
28 44
28 2
28 4
28 26
28 35
28 42
28 46
28 24
28 19
28 8
28 1
28 39
16
29 3
29 15
29 20
29 16
29 45
29 8
29 48
29 1
29 46
29 17
29 43
29 37
29 13
29 34
29 30
29 28
16
30 28
30 2
30 20
30 13
30 7
30 15
30 9
30 49
30 4
30 43
30 38
30 19
30 39
30 36
30 23
30 10
15
31 39
31 36
31 3
31 47
31 30
31 24
31 43
31 5
31 26
31 12
31 32
31 17
31 33
31 1
31 10
20
32 48
32 21
32 17
32 42
32 15
32 33
32 36
32 29
32 37
32 10
32 27
32 25
32 39
32 12
32 24
32 9
32 1
32 30
32 41
32 18
17
33 5
33 1
33 48
33 18
33 6
33 11
33 9
33 37
33 27
33 0
33 24
33 4
33 16
33 14
33 22
33 26
33 30
17
34 44
34 40
34 27
34 4
34 7
34 16
34 14
34 11
34 3
34 38
34 49
34 10
34 5
34 43
34 18
34 20
34 23
23
35 1
35 42
35 6
35 23
35 38
35 19
35 4
35 16
35 32
35 2
35 44
35 49
35 11
35 39
35 41
35 5
35 8
35 31
35 24
35 30
35 34
35 3
35 29
15
36 42
36 29
36 16
36 2
36 15
36 39
36 3
36 19
36 38
36 1
36 28
36 27
36 14
36 43
36 35
22
37 35
37 8
37 25
37 34
37 39
37 12
37 36
37 26
37 4
37 5
37 19
37 49
37 43
37 46
37 47
37 15
37 18
37 3
37 30
37 16
37 14
37 21
23
38 6
38 17
38 25
38 22
38 33
38 28
38 8
38 15
38 13
38 19
38 37
38 26
38 21
38 40
38 7
38 49
38 41
38 43
38 42
38 14
38 3
38 23
38 4
21
39 48
39 3
39 49
39 2
39 46
39 0
39 26
39 15
39 16
39 17
39 19
39 24
39 38
39 34
39 22
39 33
39 20
39 29
39 25
39 10
39 14
22
40 33
40 49
40 39
40 43
40 13
40 5
40 36
40 23
40 32
40 12
40 41
40 35
40 29
40 10
40 48
40 30
40 47
40 22
40 15
40 16
40 0
40 31
17
41 23
41 37
41 48
41 9
41 20
41 43
41 45
41 14
41 26
41 34
41 22
41 27
41 15
41 39
41 29
41 12
41 31
18
42 41
42 34
42 37
42 27
42 43
42 15
42 31
42 7
42 46
42 2
42 48
42 30
42 40
42 19
42 21
42 39
42 33
42 6
15
43 0
43 21
43 33
43 3
43 23
43 19
43 15
43 26
43 12
43 24
43 39
43 2
43 32
43 22
43 7
21
44 21
44 24
44 17
44 38
44 30
44 9
44 3
44 43
44 37
44 33
44 48
44 25
44 19
44 46
44 0
44 47
44 7
44 13
44 29
44 39
44 10
26
45 4
45 27
45 42
45 17
45 15
45 25
45 7
45 37
45 40
45 48
45 33
45 24
45 9
45 38
45 46
45 31
45 28
45 39
45 5
45 20
45 36
45 35
45 19
45 1
45 14
45 32
20
46 34
46 22
46 43
46 12
46 5
46 33
46 27
46 19
46 13
46 24
46 17
46 23
46 35
46 40
46 38
46 26
46 25
46 2
46 49
46 31
21
47 6
47 20
47 34
47 30
47 16
47 39
47 48
47 3
47 21
47 32
47 46
47 0
47 26
47 35
47 8
47 27
47 45
47 5
47 42
47 18
47 19
19
48 9
48 6
48 5
48 30
48 16
48 36
48 2
48 43
48 22
48 35
48 46
48 19
48 18
48 23
48 3
48 7
48 31
48 12
48 8
14
49 33
49 47
49 27
49 0
49 32
49 25
49 31
49 44
49 20
49 15
49 16
49 5
49 21
49 45
