50
0 "A17"
1 "A46"
2 "A0"
3 "A11"
4 "A47"
5 "A25"
6 "A29"
7 "A33"
8 "A2"
9 "A16"
10 "A32"
11 "A31"
12 "A44"
13 "A7"
14 "A37"
15 "A5"
16 "A8"
17 "A12"
18 "A1"
19 "A45"
20 "A14"
21 "A3"
22 "A42"
23 "A20"
24 "A15"
25 "A49"
26 "A23"
27 "A36"
28 "A34"
29 "A35"
30 "A41"
31 "A26"
32 "A10"
33 "A22"
34 "A24"
35 "A30"
36 "A28"
37 "A43"
38 "A38"
39 "A9"
40 "A19"
41 "A18"
42 "A21"
43 "A48"
44 "A4"
45 "A6"
46 "A13"
47 "A27"
48 "A40"
49 "A39"
22
0 22
0 2
0 24
0 8
0 26
0 41
0 48
0 19
0 23
0 28
0 38
0 42
0 45
0 29
0 3
0 44
0 11
0 40
0 4
0 39
0 7
0 30
17
1 29
1 9
1 22
1 35
1 3
1 33
1 10
1 43
1 45
1 32
1 48
1 15
1 8
1 44
1 26
1 47
1 17
18
2 48
2 15
2 23
2 24
2 32
2 36
2 43
2 41
2 26
2 49
2 22
2 13
2 28
2 17
2 31
2 12
2 34
2 9
19
3 9
3 2
3 46
3 28
3 7
3 43
3 32
3 20
3 47
3 8
3 37
3 14
3 16
3 27
3 15
3 10
3 39
3 5
3 34
12
4 3
4 39
4 28
4 30
4 6
4 8
4 16
4 32
4 9
4 38
4 45
4 43
20
5 8
5 19
5 43
5 36
5 48
5 25
5 6
5 10
5 31
5 35
5 18
5 16
5 45
5 11
5 15
5 38
5 2
5 22
5 4
5 46
21
6 34
6 24
6 31
6 20
6 37
6 15
6 42
6 0
6 32
6 29
6 14
6 38
6 39
6 30
6 23
6 21
6 45
6 47
6 46
6 43
6 26
24
7 1
7 11
7 19
7 29
7 49
7 25
7 8
7 31
7 42
7 20
7 48
7 10
7 46
7 6
7 15
7 2
7 33
7 26
7 5
7 44
7 39
7 32
7 4
7 35
15
8 22
8 39
8 49
8 35
8 26
8 13
8 9
8 15
8 24
8 2
8 48
8 37
8 19
8 46
8 25
21
9 43
9 41
9 20
9 6
9 33
9 19
9 13
9 28
9 36
9 44
9 5
9 7
9 30
9 25
9 46
9 42
9 24
9 47
9 15
9 48
9 32
18
10 42
10 9
10 13
10 0
10 40
10 37
10 29
10 22
10 28
10 25
10 48
10 23
10 15
10 41
10 32
10 45
10 35
10 2
24
11 26
11 23
11 31
11 32
11 14
11 2
11 6
11 1
11 29
11 45
11 49
11 39
11 21
11 9
11 8
11 48
11 22
11 12
11 15
11 3
11 36
11 30
11 35
11 18
16
12 49
12 19
12 41
12 44
12 1
12 37
12 0
12 40
12 34
12 16
12 46
12 22
12 4
12 6
12 8
12 38
19
13 1
13 47
13 23
13 7
13 11
13 24
13 18
13 42
13 12
13 19
13 14
13 0
13 45
13 6
13 5
13 25
13 30
13 43
13 41
22
14 32
14 23
14 5
14 28
14 33
14 26
14 34
14 36
14 4
14 45
14 20
14 9
14 47
14 46
14 18
14 42
14 12
14 38
14 22
14 29
14 41
14 21
17
15 12
15 18
15 42
15 4
15 23
15 29
15 38
15 49
15 45
15 43
15 13
15 46
15 39
15 27
15 14
15 36
15 40
23
16 18
16 20
16 13
16 28
16 44
16 0
16 46
16 15
16 27
16 36
16 17
16 1
16 6
16 22
16 8
16 40
16 2
16 25
16 29
16 19
16 32
16 9
16 26
22
17 0
17 46
17 23
17 15
17 32
17 43
17 4
17 27
17 5
17 31
17 18
17 37
17 30
17 49
17 3
17 10
17 7
17 21
17 11
17 6
17 36
17 13
16
18 49
18 1
18 10
18 26
18 25
18 21
18 8
18 36
18 3
18 40
18 6
18 20
18 4
18 43
18 0
18 47
15
19 38
19 42
19 28
19 33
19 48
19 14
19 17
19 46
19 1
19 30
19 11
19 44
19 25
19 26
19 49
14
20 2
20 1
20 42
20 8
20 31
20 28
20 49
20 0
20 17
20 27
20 23
20 12
20 13
20 36
21
21 34
21 9
21 4
21 3
21 38
21 23
21 19
21 16
21 47
21 7
21 1
21 48
21 40
21 45
21 33
21 22
21 0
21 44
21 2
21 15
21 12
18
22 32
22 29
22 41
22 45
22 3
22 20
22 19
22 35
22 38
22 44
22 17
22 15
22 18
22 31
22 7
22 6
22 9
22 43
20
23 16
23 3
23 18
23 29
23 46
23 7
23 5
23 47
23 45
23 34
23 19
23 27
23 12
23 8
23 4
23 33
23 22
23 9
23 49
23 1
20
24 37
24 48
24 4
24 10
24 22
24 28
24 19
24 12
24 20
24 35
24 15
24 14
24 21
24 3
24 42
24 32
24 18
24 1
24 5
24 49
20
25 33
25 35
25 43
25 0
25 11
25 24
25 37
25 6
25 3
25 36
25 40
25 21
25 45
25 1
25 17
25 31
25 15
25 29
25 46
25 30
17
26 12
26 48
26 15
26 25
26 24
26 22
26 36
26 33
26 3
26 29
26 35
26 38
26 37
26 23
26 21
26 10
26 34
24
27 14
27 11
27 25
27 26
27 12
27 4
27 13
27 5
27 8
27 9
27 10
27 34
27 35
27 49
27 31
27 44
27 22
27 41
27 21
27 38
27 7
27 2
27 45
27 19
18
28 44
28 18
28 22
28 13
28 8
28 32
28 21
28 23
28 33
28 7
28 27
28 34
28 6
28 43
28 17
28 26
28 1
28 12
17
29 38
29 20
29 34
29 2
29 18
29 8
29 41
29 31
29 28
29 12
29 27
29 24
29 39
29 35
29 43
29 3
29 5
19
30 18
30 40
30 7
30 43
30 39
30 22
30 28
30 27
30 31
30 46
30 12
30 15
30 21
30 3
30 2
30 8
30 29
30 38
30 14
22
31 18
31 10
31 14
31 32
31 39
31 41
31 9
31 21
31 23
31 16
31 8
31 42
31 12
31 13
31 3
31 1
31 26
31 47
31 40
31 49
31 28
31 24
19
32 5
32 23
32 20
32 49
32 42
32 25
32 13
32 15
32 30
32 18
32 29
32 36
32 47
32 37
32 33
32 48
32 34
32 39
32 0
21
33 24
33 5
33 35
33 30
33 37
33 38
33 34
33 29
33 3
33 43
33 6
33 20
33 11
33 31
33 22
33 17
33 18
33 42
33 16
33 44
33 10
25
34 24
34 38
34 36
34 5
34 31
34 16
34 39
34 19
34 25
34 30
34 1
34 37
34 7
34 43
34 13
34 15
34 4
34 20
34 17
34 47
34 22
34 8
34 11
34 49
34 42
21
35 4
35 31
35 16
35 9
35 21
35 45
35 36
35 18
35 3
35 20
35 44
35 41
35 39
35 30
35 46
35 19
35 12
35 47
35 2
35 15
35 34
22
36 28
36 47
36 1
36 8
36 43
36 0
36 10
36 38
36 42
36 21
36 31
36 27
36 3
36 30
36 19
36 44
36 37
36 12
36 7
36 6
36 4
36 29
16
37 15
37 2
37 21
37 29
37 49
37 27
37 0
37 35
37 19
37 28
37 14
37 9
37 18
37 39
37 7
37 20
21
38 2
38 42
38 13
38 35
38 18
38 17
38 3
38 31
38 46
38 20
38 8
38 7
38 16
38 44
38 49
38 45
38 47
38 11
38 32
38 23
38 9
21
39 40
39 24
39 14
39 33
39 12
39 49
39 25
39 36
39 22
39 13
39 27
39 2
39 5
39 20
39 18
39 45
39 21
39 26
39 10
39 1
39 28
26
40 38
40 7
40 13
40 49
40 5
40 14
40 19
40 34
40 45
40 1
40 28
40 11
40 23
40 35
40 6
40 17
40 26
40 32
40 9
40 33
40 47
40 36
40 2
40 29
40 4
40 41
24
41 37
41 26
41 7
41 38
41 3
41 4
41 8
41 32
41 42
41 15
41 28
41 46
41 18
41 6
41 23
41 17
41 1
41 36
41 20
41 16
41 25
41 24
41 5
41 39
19
42 21
42 8
42 48
42 5
42 44
42 40
42 37
42 12
42 23
42 4
42 26
42 16
42 27
42 3
42 30
42 35
42 1
42 28
42 47
17
43 41
43 39
43 37
43 35
43 19
43 7
43 24
43 26
43 0
43 10
43 31
43 42
43 40
43 16
43 38
43 8
43 32
19
44 3
44 47
44 26
44 11
44 14
44 8
44 20
44 29
44 23
44 10
44 4
44 40
44 49
44 31
44 34
44 6
44 41
44 32
44 15
20
45 33
45 30
45 16
45 32
45 29
45 9
45 17
45 47
45 8
45 2
45 7
45 34
45 20
45 41
45 12
45 42
45 48
45 19
45 44
45 31
21
46 24
46 39
46 4
46 43
46 28
46 1
46 18
46 11
46 27
46 45
46 44
46 10
46 29
46 32
46 37
46 40
46 36
46 0
46 21
46 34
46 49
18
47 10
47 49
47 43
47 4
47 46
47 11
47 19
47 8
47 15
47 24
47 30
47 16
47 12
47 2
47 33
47 5
47 25
47 0
21
48 47
48 36
48 16
48 34
48 31
48 6
48 15
48 44
48 39
48 41
48 17
48 40
48 3
48 29
48 25
48 22
48 43
48 35
48 14
48 33
48 4
18
49 10
49 1
49 35
49 5
49 48
49 9
49 41
49 43
49 30
49 25
49 22
49 26
49 33
49 6
49 0
49 28
49 21
49 29
