50
0 "A17"
1 "A46"
2 "A0"
3 "A11"
4 "A47"
5 "A25"
6 "A29"
7 "A33"
8 "A2"
9 "A16"
10 "A32"
11 "A31"
12 "A44"
13 "A7"
14 "A37"
15 "A5"
16 "A8"
17 "A12"
18 "A1"
19 "A45"
20 "A14"
21 "A3"
22 "A42"
23 "A20"
24 "A15"
25 "A49"
26 "A23"
27 "A36"
28 "A34"
29 "A35"
30 "A41"
31 "A26"
32 "A10"
33 "A22"
34 "A24"
35 "A30"
36 "A28"
37 "A43"
38 "A38"
39 "A9"
40 "A19"
41 "A18"
42 "A21"
43 "A48"
44 "A4"
45 "A6"
46 "A13"
47 "A27"
48 "A40"
49 "A39"
17
0 38
0 34
0 25
0 11
0 27
0 15
0 41
0 7
0 40
0 12
0 1
0 35
0 49
0 44
0 22
0 19
0 30
16
1 13
1 48
1 42
1 5
1 37
1 23
1 17
1 28
1 43
1 11
1 15
1 32
1 36
1 45
1 39
1 49
19
2 16
2 14
2 23
2 30
2 40
2 9
2 15
2 18
2 43
2 34
2 45
2 4
2 24
2 13
2 1
2 44
2 28
2 48
2 0
22
3 20
3 46
3 9
3 37
3 7
3 10
3 1
3 26
3 31
3 29
3 25
3 36
3 13
3 16
3 48
3 11
3 49
3 0
3 23
3 5
3 8
3 32
20
4 12
4 36
4 26
4 15
4 45
4 27
4 10
4 47
4 23
4 43
4 17
4 29
4 7
4 41
4 22
4 37
4 48
4 0
4 21
4 30
21
5 2
5 42
5 20
5 11
5 45
5 37
5 27
5 43
5 26
5 4
5 35
5 32
5 36
5 17
5 0
5 49
5 12
5 44
5 25
5 23
5 28
22
6 49
6 28
6 20
6 44
6 25
6 21
6 13
6 38
6 23
6 31
6 15
6 43
6 32
6 35
6 22
6 47
6 45
6 0
6 16
6 14
6 34
6 42
19
7 2
7 38
7 13
7 8
7 26
7 16
7 34
7 49
7 29
7 42
7 5
7 31
7 6
7 1
7 48
7 27
7 39
7 18
7 36
22
8 40
8 26
8 6
8 29
8 38
8 15
8 37
8 1
8 35
8 33
8 25
8 14
8 45
8 22
8 44
8 42
8 39
8 9
8 5
8 48
8 49
8 24
17
9 47
9 7
9 22
9 20
9 43
9 41
9 12
9 5
9 0
9 19
9 30
9 15
9 1
9 26
9 4
9 32
9 27
16
10 31
10 37
10 7
10 48
10 25
10 0
10 2
10 44
10 28
10 49
10 8
10 42
10 24
10 22
10 9
10 47
19
11 30
11 41
11 35
11 48
11 6
11 4
11 24
11 8
11 42
11 10
11 38
11 23
11 32
11 46
11 9
11 33
11 28
11 36
11 49
22
12 23
12 25
12 14
12 7
12 36
12 2
12 29
12 16
12 11
12 6
12 27
12 20
12 37
12 43
12 38
12 41
12 13
12 8
12 40
12 44
12 42
12 1
16
13 41
13 8
13 33
13 43
13 11
13 25
13 19
13 28
13 15
13 21
13 36
13 37
13 47
13 45
13 5
13 14
23
14 31
14 10
14 34
14 45
14 29
14 5
14 39
14 42
14 3
14 21
14 15
14 44
14 43
14 18
14 9
14 17
14 0
14 7
14 11
14 4
14 37
14 48
14 41
19
15 45
15 39
15 17
15 26
15 40
15 20
15 27
15 41
15 3
15 29
15 38
15 33
15 49
15 43
15 36
15 10
15 25
15 7
15 32
19
16 4
16 26
16 24
16 37
16 20
16 18
16 34
16 39
16 10
16 0
16 8
16 23
16 19
16 46
16 11
16 22
16 44
16 1
16 41
20
17 41
17 18
17 39
17 47
17 2
17 13
17 38
17 8
17 7
17 16
17 9
17 36
17 10
17 6
17 34
17 29
17 37
17 49
17 11
17 42
22
18 34
18 47
18 10
18 21
18 11
18 40
18 0
18 25
18 13
18 15
18 29
18 1
18 20
18 43
18 28
18 35
18 4
18 6
18 36
18 26
18 23
18 49
25
19 41
19 32
19 26
19 11
19 12
19 38
19 48
19 2
19 44
19 8
19 17
19 6
19 33
19 18
19 7
19 21
19 1
19 23
19 15
19 45
19 42
19 46
19 4
19 39
19 5
20
20 37
20 1
20 7
20 19
20 31
20 17
20 8
20 27
20 46
20 4
20 13
20 28
20 10
20 21
20 0
20 41
20 11
20 45
20 40
20 33
21
21 32
21 31
21 12
21 7
21 10
21 3
21 28
21 36
21 0
21 48
21 42
21 47
21 40
21 1
21 17
21 11
21 16
21 15
21 38
21 25
21 37
22
22 30
22 12
22 42
22 41
22 2
22 15
22 3
22 25
22 20
22 39
22 44
22 45
22 19
22 31
22 28
22 7
22 17
22 5
22 13
22 43
22 47
22 1
15
23 13
23 20
23 27
23 0
23 36
23 41
23 43
23 7
23 22
23 8
23 39
23 34
23 17
23 9
23 10
22
24 47
24 37
24 21
24 6
24 15
24 44
24 0
24 12
24 34
24 29
24 27
24 1
24 14
24 3
24 43
24 19
24 31
24 22
24 32
24 17
24 5
24 40
21
25 23
25 2
25 29
25 38
25 43
25 37
25 17
25 20
25 24
25 45
25 16
25 49
25 27
25 46
25 32
25 41
25 30
25 28
25 1
25 11
25 9
13
26 13
26 36
26 21
26 25
26 41
26 12
26 24
26 23
26 22
26 38
26 0
26 11
26 20
16
27 19
27 11
27 14
27 13
27 43
27 40
27 3
27 39
27 41
27 6
27 17
27 34
27 22
27 32
27 49
27 45
18
28 33
28 43
28 26
28 12
28 34
28 41
28 0
28 15
28 14
28 7
28 4
28 16
28 8
28 42
28 44
28 36
28 23
28 17
22
29 39
29 11
29 37
29 28
29 6
29 35
29 31
29 20
29 22
29 43
29 32
29 2
29 13
29 21
29 0
29 38
29 49
29 45
29 27
29 19
29 9
29 10
21
30 13
30 23
30 16
30 40
30 3
30 17
30 15
30 28
30 43
30 1
30 6
30 10
30 8
30 14
30 31
30 24
30 21
30 5
30 29
30 26
30 37
22
31 8
31 28
31 18
31 42
31 27
31 4
31 26
31 0
31 46
31 49
31 25
31 1
31 13
31 2
31 32
31 44
31 39
31 43
31 11
31 23
31 12
31 37
18
32 26
32 23
32 8
32 33
32 20
32 37
32 2
32 10
32 30
32 39
32 14
32 4
32 13
32 22
32 49
32 18
32 16
32 0
23
33 10
33 16
33 17
33 24
33 3
33 42
33 44
33 36
33 34
33 1
33 2
33 4
33 30
33 14
33 5
33 22
33 29
33 21
33 23
33 27
33 6
33 9
33 47
21
34 22
34 31
34 13
34 1
34 19
34 36
34 43
34 37
34 41
34 12
34 32
34 38
34 4
34 10
34 29
34 20
34 30
34 5
34 3
34 21
34 40
27
35 20
35 2
35 14
35 15
35 48
35 28
35 27
35 30
35 40
35 23
35 19
35 22
35 31
35 47
35 3
35 1
35 13
35 34
35 39
35 9
35 16
35 43
35 24
35 32
35 21
35 46
35 4
17
36 8
36 42
36 27
36 24
36 43
36 22
36 9
36 16
36 47
36 37
36 29
36 2
36 20
36 30
36 0
36 44
36 14
12
37 7
37 26
37 9
37 39
37 2
37 6
37 38
37 11
37 27
37 18
37 28
37 23
20
38 46
38 30
38 18
38 2
38 32
38 9
38 1
38 23
38 27
38 35
38 5
38 31
38 49
38 48
38 14
38 36
38 3
38 33
38 20
38 10
19
39 26
39 33
39 48
39 0
39 25
39 45
39 47
39 21
39 6
39 11
39 12
39 2
39 43
39 24
39 40
39 30
39 38
39 18
39 34
18
40 25
40 45
40 47
40 10
40 49
40 23
40 31
40 38
40 14
40 17
40 32
40 6
40 44
40 19
40 3
40 33
40 9
40 5
20
41 35
41 1
41 7
41 2
41 46
41 47
41 21
41 40
41 5
41 8
41 48
41 38
41 36
41 24
41 45
41 3
41 10
41 44
41 31
41 18
22
42 44
42 30
42 25
42 0
42 24
42 39
42 32
42 20
42 48
42 41
42 35
42 15
42 37
42 34
42 29
42 46
42 3
42 27
42 9
42 4
42 23
42 47
12
43 10
43 47
43 41
43 16
43 7
43 32
43 17
43 8
43 26
43 38
43 40
43 19
18
44 15
44 30
44 17
44 26
44 23
44 9
44 13
44 25
44 43
44 32
44 37
44 3
44 27
44 38
44 45
44 29
44 4
44 34
18
45 7
45 46
45 16
45 33
45 31
45 10
45 42
45 26
45 34
45 12
45 36
45 30
45 32
45 43
45 18
45 28
45 9
45 47
24
46 47
46 24
46 27
46 0
46 43
46 1
46 2
46 12
46 10
46 29
46 26
46 37
46 17
46 22
46 13
46 34
46 14
46 18
46 5
46 21
46 36
46 32
46 6
46 7
21
47 15
47 11
47 1
47 19
47 27
47 32
47 14
47 34
47 8
47 26
47 44
47 7
47 37
47 48
47 29
47 16
47 2
47 12
47 0
47 30
47 5
25
48 24
48 22
48 5
48 43
48 32
48 25
48 44
48 26
48 36
48 6
48 27
48 33
48 15
48 30
48 46
48 40
48 0
48 31
48 16
48 29
48 28
48 13
48 17
48 12
48 9
16
49 21
49 42
49 36
49 43
49 20
49 37
49 22
49 4
49 24
49 23
49 35
49 26
49 44
49 28
49 2
49 45
