50
0 "A17"
1 "A46"
2 "A0"
3 "A11"
4 "A47"
5 "A25"
6 "A29"
7 "A33"
8 "A2"
9 "A16"
10 "A32"
11 "A31"
12 "A44"
13 "A7"
14 "A37"
15 "A5"
16 "A8"
17 "A12"
18 "A1"
19 "A45"
20 "A14"
21 "A3"
22 "A42"
23 "A20"
24 "A15"
25 "A49"
26 "A23"
27 "A36"
28 "A34"
29 "A35"
30 "A41"
31 "A26"
32 "A10"
33 "A22"
34 "A24"
35 "A30"
36 "A28"
37 "A43"
38 "A38"
39 "A9"
40 "A19"
41 "A18"
42 "A21"
43 "A48"
44 "A4"
45 "A6"
46 "A13"
47 "A27"
48 "A40"
49 "A39"
19
0 4
0 13
0 38
0 33
0 18
0 8
0 19
0 42
0 9
0 31
0 26
0 17
0 25
0 45
0 48
0 30
0 49
0 27
0 21
17
1 25
1 47
1 28
1 19
1 12
1 27
1 21
1 29
1 49
1 8
1 15
1 26
1 32
1 18
1 4
1 43
1 41
20
2 46
2 15
2 37
2 14
2 12
2 29
2 22
2 45
2 48
2 32
2 36
2 20
2 43
2 47
2 38
2 17
2 27
2 26
2 11
2 16
19
3 24
3 34
3 1
3 21
3 0
3 29
3 15
3 28
3 13
3 6
3 37
3 22
3 19
3 33
3 36
3 2
3 31
3 20
3 26
17
4 38
4 48
4 18
4 8
4 14
4 2
4 16
4 45
4 37
4 39
4 20
4 12
4 25
4 21
4 3
4 9
4 31
20
5 42
5 8
5 0
5 27
5 13
5 6
5 9
5 18
5 4
5 28
5 16
5 20
5 2
5 22
5 38
5 49
5 21
5 41
5 31
5 34
18
6 21
6 29
6 39
6 0
6 4
6 30
6 32
6 34
6 37
6 33
6 38
6 17
6 23
6 49
6 7
6 28
6 19
6 1
21
7 25
7 26
7 39
7 38
7 24
7 47
7 4
7 0
7 20
7 37
7 36
7 1
7 27
7 45
7 3
7 49
7 14
7 10
7 30
7 43
7 8
19
8 13
8 30
8 18
8 6
8 14
8 23
8 10
8 44
8 3
8 41
8 35
8 27
8 34
8 29
8 48
8 46
8 36
8 2
8 16
19
9 45
9 30
9 7
9 41
9 16
9 28
9 8
9 40
9 43
9 27
9 32
9 29
9 20
9 1
9 2
9 6
9 22
9 36
9 48
23
10 38
10 0
10 15
10 33
10 43
10 17
10 22
10 13
10 3
10 25
10 46
10 6
10 2
10 23
10 11
10 5
10 14
10 27
10 28
10 1
10 4
10 30
10 9
20
11 3
11 28
11 22
11 15
11 1
11 38
11 17
11 43
11 44
11 27
11 9
11 8
11 25
11 46
11 5
11 36
11 23
11 6
11 37
11 42
19
12 45
12 40
12 26
12 42
12 33
12 38
12 32
12 36
12 49
12 24
12 18
12 10
12 29
12 8
12 47
12 11
12 5
12 19
12 7
23
13 45
13 29
13 9
13 15
13 16
13 32
13 17
13 7
13 21
13 11
13 18
13 36
13 4
13 19
13 26
13 38
13 27
13 31
13 1
13 35
13 24
13 12
13 6
23
14 35
14 42
14 6
14 46
14 29
14 49
14 28
14 37
14 3
14 22
14 47
14 19
14 44
14 25
14 41
14 45
14 17
14 1
14 23
14 24
14 0
14 27
14 12
20
15 46
15 12
15 28
15 5
15 41
15 44
15 35
15 9
15 16
15 45
15 21
15 27
15 18
15 4
15 24
15 31
15 23
15 6
15 48
15 0
21
16 24
16 6
16 38
16 49
16 43
16 23
16 17
16 1
16 27
16 46
16 18
16 10
16 11
16 3
16 44
16 35
16 41
16 20
16 48
16 26
16 30
20
17 38
17 29
17 48
17 4
17 31
17 32
17 43
17 28
17 3
17 44
17 20
17 12
17 5
17 33
17 40
17 30
17 45
17 8
17 36
17 47
20
18 17
18 9
18 28
18 48
18 36
18 10
18 35
18 30
18 38
18 49
18 11
18 14
18 43
18 6
18 32
18 7
18 44
18 3
18 2
18 40
20
19 42
19 40
19 38
19 46
19 32
19 9
19 48
19 8
19 23
19 10
19 37
19 44
19 20
19 17
19 4
19 25
19 5
19 18
19 34
19 41
18
20 28
20 39
20 34
20 0
20 27
20 33
20 11
20 12
20 1
20 35
20 31
20 21
20 6
20 44
20 15
20 49
20 8
20 47
14
21 43
21 36
21 23
21 29
21 2
21 19
21 46
21 8
21 7
21 31
21 47
21 37
21 24
21 35
24
22 20
22 32
22 25
22 21
22 17
22 46
22 12
22 42
22 38
22 28
22 4
22 45
22 31
22 0
22 6
22 8
22 27
22 1
22 34
22 13
22 15
22 29
22 26
22 18
21
23 43
23 30
23 25
23 22
23 27
23 46
23 13
23 4
23 0
23 2
23 48
23 28
23 45
23 37
23 18
23 20
23 17
23 7
23 9
23 42
23 40
23
24 20
24 39
24 49
24 11
24 1
24 2
24 10
24 17
24 9
24 35
24 42
24 18
24 23
24 37
24 27
24 0
24 41
24 47
24 40
24 34
24 33
24 4
24 45
24
25 16
25 15
25 9
25 13
25 49
25 47
25 8
25 29
25 6
25 21
25 28
25 17
25 41
25 39
25 20
25 36
25 24
25 5
25 44
25 30
25 2
25 34
25 12
25 3
23
26 24
26 14
26 42
26 5
26 15
26 33
26 8
26 43
26 45
26 28
26 23
26 35
26 31
26 6
26 21
26 29
26 10
26 9
26 17
26 40
26 18
26 38
26 25
15
27 33
27 43
27 38
27 26
27 3
27 31
27 25
27 19
27 12
27 32
27 30
27 47
27 17
27 29
27 45
16
28 40
28 42
28 30
28 19
28 31
28 37
28 27
28 44
28 41
28 36
28 7
28 46
28 21
28 16
28 48
28 8
18
29 44
29 49
29 30
29 5
29 7
29 15
29 46
29 37
29 23
29 35
29 45
29 0
29 19
29 16
29 41
29 4
29 11
29 36
21
30 34
30 39
30 19
30 31
30 14
30 20
30 33
30 5
30 32
30 46
30 49
30 47
30 45
30 22
30 12
30 11
30 3
30 26
30 21
30 48
30 40
23
31 23
31 12
31 32
31 33
31 6
31 34
31 38
31 35
31 49
31 25
31 19
31 7
31 2
31 10
31 46
31 48
31 29
31 9
31 47
31 18
31 1
31 40
31 24
19
32 40
32 15
32 28
32 36
32 45
32 29
32 20
32 3
32 26
32 0
32 21
32 10
32 25
32 48
32 37
32 23
32 4
32 35
32 24
21
33 15
33 16
33 14
33 5
33 41
33 49
33 38
33 32
33 2
33 25
33 29
33 36
33 40
33 46
33 44
33 39
33 1
33 8
33 35
33 22
33 7
19
34 1
34 11
34 43
34 47
34 9
34 18
34 33
34 0
34 45
34 12
34 4
34 14
34 39
34 27
34 17
34 21
34 28
34 41
34 35
16
35 11
35 38
35 10
35 2
35 25
35 44
35 23
35 1
35 6
35 4
35 41
35 45
35 12
35 42
35 0
35 19
21
36 39
36 4
36 14
36 44
36 35
36 19
36 34
36 43
36 47
36 31
36 45
36 6
36 24
36 1
36 30
36 5
36 48
36 27
36 20
36 49
36 23
27
37 18
37 8
37 13
37 20
37 10
37 42
37 34
37 31
37 38
37 45
37 27
37 22
37 9
37 33
37 36
37 43
37 40
37 17
37 41
37 12
37 25
37 15
37 0
37 1
37 30
37 48
37 26
13
38 21
38 44
38 32
38 36
38 24
38 23
38 25
38 34
38 43
38 30
38 29
38 20
38 15
25
39 15
39 41
39 9
39 10
39 43
39 45
39 18
39 8
39 46
39 42
39 16
39 12
39 40
39 31
39 19
39 49
39 0
39 5
39 2
39 32
39 28
39 17
39 14
39 22
39 21
23
40 45
40 49
40 4
40 3
40 2
40 36
40 15
40 0
40 1
40 14
40 10
40 25
40 11
40 6
40 16
40 21
40 5
40 13
40 43
40 7
40 27
40 41
40 38
20
41 36
41 46
41 23
41 42
41 12
41 4
41 48
41 13
41 11
41 45
41 22
41 18
41 38
41 17
41 27
41 10
41 7
41 0
41 30
41 31
20
42 7
42 32
42 40
42 29
42 10
42 25
42 2
42 16
42 49
42 3
42 9
42 48
42 27
42 21
42 18
42 30
42 36
42 46
42 15
42 1
20
43 14
43 46
43 44
43 3
43 8
43 48
43 19
43 35
43 45
43 24
43 13
43 15
43 29
43 20
43 33
43 31
43 49
43 6
43 30
43 47
20
44 2
44 49
44 30
44 5
44 7
44 6
44 40
44 27
44 22
44 0
44 24
44 12
44 31
44 39
44 42
44 45
44 41
44 23
44 46
44 37
10
45 6
45 20
45 25
45 16
45 10
45 31
45 18
45 28
45 47
45 1
15
46 38
46 12
46 6
46 36
46 25
46 7
46 47
46 0
46 3
46 17
46 40
46 49
46 32
46 4
46 26
22
47 41
47 15
47 37
47 49
47 40
47 8
47 13
47 4
47 33
47 5
47 35
47 11
47 22
47 29
47 26
47 39
47 48
47 9
47 23
47 44
47 42
47 28
15
48 45
48 11
48 3
48 35
48 22
48 44
48 12
48 27
48 33
48 5
48 7
48 13
48 46
48 40
48 10
16
49 35
49 23
49 17
49 21
49 4
49 10
49 11
49 38
49 28
49 27
49 48
49 22
49 34
49 26
49 13
49 45
