50
0 "A17"
1 "A46"
2 "A0"
3 "A11"
4 "A47"
5 "A25"
6 "A29"
7 "A33"
8 "A2"
9 "A16"
10 "A32"
11 "A31"
12 "A44"
13 "A7"
14 "A37"
15 "A5"
16 "A8"
17 "A12"
18 "A1"
19 "A45"
20 "A14"
21 "A3"
22 "A42"
23 "A20"
24 "A15"
25 "A49"
26 "A23"
27 "A36"
28 "A34"
29 "A35"
30 "A41"
31 "A26"
32 "A10"
33 "A22"
34 "A24"
35 "A30"
36 "A28"
37 "A43"
38 "A38"
39 "A9"
40 "A19"
41 "A18"
42 "A21"
43 "A48"
44 "A4"
45 "A6"
46 "A13"
47 "A27"
48 "A40"
49 "A39"
20
0 49
0 13
0 3
0 22
0 2
0 48
0 27
0 1
0 5
0 20
0 24
0 23
0 41
0 46
0 45
0 16
0 43
0 36
0 30
0 32
25
1 5
1 24
1 23
1 35
1 39
1 26
1 40
1 48
1 7
1 30
1 34
1 16
1 49
1 37
1 4
1 44
1 11
1 15
1 10
1 31
1 19
1 28
1 14
1 3
1 45
20
2 24
2 36
2 16
2 23
2 37
2 13
2 43
2 8
2 49
2 38
2 27
2 35
2 15
2 47
2 21
2 45
2 39
2 46
2 1
2 19
20
3 20
3 38
3 24
3 27
3 42
3 47
3 31
3 26
3 14
3 4
3 22
3 36
3 8
3 41
3 16
3 34
3 13
3 48
3 43
3 25
14
4 10
4 38
4 16
4 14
4 46
4 26
4 44
4 0
4 7
4 15
4 25
4 48
4 30
4 34
16
5 45
5 33
5 4
5 37
5 22
5 46
5 11
5 16
5 3
5 36
5 32
5 29
5 40
5 48
5 38
5 42
22
6 2
6 45
6 1
6 3
6 11
6 30
6 15
6 25
6 43
6 47
6 49
6 21
6 20
6 33
6 24
6 0
6 31
6 8
6 14
6 22
6 36
6 4
16
7 36
7 6
7 26
7 2
7 16
7 28
7 24
7 44
7 17
7 8
7 18
7 10
7 37
7 3
7 0
7 5
13
8 18
8 28
8 36
8 33
8 44
8 16
8 22
8 21
8 41
8 30
8 19
8 13
8 49
22
9 24
9 28
9 0
9 19
9 49
9 4
9 17
9 27
9 11
9 6
9 33
9 20
9 40
9 41
9 26
9 13
9 2
9 37
9 42
9 7
9 1
9 8
22
10 31
10 24
10 0
10 14
10 40
10 49
10 19
10 47
10 6
10 45
10 34
10 3
10 5
10 11
10 48
10 9
10 42
10 2
10 29
10 36
10 38
10 39
19
11 39
11 4
11 43
11 3
11 13
11 12
11 30
11 28
11 44
11 21
11 34
11 0
11 35
11 48
11 46
11 38
11 36
11 24
11 15
21
12 33
12 1
12 20
12 37
12 21
12 30
12 41
12 5
12 8
12 31
12 2
12 9
12 22
12 42
12 34
12 29
12 26
12 3
12 13
12 6
12 19
19
13 32
13 24
13 20
13 41
13 42
13 25
13 18
13 17
13 21
13 44
13 28
13 10
13 38
13 19
13 48
13 23
13 45
13 27
13 39
21
14 48
14 40
14 31
14 30
14 35
14 24
14 22
14 36
14 44
14 47
14 12
14 45
14 39
14 19
14 38
14 26
14 43
14 0
14 13
14 46
14 11
19
15 43
15 38
15 10
15 16
15 17
15 28
15 14
15 5
15 8
15 21
15 34
15 22
15 13
15 48
15 45
15 12
15 35
15 3
15 41
16
16 39
16 12
16 14
16 28
16 38
16 37
16 20
16 36
16 45
16 13
16 27
16 24
16 9
16 44
16 22
16 47
20
17 46
17 6
17 28
17 38
17 16
17 41
17 44
17 2
17 36
17 10
17 5
17 14
17 12
17 3
17 8
17 34
17 48
17 37
17 45
17 27
18
18 43
18 48
18 16
18 15
18 32
18 3
18 6
18 37
18 38
18 10
18 46
18 44
18 4
18 12
18 2
18 33
18 34
18 1
15
19 17
19 24
19 6
19 4
19 39
19 16
19 7
19 3
19 44
19 31
19 22
19 18
19 33
19 35
19 11
23
20 25
20 32
20 30
20 15
20 37
20 38
20 35
20 47
20 46
20 36
20 11
20 2
20 39
20 17
20 40
20 4
20 23
20 34
20 42
20 10
20 21
20 18
20 19
23
21 47
21 29
21 1
21 10
21 0
21 43
21 4
21 48
21 46
21 40
21 22
21 19
21 16
21 35
21 23
21 14
21 3
21 49
21 44
21 38
21 24
21 18
21 9
24
22 24
22 27
22 48
22 29
22 4
22 11
22 30
22 37
22 7
22 20
22 10
22 46
22 39
22 25
22 41
22 1
22 28
22 32
22 9
22 18
22 44
22 34
22 2
22 26
20
23 16
23 11
23 22
23 41
23 15
23 10
23 14
23 47
23 43
23 18
23 35
23 6
23 5
23 25
23 32
23 37
23 3
23 36
23 17
23 46
14
24 31
24 47
24 43
24 28
24 46
24 17
24 5
24 37
24 12
24 33
24 25
24 4
24 27
24 26
24
25 41
25 15
25 32
25 0
25 45
25 21
25 18
25 47
25 48
25 46
25 44
25 12
25 26
25 43
25 17
25 14
25 33
25 34
25 27
25 5
25 36
25 8
25 29
25 11
24
26 29
26 36
26 20
26 10
26 21
26 44
26 8
26 40
26 46
26 0
26 43
26 17
26 31
26 41
26 19
26 23
26 49
26 2
26 28
26 39
26 11
26 6
26 5
26 18
20
27 26
27 5
27 29
27 49
27 4
27 23
27 47
27 8
27 21
27 38
27 6
27 7
27 15
27 43
27 37
27 10
27 36
27 1
27 40
27 14
16
28 39
28 12
28 2
28 6
28 25
28 21
28 3
28 42
28 30
28 10
28 47
28 19
28 18
28 45
28 48
28 4
22
29 19
29 3
29 24
29 7
29 47
29 49
29 48
29 36
29 39
29 32
29 8
29 1
29 15
29 11
29 38
29 28
29 23
29 9
29 13
29 18
29 20
29 2
15
30 32
30 23
30 13
30 27
30 16
30 34
30 31
30 3
30 18
30 45
30 29
30 17
30 2
30 26
30 21
22
31 42
31 18
31 2
31 8
31 40
31 25
31 48
31 36
31 27
31 5
31 16
31 17
31 23
31 15
31 4
31 13
31 0
31 22
31 21
31 9
31 46
31 39
18
32 17
32 1
32 37
32 40
32 19
32 11
32 39
32 15
32 6
32 31
32 14
32 45
32 47
32 7
32 4
32 8
32 24
32 2
25
33 0
33 1
33 3
33 11
33 27
33 26
33 4
33 20
33 28
33 41
33 21
33 31
33 17
33 7
33 30
33 39
33 46
33 42
33 15
33 32
33 29
33 16
33 49
33 23
33 2
23
34 2
34 28
34 5
34 29
34 24
34 33
34 37
34 35
34 19
34 7
34 9
34 26
34 8
34 31
34 36
34 16
34 38
34 47
34 46
34 0
34 42
34 32
34 44
20
35 24
35 31
35 0
35 46
35 32
35 47
35 28
35 17
35 22
35 36
35 27
35 4
35 30
35 37
35 3
35 49
35 26
35 39
35 40
35 5
13
36 1
36 18
36 15
36 4
36 19
36 40
36 28
36 13
36 30
36 22
36 33
36 44
36 21
18
37 8
37 14
37 25
37 30
37 44
37 26
37 0
37 48
37 31
37 36
37 28
37 4
37 6
37 11
37 15
37 21
37 19
37 29
22
38 37
38 31
38 12
38 49
38 0
38 8
38 22
38 1
38 28
38 26
38 19
38 25
38 7
38 43
38 41
38 47
38 24
38 32
38 33
38 35
38 23
38 39
17
39 18
39 15
39 36
39 27
39 37
39 7
39 4
39 44
39 40
39 21
39 9
39 23
39 34
39 24
39 5
39 42
39 3
22
40 25
40 18
40 43
40 3
40 2
40 45
40 29
40 16
40 34
40 41
40 47
40 15
40 13
40 8
40 30
40 12
40 38
40 4
40 28
40 17
40 46
40 7
19
41 28
41 30
41 47
41 2
41 29
41 21
41 7
41 16
41 6
41 1
41 18
41 32
41 45
41 31
41 24
41 14
41 35
41 27
41 44
26
42 38
42 29
42 4
42 1
42 19
42 8
42 40
42 21
42 47
42 18
42 6
42 37
42 7
42 36
42 11
42 35
42 48
42 24
42 41
42 23
42 22
42 30
42 27
42 26
42 45
42 46
17
43 17
43 1
43 10
43 36
43 9
43 31
43 35
43 29
43 33
43 39
43 30
43 7
43 45
43 20
43 16
43 37
43 12
17
44 29
44 32
44 30
44 28
44 15
44 6
44 38
44 43
44 3
44 23
44 10
44 48
44 20
44 2
44 46
44 33
44 31
16
45 35
45 36
45 26
45 34
45 7
45 3
45 9
45 12
45 37
45 23
45 22
45 29
45 47
45 19
45 39
45 27
12
46 38
46 45
46 39
46 37
46 16
46 19
46 27
46 7
46 12
46 30
46 15
46 8
20
47 46
47 8
47 0
47 7
47 11
47 33
47 13
47 17
47 30
47 44
47 18
47 22
47 1
47 49
47 31
47 12
47 26
47 9
47 15
47 39
23
48 6
48 7
48 30
48 20
48 49
48 38
48 47
48 9
48 26
48 24
48 8
48 43
48 39
48 33
48 32
48 23
48 2
48 40
48 36
48 12
48 27
48 16
48 46
27
49 14
49 39
49 18
49 5
49 16
49 7
49 23
49 11
49 34
49 43
49 46
49 22
49 32
49 45
49 36
49 20
49 17
49 4
49 37
49 40
49 24
49 44
49 12
49 41
49 31
49 28
49 25
