50
0 "A14"
1 "A7"
2 "A13"
3 "A36"
4 "A22"
5 "A5"
6 "A0"
7 "A16"
8 "A27"
9 "A39"
10 "A37"
11 "A9"
12 "A11"
13 "A33"
14 "A12"
15 "A4"
16 "A31"
17 "A48"
18 "A42"
19 "A29"
20 "A44"
21 "A30"
22 "A17"
23 "A45"
24 "A41"
25 "A15"
26 "A21"
27 "A28"
28 "A8"
29 "A1"
30 "A3"
31 "A10"
32 "A47"
33 "A2"
34 "A38"
35 "A6"
36 "A23"
37 "A40"
38 "A49"
39 "A26"
40 "A19"
41 "A20"
42 "A35"
43 "A24"
44 "A34"
45 "A18"
46 "A43"
47 "A25"
48 "A32"
49 "A46"
22
0 12
0 44
0 30
0 36
0 25
0 34
0 49
0 1
0 14
0 3
0 2
0 45
0 13
0 47
0 17
0 32
0 10
0 37
0 41
0 33
0 11
0 26
20
1 33
1 30
1 26
1 11
1 19
1 44
1 38
1 23
1 27
1 40
1 9
1 46
1 2
1 15
1 6
1 12
1 18
1 28
1 37
1 8
18
2 40
2 9
2 13
2 29
2 35
2 18
2 17
2 28
2 22
2 38
2 41
2 21
2 48
2 5
2 15
2 20
2 39
2 46
22
3 23
3 38
3 8
3 28
3 16
3 37
3 42
3 18
3 40
3 26
3 7
3 15
3 20
3 17
3 2
3 12
3 25
3 14
3 27
3 21
3 47
3 6
27
4 18
4 26
4 32
4 35
4 45
4 20
4 28
4 47
4 42
4 40
4 41
4 2
4 34
4 10
4 3
4 0
4 49
4 23
4 5
4 36
4 39
4 31
4 46
4 6
4 25
4 17
4 29
17
5 46
5 39
5 28
5 30
5 11
5 0
5 35
5 43
5 23
5 36
5 3
5 25
5 27
5 32
5 9
5 6
5 41
20
6 11
6 33
6 28
6 12
6 32
6 8
6 42
6 48
6 30
6 7
6 0
6 2
6 23
6 34
6 47
6 22
6 38
6 39
6 20
6 10
19
7 48
7 2
7 5
7 30
7 11
7 49
7 28
7 14
7 0
7 1
7 16
7 24
7 36
7 46
7 18
7 33
7 20
7 17
7 29
18
8 38
8 26
8 24
8 44
8 23
8 17
8 41
8 0
8 2
8 19
8 36
8 28
8 49
8 7
8 10
8 21
8 4
8 27
22
9 6
9 11
9 36
9 24
9 29
9 43
9 44
9 10
9 34
9 22
9 26
9 25
9 14
9 20
9 3
9 39
9 8
9 45
9 38
9 30
9 15
9 33
14
10 33
10 20
10 25
10 45
10 18
10 46
10 34
10 17
10 16
10 37
10 29
10 47
10 11
10 3
17
11 38
11 47
11 39
11 25
11 46
11 37
11 8
11 13
11 42
11 40
11 4
11 15
11 14
11 28
11 31
11 49
11 20
21
12 28
12 48
12 4
12 9
12 49
12 8
12 24
12 7
12 34
12 32
12 42
12 25
12 5
12 11
12 39
12 13
12 21
12 10
12 16
12 2
12 47
25
13 1
13 7
13 21
13 28
13 23
13 40
13 45
13 49
13 34
13 26
13 36
13 31
13 4
13 3
13 15
13 35
13 43
13 46
13 20
13 18
13 9
13 16
13 30
13 32
13 44
22
14 17
14 41
14 19
14 4
14 28
14 2
14 13
14 22
14 45
14 27
14 6
14 47
14 15
14 25
14 24
14 26
14 48
14 12
14 1
14 5
14 10
14 23
16
15 30
15 8
15 4
15 37
15 48
15 27
15 5
15 41
15 35
15 40
15 26
15 17
15 20
15 18
15 12
15 46
14
16 18
16 34
16 4
16 0
16 5
16 42
16 11
16 43
16 6
16 31
16 37
16 30
16 8
16 32
16
17 13
17 40
17 21
17 11
17 25
17 9
17 16
17 41
17 38
17 36
17 12
17 34
17 19
17 47
17 37
17 22
21
18 17
18 38
18 42
18 20
18 27
18 25
18 6
18 11
18 26
18 12
18 0
18 33
18 8
18 40
18 45
18 43
18 5
18 9
18 34
18 44
18 39
28
19 16
19 6
19 12
19 26
19 4
19 7
19 42
19 0
19 35
19 40
19 45
19 20
19 46
19 3
19 36
19 29
19 18
19 13
19 25
19 48
19 34
19 49
19 15
19 10
19 41
19 9
19 32
19 28
16
20 48
20 43
20 46
20 45
20 16
20 37
20 25
20 40
20 38
20 30
20 24
20 47
20 35
20 26
20 17
20 5
21
21 49
21 32
21 39
21 43
21 0
21 5
21 9
21 22
21 15
21 35
21 16
21 19
21 34
21 1
21 14
21 30
21 10
21 11
21 23
21 42
21 40
20
22 47
22 1
22 44
22 5
22 27
22 38
22 41
22 3
22 11
22 15
22 13
22 40
22 0
22 7
22 48
22 19
22 16
22 4
22 29
22 31
19
23 39
23 30
23 10
23 0
23 2
23 20
23 41
23 29
23 19
23 36
23 16
23 18
23 28
23 9
23 46
23 11
23 37
23 15
23 45
23
24 2
24 10
24 23
24 5
24 31
24 0
24 3
24 22
24 32
24 21
24 44
24 1
24 16
24 15
24 49
24 47
24 17
24 26
24 27
24 19
24 36
24 43
24 28
19
25 22
25 34
25 21
25 42
25 2
25 28
25 27
25 7
25 35
25 40
25 36
25 33
25 15
25 38
25 48
25 23
25 1
25 16
25 13
18
26 11
26 37
26 28
26 23
26 44
26 35
26 25
26 30
26 10
26 12
26 38
26 7
26 2
26 21
26 29
26 5
26 22
26 40
19
27 46
27 2
27 38
27 9
27 33
27 39
27 17
27 40
27 0
27 6
27 30
27 19
27 7
27 26
27 20
27 41
27 10
27 48
27 23
13
28 0
28 31
28 36
28 16
28 20
28 38
28 17
28 10
28 32
28 18
28 22
28 9
28 15
23
29 39
29 36
29 28
29 15
29 37
29 14
29 3
29 8
29 24
29 40
29 31
29 1
29 16
29 20
29 25
29 38
29 21
29 6
29 45
29 44
29 17
29 49
29 27
20
30 25
30 28
30 18
30 3
30 24
30 11
30 40
30 34
30 22
30 39
30 12
30 31
30 32
30 42
30 8
30 37
30 10
30 2
30 49
30 17
20
31 15
31 46
31 27
31 36
31 1
31 7
31 0
31 17
31 45
31 37
31 10
31 12
31 26
31 43
31 47
31 35
31 20
31 3
31 5
31 2
24
32 18
32 41
32 2
32 25
32 36
32 29
32 7
32 31
32 3
32 23
32 14
32 9
32 45
32 10
32 27
32 26
32 46
32 17
32 35
32 1
32 11
32 38
32 43
32 20
17
33 17
33 40
33 46
33 45
33 49
33 23
33 8
33 29
33 11
33 42
33 4
33 31
33 3
33 43
33 5
33 13
33 36
22
34 33
34 43
34 48
34 26
34 11
34 20
34 32
34 24
34 5
34 2
34 29
34 31
34 28
34 35
34 27
34 37
34 39
34 46
34 41
34 14
34 3
34 15
21
35 24
35 23
35 8
35 42
35 6
35 10
35 28
35 40
35 14
35 46
35 49
35 29
35 45
35 37
35 47
35 9
35 33
35 18
35 38
35 16
35 12
15
36 22
36 40
36 18
36 26
36 47
36 21
36 14
36 2
36 12
36 3
36 35
36 45
36 10
36 37
36 27
21
37 27
37 41
37 32
37 12
37 33
37 9
37 18
37 45
37 39
37 6
37 43
37 22
37 8
37 13
37 19
37 44
37 24
37 2
37 28
37 47
37 14
18
38 24
38 0
38 46
38 10
38 39
38 23
38 7
38 34
38 41
38 12
38 31
38 37
38 13
38 40
38 33
38 45
38 19
38 15
17
39 15
39 44
39 36
39 10
39 19
39 22
39 17
39 14
39 33
39 48
39 1
39 8
39 26
39 20
39 28
39 45
39 47
19
40 32
40 41
40 9
40 7
40 37
40 44
40 5
40 6
40 16
40 12
40 0
40 23
40 47
40 28
40 39
40 24
40 8
40 46
40 48
22
41 20
41 1
41 3
41 6
41 36
41 16
41 35
41 13
41 31
41 30
41 43
41 18
41 9
41 24
41 12
41 42
41 29
41 21
41 39
41 10
41 7
41 46
19
42 1
42 10
42 0
42 43
42 20
42 37
42 28
42 32
42 22
42 13
42 38
42 14
42 36
42 27
42 39
42 9
42 15
42 17
42 26
18
43 10
43 38
43 2
43 30
43 15
43 19
43 27
43 40
43 14
43 17
43 46
43 28
43 22
43 8
43 3
43 36
43 26
43 23
23
44 28
44 19
44 33
44 35
44 6
44 42
44 11
44 36
44 46
44 25
44 12
44 31
44 7
44 3
44 32
44 5
44 23
44 38
44 15
44 2
44 16
44 34
44 27
15
45 25
45 5
45 16
45 40
45 43
45 12
45 26
45 42
45 34
45 27
45 11
45 8
45 6
45 7
45 22
13
46 26
46 17
46 24
46 3
46 36
46 16
46 39
46 21
46 22
46 28
46 29
46 47
46 9
19
47 45
47 13
47 5
47 48
47 9
47 25
47 30
47 8
47 42
47 43
47 41
47 18
47 19
47 2
47 29
47 44
47 27
47 7
47 33
21
48 32
48 45
48 9
48 4
48 35
48 0
48 44
48 21
48 1
48 23
48 13
48 31
48 36
48 33
48 10
48 43
48 46
48 38
48 29
48 30
48 17
26
49 17
49 6
49 25
49 47
49 42
49 48
49 39
49 32
49 28
49 31
49 43
49 18
49 9
49 3
49 27
49 16
49 38
49 45
49 44
49 22
49 5
49 1
49 34
49 41
49 26
49 15
