50
0 "A14"
1 "A7"
2 "A13"
3 "A36"
4 "A22"
5 "A5"
6 "A0"
7 "A16"
8 "A27"
9 "A39"
10 "A37"
11 "A9"
12 "A11"
13 "A33"
14 "A12"
15 "A4"
16 "A31"
17 "A48"
18 "A42"
19 "A29"
20 "A44"
21 "A30"
22 "A17"
23 "A45"
24 "A41"
25 "A15"
26 "A21"
27 "A28"
28 "A8"
29 "A1"
30 "A3"
31 "A10"
32 "A47"
33 "A2"
34 "A38"
35 "A6"
36 "A23"
37 "A40"
38 "A49"
39 "A26"
40 "A19"
41 "A20"
42 "A35"
43 "A24"
44 "A34"
45 "A18"
46 "A43"
47 "A25"
48 "A32"
49 "A46"
21
0 46
0 27
0 3
0 39
0 2
0 13
0 36
0 21
0 26
0 49
0 12
0 11
0 5
0 42
0 33
0 35
0 14
0 24
0 1
0 41
0 16
21
1 42
1 37
1 35
1 24
1 16
1 32
1 47
1 19
1 44
1 41
1 45
1 27
1 30
1 8
1 4
1 13
1 33
1 14
1 39
1 12
1 17
19
2 1
2 32
2 17
2 42
2 12
2 38
2 44
2 15
2 47
2 35
2 41
2 10
2 14
2 7
2 11
2 48
2 5
2 18
2 40
19
3 45
3 18
3 39
3 38
3 35
3 8
3 32
3 42
3 26
3 16
3 23
3 4
3 21
3 47
3 46
3 40
3 5
3 15
3 9
21
4 32
4 33
4 49
4 0
4 24
4 11
4 44
4 9
4 26
4 38
4 40
4 47
4 29
4 46
4 37
4 30
4 39
4 25
4 18
4 48
4 35
23
5 13
5 44
5 28
5 25
5 37
5 22
5 39
5 23
5 11
5 20
5 38
5 6
5 24
5 17
5 8
5 42
5 27
5 9
5 35
5 45
5 1
5 46
5 16
20
6 4
6 33
6 11
6 32
6 46
6 22
6 9
6 38
6 23
6 29
6 43
6 18
6 34
6 8
6 42
6 2
6 49
6 28
6 21
6 3
23
7 14
7 0
7 9
7 47
7 15
7 13
7 44
7 30
7 33
7 35
7 5
7 6
7 1
7 10
7 42
7 18
7 37
7 48
7 4
7 49
7 22
7 25
7 34
16
8 43
8 9
8 22
8 31
8 27
8 41
8 13
8 46
8 16
8 40
8 0
8 11
8 23
8 38
8 12
8 2
15
9 42
9 40
9 13
9 34
9 2
9 20
9 14
9 27
9 25
9 48
9 21
9 41
9 45
9 15
9 17
19
10 6
10 15
10 21
10 9
10 3
10 28
10 29
10 31
10 49
10 45
10 47
10 12
10 40
10 5
10 18
10 43
10 36
10 44
10 1
20
11 24
11 20
11 16
11 9
11 17
11 25
11 31
11 3
11 26
11 18
11 1
11 39
11 43
11 49
11 21
11 37
11 27
11 40
11 48
11 13
18
12 24
12 44
12 34
12 17
12 39
12 35
12 48
12 21
12 40
12 25
12 4
12 13
12 43
12 20
12 37
12 27
12 3
12 30
25
13 49
13 47
13 2
13 18
13 41
13 31
13 33
13 20
13 28
13 45
13 30
13 46
13 14
13 3
13 6
13 4
13 48
13 39
13 29
13 35
13 10
13 32
13 22
13 23
13 19
23
14 25
14 12
14 27
14 26
14 20
14 18
14 43
14 11
14 35
14 47
14 41
14 42
14 22
14 23
14 4
14 28
14 33
14 8
14 21
14 48
14 45
14 24
14 16
20
15 14
15 12
15 0
15 31
15 39
15 30
15 13
15 41
15 36
15 37
15 22
15 25
15 27
15 34
15 44
15 43
15 6
15 5
15 4
15 33
19
16 31
16 39
16 22
16 42
16 37
16 48
16 13
16 10
16 26
16 49
16 2
16 20
16 40
16 12
16 35
16 45
16 34
16 36
16 43
24
17 18
17 3
17 28
17 13
17 23
17 37
17 16
17 8
17 0
17 7
17 42
17 15
17 34
17 25
17 21
17 4
17 39
17 38
17 32
17 22
17 10
17 30
17 35
17 44
19
18 27
18 24
18 22
18 38
18 25
18 48
18 26
18 0
18 49
18 41
18 8
18 1
18 30
18 9
18 36
18 20
18 31
18 46
18 12
21
19 34
19 12
19 3
19 33
19 30
19 5
19 40
19 14
19 20
19 36
19 18
19 24
19 9
19 45
19 6
19 43
19 0
19 31
19 16
19 28
19 17
24
20 45
20 2
20 41
20 32
20 44
20 27
20 17
20 36
20 28
20 42
20 26
20 30
20 34
20 1
20 0
20 23
20 48
20 40
20 10
20 8
20 3
20 37
20 4
20 31
16
21 19
21 4
21 2
21 23
21 32
21 31
21 20
21 48
21 7
21 40
21 8
21 43
21 16
21 38
21 39
21 42
29
22 38
22 9
22 10
22 1
22 12
22 40
22 48
22 42
22 35
22 44
22 19
22 23
22 29
22 24
22 30
22 33
22 20
22 21
22 47
22 26
22 4
22 25
22 46
22 11
22 36
22 32
22 39
22 34
22 41
18
23 26
23 0
23 16
23 44
23 46
23 47
23 48
23 2
23 9
23 28
23 35
23 32
23 41
23 40
23 4
23 33
23 10
23 1
20
24 17
24 35
24 16
24 2
24 6
24 9
24 48
24 15
24 20
24 13
24 33
24 10
24 34
24 25
24 32
24 30
24 47
24 38
24 3
24 39
13
25 13
25 8
25 10
25 21
25 19
25 3
25 47
25 33
25 16
25 1
25 43
25 44
25 34
25
26 44
26 7
26 2
26 28
26 39
26 48
26 19
26 10
26 41
26 33
26 35
26 17
26 13
26 43
26 25
26 49
26 36
26 6
26 38
26 8
26 9
26 40
26 46
26 21
26 5
15
27 21
27 35
27 16
27 41
27 24
27 19
27 31
27 48
27 25
27 38
27 26
27 39
27 13
27 46
27 6
16
28 12
28 39
28 32
28 16
28 22
28 8
28 18
28 48
28 27
28 9
28 41
28 11
28 24
28 49
28 4
28 15
26
29 14
29 32
29 40
29 19
29 9
29 36
29 38
29 28
29 46
29 17
29 41
29 7
29 39
29 21
29 27
29 35
29 0
29 15
29 11
29 2
29 5
29 48
29 8
29 26
29 12
29 23
20
30 49
30 47
30 32
30 39
30 5
30 35
30 21
30 16
30 34
30 26
30 23
30 0
30 6
30 46
30 29
30 27
30 3
30 2
30 25
30 41
25
31 30
31 26
31 40
31 32
31 29
31 6
31 28
31 12
31 43
31 17
31 39
31 24
31 36
31 0
31 38
31 45
31 22
31 37
31 7
31 3
31 25
31 4
31 2
31 33
31 47
16
32 49
32 15
32 9
32 25
32 35
32 5
32 7
32 19
32 16
32 8
32 41
32 10
32 26
32 11
32 14
32 27
13
33 2
33 46
33 12
33 20
33 10
33 5
33 9
33 30
33 44
33 16
33 45
33 47
33 29
24
34 31
34 41
34 28
34 3
34 43
34 47
34 8
34 1
34 5
34 4
34 49
34 27
34 33
34 23
34 11
34 0
34 13
34 40
34 18
34 36
34 14
34 46
34 29
34 32
17
35 11
35 28
35 21
35 31
35 25
35 20
35 47
35 46
35 41
35 15
35 18
35 40
35 42
35 49
35 45
35 6
35 19
24
36 27
36 45
36 17
36 41
36 28
36 1
36 37
36 25
36 33
36 2
36 32
36 9
36 48
36 4
36 3
36 6
36 24
36 44
36 30
36 14
36 12
36 5
36 21
36 7
21
37 27
37 9
37 29
37 41
37 39
37 33
37 24
37 40
37 18
37 42
37 35
37 13
37 34
37 10
37 25
37 8
37 6
37 22
37 19
37 49
37 3
16
38 36
38 46
38 30
38 14
38 13
38 20
38 49
38 39
38 12
38 19
38 37
38 15
38 1
38 7
38 42
38 33
15
39 7
39 41
39 25
39 33
39 8
39 9
39 45
39 14
39 49
39 44
39 23
39 36
39 10
39 19
39 35
19
40 47
40 33
40 7
40 14
40 13
40 43
40 44
40 41
40 32
40 1
40 49
40 5
40 15
40 6
40 46
40 24
40 17
40 0
40 18
15
41 10
41 7
41 4
41 5
41 33
41 3
41 25
41 11
41 43
41 6
41 45
41 46
41 31
41 44
41 21
17
42 25
42 30
42 33
42 46
42 47
42 27
42 15
42 36
42 26
42 49
42 4
42 44
42 23
42 41
42 10
42 13
42 29
19
43 33
43 36
43 48
43 20
43 1
43 17
43 23
43 7
43 35
43 24
43 28
43 3
43 45
43 32
43 29
43 27
43 13
43 37
43 42
19
44 37
44 43
44 6
44 18
44 38
44 21
44 9
44 48
44 46
44 14
44 34
44 45
44 11
44 47
44 31
44 13
44 24
44 28
44 19
22
45 32
45 49
45 26
45 17
45 4
45 12
45 23
45 28
45 18
45 7
45 37
45 46
45 40
45 15
45 27
45 21
45 22
45 30
45 29
45 6
45 34
45 2
17
46 20
46 31
46 48
46 15
46 7
46 43
46 21
46 25
46 36
46 1
46 14
46 37
46 32
46 19
46 39
46 24
46 16
18
47 8
47 19
47 39
47 20
47 12
47 0
47 15
47 27
47 38
47 37
47 18
47 36
47 26
47 29
47 9
47 28
47 11
47 46
14
48 32
48 37
48 49
48 0
48 30
48 19
48 3
48 6
48 38
48 39
48 33
48 1
48 5
48 41
21
49 9
49 8
49 5
49 25
49 24
49 22
49 46
49 14
49 21
49 20
49 17
49 44
49 43
49 36
49 12
49 2
49 31
49 47
49 27
49 33
49 41
