50
0 "A14"
1 "A7"
2 "A13"
3 "A36"
4 "A22"
5 "A5"
6 "A0"
7 "A16"
8 "A27"
9 "A39"
10 "A37"
11 "A9"
12 "A11"
13 "A33"
14 "A12"
15 "A4"
16 "A31"
17 "A48"
18 "A42"
19 "A29"
20 "A44"
21 "A30"
22 "A17"
23 "A45"
24 "A41"
25 "A15"
26 "A21"
27 "A28"
28 "A8"
29 "A1"
30 "A3"
31 "A10"
32 "A47"
33 "A2"
34 "A38"
35 "A6"
36 "A23"
37 "A40"
38 "A49"
39 "A26"
40 "A19"
41 "A20"
42 "A35"
43 "A24"
44 "A34"
45 "A18"
46 "A43"
47 "A25"
48 "A32"
49 "A46"
18
0 24
0 26
0 10
0 2
0 42
0 38
0 12
0 21
0 14
0 25
0 45
0 36
0 18
0 17
0 41
0 35
0 48
0 33
17
1 6
1 43
1 20
1 31
1 28
1 48
1 2
1 19
1 3
1 29
1 0
1 11
1 46
1 27
1 40
1 32
1 13
17
2 10
2 6
2 35
2 31
2 33
2 5
2 8
2 12
2 40
2 39
2 24
2 42
2 45
2 44
2 18
2 17
2 21
17
3 46
3 4
3 27
3 42
3 21
3 23
3 28
3 45
3 33
3 9
3 31
3 0
3 2
3 30
3 36
3 37
3 25
23
4 28
4 30
4 10
4 33
4 44
4 17
4 32
4 11
4 24
4 38
4 13
4 15
4 42
4 37
4 45
4 2
4 46
4 14
4 47
4 9
4 19
4 5
4 16
15
5 29
5 19
5 15
5 49
5 41
5 11
5 21
5 0
5 18
5 28
5 27
5 39
5 47
5 37
5 17
19
6 23
6 9
6 30
6 24
6 5
6 0
6 19
6 4
6 16
6 42
6 31
6 13
6 3
6 8
6 26
6 49
6 38
6 12
6 7
26
7 9
7 12
7 33
7 16
7 47
7 0
7 45
7 10
7 41
7 4
7 39
7 40
7 34
7 29
7 28
7 26
7 17
7 38
7 46
7 43
7 22
7 49
7 18
7 23
7 21
7 31
21
8 31
8 16
8 25
8 7
8 13
8 29
8 30
8 28
8 4
8 38
8 10
8 17
8 0
8 40
8 45
8 24
8 46
8 11
8 1
8 3
8 20
21
9 8
9 13
9 19
9 10
9 12
9 30
9 26
9 41
9 47
9 43
9 44
9 25
9 37
9 1
9 2
9 35
9 38
9 39
9 31
9 16
9 18
17
10 33
10 35
10 24
10 19
10 5
10 48
10 37
10 3
10 27
10 14
10 29
10 49
10 18
10 17
10 1
10 26
10 39
18
11 16
11 33
11 15
11 32
11 24
11 42
11 10
11 18
11 3
11 39
11 49
11 27
11 28
11 9
11 19
11 7
11 6
11 29
12
12 13
12 19
12 49
12 18
12 4
12 21
12 11
12 29
12 34
12 36
12 38
12 3
14
13 47
13 39
13 42
13 46
13 10
13 0
13 48
13 40
13 22
13 29
13 11
13 49
13 27
13 31
19
14 8
14 21
14 13
14 12
14 33
14 44
14 5
14 37
14 48
14 34
14 11
14 31
14 6
14 20
14 2
14 45
14 25
14 47
14 28
25
15 9
15 16
15 40
15 25
15 2
15 18
15 14
15 28
15 19
15 6
15 22
15 36
15 29
15 35
15 43
15 33
15 46
15 8
15 23
15 13
15 20
15 49
15 3
15 44
15 7
19
16 24
16 18
16 38
16 31
16 25
16 22
16 45
16 12
16 29
16 42
16 47
16 33
16 1
16 46
16 49
16 41
16 28
16 27
16 5
21
17 49
17 3
17 14
17 25
17 6
17 32
17 16
17 11
17 38
17 44
17 31
17 26
17 20
17 40
17 35
17 12
17 13
17 45
17 47
17 1
17 28
14
18 1
18 49
18 3
18 48
18 36
18 28
18 42
18 22
18 8
18 20
18 41
18 40
18 13
18 24
19
19 37
19 16
19 30
19 24
19 34
19 0
19 22
19 17
19 39
19 38
19 14
19 41
19 21
19 47
19 13
19 20
19 35
19 18
19 2
19
20 40
20 13
20 23
20 30
20 33
20 43
20 46
20 9
20 36
20 11
20 2
20 24
20 12
20 39
20 16
20 27
20 3
20 4
20 10
22
21 31
21 47
21 35
21 30
21 23
21 49
21 8
21 17
21 36
21 6
21 37
21 20
21 29
21 11
21 9
21 34
21 39
21 24
21 18
21 48
21 26
21 10
26
22 34
22 27
22 20
22 2
22 42
22 6
22 24
22 46
22 40
22 8
22 38
22 36
22 45
22 11
22 3
22 9
22 37
22 48
22 10
22 32
22 1
22 14
22 44
22 17
22 4
22 33
22
23 48
23 12
23 47
23 4
23 35
23 2
23 26
23 24
23 22
23 40
23 45
23 38
23 16
23 9
23 32
23 13
23 42
23 19
23 49
23 8
23 14
23 27
21
24 36
24 39
24 15
24 17
24 28
24 45
24 14
24 25
24 38
24 49
24 40
24 7
24 5
24 31
24 43
24 37
24 33
24 3
24 13
24 44
24 26
24
25 12
25 6
25 41
25 13
25 38
25 7
25 2
25 26
25 11
25 27
25 47
25 19
25 33
25 34
25 39
25 1
25 22
25 37
25 23
25 29
25 4
25 48
25 5
25 30
18
26 31
26 5
26 34
26 3
26 8
26 22
26 44
26 4
26 18
26 40
26 20
26 19
26 45
26 13
26 29
26 27
26 2
26 43
19
27 8
27 0
27 4
27 49
27 29
27 30
27 28
27 38
27 21
27 14
27 9
27 12
27 39
27 15
27 19
27 31
27 47
27 24
27 48
19
28 6
28 0
28 26
28 21
28 49
28 37
28 10
28 20
28 35
28 13
28 48
28 40
28 30
28 12
28 41
28 9
28 32
28 23
28 29
15
29 4
29 0
29 46
29 35
29 42
29 33
29 14
29 39
29 48
29 43
29 6
29 31
29 2
29 18
29 23
21
30 24
30 35
30 23
30 48
30 0
30 37
30 11
30 15
30 18
30 31
30 49
30 13
30 43
30 22
30 2
30 29
30 33
30 1
30 7
30 26
30 14
12
31 41
31 25
31 15
31 10
31 20
31 47
31 11
31 18
31 28
31 5
31 49
31 37
25
32 7
32 20
32 37
32 25
32 0
32 31
32 12
32 34
32 5
32 26
32 27
32 47
32 9
32 13
32 33
32 6
32 36
32 21
32 42
32 8
32 49
32 18
32 16
32 3
32 24
18
33 9
33 31
33 40
33 38
33 1
33 6
33 8
33 18
33 17
33 27
33 23
33 42
33 36
33 43
33 28
33 13
33 39
33 44
22
34 16
34 29
34 30
34 2
34 28
34 20
34 17
34 27
34 48
34 31
34 6
34 15
34 18
34 4
34 0
34 33
34 9
34 43
34 41
34 40
34 13
34 3
23
35 38
35 33
35 12
35 24
35 42
35 18
35 47
35 41
35 27
35 6
35 13
35 31
35 32
35 20
35 5
35 3
35 40
35 37
35 14
35 4
35 16
35 7
35 34
28
36 26
36 34
36 28
36 46
36 9
36 45
36 4
36 6
36 14
36 5
36 38
36 19
36 44
36 30
36 11
36 7
36 39
36 35
36 16
36 42
36 2
36 8
36 13
36 31
36 40
36 43
36 41
36 37
17
37 17
37 49
37 29
37 33
37 2
37 41
37 44
37 16
37 40
37 1
37 23
37 7
37 18
37 27
37 34
37 6
37 15
19
38 20
38 45
38 30
38 10
38 29
38 21
38 44
38 13
38 11
38 32
38 41
38 15
38 39
38 2
38 37
38 3
38 31
38 1
38 47
17
39 44
39 1
39 47
39 15
39 31
39 34
39 17
39 14
39 0
39 8
39 40
39 23
39 6
39 18
39 16
39 30
39 35
18
40 3
40 46
40 9
40 0
40 19
40 11
40 5
40 32
40 27
40 31
40 30
40 14
40 29
40 21
40 16
40 4
40 38
40 6
22
41 40
41 48
41 29
41 3
41 8
41 21
41 39
41 26
41 13
41 47
41 23
41 33
41 2
41 32
41 22
41 11
41 24
41 4
41 6
41 1
41 27
41 30
15
42 15
42 30
42 1
42 19
42 24
42 9
42 40
42 21
42 28
42 10
42 25
42 7
42 5
42 31
42 26
26
43 10
43 41
43 8
43 42
43 3
43 22
43 17
43 0
43 19
43 46
43 11
43 37
43 12
43 14
43 38
43 5
43 23
43 45
43 2
43 48
43 28
43 25
43 40
43 31
43 27
43 21
21
44 12
44 8
44 18
44 48
44 6
44 32
44 25
44 5
44 34
44 11
44 35
44 30
44 1
44 27
44 31
44 13
44 40
44 43
44 3
44 28
44 16
23
45 40
45 37
45 12
45 48
45 18
45 13
45 19
45 32
45 39
45 42
45 29
45 6
45 44
45 28
45 25
45 21
45 1
45 35
45 11
45 41
45 9
45 20
45 15
22
46 17
46 0
46 2
46 11
46 10
46 35
46 23
46 41
46 30
46 34
46 33
46 27
46 25
46 45
46 18
46 31
46 26
46 6
46 44
46 28
46 37
46 24
19
47 24
47 2
47 26
47 30
47 12
47 1
47 48
47 11
47 36
47 20
47 40
47 10
47 43
47 22
47 33
47 46
47 3
47 8
47 18
20
48 3
48 4
48 33
48 11
48 17
48 6
48 38
48 46
48 2
48 12
48 8
48 24
48 42
48 49
48 32
48 40
48 5
48 31
48 19
48 37
15
49 1
49 25
49 39
49 2
49 14
49 0
49 45
49 43
49 29
49 20
49 42
49 8
49 38
49 35
49 34
