50
0 "A14"
1 "A7"
2 "A13"
3 "A36"
4 "A22"
5 "A5"
6 "A0"
7 "A16"
8 "A27"
9 "A39"
10 "A37"
11 "A9"
12 "A11"
13 "A33"
14 "A12"
15 "A4"
16 "A31"
17 "A48"
18 "A42"
19 "A29"
20 "A44"
21 "A30"
22 "A17"
23 "A45"
24 "A41"
25 "A15"
26 "A21"
27 "A28"
28 "A8"
29 "A1"
30 "A3"
31 "A10"
32 "A47"
33 "A2"
34 "A38"
35 "A6"
36 "A23"
37 "A40"
38 "A49"
39 "A26"
40 "A19"
41 "A20"
42 "A35"
43 "A24"
44 "A34"
45 "A18"
46 "A43"
47 "A25"
48 "A32"
49 "A46"
16
0 13
0 4
0 18
0 3
0 14
0 44
0 47
0 32
0 30
0 21
0 8
0 27
0 28
0 42
0 10
0 38
23
1 0
1 9
1 46
1 45
1 4
1 30
1 43
1 2
1 33
1 11
1 5
1 39
1 15
1 25
1 48
1 42
1 41
1 6
1 49
1 27
1 35
1 13
1 37
15
2 23
2 4
2 47
2 0
2 3
2 5
2 46
2 6
2 26
2 29
2 27
2 40
2 25
2 35
2 34
15
3 8
3 22
3 13
3 25
3 9
3 32
3 11
3 4
3 36
3 34
3 28
3 23
3 29
3 6
3 17
11
4 22
4 32
4 25
4 30
4 43
4 45
4 17
4 9
4 19
4 6
4 8
16
5 45
5 3
5 42
5 23
5 47
5 28
5 48
5 43
5 26
5 39
5 17
5 40
5 0
5 8
5 14
5 15
23
6 30
6 19
6 18
6 26
6 48
6 36
6 0
6 15
6 23
6 25
6 43
6 40
6 31
6 14
6 10
6 35
6 42
6 24
6 29
6 39
6 41
6 28
6 44
23
7 39
7 13
7 40
7 24
7 43
7 2
7 29
7 12
7 38
7 18
7 37
7 3
7 27
7 28
7 6
7 30
7 19
7 5
7 25
7 4
7 32
7 10
7 34
15
8 29
8 15
8 30
8 39
8 38
8 7
8 16
8 17
8 31
8 18
8 44
8 9
8 11
8 2
8 36
20
9 29
9 37
9 15
9 39
9 0
9 6
9 25
9 5
9 35
9 14
9 32
9 36
9 42
9 45
9 33
9 18
9 7
9 47
9 27
9 46
18
10 23
10 35
10 28
10 3
10 40
10 33
10 47
10 13
10 44
10 38
10 9
10 39
10 42
10 8
10 11
10 49
10 45
10 5
18
11 41
11 43
11 29
11 15
11 36
11 12
11 49
11 38
11 6
11 45
11 17
11 7
11 26
11 4
11 19
11 31
11 5
11 42
20
12 20
12 14
12 4
12 32
12 34
12 16
12 15
12 5
12 43
12 41
12 13
12 42
12 46
12 36
12 30
12 17
12 9
12 37
12 3
12 40
14
13 6
13 22
13 16
13 31
13 43
13 44
13 17
13 45
13 2
13 5
13 42
13 23
13 8
13 39
23
14 31
14 19
14 3
14 8
14 37
14 40
14 4
14 36
14 13
14 25
14 45
14 46
14 1
14 41
14 22
14 27
14 35
14 48
14 34
14 10
14 43
14 38
14 2
20
15 49
15 37
15 23
15 43
15 41
15 36
15 45
15 30
15 7
15 42
15 4
15 28
15 10
15 2
15 20
15 44
15 26
15 47
15 14
15 17
20
16 3
16 10
16 14
16 32
16 42
16 45
16 19
16 1
16 9
16 49
16 23
16 6
16 27
16 15
16 34
16 4
16 2
16 35
16 36
16 21
14
17 22
17 35
17 23
17 16
17 46
17 34
17 2
17 41
17 49
17 42
17 40
17 44
17 21
17 33
23
18 15
18 14
18 27
18 3
18 45
18 4
18 24
18 33
18 31
18 11
18 17
18 34
18 13
18 41
18 23
18 10
18 2
18 25
18 49
18 35
18 40
18 38
18 47
16
19 8
19 18
19 46
19 32
19 22
19 20
19 26
19 5
19 15
19 10
19 12
19 0
19 13
19 9
19 39
19 2
23
20 8
20 34
20 45
20 7
20 33
20 38
20 48
20 17
20 18
20 13
20 41
20 9
20 3
20 49
20 32
20 0
20 14
20 1
20 39
20 4
20 31
20 6
20 2
29
21 32
21 30
21 28
21 39
21 13
21 44
21 14
21 36
21 37
21 31
21 48
21 5
21 41
21 26
21 7
21 35
21 46
21 18
21 45
21 22
21 10
21 42
21 8
21 3
21 24
21 12
21 9
21 2
21 40
20
22 5
22 6
22 36
22 2
22 8
22 16
22 42
22 40
22 47
22 20
22 44
22 15
22 12
22 18
22 7
22 10
22 9
22 24
22 35
22 31
18
23 7
23 30
23 19
23 1
23 14
23 21
23 38
23 39
23 20
23 45
23 47
23 0
23 35
23 8
23 27
23 11
23 31
23 44
24
24 40
24 19
24 16
24 15
24 8
24 1
24 23
24 0
24 14
24 4
24 10
24 27
24 31
24 5
24 45
24 3
24 2
24 9
24 17
24 35
24 12
24 13
24 20
24 39
24
25 27
25 44
25 8
25 15
25 20
25 26
25 22
25 23
25 21
25 10
25 39
25 17
25 38
25 24
25 49
25 47
25 43
25 5
25 34
25 13
25 0
25 16
25 32
25 36
20
26 8
26 43
26 37
26 13
26 12
26 23
26 48
26 7
26 1
26 17
26 3
26 20
26 47
26 4
26 10
26 16
26 42
26 34
26 38
26 40
19
27 26
27 6
27 48
27 34
27 39
27 13
27 35
27 31
27 3
27 17
27 40
27 45
27 32
27 20
27 28
27 46
27 33
27 22
27 38
17
28 49
28 19
28 13
28 41
28 37
28 32
28 16
28 12
28 4
28 38
28 29
28 46
28 24
28 26
28 42
28 25
28 11
23
29 18
29 26
29 45
29 15
29 44
29 30
29 21
29 16
29 42
29 19
29 0
29 47
29 5
29 33
29 23
29 14
29 1
29 27
29 12
29 41
29 25
29 17
29 32
21
30 19
30 27
30 24
30 16
30 17
30 10
30 9
30 3
30 25
30 26
30 14
30 5
30 49
30 40
30 38
30 36
30 44
30 28
30 31
30 35
30 11
19
31 26
31 28
31 3
31 42
31 7
31 4
31 12
31 33
31 1
31 15
31 2
31 25
31 19
31 38
31 49
31 17
31 5
31 16
31 29
18
32 41
32 45
32 5
32 43
32 37
32 22
32 42
32 8
32 26
32 46
32 15
32 49
32 13
32 47
32 18
32 1
32 44
32 38
27
33 42
33 3
33 24
33 25
33 47
33 49
33 36
33 12
33 22
33 14
33 6
33 46
33 26
33 35
33 15
33 2
33 41
33 4
33 19
33 40
33 38
33 5
33 13
33 32
33 23
33 39
33 7
24
34 35
34 43
34 22
34 36
34 4
34 10
34 40
34 45
34 48
34 42
34 13
34 31
34 44
34 8
34 24
34 1
34 46
34 33
34 15
34 29
34 23
34 11
34 41
34 38
18
35 29
35 12
35 32
35 8
35 28
35 47
35 4
35 48
35 25
35 3
35 15
35 11
35 5
35 31
35 0
35 13
35 36
35 7
20
36 20
36 42
36 48
36 26
36 17
36 27
36 29
36 7
36 24
36 1
36 4
36 18
36 32
36 2
36 5
36 28
36 10
36 47
36 13
36 31
23
37 31
37 36
37 3
37 22
37 30
37 4
37 46
37 11
37 5
37 38
37 25
37 19
37 41
37 42
37 24
37 27
37 2
37 17
37 35
37 13
37 34
37 10
37 18
16
38 17
38 42
38 13
38 43
38 3
38 9
38 2
38 44
38 6
38 16
38 45
38 1
38 21
38 5
38 12
38 35
23
39 16
39 4
39 40
39 42
39 17
39 3
39 32
39 48
39 11
39 46
39 29
39 44
39 37
39 36
39 49
39 28
39 2
39 31
39 38
39 35
39 12
39 30
39 26
19
40 4
40 38
40 32
40 48
40 16
40 35
40 31
40 13
40 9
40 1
40 46
40 3
40 15
40 37
40 29
40 36
40 8
40 42
40 47
24
41 31
41 24
41 46
41 45
41 2
41 44
41 7
41 27
41 13
41 23
41 38
41 9
41 35
41 30
41 26
41 22
41 40
41 39
41 4
41 16
41 49
41 19
41 0
41 47
15
42 30
42 2
42 18
42 8
42 23
42 35
42 27
42 25
42 3
42 44
42 4
42 45
42 41
42 19
42 47
19
43 2
43 39
43 48
43 10
43 17
43 41
43 35
43 42
43 9
43 18
43 31
43 37
43 24
43 16
43 0
43 45
43 30
43 22
43 3
17
44 31
44 12
44 27
44 2
44 40
44 18
44 37
44 33
44 14
44 26
44 45
44 36
44 48
44 11
44 16
44 43
44 4
16
45 8
45 0
45 47
45 2
45 3
45 26
45 39
45 7
45 12
45 30
45 25
45 40
45 48
45 22
45 28
45 6
16
46 31
46 3
46 29
46 0
46 8
46 25
46 18
46 10
46 15
46 47
46 5
46 4
46 36
46 43
46 6
46 23
18
47 21
47 13
47 28
47 14
47 39
47 27
47 34
47 11
47 37
47 38
47 19
47 24
47 20
47 8
47 48
47 43
47 16
47 6
25
48 46
48 19
48 3
48 13
48 28
48 30
48 31
48 37
48 24
48 29
48 8
48 42
48 33
48 22
48 17
48 10
48 4
48 18
48 25
48 41
48 15
48 7
48 11
48 9
48 38
22
49 47
49 44
49 0
49 35
49 6
49 26
49 27
49 34
49 40
49 4
49 8
49 9
49 2
49 21
49 13
49 24
49 37
49 7
49 43
49 19
49 45
49 23
