50
0 "A9"
1 "A43"
2 "A46"
3 "A48"
4 "A29"
5 "A19"
6 "A17"
7 "A6"
8 "A3"
9 "A41"
10 "A35"
11 "A26"
12 "A28"
13 "A37"
14 "A39"
15 "A23"
16 "A8"
17 "A44"
18 "A27"
19 "A45"
20 "A4"
21 "A33"
22 "A24"
23 "A14"
24 "A5"
25 "A15"
26 "A7"
27 "A34"
28 "A47"
29 "A20"
30 "A38"
31 "A31"
32 "A1"
33 "A32"
34 "A42"
35 "A40"
36 "A36"
37 "A49"
38 "A22"
39 "A0"
40 "A13"
41 "A16"
42 "A11"
43 "A10"
44 "A2"
45 "A18"
46 "A30"
47 "A25"
48 "A21"
49 "A12"
22
0 30
0 22
0 35
0 45
0 7
0 42
0 40
0 15
0 39
0 33
0 44
0 10
0 3
0 23
0 47
0 28
0 4
0 48
0 27
0 25
0 9
0 20
18
1 14
1 17
1 37
1 35
1 43
1 20
1 8
1 13
1 3
1 44
1 47
1 36
1 49
1 46
1 41
1 9
1 30
1 0
20
2 31
2 35
2 7
2 13
2 11
2 40
2 30
2 20
2 14
2 47
2 27
2 1
2 6
2 28
2 38
2 10
2 49
2 24
2 45
2 5
23
3 40
3 9
3 17
3 2
3 36
3 23
3 18
3 38
3 5
3 44
3 29
3 33
3 41
3 8
3 46
3 43
3 12
3 25
3 49
3 15
3 21
3 34
3 35
24
4 5
4 1
4 6
4 3
4 23
4 16
4 35
4 33
4 37
4 41
4 31
4 44
4 11
4 26
4 24
4 9
4 42
4 20
4 38
4 29
4 14
4 17
4 40
4 2
21
5 34
5 18
5 14
5 9
5 44
5 17
5 31
5 16
5 1
5 41
5 12
5 28
5 23
5 7
5 26
5 25
5 0
5 32
5 29
5 38
5 22
24
6 36
6 11
6 12
6 38
6 43
6 41
6 39
6 16
6 25
6 5
6 17
6 13
6 32
6 18
6 0
6 15
6 1
6 19
6 40
6 10
6 47
6 37
6 3
6 28
23
7 21
7 11
7 9
7 8
7 10
7 44
7 4
7 22
7 19
7 17
7 43
7 29
7 41
7 25
7 32
7 14
7 15
7 23
7 38
7 40
7 1
7 34
7 20
20
8 43
8 10
8 37
8 17
8 27
8 29
8 9
8 0
8 4
8 45
8 13
8 6
8 14
8 28
8 2
8 22
8 41
8 21
8 31
8 42
12
9 33
9 24
9 29
9 44
9 25
9 37
9 19
9 32
9 16
9 27
9 22
9 2
23
10 32
10 18
10 29
10 48
10 4
10 26
10 24
10 20
10 33
10 25
10 3
10 21
10 23
10 40
10 45
10 12
10 13
10 28
10 37
10 34
10 30
10 49
10 35
20
11 38
11 34
11 29
11 9
11 47
11 31
11 16
11 1
11 10
11 33
11 30
11 25
11 18
11 14
11 48
11 39
11 22
11 8
11 0
11 45
18
12 1
12 18
12 41
12 38
12 11
12 40
12 46
12 42
12 7
12 13
12 9
12 16
12 17
12 2
12 39
12 36
12 29
12 45
13
13 23
13 3
13 25
13 47
13 32
13 16
13 0
13 21
13 46
13 29
13 33
13 43
13 14
15
14 44
14 0
14 3
14 34
14 36
14 45
14 15
14 17
14 32
14 29
14 28
14 20
14 24
14 18
14 38
18
15 13
15 40
15 33
15 19
15 23
15 43
15 8
15 2
15 48
15 22
15 44
15 28
15 47
15 31
15 20
15 32
15 9
15 12
21
16 2
16 46
16 14
16 20
16 30
16 3
16 0
16 35
16 29
16 26
16 8
16 45
16 15
16 1
16 24
16 18
16 10
16 22
16 49
16 40
16 21
10
17 24
17 42
17 9
17 32
17 0
17 2
17 11
17 19
17 13
17 43
27
18 21
18 47
18 2
18 36
18 39
18 22
18 24
18 1
18 4
18 40
18 35
18 17
18 9
18 45
18 25
18 7
18 33
18 31
18 38
18 0
18 43
18 37
18 15
18 41
18 44
18 8
18 29
23
19 10
19 20
19 41
19 27
19 14
19 13
19 18
19 16
19 11
19 3
19 31
19 46
19 38
19 47
19 26
19 32
19 21
19 48
19 12
19 5
19 23
19 44
19 37
21
20 47
20 5
20 48
20 21
20 41
20 32
20 29
20 12
20 27
20 17
20 9
20 46
20 24
20 23
20 18
20 11
20 25
20 3
20 6
20 40
20 13
19
21 11
21 9
21 31
21 1
21 5
21 6
21 29
21 40
21 33
21 17
21 15
21 0
21 22
21 4
21 24
21 2
21 35
21 38
21 14
17
22 38
22 40
22 2
22 42
22 4
22 14
22 3
22 13
22 6
22 45
22 20
22 39
22 41
22 12
22 43
22 19
22 30
19
23 22
23 33
23 28
23 11
23 24
23 27
23 14
23 47
23 12
23 41
23 6
23 26
23 35
23 8
23 1
23 16
23 9
23 17
23 37
19
24 28
24 6
24 36
24 15
24 34
24 1
24 40
24 11
24 19
24 5
24 41
24 49
24 35
24 42
24 48
24 46
24 47
24 38
24 45
13
25 16
25 15
25 8
25 14
25 17
25 21
25 48
25 19
25 24
25 12
25 43
25 34
25 28
21
26 1
26 12
26 2
26 9
26 25
26 49
26 13
26 40
26 31
26 32
26 11
26 28
26 30
26 35
26 34
26 14
26 3
26 21
26 20
26 36
26 17
20
27 15
27 4
27 17
27 12
27 13
27 7
27 5
27 3
27 16
27 11
27 18
27 6
27 35
27 44
27 48
27 31
27 36
27 1
27 34
27 29
13
28 22
28 49
28 12
28 1
28 44
28 7
28 20
28 13
28 17
28 16
28 36
28 11
28 39
20
29 25
29 23
29 32
29 34
29 40
29 17
29 1
29 6
29 49
29 38
29 30
29 43
29 48
29 28
29 41
29 47
29 2
29 46
29 15
29 31
27
30 9
30 35
30 43
30 18
30 6
30 34
30 23
30 8
30 4
30 42
30 14
30 44
30 3
30 36
30 21
30 28
30 12
30 25
30 5
30 20
30 47
30 15
30 49
30 46
30 17
30 27
30 38
21
31 49
31 23
31 6
31 32
31 25
31 43
31 30
31 24
31 42
31 0
31 16
31 28
31 36
31 22
31 3
31 33
31 46
31 9
31 20
31 1
31 41
18
32 2
32 35
32 11
32 4
32 45
32 3
32 22
32 43
32 49
32 33
32 21
32 12
32 25
32 0
32 23
32 39
32 1
32 40
15
33 6
33 26
33 29
33 1
33 28
33 20
33 30
33 19
33 45
33 2
33 47
33 17
33 16
33 5
33 24
23
34 16
34 12
34 31
34 32
34 1
34 43
34 9
34 33
34 20
34 17
34 6
34 47
34 15
34 28
34 8
34 0
34 23
34 19
34 4
34 22
34 13
34 37
34 21
22
35 31
35 5
35 8
35 11
35 33
35 43
35 22
35 34
35 9
35 37
35 44
35 28
35 48
35 41
35 13
35 25
35 14
35 15
35 7
35 45
35 20
35 6
23
36 33
36 2
36 32
36 5
36 40
36 20
36 34
36 29
36 16
36 9
36 35
36 21
36 48
36 44
36 23
36 7
36 49
36 41
36 42
36 47
36 4
36 8
36 13
23
37 30
37 13
37 3
37 21
37 7
37 45
37 12
37 29
37 20
37 44
37 16
37 22
37 28
37 36
37 5
37 11
37 26
37 24
37 42
37 0
37 17
37 14
37 25
18
38 23
38 28
38 48
38 33
38 31
38 13
38 32
38 15
38 34
38 49
38 9
38 10
38 17
38 36
38 26
38 42
38 16
38 8
24
39 3
39 46
39 43
39 25
39 2
39 23
39 33
39 36
39 14
39 31
39 4
39 44
39 13
39 24
39 42
39 29
39 7
39 37
39 5
39 15
39 35
39 8
39 21
39 9
18
40 14
40 23
40 38
40 31
40 46
40 33
40 45
40 41
40 1
40 47
40 9
40 37
40 8
40 25
40 17
40 39
40 43
40 19
18
41 13
41 42
41 17
41 25
41 15
41 21
41 49
41 38
41 32
41 26
41 10
41 0
41 37
41 27
41 34
41 30
41 9
41 2
14
42 40
42 26
42 11
42 28
42 34
42 35
42 19
42 21
42 14
42 6
42 7
42 45
42 3
42 1
15
43 36
43 37
43 48
43 28
43 24
43 4
43 10
43 11
43 49
43 42
43 21
43 44
43 19
43 14
43 2
20
44 17
44 26
44 31
44 21
44 45
44 40
44 41
44 49
44 25
44 20
44 42
44 38
44 22
44 24
44 6
44 8
44 33
44 23
44 2
44 48
24
45 7
45 20
45 31
45 21
45 6
45 5
45 3
45 41
45 38
45 47
45 15
45 26
45 39
45 1
45 17
45 9
45 34
45 23
45 4
45 28
45 36
45 46
45 19
45 25
23
46 0
46 27
46 5
46 37
46 34
46 33
46 9
46 44
46 17
46 36
46 11
46 8
46 25
46 41
46 22
46 49
46 21
46 6
46 42
46 18
46 4
46 28
46 38
20
47 5
47 17
47 26
47 9
47 48
47 3
47 38
47 28
47 25
47 16
47 37
47 39
47 4
47 41
47 31
47 7
47 46
47 43
47 22
47 32
17
48 6
48 34
48 3
48 49
48 1
48 40
48 32
48 2
48 39
48 46
48 17
48 9
48 31
48 8
48 37
48 26
48 23
20
49 27
49 20
49 5
49 12
49 4
49 6
49 23
49 13
49 9
49 22
49 42
49 11
49 15
49 25
49 35
49 39
49 47
49 0
49 45
49 37
