50
0 "A9"
1 "A43"
2 "A46"
3 "A48"
4 "A29"
5 "A19"
6 "A17"
7 "A6"
8 "A3"
9 "A41"
10 "A35"
11 "A26"
12 "A28"
13 "A37"
14 "A39"
15 "A23"
16 "A8"
17 "A44"
18 "A27"
19 "A45"
20 "A4"
21 "A33"
22 "A24"
23 "A14"
24 "A5"
25 "A15"
26 "A7"
27 "A34"
28 "A47"
29 "A20"
30 "A38"
31 "A31"
32 "A1"
33 "A32"
34 "A42"
35 "A40"
36 "A36"
37 "A49"
38 "A22"
39 "A0"
40 "A13"
41 "A16"
42 "A11"
43 "A10"
44 "A2"
45 "A18"
46 "A30"
47 "A25"
48 "A21"
49 "A12"
22
0 47
0 19
0 23
0 24
0 4
0 29
0 40
0 42
0 30
0 34
0 36
0 9
0 1
0 44
0 28
0 39
0 27
0 25
0 7
0 26
0 31
0 21
20
1 30
1 12
1 40
1 17
1 41
1 13
1 36
1 42
1 29
1 21
1 26
1 49
1 6
1 14
1 3
1 20
1 32
1 39
1 4
1 28
23
2 1
2 49
2 7
2 47
2 11
2 29
2 26
2 4
2 5
2 0
2 30
2 20
2 3
2 31
2 21
2 25
2 13
2 17
2 40
2 33
2 18
2 34
2 27
17
3 25
3 4
3 29
3 9
3 17
3 36
3 18
3 8
3 28
3 0
3 7
3 41
3 15
3 46
3 43
3 44
3 49
16
4 48
4 15
4 38
4 40
4 33
4 22
4 11
4 36
4 17
4 24
4 46
4 10
4 7
4 13
4 39
4 35
21
5 24
5 26
5 1
5 33
5 35
5 8
5 6
5 25
5 40
5 34
5 3
5 16
5 12
5 19
5 48
5 18
5 17
5 4
5 28
5 43
5 11
19
6 47
6 2
6 36
6 10
6 25
6 23
6 14
6 8
6 18
6 41
6 35
6 7
6 17
6 28
6 9
6 12
6 44
6 15
6 42
19
7 40
7 1
7 23
7 36
7 25
7 15
7 34
7 27
7 9
7 22
7 12
7 44
7 20
7 8
7 43
7 42
7 31
7 41
7 28
17
8 46
8 23
8 19
8 26
8 24
8 4
8 31
8 28
8 47
8 2
8 41
8 21
8 1
8 9
8 27
8 12
8 37
19
9 24
9 43
9 29
9 23
9 1
9 38
9 44
9 17
9 16
9 12
9 36
9 13
9 19
9 5
9 20
9 15
9 2
9 33
9 49
18
10 14
10 42
10 25
10 15
10 18
10 46
10 31
10 49
10 7
10 48
10 33
10 2
10 22
10 44
10 37
10 8
10 9
10 3
17
11 9
11 30
11 10
11 39
11 21
11 46
11 6
11 7
11 29
11 24
11 38
11 25
11 0
11 1
11 3
11 33
11 22
13
12 18
12 4
12 25
12 32
12 48
12 0
12 37
12 10
12 11
12 30
12 2
12 22
12 13
14
13 42
13 36
13 20
13 33
13 22
13 35
13 7
13 0
13 5
13 44
13 47
13 10
13 32
13 6
18
14 30
14 8
14 7
14 24
14 0
14 44
14 35
14 46
14 47
14 3
14 37
14 9
14 48
14 32
14 39
14 16
14 28
14 18
25
15 29
15 40
15 32
15 19
15 22
15 13
15 12
15 28
15 2
15 8
15 44
15 23
15 11
15 48
15 30
15 42
15 34
15 43
15 36
15 0
15 14
15 33
15 1
15 25
15 35
20
16 24
16 3
16 11
16 49
16 34
16 8
16 20
16 10
16 41
16 6
16 45
16 44
16 43
16 32
16 27
16 42
16 1
16 17
16 12
16 36
16
17 43
17 14
17 11
17 15
17 8
17 25
17 48
17 28
17 0
17 44
17 34
17 47
17 10
17 39
17 35
17 12
27
18 11
18 36
18 0
18 48
18 25
18 1
18 4
18 40
18 35
18 46
18 22
18 23
18 44
18 26
18 13
18 45
18 30
18 43
18 16
18 8
18 29
18 20
18 24
18 27
18 31
18 49
18 17
25
19 27
19 40
19 4
19 41
19 36
19 13
19 16
19 18
19 21
19 46
19 17
19 35
19 38
19 32
19 10
19 7
19 26
19 2
19 44
19 14
19 28
19 11
19 20
19 1
19 12
19
20 14
20 27
20 44
20 21
20 5
20 6
20 40
20 33
20 15
20 36
20 4
20 26
20 23
20 45
20 0
20 47
20 3
20 42
20 49
17
21 40
21 48
21 12
21 9
21 31
21 6
21 33
21 4
21 17
21 43
21 18
21 49
21 28
21 44
21 25
21 7
21 37
20
22 17
22 27
22 19
22 47
22 33
22 5
22 0
22 29
22 9
22 16
22 3
22 44
22 14
22 41
22 38
22 26
22 21
22 1
22 2
22 24
16
23 22
23 10
23 14
23 46
23 17
23 19
23 13
23 1
23 29
23 26
23 5
23 25
23 11
23 24
23 38
23 33
21
24 36
24 43
24 3
24 19
24 26
24 34
24 15
24 25
24 30
24 1
24 46
24 21
24 10
24 39
24 37
24 28
24 13
24 6
24 7
24 38
24 2
20
25 34
25 1
25 40
25 33
25 9
25 22
25 47
25 28
25 39
25 31
25 43
25 49
25 30
25 27
25 44
25 4
25 8
25 16
25 41
25 46
17
26 3
26 45
26 34
26 13
26 12
26 25
26 17
26 43
26 40
26 29
26 36
26 9
26 42
26 6
26 7
26 16
26 27
28
27 30
27 29
27 44
27 35
27 13
27 43
27 17
27 39
27 31
27 49
27 33
27 11
27 21
27 3
27 1
27 5
27 12
27 42
27 48
27 24
27 40
27 28
27 15
27 38
27 6
27 14
27 4
27 10
14
28 32
28 12
28 39
28 44
28 11
28 20
28 23
28 46
28 4
28 48
28 38
28 29
28 36
28 16
22
29 37
29 31
29 24
29 25
29 12
29 40
29 6
29 36
29 10
29 19
29 38
29 14
29 8
29 33
29 16
29 43
29 45
29 5
29 13
29 7
29 41
29 30
24
30 26
30 33
30 34
30 28
30 16
30 4
30 39
30 44
30 20
30 35
30 47
30 19
30 37
30 23
30 9
30 6
30 22
30 40
30 48
30 45
30 5
30 10
30 17
30 38
23
31 42
31 33
31 12
31 26
31 9
31 1
31 49
31 23
31 35
31 15
31 32
31 39
31 13
31 5
31 14
31 43
31 24
31 44
31 19
31 3
31 17
31 11
31 37
24
32 42
32 11
32 45
32 43
32 21
32 0
32 23
32 38
32 24
32 3
32 5
32 49
32 10
32 36
32 17
32 39
32 48
32 4
32 30
32 2
32 20
32 8
32 26
32 33
17
33 3
33 19
33 17
33 38
33 48
33 16
33 8
33 18
33 42
33 12
33 34
33 1
33 43
33 40
33 14
33 24
33 37
21
34 6
34 37
34 10
34 21
34 27
34 22
34 12
34 41
34 4
34 23
34 39
34 29
34 1
34 43
34 8
34 28
34 20
34 3
34 9
34 18
34 36
22
35 45
35 22
35 23
35 25
35 11
35 48
35 20
35 24
35 47
35 26
35 8
35 2
35 33
35 40
35 28
35 41
35 7
35 38
35 0
35 32
35 49
35 29
17
36 35
36 42
36 33
36 30
36 45
36 43
36 10
36 41
36 27
36 44
36 17
36 31
36 22
36 23
36 12
36 11
36 39
22
37 3
37 45
37 22
37 0
37 17
37 26
37 48
37 9
37 27
37 18
37 46
37 35
37 28
37 44
37 2
37 5
37 7
37 16
37 20
37 39
37 25
37 49
21
38 47
38 13
38 6
38 7
38 44
38 36
38 21
38 12
38 37
38 16
38 8
38 2
38 14
38 10
38 20
38 17
38 5
38 26
38 43
38 39
38 42
17
39 41
39 7
39 35
39 2
39 42
39 19
39 29
39 13
39 18
39 16
39 9
39 33
39 26
39 15
39 10
39 23
39 43
18
40 37
40 11
40 39
40 9
40 31
40 6
40 16
40 32
40 36
40 22
40 49
40 12
40 17
40 14
40 38
40 46
40 24
40 13
20
41 9
41 17
41 45
41 37
41 20
41 42
41 14
41 13
41 38
41 33
41 12
41 11
41 18
41 10
41 4
41 40
41 43
41 48
41 21
41 5
20
42 34
42 28
42 48
42 22
42 3
42 35
42 40
42 29
42 5
42 37
42 23
42 25
42 4
42 8
42 11
42 47
42 2
42 21
42 12
42 17
13
43 49
43 37
43 42
43 11
43 30
43 19
43 20
43 12
43 40
43 1
43 23
43 22
43 0
11
44 40
44 26
44 12
44 5
44 11
44 2
44 24
44 35
44 43
44 33
44 23
24
45 47
45 6
45 7
45 28
45 17
45 46
45 4
45 1
45 31
45 5
45 23
45 9
45 44
45 42
45 14
45 33
45 3
45 12
45 21
45 10
45 22
45 24
45 19
45 0
22
46 48
46 20
46 2
46 41
46 42
46 30
46 49
46 35
46 15
46 43
46 1
46 21
46 26
46 36
46 31
46 44
46 6
46 27
46 5
46 13
46 17
46 32
22
47 9
47 5
47 16
47 37
47 18
47 39
47 7
47 12
47 4
47 23
47 31
47 36
47 10
47 21
47 43
47 26
47 1
47 29
47 15
47 40
47 41
47 33
22
48 3
48 40
48 36
48 26
48 45
48 1
48 6
48 39
48 38
48 20
48 23
48 34
48 49
48 11
48 25
48 16
48 9
48 43
48 19
48 29
48 44
48 7
20
49 14
49 13
49 8
49 28
49 39
49 7
49 44
49 0
49 6
49 5
49 15
49 33
49 36
49 34
49 4
49 45
49 29
49 17
49 23
49 22
