50
0 "A9"
1 "A43"
2 "A46"
3 "A48"
4 "A29"
5 "A19"
6 "A17"
7 "A6"
8 "A3"
9 "A41"
10 "A35"
11 "A26"
12 "A28"
13 "A37"
14 "A39"
15 "A23"
16 "A8"
17 "A44"
18 "A27"
19 "A45"
20 "A4"
21 "A33"
22 "A24"
23 "A14"
24 "A5"
25 "A15"
26 "A7"
27 "A34"
28 "A47"
29 "A20"
30 "A38"
31 "A31"
32 "A1"
33 "A32"
34 "A42"
35 "A40"
36 "A36"
37 "A49"
38 "A22"
39 "A0"
40 "A13"
41 "A16"
42 "A11"
43 "A10"
44 "A2"
45 "A18"
46 "A30"
47 "A25"
48 "A21"
49 "A12"
21
0 28
0 27
0 24
0 4
0 29
0 40
0 42
0 30
0 39
0 44
0 9
0 23
0 7
0 1
0 26
0 16
0 6
0 31
0 2
0 21
0 47
14
1 14
1 4
1 12
1 40
1 17
1 29
1 32
1 36
1 42
1 28
1 26
1 35
1 20
1 39
19
2 41
2 30
2 11
2 29
2 26
2 21
2 13
2 22
2 20
2 4
2 40
2 44
2 17
2 37
2 43
2 34
2 31
2 33
2 28
22
3 49
3 46
3 43
3 18
3 4
3 29
3 24
3 34
3 23
3 17
3 36
3 48
3 8
3 33
3 32
3 12
3 41
3 19
3 15
3 47
3 2
3 7
17
4 15
4 17
4 7
4 33
4 32
4 23
4 19
4 22
4 11
4 36
4 10
4 39
4 16
4 6
4 13
4 48
4 18
22
5 3
5 43
5 24
5 26
5 1
5 34
5 18
5 8
5 14
5 25
5 39
5 41
5 15
5 12
5 0
5 6
5 21
5 28
5 48
5 38
5 11
5 7
21
6 33
6 28
6 23
6 44
6 47
6 2
6 36
6 10
6 42
6 1
6 20
6 14
6 8
6 29
6 19
6 18
6 41
6 30
6 35
6 17
6 26
13
7 8
7 41
7 33
7 40
7 36
7 42
7 45
7 31
7 15
7 23
7 39
7 46
7 43
19
8 32
8 22
8 37
8 46
8 23
8 19
8 26
8 9
8 4
8 40
8 30
8 31
8 28
8 44
8 47
8 2
8 27
8 21
8 38
18
9 12
9 43
9 29
9 5
9 13
9 38
9 44
9 17
9 16
9 49
9 3
9 36
9 28
9 19
9 20
9 33
9 7
9 42
18
10 3
10 15
10 44
10 46
10 1
10 49
10 7
10 48
10 33
10 5
10 2
10 8
10 34
10 12
10 9
10 28
10 27
10 31
18
11 1
11 22
11 30
11 47
11 39
11 10
11 46
11 33
11 3
11 42
11 38
11 34
11 43
11 24
11 8
11 25
11 44
11 0
16
12 11
12 30
12 2
12 18
12 24
12 8
12 29
12 4
12 48
12 32
12 22
12 6
12 44
12 28
12 39
12 0
14
13 42
13 35
13 39
13 6
13 7
13 16
13 27
13 11
13 1
13 5
13 47
13 10
13 32
13 12
23
14 30
14 18
14 7
14 24
14 0
14 32
14 35
14 48
14 47
14 3
14 15
14 37
14 9
14 4
14 16
14 22
14 12
14 39
14 11
14 2
14 36
14 28
14 31
20
15 35
15 40
15 32
15 0
15 18
15 13
15 43
15 28
15 33
15 8
15 44
15 26
15 11
15 36
15 42
15 24
15 16
15 9
15 41
15 25
18
16 24
16 42
16 49
16 12
16 8
16 20
16 10
16 41
16 34
16 35
16 17
16 6
16 3
16 38
16 22
16 2
16 1
16 21
21
17 11
17 47
17 34
17 25
17 0
17 39
17 44
17 10
17 24
17 43
17 38
17 13
17 35
17 42
17 32
17 14
17 37
17 46
17 18
17 5
17 20
27
18 36
18 0
18 48
18 25
18 1
18 8
18 40
18 35
18 46
18 22
18 23
18 44
18 26
18 49
18 45
18 30
18 43
18 10
18 2
18 27
18 29
18 24
18 31
18 42
18 7
18 16
18 11
26
19 33
19 20
19 7
19 27
19 40
19 2
19 41
19 11
19 13
19 16
19 28
19 1
19 38
19 47
19 25
19 44
19 21
19 26
19 32
19 0
19 10
19 14
19 46
19 34
19 35
19 18
16
20 27
20 15
20 21
20 5
20 13
20 33
20 40
20 36
20 45
20 49
20 14
20 22
20 26
20 43
20 0
20 42
18
21 1
21 17
21 12
21 26
21 6
21 14
21 31
21 43
21 29
21 15
21 28
21 13
21 38
21 25
21 9
21 48
21 46
21 32
20
22 17
22 47
22 33
22 5
22 24
22 29
22 9
22 3
22 44
22 39
22 37
22 38
22 41
22 23
22 21
22 6
22 1
22 26
22 10
22 31
16
23 24
23 38
23 10
23 14
23 46
23 17
23 29
23 19
23 26
23 15
23 33
23 41
23 5
23 2
23 25
23 37
20
24 20
24 2
24 25
24 39
24 1
24 46
24 21
24 10
24 28
24 13
24 9
24 49
24 34
24 37
24 47
24 43
24 38
24 4
24 19
24 7
23
25 43
25 27
25 28
25 4
25 30
25 16
25 39
25 41
25 1
25 40
25 44
25 9
25 2
25 42
25 22
25 47
25 13
25 14
25 3
25 31
25 45
25 10
25 20
17
26 12
26 16
26 17
26 43
26 40
26 29
26 36
26 9
26 34
26 7
26 27
26 25
26 3
26 13
26 24
26 42
26 10
24
27 1
27 30
27 29
27 44
27 16
27 24
27 14
27 17
27 40
27 31
27 49
27 33
27 11
27 4
27 3
27 5
27 12
27 28
27 21
27 23
27 36
27 22
27 38
27 42
18
28 16
28 44
28 11
28 38
28 41
28 46
28 43
28 48
28 31
28 22
28 26
28 36
28 7
28 49
28 29
28 4
28 23
28 35
19
29 24
29 20
29 38
29 13
29 17
29 47
29 14
29 10
29 36
29 16
29 7
29 41
29 5
29 33
29 11
29 4
29 37
29 45
29 46
25
30 10
30 26
30 33
30 34
30 28
30 16
30 4
30 9
30 44
30 20
30 35
30 1
30 19
30 21
30 22
30 38
30 3
30 17
30 46
30 24
30 29
30 23
30 45
30 41
30 47
20
31 26
31 9
31 1
31 4
31 23
31 35
31 15
31 37
31 39
31 19
31 13
31 20
31 3
31 24
31 38
31 49
31 44
31 42
31 33
31 12
22
32 30
32 42
32 23
32 38
32 48
32 26
32 5
32 49
32 34
32 20
32 10
32 44
32 9
32 45
32 11
32 6
32 2
32 33
32 36
32 18
32 27
32 43
19
33 17
33 26
33 12
33 24
33 37
33 1
33 28
33 39
33 48
33 5
33 38
33 47
33 14
33 40
33 42
33 8
33 0
33 36
33 18
25
34 9
34 27
34 22
34 12
34 41
34 4
34 23
34 39
34 1
34 21
34 43
34 38
34 15
34 20
34 28
34 25
34 7
34 18
34 6
34 14
34 45
34 37
34 29
34 47
34 31
18
35 47
35 25
35 32
35 9
35 27
35 10
35 7
35 49
35 40
35 20
35 21
35 34
35 0
35 29
35 45
35 24
35 22
35 5
18
36 41
36 12
36 17
36 42
36 23
36 11
36 25
36 24
36 38
36 47
36 30
36 0
36 37
36 8
36 45
36 31
36 46
36 10
22
37 1
37 35
37 16
37 0
37 28
37 26
37 48
37 15
37 9
37 40
37 18
37 39
37 44
37 12
37 4
37 7
37 30
37 13
37 11
37 5
37 20
37 38
15
38 2
38 43
38 4
38 42
38 47
38 13
38 25
38 6
38 35
38 7
38 44
38 20
38 10
38 14
38 3
20
39 46
39 35
39 41
39 42
39 19
39 29
39 26
39 18
39 16
39 28
39 9
39 10
39 44
39 27
39 20
39 23
39 15
39 3
39 38
39 32
21
40 38
40 49
40 13
40 24
40 11
40 39
40 9
40 31
40 23
40 22
40 36
40 45
40 6
40 21
40 4
40 34
40 5
40 32
40 3
40 12
40 17
21
41 26
41 42
41 14
41 48
41 21
41 33
41 12
41 11
41 18
41 10
41 4
41 24
41 40
41 27
41 0
41 17
41 37
41 49
41 35
41 9
41 8
19
42 35
42 40
42 29
42 28
42 12
42 48
42 23
42 37
42 21
42 4
42 2
42 49
42 34
42 47
42 30
42 8
42 24
42 22
42 3
16
43 40
43 23
43 6
43 22
43 0
43 42
43 45
43 37
43 16
43 14
43 19
43 36
43 30
43 13
43 39
43 44
13
44 24
44 33
44 35
44 26
44 41
44 29
44 5
44 34
44 47
44 40
44 49
44 42
44 14
22
45 39
45 28
45 17
45 19
45 38
45 1
45 31
45 5
45 47
45 9
45 12
45 24
45 42
45 22
45 33
45 3
45 0
45 21
45 2
45 8
45 11
45 10
19
46 20
46 2
46 41
46 26
46 32
46 49
46 35
46 43
46 1
46 22
46 42
46 6
46 44
46 13
46 4
46 47
46 15
46 45
46 48
22
47 15
47 23
47 41
47 49
47 10
47 21
47 43
47 26
47 1
47 9
47 32
47 28
47 31
47 5
47 37
47 18
47 4
47 48
47 16
47 7
47 12
47 40
23
48 23
48 9
48 44
48 7
48 16
48 36
48 26
48 49
48 0
48 20
48 31
48 1
48 19
48 34
48 22
48 38
48 29
48 35
48 13
48 11
48 45
48 39
48 40
22
49 34
49 29
49 8
49 11
49 39
49 7
49 22
49 0
49 6
49 5
49 14
49 17
49 12
49 45
49 43
49 38
49 4
49 2
49 26
49 13
49 23
49 37
