50
0 "A9"
1 "A43"
2 "A46"
3 "A48"
4 "A29"
5 "A19"
6 "A17"
7 "A6"
8 "A3"
9 "A41"
10 "A35"
11 "A26"
12 "A28"
13 "A37"
14 "A39"
15 "A23"
16 "A8"
17 "A44"
18 "A27"
19 "A45"
20 "A4"
21 "A33"
22 "A24"
23 "A14"
24 "A5"
25 "A15"
26 "A7"
27 "A34"
28 "A47"
29 "A20"
30 "A38"
31 "A31"
32 "A1"
33 "A32"
34 "A42"
35 "A40"
36 "A36"
37 "A49"
38 "A22"
39 "A0"
40 "A13"
41 "A16"
42 "A11"
43 "A10"
44 "A2"
45 "A18"
46 "A30"
47 "A25"
48 "A21"
49 "A12"
22
0 28
0 5
0 29
0 6
0 39
0 36
0 23
0 14
0 33
0 20
0 24
0 37
0 13
0 35
0 12
0 15
0 31
0 41
0 26
0 17
0 10
0 42
21
1 48
1 24
1 30
1 33
1 10
1 32
1 26
1 3
1 41
1 0
1 2
1 4
1 35
1 15
1 40
1 20
1 49
1 36
1 29
1 39
1 12
16
2 18
2 26
2 33
2 21
2 24
2 20
2 48
2 27
2 7
2 45
2 42
2 38
2 16
2 8
2 37
2 3
15
3 36
3 16
3 23
3 42
3 7
3 21
3 33
3 4
3 46
3 37
3 31
3 0
3 14
3 43
3 19
17
4 0
4 20
4 14
4 31
4 23
4 25
4 36
4 7
4 28
4 32
4 19
4 2
4 10
4 8
4 45
4 18
4 22
18
5 40
5 16
5 20
5 45
5 18
5 19
5 14
5 44
5 1
5 34
5 2
5 43
5 9
5 4
5 17
5 23
5 38
5 13
22
6 34
6 4
6 27
6 49
6 38
6 36
6 12
6 14
6 17
6 15
6 1
6 28
6 45
6 2
6 5
6 41
6 46
6 11
6 30
6 39
6 22
6 47
19
7 38
7 43
7 36
7 19
7 14
7 22
7 6
7 44
7 45
7 48
7 13
7 15
7 24
7 18
7 9
7 23
7 17
7 30
7 25
24
8 31
8 46
8 3
8 19
8 9
8 26
8 48
8 6
8 16
8 13
8 30
8 40
8 10
8 34
8 45
8 43
8 27
8 36
8 1
8 7
8 21
8 0
8 15
8 25
24
9 42
9 26
9 27
9 13
9 31
9 48
9 3
9 11
9 38
9 2
9 28
9 16
9 34
9 30
9 12
9 10
9 23
9 6
9 14
9 41
9 0
9 1
9 45
9 25
16
10 38
10 32
10 37
10 39
10 13
10 22
10 5
10 34
10 2
10 28
10 3
10 24
10 7
10 29
10 49
10 23
19
11 17
11 22
11 42
11 5
11 14
11 10
11 27
11 4
11 13
11 37
11 0
11 40
11 25
11 43
11 36
11 48
11 29
11 12
11 8
22
12 3
12 36
12 38
12 4
12 45
12 31
12 40
12 7
12 30
12 27
12 26
12 5
12 10
12 13
12 2
12 42
12 20
12 32
12 46
12 28
12 16
12 41
19
13 24
13 26
13 47
13 45
13 3
13 2
13 25
13 6
13 49
13 29
13 41
13 15
13 22
13 30
13 38
13 4
13 17
13 40
13 33
12
14 25
14 13
14 41
14 27
14 1
14 8
14 10
14 33
14 37
14 49
14 43
14 31
20
15 37
15 3
15 10
15 32
15 14
15 22
15 33
15 19
15 23
15 20
15 9
15 27
15 47
15 17
15 41
15 28
15 11
15 4
15 49
15 43
22
16 27
16 34
16 33
16 22
16 1
16 29
16 0
16 19
16 4
16 6
16 41
16 13
16 21
16 38
16 23
16 7
16 35
16 15
16 30
16 49
16 28
16 39
19
17 47
17 25
17 8
17 40
17 23
17 10
17 32
17 35
17 14
17 44
17 31
17 28
17 4
17 29
17 2
17 21
17 36
17 20
17 1
25
18 37
18 0
18 41
18 32
18 14
18 36
18 13
18 46
18 17
18 29
18 10
18 8
18 43
18 3
18 1
18 9
18 28
18 15
18 19
18 11
18 49
18 6
18 16
18 22
18 30
15
19 14
19 0
19 47
19 44
19 9
19 12
19 26
19 30
19 35
19 46
19 2
19 13
19 41
19 17
19 37
22
20 3
20 37
20 18
20 11
20 6
20 19
20 40
20 22
20 14
20 44
20 9
20 31
20 38
20 33
20 48
20 43
20 30
20 7
20 13
20 49
20 41
20 21
22
21 33
21 1
21 10
21 45
21 27
21 19
21 24
21 28
21 6
21 31
21 12
21 25
21 9
21 4
21 38
21 49
21 22
21 11
21 35
21 48
21 15
21 0
16
22 44
22 8
22 14
22 46
22 0
22 33
22 31
22 29
22 1
22 37
22 25
22 17
22 32
22 28
22 9
22 43
16
23 31
23 33
23 39
23 40
23 22
23 13
23 19
23 14
23 49
23 29
23 18
23 24
23 48
23 12
23 1
23 35
21
24 22
24 11
24 46
24 49
24 38
24 19
24 39
24 33
24 42
24 30
24 5
24 41
24 12
24 36
24 43
24 4
24 18
24 45
24 9
24 47
24 8
23
25 43
25 19
25 0
25 12
25 5
25 23
25 1
25 39
25 34
25 6
25 16
25 45
25 32
25 10
25 2
25 49
25 30
25 29
25 41
25 26
25 38
25 20
25 35
23
26 10
26 37
26 5
26 23
26 48
26 30
26 36
26 17
26 6
26 3
26 22
26 24
26 27
26 4
26 7
26 20
26 43
26 47
26 40
26 42
26 14
26 34
26 45
21
27 39
27 19
27 35
27 37
27 22
27 36
27 34
27 24
27 23
27 5
27 45
27 44
27 42
27 4
27 46
27 30
27 47
27 7
27 25
27 13
27 20
23
28 7
28 1
28 39
28 19
28 42
28 41
28 11
28 48
28 26
28 29
28 2
28 27
28 8
28 30
28 3
28 32
28 25
28 34
28 5
28 23
28 14
28 40
28 20
19
29 45
29 34
29 21
29 24
29 46
29 6
29 38
29 40
29 4
29 19
29 27
29 5
29 33
29 9
29 26
29 2
29 14
29 49
29 32
18
30 14
30 31
30 4
30 22
30 15
30 48
30 47
30 23
30 46
30 21
30 5
30 10
30 29
30 3
30 33
30 41
30 35
30 38
18
31 1
31 15
31 29
31 27
31 35
31 36
31 48
31 16
31 38
31 28
31 11
31 43
31 45
31 10
31 7
31 5
31 13
31 25
21
32 6
32 14
32 21
32 30
32 31
32 42
32 7
32 24
32 0
32 3
32 13
32 46
32 27
32 9
32 35
32 26
32 23
32 33
32 20
32 34
32 2
23
33 37
33 10
33 38
33 44
33 5
33 27
33 8
33 36
33 9
33 49
33 40
33 12
33 18
33 31
33 28
33 25
33 6
33 7
33 19
33 46
33 41
33 11
33 4
16
34 12
34 15
34 21
34 37
34 7
34 31
34 13
34 2
34 11
34 19
34 23
34 20
34 0
34 33
34 4
34 39
22
35 33
35 42
35 47
35 5
35 18
35 29
35 22
35 8
35 36
35 48
35 34
35 45
35 7
35 10
35 14
35 26
35 24
35 43
35 15
35 20
35 2
35 3
15
36 20
36 2
36 22
36 32
36 30
36 21
36 25
36 28
36 49
36 23
36 10
36 16
36 48
36 15
36 47
23
37 38
37 36
37 32
37 16
37 12
37 40
37 23
37 30
37 49
37 46
37 17
37 13
37 48
37 1
37 47
37 21
37 28
37 45
37 7
37 29
37 25
37 44
37 5
17
38 41
38 42
38 36
38 3
38 28
38 32
38 14
38 44
38 39
38 26
38 22
38 23
38 46
38 45
38 19
38 18
38 34
19
39 45
39 41
39 31
39 33
39 15
39 8
39 7
39 35
39 4
39 26
39 17
39 49
39 42
39 2
39 5
39 14
39 19
39 12
39 36
18
40 38
40 31
40 9
40 27
40 30
40 39
40 45
40 49
40 3
40 43
40 4
40 16
40 2
40 44
40 14
40 32
40 35
40 25
18
41 34
41 27
41 32
41 4
41 17
41 37
41 23
41 46
41 29
41 35
41 11
41 36
41 40
41 31
41 10
41 22
41 45
41 2
22
42 31
42 22
42 23
42 1
42 16
42 20
42 21
42 33
42 25
42 29
42 30
42 43
42 15
42 36
42 19
42 8
42 4
42 13
42 34
42 10
42 17
42 41
20
43 19
43 30
43 1
43 34
43 33
43 12
43 49
43 32
43 47
43 23
43 21
43 2
43 45
43 4
43 38
43 6
43 28
43 0
43 37
43 39
19
44 48
44 26
44 15
44 23
44 35
44 45
44 25
44 3
44 10
44 14
44 39
44 24
44 43
44 9
44 0
44 18
44 6
44 46
44 30
17
45 36
45 14
45 16
45 3
45 46
45 19
45 28
45 30
45 17
45 33
45 20
45 32
45 1
45 0
45 15
45 10
45 42
21
46 17
46 28
46 31
46 47
46 20
46 26
46 0
46 40
46 23
46 25
46 21
46 4
46 10
46 2
46 48
46 16
46 9
46 13
46 35
46 14
46 34
24
47 0
47 3
47 42
47 16
47 39
47 33
47 31
47 18
47 41
47 2
47 12
47 49
47 14
47 10
47 34
47 21
47 29
47 8
47 25
47 40
47 38
47 32
47 28
47 11
16
48 29
48 42
48 34
48 19
48 0
48 49
48 18
48 40
48 32
48 25
48 41
48 47
48 15
48 43
48 39
48 38
20
49 5
49 34
49 28
49 31
49 45
49 32
49 12
49 11
49 8
49 27
49 3
49 30
49 41
49 26
49 17
49 42
49 46
49 7
49 19
49 4
