50
0 "A9"
1 "A43"
2 "A46"
3 "A48"
4 "A29"
5 "A19"
6 "A17"
7 "A6"
8 "A3"
9 "A41"
10 "A35"
11 "A26"
12 "A28"
13 "A37"
14 "A39"
15 "A23"
16 "A8"
17 "A44"
18 "A27"
19 "A45"
20 "A4"
21 "A33"
22 "A24"
23 "A14"
24 "A5"
25 "A15"
26 "A7"
27 "A34"
28 "A47"
29 "A20"
30 "A38"
31 "A31"
32 "A1"
33 "A32"
34 "A42"
35 "A40"
36 "A36"
37 "A49"
38 "A22"
39 "A0"
40 "A13"
41 "A16"
42 "A11"
43 "A10"
44 "A2"
45 "A18"
46 "A30"
47 "A25"
48 "A21"
49 "A12"
22
0 48
0 36
0 23
0 40
0 33
0 18
0 10
0 39
0 13
0 8
0 4
0 2
0 5
0 30
0 43
0 17
0 31
0 28
0 14
0 29
0 7
0 6
24
1 0
1 23
1 25
1 41
1 11
1 2
1 20
1 14
1 10
1 26
1 7
1 17
1 18
1 32
1 46
1 47
1 33
1 13
1 37
1 8
1 48
1 35
1 44
1 9
14
2 17
2 13
2 10
2 30
2 37
2 27
2 44
2 9
2 5
2 29
2 47
2 18
2 33
2 49
21
3 33
3 31
3 18
3 46
3 12
3 35
3 25
3 22
3 1
3 17
3 15
3 0
3 6
3 11
3 40
3 49
3 24
3 8
3 2
3 34
3 14
19
4 6
4 7
4 37
4 1
4 18
4 30
4 49
4 35
4 26
4 8
4 11
4 23
4 34
4 31
4 27
4 36
4 2
4 48
4 24
20
5 1
5 18
5 15
5 44
5 17
5 34
5 12
5 19
5 39
5 28
5 32
5 33
5 30
5 27
5 46
5 8
5 7
5 48
5 16
5 10
20
6 31
6 36
6 38
6 9
6 1
6 43
6 33
6 29
6 44
6 15
6 13
6 5
6 21
6 18
6 49
6 12
6 20
6 41
6 14
6 42
24
7 36
7 21
7 18
7 11
7 46
7 37
7 22
7 47
7 42
7 38
7 33
7 2
7 44
7 35
7 6
7 26
7 25
7 48
7 14
7 34
7 28
7 19
7 41
7 16
20
8 49
8 2
8 35
8 27
8 7
8 9
8 48
8 12
8 6
8 41
8 36
8 45
8 40
8 39
8 47
8 18
8 17
8 46
8 10
8 42
22
9 39
9 11
9 35
9 29
9 22
9 36
9 20
9 7
9 42
9 33
9 41
9 10
9 31
9 27
9 34
9 18
9 3
9 37
9 0
9 49
9 44
9 14
14
10 44
10 37
10 4
10 29
10 24
10 16
10 48
10 25
10 31
10 30
10 32
10 14
10 41
10 34
15
11 2
11 35
11 38
11 21
11 5
11 48
11 10
11 36
11 18
11 42
11 6
11 46
11 34
11 27
11 24
20
12 24
12 7
12 34
12 47
12 2
12 4
12 25
12 37
12 46
12 33
12 43
12 10
12 36
12 30
12 11
12 42
12 16
12 1
12 40
12 17
22
13 11
13 17
13 19
13 48
13 3
13 26
13 43
13 16
13 7
13 37
13 49
13 36
13 34
13 47
13 12
13 18
13 30
13 8
13 5
13 44
13 23
13 24
16
14 18
14 11
14 20
14 19
14 31
14 17
14 40
14 45
14 32
14 25
14 47
14 33
14 44
14 46
14 30
14 38
19
15 9
15 20
15 19
15 46
15 23
15 33
15 35
15 14
15 28
15 32
15 10
15 2
15 41
15 4
15 8
15 30
15 11
15 1
15 21
24
16 6
16 2
16 34
16 28
16 41
16 17
16 0
16 3
16 20
16 25
16 38
16 4
16 15
16 46
16 27
16 37
16 14
16 23
16 24
16 31
16 45
16 48
16 26
16 22
18
17 10
17 37
17 29
17 21
17 28
17 27
17 9
17 22
17 7
17 18
17 39
17 11
17 15
17 26
17 20
17 34
17 4
17 33
11
18 49
18 30
18 33
18 34
18 35
18 47
18 46
18 45
18 15
18 10
18 32
19
19 45
19 18
19 44
19 27
19 17
19 49
19 28
19 16
19 9
19 34
19 33
19 0
19 11
19 3
19 35
19 1
19 4
19 12
19 40
21
20 2
20 23
20 29
20 40
20 10
20 45
20 3
20 7
20 13
20 26
20 5
20 31
20 34
20 0
20 18
20 35
20 8
20 41
20 49
20 11
20 27
19
21 43
21 31
21 5
21 34
21 20
21 33
21 4
21 9
21 14
21 29
21 37
21 10
21 39
21 46
21 40
21 30
21 8
21 1
21 13
27
22 4
22 29
22 0
22 37
22 26
22 11
22 28
22 35
22 1
22 14
22 45
22 10
22 49
22 12
22 8
22 44
22 20
22 41
22 25
22 5
22 40
22 2
22 32
22 30
22 31
22 46
22 13
18
23 30
23 43
23 38
23 48
23 29
23 19
23 45
23 17
23 11
23 41
23 3
23 49
23 34
23 31
23 46
23 8
23 22
23 7
17
24 15
24 30
24 14
24 26
24 32
24 6
24 22
24 45
24 23
24 20
24 21
24 0
24 39
24 7
24 9
24 17
24 38
17
25 17
25 37
25 4
25 33
25 26
25 19
25 5
25 21
25 32
25 31
25 24
25 13
25 44
25 15
25 46
25 8
25 9
20
26 6
26 36
26 3
26 39
26 49
26 12
26 11
26 47
26 35
26 15
26 21
26 27
26 8
26 44
26 18
26 0
26 30
26 2
26 37
26 19
21
27 46
27 23
27 39
27 15
27 22
27 43
27 34
27 12
27 0
27 31
27 41
27 33
27 25
27 48
27 3
27 37
27 1
27 13
27 18
27 24
27 10
27
28 3
28 20
28 38
28 11
28 31
28 12
28 21
28 34
28 4
28 46
28 49
28 37
28 24
28 27
28 39
28 9
28 40
28 8
28 2
28 13
28 1
28 26
28 10
28 25
28 6
28 18
28 32
23
29 25
29 33
29 40
29 31
29 3
29 46
29 48
29 47
29 35
29 38
29 28
29 44
29 13
29 11
29 8
29 19
29 16
29 1
29 7
29 5
29 15
29 36
29 27
18
30 19
30 37
30 35
30 16
30 44
30 46
30 29
30 41
30 31
30 17
30 32
30 6
30 28
30 48
30 3
30 27
30 11
30 1
11
31 11
31 13
31 38
31 39
31 15
31 8
31 1
31 24
31 5
31 17
31 48
22
32 20
32 8
32 48
32 0
32 3
32 9
32 17
32 2
32 11
32 47
32 41
32 34
32 44
32 26
32 36
32 12
32 13
32 7
32 46
32 29
32 21
32 16
15
33 34
33 41
33 13
33 20
33 10
33 42
33 24
33 26
33 35
33 28
33 30
33 47
33 23
33 22
33 31
17
34 15
34 1
34 2
34 30
34 31
34 29
34 6
34 43
34 36
34 40
34 8
34 39
34 48
34 42
34 46
34 41
34 49
23
35 24
35 10
35 31
35 42
35 44
35 2
35 17
35 12
35 16
35 0
35 48
35 21
35 28
35 25
35 14
35 46
35 47
35 34
35 43
35 41
35 27
35 38
35 23
20
36 30
36 42
36 17
36 35
36 19
36 46
36 10
36 3
36 1
36 48
36 28
36 38
36 27
36 15
36 21
36 20
36 22
36 23
36 18
36 31
20
37 39
37 29
37 15
37 19
37 32
37 34
37 24
37 49
37 5
37 8
37 35
37 42
37 0
37 48
37 14
37 11
37 31
37 23
37 3
37 43
21
38 49
38 22
38 46
38 0
38 4
38 27
38 30
38 2
38 3
38 1
38 25
38 9
38 42
38 21
38 8
38 19
38 17
38 47
38 39
38 32
38 20
17
39 14
39 30
39 4
39 42
39 46
39 22
39 29
39 7
39 10
39 36
39 45
39 19
39 23
39 11
39 47
39 6
39 16
22
40 39
40 26
40 2
40 10
40 35
40 33
40 41
40 17
40 7
40 5
40 18
40 38
40 27
40 31
40 15
40 6
40 11
40 16
40 4
40 9
40 44
40 1
21
41 29
41 28
41 11
41 37
41 19
41 2
41 25
41 39
41 42
41 21
41 13
41 12
41 24
41 44
41 38
41 4
41 17
41 3
41 46
41 43
41 0
26
42 22
42 0
42 15
42 27
42 3
42 48
42 18
42 30
42 28
42 25
42 43
42 2
42 1
42 31
42 16
42 14
42 40
42 26
42 46
42 44
42 20
42 19
42 21
42 32
42 23
42 24
22
43 3
43 25
43 48
43 16
43 36
43 40
43 28
43 39
43 19
43 29
43 1
43 20
43 14
43 38
43 9
43 26
43 24
43 33
43 17
43 45
43 11
43 22
18
44 48
44 20
44 24
44 23
44 39
44 37
44 8
44 12
44 17
44 27
44 46
44 4
44 31
44 47
44 38
44 11
44 18
44 21
24
45 44
45 0
45 4
45 6
45 46
45 17
45 37
45 3
45 35
45 25
45 2
45 5
45 36
45 7
45 9
45 11
45 13
45 40
45 48
45 31
45 34
45 27
45 41
45 12
12
46 24
46 37
46 4
46 13
46 26
46 43
46 48
46 2
46 31
46 40
46 17
46 6
20
47 40
47 16
47 23
47 36
47 5
47 37
47 19
47 21
47 28
47 3
47 24
47 17
47 0
47 43
47 22
47 20
47 30
47 15
47 49
47 10
17
48 24
48 47
48 9
48 33
48 25
48 18
48 40
48 12
48 14
48 21
48 39
48 19
48 38
48 26
48 17
48 28
48 2
20
49 33
49 15
49 11
49 45
49 30
49 5
49 40
49 10
49 32
49 12
49 44
49 42
49 48
49 0
49 35
49 43
49 41
49 25
49 39
49 14
