50
0 "A31"
1 "A32"
2 "A39"
3 "A5"
4 "A24"
5 "A36"
6 "A13"
7 "A49"
8 "A20"
9 "A38"
10 "A6"
11 "A22"
12 "A28"
13 "A10"
14 "A19"
15 "A16"
16 "A30"
17 "A40"
18 "A12"
19 "A3"
20 "A37"
21 "A8"
22 "A14"
23 "A29"
24 "A9"
25 "A47"
26 "A2"
27 "A21"
28 "A1"
29 "A27"
30 "A41"
31 "A45"
32 "A34"
33 "A11"
34 "A15"
35 "A46"
36 "A17"
37 "A18"
38 "A43"
39 "A42"
40 "A23"
41 "A25"
42 "A7"
43 "A33"
44 "A44"
45 "A35"
46 "A0"
47 "A26"
48 "A4"
49 "A48"
16
0 21
0 4
0 27
0 49
0 26
0 41
0 46
0 31
0 10
0 14
0 38
0 1
0 44
0 6
0 35
0 37
21
1 25
1 18
1 42
1 2
1 38
1 36
1 26
1 8
1 19
1 13
1 41
1 23
1 7
1 44
1 45
1 9
1 22
1 32
1 6
1 28
1 34
24
2 30
2 32
2 26
2 3
2 9
2 47
2 34
2 37
2 25
2 12
2 6
2 46
2 5
2 21
2 16
2 24
2 19
2 41
2 31
2 40
2 11
2 17
2 13
2 20
19
3 39
3 5
3 43
3 14
3 13
3 25
3 34
3 38
3 28
3 27
3 44
3 17
3 48
3 24
3 4
3 7
3 23
3 35
3 0
23
4 49
4 33
4 24
4 17
4 35
4 10
4 18
4 7
4 12
4 29
4 47
4 27
4 8
4 39
4 11
4 28
4 34
4 1
4 21
4 5
4 2
4 20
4 44
21
5 44
5 23
5 11
5 28
5 47
5 43
5 34
5 16
5 25
5 24
5 41
5 48
5 1
5 39
5 17
5 20
5 7
5 49
5 9
5 45
5 32
19
6 45
6 7
6 19
6 18
6 43
6 39
6 5
6 36
6 9
6 48
6 26
6 42
6 38
6 47
6 11
6 23
6 41
6 37
6 4
17
7 8
7 38
7 48
7 34
7 26
7 15
7 45
7 22
7 12
7 28
7 40
7 32
7 41
7 2
7 35
7 42
7 21
13
8 42
8 10
8 49
8 47
8 27
8 17
8 6
8 5
8 3
8 9
8 12
8 38
8 0
17
9 0
9 4
9 36
9 23
9 14
9 10
9 47
9 29
9 42
9 35
9 43
9 48
9 7
9 16
9 26
9 12
9 30
19
10 36
10 6
10 18
10 13
10 27
10 19
10 5
10 39
10 3
10 11
10 15
10 28
10 32
10 29
10 48
10 38
10 14
10 2
10 44
15
11 25
11 24
11 18
11 1
11 14
11 43
11 3
11 20
11 49
11 9
11 40
11 0
11 8
11 48
11 21
21
12 35
12 24
12 29
12 47
12 17
12 19
12 11
12 49
12 37
12 6
12 44
12 33
12 16
12 41
12 26
12 5
12 1
12 0
12 3
12 39
12 18
16
13 39
13 24
13 15
13 23
13 7
13 16
13 28
13 20
13 33
13 0
13 11
13 45
13 6
13 35
13 17
13 46
18
14 31
14 26
14 25
14 1
14 2
14 12
14 8
14 19
14 23
14 22
14 6
14 5
14 40
14 13
14 41
14 4
14 7
14 34
25
15 49
15 36
15 27
15 0
15 23
15 41
15 39
15 8
15 28
15 29
15 33
15 24
15 47
15 20
15 14
15 5
15 6
15 26
15 11
15 43
15 12
15 30
15 25
15 2
15 35
22
16 26
16 20
16 7
16 3
16 42
16 25
16 19
16 47
16 30
16 43
16 40
16 10
16 24
16 8
16 4
16 0
16 17
16 31
16 21
16 14
16 29
16 11
14
17 15
17 0
17 42
17 6
17 11
17 24
17 25
17 19
17 9
17 46
17 44
17 7
17 1
17 27
22
18 3
18 46
18 15
18 39
18 14
18 31
18 43
18 0
18 20
18 23
18 17
18 5
18 2
18 13
18 40
18 32
18 29
18 42
18 16
18 9
18 28
18 47
23
19 13
19 4
19 33
19 3
19 37
19 31
19 5
19 34
19 28
19 49
19 32
19 11
19 24
19 30
19 47
19 0
19 9
19 23
19 39
19 22
19 43
19 21
19 8
17
20 41
20 19
20 42
20 7
20 1
20 29
20 46
20 23
20 9
20 14
20 24
20 35
20 12
20 3
20 0
20 27
20 17
20
21 47
21 22
21 14
21 13
21 9
21 18
21 29
21 46
21 20
21 10
21 37
21 36
21 27
21 35
21 43
21 6
21 39
21 26
21 1
21 33
24
22 16
22 2
22 41
22 6
22 15
22 24
22 40
22 9
22 36
22 30
22 47
22 3
22 5
22 27
22 43
22 23
22 46
22 28
22 12
22 8
22 20
22 34
22 49
22 35
16
23 10
23 29
23 21
23 26
23 45
23 33
23 17
23 16
23 12
23 43
23 2
23 27
23 38
23 30
23 32
23 25
17
24 42
24 44
24 29
24 39
24 43
24 6
24 7
24 45
24 8
24 28
24 25
24 0
24 1
24 10
24 14
24 41
24 37
18
25 18
25 12
25 27
25 42
25 28
25 44
25 0
25 21
25 31
25 29
25 39
25 47
25 6
25 8
25 9
25 45
25 35
25 43
19
26 40
26 4
26 19
26 41
26 43
26 45
26 28
26 30
26 33
26 13
26 32
26 48
26 29
26 18
26 24
26 10
26 20
26 22
26 42
16
27 18
27 45
27 6
27 32
27 30
27 19
27 24
27 49
27 12
27 1
27 26
27 5
27 38
27 42
27 7
27 16
18
28 9
28 11
28 14
28 41
28 20
28 43
28 47
28 2
28 35
28 45
28 49
28 37
28 32
28 44
28 8
28 27
28 12
28 0
20
29 35
29 46
29 7
29 30
29 34
29 27
29 22
29 41
29 3
29 11
29 14
29 17
29 1
29 19
29 31
29 49
29 33
29 8
29 39
29 2
23
30 42
30 38
30 3
30 35
30 13
30 5
30 18
30 0
30 21
30 1
30 11
30 17
30 44
30 43
30 32
30 33
30 41
30 12
30 14
30 47
30 25
30 46
30 4
23
31 45
31 37
31 8
31 49
31 5
31 13
31 20
31 38
31 46
31 30
31 23
31 15
31 22
31 12
31 3
31 17
31 9
31 42
31 6
31 11
31 28
31 7
31 24
18
32 14
32 6
32 0
32 3
32 16
32 13
32 21
32 9
32 29
32 44
32 20
32 35
32 42
32 31
32 4
32 39
32 11
32 33
20
33 5
33 10
33 42
33 0
33 48
33 18
33 1
33 46
33 35
33 44
33 2
33 11
33 39
33 27
33 8
33 14
33 9
33 49
33 25
33 20
28
34 28
34 25
34 17
34 10
34 24
34 37
34 35
34 12
34 6
34 21
34 23
34 39
34 27
34 31
34 18
34 20
34 36
34 15
34 0
34 42
34 16
34 13
34 9
34 48
34 33
34 8
34 44
34 41
16
35 44
35 49
35 36
35 10
35 24
35 23
35 6
35 42
35 19
35 8
35 14
35 26
35 27
35 40
35 18
35 41
24
36 12
36 33
36 5
36 25
36 14
36 29
36 31
36 18
36 17
36 28
36 8
36 27
36 13
36 40
36 19
36 7
36 0
36 3
36 43
36 45
36 41
36 26
36 11
36 49
30
37 10
37 15
37 23
37 22
37 44
37 20
37 16
37 18
37 13
37 32
37 35
37 8
37 9
37 36
37 26
37 3
37 48
37 7
37 33
37 30
37 5
37 1
37 29
37 25
37 40
37 27
37 4
37 17
37 43
37 11
22
38 16
38 11
38 12
38 19
38 24
38 17
38 4
38 15
38 35
38 26
38 22
38 43
38 36
38 5
38 49
38 25
38 33
38 32
38 37
38 47
38 29
38 40
18
39 36
39 20
39 11
39 1
39 41
39 37
39 9
39 2
39 8
39 48
39 23
39 30
39 45
39 49
39 26
39 22
39 27
39 28
21
40 43
40 28
40 0
40 48
40 39
40 47
40 34
40 33
40 44
40 24
40 5
40 17
40 29
40 30
40 13
40 8
40 31
40 45
40 25
40 20
40 1
13
41 8
41 11
41 3
41 4
41 31
41 38
41 27
41 25
41 16
41 18
41 44
41 46
41 10
14
42 11
42 12
42 23
42 39
42 22
42 29
42 37
42 0
42 48
42 40
42 5
42 21
42 43
42 45
15
43 1
43 33
43 46
43 34
43 13
43 35
43 7
43 39
43 20
43 45
43 41
43 2
43 0
43 27
43 12
16
44 23
44 18
44 15
44 19
44 43
44 9
44 21
44 39
44 48
44 49
44 7
44 36
44 20
44 6
44 14
44 2
26
45 22
45 10
45 41
45 49
45 35
45 47
45 15
45 20
45 18
45 2
45 34
45 21
45 37
45 8
45 12
45 33
45 19
45 16
45 0
45 17
45 14
45 11
45 30
45 48
45 3
45 29
25
46 45
46 49
46 1
46 42
46 19
46 32
46 14
46 11
46 48
46 5
46 4
46 40
46 36
46 44
46 25
46 16
46 3
46 34
46 12
46 37
46 26
46 15
46 38
46 27
46 23
20
47 10
47 20
47 37
47 41
47 39
47 33
47 1
47 29
47 13
47 0
47 43
47 14
47 44
47 36
47 48
47 7
47 31
47 23
47 27
47 24
20
48 32
48 43
48 31
48 28
48 24
48 4
48 41
48 17
48 36
48 15
48 22
48 14
48 38
48 35
48 2
48 21
48 12
48 18
48 0
48 25
18
49 7
49 2
49 25
49 23
49 42
49 14
49 18
49 21
49 17
49 16
49 40
49 48
49 1
49 20
49 3
49 37
49 13
49 47
