50
0 "A31"
1 "A32"
2 "A39"
3 "A5"
4 "A24"
5 "A36"
6 "A13"
7 "A49"
8 "A20"
9 "A38"
10 "A6"
11 "A22"
12 "A28"
13 "A10"
14 "A19"
15 "A16"
16 "A30"
17 "A40"
18 "A12"
19 "A3"
20 "A37"
21 "A8"
22 "A14"
23 "A29"
24 "A9"
25 "A47"
26 "A2"
27 "A21"
28 "A1"
29 "A27"
30 "A41"
31 "A45"
32 "A34"
33 "A11"
34 "A15"
35 "A46"
36 "A17"
37 "A18"
38 "A43"
39 "A42"
40 "A23"
41 "A25"
42 "A7"
43 "A33"
44 "A44"
45 "A35"
46 "A0"
47 "A26"
48 "A4"
49 "A48"
20
0 32
0 33
0 2
0 18
0 27
0 20
0 7
0 47
0 49
0 39
0 19
0 12
0 6
0 15
0 48
0 16
0 36
0 37
0 46
0 38
18
1 7
1 12
1 5
1 34
1 9
1 48
1 38
1 40
1 0
1 35
1 32
1 2
1 31
1 14
1 46
1 24
1 45
1 37
22
2 34
2 42
2 4
2 3
2 16
2 6
2 8
2 32
2 20
2 46
2 41
2 21
2 29
2 11
2 30
2 9
2 47
2 13
2 43
2 27
2 25
2 33
19
3 7
3 30
3 36
3 43
3 29
3 6
3 13
3 8
3 1
3 25
3 39
3 44
3 21
3 26
3 9
3 23
3 14
3 27
3 20
14
4 42
4 45
4 34
4 47
4 49
4 36
4 30
4 1
4 41
4 10
4 17
4 46
4 20
4 25
21
5 29
5 49
5 6
5 35
5 19
5 16
5 44
5 13
5 37
5 11
5 47
5 18
5 45
5 38
5 0
5 27
5 4
5 10
5 12
5 30
5 34
13
6 29
6 17
6 26
6 18
6 7
6 19
6 38
6 23
6 35
6 33
6 21
6 12
6 1
22
7 22
7 28
7 21
7 32
7 38
7 30
7 10
7 47
7 5
7 9
7 23
7 4
7 29
7 42
7 33
7 45
7 27
7 35
7 16
7 15
7 19
7 26
24
8 39
8 5
8 37
8 23
8 44
8 30
8 7
8 12
8 26
8 4
8 33
8 11
8 29
8 46
8 18
8 1
8 19
8 43
8 13
8 34
8 6
8 45
8 10
8 9
17
9 23
9 4
9 6
9 0
9 31
9 18
9 37
9 16
9 39
9 32
9 35
9 41
9 19
9 20
9 42
9 36
9 10
22
10 16
10 40
10 2
10 13
10 47
10 27
10 28
10 41
10 22
10 32
10 44
10 46
10 3
10 0
10 21
10 17
10 1
10 24
10 29
10 18
10 14
10 11
19
11 22
11 12
11 7
11 32
11 39
11 13
11 9
11 3
11 0
11 16
11 34
11 17
11 36
11 25
11 46
11 41
11 21
11 48
11 37
25
12 3
12 35
12 34
12 24
12 23
12 42
12 41
12 15
12 20
12 25
12 32
12 9
12 10
12 33
12 13
12 38
12 7
12 48
12 44
12 28
12 40
12 26
12 4
12 49
12 17
15
13 39
13 31
13 20
13 9
13 23
13 24
13 33
13 19
13 17
13 48
13 6
13 16
13 15
13 30
13 4
20
14 23
14 7
14 4
14 32
14 43
14 11
14 35
14 22
14 19
14 17
14 34
14 9
14 25
14 13
14 31
14 12
14 40
14 6
14 49
14 2
19
15 6
15 26
15 24
15 29
15 44
15 39
15 47
15 48
15 27
15 46
15 5
15 2
15 1
15 14
15 35
15 32
15 37
15 42
15 43
22
16 4
16 33
16 3
16 47
16 31
16 49
16 24
16 30
16 22
16 15
16 17
16 1
16 44
16 29
16 12
16 32
16 20
16 14
16 37
16 26
16 43
16 23
21
17 8
17 44
17 41
17 35
17 9
17 7
17 49
17 25
17 27
17 38
17 48
17 40
17 18
17 39
17 43
17 3
17 22
17 47
17 26
17 21
17 0
21
18 34
18 42
18 28
18 35
18 36
18 44
18 32
18 30
18 3
18 15
18 47
18 13
18 4
18 31
18 24
18 46
18 22
18 38
18 11
18 41
18 2
19
19 49
19 4
19 45
19 24
19 20
19 31
19 32
19 15
19 22
19 2
19 25
19 39
19 23
19 28
19 21
19 42
19 12
19 10
19 29
19
20 28
20 38
20 23
20 26
20 29
20 21
20 45
20 17
20 18
20 10
20 11
20 39
20 41
20 32
20 46
20 7
20 30
20 47
20 1
20
21 29
21 47
21 4
21 31
21 18
21 40
21 24
21 13
21 9
21 5
21 45
21 26
21 37
21 12
21 0
21 15
21 14
21 27
21 16
21 43
22
22 35
22 28
22 39
22 40
22 29
22 37
22 1
22 2
22 6
22 8
22 5
22 49
22 20
22 15
22 26
22 3
22 42
22 32
22 43
22 46
22 9
22 13
14
23 28
23 0
23 2
23 11
23 42
23 36
23 10
23 21
23 4
23 24
23 48
23 1
23 22
23 33
14
24 35
24 32
24 25
24 5
24 6
24 11
24 7
24 8
24 2
24 9
24 28
24 14
24 37
24 4
27
25 39
25 35
25 36
25 27
25 13
25 10
25 5
25 9
25 18
25 28
25 20
25 26
25 33
25 40
25 21
25 49
25 34
25 30
25 16
25 23
25 15
25 7
25 46
25 42
25 48
25 6
25 0
17
26 11
26 29
26 33
26 19
26 45
26 23
26 32
26 13
26 14
26 48
26 27
26 9
26 2
26 49
26 1
26 34
26 10
20
27 14
27 1
27 22
27 19
27 45
27 43
27 9
27 32
27 8
27 6
27 4
27 24
27 16
27 23
27 11
27 29
27 49
27 44
27 34
27 42
21
28 21
28 11
28 27
28 46
28 14
28 32
28 49
28 42
28 6
28 8
28 5
28 1
28 4
28 47
28 16
28 3
28 17
28 36
28 35
28 43
28 40
17
29 32
29 46
29 14
29 33
29 4
29 34
29 44
29 28
29 42
29 25
29 31
29 40
29 0
29 11
29 13
29 23
29 18
23
30 40
30 35
30 21
30 29
30 33
30 9
30 14
30 11
30 0
30 45
30 19
30 47
30 43
30 39
30 32
30 17
30 1
30 12
30 24
30 48
30 6
30 26
30 28
22
31 39
31 43
31 5
31 20
31 23
31 25
31 42
31 33
31 37
31 38
31 48
31 2
31 8
31 15
31 28
31 30
31 36
31 44
31 11
31 12
31 24
31 41
15
32 38
32 5
32 43
32 8
32 49
32 48
32 21
32 31
32 45
32 17
32 13
32 23
32 6
32 34
32 39
19
33 20
33 5
33 41
33 24
33 1
33 48
33 15
33 10
33 22
33 42
33 3
33 11
33 18
33 28
33 45
33 49
33 34
33 9
33 37
17
34 19
34 3
34 21
34 40
34 6
34 31
34 16
34 0
34 42
34 20
34 46
34 30
34 9
34 44
34 23
34 38
34 37
12
35 31
35 3
35 16
35 20
35 11
35 32
35 38
35 36
35 2
35 0
35 13
35 4
24
36 8
36 10
36 21
36 26
36 2
36 41
36 27
36 24
36 37
36 6
36 48
36 22
36 19
36 29
36 40
36 16
36 15
36 5
36 34
36 46
36 13
36 12
36 33
36 32
16
37 32
37 10
37 17
37 3
37 2
37 48
37 18
37 30
37 27
37 25
37 45
37 14
37 12
37 40
37 7
37 26
27
38 2
38 9
38 47
38 33
38 4
38 49
38 30
38 44
38 10
38 19
38 15
38 40
38 45
38 16
38 28
38 13
38 46
38 24
38 36
38 26
38 23
38 37
38 8
38 48
38 22
38 25
38 11
21
39 18
39 26
39 21
39 14
39 35
39 10
39 36
39 47
39 27
39 28
39 23
39 34
39 37
39 41
39 4
39 38
39 48
39 12
39 42
39 2
39 46
23
40 48
40 2
40 44
40 35
40 9
40 18
40 42
40 7
40 11
40 19
40 43
40 32
40 33
40 46
40 23
40 8
40 45
40 6
40 16
40 41
40 31
40 39
40 20
21
41 25
41 14
41 32
41 30
41 19
41 15
41 43
41 35
41 27
41 1
41 42
41 7
41 49
41 24
41 37
41 46
41 8
41 21
41 3
41 28
41 26
16
42 10
42 45
42 5
42 20
42 13
42 17
42 32
42 30
42 44
42 0
42 36
42 8
42 16
42 26
42 24
42 1
17
43 13
43 0
43 5
43 29
43 25
43 1
43 24
43 4
43 33
43 23
43 7
43 19
43 37
43 39
43 34
43 20
43 18
21
44 2
44 33
44 36
44 14
44 26
44 47
44 23
44 11
44 1
44 45
44 32
44 41
44 28
44 4
44 22
44 43
44 9
44 13
44 30
44 25
44 7
22
45 25
45 48
45 6
45 14
45 18
45 43
45 24
45 10
45 13
45 34
45 12
45 49
45 11
45 17
45 9
45 23
45 0
45 41
45 35
45 2
45 29
45 3
19
46 5
46 27
46 16
46 3
46 43
46 31
46 33
46 12
46 23
46 45
46 9
46 19
46 13
46 44
46 35
46 6
46 49
46 24
46 42
19
47 43
47 27
47 36
47 31
47 6
47 23
47 14
47 40
47 13
47 33
47 37
47 19
47 32
47 3
47 35
47 8
47 49
47 11
47 12
18
48 43
48 27
48 20
48 5
48 22
48 46
48 41
48 6
48 9
48 2
48 44
48 47
48 18
48 21
48 4
48 3
48 16
48 19
24
49 11
49 40
49 13
49 35
49 31
49 43
49 7
49 37
49 9
49 15
49 48
49 8
49 29
49 21
49 3
49 2
49 44
49 18
49 6
49 34
49 39
49 23
49 20
49 36
