50
0 "A7"
1 "A8"
2 "A39"
3 "A42"
4 "A3"
5 "A25"
6 "A5"
7 "A45"
8 "A16"
9 "A34"
10 "A46"
11 "A4"
12 "A0"
13 "A26"
14 "A11"
15 "A22"
16 "A40"
17 "A30"
18 "A44"
19 "A14"
20 "A9"
21 "A32"
22 "A41"
23 "A17"
24 "A27"
25 "A43"
26 "A31"
27 "A12"
28 "A28"
29 "A48"
30 "A38"
31 "A2"
32 "A21"
33 "A6"
34 "A23"
35 "A33"
36 "A15"
37 "A20"
38 "A29"
39 "A24"
40 "A10"
41 "A13"
42 "A49"
43 "A37"
44 "A36"
45 "A35"
46 "A1"
47 "A19"
48 "A47"
49 "A18"
19
0 42
0 45
0 20
0 31
0 13
0 24
0 34
0 5
0 4
0 12
0 43
0 44
0 23
0 29
0 28
0 16
0 21
0 37
0 8
10
1 4
1 7
1 37
1 27
1 36
1 19
1 33
1 44
1 9
1 18
13
2 12
2 41
2 19
2 6
2 21
2 11
2 46
2 44
2 43
2 17
2 22
2 18
2 39
26
3 16
3 11
3 33
3 41
3 39
3 14
3 13
3 18
3 19
3 34
3 0
3 4
3 9
3 27
3 1
3 6
3 8
3 35
3 2
3 45
3 30
3 38
3 40
3 29
3 26
3 31
17
4 29
4 2
4 35
4 5
4 30
4 39
4 38
4 32
4 6
4 40
4 23
4 43
4 12
4 41
4 48
4 16
4 18
20
5 1
5 9
5 49
5 19
5 43
5 35
5 24
5 30
5 40
5 38
5 33
5 11
5 27
5 48
5 14
5 3
5 28
5 13
5 2
5 36
18
6 23
6 35
6 22
6 0
6 20
6 31
6 11
6 37
6 12
6 44
6 18
6 42
6 39
6 17
6 32
6 40
6 1
6 46
19
7 22
7 6
7 47
7 9
7 3
7 4
7 24
7 30
7 18
7 40
7 34
7 12
7 33
7 19
7 44
7 11
7 26
7 29
7 25
19
8 27
8 33
8 19
8 9
8 25
8 22
8 39
8 46
8 6
8 36
8 30
8 10
8 16
8 26
8 45
8 1
8 7
8 20
8 44
16
9 23
9 34
9 38
9 10
9 42
9 24
9 0
9 48
9 4
9 49
9 35
9 39
9 29
9 26
9 28
9 44
22
10 26
10 6
10 33
10 2
10 39
10 16
10 35
10 3
10 34
10 46
10 36
10 42
10 49
10 4
10 23
10 13
10 37
10 30
10 19
10 28
10 24
10 31
14
11 29
11 44
11 14
11 40
11 17
11 38
11 26
11 18
11 46
11 43
11 4
11 10
11 20
11 9
20
12 11
12 5
12 24
12 22
12 33
12 31
12 18
12 29
12 9
12 3
12 48
12 46
12 19
12 13
12 44
12 23
12 36
12 49
12 21
12 39
18
13 45
13 39
13 22
13 18
13 20
13 7
13 1
13 47
13 27
13 26
13 40
13 2
13 31
13 8
13 30
13 36
13 28
13 4
15
14 13
14 43
14 7
14 2
14 35
14 6
14 8
14 24
14 10
14 36
14 47
14 33
14 46
14 18
14 22
24
15 18
15 28
15 27
15 38
15 9
15 22
15 8
15 41
15 37
15 1
15 40
15 32
15 12
15 7
15 20
15 14
15 13
15 19
15 11
15 47
15 25
15 0
15 29
15 2
21
16 25
16 49
16 33
16 7
16 1
16 31
16 12
16 26
16 15
16 48
16 2
16 27
16 6
16 44
16 22
16 43
16 5
16 20
16 21
16 39
16 13
23
17 5
17 0
17 4
17 28
17 8
17 31
17 26
17 9
17 37
17 7
17 39
17 43
17 19
17 22
17 3
17 40
17 12
17 13
17 18
17 1
17 10
17 32
17 45
17
18 19
18 25
18 48
18 16
18 41
18 10
18 0
18 40
18 32
18 44
18 5
18 9
18 36
18 29
18 47
18 23
18 42
18
19 47
19 41
19 14
19 34
19 31
19 49
19 9
19 4
19 45
19 24
19 46
19 30
19 42
19 0
19 6
19 37
19 48
19 25
17
20 17
20 3
20 24
20 4
20 48
20 14
20 33
20 49
20 12
20 1
20 42
20 39
20 19
20 9
20 35
20 41
20 40
20
21 45
21 46
21 13
21 7
21 26
21 1
21 9
21 11
21 15
21 4
21 34
21 5
21 20
21 6
21 18
21 14
21 39
21 23
21 31
21 3
16
22 37
22 3
22 18
22 19
22 34
22 33
22 43
22 25
22 10
22 38
22 32
22 1
22 49
22 5
22 4
22 21
25
23 46
23 11
23 14
23 26
23 34
23 7
23 22
23 48
23 37
23 25
23 42
23 17
23 15
23 39
23 1
23 20
23 38
23 32
23 35
23 30
23 13
23 8
23 44
23 19
23 36
22
24 36
24 46
24 27
24 15
24 2
24 22
24 48
24 13
24 42
24 1
24 21
24 8
24 45
24 17
24 39
24 4
24 30
24 6
24 23
24 47
24 41
24 31
19
25 27
25 0
25 48
25 38
25 24
25 6
25 12
25 41
25 21
25 35
25 9
25 46
25 17
25 39
25 30
25 11
25 40
25 36
25 20
20
26 22
26 34
26 49
26 41
26 5
26 25
26 37
26 20
26 4
26 31
26 1
26 43
26 15
26 18
26 0
26 6
26 2
26 36
26 32
26 48
22
27 0
27 41
27 6
27 26
27 17
27 4
27 35
27 12
27 37
27 45
27 28
27 20
27 46
27 40
27 47
27 21
27 7
27 22
27 10
27 23
27 2
27 9
24
28 6
28 37
28 20
28 32
28 48
28 36
28 31
28 29
28 19
28 2
28 40
28 18
28 12
28 16
28 43
28 1
28 47
28 14
28 24
28 23
28 45
28 39
28 49
28 4
24
29 5
29 31
29 21
29 44
29 33
29 13
29 30
29 19
29 27
29 14
29 1
29 8
29 2
29 45
29 16
29 25
29 24
29 22
29 48
29 17
29 46
29 10
29 34
29 43
20
30 21
30 32
30 35
30 47
30 46
30 6
30 22
30 17
30 11
30 41
30 20
30 2
30 1
30 14
30 28
30 15
30 34
30 49
30 42
30 18
16
31 2
31 25
31 41
31 23
31 47
31 33
31 40
31 37
31 39
31 5
31 20
31 42
31 1
31 18
31 27
31 4
20
32 29
32 31
32 49
32 5
32 27
32 13
32 16
32 14
32 47
32 41
32 11
32 21
32 9
32 45
32 36
32 12
32 20
32 3
32 37
32 19
18
33 13
33 47
33 45
33 2
33 42
33 43
33 11
33 34
33 25
33 6
33 4
33 46
33 21
33 49
33 19
33 44
33 18
33 0
18
34 28
34 11
34 42
34 46
34 18
34 47
34 1
34 43
34 32
34 14
34 8
34 5
34 39
34 12
34 2
34 13
34 27
34 15
22
35 49
35 29
35 36
35 45
35 19
35 18
35 39
35 31
35 15
35 7
35 32
35 1
35 37
35 11
35 22
35 48
35 0
35 46
35 21
35 34
35 17
35 16
21
36 0
36 15
36 34
36 20
36 7
36 37
36 19
36 17
36 21
36 11
36 33
36 9
36 22
36 2
36 47
36 43
36 42
36 27
36 16
36 48
36 4
20
37 3
37 2
37 46
37 25
37 24
37 30
37 29
37 7
37 33
37 39
37 42
37 8
37 14
37 44
37 34
37 21
37 5
37 12
37 16
37 13
22
38 2
38 1
38 33
38 24
38 43
38 37
38 17
38 6
38 26
38 29
38 48
38 14
38 12
38 27
38 7
38 0
38 34
38 32
38 20
38 35
38 13
38 8
16
39 45
39 19
39 43
39 36
39 14
39 11
39 46
39 33
39 30
39 44
39 40
39 1
39 18
39 5
39 41
39 27
16
40 22
40 42
40 48
40 24
40 12
40 37
40 46
40 21
40 10
40 30
40 8
40 36
40 32
40 0
40 38
40 19
24
41 7
41 21
41 35
41 40
41 34
41 33
41 29
41 9
41 8
41 48
41 38
41 16
41 5
41 44
41 6
41 12
41 22
41 23
41 28
41 1
41 46
41 36
41 45
41 13
24
42 43
42 14
42 32
42 12
42 16
42 38
42 1
42 2
42 48
42 39
42 5
42 21
42 17
42 15
42 22
42 27
42 11
42 13
42 7
42 3
42 46
42 35
42 29
42 41
19
43 24
43 9
43 27
43 49
43 21
43 40
43 7
43 18
43 41
43 25
43 6
43 31
43 8
43 47
43 48
43 46
43 3
43 30
43 37
26
44 19
44 32
44 3
44 25
44 28
44 27
44 10
44 40
44 4
44 34
44 13
44 5
44 43
44 14
44 30
44 35
44 45
44 49
44 26
44 22
44 20
44 17
44 42
44 15
44 38
44 24
17
45 9
45 48
45 25
45 43
45 5
45 14
45 15
45 16
45 6
45 34
45 30
45 37
45 4
45 2
45 1
45 22
45 7
18
46 5
46 38
46 18
46 15
46 45
46 13
46 26
46 22
46 3
46 16
46 32
46 36
46 44
46 28
46 7
46 17
46 9
46 31
21
47 6
47 37
47 4
47 20
47 22
47 16
47 45
47 0
47 38
47 9
47 40
47 49
47 17
47 3
47 42
47 1
47 41
47 29
47 5
47 39
47 44
20
48 6
48 31
48 21
48 3
48 11
48 14
48 33
48 22
48 37
48 46
48 39
48 34
48 32
48 1
48 8
48 17
48 44
48 30
48 7
48 2
24
49 46
49 27
49 36
49 14
49 21
49 40
49 31
49 17
49 48
49 11
49 41
49 24
49 0
49 37
49 8
49 25
49 1
49 4
49 13
49 45
49 39
49 6
49 3
49 34
