50
0 "A7"
1 "A8"
2 "A39"
3 "A42"
4 "A3"
5 "A25"
6 "A5"
7 "A45"
8 "A16"
9 "A34"
10 "A46"
11 "A4"
12 "A0"
13 "A26"
14 "A11"
15 "A22"
16 "A40"
17 "A30"
18 "A44"
19 "A14"
20 "A9"
21 "A32"
22 "A41"
23 "A17"
24 "A27"
25 "A43"
26 "A31"
27 "A12"
28 "A28"
29 "A48"
30 "A38"
31 "A2"
32 "A21"
33 "A6"
34 "A23"
35 "A33"
36 "A15"
37 "A20"
38 "A29"
39 "A24"
40 "A10"
41 "A13"
42 "A49"
43 "A37"
44 "A36"
45 "A35"
46 "A1"
47 "A19"
48 "A47"
49 "A18"
23
0 39
0 16
0 22
0 27
0 6
0 46
0 20
0 7
0 25
0 47
0 41
0 43
0 1
0 3
0 42
0 9
0 18
0 11
0 19
0 13
0 34
0 17
0 31
24
1 15
1 12
1 17
1 2
1 37
1 10
1 44
1 5
1 31
1 45
1 30
1 40
1 46
1 3
1 7
1 18
1 39
1 8
1 24
1 11
1 22
1 42
1 16
1 23
21
2 38
2 20
2 49
2 5
2 28
2 47
2 15
2 42
2 24
2 3
2 22
2 13
2 41
2 37
2 25
2 10
2 39
2 32
2 36
2 7
2 26
14
3 29
3 46
3 37
3 17
3 21
3 7
3 42
3 38
3 35
3 11
3 10
3 39
3 48
3 6
23
4 26
4 46
4 44
4 24
4 37
4 49
4 21
4 0
4 41
4 3
4 25
4 16
4 39
4 20
4 1
4 29
4 6
4 27
4 34
4 28
4 36
4 38
4 9
21
5 17
5 41
5 34
5 4
5 44
5 45
5 39
5 16
5 27
5 37
5 38
5 11
5 0
5 46
5 3
5 10
5 32
5 14
5 47
5 42
5 23
15
6 1
6 24
6 15
6 16
6 9
6 34
6 27
6 28
6 26
6 8
6 20
6 46
6 2
6 44
6 47
11
7 10
7 5
7 4
7 45
7 23
7 48
7 46
7 34
7 39
7 28
7 18
20
8 38
8 20
8 11
8 23
8 37
8 43
8 18
8 49
8 41
8 40
8 47
8 3
8 19
8 2
8 21
8 31
8 16
8 14
8 7
8 15
22
9 29
9 35
9 14
9 24
9 8
9 45
9 13
9 7
9 39
9 23
9 3
9 20
9 31
9 41
9 25
9 30
9 32
9 1
9 49
9 26
9 44
9 22
19
10 39
10 34
10 18
10 24
10 29
10 9
10 43
10 0
10 47
10 20
10 6
10 4
10 49
10 12
10 37
10 35
10 44
10 8
10 22
17
11 23
11 45
11 7
11 27
11 2
11 6
11 17
11 10
11 32
11 42
11 44
11 14
11 43
11 4
11 48
11 9
11 12
18
12 42
12 37
12 43
12 23
12 30
12 25
12 14
12 3
12 5
12 6
12 28
12 47
12 40
12 8
12 16
12 26
12 35
12 7
18
13 41
13 10
13 45
13 3
13 5
13 33
13 1
13 17
13 11
13 43
13 19
13 7
13 46
13 28
13 48
13 18
13 14
13 36
17
14 7
14 0
14 46
14 18
14 30
14 26
14 45
14 10
14 15
14 41
14 28
14 47
14 48
14 32
14 2
14 3
14 38
21
15 49
15 30
15 11
15 32
15 46
15 21
15 42
15 17
15 29
15 0
15 38
15 10
15 48
15 27
15 7
15 28
15 18
15 12
15 31
15 47
15 34
18
16 14
16 11
16 41
16 48
16 13
16 10
16 39
16 23
16 37
16 43
16 36
16 32
16 49
16 19
16 9
16 3
16 35
16 7
17
17 21
17 43
17 42
17 37
17 2
17 14
17 20
17 29
17 33
17 12
17 7
17 4
17 9
17 36
17 8
17 46
17 44
18
18 47
18 37
18 48
18 25
18 30
18 28
18 5
18 4
18 27
18 46
18 36
18 21
18 22
18 9
18 3
18 29
18 39
18 16
21
19 47
19 10
19 49
19 29
19 7
19 17
19 42
19 18
19 5
19 11
19 23
19 9
19 26
19 2
19 3
19 22
19 14
19 6
19 15
19 33
19 4
19
20 18
20 42
20 13
20 31
20 7
20 22
20 33
20 15
20 19
20 49
20 14
20 40
20 12
20 46
20 37
20 3
20 1
20 21
20 45
16
21 49
21 12
21 13
21 46
21 27
21 36
21 7
21 5
21 0
21 39
21 30
21 16
21 47
21 25
21 42
21 6
21
22 32
22 14
22 13
22 30
22 12
22 31
22 16
22 28
22 3
22 15
22 17
22 5
22 45
22 38
22 4
22 25
22 6
22 7
22 11
22 21
22 49
22
23 4
23 35
23 44
23 41
23 25
23 38
23 33
23 39
23 0
23 2
23 3
23 27
23 14
23 21
23 28
23 22
23 31
23 17
23 36
23 18
23 42
23 6
21
24 29
24 26
24 39
24 44
24 19
24 16
24 15
24 35
24 3
24 7
24 18
24 23
24 21
24 49
24 42
24 34
24 41
24 17
24 38
24 20
24 12
18
25 20
25 32
25 11
25 30
25 42
25 33
25 19
25 48
25 15
25 27
25 5
25 40
25 31
25 49
25 8
25 7
25 34
25 1
17
26 22
26 17
26 5
26 3
26 20
26 11
26 10
26 42
26 47
26 33
26 21
26 0
26 37
26 16
26 31
26 8
26 1
18
27 28
27 13
27 38
27 32
27 19
27 10
27 14
27 48
27 8
27 26
27 9
27 12
27 20
27 7
27 36
27 39
27 24
27 3
22
28 39
28 0
28 1
28 19
28 35
28 45
28 16
28 44
28 47
28 24
28 40
28 25
28 8
28 36
28 11
28 26
28 3
28 34
28 33
28 9
28 30
28 17
20
29 12
29 5
29 20
29 1
29 6
29 33
29 8
29 48
29 25
29 2
29 7
29 40
29 0
29 23
29 21
29 26
29 32
29 45
29 16
29 11
21
30 0
30 17
30 46
30 32
30 27
30 8
30 3
30 48
30 29
30 19
30 10
30 31
30 11
30 16
30 23
30 20
30 7
30 26
30 43
30 24
30 44
22
31 28
31 12
31 6
31 5
31 33
31 39
31 47
31 3
31 34
31 17
31 18
31 19
31 38
31 21
31 7
31 24
31 40
31 2
31 13
31 45
31 46
31 4
24
32 38
32 33
32 3
32 43
32 23
32 7
32 1
32 4
32 39
32 0
32 13
32 44
32 10
32 28
32 36
32 6
32 17
32 24
32 31
32 42
32 20
32 37
32 45
32 12
19
33 24
33 30
33 7
33 12
33 35
33 8
33 1
33 27
33 40
33 21
33 4
33 22
33 5
33 18
33 3
33 2
33 10
33 9
33 41
25
34 48
34 47
34 32
34 33
34 13
34 8
34 35
34 36
34 42
34 14
34 11
34 43
34 45
34 16
34 40
34 29
34 12
34 46
34 20
34 38
34 18
34 3
34 30
34 9
34 19
32
35 26
35 0
35 29
35 4
35 30
35 18
35 42
35 40
35 20
35 7
35 27
35 39
35 5
35 41
35 15
35 25
35 49
35 17
35 32
35 13
35 36
35 43
35 31
35 47
35 22
35 48
35 21
35 37
35 8
35 6
35 14
35 44
20
36 19
36 37
36 7
36 49
36 29
36 25
36 15
36 9
36 42
36 24
36 10
36 20
36 5
36 22
36 8
36 1
36 39
36 41
36 11
36 12
21
37 41
37 42
37 38
37 22
37 47
37 46
37 33
37 44
37 11
37 49
37 0
37 29
37 23
37 39
37 25
37 7
37 15
37 9
37 31
37 24
37 28
21
38 35
38 30
38 11
38 12
38 28
38 17
38 21
38 25
38 20
38 13
38 0
38 45
38 9
38 49
38 33
38 19
38 26
38 1
38 10
38 42
38 36
16
39 44
39 22
39 30
39 8
39 19
39 33
39 13
39 20
39 47
39 41
39 25
39 29
39 46
39 38
39 15
39 11
24
40 18
40 23
40 45
40 10
40 36
40 6
40 27
40 47
40 0
40 26
40 13
40 43
40 11
40 48
40 42
40 21
40 19
40 5
40 3
40 14
40 7
40 2
40 44
40 9
20
41 26
41 34
41 43
41 12
41 22
41 17
41 38
41 7
41 3
41 45
41 20
41 11
41 32
41 28
41 1
41 18
41 29
41 31
41 15
41 47
14
42 44
42 4
42 28
42 18
42 41
42 14
42 8
42 47
42 31
42 13
42 16
42 33
42 39
42 7
21
43 29
43 4
43 24
43 6
43 37
43 49
43 1
43 31
43 5
43 22
43 14
43 3
43 42
43 15
43 39
43 19
43 33
43 18
43 25
43 36
43 2
20
44 29
44 13
44 47
44 34
44 19
44 36
44 2
44 8
44 20
44 21
44 25
44 31
44 22
44 0
44 38
44 7
44 18
44 3
44 16
44 41
17
45 26
45 17
45 36
45 25
45 43
45 6
45 35
45 8
45 12
45 30
45 24
45 16
45 44
45 18
45 21
45 42
45 23
16
46 23
46 27
46 10
46 8
46 45
46 26
46 11
46 28
46 38
46 12
46 32
46 24
46 44
46 22
46 2
46 9
17
47 7
47 11
47 49
47 22
47 45
47 38
47 1
47 3
47 20
47 17
47 33
47 48
47 30
47 4
47 36
47 16
47 13
20
48 39
48 5
48 49
48 43
48 42
48 12
48 4
48 33
48 2
48 26
48 1
48 38
48 8
48 45
48 28
48 20
48 23
48 19
48 44
48 31
18
49 41
49 13
49 26
49 39
49 6
49 27
49 33
49 5
49 44
49 12
49 14
49 18
49 17
49 32
49 30
49 23
49 42
49 3
