50
0 "A7"
1 "A8"
2 "A39"
3 "A42"
4 "A3"
5 "A25"
6 "A5"
7 "A45"
8 "A16"
9 "A34"
10 "A46"
11 "A4"
12 "A0"
13 "A26"
14 "A11"
15 "A22"
16 "A40"
17 "A30"
18 "A44"
19 "A14"
20 "A9"
21 "A32"
22 "A41"
23 "A17"
24 "A27"
25 "A43"
26 "A31"
27 "A12"
28 "A28"
29 "A48"
30 "A38"
31 "A2"
32 "A21"
33 "A6"
34 "A23"
35 "A33"
36 "A15"
37 "A20"
38 "A29"
39 "A24"
40 "A10"
41 "A13"
42 "A49"
43 "A37"
44 "A36"
45 "A35"
46 "A1"
47 "A19"
48 "A47"
49 "A18"
18
0 9
0 25
0 37
0 3
0 44
0 40
0 43
0 22
0 32
0 30
0 35
0 18
0 31
0 41
0 10
0 21
0 8
0 2
11
1 48
1 30
1 8
1 9
1 23
1 6
1 17
1 43
1 3
1 20
1 12
28
2 38
2 44
2 16
2 37
2 39
2 13
2 25
2 46
2 35
2 32
2 1
2 18
2 8
2 41
2 27
2 15
2 10
2 33
2 26
2 3
2 24
2 45
2 23
2 48
2 17
2 31
2 22
2 42
16
3 34
3 4
3 6
3 7
3 8
3 13
3 47
3 31
3 30
3 41
3 46
3 20
3 24
3 39
3 45
3 16
19
4 23
4 42
4 35
4 44
4 45
4 16
4 18
4 1
4 24
4 29
4 30
4 11
4 38
4 7
4 49
4 31
4 0
4 39
4 21
23
5 21
5 18
5 20
5 25
5 23
5 28
5 30
5 24
5 0
5 17
5 12
5 2
5 6
5 37
5 47
5 7
5 19
5 3
5 35
5 22
5 1
5 10
5 36
17
6 15
6 31
6 25
6 21
6 44
6 13
6 14
6 16
6 27
6 20
6 43
6 4
6 46
6 47
6 0
6 29
6 33
21
7 0
7 2
7 1
7 23
7 29
7 47
7 10
7 37
7 16
7 21
7 8
7 40
7 17
7 27
7 6
7 48
7 11
7 41
7 35
7 33
7 9
14
8 40
8 20
8 36
8 29
8 44
8 25
8 5
8 45
8 28
8 35
8 4
8 22
8 41
8 33
16
9 30
9 48
9 40
9 44
9 47
9 36
9 45
9 37
9 15
9 8
9 6
9 39
9 4
9 2
9 3
9 49
19
10 23
10 25
10 47
10 30
10 19
10 21
10 43
10 9
10 1
10 8
10 29
10 24
10 15
10 22
10 37
10 38
10 11
10 42
10 45
20
11 19
11 2
11 43
11 22
11 1
11 38
11 31
11 14
11 39
11 40
11 8
11 16
11 17
11 9
11 47
11 5
11 34
11 15
11 48
11 37
21
12 31
12 22
12 45
12 36
12 11
12 47
12 3
12 34
12 43
12 9
12 4
12 6
12 17
12 28
12 29
12 37
12 48
12 13
12 46
12 49
12 8
19
13 32
13 7
13 38
13 47
13 37
13 48
13 36
13 1
13 46
13 49
13 10
13 28
13 23
13 33
13 43
13 45
13 0
13 8
13 39
18
14 46
14 41
14 25
14 13
14 30
14 34
14 29
14 36
14 22
14 19
14 0
14 32
14 3
14 28
14 4
14 9
14 12
14 40
23
15 38
15 47
15 23
15 4
15 13
15 22
15 26
15 35
15 36
15 3
15 27
15 19
15 46
15 17
15 40
15 1
15 33
15 25
15 0
15 43
15 16
15 24
15 12
21
16 26
16 33
16 48
16 44
16 9
16 22
16 0
16 8
16 17
16 14
16 19
16 1
16 42
16 45
16 13
16 43
16 29
16 34
16 37
16 10
16 23
22
17 14
17 31
17 45
17 18
17 44
17 4
17 20
17 37
17 3
17 24
17 30
17 29
17 6
17 22
17 39
17 23
17 36
17 35
17 46
17 9
17 10
17 8
20
18 3
18 46
18 24
18 43
18 12
18 45
18 14
18 6
18 48
18 1
18 15
18 10
18 13
18 9
18 7
18 27
18 22
18 16
18 39
18 26
18
19 35
19 1
19 7
19 38
19 6
19 8
19 32
19 34
19 18
19 37
19 2
19 9
19 27
19 17
19 48
19 0
19 46
19 45
22
20 28
20 16
20 26
20 36
20 46
20 44
20 15
20 0
20 10
20 22
20 32
20 13
20 23
20 24
20 42
20 33
20 11
20 12
20 35
20 31
20 34
20 18
27
21 43
21 32
21 19
21 2
21 36
21 22
21 46
21 8
21 12
21 38
21 35
21 15
21 9
21 14
21 37
21 23
21 1
21 33
21 20
21 34
21 28
21 3
21 13
21 11
21 45
21 42
21 39
19
22 6
22 49
22 42
22 37
22 25
22 19
22 34
22 45
22 32
22 24
22 47
22 13
22 4
22 7
22 35
22 31
22 36
22 3
22 44
20
23 22
23 35
23 11
23 12
23 14
23 0
23 38
23 37
23 8
23 49
23 3
23 41
23 26
23 47
23 24
23 9
23 29
23 6
23 31
23 33
14
24 0
24 6
24 9
24 16
24 44
24 21
24 27
24 12
24 35
24 42
24 14
24 39
24 45
24 38
21
25 9
25 7
25 47
25 12
25 20
25 48
25 44
25 16
25 46
25 28
25 42
25 13
25 18
25 24
25 38
25 43
25 19
25 33
25 11
25 3
25 45
15
26 14
26 10
26 6
26 46
26 5
26 22
26 35
26 3
26 12
26 25
26 33
26 11
26 34
26 7
26 0
25
27 29
27 41
27 33
27 20
27 26
27 11
27 42
27 46
27 39
27 10
27 35
27 31
27 44
27 28
27 17
27 13
27 9
27 8
27 21
27 25
27 34
27 3
27 4
27 14
27 30
20
28 23
28 18
28 31
28 3
28 9
28 1
28 29
28 48
28 47
28 19
28 49
28 46
28 7
28 42
28 0
28 16
28 2
28 33
28 26
28 41
15
29 9
29 25
29 18
29 1
29 3
29 5
29 44
29 11
29 48
29 40
29 35
29 13
29 41
29 30
29 2
19
30 24
30 45
30 47
30 44
30 46
30 26
30 22
30 28
30 7
30 6
30 20
30 2
30 13
30 43
30 12
30 15
30 8
30 25
30 33
17
31 26
31 47
31 43
31 16
31 5
31 19
31 29
31 10
31 39
31 18
31 9
31 40
31 13
31 25
31 37
31 15
31 1
25
32 25
32 5
32 44
32 4
32 23
32 28
32 47
32 16
32 46
32 10
32 43
32 38
32 30
32 29
32 7
32 1
32 11
32 9
32 34
32 33
32 6
32 8
32 17
32 37
32 27
20
33 17
33 24
33 4
33 39
33 11
33 9
33 40
33 36
33 10
33 5
33 1
33 37
33 38
33 29
33 34
33 22
33 48
33 31
33 43
33 19
18
34 30
34 4
34 49
34 8
34 47
34 5
34 0
34 35
34 2
34 7
34 6
34 9
34 10
34 48
34 13
34 31
34 17
34 24
17
35 10
35 18
35 42
35 1
35 11
35 47
35 41
35 33
35 25
35 6
35 3
35 48
35 38
35 43
35 12
35 36
35 28
27
36 16
36 2
36 27
36 40
36 38
36 23
36 46
36 44
36 18
36 39
36 11
36 0
36 41
36 4
36 32
36 28
36 10
36 45
36 34
36 42
36 7
36 26
36 30
36 3
36 29
36 31
36 49
15
37 24
37 8
37 36
37 28
37 34
37 49
37 30
37 14
37 26
37 18
37 29
37 3
37 44
37 25
37 20
22
38 28
38 14
38 1
38 17
38 0
38 48
38 7
38 26
38 45
38 44
38 30
38 27
38 20
38 34
38 12
38 6
38 8
38 16
38 40
38 22
38 18
38 49
23
39 46
39 38
39 22
39 30
39 43
39 23
39 19
39 29
39 44
39 12
39 35
39 42
39 41
39 7
39 0
39 37
39 32
39 6
39 25
39 14
39 10
39 16
39 15
18
40 1
40 2
40 41
40 42
40 24
40 34
40 49
40 21
40 13
40 4
40 16
40 17
40 45
40 35
40 5
40 32
40 22
40 23
20
41 16
41 17
41 18
41 19
41 33
41 13
41 49
41 32
41 12
41 21
41 1
41 24
41 11
41 4
41 43
41 30
41 46
41 15
41 25
41 34
23
42 18
42 30
42 14
42 9
42 44
42 12
42 15
42 48
42 1
42 8
42 6
42 17
42 26
42 38
42 19
42 32
42 37
42 13
42 5
42 23
42 3
42 41
42 0
19
43 29
43 38
43 40
43 4
43 22
43 34
43 27
43 3
43 49
43 8
43 26
43 9
43 24
43 48
43 36
43 20
43 19
43 14
43 28
19
44 41
44 43
44 10
44 48
44 13
44 28
44 5
44 14
44 40
44 19
44 35
44 15
44 47
44 26
44 1
44 23
44 45
44 3
44 21
17
45 31
45 28
45 0
45 6
45 7
45 49
45 43
45 5
45 15
45 14
45 37
45 23
45 39
45 27
45 32
45 26
45 11
14
46 23
46 7
46 44
46 38
46 22
46 37
46 45
46 10
46 0
46 8
46 4
46 11
46 49
46 43
20
47 0
47 40
47 1
47 45
47 18
47 29
47 21
47 38
47 43
47 39
47 27
47 2
47 36
47 37
47 20
47 19
47 8
47 24
47 17
47 4
19
48 30
48 3
48 6
48 32
48 23
48 26
48 24
48 37
48 49
48 8
48 4
48 47
48 14
48 0
48 39
48 40
48 45
48 46
48 20
26
49 25
49 31
49 2
49 19
49 8
49 11
49 33
49 21
49 44
49 30
49 27
49 29
49 16
49 35
49 6
49 14
49 32
49 26
49 5
49 3
49 42
49 39
49 24
49 18
49 17
49 15
