50
0 "A29"
1 "A7"
2 "A13"
3 "A47"
4 "A49"
5 "A20"
6 "A22"
7 "A38"
8 "A21"
9 "A43"
10 "A6"
11 "A24"
12 "A33"
13 "A16"
14 "A34"
15 "A14"
16 "A35"
17 "A9"
18 "A17"
19 "A46"
20 "A25"
21 "A41"
22 "A31"
23 "A39"
24 "A44"
25 "A1"
26 "A30"
27 "A19"
28 "A5"
29 "A26"
30 "A36"
31 "A15"
32 "A32"
33 "A27"
34 "A18"
35 "A4"
36 "A23"
37 "A40"
38 "A45"
39 "A48"
40 "A2"
41 "A42"
42 "A12"
43 "A8"
44 "A10"
45 "A0"
46 "A3"
47 "A11"
48 "A28"
49 "A37"
23
0 30
0 40
0 24
0 42
0 23
0 49
0 22
0 13
0 11
0 17
0 33
0 25
0 10
0 38
0 20
0 36
0 15
0 18
0 45
0 2
0 44
0 32
0 19
19
1 15
1 20
1 17
1 49
1 16
1 43
1 39
1 42
1 34
1 7
1 44
1 31
1 37
1 26
1 9
1 41
1 11
1 19
1 45
15
2 20
2 18
2 9
2 44
2 1
2 11
2 43
2 40
2 14
2 35
2 34
2 16
2 41
2 24
2 38
24
3 41
3 43
3 32
3 12
3 22
3 14
3 38
3 40
3 36
3 26
3 30
3 2
3 1
3 10
3 24
3 34
3 4
3 33
3 28
3 15
3 6
3 19
3 11
3 7
24
4 0
4 17
4 25
4 7
4 12
4 47
4 42
4 1
4 35
4 5
4 46
4 45
4 48
4 6
4 41
4 22
4 30
4 18
4 2
4 20
4 40
4 49
4 38
4 15
16
5 43
5 8
5 9
5 31
5 28
5 19
5 42
5 34
5 23
5 26
5 36
5 1
5 39
5 0
5 35
5 16
22
6 10
6 49
6 9
6 18
6 48
6 11
6 5
6 20
6 35
6 14
6 43
6 22
6 38
6 39
6 26
6 17
6 28
6 27
6 40
6 13
6 16
6 2
16
7 2
7 37
7 36
7 48
7 35
7 40
7 21
7 15
7 43
7 33
7 19
7 0
7 10
7 8
7 6
7 17
22
8 27
8 47
8 11
8 0
8 31
8 3
8 37
8 24
8 26
8 12
8 30
8 36
8 40
8 21
8 29
8 28
8 46
8 42
8 45
8 44
8 6
8 48
21
9 40
9 36
9 18
9 47
9 8
9 21
9 43
9 41
9 49
9 17
9 12
9 26
9 33
9 4
9 3
9 0
9 42
9 10
9 20
9 7
9 22
21
10 31
10 37
10 24
10 34
10 5
10 21
10 4
10 29
10 48
10 44
10 30
10 12
10 46
10 47
10 19
10 2
10 38
10 36
10 39
10 25
10 1
13
11 10
11 27
11 40
11 48
11 44
11 16
11 43
11 49
11 26
11 18
11 47
11 7
11 28
17
12 29
12 44
12 40
12 11
12 32
12 41
12 21
12 5
12 43
12 2
12 35
12 16
12 0
12 48
12 1
12 6
12 30
22
13 22
13 15
13 40
13 9
13 28
13 18
13 44
13 30
13 2
13 7
13 5
13 34
13 23
13 32
13 24
13 14
13 8
13 31
13 25
13 29
13 27
13 3
18
14 0
14 9
14 37
14 21
14 19
14 24
14 23
14 45
14 32
14 4
14 12
14 30
14 38
14 49
14 46
14 47
14 16
14 27
20
15 43
15 45
15 12
15 49
15 48
15 37
15 6
15 22
15 40
15 14
15 10
15 2
15 9
15 23
15 28
15 26
15 39
15 36
15 17
15 11
16
16 25
16 9
16 10
16 24
16 42
16 32
16 3
16 21
16 0
16 8
16 19
16 49
16 38
16 13
16 23
16 33
18
17 36
17 12
17 38
17 33
17 27
17 2
17 16
17 41
17 5
17 26
17 34
17 31
17 22
17 18
17 43
17 11
17 44
17 8
19
18 20
18 25
18 1
18 46
18 35
18 15
18 8
18 32
18 7
18 48
18 5
18 16
18 14
18 29
18 12
18 41
18 10
18 44
18 26
17
19 39
19 33
19 4
19 8
19 45
19 47
19 2
19 12
19 20
19 29
19 34
19 48
19 11
19 38
19 32
19 27
19 42
17
20 43
20 40
20 42
20 11
20 8
20 29
20 10
20 16
20 15
20 38
20 25
20 24
20 23
20 7
20 22
20 48
20 5
19
21 4
21 25
21 11
21 32
21 40
21 6
21 38
21 49
21 45
21 30
21 5
21 42
21 1
21 20
21 23
21 17
21 43
21 3
21 2
21
22 14
22 39
22 10
22 25
22 49
22 32
22 41
22 42
22 16
22 2
22 1
22 44
22 12
22 18
22 47
22 29
22 23
22 19
22 48
22 21
22 7
22
23 10
23 4
23 41
23 38
23 1
23 30
23 9
23 3
23 45
23 34
23 25
23 12
23 8
23 39
23 11
23 27
23 6
23 7
23 18
23 44
23 24
23 48
18
24 34
24 7
24 35
24 9
24 41
24 30
24 17
24 47
24 28
24 45
24 18
24 15
24 37
24 25
24 43
24 6
24 32
24 46
20
25 47
25 2
25 27
25 5
25 14
25 11
25 38
25 26
25 43
25 42
25 46
25 1
25 12
25 37
25 48
25 40
25 6
25 15
25 19
25 30
21
26 34
26 28
26 10
26 37
26 20
26 40
26 36
26 16
26 21
26 30
26 41
26 31
26 24
26 12
26 32
26 22
26 23
26 2
26 35
26 19
26 4
21
27 0
27 29
27 46
27 4
27 2
27 36
27 3
27 37
27 31
27 1
27 5
27 15
27 7
27 43
27 12
27 16
27 48
27 28
27 22
27 26
27 34
20
28 39
28 44
28 16
28 18
28 17
28 36
28 33
28 25
28 43
28 30
28 1
28 31
28 14
28 40
28 22
28 7
28 41
28 20
28 48
28 4
21
29 28
29 14
29 23
29 11
29 1
29 17
29 21
29 34
29 46
29 44
29 41
29 2
29 7
29 6
29 26
29 24
29 0
29 9
29 48
29 5
29 4
15
30 33
30 38
30 34
30 40
30 11
30 7
30 15
30 1
30 27
30 43
30 16
30 44
30 20
30 6
30 2
18
31 25
31 2
31 30
31 49
31 3
31 42
31 29
31 12
31 20
31 9
31 43
31 35
31 7
31 4
31 45
31 19
31 16
31 46
18
32 17
32 6
32 33
32 46
32 39
32 48
32 36
32 30
32 5
32 11
32 10
32 2
32 27
32 40
32 25
32 38
32 41
32 1
19
33 2
33 21
33 26
33 23
33 37
33 40
33 31
33 4
33 13
33 12
33 45
33 49
33 41
33 15
33 24
33 27
33 8
33 5
33 14
25
34 0
34 37
34 18
34 4
34 25
34 11
34 49
34 47
34 43
34 33
34 8
34 7
34 21
34 38
34 15
34 32
34 46
34 28
34 31
34 35
34 9
34 42
34 6
34 14
34 20
22
35 23
35 14
35 33
35 10
35 39
35 44
35 16
35 28
35 38
35 20
35 27
35 1
35 13
35 3
35 8
35 21
35 45
35 22
35 29
35 41
35 15
35 37
26
36 6
36 11
36 13
36 25
36 47
36 33
36 19
36 42
36 21
36 35
36 38
36 22
36 14
36 12
36 23
36 48
36 29
36 49
36 18
36 41
36 34
36 46
36 4
36 2
36 39
36 24
21
37 45
37 31
37 5
37 32
37 18
37 3
37 21
37 16
37 13
37 0
37 23
37 28
37 49
37 11
37 2
37 42
37 4
37 41
37 9
37 12
37 6
20
38 11
38 27
38 37
38 45
38 43
38 40
38 31
38 49
38 39
38 29
38 22
38 33
38 5
38 26
38 7
38 13
38 28
38 1
38 12
38 15
21
39 2
39 29
39 0
39 40
39 13
39 27
39 9
39 44
39 30
39 26
39 16
39 33
39 12
39 7
39 43
39 3
39 31
39 14
39 20
39 41
39 18
12
40 16
40 17
40 49
40 31
40 1
40 35
40 5
40 19
40 23
40 34
40 24
40 22
16
41 48
41 38
41 20
41 31
41 15
41 8
41 25
41 16
41 6
41 11
41 14
41 5
41 13
41 21
41 10
41 47
21
42 14
42 48
42 7
42 11
42 38
42 18
42 24
42 49
42 15
42 27
42 12
42 40
42 28
42 39
42 23
42 35
42 43
42 41
42 26
42 3
42 33
14
43 8
43 26
43 19
43 41
43 35
43 32
43 14
43 36
43 44
43 40
43 0
43 33
43 23
43 37
19
44 3
44 49
44 33
44 24
44 41
44 26
44 21
44 16
44 27
44 20
44 38
44 9
44 42
44 25
44 40
44 5
44 15
44 37
44 36
22
45 18
45 44
45 39
45 2
45 43
45 17
45 11
45 13
45 12
45 42
45 16
45 32
45 49
45 34
45 25
45 40
45 10
45 7
45 20
45 27
45 29
45 26
26
46 2
46 20
46 42
46 13
46 5
46 33
46 6
46 44
46 16
46 15
46 23
46 1
46 17
46 47
46 26
46 38
46 37
46 21
46 45
46 48
46 35
46 19
46 12
46 49
46 39
46 28
22
47 0
47 27
47 49
47 15
47 17
47 2
47 33
47 40
47 32
47 37
47 12
47 23
47 44
47 31
47 5
47 20
47 26
47 38
47 35
47 1
47 42
47 21
17
48 1
48 39
48 26
48 21
48 35
48 24
48 47
48 34
48 30
48 16
48 31
48 2
48 44
48 14
48 17
48 0
48 37
23
49 24
49 48
49 19
49 39
49 18
49 43
49 8
49 35
49 32
49 13
49 29
49 2
49 17
49 3
49 23
49 26
49 25
49 20
49 5
49 41
49 10
49 7
49 12
