50
0 "A29"
1 "A7"
2 "A13"
3 "A47"
4 "A49"
5 "A20"
6 "A22"
7 "A38"
8 "A21"
9 "A43"
10 "A6"
11 "A24"
12 "A33"
13 "A16"
14 "A34"
15 "A14"
16 "A35"
17 "A9"
18 "A17"
19 "A46"
20 "A25"
21 "A41"
22 "A31"
23 "A39"
24 "A44"
25 "A1"
26 "A30"
27 "A19"
28 "A5"
29 "A26"
30 "A36"
31 "A15"
32 "A32"
33 "A27"
34 "A18"
35 "A4"
36 "A23"
37 "A40"
38 "A45"
39 "A48"
40 "A2"
41 "A42"
42 "A12"
43 "A8"
44 "A10"
45 "A0"
46 "A3"
47 "A11"
48 "A28"
49 "A37"
22
0 46
0 40
0 1
0 44
0 10
0 18
0 20
0 8
0 49
0 26
0 4
0 14
0 11
0 12
0 30
0 25
0 39
0 19
0 7
0 6
0 27
0 17
18
1 21
1 46
1 45
1 30
1 44
1 20
1 48
1 8
1 29
1 22
1 5
1 12
1 11
1 17
1 13
1 10
1 49
1 3
18
2 23
2 0
2 29
2 21
2 41
2 40
2 32
2 27
2 22
2 8
2 6
2 26
2 13
2 46
2 24
2 10
2 20
2 5
18
3 24
3 13
3 47
3 30
3 48
3 44
3 40
3 22
3 14
3 35
3 7
3 37
3 2
3 9
3 34
3 41
3 27
3 5
19
4 13
4 18
4 10
4 3
4 37
4 26
4 43
4 27
4 36
4 1
4 35
4 20
4 8
4 28
4 17
4 24
4 39
4 16
4 31
21
5 15
5 17
5 22
5 23
5 47
5 21
5 6
5 9
5 7
5 48
5 34
5 37
5 39
5 43
5 26
5 45
5 42
5 29
5 25
5 27
5 36
20
6 32
6 25
6 43
6 10
6 39
6 17
6 44
6 9
6 47
6 3
6 4
6 28
6 26
6 31
6 23
6 20
6 49
6 37
6 46
6 7
20
7 8
7 40
7 11
7 47
7 42
7 35
7 48
7 2
7 9
7 44
7 14
7 20
7 17
7 18
7 45
7 39
7 26
7 1
7 31
7 4
17
8 28
8 41
8 23
8 16
8 36
8 26
8 45
8 22
8 3
8 15
8 27
8 6
8 21
8 19
8 32
8 13
8 37
23
9 1
9 0
9 33
9 47
9 24
9 15
9 46
9 28
9 23
9 35
9 43
9 45
9 12
9 32
9 39
9 26
9 20
9 36
9 16
9 2
9 25
9 14
9 8
19
10 35
10 29
10 40
10 39
10 12
10 27
10 15
10 18
10 36
10 25
10 8
10 21
10 17
10 26
10 9
10 42
10 37
10 7
10 47
18
11 21
11 43
11 36
11 5
11 16
11 13
11 35
11 45
11 10
11 37
11 8
11 39
11 20
11 41
11 9
11 26
11 22
11 46
24
12 22
12 47
12 39
12 8
12 46
12 4
12 11
12 29
12 43
12 23
12 32
12 30
12 5
12 3
12 2
12 7
12 38
12 42
12 37
12 34
12 35
12 26
12 41
12 13
16
13 35
13 0
13 29
13 49
13 46
13 36
13 27
13 32
13 9
13 5
13 10
13 6
13 15
13 30
13 17
13 40
18
14 47
14 49
14 43
14 40
14 6
14 26
14 25
14 45
14 20
14 12
14 24
14 17
14 5
14 13
14 16
14 10
14 34
14 29
22
15 35
15 6
15 25
15 27
15 11
15 44
15 18
15 16
15 12
15 0
15 31
15 33
15 1
15 40
15 38
15 28
15 29
15 21
15 2
15 3
15 7
15 14
19
16 33
16 5
16 46
16 34
16 39
16 13
16 3
16 47
16 35
16 28
16 30
16 40
16 1
16 12
16 36
16 38
16 37
16 7
16 45
26
17 40
17 44
17 45
17 8
17 16
17 49
17 33
17 9
17 11
17 35
17 38
17 34
17 39
17 15
17 41
17 26
17 30
17 27
17 32
17 29
17 22
17 23
17 2
17 25
17 36
17 19
21
18 45
18 31
18 19
18 3
18 17
18 5
18 13
18 46
18 9
18 42
18 28
18 27
18 40
18 38
18 16
18 25
18 39
18 30
18 21
18 43
18 8
18
19 41
19 37
19 33
19 30
19 46
19 45
19 12
19 7
19 2
19 9
19 1
19 15
19 42
19 14
19 4
19 31
19 34
19 28
16
20 44
20 32
20 45
20 23
20 12
20 19
20 18
20 47
20 34
20 28
20 15
20 41
20 10
20 36
20 8
20 13
23
21 7
21 25
21 22
21 17
21 13
21 9
21 41
21 4
21 47
21 28
21 3
21 12
21 19
21 23
21 48
21 46
21 43
21 14
21 44
21 36
21 33
21 0
21 20
17
22 34
22 0
22 10
22 9
22 32
22 45
22 33
22 27
22 19
22 13
22 25
22 31
22 47
22 46
22 37
22 29
22 18
19
23 22
23 49
23 32
23 18
23 25
23 34
23 48
23 36
23 26
23 1
23 14
23 0
23 3
23 39
23 24
23 19
23 10
23 15
23 31
23
24 6
24 29
24 15
24 25
24 17
24 5
24 18
24 22
24 45
24 13
24 7
24 12
24 8
24 16
24 19
24 39
24 21
24 0
24 27
24 11
24 40
24 36
24 32
23
25 28
25 40
25 11
25 27
25 19
25 38
25 34
25 16
25 2
25 3
25 1
25 48
25 30
25 12
25 29
25 8
25 13
25 49
25 7
25 26
25 39
25 31
25 20
12
26 22
26 37
26 19
26 21
26 41
26 16
26 38
26 3
26 20
26 43
26 32
26 18
11
27 36
27 16
27 46
27 23
27 11
27 20
27 42
27 32
27 33
27 35
27 6
23
28 24
28 35
28 0
28 32
28 33
28 22
28 1
28 26
28 14
28 29
28 7
28 23
28 10
28 42
28 41
28 2
28 12
28 43
28 48
28 13
28 45
28 3
28 27
22
29 21
29 16
29 0
29 37
29 40
29 38
29 31
29 26
29 47
29 42
29 32
29 19
29 23
29 44
29 7
29 11
29 18
29 4
29 8
29 9
29 33
29 48
20
30 29
30 7
30 49
30 21
30 5
30 11
30 38
30 26
30 46
30 10
30 23
30 20
30 36
30 22
30 4
30 15
30 48
30 14
30 6
30 45
20
31 38
31 27
31 13
31 24
31 3
31 5
31 8
31 28
31 2
31 9
31 34
31 26
31 20
31 39
31 42
31 40
31 16
31 11
31 30
31 37
20
32 31
32 10
32 11
32 48
32 4
32 0
32 5
32 37
32 15
32 16
32 44
32 19
32 43
32 25
32 30
32 21
32 1
32 38
32 47
32 49
19
33 12
33 0
33 18
33 8
33 47
33 1
33 2
33 31
33 25
33 13
33 46
33 45
33 4
33 7
33 20
33 43
33 36
33 5
33 41
18
34 7
34 37
34 47
34 15
34 35
34 11
34 9
34 24
34 4
34 33
34 0
34 18
34 46
34 48
34 21
34 6
34 10
34 2
18
35 37
35 29
35 24
35 42
35 43
35 20
35 40
35 21
35 1
35 19
35 49
35 25
35 26
35 48
35 23
35 22
35 2
35 31
21
36 29
36 6
36 22
36 26
36 34
36 14
36 2
36 7
36 1
36 12
36 42
36 46
36 35
36 40
36 28
36 48
36 39
36 32
36 47
36 25
36 31
20
37 36
37 21
37 17
37 1
37 24
37 15
37 28
37 13
37 14
37 38
37 47
37 18
37 23
37 39
37 2
37 0
37 7
37 25
37 27
37 20
21
38 42
38 13
38 36
38 47
38 14
38 7
38 49
38 4
38 33
38 11
38 6
38 0
38 21
38 5
38 43
38 24
38 1
38 46
38 10
38 9
38 3
19
39 15
39 14
39 44
39 28
39 8
39 22
39 32
39 46
39 34
39 27
39 21
39 29
39 19
39 38
39 2
39 26
39 20
39 13
39 40
20
40 23
40 9
40 49
40 19
40 43
40 1
40 20
40 27
40 38
40 21
40 8
40 48
40 12
40 41
40 4
40 46
40 30
40 34
40 32
40 37
24
41 5
41 38
41 15
41 32
41 34
41 13
41 25
41 31
41 18
41 7
41 35
41 39
41 9
41 16
41 22
41 23
41 37
41 4
41 6
41 1
41 30
41 36
41 24
41 27
24
42 24
42 17
42 49
42 20
42 25
42 47
42 41
42 8
42 46
42 21
42 33
42 45
42 30
42 6
42 0
42 14
42 9
42 16
42 44
42 23
42 11
42 2
42 40
42 1
21
43 34
43 17
43 22
43 8
43 0
43 31
43 37
43 25
43 29
43 42
43 44
43 48
43 30
43 2
43 27
43 36
43 19
43 10
43 16
43 46
43 13
19
44 23
44 40
44 49
44 22
44 18
44 14
44 36
44 41
44 8
44 30
44 28
44 16
44 9
44 5
44 12
44 10
44 34
44 31
44 38
21
45 41
45 2
45 6
45 43
45 27
45 36
45 31
45 10
45 48
45 29
45 38
45 35
45 32
45 34
45 21
45 44
45 13
45 4
45 15
45 37
45 40
14
46 15
46 35
46 8
46 45
46 29
46 37
46 3
46 41
46 47
46 26
46 32
46 7
46 14
46 20
17
47 1
47 44
47 31
47 19
47 13
47 41
47 11
47 17
47 4
47 48
47 39
47 2
47 18
47 27
47 28
47 0
47 49
16
48 22
48 11
48 49
48 10
48 17
48 4
48 6
48 2
48 27
48 37
48 41
48 38
48 20
48 12
48 19
48 42
22
49 18
49 11
49 3
49 24
49 22
49 4
49 33
49 12
49 31
49 37
49 8
49 26
49 2
49 41
49 29
49 10
49 15
49 19
49 39
49 16
49 21
49 7
