50
0 "A29"
1 "A7"
2 "A13"
3 "A47"
4 "A49"
5 "A20"
6 "A22"
7 "A38"
8 "A21"
9 "A43"
10 "A6"
11 "A24"
12 "A33"
13 "A16"
14 "A34"
15 "A14"
16 "A35"
17 "A9"
18 "A17"
19 "A46"
20 "A25"
21 "A41"
22 "A31"
23 "A39"
24 "A44"
25 "A1"
26 "A30"
27 "A19"
28 "A5"
29 "A26"
30 "A36"
31 "A15"
32 "A32"
33 "A27"
34 "A18"
35 "A4"
36 "A23"
37 "A40"
38 "A45"
39 "A48"
40 "A2"
41 "A42"
42 "A12"
43 "A8"
44 "A10"
45 "A0"
46 "A3"
47 "A11"
48 "A28"
49 "A37"
19
0 31
0 29
0 37
0 14
0 27
0 19
0 1
0 13
0 30
0 2
0 7
0 8
0 43
0 39
0 32
0 49
0 26
0 4
0 34
18
1 44
1 32
1 24
1 43
1 7
1 45
1 17
1 18
1 4
1 9
1 29
1 47
1 5
1 19
1 39
1 49
1 14
1 40
21
2 31
2 7
2 39
2 9
2 20
2 33
2 43
2 12
2 24
2 16
2 37
2 13
2 30
2 18
2 44
2 17
2 47
2 35
2 26
2 42
2 27
18
3 32
3 47
3 36
3 4
3 13
3 16
3 41
3 27
3 2
3 10
3 1
3 12
3 19
3 23
3 17
3 18
3 29
3 39
17
4 9
4 20
4 6
4 43
4 24
4 17
4 8
4 19
4 41
4 2
4 42
4 47
4 25
4 35
4 26
4 22
4 48
24
5 0
5 43
5 32
5 37
5 27
5 35
5 41
5 30
5 26
5 24
5 17
5 18
5 14
5 46
5 6
5 36
5 28
5 44
5 8
5 40
5 42
5 20
5 16
5 38
20
6 18
6 15
6 11
6 3
6 28
6 29
6 42
6 32
6 43
6 30
6 24
6 44
6 34
6 20
6 7
6 35
6 8
6 27
6 1
6 41
21
7 48
7 15
7 23
7 26
7 20
7 19
7 13
7 5
7 49
7 38
7 3
7 4
7 37
7 43
7 10
7 16
7 12
7 46
7 30
7 35
7 9
23
8 13
8 46
8 24
8 12
8 44
8 31
8 17
8 18
8 7
8 26
8 45
8 22
8 48
8 40
8 23
8 36
8 28
8 14
8 9
8 1
8 47
8 19
8 43
14
9 6
9 13
9 25
9 19
9 38
9 31
9 47
9 44
9 3
9 43
9 20
9 49
9 0
9 42
24
10 42
10 31
10 41
10 21
10 40
10 4
10 0
10 49
10 8
10 9
10 47
10 2
10 45
10 33
10 22
10 39
10 17
10 20
10 11
10 13
10 34
10 1
10 38
10 6
26
11 4
11 48
11 40
11 9
11 35
11 0
11 26
11 27
11 43
11 32
11 38
11 34
11 1
11 3
11 39
11 14
11 16
11 36
11 25
11 28
11 2
11 18
11 47
11 33
11 7
11 41
18
12 43
12 13
12 19
12 40
12 41
12 42
12 26
12 9
12 39
12 31
12 35
12 36
12 23
12 32
12 34
12 11
12 21
12 5
14
13 21
13 49
13 14
13 17
13 43
13 34
13 4
13 18
13 24
13 27
13 45
13 6
13 1
13 11
18
14 44
14 46
14 10
14 15
14 31
14 39
14 29
14 6
14 20
14 23
14 21
14 18
14 3
14 25
14 4
14 49
14 17
14 2
24
15 25
15 17
15 11
15 24
15 8
15 47
15 42
15 41
15 13
15 32
15 18
15 12
15 43
15 28
15 37
15 29
15 35
15 0
15 23
15 31
15 1
15 36
15 5
15 20
22
16 8
16 26
16 43
16 37
16 35
16 33
16 13
16 41
16 12
16 42
16 49
16 29
16 28
16 19
16 46
16 1
16 30
16 18
16 10
16 27
16 4
16 9
18
17 11
17 7
17 36
17 6
17 43
17 16
17 45
17 21
17 42
17 18
17 26
17 32
17 35
17 47
17 40
17 0
17 19
17 30
21
18 41
18 40
18 4
18 24
18 27
18 22
18 45
18 12
18 21
18 28
18 0
18 9
18 39
18 49
18 43
18 32
18 34
18 42
18 33
18 44
18 37
15
19 49
19 37
19 48
19 13
19 18
19 10
19 30
19 29
19 6
19 25
19 36
19 45
19 22
19 44
19 31
20
20 47
20 8
20 49
20 43
20 38
20 16
20 42
20 1
20 26
20 11
20 46
20 22
20 23
20 41
20 12
20 3
20 36
20 19
20 44
20 33
18
21 37
21 27
21 19
21 2
21 23
21 15
21 0
21 16
21 3
21 35
21 9
21 42
21 30
21 41
21 5
21 4
21 6
21 11
21
22 0
22 31
22 30
22 28
22 6
22 7
22 23
22 21
22 25
22 44
22 12
22 5
22 1
22 34
22 33
22 36
22 45
22 26
22 17
22 15
22 9
18
23 1
23 38
23 27
23 0
23 37
23 16
23 5
23 33
23 9
23 2
23 10
23 19
23 48
23 41
23 11
23 18
23 26
23 13
24
24 17
24 42
24 26
24 45
24 47
24 46
24 36
24 44
24 11
24 49
24 22
24 7
24 43
24 19
24 16
24 10
24 23
24 12
24 14
24 48
24 37
24 3
24 27
24 31
25
25 3
25 44
25 10
25 43
25 7
25 5
25 1
25 39
25 36
25 26
25 23
25 0
25 28
25 20
25 37
25 29
25 49
25 8
25 13
25 24
25 2
25 47
25 45
25 18
25 6
18
26 36
26 42
26 18
26 3
26 10
26 9
26 45
26 14
26 48
26 1
26 6
26 46
26 38
26 19
26 41
26 15
26 21
26 34
18
27 44
27 17
27 19
27 26
27 1
27 28
27 12
27 7
27 39
27 15
27 9
27 10
27 37
27 46
27 34
27 29
27 33
27 14
23
28 9
28 20
28 2
28 33
28 42
28 14
28 29
28 45
28 31
28 43
28 46
28 21
28 7
28 12
28 38
28 17
28 41
28 10
28 23
28 0
28 1
28 24
28 13
20
29 13
29 18
29 5
29 10
29 9
29 4
29 17
29 36
29 49
29 24
29 7
29 8
29 46
29 42
29 26
29 23
29 2
29 48
29 41
29 37
24
30 38
30 36
30 15
30 14
30 49
30 34
30 41
30 37
30 18
30 24
30 26
30 33
30 1
30 42
30 10
30 3
30 43
30 23
30 8
30 28
30 39
30 9
30 11
30 27
21
31 16
31 7
31 21
31 33
31 4
31 34
31 42
31 18
31 36
31 23
31 11
31 43
31 13
31 49
31 45
31 20
31 44
31 30
31 3
31 5
31 27
22
32 7
32 21
32 37
32 44
32 22
32 48
32 13
32 47
32 10
32 36
32 23
32 29
32 46
32 26
32 34
32 20
32 14
32 4
32 35
32 31
32 8
32 41
25
33 35
33 6
33 3
33 39
33 46
33 0
33 25
33 44
33 32
33 13
33 26
33 43
33 21
33 24
33 29
33 19
33 38
33 8
33 12
33 4
33 34
33 14
33 17
33 1
33 47
20
34 42
34 2
34 28
34 9
34 15
34 20
34 29
34 17
34 44
34 43
34 35
34 8
34 23
34 3
34 1
34 48
34 24
34 38
34 36
34 7
19
35 0
35 48
35 42
35 1
35 25
35 28
35 47
35 23
35 46
35 27
35 31
35 14
35 38
35 13
35 29
35 26
35 40
35 43
35 30
15
36 7
36 37
36 14
36 38
36 0
36 47
36 4
36 16
36 2
36 9
36 40
36 1
36 33
36 6
36 13
21
37 35
37 40
37 20
37 44
37 3
37 22
37 8
37 12
37 11
37 49
37 33
37 41
37 4
37 46
37 13
37 28
37 10
37 48
37 26
37 9
37 17
17
38 32
38 15
38 13
38 29
38 19
38 16
38 12
38 6
38 14
38 45
38 48
38 43
38 21
38 40
38 17
38 1
38 8
21
39 45
39 34
39 16
39 47
39 17
39 36
39 32
39 31
39 38
39 29
39 37
39 13
39 4
39 48
39 5
39 49
39 15
39 24
39 43
39 28
39 8
25
40 4
40 28
40 43
40 20
40 41
40 22
40 21
40 0
40 23
40 47
40 33
40 3
40 34
40 6
40 7
40 42
40 9
40 44
40 25
40 14
40 29
40 24
40 15
40 2
40 16
15
41 27
41 33
41 35
41 24
41 45
41 8
41 0
41 2
41 31
41 7
41 49
41 17
41 47
41 1
41 46
10
42 27
42 23
42 47
42 3
42 38
42 25
42 49
42 44
42 7
42 19
14
43 47
43 23
43 22
43 41
43 42
43 49
43 26
43 19
43 29
43 3
43 46
43 21
43 44
43 14
17
44 35
44 7
44 47
44 23
44 10
44 36
44 21
44 13
44 48
44 39
44 16
44 30
44 12
44 3
44 28
44 41
44 17
21
45 6
45 33
45 9
45 21
45 34
45 36
45 3
45 44
45 4
45 23
45 16
45 37
45 40
45 29
45 46
45 7
45 12
45 27
45 14
45 20
45 42
21
46 13
46 39
46 19
46 0
46 6
46 23
46 47
46 12
46 38
46 1
46 9
46 11
46 17
46 34
46 30
46 3
46 10
46 25
46 40
46 2
46 22
17
47 16
47 48
47 37
47 28
47 0
47 26
47 34
47 14
47 27
47 13
47 45
47 29
47 6
47 22
47 5
47 7
47 38
21
48 2
48 22
48 6
48 36
48 15
48 20
48 31
48 33
48 18
48 42
48 12
48 5
48 46
48 25
48 28
48 3
48 17
48 0
48 30
48 13
48 27
14
49 27
49 5
49 4
49 32
49 36
49 33
49 23
49 21
49 44
49 46
49 12
49 34
49 2
49 38
