50
0 "A35"
1 "A4"
2 "A12"
3 "A20"
4 "A46"
5 "A48"
6 "A11"
7 "A24"
8 "A38"
9 "A33"
10 "A31"
11 "A10"
12 "A40"
13 "A3"
14 "A30"
15 "A2"
16 "A19"
17 "A6"
18 "A28"
19 "A8"
20 "A22"
21 "A27"
22 "A43"
23 "A13"
24 "A17"
25 "A25"
26 "A26"
27 "A42"
28 "A37"
29 "A16"
30 "A45"
31 "A47"
32 "A5"
33 "A15"
34 "A32"
35 "A21"
36 "A23"
37 "A29"
38 "A0"
39 "A14"
40 "A7"
41 "A9"
42 "A39"
43 "A44"
44 "A41"
45 "A34"
46 "A18"
47 "A49"
48 "A1"
49 "A36"
20
0 15
0 18
0 6
0 49
0 26
0 32
0 24
0 20
0 22
0 29
0 39
0 13
0 12
0 44
0 14
0 9
0 43
0 27
0 4
0 35
21
1 9
1 34
1 12
1 43
1 21
1 49
1 6
1 20
1 17
1 0
1 25
1 22
1 35
1 16
1 46
1 10
1 4
1 3
1 7
1 45
1 30
18
2 14
2 12
2 42
2 48
2 40
2 20
2 3
2 37
2 21
2 18
2 16
2 8
2 0
2 7
2 44
2 1
2 25
2 26
23
3 14
3 44
3 48
3 28
3 37
3 23
3 5
3 13
3 42
3 47
3 40
3 38
3 33
3 49
3 43
3 16
3 10
3 8
3 39
3 32
3 45
3 27
3 15
18
4 43
4 34
4 3
4 29
4 6
4 36
4 7
4 2
4 24
4 49
4 14
4 41
4 38
4 37
4 31
4 32
4 27
4 26
21
5 42
5 33
5 48
5 28
5 47
5 4
5 7
5 46
5 39
5 45
5 10
5 1
5 27
5 36
5 21
5 37
5 0
5 43
5 16
5 24
5 22
18
6 28
6 16
6 8
6 47
6 43
6 3
6 14
6 2
6 31
6 15
6 38
6 39
6 29
6 21
6 7
6 12
6 45
6 49
16
7 38
7 48
7 24
7 26
7 35
7 20
7 33
7 28
7 45
7 30
7 14
7 25
7 21
7 3
7 32
7 23
19
8 31
8 30
8 47
8 46
8 34
8 21
8 24
8 14
8 11
8 19
8 16
8 27
8 1
8 29
8 38
8 4
8 48
8 49
8 7
21
9 6
9 16
9 38
9 47
9 41
9 12
9 5
9 8
9 7
9 40
9 13
9 2
9 35
9 49
9 4
9 3
9 31
9 44
9 19
9 20
9 22
20
10 4
10 9
10 37
10 23
10 27
10 24
10 42
10 49
10 25
10 6
10 33
10 38
10 46
10 30
10 47
10 32
10 2
10 44
10 15
10 0
25
11 18
11 13
11 45
11 4
11 23
11 36
11 15
11 39
11 30
11 9
11 26
11 2
11 42
11 14
11 25
11 46
11 41
11 43
11 24
11 7
11 28
11 0
11 38
11 6
11 44
20
12 44
12 21
12 26
12 23
12 38
12 11
12 3
12 39
12 30
12 8
12 29
12 10
12 27
12 34
12 22
12 33
12 48
12 7
12 14
12 32
18
13 17
13 1
13 35
13 7
13 6
13 4
13 8
13 5
13 49
13 31
13 10
13 46
13 20
13 18
13 15
13 2
13 30
13 32
13
14 33
14 16
14 37
14 29
14 34
14 49
14 27
14 19
14 28
14 41
14 39
14 9
14 22
19
15 44
15 38
15 37
15 1
15 16
15 25
15 12
15 29
15 27
15 32
15 5
15 2
15 8
15 41
15 20
15 26
15 4
15 7
15 14
16
16 41
16 12
16 0
16 32
16 43
16 24
16 45
16 13
16 36
16 48
16 30
16 4
16 7
16 17
16 10
16 46
22
17 31
17 23
17 10
17 15
17 46
17 47
17 40
17 22
17 48
17 14
17 49
17 38
17 41
17 25
17 20
17 18
17 8
17 9
17 28
17 27
17 43
17 4
22
18 5
18 21
18 22
18 27
18 20
18 14
18 23
18 40
18 49
18 34
18 33
18 24
18 1
18 38
18 4
18 31
18 37
18 7
18 29
18 10
18 26
18 12
22
19 1
19 15
19 38
19 6
19 22
19 23
19 37
19 30
19 5
19 2
19 43
19 7
19 10
19 45
19 46
19 3
19 49
19 17
19 0
19 48
19 12
19 4
18
20 24
20 43
20 44
20 5
20 27
20 16
20 47
20 4
20 45
20 35
20 6
20 31
20 32
20 14
20 8
20 21
20 3
20 19
25
21 49
21 37
21 29
21 3
21 47
21 11
21 30
21 27
21 40
21 42
21 9
21 19
21 32
21 48
21 35
21 25
21 14
21 45
21 15
21 33
21 13
21 17
21 38
21 4
21 0
17
22 48
22 8
22 47
22 40
22 16
22 43
22 24
22 13
22 20
22 7
22 34
22 10
22 3
22 15
22 21
22 32
22 11
17
23 28
23 43
23 5
23 40
23 45
23 35
23 32
23 42
23 0
23 8
23 15
23 9
23 38
23 16
23 47
23 20
23 4
19
24 49
24 6
24 29
24 19
24 40
24 1
24 41
24 17
24 12
24 15
24 38
24 43
24 2
24 33
24 21
24 9
24 35
24 3
24 32
20
25 19
25 35
25 5
25 9
25 42
25 30
25 44
25 22
25 0
25 16
25 12
25 36
25 4
25 14
25 34
25 20
25 45
25 46
25 39
25 8
31
26 41
26 14
26 31
26 23
26 16
26 21
26 45
26 20
26 43
26 10
26 29
26 42
26 30
26 5
26 3
26 6
26 22
26 44
26 25
26 35
26 39
26 24
26 17
26 28
26 47
26 8
26 34
26 13
26 37
26 19
26 1
19
27 33
27 13
27 16
27 30
27 32
27 42
27 7
27 38
27 25
27 23
27 22
27 29
27 43
27 1
27 24
27 19
27 26
27 6
27 11
22
28 19
28 16
28 39
28 43
28 4
28 31
28 25
28 47
28 37
28 21
28 2
28 18
28 12
28 0
28 22
28 46
28 10
28 30
28 38
28 45
28 42
28 24
20
29 43
29 17
29 38
29 30
29 32
29 34
29 28
29 5
29 20
29 1
29 22
29 47
29 45
29 49
29 13
29 48
29 7
29 35
29 46
29 31
14
30 20
30 18
30 33
30 14
30 6
30 37
30 34
30 32
30 3
30 43
30 15
30 0
30 39
30 4
25
31 7
31 37
31 27
31 14
31 15
31 12
31 5
31 0
31 36
31 25
31 46
31 10
31 38
31 32
31 44
31 22
31 2
31 1
31 24
31 43
31 21
31 23
31 30
31 16
31 35
18
32 33
32 2
32 41
32 38
32 26
32 11
32 40
32 47
32 42
32 14
32 6
32 17
32 1
32 49
32 46
32 18
32 36
32 9
21
33 43
33 0
33 36
33 15
33 17
33 19
33 38
33 35
33 31
33 1
33 22
33 34
33 13
33 29
33 8
33 20
33 26
33 23
33 40
33 47
33 11
21
34 19
34 42
34 5
34 35
34 24
34 11
34 9
34 38
34 44
34 40
34 2
34 0
34 32
34 10
34 21
34 17
34 36
34 47
34 7
34 13
34 20
18
35 14
35 15
35 11
35 40
35 12
35 6
35 18
35 32
35 8
35 22
35 16
35 27
35 10
35 4
35 19
35 5
35 17
35 3
15
36 1
36 30
36 0
36 10
36 17
36 24
36 3
36 6
36 38
36 47
36 9
36 45
36 19
36 8
36 12
22
37 42
37 34
37 1
37 11
37 32
37 38
37 47
37 6
37 12
37 40
37 13
37 49
37 0
37 46
37 48
37 7
37 27
37 35
37 39
37 41
37 23
37 33
16
38 41
38 14
38 45
38 22
38 25
38 49
38 1
38 5
38 44
38 39
38 20
38 30
38 13
38 26
38 40
38 16
18
39 10
39 33
39 44
39 1
39 8
39 24
39 36
39 32
39 15
39 16
39 27
39 23
39 40
39 17
39 45
39 4
39 22
39 13
16
40 16
40 8
40 28
40 10
40 30
40 5
40 43
40 48
40 0
40 49
40 31
40 36
40 47
40 6
40 11
40 7
24
41 28
41 27
41 29
41 22
41 30
41 33
41 1
41 10
41 40
41 43
41 45
41 46
41 2
41 3
41 13
41 31
41 34
41 25
41 23
41 8
41 36
41 20
41 19
41 0
21
42 9
42 41
42 14
42 40
42 48
42 18
42 7
42 35
42 39
42 38
42 13
42 12
42 46
42 4
42 49
42 44
42 29
42 16
42 6
42 8
42 36
13
43 42
43 37
43 39
43 49
43 8
43 12
43 13
43 46
43 32
43 38
43 35
43 2
43 44
21
44 33
44 1
44 47
44 16
44 40
44 45
44 13
44 21
44 36
44 17
44 28
44 19
44 22
44 6
44 14
44 23
44 41
44 27
44 24
44 48
44 8
18
45 10
45 27
45 35
45 12
45 9
45 18
45 47
45 31
45 15
45 24
45 13
45 32
45 34
45 40
45 37
45 43
45 46
45 42
25
46 3
46 33
46 30
46 27
46 24
46 44
46 48
46 39
46 47
46 35
46 0
46 22
46 18
46 34
46 9
46 15
46 14
46 38
46 21
46 12
46 7
46 40
46 20
46 49
46 26
17
47 15
47 2
47 0
47 1
47 24
47 7
47 43
47 18
47 49
47 13
47 38
47 14
47 4
47 30
47 41
47 31
47 42
20
48 41
48 31
48 23
48 33
48 35
48 25
48 20
48 43
48 38
48 36
48 28
48 13
48 39
48 0
48 49
48 34
48 11
48 30
48 47
48 27
17
49 16
49 12
49 5
49 33
49 41
49 45
49 15
49 30
49 39
49 25
49 28
49 22
49 2
49 27
49 34
49 35
49 31
