50
0 "A35"
1 "A4"
2 "A12"
3 "A20"
4 "A46"
5 "A48"
6 "A11"
7 "A24"
8 "A38"
9 "A33"
10 "A31"
11 "A10"
12 "A40"
13 "A3"
14 "A30"
15 "A2"
16 "A19"
17 "A6"
18 "A28"
19 "A8"
20 "A22"
21 "A27"
22 "A43"
23 "A13"
24 "A17"
25 "A25"
26 "A26"
27 "A42"
28 "A37"
29 "A16"
30 "A45"
31 "A47"
32 "A5"
33 "A15"
34 "A32"
35 "A21"
36 "A23"
37 "A29"
38 "A0"
39 "A14"
40 "A7"
41 "A9"
42 "A39"
43 "A44"
44 "A41"
45 "A34"
46 "A18"
47 "A49"
48 "A1"
49 "A36"
23
0 36
0 12
0 26
0 22
0 4
0 35
0 49
0 18
0 6
0 20
0 2
0 43
0 29
0 11
0 44
0 15
0 32
0 17
0 13
0 42
0 3
0 25
0 27
22
1 30
1 21
1 25
1 17
1 31
1 46
1 9
1 3
1 2
1 20
1 38
1 12
1 48
1 40
1 27
1 0
1 23
1 10
1 43
1 7
1 14
1 28
19
2 42
2 19
2 7
2 44
2 26
2 8
2 14
2 22
2 39
2 21
2 23
2 16
2 4
2 31
2 38
2 12
2 47
2 36
2 37
21
3 28
3 23
3 5
3 10
3 43
3 19
3 15
3 47
3 16
3 18
3 45
3 38
3 2
3 33
3 8
3 48
3 44
3 4
3 39
3 32
3 14
19
4 48
4 34
4 43
4 29
4 27
4 33
4 24
4 20
4 28
4 17
4 14
4 32
4 7
4 6
4 41
4 35
4 5
4 38
4 26
17
5 0
5 33
5 18
5 1
5 37
5 16
5 47
5 30
5 46
5 2
5 21
5 28
5 39
5 10
5 8
5 32
5 45
17
6 46
6 45
6 2
6 31
6 16
6 8
6 47
6 40
6 9
6 44
6 5
6 23
6 13
6 3
6 37
6 34
6 43
18
7 28
7 45
7 25
7 27
7 26
7 16
7 24
7 19
7 3
7 44
7 32
7 14
7 13
7 30
7 5
7 48
7 41
7 35
16
8 43
8 49
8 1
8 0
8 35
8 22
8 11
8 28
8 19
8 39
8 4
8 30
8 47
8 46
8 27
8 45
17
9 38
9 20
9 41
9 19
9 2
9 4
9 34
9 31
9 5
9 49
9 3
9 46
9 42
9 40
9 43
9 47
9 22
12
10 16
10 25
10 6
10 33
10 37
10 9
10 20
10 22
10 11
10 2
10 7
10 41
23
11 4
11 24
11 18
11 34
11 6
11 20
11 26
11 35
11 42
11 2
11 3
11 44
11 5
11 25
11 30
11 38
11 17
11 1
11 9
11 46
11 13
11 14
11 36
23
12 8
12 10
12 4
12 22
12 49
12 17
12 5
12 7
12 32
12 14
12 6
12 31
12 9
12 48
12 13
12 27
12 44
12 29
12 3
12 41
12 21
12 34
12 30
15
13 32
13 4
13 5
13 35
13 31
13 10
13 18
13 30
13 25
13 48
13 38
13 49
13 26
13 46
13 21
16
14 23
14 22
14 19
14 29
14 5
14 28
14 49
14 38
14 13
14 37
14 39
14 9
14 36
14 10
14 21
14 24
23
15 41
15 38
15 8
15 34
15 4
15 27
15 25
15 14
15 7
15 10
15 2
15 24
15 20
15 5
15 12
15 40
15 26
15 23
15 48
15 28
15 6
15 16
15 17
17
16 37
16 32
16 0
16 47
16 24
16 27
16 8
16 13
16 40
16 4
16 33
16 26
16 14
16 31
16 36
16 45
16 30
23
17 20
17 10
17 35
17 16
17 27
17 26
17 30
17 39
17 48
17 49
17 47
17 24
17 8
17 3
17 43
17 42
17 31
17 18
17 13
17 38
17 23
17 2
17 14
22
18 49
18 10
18 37
18 31
18 4
18 15
18 27
18 36
18 24
18 14
18 7
18 20
18 34
18 2
18 21
18 35
18 38
18 26
18 22
18 6
18 12
18 25
23
19 13
19 5
19 37
19 16
19 20
19 32
19 43
19 0
19 15
19 49
19 11
19 40
19 38
19 42
19 23
19 12
19 48
19 41
19 1
19 6
19 24
19 44
19 18
17
20 27
20 3
20 8
20 21
20 32
20 16
20 41
20 49
20 25
20 29
20 6
20 12
20 5
20 42
20 39
20 31
20 14
23
21 49
21 27
21 17
21 38
21 48
21 9
21 33
21 19
21 35
21 39
21 3
21 4
21 37
21 25
21 46
21 26
21 42
21 15
21 8
21 6
21 40
21 31
21 0
21
22 7
22 43
22 31
22 40
22 23
22 34
22 5
22 15
22 17
22 38
22 19
22 24
22 30
22 20
22 3
22 16
22 4
22 13
22 47
22 6
22 45
17
23 32
23 8
23 5
23 40
23 20
23 4
23 13
23 21
23 16
23 47
23 12
23 11
23 43
23 35
23 25
23 28
23 36
23
24 35
24 29
24 23
24 26
24 41
24 6
24 46
24 3
24 49
24 0
24 21
24 30
24 8
24 13
24 20
24 36
24 12
24 10
24 44
24 32
24 33
24 1
24 31
16
25 19
25 8
25 22
25 27
25 34
25 46
25 43
25 44
25 35
25 9
25 32
25 24
25 16
25 40
25 30
25 4
24
26 5
26 35
26 41
26 22
26 20
26 43
26 10
26 29
26 42
26 47
26 28
26 44
26 34
26 36
26 9
26 23
26 25
26 49
26 32
26 14
26 1
26 33
26 45
26 31
20
27 33
27 30
27 43
27 35
27 13
27 36
27 46
27 32
27 40
27 6
27 22
27 47
27 42
27 2
27 38
27 11
27 44
27 10
27 23
27 5
20
28 19
28 31
28 37
28 25
28 2
28 29
28 11
28 12
28 10
28 22
28 24
28 48
28 13
28 18
28 45
28 16
28 42
28 43
28 17
28 20
23
29 46
29 18
29 15
29 30
29 38
29 31
29 47
29 6
29 36
29 48
29 49
29 2
29 45
29 13
29 19
29 23
29 39
29 21
29 27
29 7
29 17
29 8
29 16
16
30 4
30 20
30 28
30 18
30 39
30 41
30 37
30 10
30 9
30 3
30 6
30 0
30 43
30 32
30 21
30 15
19
31 25
31 10
31 41
31 5
31 34
31 30
31 42
31 39
31 44
31 27
31 14
31 32
31 35
31 8
31 49
31 47
31 11
31 48
31 23
16
32 8
32 14
32 42
32 2
32 9
32 47
32 44
32 28
32 18
32 21
32 40
32 49
32 1
32 36
32 17
32 22
20
33 13
33 17
33 23
33 35
33 29
33 20
33 43
33 47
33 15
33 0
33 7
33 38
33 34
33 14
33 11
33 1
33 8
33 31
33 18
33 28
21
34 8
34 16
34 14
34 38
34 7
34 46
34 23
34 10
34 21
34 39
34 43
34 13
34 3
34 29
34 47
34 42
34 20
34 41
34 40
34 19
34 2
16
35 14
35 6
35 10
35 5
35 15
35 45
35 3
35 32
35 2
35 38
35 16
35 28
35 47
35 36
35 22
35 9
22
36 47
36 38
36 17
36 33
36 19
36 7
36 28
36 25
36 10
36 8
36 1
36 37
36 39
36 12
36 3
36 48
36 9
36 49
36 6
36 31
36 5
36 30
26
37 42
37 34
37 1
37 11
37 32
37 22
37 8
37 13
37 44
37 47
37 25
37 23
37 17
37 40
37 43
37 31
37 3
37 49
37 7
37 0
37 41
37 48
37 29
37 20
37 35
37 27
16
38 37
38 5
38 25
38 30
38 41
38 26
38 39
38 44
38 12
38 8
38 23
38 32
38 31
38 49
38 28
38 0
20
39 22
39 33
39 1
39 16
39 32
39 45
39 24
39 41
39 19
39 27
39 44
39 11
39 28
39 43
39 9
39 25
39 23
39 0
39 37
39 13
20
40 36
40 7
40 2
40 18
40 12
40 4
40 11
40 26
40 30
40 10
40 8
40 5
40 48
40 13
40 0
40 31
40 24
40 14
40 3
40 20
19
41 22
41 33
41 43
41 36
41 21
41 25
41 6
41 2
41 3
41 35
41 17
41 46
41 16
41 5
41 23
41 8
41 14
41 27
41 13
17
42 22
42 41
42 40
42 3
42 10
42 18
42 23
42 4
42 39
42 29
42 15
42 14
42 16
42 46
42 8
42 24
42 33
21
43 10
43 2
43 12
43 24
43 7
43 44
43 11
43 49
43 21
43 46
43 32
43 5
43 36
43 13
43 42
43 45
43 14
43 20
43 16
43 31
43 29
20
44 4
44 20
44 14
44 47
44 5
44 28
44 21
44 23
44 22
44 40
44 36
44 48
44 8
44 16
44 30
44 29
44 33
44 10
44 18
44 1
20
45 17
45 34
45 1
45 31
45 48
45 37
45 24
45 10
45 32
45 44
45 14
45 33
45 38
45 9
45 30
45 40
45 15
45 19
45 36
45 13
23
46 23
46 49
46 38
46 36
46 33
46 45
46 22
46 47
46 0
46 2
46 3
46 18
46 4
46 15
46 20
46 48
46 12
46 14
46 44
46 31
46 26
46 37
46 19
18
47 1
47 19
47 41
47 12
47 7
47 0
47 24
47 15
47 13
47 18
47 40
47 4
47 14
47 42
47 25
47 45
47 10
47 28
24
48 38
48 23
48 35
48 25
48 43
48 49
48 33
48 34
48 26
48 42
48 41
48 11
48 47
48 18
48 22
48 2
48 8
48 0
48 10
48 39
48 14
48 32
48 30
48 24
16
49 35
49 45
49 25
49 11
49 47
49 28
49 34
49 5
49 2
49 16
49 7
49 15
49 30
49 41
49 27
49 22
