50
0 "A4"
1 "A27"
2 "A15"
3 "A39"
4 "A32"
5 "A6"
6 "A38"
7 "A20"
8 "A0"
9 "A12"
10 "A40"
11 "A18"
12 "A22"
13 "A36"
14 "A28"
15 "A47"
16 "A13"
17 "A14"
18 "A21"
19 "A24"
20 "A31"
21 "A41"
22 "A48"
23 "A9"
24 "A19"
25 "A11"
26 "A30"
27 "A10"
28 "A8"
29 "A45"
30 "A26"
31 "A7"
32 "A46"
33 "A3"
34 "A25"
35 "A2"
36 "A29"
37 "A42"
38 "A43"
39 "A37"
40 "A17"
41 "A1"
42 "A16"
43 "A5"
44 "A35"
45 "A49"
46 "A34"
47 "A23"
48 "A44"
49 "A33"
19
0 6
0 3
0 46
0 19
0 37
0 48
0 43
0 25
0 47
0 8
0 23
0 2
0 16
0 10
0 15
0 1
0 34
0 38
0 42
21
1 14
1 3
1 12
1 48
1 31
1 27
1 23
1 25
1 45
1 36
1 16
1 20
1 44
1 19
1 22
1 10
1 2
1 39
1 33
1 42
1 15
19
2 24
2 46
2 12
2 32
2 29
2 34
2 11
2 35
2 44
2 33
2 26
2 25
2 43
2 27
2 7
2 5
2 41
2 49
2 48
18
3 38
3 45
3 27
3 15
3 5
3 2
3 23
3 32
3 22
3 49
3 35
3 7
3 46
3 4
3 41
3 36
3 40
3 12
24
4 6
4 1
4 23
4 26
4 46
4 31
4 30
4 24
4 44
4 41
4 2
4 42
4 36
4 35
4 19
4 17
4 39
4 10
4 5
4 0
4 28
4 33
4 8
4 14
16
5 48
5 41
5 19
5 37
5 1
5 21
5 10
5 8
5 46
5 27
5 28
5 25
5 17
5 36
5 23
5 26
22
6 31
6 43
6 5
6 9
6 11
6 49
6 21
6 40
6 25
6 32
6 30
6 37
6 20
6 44
6 22
6 2
6 3
6 10
6 8
6 36
6 35
6 13
18
7 17
7 13
7 48
7 11
7 49
7 46
7 27
7 43
7 26
7 4
7 16
7 12
7 19
7 41
7 33
7 9
7 5
7 30
19
8 33
8 25
8 21
8 32
8 23
8 30
8 37
8 26
8 11
8 3
8 41
8 2
8 7
8 24
8 43
8 12
8 31
8 13
8 39
26
9 30
9 11
9 25
9 46
9 22
9 3
9 40
9 0
9 1
9 41
9 34
9 13
9 15
9 39
9 45
9 49
9 8
9 2
9 29
9 24
9 48
9 43
9 36
9 28
9 38
9 5
20
10 44
10 29
10 46
10 17
10 39
10 34
10 43
10 48
10 42
10 3
10 12
10 28
10 16
10 47
10 7
10 24
10 2
10 14
10 49
10 13
14
11 10
11 39
11 5
11 3
11 24
11 34
11 17
11 32
11 21
11 20
11 33
11 28
11 30
11 1
23
12 19
12 11
12 9
12 23
12 41
12 45
12 49
12 38
12 47
12 20
12 36
12 43
12 21
12 30
12 5
12 33
12 40
12 6
12 35
12 31
12 4
12 14
12 18
25
13 36
13 28
13 49
13 1
13 5
13 29
13 31
13 11
13 25
13 18
13 21
13 2
13 35
13 42
13 47
13 4
13 46
13 45
13 26
13 17
13 32
13 33
13 0
13 48
13 23
20
14 23
14 0
14 30
14 44
14 11
14 26
14 22
14 8
14 39
14 7
14 24
14 17
14 29
14 43
14 3
14 34
14 32
14 38
14 40
14 16
19
15 36
15 7
15 6
15 48
15 47
15 17
15 11
15 22
15 29
15 27
15 49
15 33
15 19
15 35
15 40
15 26
15 21
15 14
15 44
25
16 12
16 34
16 26
16 47
16 44
16 15
16 13
16 38
16 2
16 24
16 6
16 17
16 39
16 25
16 11
16 40
16 49
16 5
16 8
16 23
16 45
16 42
16 29
16 28
16 35
20
17 6
17 30
17 38
17 9
17 49
17 44
17 8
17 25
17 31
17 1
17 18
17 29
17 46
17 3
17 45
17 40
17 12
17 27
17 2
17 48
19
18 8
18 1
18 20
18 16
18 23
18 7
18 31
18 22
18 3
18 27
18 9
18 14
18 4
18 11
18 33
18 26
18 0
18 19
18 40
14
19 3
19 32
19 40
19 27
19 42
19 48
19 38
19 2
19 49
19 11
19 14
19 41
19 22
19 44
20
20 2
20 15
20 47
20 13
20 9
20 32
20 16
20 10
20 40
20 0
20 17
20 21
20 7
20 24
20 3
20 45
20 34
20 31
20 23
20 14
23
21 47
21 22
21 45
21 35
21 25
21 19
21 34
21 4
21 18
21 14
21 29
21 7
21 32
21 10
21 1
21 46
21 2
21 17
21 9
21 3
21 16
21 39
21 37
14
22 28
22 25
22 5
22 47
22 16
22 36
22 43
22 20
22 11
22 2
22 44
22 17
22 4
22 0
20
23 32
23 40
23 26
23 37
23 44
23 15
23 47
23 9
23 2
23 25
23 27
23 19
23 11
23 22
23 24
23 38
23 49
23 10
23 43
23 17
20
24 19
24 26
24 21
24 40
24 6
24 3
24 39
24 28
24 29
24 7
24 46
24 25
24 34
24 13
24 43
24 30
24 36
24 18
24 44
24 5
18
25 47
25 4
25 12
25 29
25 20
25 10
25 34
25 11
25 15
25 48
25 26
25 18
25 37
25 49
25 33
25 35
25 28
25 43
20
26 27
26 41
26 22
26 40
26 11
26 17
26 46
26 48
26 10
26 30
26 38
26 32
26 0
26 43
26 3
26 39
26 29
26 21
26 19
26 12
20
27 37
27 14
27 16
27 0
27 35
27 34
27 8
27 43
27 24
27 12
27 4
27 30
27 29
27 9
27 22
27 11
27 25
27 20
27 46
27 45
19
28 26
28 29
28 14
28 12
28 17
28 27
28 42
28 0
28 1
28 34
28 49
28 20
28 19
28 23
28 8
28 33
28 15
28 39
28 2
21
29 41
29 20
29 35
29 11
29 5
29 8
29 39
29 0
29 6
29 34
29 43
29 22
29 33
29 49
29 44
29 23
29 7
29 48
29 4
29 40
29 45
18
30 0
30 47
30 46
30 10
30 5
30 45
30 25
30 32
30 20
30 41
30 21
30 48
30 19
30 29
30 1
30 43
30 3
30 23
17
31 38
31 5
31 10
31 48
31 40
31 41
31 28
31 25
31 15
31 9
31 22
31 14
31 19
31 7
31 27
31 2
31 30
21
32 0
32 1
32 9
32 39
32 31
32 24
32 40
32 46
32 25
32 37
32 18
32 15
32 35
32 28
32 22
32 45
32 10
32 17
32 44
32 29
32 4
19
33 42
33 45
33 16
33 26
33 31
33 10
33 9
33 0
33 37
33 30
33 14
33 6
33 27
33 22
33 5
33 44
33 17
33 24
33 36
18
34 19
34 44
34 13
34 15
34 23
34 26
34 5
34 12
34 22
34 43
34 3
34 31
34 41
34 45
34 1
34 37
34 49
34 17
19
35 19
35 24
35 1
35 41
35 30
35 22
35 49
35 20
35 14
35 8
35 11
35 9
35 36
35 43
35 17
35 28
35 31
35 47
35 34
16
36 34
36 44
36 26
36 20
36 11
36 0
36 10
36 29
36 7
36 28
36 45
36 38
36 30
36 18
36 21
36 32
26
37 36
37 41
37 19
37 4
37 13
37 31
37 38
37 29
37 35
37 46
37 7
37 14
37 18
37 48
37 20
37 3
37 2
37 43
37 1
37 26
37 17
37 16
37 12
37 9
37 45
37 39
20
38 32
38 1
38 28
38 40
38 6
38 39
38 10
38 22
38 20
38 7
38 42
38 27
38 2
38 34
38 21
38 4
38 11
38 25
38 8
38 33
20
39 27
39 46
39 13
39 18
39 22
39 17
39 12
39 0
39 33
39 43
39 34
39 3
39 31
39 49
39 19
39 6
39 42
39 5
39 36
39 35
16
40 35
40 7
40 22
40 25
40 0
40 2
40 30
40 8
40 5
40 21
40 11
40 27
40 42
40 28
40 44
40 34
19
41 11
41 14
41 40
41 32
41 20
41 25
41 15
41 17
41 27
41 6
41 24
41 23
41 22
41 43
41 1
41 33
41 48
41 21
41 46
24
42 9
42 37
42 46
42 30
42 36
42 32
42 6
42 20
42 11
42 48
42 21
42 17
42 41
42 22
42 25
42 18
42 24
42 44
42 29
42 12
42 7
42 34
42 8
42 23
11
43 45
43 4
43 31
43 18
43 33
43 36
43 11
43 38
43 40
43 3
43 19
16
44 11
44 18
44 25
44 26
44 28
44 9
44 41
44 3
44 31
44 38
44 0
44 7
44 12
44 30
44 20
44 5
17
45 42
45 4
45 15
45 41
45 11
45 31
45 19
45 14
45 8
45 35
45 26
45 28
45 6
45 40
45 0
45 49
45 46
17
46 12
46 16
46 1
46 19
46 44
46 40
46 6
46 29
46 36
46 38
46 23
46 49
46 14
46 35
46 8
46 20
46 34
27
47 1
47 18
47 26
47 34
47 6
47 9
47 8
47 33
47 3
47 2
47 38
47 42
47 32
47 41
47 29
47 4
47 27
47 11
47 39
47 14
47 40
47 5
47 45
47 43
47 36
47 44
47 37
23
48 12
48 45
48 24
48 35
48 47
48 40
48 23
48 27
48 38
48 21
48 22
48 16
48 39
48 8
48 43
48 36
48 32
48 28
48 3
48 20
48 44
48 4
48 11
20
49 4
49 5
49 0
49 48
49 20
49 27
49 43
49 40
49 26
49 44
49 24
49 8
49 37
49 14
49 30
49 33
49 32
49 47
49 21
49 18
