50
0 "A6"
1 "A35"
2 "A30"
3 "A25"
4 "A47"
5 "A22"
6 "A23"
7 "A24"
8 "A8"
9 "A1"
10 "A4"
11 "A17"
12 "A37"
13 "A5"
14 "A41"
15 "A14"
16 "A12"
17 "A11"
18 "A13"
19 "A16"
20 "A0"
21 "A3"
22 "A9"
23 "A29"
24 "A36"
25 "A48"
26 "A18"
27 "A32"
28 "A42"
29 "A31"
30 "A2"
31 "A27"
32 "A34"
33 "A7"
34 "A40"
35 "A10"
36 "A19"
37 "A45"
38 "A20"
39 "A38"
40 "A21"
41 "A44"
42 "A43"
43 "A39"
44 "A49"
45 "A26"
46 "A28"
47 "A46"
48 "A33"
49 "A15"
17
0 38
0 3
0 28
0 34
0 23
0 16
0 4
0 22
0 48
0 20
0 6
0 27
0 9
0 19
0 2
0 45
0 26
14
1 20
1 42
1 16
1 45
1 17
1 36
1 24
1 29
1 13
1 9
1 27
1 10
1 22
1 40
23
2 9
2 40
2 33
2 47
2 48
2 30
2 10
2 1
2 8
2 29
2 21
2 17
2 46
2 7
2 20
2 4
2 34
2 3
2 44
2 49
2 24
2 42
2 13
17
3 41
3 23
3 15
3 48
3 12
3 10
3 42
3 37
3 22
3 31
3 1
3 32
3 16
3 8
3 25
3 47
3 24
22
4 48
4 26
4 17
4 22
4 35
4 47
4 39
4 6
4 31
4 20
4 45
4 3
4 46
4 21
4 1
4 44
4 11
4 27
4 34
4 10
4 19
4 5
22
5 1
5 40
5 12
5 11
5 38
5 8
5 7
5 46
5 42
5 0
5 29
5 13
5 22
5 23
5 39
5 28
5 47
5 21
5 37
5 2
5 3
5 14
19
6 37
6 21
6 45
6 27
6 16
6 46
6 25
6 9
6 3
6 12
6 5
6 34
6 29
6 36
6 22
6 23
6 13
6 14
6 33
21
7 17
7 48
7 26
7 49
7 45
7 14
7 43
7 34
7 19
7 23
7 29
7 8
7 9
7 42
7 46
7 0
7 13
7 28
7 3
7 21
7 47
21
8 16
8 35
8 4
8 39
8 36
8 30
8 25
8 1
8 33
8 11
8 42
8 46
8 28
8 34
8 44
8 38
8 14
8 10
8 32
8 27
8 40
20
9 18
9 37
9 36
9 5
9 28
9 46
9 19
9 16
9 49
9 25
9 12
9 34
9 22
9 32
9 14
9 24
9 47
9 15
9 8
9 13
18
10 24
10 38
10 49
10 32
10 45
10 46
10 34
10 5
10 23
10 17
10 16
10 13
10 6
10 47
10 0
10 33
10 43
10 11
17
11 41
11 49
11 48
11 26
11 17
11 9
11 38
11 2
11 39
11 24
11 19
11 23
11 1
11 27
11 40
11 43
11 14
18
12 36
12 40
12 45
12 2
12 47
12 1
12 11
12 13
12 7
12 18
12 31
12 44
12 43
12 26
12 24
12 10
12 29
12 49
18
13 27
13 21
13 42
13 45
13 18
13 17
13 14
13 38
13 23
13 26
13 22
13 3
13 0
13 32
13 46
13 8
13 37
13 24
21
14 23
14 30
14 21
14 3
14 4
14 27
14 28
14 0
14 44
14 20
14 37
14 42
14 12
14 2
14 15
14 18
14 22
14 17
14 29
14 35
14 47
26
15 27
15 47
15 38
15 36
15 0
15 18
15 46
15 1
15 5
15 21
15 42
15 23
15 35
15 32
15 45
15 24
15 6
15 41
15 13
15 8
15 4
15 7
15 11
15 22
15 43
15 44
22
16 43
16 20
16 15
16 24
16 11
16 36
16 21
16 32
16 38
16 25
16 28
16 41
16 40
16 17
16 12
16 4
16 42
16 2
16 19
16 7
16 46
16 14
18
17 43
17 9
17 40
17 27
17 45
17 42
17 20
17 8
17 15
17 46
17 44
17 19
17 0
17 26
17 24
17 49
17 12
17 34
22
18 2
18 40
18 16
18 48
18 21
18 33
18 19
18 20
18 4
18 36
18 47
18 49
18 6
18 44
18 31
18 3
18 17
18 10
18 23
18 29
18 7
18 24
16
19 6
19 46
19 5
19 13
19 24
19 31
19 12
19 33
19 23
19 49
19 10
19 39
19 41
19 8
19 32
19 45
21
20 49
20 9
20 8
20 7
20 45
20 38
20 25
20 40
20 13
20 6
20 11
20 34
20 43
20 36
20 5
20 33
20 12
20 30
20 19
20 39
20 32
18
21 23
21 29
21 26
21 1
21 11
21 0
21 45
21 34
21 28
21 24
21 31
21 20
21 37
21 19
21 48
21 39
21 35
21 8
15
22 8
22 47
22 7
22 12
22 39
22 17
22 10
22 2
22 20
22 32
22 36
22 48
22 18
22 41
22 42
20
23 46
23 41
23 9
23 32
23 48
23 49
23 4
23 26
23 17
23 39
23 45
23 31
23 33
23 12
23 22
23 16
23 36
23 8
23 37
23 25
22
24 34
24 46
24 5
24 20
24 31
24 25
24 22
24 37
24 41
24 29
24 7
24 33
24 35
24 23
24 8
24 42
24 36
24 26
24 14
24 43
24 6
24 45
21
25 1
25 33
25 36
25 21
25 4
25 14
25 37
25 15
25 13
25 27
25 35
25 18
25 26
25 46
25 40
25 10
25 2
25 22
25 30
25 12
25 11
18
26 28
26 22
26 27
26 10
26 20
26 8
26 18
26 9
26 16
26 44
26 33
26 38
26 36
26 34
26 2
26 15
26 14
26 45
14
27 3
27 24
27 2
27 9
27 7
27 22
27 18
27 37
27 46
27 23
27 34
27 5
27 48
27 10
26
28 10
28 13
28 37
28 33
28 2
28 44
28 25
28 47
28 19
28 29
28 45
28 24
28 1
28 36
28 38
28 30
28 6
28 12
28 11
28 40
28 4
28 15
28 48
28 17
28 23
28 43
19
29 49
29 39
29 17
29 9
29 8
29 16
29 47
29 26
29 33
29 3
29 0
29 42
29 4
29 25
29 10
29 43
29 35
29 36
29 15
27
30 36
30 22
30 17
30 16
30 24
30 31
30 4
30 9
30 32
30 10
30 13
30 48
30 43
30 37
30 27
30 42
30 19
30 12
30 29
30 5
30 7
30 35
30 26
30 18
30 21
30 6
30 3
21
31 14
31 28
31 48
31 15
31 10
31 27
31 34
31 26
31 16
31 25
31 35
31 22
31 32
31 49
31 11
31 39
31 29
31 5
31 9
31 1
31 7
21
32 18
32 39
32 21
32 48
32 43
32 4
32 40
32 29
32 17
32 28
32 45
32 5
32 7
32 42
32 41
32 14
32 1
32 26
32 46
32 34
32 24
19
33 42
33 14
33 34
33 11
33 48
33 16
33 41
33 46
33 47
33 17
33 35
33 3
33 43
33 4
33 5
33 13
33 44
33 40
33 27
11
34 29
34 45
34 16
34 11
34 30
34 14
34 15
34 25
34 43
34 35
34 18
25
35 13
35 10
35 41
35 1
35 22
35 6
35 43
35 47
35 44
35 26
35 3
35 5
35 0
35 16
35 19
35 20
35 9
35 38
35 7
35 37
35 28
35 12
35 45
35 46
35 17
19
36 48
36 34
36 38
36 13
36 21
36 0
36 27
36 33
36 19
36 32
36 7
36 31
36 11
36 40
36 41
36 2
36 17
36 3
36 43
19
37 4
37 0
37 10
37 20
37 47
37 36
37 2
37 26
37 32
37 48
37 1
37 33
37 17
37 31
37 19
37 7
37 22
37 8
37 41
17
38 39
38 4
38 23
38 6
38 30
38 32
38 17
38 31
38 22
38 3
38 37
38 25
38 33
38 29
38 43
38 27
38 14
24
39 27
39 41
39 24
39 36
39 14
39 16
39 7
39 13
39 25
39 3
39 1
39 33
39 48
39 18
39 10
39 6
39 47
39 28
39 37
39 9
39 15
39 26
39 49
39 0
21
40 38
40 30
40 31
40 7
40 9
40 48
40 14
40 15
40 44
40 35
40 43
40 27
40 4
40 0
40 34
40 13
40 42
40 29
40 6
40 19
40 10
20
41 8
41 18
41 10
41 47
41 17
41 40
41 26
41 5
41 7
41 34
41 28
41 13
41 1
41 0
41 30
41 9
41 14
41 2
41 38
41 27
23
42 39
42 18
42 26
42 23
42 27
42 44
42 25
42 38
42 43
42 31
42 34
42 6
42 10
42 0
42 37
42 20
42 4
42 48
42 45
42 35
42 28
42 12
42 21
20
43 14
43 47
43 27
43 41
43 44
43 21
43 3
43 8
43 26
43 5
43 25
43 23
43 39
43 0
43 31
43 18
43 37
43 49
43 19
43 4
20
44 9
44 49
44 31
44 27
44 1
44 24
44 38
44 20
44 16
44 5
44 21
44 10
44 19
44 7
44 29
44 11
44 46
44 37
44 23
44 30
13
45 5
45 31
45 39
45 3
45 18
45 8
45 36
45 25
45 14
45 38
45 22
45 29
45 37
14
46 22
46 36
46 39
46 14
46 45
46 18
46 30
46 48
46 3
46 28
46 37
46 0
46 42
46 34
19
47 42
47 40
47 36
47 31
47 25
47 21
47 20
47 1
47 24
47 49
47 11
47 19
47 44
47 32
47 23
47 17
47 27
47 46
47 13
20
48 8
48 9
48 19
48 24
48 41
48 25
48 17
48 6
48 35
48 47
48 26
48 34
48 44
48 1
48 10
48 13
48 43
48 38
48 5
48 29
21
49 22
49 35
49 42
49 1
49 36
49 4
49 32
49 38
49 40
49 27
49 24
49 45
49 28
49 25
49 30
49 41
49 14
49 3
49 34
49 13
49 37
