50
0 "A1"
1 "A13"
2 "A24"
3 "A38"
4 "A22"
5 "A15"
6 "A18"
7 "A5"
8 "A7"
9 "A11"
10 "A34"
11 "A35"
12 "A14"
13 "A8"
14 "A16"
15 "A33"
16 "A45"
17 "A0"
18 "A28"
19 "A41"
20 "A46"
21 "A4"
22 "A27"
23 "A47"
24 "A40"
25 "A26"
26 "A48"
27 "A37"
28 "A43"
29 "A17"
30 "A20"
31 "A23"
32 "A39"
33 "A9"
34 "A10"
35 "A31"
36 "A44"
37 "A29"
38 "A21"
39 "A12"
40 "A2"
41 "A32"
42 "A6"
43 "A25"
44 "A30"
45 "A42"
46 "A36"
47 "A19"
48 "A49"
49 "A3"
17
0 38
0 5
0 33
0 34
0 27
0 17
0 43
0 1
0 48
0 20
0 39
0 44
0 45
0 19
0 13
0 3
0 46
24
1 21
1 28
1 42
1 5
1 33
1 9
1 12
1 48
1 40
1 22
1 27
1 13
1 23
1 4
1 47
1 34
1 24
1 10
1 35
1 36
1 7
1 25
1 3
1 39
19
2 10
2 36
2 7
2 18
2 43
2 39
2 11
2 30
2 0
2 4
2 49
2 15
2 27
2 13
2 41
2 33
2 5
2 1
2 23
20
3 31
3 20
3 24
3 16
3 30
3 19
3 18
3 14
3 21
3 48
3 35
3 36
3 25
3 29
3 28
3 11
3 22
3 34
3 17
3 6
14
4 11
4 16
4 43
4 17
4 9
4 30
4 47
4 18
4 7
4 45
4 39
4 48
4 36
4 33
14
5 30
5 27
5 11
5 17
5 39
5 16
5 37
5 18
5 21
5 48
5 45
5 42
5 35
5 36
16
6 24
6 47
6 1
6 35
6 5
6 25
6 19
6 27
6 49
6 40
6 14
6 37
6 16
6 22
6 11
6 2
14
7 26
7 35
7 31
7 14
7 9
7 20
7 3
7 5
7 30
7 6
7 28
7 49
7 39
7 34
21
8 7
8 35
8 48
8 14
8 21
8 31
8 49
8 38
8 15
8 34
8 36
8 29
8 6
8 19
8 9
8 3
8 24
8 1
8 4
8 44
8 11
11
9 12
9 42
9 47
9 14
9 17
9 32
9 11
9 48
9 43
9 5
9 3
20
10 32
10 11
10 19
10 49
10 12
10 46
10 43
10 0
10 44
10 5
10 45
10 13
10 28
10 25
10 26
10 23
10 9
10 16
10 3
10 33
20
11 15
11 37
11 38
11 29
11 13
11 25
11 19
11 40
11 33
11 42
11 44
11 17
11 35
11 36
11 26
11 1
11 7
11 24
11 46
11 16
20
12 16
12 11
12 4
12 24
12 34
12 23
12 25
12 39
12 5
12 18
12 30
12 47
12 49
12 3
12 44
12 28
12 38
12 2
12 33
12 40
22
13 34
13 39
13 9
13 27
13 20
13 7
13 16
13 17
13 3
13 35
13 6
13 22
13 21
13 33
13 49
13 12
13 31
13 14
13 19
13 8
13 41
13 47
25
14 44
14 25
14 2
14 19
14 24
14 18
14 1
14 45
14 15
14 42
14 43
14 29
14 32
14 22
14 34
14 21
14 10
14 46
14 39
14 5
14 11
14 12
14 38
14 0
14 36
17
15 42
15 38
15 4
15 44
15 21
15 48
15 41
15 9
15 30
15 31
15 13
15 19
15 12
15 6
15 3
15 20
15 23
18
16 33
16 24
16 14
16 7
16 39
16 41
16 49
16 9
16 8
16 2
16 18
16 30
16 23
16 44
16 17
16 15
16 45
16 38
16
17 15
17 38
17 36
17 18
17 8
17 6
17 1
17 35
17 10
17 39
17 7
17 14
17 12
17 23
17 22
17 25
24
18 23
18 31
18 34
18 1
18 0
18 28
18 19
18 46
18 49
18 44
18 25
18 29
18 11
18 6
18 7
18 8
18 43
18 40
18 15
18 47
18 9
18 24
18 26
18 22
17
19 31
19 39
19 5
19 12
19 27
19 29
19 45
19 46
19 48
19 34
19 4
19 32
19 49
19 33
19 7
19 1
19 17
23
20 25
20 2
20 12
20 41
20 9
20 27
20 17
20 10
20 22
20 1
20 38
20 8
20 28
20 6
20 48
20 14
20 40
20 31
20 24
20 18
20 19
20 5
20 29
15
21 4
21 19
21 9
21 17
21 7
21 0
21 38
21 44
21 11
21 28
21 43
21 16
21 18
21 12
21 20
19
22 40
22 2
22 43
22 9
22 4
22 46
22 28
22 23
22 24
22 7
22 0
22 26
22 34
22 32
22 33
22 15
22 41
22 10
22 12
14
23 43
23 8
23 6
23 41
23 44
23 11
23 14
23 5
23 46
23 3
23 27
23 7
23 21
23 0
22
24 46
24 32
24 2
24 21
24 17
24 13
24 47
24 28
24 41
24 45
24 0
24 4
24 15
24 26
24 29
24 44
24 9
24 35
24 48
24 7
24 43
24 19
17
25 19
25 9
25 41
25 13
25 23
25 4
25 26
25 16
25 38
25 29
25 28
25 15
25 34
25 46
25 8
25 0
25 40
27
26 19
26 0
26 23
26 49
26 2
26 20
26 30
26 15
26 9
26 37
26 42
26 45
26 4
26 3
26 5
26 6
26 21
26 31
26 44
26 35
26 14
26 8
26 33
26 34
26 17
26 1
26 12
24
27 47
27 36
27 26
27 21
27 31
27 42
27 7
27 3
27 45
27 15
27 17
27 35
27 49
27 4
27 24
27 29
27 12
27 18
27 44
27 43
27 32
27 8
27 38
27 14
23
28 17
28 34
28 36
28 11
28 2
28 5
28 13
28 6
28 44
28 27
28 19
28 35
28 30
28 26
28 46
28 4
28 39
28 8
28 15
28 33
28 9
28 14
28 0
22
29 4
29 33
29 6
29 23
29 9
29 38
29 30
29 7
29 26
29 45
29 13
29 40
29 37
29 44
29 39
29 17
29 42
29 49
29 10
29 15
29 0
29 31
25
30 43
30 13
30 44
30 9
30 18
30 1
30 8
30 20
30 41
30 22
30 35
30 23
30 33
30 11
30 0
30 39
30 14
30 17
30 27
30 45
30 10
30 19
30 34
30 25
30 24
24
31 44
31 9
31 46
31 43
31 1
31 28
31 11
31 39
31 5
31 42
31 4
31 2
31 14
31 6
31 0
31 34
31 47
31 32
31 17
31 38
31 10
31 36
31 16
31 21
22
32 0
32 18
32 17
32 30
32 1
32 49
32 3
32 7
32 42
32 21
32 12
32 29
32 48
32 16
32 47
32 4
32 23
32 8
32 13
32 15
32 41
32 38
17
33 42
33 9
33 3
33 39
33 35
33 27
33 17
33 34
33 8
33 32
33 43
33 5
33 25
33 15
33 47
33 18
33 21
22
34 16
34 44
34 32
34 2
34 5
34 15
34 38
34 24
34 36
34 39
34 10
34 17
34 42
34 29
34 21
34 11
34 20
34 46
34 47
34 4
34 49
34 43
18
35 31
35 42
35 39
35 9
35 22
35 29
35 19
35 32
35 0
35 37
35 41
35 25
35 14
35 49
35 4
35 38
35 34
35 23
25
36 0
36 9
36 45
36 13
36 6
36 40
36 22
36 24
36 49
36 12
36 23
36 42
36 47
36 30
36 15
36 32
36 46
36 18
36 43
36 29
36 35
36 26
36 48
36 33
36 25
24
37 25
37 48
37 34
37 45
37 17
37 33
37 19
37 40
37 41
37 24
37 22
37 15
37 16
37 4
37 13
37 32
37 27
37 8
37 10
37 14
37 3
37 0
37 38
37 1
17
38 10
38 36
38 39
38 42
38 7
38 4
38 24
38 13
38 47
38 41
38 33
38 30
38 1
38 28
38 3
38 23
38 9
18
39 41
39 9
39 6
39 26
39 32
39 18
39 15
39 36
39 20
39 21
39 25
39 23
39 10
39 37
39 43
39 49
39 47
39 22
22
40 26
40 15
40 23
40 7
40 30
40 43
40 0
40 4
40 14
40 5
40 16
40 8
40 27
40 9
40 17
40 39
40 38
40 31
40 44
40 28
40 3
40 32
20
41 28
41 6
41 29
41 48
41 49
41 31
41 9
41 1
41 26
41 10
41 36
41 21
41 3
41 19
41 33
41 27
41 34
41 18
41 4
41 7
16
42 43
42 37
42 19
42 28
42 41
42 18
42 24
42 46
42 20
42 13
42 30
42 23
42 48
42 25
42 21
42 4
15
43 37
43 16
43 45
43 7
43 3
43 25
43 29
43 26
43 19
43 12
43 41
43 38
43 8
43 1
43 6
16
44 5
44 39
44 47
44 22
44 17
44 41
44 7
44 25
44 19
44 33
44 42
44 9
44 32
44 4
44 37
44 20
29
45 25
45 15
45 44
45 11
45 32
45 28
45 17
45 35
45 40
45 3
45 23
45 1
45 18
45 47
45 34
45 2
45 9
45 6
45 22
45 8
45 33
45 46
45 7
45 20
45 48
45 13
45 49
45 12
45 41
22
46 7
46 6
46 3
46 40
46 12
46 38
46 41
46 21
46 37
46 39
46 32
46 9
46 33
46 2
46 44
46 17
46 4
46 5
46 30
46 8
46 15
46 49
18
47 3
47 14
47 29
47 40
47 15
47 8
47 21
47 28
47 43
47 49
47 2
47 35
47 20
47 25
47 26
47 22
47 17
47 11
20
48 7
48 38
48 29
48 17
48 25
48 13
48 12
48 30
48 16
48 47
48 26
48 43
48 31
48 35
48 28
48 46
48 23
48 11
48 27
48 34
15
49 0
49 4
49 17
49 23
49 31
49 42
49 14
49 24
49 21
49 40
49 28
49 1
49 11
49 43
49 38
