50
0 "A1"
1 "A13"
2 "A24"
3 "A38"
4 "A22"
5 "A15"
6 "A18"
7 "A5"
8 "A7"
9 "A11"
10 "A34"
11 "A35"
12 "A14"
13 "A8"
14 "A16"
15 "A33"
16 "A45"
17 "A0"
18 "A28"
19 "A41"
20 "A46"
21 "A4"
22 "A27"
23 "A47"
24 "A40"
25 "A26"
26 "A48"
27 "A37"
28 "A43"
29 "A17"
30 "A20"
31 "A23"
32 "A39"
33 "A9"
34 "A10"
35 "A31"
36 "A44"
37 "A29"
38 "A21"
39 "A12"
40 "A2"
41 "A32"
42 "A6"
43 "A25"
44 "A30"
45 "A42"
46 "A36"
47 "A19"
48 "A49"
49 "A3"
17
0 1
0 39
0 26
0 4
0 36
0 20
0 38
0 40
0 37
0 30
0 32
0 42
0 13
0 7
0 34
0 46
0 43
23
1 18
1 13
1 2
1 9
1 37
1 47
1 8
1 23
1 33
1 5
1 41
1 45
1 25
1 49
1 30
1 32
1 46
1 20
1 21
1 27
1 36
1 22
1 31
20
2 17
2 23
2 30
2 25
2 44
2 33
2 5
2 7
2 36
2 6
2 19
2 12
2 47
2 45
2 11
2 8
2 27
2 9
2 32
2 14
22
3 45
3 35
3 2
3 36
3 41
3 13
3 11
3 1
3 0
3 6
3 23
3 9
3 43
3 4
3 47
3 25
3 8
3 7
3 26
3 14
3 39
3 33
23
4 2
4 46
4 49
4 48
4 36
4 18
4 5
4 22
4 34
4 24
4 30
4 41
4 39
4 37
4 21
4 45
4 17
4 1
4 8
4 20
4 11
4 25
4 16
21
5 37
5 42
5 45
5 34
5 14
5 46
5 9
5 8
5 41
5 33
5 48
5 43
5 6
5 7
5 19
5 3
5 13
5 18
5 20
5 22
5 0
18
6 21
6 45
6 35
6 1
6 24
6 0
6 46
6 13
6 28
6 23
6 36
6 48
6 11
6 47
6 29
6 10
6 19
6 44
19
7 10
7 40
7 23
7 1
7 9
7 43
7 35
7 4
7 48
7 24
7 31
7 45
7 33
7 27
7 6
7 22
7 32
7 28
7 14
20
8 25
8 35
8 17
8 27
8 34
8 13
8 7
8 6
8 30
8 11
8 26
8 32
8 36
8 20
8 39
8 49
8 43
8 38
8 45
8 40
18
9 39
9 25
9 49
9 36
9 16
9 4
9 21
9 10
9 40
9 38
9 0
9 37
9 44
9 32
9 46
9 19
9 45
9 47
15
10 5
10 22
10 43
10 1
10 26
10 25
10 18
10 24
10 17
10 21
10 8
10 16
10 39
10 42
10 45
21
11 13
11 12
11 10
11 43
11 32
11 47
11 31
11 35
11 0
11 45
11 37
11 21
11 26
11 27
11 40
11 33
11 14
11 46
11 1
11 5
11 30
27
12 33
12 31
12 3
12 13
12 15
12 4
12 47
12 35
12 5
12 24
12 7
12 32
12 19
12 37
12 6
12 8
12 18
12 28
12 22
12 38
12 43
12 34
12 17
12 14
12 29
12 30
12 49
14
13 49
13 15
13 27
13 21
13 18
13 37
13 19
13 42
13 7
13 33
13 44
13 9
13 4
13 39
22
14 0
14 46
14 47
14 15
14 37
14 25
14 33
14 31
14 41
14 13
14 24
14 38
14 6
14 32
14 4
14 29
14 20
14 28
14 16
14 49
14 17
14 1
25
15 25
15 3
15 8
15 36
15 34
15 21
15 19
15 27
15 4
15 23
15 49
15 2
15 6
15 5
15 32
15 30
15 45
15 0
15 10
15 28
15 24
15 11
15 29
15 43
15 17
20
16 13
16 3
16 27
16 6
16 5
16 18
16 11
16 36
16 45
16 32
16 19
16 8
16 1
16 12
16 39
16 0
16 31
16 41
16 35
16 40
14
17 7
17 23
17 39
17 43
17 0
17 3
17 13
17 11
17 28
17 19
17 25
17 6
17 40
17 21
19
18 8
18 20
18 7
18 21
18 17
18 0
18 11
18 37
18 32
18 30
18 14
18 9
18 46
18 2
18 38
18 31
18 45
18 33
18 29
19
19 28
19 10
19 18
19 37
19 0
19 49
19 11
19 7
19 4
19 22
19 32
19 38
19 39
19 3
19 47
19 25
19 31
19 26
19 35
18
20 12
20 17
20 9
20 13
20 7
20 24
20 19
20 40
20 16
20 39
20 42
20 23
20 27
20 38
20 6
20 10
20 46
20 2
21
21 37
21 48
21 5
21 40
21 44
21 7
21 41
21 3
21 22
21 2
21 0
21 29
21 16
21 12
21 26
21 34
21 25
21 20
21 35
21 49
21 14
20
22 6
22 13
22 37
22 39
22 25
22 2
22 24
22 32
22 47
22 18
22 9
22 40
22 48
22 17
22 0
22 23
22 31
22 11
22 15
22 20
26
23 31
23 9
23 33
23 46
23 16
23 13
23 8
23 0
23 10
23 41
23 37
23 40
23 11
23 21
23 5
23 49
23 36
23 43
23 42
23 19
23 14
23 27
23 29
23 28
23 18
23 12
25
24 5
24 32
24 41
24 43
24 38
24 49
24 36
24 23
24 25
24 17
24 19
24 3
24 0
24 45
24 34
24 27
24 13
24 26
24 2
24 39
24 35
24 31
24 16
24 1
24 8
20
25 0
25 37
25 33
25 7
25 31
25 18
25 16
25 43
25 30
25 5
25 20
25 45
25 40
25 32
25 11
25 46
25 38
25 6
25 29
25 28
27
26 45
26 43
26 16
26 14
26 38
26 5
26 22
26 12
26 27
26 40
26 47
26 9
26 23
26 2
26 1
26 39
26 28
26 4
26 6
26 48
26 13
26 29
26 25
26 46
26 44
26 35
26 15
15
27 35
27 48
27 47
27 49
27 17
27 21
27 9
27 4
27 14
27 29
27 33
27 39
27 40
27 6
27 25
20
28 18
28 8
28 11
28 13
28 5
28 34
28 33
28 20
28 44
28 9
28 16
28 37
28 21
28 35
28 49
28 10
28 36
28 22
28 29
28 31
20
29 2
29 11
29 9
29 20
29 17
29 5
29 36
29 8
29 22
29 0
29 10
29 3
29 40
29 32
29 46
29 4
29 49
29 30
29 16
29 47
15
30 43
30 28
30 9
30 20
30 6
30 46
30 5
30 23
30 31
30 24
30 42
30 22
30 41
30 40
30 19
17
31 37
31 13
31 39
31 17
31 0
31 29
31 8
31 35
31 45
31 5
31 21
31 9
31 2
31 34
31 4
31 49
31 3
16
32 17
32 39
32 30
32 49
32 6
32 27
32 10
32 43
32 3
32 42
32 40
32 21
32 23
32 4
32 20
32 37
17
33 37
33 8
33 0
33 17
33 32
33 24
33 42
33 4
33 10
33 46
33 30
33 48
33 45
33 21
33 16
33 40
33 43
20
34 23
34 35
34 20
34 36
34 17
34 9
34 7
34 1
34 10
34 11
34 29
34 44
34 33
34 27
34 41
34 32
34 18
34 26
34 30
34 37
12
35 29
35 13
35 14
35 17
35 42
35 4
35 10
35 1
35 40
35 46
35 48
35 2
18
36 39
36 19
36 17
36 46
36 45
36 35
36 5
36 49
36 12
36 14
36 10
36 37
36 25
36 7
36 20
36 21
36 32
36 27
13
37 40
37 47
37 8
37 7
37 48
37 20
37 30
37 49
37 17
37 15
37 16
37 46
37 27
27
38 31
38 33
38 17
38 30
38 49
38 15
38 3
38 23
38 4
38 16
38 13
38 29
38 10
38 28
38 11
38 7
38 22
38 34
38 21
38 46
38 37
38 6
38 27
38 36
38 2
38 1
38 35
15
39 1
39 18
39 34
39 33
39 23
39 37
39 21
39 47
39 28
39 30
39 29
39 5
39 38
39 14
39 2
16
40 13
40 44
40 19
40 39
40 38
40 45
40 41
40 6
40 14
40 3
40 47
40 5
40 4
40 15
40 1
40 2
25
41 44
41 27
41 29
41 0
41 9
41 8
41 11
41 28
41 18
41 48
41 32
41 2
41 46
41 47
41 17
41 37
41 26
41 15
41 10
41 35
41 36
41 42
41 39
41 13
41 22
21
42 38
42 27
42 39
42 43
42 34
42 17
42 15
42 29
42 2
42 26
42 19
42 25
42 7
42 28
42 22
42 24
42 9
42 49
42 36
42 16
42 12
19
43 36
43 37
43 38
43 13
43 14
43 31
43 18
43 6
43 20
43 35
43 34
43 28
43 49
43 4
43 29
43 22
43 21
43 19
43 40
26
44 38
44 16
44 12
44 30
44 43
44 4
44 23
44 47
44 39
44 18
44 5
44 37
44 48
44 25
44 11
44 3
44 35
44 14
44 27
44 7
44 10
44 1
44 49
44 33
44 0
44 31
17
45 48
45 0
45 34
45 14
45 39
45 32
45 35
45 44
45 17
45 38
45 37
45 30
45 27
45 13
45 21
45 43
45 22
17
46 45
46 8
46 16
46 19
46 22
46 10
46 27
46 24
46 40
46 2
46 28
46 43
46 31
46 34
46 42
46 3
46 15
21
47 36
47 7
47 38
47 28
47 4
47 23
47 25
47 43
47 45
47 8
47 31
47 32
47 33
47 24
47 20
47 18
47 17
47 30
47 42
47 5
47 13
23
48 15
48 13
48 31
48 14
48 40
48 10
48 0
48 17
48 12
48 8
48 43
48 11
48 32
48 18
48 42
48 38
48 25
48 34
48 20
48 29
48 2
48 1
48 28
16
49 26
49 17
49 22
49 48
49 10
49 18
49 6
49 33
49 46
49 11
49 25
49 2
49 45
49 34
49 5
49 0
