50
0 "A29"
1 "A39"
2 "A2"
3 "A40"
4 "A11"
5 "A13"
6 "A10"
7 "A36"
8 "A27"
9 "A9"
10 "A37"
11 "A5"
12 "A14"
13 "A15"
14 "A17"
15 "A46"
16 "A35"
17 "A20"
18 "A23"
19 "A0"
20 "A33"
21 "A43"
22 "A6"
23 "A21"
24 "A12"
25 "A32"
26 "A30"
27 "A28"
28 "A3"
29 "A41"
30 "A1"
31 "A7"
32 "A48"
33 "A16"
34 "A42"
35 "A19"
36 "A38"
37 "A45"
38 "A49"
39 "A18"
40 "A34"
41 "A4"
42 "A47"
43 "A8"
44 "A22"
45 "A25"
46 "A26"
47 "A44"
48 "A31"
49 "A24"
17
0 2
0 14
0 22
0 34
0 49
0 31
0 15
0 1
0 20
0 45
0 32
0 48
0 11
0 3
0 41
0 16
0 5
24
1 17
1 29
1 16
1 37
1 39
1 21
1 43
1 49
1 31
1 40
1 26
1 20
1 28
1 33
1 36
1 4
1 3
1 6
1 25
1 35
1 18
1 38
1 47
1 24
21
2 48
2 22
2 8
2 40
2 44
2 20
2 24
2 3
2 4
2 27
2 13
2 29
2 33
2 32
2 28
2 9
2 6
2 35
2 10
2 45
2 46
22
3 37
3 32
3 30
3 43
3 29
3 44
3 38
3 40
3 12
3 6
3 23
3 5
3 25
3 22
3 8
3 15
3 24
3 46
3 11
3 41
3 19
3 13
19
4 23
4 41
4 6
4 20
4 26
4 8
4 5
4 38
4 3
4 14
4 22
4 17
4 32
4 46
4 43
4 15
4 35
4 42
4 21
24
5 11
5 8
5 29
5 1
5 19
5 2
5 45
5 47
5 20
5 6
5 30
5 39
5 22
5 12
5 44
5 32
5 33
5 26
5 18
5 23
5 41
5 38
5 37
5 15
10
6 29
6 24
6 12
6 18
6 46
6 0
6 17
6 28
6 21
6 25
22
7 8
7 17
7 9
7 26
7 34
7 32
7 6
7 1
7 11
7 31
7 15
7 4
7 20
7 19
7 33
7 37
7 0
7 13
7 3
7 12
7 38
7 24
17
8 40
8 22
8 37
8 39
8 9
8 13
8 19
8 0
8 38
8 6
8 1
8 30
8 45
8 44
8 15
8 17
8 49
16
9 32
9 4
9 12
9 6
9 42
9 14
9 19
9 16
9 49
9 13
9 3
9 5
9 1
9 43
9 36
9 26
19
10 27
10 4
10 38
10 22
10 28
10 35
10 11
10 3
10 8
10 41
10 39
10 44
10 40
10 32
10 5
10 46
10 1
10 6
10 14
19
11 35
11 6
11 28
11 21
11 24
11 43
11 34
11 49
11 1
11 17
11 13
11 42
11 40
11 37
11 19
11 26
11 30
11 27
11 8
12
12 33
12 24
12 4
12 31
12 17
12 38
12 48
12 10
12 32
12 0
12 47
12 34
26
13 1
13 17
13 38
13 42
13 45
13 4
13 49
13 37
13 30
13 20
13 26
13 48
13 40
13 10
13 47
13 34
13 0
13 18
13 29
13 44
13 12
13 28
13 16
13 15
13 6
13 25
16
14 33
14 49
14 11
14 37
14 38
14 43
14 3
14 47
14 23
14 21
14 19
14 1
14 2
14 27
14 7
14 40
14
15 6
15 31
15 23
15 24
15 2
15 46
15 14
15 29
15 43
15 12
15 48
15 19
15 36
15 39
27
16 12
16 40
16 8
16 35
16 4
16 19
16 38
16 44
16 39
16 26
16 11
16 14
16 22
16 25
16 6
16 31
16 2
16 10
16 7
16 24
16 5
16 23
16 32
16 27
16 37
16 36
16 41
20
17 30
17 15
17 38
17 14
17 29
17 25
17 47
17 20
17 27
17 16
17 31
17 46
17 39
17 3
17 33
17 26
17 5
17 32
17 28
17 9
23
18 4
18 14
18 35
18 7
18 2
18 15
18 16
18 32
18 43
18 39
18 20
18 11
18 24
18 45
18 34
18 9
18 8
18 23
18 47
18 12
18 17
18 0
18 25
17
19 42
19 48
19 10
19 44
19 37
19 45
19 17
19 46
19 1
19 33
19 13
19 25
19 4
19 31
19 47
19 29
19 23
23
20 11
20 22
20 48
20 30
20 28
20 12
20 3
20 29
20 14
20 8
20 42
20 10
20 31
20 16
20 19
20 32
20 37
20 45
20 39
20 21
20 43
20 9
20 36
25
21 44
21 8
21 39
21 5
21 47
21 37
21 15
21 23
21 13
21 41
21 12
21 49
21 43
21 26
21 27
21 31
21 24
21 40
21 18
21 25
21 10
21 45
21 30
21 0
21 48
23
22 12
22 23
22 9
22 35
22 32
22 26
22 24
22 27
22 11
22 39
22 21
22 14
22 42
22 13
22 43
22 25
22 33
22 1
22 19
22 46
22 15
22 44
22 18
19
23 24
23 8
23 11
23 9
23 39
23 48
23 30
23 41
23 20
23 33
23 31
23 43
23 42
23 2
23 25
23 49
23 37
23 47
23 6
20
24 19
24 20
24 34
24 10
24 47
24 38
24 46
24 8
24 40
24 13
24 9
24 25
24 17
24 48
24 44
24 49
24 5
24 0
24 33
24 30
21
25 26
25 7
25 0
25 28
25 10
25 20
25 37
25 12
25 5
25 9
25 36
25 15
25 40
25 4
25 11
25 47
25 32
25 29
25 8
25 46
25 2
15
26 28
26 3
26 31
26 20
26 2
26 49
26 48
26 47
26 0
26 24
26 14
26 12
26 33
26 36
26 29
19
27 46
27 0
27 8
27 44
27 31
27 19
27 13
27 39
27 20
27 4
27 7
27 6
27 38
27 9
27 33
27 48
27 18
27 26
27 41
23
28 43
28 33
28 44
28 14
28 40
28 16
28 27
28 35
28 32
28 23
28 3
28 9
28 18
28 45
28 12
28 49
28 48
28 21
28 24
28 4
28 37
28 42
28 8
19
29 14
29 38
29 28
29 4
29 30
29 10
29 21
29 23
29 33
29 47
29 43
29 34
29 16
29 27
29 24
29 11
29 22
29 9
29 0
21
30 41
30 4
30 40
30 25
30 2
30 0
30 49
30 39
30 12
30 28
30 46
30 1
30 15
30 14
30 10
30 42
30 18
30 9
30 31
30 22
30 36
17
31 33
31 39
31 18
31 3
31 37
31 2
31 4
31 25
31 42
31 10
31 13
31 34
31 22
31 9
31 6
31 32
31 8
17
32 21
32 6
32 39
32 13
32 29
32 30
32 14
32 43
32 24
32 27
32 37
32 15
32 34
32 26
32 1
32 35
32 38
15
33 10
33 6
33 11
33 0
33 49
33 9
33 32
33 15
33 13
33 36
33 21
33 25
33 34
33 8
33 3
21
34 4
34 27
34 17
34 28
34 14
34 6
34 8
34 26
34 25
34 3
34 22
34 43
34 15
34 9
34 2
34 37
34 1
34 40
34 19
34 16
34 20
22
35 19
35 38
35 7
35 15
35 14
35 25
35 34
35 39
35 9
35 12
35 29
35 30
35 17
35 13
35 6
35 27
35 47
35 3
35 8
35 49
35 33
35 31
16
36 48
36 29
36 35
36 2
36 47
36 31
36 7
36 19
36 12
36 5
36 21
36 41
36 13
36 34
36 27
36 42
15
37 15
37 2
37 4
37 38
37 40
37 30
37 42
37 24
37 18
37 10
37 27
37 17
37 36
37 48
37 33
21
38 40
38 25
38 18
38 31
38 9
38 47
38 48
38 20
38 42
38 19
38 30
38 34
38 11
38 44
38 26
38 2
38 22
38 45
38 36
38 0
38 15
21
39 14
39 19
39 6
39 43
39 45
39 28
39 46
39 38
39 42
39 29
39 2
39 11
39 25
39 24
39 33
39 37
39 36
39 3
39 7
39 41
39 34
20
40 18
40 15
40 46
40 33
40 6
40 29
40 4
40 36
40 44
40 45
40 48
40 12
40 23
40 32
40 7
40 0
40 39
40 42
40 26
40 5
23
41 25
41 28
41 15
41 45
41 32
41 40
41 1
41 11
41 18
41 37
41 38
41 29
41 19
41 33
41 26
41 12
41 46
41 14
41 17
41 47
41 9
41 42
41 2
23
42 3
42 8
42 25
42 43
42 47
42 1
42 10
42 32
42 12
42 46
42 7
42 34
42 26
42 15
42 5
42 24
42 6
42 14
42 29
42 18
42 21
42 2
42 33
19
43 2
43 26
43 33
43 27
43 25
43 41
43 24
43 10
43 30
43 12
43 7
43 45
43 17
43 48
43 35
43 40
43 16
43 36
43 31
22
44 39
44 7
44 34
44 15
44 14
44 30
44 33
44 35
44 6
44 12
44 25
44 23
44 9
44 17
44 0
44 47
44 4
44 18
44 42
44 36
44 32
44 11
21
45 17
45 44
45 42
45 6
45 35
45 9
45 27
45 31
45 12
45 29
45 22
45 7
45 24
45 32
45 33
45 14
45 11
45 26
45 1
45 4
45 37
15
46 7
46 11
46 43
46 28
46 20
46 31
46 35
46 37
46 45
46 18
46 49
46 13
46 9
46 21
46 5
23
47 2
47 28
47 15
47 27
47 46
47 33
47 39
47 31
47 11
47 45
47 32
47 40
47 37
47 0
47 4
47 10
47 16
47 48
47 7
47 30
47 9
47 3
47 6
15
48 31
48 29
48 44
48 17
48 42
48 41
48 18
48 7
48 9
48 25
48 45
48 46
48 49
48 1
48 32
21
49 15
49 29
49 10
49 39
49 19
49 42
49 43
49 6
49 12
49 36
49 31
49 37
49 45
49 20
49 40
49 17
49 41
49 38
49 4
49 32
49 16
