50
0 "A29"
1 "A39"
2 "A2"
3 "A40"
4 "A11"
5 "A13"
6 "A10"
7 "A36"
8 "A27"
9 "A9"
10 "A37"
11 "A5"
12 "A14"
13 "A15"
14 "A17"
15 "A46"
16 "A35"
17 "A20"
18 "A23"
19 "A0"
20 "A33"
21 "A43"
22 "A6"
23 "A21"
24 "A12"
25 "A32"
26 "A30"
27 "A28"
28 "A3"
29 "A41"
30 "A1"
31 "A7"
32 "A48"
33 "A16"
34 "A42"
35 "A19"
36 "A38"
37 "A45"
38 "A49"
39 "A18"
40 "A34"
41 "A4"
42 "A47"
43 "A8"
44 "A22"
45 "A25"
46 "A26"
47 "A44"
48 "A31"
49 "A24"
25
0 26
0 49
0 33
0 10
0 14
0 35
0 19
0 3
0 37
0 46
0 24
0 22
0 42
0 1
0 15
0 4
0 48
0 12
0 23
0 47
0 40
0 27
0 5
0 7
0 17
20
1 14
1 25
1 22
1 18
1 47
1 6
1 27
1 15
1 23
1 12
1 17
1 19
1 10
1 41
1 45
1 11
1 28
1 31
1 30
1 4
16
2 8
2 16
2 3
2 38
2 32
2 6
2 0
2 28
2 47
2 9
2 26
2 14
2 1
2 27
2 21
2 30
19
3 13
3 14
3 18
3 8
3 25
3 15
3 48
3 33
3 10
3 43
3 40
3 1
3 44
3 21
3 17
3 23
3 20
3 37
3 46
21
4 38
4 16
4 25
4 20
4 5
4 29
4 28
4 2
4 13
4 24
4 11
4 46
4 8
4 14
4 15
4 9
4 17
4 31
4 3
4 22
4 42
17
5 3
5 20
5 32
5 2
5 49
5 16
5 18
5 10
5 12
5 36
5 24
5 39
5 13
5 44
5 45
5 34
5 11
19
6 29
6 18
6 28
6 15
6 24
6 10
6 22
6 23
6 35
6 12
6 36
6 9
6 8
6 48
6 41
6 27
6 3
6 39
6 43
21
7 47
7 3
7 49
7 31
7 6
7 32
7 26
7 28
7 42
7 10
7 38
7 21
7 1
7 41
7 11
7 20
7 23
7 8
7 12
7 2
7 46
19
8 40
8 46
8 39
8 42
8 38
8 17
8 12
8 14
8 37
8 31
8 15
8 47
8 10
8 27
8 34
8 18
8 33
8 0
8 20
21
9 22
9 42
9 19
9 16
9 21
9 23
9 28
9 7
9 29
9 33
9 30
9 34
9 41
9 47
9 36
9 12
9 46
9 31
9 0
9 15
9 5
19
10 16
10 9
10 41
10 13
10 23
10 17
10 28
10 25
10 2
10 39
10 31
10 19
10 35
10 30
10 24
10 14
10 4
10 43
10 11
24
11 17
11 40
11 29
11 16
11 0
11 33
11 8
11 47
11 36
11 13
11 22
11 26
11 41
11 42
11 3
11 23
11 31
11 35
11 27
11 45
11 2
11 6
11 20
11 12
16
12 10
12 2
12 13
12 34
12 38
12 22
12 4
12 42
12 26
12 16
12 36
12 25
12 47
12 33
12 48
12 14
25
13 35
13 31
13 6
13 40
13 24
13 2
13 9
13 34
13 32
13 16
13 25
13 48
13 28
13 21
13 19
13 49
13 17
13 36
13 1
13 38
13 8
13 43
13 18
13 7
13 45
12
14 37
14 46
14 36
14 11
14 28
14 30
14 38
14 39
14 29
14 18
14 49
14 27
23
15 11
15 45
15 27
15 26
15 25
15 32
15 35
15 12
15 5
15 31
15 28
15 49
15 36
15 7
15 14
15 40
15 34
15 19
15 10
15 18
15 42
15 22
15 2
25
16 35
16 0
16 19
16 7
16 14
16 15
16 34
16 24
16 30
16 6
16 27
16 25
16 46
16 20
16 1
16 36
16 26
16 22
16 45
16 43
16 23
16 41
16 32
16 29
16 18
22
17 36
17 40
17 25
17 9
17 22
17 7
17 37
17 19
17 12
17 14
17 28
17 47
17 2
17 42
17 6
17 16
17 41
17 15
17 44
17 31
17 33
17 26
13
18 48
18 45
18 11
18 4
18 21
18 29
18 0
18 37
18 46
18 17
18 2
18 24
18 22
19
19 4
19 39
19 36
19 12
19 5
19 38
19 27
19 7
19 40
19 8
19 44
19 31
19 6
19 22
19 20
19 2
19 11
19 3
19 23
22
20 38
20 28
20 31
20 46
20 42
20 12
20 37
20 2
20 40
20 1
20 17
20 35
20 48
20 18
20 9
20 47
20 6
20 32
20 36
20 45
20 24
20 25
17
21 14
21 28
21 49
21 19
21 40
21 36
21 23
21 22
21 12
21 37
21 11
21 48
21 10
21 20
21 16
21 4
21 33
20
22 37
22 13
22 30
22 48
22 41
22 8
22 7
22 10
22 42
22 20
22 23
22 3
22 46
22 33
22 34
22 38
22 36
22 24
22 28
22 2
14
23 18
23 46
23 8
23 44
23 42
23 47
23 41
23 38
23 34
23 17
23 15
23 28
23 33
23 2
21
24 1
24 46
24 39
24 49
24 9
24 31
24 12
24 23
24 14
24 48
24 21
24 45
24 40
24 47
24 38
24 33
24 41
24 3
24 42
24 34
24 36
19
25 18
25 37
25 39
25 11
25 42
25 9
25 34
25 2
25 24
25 21
25 8
25 44
25 30
25 23
25 40
25 31
25 33
25 6
25 0
23
26 20
26 39
26 14
26 9
26 30
26 47
26 31
26 28
26 24
26 21
26 3
26 8
26 45
26 43
26 34
26 36
26 23
26 46
26 25
26 35
26 19
26 6
26 18
24
27 37
27 43
27 3
27 33
27 46
27 7
27 35
27 13
27 17
27 24
27 23
27 40
27 47
27 26
27 22
27 25
27 42
27 18
27 34
27 5
27 12
27 45
27 41
27 10
16
28 19
28 8
28 0
28 48
28 46
28 5
28 43
28 40
28 27
28 11
28 35
28 24
28 33
28 25
28 36
28 34
23
29 36
29 38
29 23
29 22
29 33
29 19
29 40
29 20
29 34
29 49
29 26
29 17
29 1
29 35
29 31
29 47
29 10
29 7
29 2
29 39
29 32
29 25
29 15
23
30 35
30 6
30 38
30 39
30 29
30 4
30 5
30 43
30 19
30 18
30 8
30 23
30 24
30 12
30 11
30 49
30 15
30 45
30 28
30 32
30 27
30 33
30 17
21
31 3
31 45
31 16
31 49
31 47
31 0
31 27
31 33
31 14
31 6
31 12
31 23
31 21
31 40
31 28
31 48
31 35
31 5
31 37
31 18
31 46
26
32 46
32 33
32 19
32 8
32 27
32 25
32 23
32 14
32 17
32 47
32 0
32 44
32 9
32 42
32 45
32 24
32 26
32 11
32 18
32 28
32 12
32 31
32 39
32 3
32 21
32 10
16
33 44
33 19
33 18
33 26
33 16
33 39
33 42
33 37
33 15
33 5
33 13
33 41
33 34
33 10
33 6
33 4
18
34 31
34 2
34 38
34 40
34 1
34 21
34 17
34 10
34 20
34 41
34 3
34 19
34 49
34 46
34 48
34 7
34 14
34 47
16
35 24
35 25
35 34
35 17
35 44
35 3
35 48
35 8
35 42
35 38
35 36
35 22
35 21
35 7
35 1
35 14
14
36 33
36 39
36 0
36 3
36 48
36 32
36 45
36 7
36 25
36 31
36 30
36 4
36 42
36 43
24
37 35
37 12
37 43
37 11
37 5
37 44
37 36
37 45
37 34
37 32
37 30
37 13
37 7
37 2
37 10
37 40
37 19
37 28
37 9
37 39
37 42
37 49
37 23
37 26
19
38 0
38 18
38 5
38 16
38 37
38 25
38 27
38 32
38 36
38 41
38 26
38 31
38 49
38 42
38 28
38 1
38 11
38 40
38 15
15
39 13
39 21
39 23
39 15
39 1
39 18
39 28
39 2
39 34
39 12
39 4
39 41
39 38
39 31
39 3
13
40 46
40 18
40 44
40 26
40 30
40 22
40 32
40 35
40 48
40 10
40 23
40 41
40 16
20
41 45
41 20
41 2
41 46
41 36
41 25
41 19
41 30
41 47
41 32
41 35
41 29
41 18
41 3
41 8
41 5
41 43
41 12
41 37
41 14
19
42 29
42 5
42 2
42 10
42 18
42 14
42 19
42 45
42 28
42 3
42 31
42 6
42 46
42 41
42 30
42 44
42 16
42 13
42 1
18
43 1
43 2
43 25
43 24
43 45
43 9
43 35
43 38
43 19
43 21
43 5
43 39
43 42
43 34
43 7
43 12
43 0
43 23
25
44 11
44 2
44 36
44 7
44 15
44 30
44 18
44 0
44 21
44 22
44 12
44 41
44 8
44 34
44 10
44 24
44 6
44 29
44 4
44 45
44 1
44 13
44 38
44 14
44 43
19
45 7
45 14
45 4
45 21
45 22
45 9
45 46
45 8
45 2
45 33
45 0
45 29
45 48
45 3
45 19
45 12
45 39
45 25
45 28
14
46 35
46 21
46 37
46 36
46 10
46 38
46 13
46 44
46 29
46 2
46 15
46 43
46 17
46 5
22
47 44
47 10
47 4
47 48
47 36
47 42
47 25
47 6
47 37
47 13
47 30
47 45
47 39
47 35
47 16
47 49
47 43
47 3
47 21
47 33
47 19
47 18
17
48 37
48 46
48 43
48 30
48 16
48 29
48 9
48 42
48 19
48 5
48 7
48 23
48 2
48 14
48 39
48 25
48 11
26
49 25
49 48
49 46
49 44
49 10
49 32
49 40
49 11
49 17
49 28
49 4
49 41
49 27
49 43
49 3
49 42
49 19
49 22
49 20
49 45
49 26
49 6
49 1
49 12
49 35
49 39
