50
0 "A29"
1 "A39"
2 "A2"
3 "A40"
4 "A11"
5 "A13"
6 "A10"
7 "A36"
8 "A27"
9 "A9"
10 "A37"
11 "A5"
12 "A14"
13 "A15"
14 "A17"
15 "A46"
16 "A35"
17 "A20"
18 "A23"
19 "A0"
20 "A33"
21 "A43"
22 "A6"
23 "A21"
24 "A12"
25 "A32"
26 "A30"
27 "A28"
28 "A3"
29 "A41"
30 "A1"
31 "A7"
32 "A48"
33 "A16"
34 "A42"
35 "A19"
36 "A38"
37 "A45"
38 "A49"
39 "A18"
40 "A34"
41 "A4"
42 "A47"
43 "A8"
44 "A22"
45 "A25"
46 "A26"
47 "A44"
48 "A31"
49 "A24"
17
0 19
0 14
0 12
0 22
0 21
0 1
0 40
0 17
0 20
0 26
0 3
0 24
0 45
0 44
0 23
0 33
0 4
21
1 17
1 10
1 40
1 42
1 39
1 4
1 41
1 28
1 44
1 11
1 9
1 27
1 35
1 20
1 5
1 26
1 2
1 25
1 33
1 21
1 3
17
2 37
2 36
2 0
2 14
2 16
2 41
2 31
2 38
2 6
2 20
2 28
2 35
2 30
2 18
2 29
2 8
2 3
17
3 37
3 35
3 15
3 31
3 14
3 40
3 23
3 5
3 8
3 33
3 20
3 4
3 21
3 19
3 46
3 29
3 39
14
4 46
4 29
4 42
4 17
4 27
4 30
4 47
4 24
4 38
4 19
4 21
4 2
4 28
4 14
23
5 12
5 29
5 35
5 20
5 17
5 2
5 36
5 13
5 14
5 10
5 26
5 22
5 0
5 16
5 7
5 45
5 49
5 38
5 4
5 47
5 48
5 19
5 40
16
6 5
6 10
6 23
6 35
6 36
6 3
6 0
6 9
6 18
6 8
6 43
6 22
6 32
6 34
6 13
6 39
18
7 21
7 12
7 1
7 30
7 49
7 9
7 10
7 6
7 14
7 33
7 23
7 18
7 42
7 32
7 4
7 26
7 43
7 2
27
8 27
8 33
8 18
8 40
8 46
8 10
8 42
8 38
8 17
8 31
8 49
8 24
8 48
8 14
8 37
8 12
8 5
8 39
8 0
8 34
8 15
8 7
8 21
8 9
8 19
8 1
8 43
21
9 2
9 29
9 47
9 23
9 16
9 28
9 26
9 21
9 46
9 12
9 17
9 30
9 0
9 33
9 49
9 4
9 42
9 13
9 5
9 32
9 44
16
10 31
10 9
10 14
10 16
10 25
10 24
10 13
10 39
10 43
10 38
10 2
10 36
10 18
10 19
10 37
10 35
20
11 32
11 31
11 29
11 14
11 3
11 13
11 27
11 0
11 17
11 26
11 35
11 16
11 24
11 22
11 38
11 47
11 4
11 43
11 36
11 12
14
12 16
12 4
12 38
12 49
12 41
12 1
12 14
12 33
12 30
12 48
12 36
12 22
12 26
12 10
22
13 24
13 2
13 18
13 32
13 26
13 16
13 30
13 19
13 21
13 35
13 29
13 8
13 22
13 47
13 49
13 12
13 31
13 36
13 27
13 43
13 4
13 25
17
14 19
14 48
14 26
14 6
14 23
14 38
14 16
14 17
14 1
14 39
14 43
14 40
14 28
14 20
14 13
14 18
14 33
29
15 27
15 36
15 6
15 9
15 22
15 11
15 45
15 21
15 26
15 25
15 5
15 40
15 17
15 29
15 49
15 1
15 19
15 30
15 20
15 47
15 46
15 41
15 37
15 12
15 7
15 4
15 14
15 23
15 24
22
16 30
16 39
16 26
16 25
16 15
16 8
16 24
16 29
16 6
16 36
16 33
16 45
16 48
16 0
16 1
16 32
16 28
16 21
16 23
16 38
16 49
16 37
23
17 6
17 3
17 33
17 41
17 42
17 43
17 31
17 12
17 7
17 44
17 24
17 37
17 2
17 13
17 29
17 45
17 40
17 38
17 27
17 10
17 28
17 25
17 26
17
18 34
18 40
18 48
18 22
18 11
18 4
18 16
18 27
18 21
18 5
18 37
18 17
18 44
18 0
18 26
18 12
18 39
20
19 24
19 2
19 21
19 40
19 44
19 38
19 27
19 7
19 9
19 32
19 29
19 20
19 6
19 30
19 16
19 39
19 28
19 22
19 17
19 18
24
20 31
20 45
20 24
20 36
20 39
20 8
20 28
20 17
20 44
20 13
20 42
20 48
20 26
20 47
20 46
20 6
20 29
20 10
20 11
20 16
20 37
20 49
20 30
20 18
16
21 43
21 49
21 33
21 5
21 40
21 36
21 23
21 12
21 14
21 20
21 48
21 2
21 32
21 35
21 28
21 22
20
22 23
22 44
22 30
22 42
22 16
22 2
22 46
22 36
22 9
22 8
22 40
22 32
22 34
22 24
22 31
22 17
22 1
22 10
22 43
22 26
24
23 5
23 47
23 41
23 8
23 18
23 46
23 35
23 4
23 29
23 20
23 33
23 38
23 19
23 25
23 34
23 48
23 28
23 30
23 44
23 39
23 1
23 26
23 17
23 13
16
24 1
24 3
24 26
24 31
24 43
24 23
24 14
24 39
24 48
24 2
24 40
24 25
24 28
24 46
24 12
24 9
20
25 8
25 7
25 28
25 40
25 29
25 0
25 6
25 42
25 34
25 33
25 5
25 18
25 31
25 20
25 2
25 27
25 46
25 38
25 22
25 45
11
26 34
26 39
26 4
26 10
26 44
26 43
26 45
26 38
26 33
26 35
26 8
24
27 39
27 7
27 44
27 10
27 35
27 24
27 0
27 14
27 23
27 38
27 46
27 29
27 41
27 49
27 3
27 43
27 22
27 9
27 20
27 34
27 37
27 16
27 12
27 6
17
28 34
28 3
28 5
28 15
28 22
28 27
28 6
28 0
28 18
28 41
28 26
28 8
28 48
28 36
28 43
28 40
28 11
15
29 1
29 35
29 40
29 31
29 22
29 0
29 38
29 26
29 28
29 49
29 47
29 48
29 7
29 12
29 34
21
30 43
30 3
30 11
30 45
30 14
30 21
30 18
30 44
30 5
30 39
30 32
30 17
30 29
30 24
30 27
30 49
30 28
30 0
30 35
30 8
30 38
27
31 30
31 28
31 48
31 35
31 33
31 14
31 18
31 43
31 45
31 23
31 47
31 49
31 27
31 6
31 0
31 42
31 5
31 46
31 36
31 32
31 15
31 1
31 37
31 40
31 4
31 26
31 19
21
32 27
32 29
32 23
32 47
32 33
32 43
32 46
32 34
32 42
32 4
32 2
32 25
32 15
32 41
32 28
32 3
32 26
32 10
32 1
32 48
32 17
15
33 13
33 22
33 19
33 4
33 46
33 40
33 42
33 6
33 10
33 27
33 18
33 30
33 48
33 41
33 15
22
34 42
34 46
34 47
34 19
34 21
34 31
34 10
34 1
34 9
34 40
34 15
34 0
34 3
34 4
34 7
34 33
34 11
34 2
34 14
34 12
34 38
34 20
24
35 15
35 7
35 14
35 24
35 18
35 34
35 44
35 32
35 22
35 8
35 49
35 37
35 4
35 48
35 33
35 45
35 19
35 16
35 25
35 38
35 20
35 43
35 17
35 36
19
36 27
36 18
36 45
36 9
36 34
36 47
36 1
36 42
36 33
36 26
36 4
36 7
36 24
36 3
36 14
36 0
36 19
36 29
36 23
19
37 36
37 13
37 40
37 49
37 5
37 26
37 42
37 45
37 32
37 21
37 4
37 7
37 12
37 1
37 30
37 0
37 25
37 6
37 28
17
38 0
38 13
38 47
38 1
38 6
38 28
38 43
38 45
38 20
38 32
38 3
38 9
38 33
38 31
38 22
38 48
38 36
18
39 41
39 12
39 47
39 15
39 37
39 32
39 38
39 45
39 40
39 33
39 25
39 13
39 4
39 36
39 31
39 29
39 9
39 17
19
40 26
40 30
40 9
40 32
40 35
40 10
40 2
40 48
40 16
40 4
40 49
40 20
40 38
40 6
40 45
40 36
40 7
40 47
40 46
27
41 0
41 49
41 30
41 37
41 14
41 35
41 36
41 26
41 18
41 6
41 46
41 43
41 25
41 21
41 16
41 3
41 24
41 38
41 22
41 7
41 8
41 4
41 19
41 9
41 10
41 13
41 34
20
42 45
42 24
42 47
42 28
42 21
42 41
42 39
42 29
42 30
42 44
42 18
42 13
42 38
42 12
42 3
42 40
42 35
42 19
42 11
42 27
18
43 4
43 42
43 20
43 25
43 12
43 0
43 40
43 5
43 37
43 19
43 33
43 1
43 29
43 2
43 3
43 18
43 9
43 36
21
44 49
44 2
44 48
44 29
44 15
44 12
44 8
44 41
44 14
44 34
44 33
44 16
44 40
44 39
44 4
44 13
44 45
44 32
44 6
44 21
44 38
17
45 22
45 24
45 4
45 34
45 12
45 33
45 48
45 21
45 7
45 23
45 13
45 8
45 3
45 6
45 29
45 32
45 49
19
46 11
46 38
46 13
46 1
46 7
46 43
46 2
46 19
46 36
46 18
46 29
46 0
46 10
46 21
46 37
46 42
46 47
46 26
46 6
20
47 6
47 28
47 21
47 19
47 44
47 41
47 30
47 25
47 10
47 45
47 18
47 37
47 27
47 16
47 1
47 33
47 12
47 14
47 24
47 17
21
48 26
48 3
48 0
48 37
48 17
48 46
48 41
48 39
48 42
48 15
48 2
48 34
48 47
48 25
48 22
48 11
48 10
48 1
48 43
48 13
48 30
17
49 39
49 19
49 17
49 32
49 11
49 4
49 24
49 18
49 10
49 28
49 3
49 34
49 1
49 26
49 23
49 36
49 38
