50
0 "A29"
1 "A39"
2 "A2"
3 "A40"
4 "A11"
5 "A13"
6 "A10"
7 "A36"
8 "A27"
9 "A9"
10 "A37"
11 "A5"
12 "A14"
13 "A15"
14 "A17"
15 "A46"
16 "A35"
17 "A20"
18 "A23"
19 "A0"
20 "A33"
21 "A43"
22 "A6"
23 "A21"
24 "A12"
25 "A32"
26 "A30"
27 "A28"
28 "A3"
29 "A41"
30 "A1"
31 "A7"
32 "A48"
33 "A16"
34 "A42"
35 "A19"
36 "A38"
37 "A45"
38 "A49"
39 "A18"
40 "A34"
41 "A4"
42 "A47"
43 "A8"
44 "A22"
45 "A25"
46 "A26"
47 "A44"
48 "A31"
49 "A24"
22
0 34
0 2
0 22
0 13
0 25
0 16
0 6
0 10
0 37
0 24
0 41
0 3
0 26
0 5
0 11
0 47
0 32
0 14
0 12
0 31
0 33
0 15
21
1 9
1 39
1 44
1 19
1 32
1 10
1 45
1 13
1 40
1 42
1 5
1 7
1 15
1 25
1 38
1 34
1 37
1 48
1 35
1 29
1 23
18
2 12
2 7
2 20
2 13
2 36
2 23
2 10
2 3
2 28
2 27
2 44
2 5
2 37
2 17
2 42
2 41
2 43
2 45
20
3 18
3 36
3 39
3 7
3 14
3 20
3 31
3 46
3 28
3 27
3 34
3 43
3 32
3 5
3 26
3 11
3 17
3 1
3 13
3 25
20
4 9
4 2
4 7
4 36
4 14
4 11
4 1
4 41
4 40
4 45
4 44
4 49
4 37
4 12
4 13
4 30
4 42
4 3
4 31
4 20
15
5 16
5 30
5 22
5 4
5 38
5 29
5 10
5 19
5 31
5 18
5 34
5 46
5 47
5 13
5 26
20
6 23
6 47
6 33
6 41
6 8
6 21
6 40
6 16
6 1
6 19
6 18
6 34
6 20
6 30
6 3
6 38
6 37
6 12
6 11
6 28
16
7 46
7 48
7 20
7 26
7 36
7 19
7 21
7 42
7 6
7 12
7 16
7 45
7 29
7 47
7 37
7 0
19
8 47
8 33
8 31
8 4
8 3
8 25
8 21
8 2
8 12
8 39
8 44
8 28
8 1
8 30
8 13
8 32
8 36
8 14
8 20
27
9 40
9 10
9 3
9 13
9 5
9 21
9 41
9 2
9 19
9 29
9 47
9 22
9 6
9 7
9 35
9 26
9 18
9 25
9 42
9 39
9 36
9 15
9 28
9 44
9 34
9 8
9 31
21
10 8
10 44
10 38
10 14
10 34
10 7
10 4
10 18
10 48
10 30
10 20
10 45
10 29
10 25
10 39
10 35
10 42
10 11
10 26
10 3
10 6
20
11 32
11 34
11 12
11 18
11 47
11 43
11 39
11 40
11 38
11 8
11 20
11 14
11 5
11 21
11 7
11 41
11 46
11 13
11 1
11 2
16
12 36
12 15
12 29
12 30
12 47
12 19
12 44
12 14
12 46
12 27
12 32
12 35
12 17
12 48
12 42
12 5
19
13 42
13 26
13 21
13 41
13 48
13 23
13 29
13 30
13 22
13 43
13 45
13 46
13 6
13 44
13 18
13 16
13 10
13 14
13 25
19
14 40
14 22
14 27
14 46
14 48
14 35
14 31
14 49
14 16
14 37
14 36
14 1
14 7
14 17
14 47
14 41
14 18
14 23
14 20
19
15 37
15 7
15 28
15 26
15 3
15 44
15 13
15 14
15 30
15 32
15 21
15 40
15 39
15 27
15 2
15 46
15 22
15 16
15 20
25
16 32
16 8
16 10
16 38
16 30
16 4
16 28
16 46
16 45
16 40
16 36
16 25
16 44
16 2
16 39
16 37
16 48
16 9
16 17
16 27
16 49
16 33
16 24
16 1
16 35
21
17 32
17 43
17 45
17 7
17 0
17 10
17 37
17 41
17 9
17 48
17 26
17 18
17 23
17 19
17 1
17 5
17 38
17 11
17 15
17 40
17 44
18
18 22
18 41
18 2
18 0
18 40
18 1
18 21
18 23
18 29
18 25
18 27
18 46
18 48
18 8
18 26
18 32
18 39
18 12
16
19 8
19 20
19 29
19 14
19 11
19 4
19 13
19 30
19 3
19 2
19 38
19 32
19 37
19 25
19 18
19 34
22
20 21
20 16
20 41
20 33
20 22
20 49
20 12
20 17
20 0
20 9
20 34
20 5
20 42
20 43
20 1
20 36
20 24
20 27
20 40
20 38
20 47
20 29
20
21 14
21 30
21 22
21 29
21 19
21 41
21 17
21 43
21 39
21 2
21 1
21 5
21 44
21 45
21 12
21 16
21 48
21 27
21 4
21 24
22
22 10
22 41
22 35
22 40
22 42
22 8
22 1
22 16
22 3
22 19
22 2
22 39
22 30
22 46
22 45
22 27
22 7
22 31
22 34
22 33
22 12
22 6
26
23 11
23 3
23 16
23 49
23 8
23 20
23 33
23 7
23 44
23 0
23 35
23 36
23 45
23 48
23 25
23 22
23 40
23 12
23 26
23 4
23 24
23 34
23 10
23 43
23 28
23 37
23
24 10
24 48
24 8
24 15
24 43
24 11
24 49
24 2
24 26
24 18
24 6
24 32
24 17
24 12
24 14
24 42
24 9
24 31
24 25
24 35
24 39
24 7
24 19
14
25 20
25 11
25 17
25 21
25 38
25 47
25 48
25 33
25 30
25 5
25 34
25 4
25 7
25 44
21
26 29
26 6
26 12
26 46
26 8
26 37
26 1
26 2
26 36
26 33
26 45
26 40
26 14
26 43
26 35
26 4
26 20
26 28
26 21
26 42
26 30
22
27 17
27 37
27 49
27 4
27 42
27 44
27 36
27 25
27 24
27 10
27 28
27 6
27 5
27 23
27 38
27 39
27 19
27 47
27 34
27 0
27 1
27 46
16
28 7
28 4
28 18
28 37
28 33
28 41
28 30
28 20
28 17
28 0
28 24
28 1
28 14
28 25
28 19
28 13
18
29 43
29 22
29 27
29 49
29 2
29 11
29 35
29 6
29 25
29 34
29 3
29 32
29 15
29 36
29 37
29 14
29 31
29 41
18
30 29
30 23
30 40
30 44
30 18
30 42
30 20
30 48
30 3
30 47
30 33
30 17
30 41
30 43
30 9
30 32
30 27
30 45
22
31 21
31 45
31 23
31 6
31 11
31 26
31 43
31 10
31 27
31 37
31 7
31 15
31 16
31 44
31 30
31 19
31 20
31 47
31 2
31 17
31 13
31 1
18
32 49
32 48
32 27
32 28
32 31
32 35
32 34
32 14
32 36
32 40
32 21
32 4
32 39
32 7
32 25
32 22
32 13
32 46
22
33 32
33 19
33 1
33 48
33 18
33 14
33 13
33 12
33 11
33 29
33 3
33 46
33 17
33 34
33 21
33 42
33 35
33 31
33 7
33 2
33 40
33 27
12
34 36
34 15
34 46
34 30
34 24
34 39
34 40
34 8
34 18
34 17
34 48
34 12
19
35 7
35 2
35 20
35 19
35 13
35 4
35 11
35 34
35 17
35 46
35 42
35 18
35 39
35 36
35 25
35 6
35 41
35 5
35 40
18
36 19
36 22
36 49
36 48
36 37
36 30
36 6
36 17
36 5
36 42
36 13
36 25
36 10
36 38
36 33
36 21
36 47
36 43
19
37 49
37 33
37 38
37 45
37 5
37 40
37 13
37 41
37 22
37 30
37 18
37 43
37 35
37 20
37 25
37 34
37 9
37 10
37 24
21
38 35
38 43
38 9
38 30
38 15
38 24
38 28
38 33
38 31
38 26
38 34
38 46
38 8
38 7
38 29
38 39
38 49
38 22
38 32
38 3
38 0
23
39 26
39 46
39 48
39 28
39 0
39 40
39 33
39 29
39 37
39 31
39 14
39 12
39 17
39 5
39 36
39 45
39 23
39 13
39 25
39 4
39 47
39 43
39 30
17
40 0
40 8
40 10
40 31
40 13
40 12
40 41
40 2
40 19
40 25
40 24
40 7
40 21
40 29
40 5
40 28
40 27
17
41 12
41 8
41 39
41 25
41 36
41 32
41 24
41 47
41 16
41 15
41 38
41 46
41 43
41 33
41 5
41 3
41 34
16
42 15
42 19
42 14
42 25
42 34
42 11
42 37
42 28
42 31
42 48
42 41
42 3
42 21
42 8
42 40
42 32
19
43 5
43 28
43 32
43 1
43 18
43 33
43 0
43 9
43 25
43 35
43 6
43 10
43 46
43 7
43 19
43 14
43 16
43 12
43 4
21
44 26
44 37
44 6
44 5
44 43
44 14
44 0
44 28
44 33
44 3
44 49
44 24
44 36
44 38
44 29
44 40
44 32
44 22
44 11
44 20
44 34
22
45 35
45 8
45 46
45 5
45 47
45 19
45 38
45 11
45 27
45 0
45 29
45 44
45 6
45 43
45 18
45 28
45 34
45 33
45 20
45 32
45 14
45 36
19
46 44
46 40
46 37
46 19
46 2
46 10
46 30
46 6
46 49
46 4
46 25
46 8
46 48
46 21
46 17
46 31
46 23
46 28
46 9
19
47 24
47 16
47 35
47 34
47 4
47 17
47 32
47 10
47 28
47 23
47 15
47 2
47 46
47 13
47 22
47 44
47 33
47 43
47 19
22
48 35
48 28
48 0
48 38
48 11
48 45
48 40
48 3
48 44
48 8
48 22
48 31
48 41
48 29
48 15
48 43
48 2
48 6
48 4
48 49
48 26
48 37
20
49 6
49 15
49 47
49 10
49 30
49 8
49 26
49 19
49 17
49 45
49 33
49 12
49 13
49 1
49 22
49 2
49 3
49 35
49 39
49 11
