50
0 "A29"
1 "A39"
2 "A2"
3 "A40"
4 "A11"
5 "A13"
6 "A10"
7 "A36"
8 "A27"
9 "A9"
10 "A37"
11 "A5"
12 "A14"
13 "A15"
14 "A17"
15 "A46"
16 "A35"
17 "A20"
18 "A23"
19 "A0"
20 "A33"
21 "A43"
22 "A6"
23 "A21"
24 "A12"
25 "A32"
26 "A30"
27 "A28"
28 "A3"
29 "A41"
30 "A1"
31 "A7"
32 "A48"
33 "A16"
34 "A42"
35 "A19"
36 "A38"
37 "A45"
38 "A49"
39 "A18"
40 "A34"
41 "A4"
42 "A47"
43 "A8"
44 "A22"
45 "A25"
46 "A26"
47 "A44"
48 "A31"
49 "A24"
18
0 1
0 7
0 21
0 5
0 29
0 32
0 24
0 39
0 30
0 37
0 6
0 34
0 8
0 15
0 3
0 2
0 13
0 38
20
1 10
1 19
1 3
1 40
1 29
1 32
1 44
1 13
1 20
1 35
1 48
1 5
1 46
1 27
1 47
1 18
1 36
1 21
1 30
1 15
13
2 33
2 17
2 28
2 34
2 25
2 38
2 37
2 41
2 42
2 30
2 12
2 6
2 40
16
3 15
3 25
3 13
3 38
3 47
3 6
3 29
3 23
3 39
3 21
3 8
3 28
3 32
3 10
3 41
3 44
21
4 1
4 13
4 25
4 31
4 45
4 32
4 34
4 24
4 40
4 0
4 29
4 27
4 46
4 17
4 2
4 3
4 12
4 35
4 14
4 49
4 8
20
5 49
5 29
5 11
5 45
5 18
5 47
5 22
5 39
5 27
5 3
5 15
5 16
5 10
5 14
5 9
5 13
5 2
5 4
5 44
5 17
18
6 10
6 31
6 39
6 40
6 20
6 41
6 13
6 18
6 4
6 21
6 23
6 19
6 37
6 29
6 30
6 12
6 27
6 5
17
7 37
7 48
7 25
7 32
7 29
7 17
7 23
7 2
7 30
7 44
7 39
7 3
7 9
7 11
7 47
7 24
7 46
20
8 13
8 42
8 26
8 10
8 5
8 46
8 31
8 19
8 24
8 2
8 16
8 6
8 36
8 12
8 48
8 20
8 25
8 32
8 21
8 35
25
9 38
9 11
9 13
9 37
9 10
9 27
9 44
9 20
9 8
9 40
9 0
9 17
9 22
9 48
9 30
9 21
9 3
9 31
9 25
9 42
9 33
9 23
9 4
9 28
9 46
14
10 49
10 43
10 40
10 47
10 11
10 19
10 24
10 29
10 7
10 37
10 0
10 36
10 34
10 2
21
11 42
11 1
11 2
11 16
11 43
11 8
11 31
11 27
11 3
11 6
11 39
11 4
11 38
11 0
11 13
11 34
11 47
11 30
11 36
11 17
11 48
18
12 47
12 1
12 7
12 19
12 32
12 5
12 28
12 10
12 0
12 24
12 14
12 23
12 35
12 18
12 3
12 26
12 27
12 38
20
13 12
13 44
13 30
13 2
13 36
13 27
13 31
13 32
13 40
13 47
13 20
13 23
13 10
13 37
13 24
13 48
13 49
13 41
13 38
13 7
19
14 21
14 33
14 10
14 27
14 41
14 0
14 40
14 6
14 20
14 29
14 23
14 15
14 13
14 24
14 3
14 2
14 39
14 31
14 16
17
15 12
15 29
15 40
15 6
15 20
15 2
15 4
15 42
15 33
15 47
15 38
15 48
15 35
15 46
15 13
15 10
15 9
23
16 7
16 42
16 39
16 40
16 2
16 10
16 25
16 12
16 48
16 4
16 19
16 35
16 9
16 38
16 15
16 46
16 13
16 45
16 36
16 0
16 17
16 33
16 41
11
17 18
17 3
17 36
17 48
17 37
17 6
17 40
17 42
17 0
17 45
17 44
23
18 2
18 34
18 27
18 29
18 13
18 16
18 11
18 7
18 4
18 19
18 47
18 20
18 48
18 33
18 9
18 21
18 43
18 37
18 25
18 23
18 36
18 14
18 28
19
19 15
19 11
19 37
19 40
19 45
19 44
19 7
19 27
19 39
19 20
19 13
19 33
19 29
19 0
19 2
19 48
19 22
19 9
19 5
25
20 36
20 21
20 4
20 47
20 38
20 2
20 0
20 37
20 43
20 17
20 5
20 12
20 48
20 16
20 44
20 10
20 29
20 22
20 35
20 49
20 26
20 7
20 28
20 11
20 32
14
21 16
21 40
21 2
21 7
21 13
21 44
21 12
21 5
21 31
21 39
21 29
21 4
21 17
21 34
26
22 43
22 16
22 21
22 8
22 37
22 3
22 46
22 49
22 48
22 1
22 44
22 38
22 39
22 27
22 11
22 41
22 13
22 23
22 30
22 18
22 7
22 45
22 0
22 24
22 40
22 32
22
23 2
23 5
23 20
23 37
23 33
23 17
23 19
23 38
23 16
23 41
23 25
23 45
23 30
23 8
23 42
23 31
23 36
23 1
23 4
23 21
23 10
23 28
17
24 17
24 31
24 18
24 28
24 35
24 48
24 23
24 21
24 25
24 15
24 38
24 34
24 49
24 36
24 5
24 6
24 3
21
25 20
25 36
25 13
25 17
25 1
25 21
25 35
25 37
25 40
25 11
25 49
25 27
25 19
25 47
25 14
25 6
25 10
25 32
25 0
25 44
25 38
32
26 2
26 16
26 38
26 41
26 45
26 28
26 10
26 44
26 0
26 3
26 14
26 15
26 6
26 18
26 27
26 36
26 23
26 33
26 4
26 49
26 30
26 1
26 37
26 17
26 5
26 19
26 13
26 47
26 7
26 11
26 21
26 25
16
27 41
27 23
27 48
27 28
27 47
27 3
27 20
27 38
27 10
27 36
27 24
27 15
27 8
27 35
27 39
27 0
24
28 14
28 41
28 36
28 4
28 22
28 29
28 39
28 38
28 16
28 13
28 1
28 25
28 0
28 19
28 21
28 37
28 8
28 43
28 49
28 44
28 10
28 46
28 5
28 7
17
29 33
29 22
29 9
29 8
29 45
29 16
29 35
29 26
29 23
29 32
29 31
29 27
29 25
29 37
29 43
29 49
29 48
22
30 31
30 35
30 48
30 18
30 37
30 15
30 17
30 20
30 21
30 27
30 16
30 34
30 45
30 32
30 41
30 10
30 5
30 33
30 24
30 36
30 3
30 12
20
31 27
31 47
31 19
31 2
31 7
31 17
31 5
31 16
31 38
31 20
31 1
31 34
31 22
31 49
31 12
31 18
31 26
31 28
31 45
31 37
20
32 39
32 38
32 18
32 28
32 14
32 17
32 49
32 15
32 6
32 46
32 24
32 16
32 11
32 9
32 31
32 40
32 27
32 26
32 42
32 41
22
33 13
33 1
33 25
33 28
33 44
33 45
33 6
33 11
33 40
33 39
33 48
33 10
33 34
33 8
33 49
33 22
33 7
33 12
33 3
33 5
33 21
33 47
22
34 35
34 42
34 6
34 47
34 19
34 14
34 8
34 5
34 16
34 25
34 26
34 40
34 17
34 13
34 15
34 7
34 44
34 29
34 36
34 3
34 37
34 27
18
35 17
35 7
35 5
35 39
35 6
35 23
35 3
35 42
35 13
35 19
35 22
35 46
35 0
35 33
35 18
35 37
35 28
35 2
17
36 2
36 6
36 43
36 9
36 12
36 4
36 21
36 7
36 3
36 29
36 5
36 46
36 35
36 33
36 19
36 39
36 32
17
37 1
37 38
37 45
37 40
37 33
37 5
37 15
37 11
37 3
37 47
37 16
37 36
37 14
37 32
37 21
37 43
37 48
16
38 5
38 6
38 33
38 14
38 19
38 21
38 17
38 34
38 1
38 8
38 39
38 47
38 43
38 44
38 29
38 35
18
39 4
39 47
39 25
39 2
39 31
39 49
39 29
39 24
39 34
39 1
39 18
39 17
39 45
39 26
39 9
39 30
39 23
39 10
14
40 45
40 0
40 41
40 35
40 11
40 31
40 38
40 36
40 8
40 12
40 46
40 5
40 20
40 27
18
41 4
41 42
41 5
41 39
41 35
41 20
41 9
41 19
41 1
41 18
41 44
41 49
41 31
41 47
41 24
41 38
41 45
41 25
26
42 25
42 26
42 47
42 6
42 24
42 0
42 36
42 40
42 22
42 28
42 48
42 37
42 19
42 27
42 10
42 38
42 31
42 12
42 30
42 21
42 3
42 4
42 7
42 5
42 18
42 1
24
43 34
43 40
43 14
43 23
43 15
43 42
43 24
43 27
43 8
43 44
43 5
43 1
43 16
43 30
43 0
43 6
43 17
43 26
43 41
43 33
43 35
43 32
43 39
43 25
22
44 0
44 15
44 29
44 37
44 47
44 10
44 32
44 11
44 31
44 45
44 39
44 35
44 30
44 27
44 49
44 2
44 42
44 36
44 23
44 6
44 4
44 40
23
45 9
45 21
45 47
45 34
45 10
45 13
45 11
45 15
45 8
45 7
45 3
45 48
45 6
45 38
45 28
45 36
45 12
45 20
45 43
45 49
45 35
45 27
45 24
22
46 21
46 48
46 17
46 25
46 6
46 49
46 23
46 19
46 45
46 31
46 37
46 47
46 13
46 33
46 29
46 39
46 18
46 11
46 12
46 3
46 44
46 42
17
47 0
47 2
47 43
47 48
47 19
47 4
47 21
47 49
47 22
47 24
47 17
47 32
47 28
47 8
47 23
47 9
47 14
14
48 28
48 21
48 40
48 43
48 44
48 2
48 36
48 39
48 26
48 25
48 35
48 6
48 32
48 0
21
49 42
49 6
49 15
49 30
49 48
49 35
49 36
49 8
49 3
49 0
49 18
49 43
49 27
49 38
49 11
49 14
49 21
49 2
49 7
49 40
49 9
