50
0 "A29"
1 "A39"
2 "A2"
3 "A40"
4 "A11"
5 "A13"
6 "A10"
7 "A36"
8 "A27"
9 "A9"
10 "A37"
11 "A5"
12 "A14"
13 "A15"
14 "A17"
15 "A46"
16 "A35"
17 "A20"
18 "A23"
19 "A0"
20 "A33"
21 "A43"
22 "A6"
23 "A21"
24 "A12"
25 "A32"
26 "A30"
27 "A28"
28 "A3"
29 "A41"
30 "A1"
31 "A7"
32 "A48"
33 "A16"
34 "A42"
35 "A19"
36 "A38"
37 "A45"
38 "A49"
39 "A18"
40 "A34"
41 "A4"
42 "A47"
43 "A8"
44 "A22"
45 "A25"
46 "A26"
47 "A44"
48 "A31"
49 "A24"
16
0 20
0 48
0 41
0 45
0 28
0 49
0 35
0 7
0 34
0 6
0 33
0 4
0 46
0 2
0 44
0 21
20
1 10
1 6
1 29
1 36
1 18
1 49
1 43
1 44
1 42
1 17
1 33
1 48
1 5
1 21
1 2
1 11
1 30
1 16
1 40
1 4
17
2 20
2 11
2 8
2 44
2 40
2 22
2 7
2 48
2 13
2 9
2 26
2 33
2 36
2 21
2 12
2 4
2 28
24
3 1
3 34
3 28
3 41
3 13
3 2
3 36
3 9
3 38
3 44
3 21
3 29
3 49
3 0
3 19
3 35
3 45
3 8
3 39
3 7
3 48
3 5
3 15
3 46
18
4 24
4 23
4 22
4 42
4 26
4 35
4 14
4 20
4 21
4 3
4 48
4 31
4 25
4 41
4 40
4 30
4 11
4 15
22
5 14
5 28
5 44
5 33
5 26
5 23
5 16
5 17
5 19
5 47
5 37
5 45
5 29
5 13
5 0
5 21
5 11
5 25
5 30
5 35
5 42
5 4
14
6 25
6 28
6 49
6 19
6 46
6 14
6 8
6 21
6 35
6 11
6 3
6 24
6 5
6 33
21
7 34
7 45
7 38
7 48
7 21
7 24
7 28
7 6
7 25
7 43
7 11
7 4
7 10
7 17
7 41
7 42
7 5
7 31
7 49
7 33
7 18
16
8 11
8 9
8 33
8 12
8 30
8 0
8 45
8 46
8 41
8 42
8 27
8 39
8 40
8 22
8 4
8 26
19
9 14
9 17
9 12
9 32
9 43
9 26
9 7
9 4
9 5
9 6
9 28
9 10
9 42
9 24
9 38
9 15
9 16
9 11
9 19
17
10 6
10 11
10 35
10 27
10 19
10 20
10 2
10 4
10 46
10 16
10 47
10 8
10 14
10 43
10 28
10 15
10 13
20
11 48
11 23
11 42
11 37
11 20
11 17
11 24
11 39
11 36
11 15
11 46
11 21
11 43
11 28
11 19
11 3
11 0
11 18
11 13
11 29
20
12 47
12 15
12 32
12 18
12 46
12 19
12 10
12 33
12 26
12 0
12 4
12 6
12 16
12 31
12 7
12 44
12 45
12 49
12 34
12 3
24
13 22
13 1
13 0
13 8
13 32
13 6
13 30
13 20
13 17
13 49
13 4
13 42
13 15
13 47
13 26
13 40
13 46
13 39
13 41
13 33
13 7
13 48
13 28
13 12
22
14 49
14 0
14 40
14 23
14 11
14 3
14 48
14 37
14 31
14 27
14 34
14 28
14 1
14 36
14 22
14 29
14 19
14 46
14 18
14 2
14 16
14 32
17
15 41
15 14
15 2
15 19
15 29
15 22
15 18
15 43
15 7
15 45
15 28
15 48
15 6
15 47
15 27
15 31
15 35
25
16 43
16 8
16 23
16 15
16 40
16 44
16 0
16 27
16 30
16 3
16 26
16 7
16 36
16 49
16 45
16 13
16 37
16 32
16 20
16 34
16 11
16 29
16 17
16 4
16 35
16
17 47
17 30
17 29
17 15
17 32
17 34
17 8
17 4
17 46
17 31
17 28
17 44
17 24
17 33
17 36
17 12
19
18 10
18 42
18 24
18 5
18 3
18 4
18 32
18 8
18 35
18 45
18 16
18 17
18 36
18 20
18 13
18 40
18 2
18 9
18 29
17
19 30
19 41
19 18
19 45
19 2
19 13
19 0
19 1
19 36
19 4
19 28
19 21
19 7
19 33
19 26
19 17
19 16
20
20 22
20 19
20 42
20 28
20 30
20 8
20 39
20 12
20 45
20 7
20 17
20 6
20 14
20 15
20 3
20 43
20 1
20 35
20 24
20 31
20
21 34
21 22
21 42
21 25
21 13
21 40
21 9
21 43
21 26
21 10
21 41
21 15
21 48
21 35
21 14
21 27
21 37
21 49
21 47
21 24
19
22 43
22 18
22 42
22 10
22 49
22 35
22 1
22 27
22 46
22 48
22 26
22 28
22 33
22 11
22 38
22 45
22 17
22 9
22 12
26
23 9
23 2
23 45
23 39
23 26
23 17
23 40
23 29
23 21
23 19
23 30
23 25
23 37
23 34
23 20
23 18
23 28
23 13
23 1
23 35
23 44
23 12
23 32
23 49
23 22
23 8
19
24 47
24 8
24 12
24 49
24 0
24 3
24 27
24 22
24 23
24 30
24 38
24 25
24 19
24 2
24 34
24 48
24 31
24 41
24 15
21
25 13
25 44
25 11
25 35
25 0
25 43
25 40
25 47
25 8
25 48
25 19
25 1
25 10
25 18
25 14
25 12
25 27
25 2
25 3
25 20
25 32
25
26 20
26 40
26 3
26 49
26 11
26 33
26 29
26 34
26 37
26 7
26 46
26 47
26 38
26 28
26 31
26 15
26 18
26 25
26 6
26 14
26 1
26 17
26 27
26 30
26 36
22
27 31
27 34
27 23
27 41
27 49
27 17
27 4
27 7
27 11
27 3
27 12
27 44
27 20
27 19
27 39
27 2
27 6
27 30
27 35
27 5
27 0
27 1
14
28 27
28 49
28 45
28 33
28 21
28 30
28 42
28 25
28 40
28 36
28 1
28 8
28 44
28 48
21
29 22
29 33
29 9
29 7
29 28
29 21
29 27
29 10
29 46
29 34
29 12
29 0
29 24
29 44
29 45
29 19
29 6
29 41
29 2
29 4
29 13
14
30 31
30 25
30 10
30 39
30 12
30 14
30 2
30 47
30 7
30 21
30 22
30 15
30 45
30 29
17
31 13
31 1
31 6
31 40
31 32
31 25
31 10
31 5
31 41
31 23
31 29
31 16
31 21
31 39
31 34
31 42
31 18
21
32 4
32 29
32 34
32 3
32 1
32 28
32 26
32 11
32 15
32 30
32 0
32 24
32 19
32 8
32 20
32 6
32 44
32 35
32 49
32 41
32 22
19
33 25
33 27
33 24
33 23
33 34
33 40
33 38
33 14
33 46
33 4
33 15
33 32
33 30
33 3
33 20
33 44
33 9
33 36
33 31
22
34 9
34 20
34 22
34 2
34 25
34 15
34 39
34 19
34 28
34 49
34 8
34 43
34 4
34 40
34 1
34 47
34 13
34 44
34 11
34 18
34 6
34 10
20
35 9
35 24
35 41
35 28
35 1
35 45
35 13
35 33
35 34
35 8
35 12
35 7
35 14
35 29
35 47
35 2
35 17
35 49
35 26
35 39
20
36 6
36 29
36 10
36 42
36 31
36 20
36 15
36 48
36 34
36 35
36 22
36 32
36 47
36 30
36 25
36 41
36 5
36 12
36 9
36 7
24
37 44
37 29
37 35
37 18
37 17
37 9
37 20
37 19
37 4
37 15
37 30
37 31
37 24
37 27
37 33
37 3
37 47
37 0
37 34
37 1
37 40
37 2
37 13
37 28
23
38 37
38 41
38 31
38 11
38 12
38 0
38 23
38 13
38 48
38 30
38 15
38 8
38 34
38 43
38 17
38 1
38 36
38 10
38 32
38 25
38 14
38 28
38 5
25
39 19
39 1
39 29
39 48
39 6
39 9
39 22
39 2
39 38
39 18
39 4
39 0
39 7
39 44
39 37
39 21
39 32
39 45
39 46
39 26
39 14
39 41
39 42
39 33
39 43
19
40 6
40 35
40 24
40 46
40 47
40 22
40 38
40 29
40 15
40 30
40 20
40 27
40 7
40 17
40 48
40 43
40 12
40 9
40 32
14
41 11
41 5
41 42
41 9
41 40
41 18
41 20
41 25
41 45
41 26
41 28
41 48
41 14
41 33
16
42 38
42 14
42 3
42 24
42 33
42 23
42 12
42 15
42 43
42 16
42 10
42 25
42 27
42 17
42 26
42 0
18
43 30
43 5
43 44
43 37
43 27
43 35
43 2
43 28
43 26
43 36
43 14
43 19
43 31
43 0
43 17
43 12
43 32
43 23
14
44 42
44 47
44 11
44 19
44 21
44 14
44 24
44 7
44 30
44 4
44 38
44 41
44 35
44 6
23
45 46
45 9
45 24
45 17
45 32
45 1
45 43
45 31
45 10
45 21
45 44
45 38
45 33
45 13
45 14
45 36
45 11
45 37
45 6
45 27
45 4
45 26
45 25
18
46 19
46 15
46 44
46 30
46 5
46 41
46 21
46 24
46 35
46 23
46 28
46 36
46 32
46 16
46 2
46 34
46 25
46 31
24
47 18
47 1
47 32
47 7
47 27
47 11
47 48
47 0
47 23
47 43
47 33
47 19
47 28
47 9
47 46
47 45
47 6
47 38
47 41
47 39
47 29
47 14
47 31
47 4
17
48 31
48 30
48 29
48 20
48 32
48 5
48 10
48 37
48 18
48 16
48 9
48 46
48 27
48 44
48 43
48 45
48 19
21
49 30
49 38
49 45
49 29
49 39
49 10
49 4
49 42
49 2
49 44
49 20
49 33
49 31
49 11
49 48
49 36
49 46
49 5
49 18
49 8
49 43
