50
0 "A29"
1 "A39"
2 "A2"
3 "A40"
4 "A11"
5 "A13"
6 "A10"
7 "A36"
8 "A27"
9 "A9"
10 "A37"
11 "A5"
12 "A14"
13 "A15"
14 "A17"
15 "A46"
16 "A35"
17 "A20"
18 "A23"
19 "A0"
20 "A33"
21 "A43"
22 "A6"
23 "A21"
24 "A12"
25 "A32"
26 "A30"
27 "A28"
28 "A3"
29 "A41"
30 "A1"
31 "A7"
32 "A48"
33 "A16"
34 "A42"
35 "A19"
36 "A38"
37 "A45"
38 "A49"
39 "A18"
40 "A34"
41 "A4"
42 "A47"
43 "A8"
44 "A22"
45 "A25"
46 "A26"
47 "A44"
48 "A31"
49 "A24"
19
0 25
0 32
0 21
0 12
0 22
0 27
0 6
0 4
0 48
0 43
0 40
0 16
0 37
0 29
0 17
0 31
0 3
0 18
0 2
21
1 4
1 47
1 8
1 18
1 49
1 35
1 24
1 15
1 46
1 12
1 9
1 37
1 31
1 40
1 36
1 16
1 22
1 39
1 20
1 0
1 5
18
2 8
2 1
2 13
2 25
2 4
2 37
2 9
2 21
2 39
2 6
2 28
2 45
2 40
2 20
2 29
2 47
2 17
2 5
22
3 5
3 6
3 41
3 17
3 24
3 37
3 46
3 45
3 4
3 32
3 29
3 33
3 39
3 16
3 40
3 26
3 31
3 9
3 36
3 27
3 49
3 7
21
4 41
4 48
4 49
4 24
4 39
4 23
4 11
4 42
4 36
4 38
4 26
4 19
4 14
4 29
4 33
4 21
4 25
4 28
4 13
4 20
4 10
16
5 45
5 19
5 0
5 14
5 11
5 16
5 47
5 17
5 37
5 36
5 22
5 15
5 6
5 29
5 34
5 40
15
6 1
6 42
6 15
6 27
6 18
6 4
6 9
6 36
6 28
6 13
6 11
6 44
6 35
6 39
6 14
20
7 42
7 12
7 21
7 13
7 32
7 28
7 16
7 4
7 6
7 31
7 5
7 14
7 0
7 30
7 26
7 27
7 2
7 34
7 47
7 41
23
8 37
8 43
8 17
8 39
8 27
8 38
8 11
8 12
8 4
8 0
8 24
8 28
8 18
8 40
8 13
8 10
8 7
8 32
8 15
8 5
8 16
8 44
8 6
16
9 8
9 21
9 5
9 37
9 11
9 46
9 40
9 13
9 38
9 16
9 48
9 25
9 49
9 7
9 47
9 10
17
10 44
10 18
10 46
10 7
10 36
10 2
10 39
10 16
10 49
10 34
10 43
10 15
10 45
10 25
10 0
10 3
10 48
14
11 3
11 29
11 10
11 0
11 33
11 1
11 12
11 2
11 22
11 14
11 37
11 21
11 39
11 38
22
12 21
12 24
12 18
12 34
12 17
12 30
12 39
12 41
12 2
12 9
12 31
12 37
12 48
12 6
12 44
12 10
12 5
12 19
12 23
12 27
12 43
12 33
21
13 22
13 15
13 33
13 10
13 35
13 45
13 3
13 49
13 25
13 36
13 46
13 32
13 17
13 16
13 20
13 39
13 5
13 28
13 48
13 11
13 1
26
14 20
14 21
14 10
14 47
14 24
14 37
14 30
14 0
14 1
14 16
14 46
14 2
14 38
14 12
14 9
14 34
14 48
14 29
14 19
14 17
14 31
14 35
14 13
14 8
14 25
14 23
24
15 27
15 30
15 45
15 17
15 22
15 2
15 37
15 49
15 18
15 44
15 14
15 33
15 26
15 34
15 25
15 48
15 12
15 3
15 35
15 38
15 28
15 43
15 24
15 46
22
16 25
16 38
16 6
16 35
16 48
16 27
16 24
16 36
16 31
16 49
16 19
16 41
16 21
16 29
16 12
16 45
16 15
16 2
16 37
16 28
16 22
16 26
10
17 1
17 6
17 7
17 46
17 43
17 32
17 41
17 47
17 38
17 31
20
18 48
18 11
18 17
18 9
18 4
18 47
18 2
18 39
18 23
18 13
18 34
18 24
18 43
18 29
18 3
18 25
18 37
18 5
18 49
18 16
26
19 49
19 0
19 2
19 31
19 24
19 23
19 30
19 3
19 18
19 43
19 11
19 25
19 26
19 44
19 35
19 7
19 10
19 33
19 45
19 13
19 17
19 6
19 34
19 38
19 9
19 37
18
20 38
20 34
20 10
20 11
20 17
20 48
20 31
20 21
20 41
20 12
20 15
20 25
20 3
20 43
20 27
20 37
20 24
20 29
18
21 10
21 43
21 33
21 37
21 8
21 38
21 40
21 19
21 13
21 34
21 48
21 47
21 15
21 28
21 3
21 27
21 24
21 17
21
22 38
22 17
22 3
22 7
22 12
22 30
22 46
22 6
22 26
22 19
22 9
22 28
22 2
22 43
22 18
22 34
22 32
22 35
22 21
22 40
22 4
20
23 17
23 49
23 0
23 27
23 9
23 21
23 32
23 26
23 35
23 28
23 7
23 6
23 42
23 11
23 25
23 3
23 48
23 16
23 13
23 5
23
24 7
24 13
24 5
24 48
24 32
24 6
24 37
24 23
24 39
24 26
24 46
24 49
24 34
24 25
24 45
24 11
24 17
24 31
24 27
24 44
24 10
24 2
24 30
15
25 12
25 33
25 1
25 8
25 41
25 39
25 21
25 30
25 38
25 27
25 22
25 6
25 3
25 36
25 37
22
26 21
26 11
26 12
26 25
26 18
26 32
26 30
26 47
26 41
26 2
26 1
26 31
26 17
26 36
26 10
26 14
26 38
26 39
26 48
26 5
26 37
26 27
13
27 1
27 28
27 17
27 37
27 11
27 5
27 46
27 45
27 31
27 14
27 38
27 22
27 4
20
28 43
28 20
28 14
28 25
28 0
28 26
28 12
28 40
28 17
28 30
28 35
28 5
28 41
28 38
28 36
28 11
28 3
28 47
28 24
28 31
24
29 9
29 47
29 26
29 28
29 30
29 8
29 19
29 41
29 17
29 35
29 34
29 25
29 40
29 1
29 27
29 6
29 23
29 48
29 22
29 15
29 21
29 10
29 46
29 38
15
30 35
30 20
30 45
30 16
30 8
30 23
30 6
30 4
30 18
30 1
30 38
30 41
30 21
30 39
30 17
18
31 11
31 21
31 4
31 2
31 9
31 29
31 30
31 49
31 10
31 39
31 33
31 44
31 43
31 41
31 5
31 15
31 18
31 42
19
32 27
32 36
32 31
32 29
32 6
32 33
32 16
32 2
32 1
32 14
32 42
32 18
32 5
32 20
32 28
32 21
32 19
32 15
32 45
20
33 38
33 9
33 37
33 5
33 36
33 8
33 2
33 27
33 16
33 17
33 35
33 34
33 10
33 7
33 23
33 22
33 26
33 6
33 44
33 49
17
34 35
34 3
34 41
34 39
34 28
34 1
34 2
34 31
34 42
34 17
34 0
34 48
34 38
34 49
34 13
34 27
34 16
15
35 45
35 2
35 4
35 27
35 7
35 42
35 10
35 40
35 8
35 18
35 0
35 17
35 49
35 24
35 43
26
36 11
36 24
36 9
36 27
36 18
36 14
36 23
36 37
36 34
36 22
36 2
36 46
36 31
36 42
36 29
36 17
36 35
36 12
36 39
36 47
36 20
36 0
36 19
36 40
36 44
36 49
13
37 41
37 35
37 47
37 13
37 6
37 30
37 28
37 7
37 4
37 31
37 29
37 34
37 22
16
38 2
38 41
38 5
38 31
38 32
38 35
38 42
38 45
38 18
38 37
38 10
38 23
38 24
38 47
38 6
38 36
16
39 23
39 14
39 27
39 15
39 28
39 16
39 21
39 45
39 0
39 38
39 20
39 47
39 48
39 9
39 41
39 35
26
40 16
40 38
40 34
40 27
40 17
40 32
40 20
40 6
40 12
40 10
40 25
40 30
40 31
40 39
40 48
40 7
40 37
40 19
40 26
40 23
40 45
40 15
40 13
40 14
40 33
40 4
20
41 35
41 27
41 18
41 22
41 46
41 40
41 23
41 32
41 19
41 44
41 36
41 13
41 5
41 43
41 47
41 2
41 11
41 6
41 8
41 9
26
42 20
42 19
42 24
42 22
42 39
42 30
42 14
42 15
42 49
42 12
42 26
42 17
42 3
42 18
42 25
42 27
42 1
42 8
42 10
42 46
42 13
42 33
42 11
42 37
42 47
42 0
20
43 24
43 16
43 9
43 46
43 13
43 36
43 29
43 4
43 34
43 6
43 5
43 39
43 27
43 11
43 47
43 30
43 23
43 33
43 14
43 3
22
44 16
44 3
44 43
44 38
44 14
44 0
44 34
44 27
44 39
44 35
44 37
44 46
44 4
44 11
44 17
44 22
44 32
44 42
44 2
44 30
44 29
44 21
21
45 26
45 0
45 11
45 4
45 21
45 1
45 49
45 23
45 34
45 17
45 43
45 18
45 48
45 29
45 36
45 22
45 42
45 44
45 20
45 25
45 41
20
46 32
46 39
46 25
46 6
46 31
46 26
46 34
46 8
46 33
46 2
46 40
46 0
46 38
46 7
46 35
46 19
46 20
46 16
46 23
46 21
22
47 8
47 24
47 12
47 45
47 32
47 34
47 6
47 33
47 46
47 23
47 27
47 44
47 16
47 19
47 22
47 31
47 13
47 20
47 4
47 3
47 35
47 40
22
48 11
48 17
48 1
48 7
48 5
48 31
48 38
48 43
48 28
48 46
48 22
48 2
48 27
48 6
48 32
48 35
48 33
48 37
48 41
48 36
48 42
48 8
19
49 37
49 32
49 38
49 21
49 40
49 8
49 22
49 47
49 46
49 2
49 26
49 17
49 44
49 20
49 27
49 39
49 7
49 6
49 41
