50
0 "A29"
1 "A39"
2 "A2"
3 "A40"
4 "A11"
5 "A13"
6 "A10"
7 "A36"
8 "A27"
9 "A9"
10 "A37"
11 "A5"
12 "A14"
13 "A15"
14 "A17"
15 "A46"
16 "A35"
17 "A20"
18 "A23"
19 "A0"
20 "A33"
21 "A43"
22 "A6"
23 "A21"
24 "A12"
25 "A32"
26 "A30"
27 "A28"
28 "A3"
29 "A41"
30 "A1"
31 "A7"
32 "A48"
33 "A16"
34 "A42"
35 "A19"
36 "A38"
37 "A45"
38 "A49"
39 "A18"
40 "A34"
41 "A4"
42 "A47"
43 "A8"
44 "A22"
45 "A25"
46 "A26"
47 "A44"
48 "A31"
49 "A24"
19
0 4
0 14
0 21
0 28
0 43
0 44
0 3
0 22
0 39
0 19
0 15
0 48
0 27
0 24
0 12
0 36
0 42
0 16
0 30
20
1 41
1 19
1 17
1 10
1 6
1 34
1 36
1 31
1 24
1 25
1 44
1 37
1 28
1 29
1 9
1 12
1 21
1 42
1 8
1 47
21
2 1
2 16
2 11
2 38
2 6
2 12
2 42
2 31
2 37
2 34
2 26
2 35
2 47
2 25
2 24
2 29
2 15
2 40
2 0
2 45
2 10
21
3 5
3 2
3 47
3 49
3 46
3 37
3 9
3 35
3 13
3 29
3 8
3 12
3 42
3 1
3 40
3 33
3 28
3 6
3 44
3 27
3 41
24
4 45
4 9
4 2
4 22
4 15
4 12
4 47
4 3
4 27
4 30
4 43
4 46
4 18
4 48
4 20
4 5
4 6
4 26
4 31
4 10
4 44
4 21
4 34
4 33
21
5 1
5 6
5 19
5 25
5 13
5 33
5 38
5 44
5 2
5 28
5 31
5 34
5 12
5 10
5 40
5 0
5 20
5 45
5 14
5 49
5 46
21
6 36
6 22
6 44
6 9
6 17
6 0
6 34
6 43
6 19
6 30
6 41
6 14
6 40
6 8
6 20
6 31
6 15
6 13
6 37
6 47
6 35
23
7 11
7 25
7 10
7 27
7 23
7 0
7 36
7 4
7 13
7 19
7 16
7 34
7 47
7 14
7 45
7 49
7 44
7 43
7 41
7 8
7 35
7 48
7 28
19
8 30
8 42
8 27
8 39
8 15
8 29
8 18
8 17
8 5
8 45
8 47
8 26
8 0
8 40
8 4
8 44
8 37
8 35
8 2
20
9 40
9 49
9 46
9 32
9 29
9 2
9 13
9 43
9 36
9 12
9 14
9 45
9 35
9 47
9 24
9 8
9 15
9 0
9 39
9 7
16
10 27
10 39
10 9
10 12
10 11
10 8
10 34
10 44
10 31
10 16
10 32
10 6
10 47
10 19
10 3
10 18
24
11 40
11 33
11 25
11 8
11 38
11 17
11 5
11 28
11 0
11 15
11 9
11 13
11 12
11 44
11 4
11 45
11 21
11 20
11 22
11 14
11 46
11 24
11 1
11 49
11
12 38
12 20
12 23
12 41
12 32
12 19
12 35
12 7
12 29
12 6
12 46
23
13 19
13 8
13 40
13 35
13 34
13 48
13 25
13 36
13 31
13 30
13 21
13 47
13 37
13 22
13 23
13 12
13 0
13 16
13 4
13 27
13 43
13 32
13 41
19
14 29
14 26
14 42
14 2
14 19
14 39
14 33
14 13
14 32
14 24
14 8
14 43
14 3
14 10
14 37
14 34
14 40
14 35
14 15
16
15 18
15 10
15 12
15 47
15 26
15 1
15 19
15 38
15 3
15 13
15 37
15 34
15 22
15 27
15 31
15 39
23
16 41
16 11
16 1
16 32
16 25
16 6
16 35
16 46
16 12
16 20
16 5
16 22
16 3
16 33
16 40
16 39
16 9
16 49
16 15
16 23
16 44
16 34
16 14
20
17 40
17 14
17 10
17 41
17 2
17 36
17 19
17 35
17 43
17 7
17 22
17 20
17 0
17 39
17 45
17 44
17 4
17 47
17 16
17 3
22
18 39
18 14
18 6
18 27
18 42
18 2
18 21
18 17
18 41
18 34
18 25
18 32
18 31
18 12
18 11
18 16
18 49
18 5
18 7
18 45
18 1
18 23
20
19 9
19 18
19 25
19 23
19 41
19 40
19 42
19 30
19 20
19 2
19 38
19 48
19 35
19 4
19 33
19 29
19 44
19 3
19 26
19 8
23
20 33
20 10
20 38
20 44
20 36
20 30
20 31
20 23
20 13
20 21
20 46
20 7
20 26
20 37
20 48
20 8
20 2
20 49
20 9
20 0
20 18
20 15
20 28
25
21 41
21 28
21 24
21 36
21 34
21 15
21 45
21 48
21 14
21 6
21 25
21 9
21 35
21 19
21 8
21 26
21 17
21 3
21 27
21 10
21 32
21 2
21 46
21 22
21 7
18
22 41
22 47
22 27
22 12
22 10
22 19
22 2
22 37
22 14
22 38
22 18
22 46
22 1
22 33
22 34
22 9
22 43
22 39
24
23 15
23 24
23 10
23 3
23 40
23 29
23 35
23 47
23 43
23 26
23 1
23 42
23 5
23 11
23 2
23 33
23 44
23 0
23 41
23 39
23 21
23 8
23 30
23 34
16
24 49
24 10
24 42
24 20
24 6
24 26
24 4
24 44
24 35
24 19
24 15
24 3
24 18
24 41
24 12
24 16
20
25 12
25 48
25 33
25 35
25 23
25 43
25 9
25 8
25 24
25 29
25 26
25 22
25 4
25 49
25 14
25 39
25 46
25 6
25 20
25 27
15
26 0
26 17
26 28
26 6
26 10
26 38
26 3
26 5
26 16
26 13
26 1
26 22
26 18
26 9
26 40
19
27 29
27 2
27 37
27 11
27 16
27 33
27 26
27 1
27 49
27 14
27 44
27 47
27 43
27 28
27 39
27 17
27 32
27 9
27 24
26
28 40
28 16
28 45
28 8
28 31
28 37
28 23
28 34
28 49
28 42
28 39
28 47
28 46
28 4
28 12
28 29
28 14
28 2
28 17
28 24
28 15
28 25
28 44
28 19
28 18
28 9
22
29 5
29 31
29 18
29 24
29 0
29 16
29 17
29 11
29 22
29 7
29 4
29 21
29 38
29 20
29 15
29 36
29 44
29 42
29 40
29 32
29 6
29 41
20
30 28
30 33
30 9
30 46
30 31
30 16
30 11
30 7
30 14
30 2
30 40
30 10
30 18
30 5
30 35
30 21
30 1
30 3
30 12
30 49
18
31 38
31 3
31 23
31 17
31 25
31 24
31 32
31 22
31 41
31 21
31 35
31 48
31 37
31 45
31 8
31 33
31 0
31 36
21
32 17
32 24
32 8
32 44
32 25
32 22
32 4
32 34
32 38
32 15
32 28
32 1
32 5
32 46
32 40
32 20
32 6
32 41
32 3
32 23
32 0
18
33 15
33 46
33 32
33 48
33 21
33 28
33 43
33 0
33 40
33 35
33 49
33 18
33 10
33 34
33 8
33 2
33 1
33 26
14
34 17
34 25
34 44
34 45
34 30
34 11
34 0
34 26
34 19
34 31
34 36
34 12
34 39
34 37
16
35 11
35 39
35 0
35 5
35 22
35 4
35 48
35 1
35 43
35 10
35 29
35 36
35 26
35 49
35 20
35 27
18
36 3
36 8
36 2
36 30
36 24
36 38
36 44
36 22
36 18
36 43
36 28
36 41
36 47
36 25
36 5
36 33
36 49
36 39
19
37 16
37 26
37 32
37 46
37 35
37 38
37 4
37 24
37 21
37 40
37 49
37 47
37 18
37 0
37 7
37 33
37 44
37 25
37 30
18
38 16
38 4
38 25
38 0
38 27
38 23
38 40
38 34
38 8
38 1
38 21
38 28
38 17
38 6
38 10
38 48
38 3
38 18
19
39 37
39 7
39 24
39 12
39 4
39 21
39 1
39 13
39 26
39 6
39 43
39 31
39 47
39 38
39 29
39 44
39 32
39 2
39 11
16
40 24
40 27
40 44
40 39
40 10
40 18
40 20
40 34
40 35
40 25
40 22
40 7
40 31
40 47
40 48
40 0
18
41 33
41 10
41 26
41 35
41 5
41 4
41 30
41 37
41 47
41 46
41 9
41 39
41 11
41 8
41 27
41 44
41 14
41 28
23
42 10
42 16
42 37
42 4
42 17
42 32
42 30
42 34
42 40
42 39
42 5
42 22
42 36
42 26
42 35
42 41
42 20
42 46
42 38
42 15
42 31
42 13
42 49
19
43 31
43 41
43 18
43 3
43 40
43 19
43 26
43 46
43 34
43 49
43 11
43 37
43 8
43 42
43 45
43 21
43 10
43 20
43 32
12
44 30
44 21
44 43
44 42
44 2
44 22
44 13
44 35
44 14
44 9
44 25
44 33
23
45 20
45 29
45 10
45 14
45 19
45 46
45 26
45 41
45 13
45 32
45 25
45 49
45 6
45 1
45 0
45 38
45 44
45 27
45 12
45 22
45 37
45 35
45 24
19
46 38
46 39
46 2
46 40
46 1
46 14
46 24
46 18
46 19
46 7
46 6
46 8
46 47
46 17
46 36
46 23
46 49
46 0
46 31
14
47 31
47 48
47 14
47 42
47 21
47 45
47 24
47 44
47 38
47 11
47 35
47 30
47 16
47 26
23
48 44
48 14
48 5
48 11
48 12
48 27
48 23
48 37
48 15
48 16
48 34
48 46
48 17
48 24
48 39
48 8
48 29
48 3
48 28
48 2
48 1
48 9
48 45
21
49 12
49 23
49 13
49 19
49 31
49 22
49 34
49 17
49 4
49 41
49 32
49 21
49 26
49 48
49 2
49 10
49 8
49 6
49 38
49 14
49 1
