50
0 "A29"
1 "A39"
2 "A2"
3 "A40"
4 "A11"
5 "A13"
6 "A10"
7 "A36"
8 "A27"
9 "A9"
10 "A37"
11 "A5"
12 "A14"
13 "A15"
14 "A17"
15 "A46"
16 "A35"
17 "A20"
18 "A23"
19 "A0"
20 "A33"
21 "A43"
22 "A6"
23 "A21"
24 "A12"
25 "A32"
26 "A30"
27 "A28"
28 "A3"
29 "A41"
30 "A1"
31 "A7"
32 "A48"
33 "A16"
34 "A42"
35 "A19"
36 "A38"
37 "A45"
38 "A49"
39 "A18"
40 "A34"
41 "A4"
42 "A47"
43 "A8"
44 "A22"
45 "A25"
46 "A26"
47 "A44"
48 "A31"
49 "A24"
23
0 22
0 44
0 7
0 47
0 3
0 42
0 36
0 11
0 13
0 23
0 46
0 28
0 40
0 17
0 31
0 9
0 14
0 6
0 49
0 33
0 16
0 8
0 1
18
1 16
1 22
1 27
1 14
1 10
1 7
1 38
1 49
1 31
1 13
1 29
1 3
1 21
1 9
1 48
1 20
1 23
1 30
16
2 13
2 1
2 11
2 7
2 48
2 38
2 44
2 22
2 16
2 37
2 8
2 49
2 43
2 42
2 35
2 6
18
3 6
3 31
3 24
3 22
3 39
3 7
3 42
3 29
3 45
3 14
3 32
3 38
3 15
3 25
3 12
3 46
3 2
3 17
25
4 33
4 25
4 16
4 45
4 44
4 38
4 29
4 27
4 47
4 10
4 34
4 7
4 15
4 17
4 13
4 43
4 39
4 5
4 0
4 18
4 20
4 8
4 24
4 3
4 48
24
5 20
5 40
5 29
5 3
5 36
5 7
5 24
5 18
5 49
5 44
5 0
5 42
5 47
5 37
5 11
5 39
5 12
5 8
5 35
5 23
5 6
5 32
5 38
5 19
21
6 23
6 25
6 42
6 14
6 12
6 36
6 31
6 9
6 41
6 46
6 4
6 37
6 30
6 10
6 27
6 47
6 1
6 33
6 39
6 45
6 11
22
7 26
7 18
7 22
7 10
7 32
7 35
7 9
7 48
7 31
7 20
7 11
7 39
7 42
7 6
7 28
7 8
7 25
7 14
7 49
7 15
7 38
7 37
22
8 40
8 36
8 39
8 32
8 35
8 34
8 25
8 26
8 49
8 42
8 43
8 9
8 47
8 20
8 33
8 37
8 46
8 15
8 1
8 18
8 28
8 3
19
9 40
9 28
9 13
9 33
9 41
9 30
9 2
9 35
9 10
9 48
9 4
9 12
9 17
9 16
9 3
9 22
9 36
9 38
9 25
27
10 45
10 33
10 15
10 36
10 41
10 16
10 39
10 46
10 32
10 26
10 30
10 8
10 24
10 29
10 0
10 23
10 3
10 49
10 43
10 44
10 5
10 38
10 25
10 48
10 14
10 19
10 2
24
11 3
11 16
11 33
11 44
11 45
11 43
11 21
11 15
11 29
11 39
11 27
11 26
11 31
11 46
11 28
11 18
11 35
11 9
11 1
11 13
11 34
11 42
11 8
11 10
23
12 16
12 31
12 19
12 27
12 32
12 2
12 13
12 1
12 41
12 49
12 38
12 26
12 47
12 8
12 34
12 11
12 14
12 23
12 0
12 29
12 10
12 18
12 44
19
13 6
13 33
13 10
13 8
13 35
13 48
13 28
13 25
13 3
13 44
13 36
13 40
13 46
13 39
13 19
13 5
13 32
13 7
13 18
15
14 13
14 4
14 17
14 11
14 23
14 40
14 31
14 5
14 49
14 28
14 20
14 25
14 39
14 21
14 37
19
15 39
15 25
15 48
15 1
15 5
15 36
15 33
15 27
15 19
15 13
15 6
15 23
15 18
15 14
15 2
15 43
15 24
15 21
15 29
22
16 5
16 32
16 48
16 3
16 13
16 41
16 6
16 8
16 18
16 17
16 14
16 25
16 39
16 15
16 20
16 35
16 37
16 7
16 44
16 28
16 43
16 26
17
17 11
17 2
17 21
17 36
17 47
17 26
17 43
17 20
17 41
17 6
17 1
17 12
17 23
17 7
17 46
17 42
17 30
19
18 33
18 36
18 39
18 41
18 43
18 46
18 0
18 19
18 3
18 17
18 32
18 27
18 20
18 35
18 28
18 38
18 24
18 2
18 1
21
19 14
19 6
19 32
19 8
19 7
19 1
19 42
19 35
19 17
19 44
19 37
19 26
19 27
19 16
19 39
19 0
19 3
19 28
19 2
19 22
19 11
25
20 15
20 30
20 34
20 0
20 13
20 39
20 6
20 42
20 36
20 37
20 41
20 23
20 21
20 49
20 47
20 27
20 2
20 43
20 9
20 11
20 19
20 44
20 3
20 45
20 12
28
21 31
21 30
21 46
21 2
21 29
21 16
21 19
21 0
21 38
21 8
21 4
21 41
21 43
21 26
21 39
21 42
21 24
21 12
21 18
21 23
21 22
21 48
21 7
21 10
21 32
21 6
21 34
21 27
19
22 27
22 38
22 49
22 23
22 8
22 5
22 28
22 18
22 6
22 16
22 17
22 39
22 44
22 14
22 12
22 31
22 37
22 4
22 20
13
23 16
23 11
23 2
23 33
23 48
23 34
23 35
23 29
23 3
23 44
23 18
23 9
23 25
20
24 13
24 6
24 14
24 27
24 19
24 9
24 37
24 26
24 49
24 1
24 45
24 38
24 46
24 34
24 20
24 32
24 33
24 17
24 43
24 2
16
25 47
25 0
25 40
25 5
25 22
25 46
25 36
25 29
25 27
25 1
25 43
25 48
25 20
25 11
25 24
25 34
17
26 4
26 15
26 9
26 2
26 0
26 6
26 25
26 23
26 27
26 45
26 31
26 18
26 46
26 14
26 22
26 5
26 35
23
27 48
27 10
27 41
27 30
27 16
27 46
27 37
27 31
27 9
27 38
27 39
27 44
27 0
27 13
27 33
27 49
27 3
27 8
27 47
27 14
27 5
27 34
27 17
20
28 2
28 20
28 46
28 23
28 1
28 10
28 4
28 12
28 38
28 33
28 37
28 17
28 21
28 3
28 39
28 24
28 44
28 41
28 6
28 25
20
29 22
29 41
29 39
29 16
29 13
29 18
29 7
29 6
29 8
29 20
29 46
29 19
29 24
29 14
29 28
29 17
29 30
29 27
29 0
29 40
21
30 5
30 13
30 16
30 8
30 31
30 26
30 2
30 23
30 43
30 48
30 15
30 14
30 38
30 3
30 19
30 18
30 12
30 46
30 34
30 22
30 45
17
31 19
31 33
31 9
31 20
31 47
31 8
31 28
31 43
31 2
31 45
31 16
31 40
31 23
31 25
31 10
31 15
31 5
21
32 17
32 48
32 0
32 25
32 1
32 31
32 40
32 9
32 28
32 23
32 27
32 15
32 41
32 22
32 49
32 30
32 14
32 43
32 47
32 2
32 38
14
33 37
33 41
33 32
33 12
33 35
33 40
33 2
33 14
33 19
33 17
33 1
33 21
33 7
33 44
19
34 39
34 45
34 5
34 48
34 29
34 6
34 17
34 40
34 0
34 32
34 16
34 1
34 15
34 38
34 3
34 42
34 31
34 26
34 9
19
35 0
35 41
35 30
35 12
35 27
35 17
35 29
35 20
35 28
35 34
35 4
35 3
35 14
35 48
35 31
35 43
35 21
35 22
35 47
21
36 40
36 47
36 39
36 23
36 27
36 4
36 11
36 3
36 22
36 12
36 37
36 34
36 33
36 32
36 41
36 48
36 21
36 2
36 16
36 31
36 35
25
37 21
37 42
37 3
37 26
37 46
37 47
37 40
37 18
37 25
37 23
37 32
37 34
37 39
37 35
37 41
37 13
37 15
37 31
37 45
37 29
37 4
37 10
37 30
37 9
37 49
15
38 17
38 11
38 47
38 25
38 33
38 13
38 15
38 44
38 35
38 49
38 39
38 0
38 6
38 31
38 45
14
39 41
39 23
39 31
39 44
39 2
39 0
39 1
39 35
39 12
39 30
39 46
39 47
39 33
39 45
15
40 42
40 39
40 48
40 24
40 26
40 11
40 12
40 6
40 21
40 19
40 1
40 15
40 44
40 16
40 10
16
41 30
41 4
41 22
41 0
41 14
41 15
41 19
41 7
41 40
41 38
41 5
41 43
41 25
41 34
41 45
41 11
19
42 24
42 28
42 33
42 39
42 14
42 4
42 30
42 27
42 15
42 48
42 35
42 47
42 22
42 29
42 36
42 12
42 45
42 46
42 43
20
43 14
43 40
43 36
43 33
43 27
43 26
43 9
43 45
43 49
43 3
43 1
43 19
43 6
43 22
43 37
43 29
43 12
43 7
43 47
43 39
15
44 21
44 6
44 46
44 41
44 9
44 43
44 24
44 47
44 30
44 26
44 34
44 35
44 25
44 7
44 42
17
45 46
45 21
45 14
45 7
45 23
45 16
45 12
45 5
45 2
45 25
45 9
45 36
45 27
45 13
45 18
45 17
45 22
18
46 47
46 49
46 35
46 23
46 33
46 41
46 9
46 12
46 34
46 22
46 43
46 48
46 20
46 4
46 1
46 36
46 31
46 14
18
47 22
47 15
47 19
47 3
47 29
47 45
47 2
47 49
47 26
47 1
47 7
47 14
47 9
47 24
47 21
47 11
47 16
47 13
19
48 39
48 12
48 43
48 28
48 0
48 41
48 37
48 20
48 19
48 18
48 17
48 33
48 29
48 47
48 26
48 31
48 5
48 24
48 44
22
49 34
49 23
49 41
49 36
49 15
49 9
49 6
49 40
49 13
49 28
49 25
49 18
49 21
49 42
49 17
49 26
49 39
49 29
49 35
49 44
49 33
49 16
