50
0 "A25"
1 "A3"
2 "A9"
3 "A38"
4 "A24"
5 "A16"
6 "A0"
7 "A48"
8 "A35"
9 "A39"
10 "A20"
11 "A41"
12 "A27"
13 "A43"
14 "A47"
15 "A45"
16 "A12"
17 "A26"
18 "A37"
19 "A22"
20 "A7"
21 "A5"
22 "A4"
23 "A34"
24 "A21"
25 "A36"
26 "A23"
27 "A32"
28 "A18"
29 "A19"
30 "A40"
31 "A44"
32 "A8"
33 "A33"
34 "A15"
35 "A29"
36 "A10"
37 "A1"
38 "A2"
39 "A14"
40 "A31"
41 "A28"
42 "A46"
43 "A11"
44 "A42"
45 "A17"
46 "A13"
47 "A49"
48 "A6"
49 "A30"
20
0 30
0 2
0 26
0 45
0 43
0 35
0 28
0 14
0 39
0 31
0 22
0 34
0 11
0 6
0 19
0 21
0 29
0 24
0 15
0 5
20
1 34
1 39
1 37
1 19
1 25
1 42
1 48
1 17
1 18
1 46
1 8
1 15
1 13
1 10
1 26
1 23
1 45
1 49
1 38
1 32
18
2 31
2 4
2 19
2 5
2 45
2 20
2 13
2 32
2 11
2 14
2 34
2 36
2 7
2 1
2 8
2 30
2 23
2 24
19
3 31
3 4
3 16
3 2
3 0
3 19
3 48
3 22
3 18
3 27
3 24
3 6
3 7
3 13
3 46
3 17
3 1
3 21
3 37
15
4 14
4 28
4 35
4 21
4 17
4 6
4 41
4 38
4 49
4 10
4 46
4 30
4 39
4 15
4 42
21
5 36
5 26
5 28
5 34
5 10
5 3
5 27
5 37
5 13
5 19
5 18
5 22
5 38
5 31
5 16
5 4
5 48
5 41
5 44
5 21
5 23
18
6 15
6 25
6 30
6 21
6 48
6 32
6 24
6 33
6 8
6 12
6 17
6 23
6 41
6 13
6 1
6 10
6 5
6 14
23
7 24
7 23
7 12
7 6
7 4
7 45
7 48
7 28
7 25
7 41
7 14
7 46
7 40
7 35
7 20
7 17
7 34
7 1
7 30
7 39
7 19
7 36
7 5
22
8 24
8 35
8 4
8 29
8 7
8 23
8 18
8 41
8 28
8 33
8 26
8 0
8 34
8 46
8 43
8 40
8 11
8 5
8 16
8 42
8 48
8 39
25
9 44
9 5
9 32
9 49
9 31
9 11
9 4
9 34
9 40
9 3
9 10
9 42
9 41
9 45
9 7
9 13
9 18
9 33
9 21
9 17
9 38
9 35
9 0
9 28
9 22
19
10 19
10 26
10 23
10 22
10 8
10 7
10 43
10 3
10 46
10 16
10 28
10 24
10 14
10 15
10 45
10 48
10 25
10 2
10 36
15
11 31
11 24
11 41
11 28
11 18
11 16
11 43
11 27
11 48
11 10
11 44
11 26
11 13
11 5
11 6
23
12 3
12 1
12 29
12 0
12 45
12 25
12 4
12 35
12 27
12 47
12 24
12 48
12 10
12 32
12 38
12 15
12 11
12 37
12 28
12 17
12 43
12 2
12 16
16
13 41
13 7
13 4
13 20
13 47
13 28
13 35
13 0
13 19
13 26
13 18
13 15
13 24
13 14
13 22
13 23
22
14 33
14 36
14 41
14 9
14 12
14 43
14 15
14 40
14 1
14 24
14 32
14 29
14 3
14 34
14 16
14 17
14 49
14 30
14 35
14 8
14 47
14 18
19
15 40
15 42
15 43
15 18
15 3
15 26
15 7
15 5
15 20
15 2
15 38
15 34
15 41
15 46
15 29
15 39
15 22
15 25
15 37
15
16 1
16 42
16 6
16 30
16 31
16 25
16 24
16 9
16 15
16 0
16 23
16 43
16 33
16 45
16 35
23
17 10
17 21
17 38
17 30
17 22
17 13
17 26
17 19
17 16
17 47
17 41
17 37
17 42
17 48
17 34
17 32
17 0
17 43
17 11
17 24
17 15
17 5
17 8
18
18 39
18 17
18 30
18 47
18 38
18 16
18 45
18 10
18 27
18 42
18 28
18 35
18 24
18 22
18 12
18 37
18 29
18 2
17
19 32
19 31
19 6
19 12
19 43
19 8
19 44
19 15
19 49
19 45
19 26
19 33
19 18
19 42
19 11
19 36
19 35
21
20 36
20 1
20 22
20 17
20 45
20 35
20 4
20 16
20 47
20 48
20 8
20 26
20 9
20 41
20 3
20 25
20 29
20 24
20 5
20 10
20 0
24
21 14
21 2
21 7
21 1
21 23
21 10
21 32
21 25
21 28
21 24
21 38
21 49
21 33
21 18
21 35
21 42
21 11
21 22
21 12
21 29
21 31
21 47
21 13
21 16
18
22 11
22 16
22 23
22 33
22 46
22 45
22 4
22 43
22 31
22 35
22 36
22 48
22 41
22 8
22 2
22 27
22 14
22 19
17
23 0
23 19
23 33
23 42
23 4
23 49
23 14
23 15
23 17
23 37
23 12
23 47
23 9
23 32
23 25
23 3
23 28
15
24 49
24 23
24 36
24 5
24 44
24 35
24 41
24 43
24 27
24 40
24 31
24 26
24 15
24 9
24 1
20
25 35
25 24
25 26
25 13
25 19
25 0
25 22
25 37
25 30
25 43
25 44
25 46
25 38
25 2
25 8
25 32
25 36
25 17
25 4
25 11
19
26 18
26 35
26 41
26 16
26 30
26 42
26 12
26 37
26 21
26 43
26 46
26 34
26 22
26 47
26 36
26 48
26 9
26 6
26 38
19
27 38
27 35
27 8
27 19
27 41
27 4
27 9
27 13
27 23
27 29
27 2
27 32
27 33
27 21
27 15
27 26
27 1
27 16
27 10
23
28 20
28 2
28 40
28 25
28 32
28 6
28 24
28 46
28 19
28 27
28 49
28 39
28 31
28 26
28 17
28 15
28 34
28 14
28 29
28 43
28 48
28 36
28 16
14
29 10
29 45
29 33
29 40
29 2
29 6
29 44
29 13
29 19
29 25
29 17
29 1
29 7
29 23
25
30 38
30 43
30 34
30 35
30 41
30 20
30 8
30 49
30 36
30 29
30 28
30 13
30 39
30 12
30 21
30 33
30 19
30 48
30 27
30 11
30 9
30 10
30 40
30 46
30 37
19
31 20
31 29
31 26
31 15
31 4
31 18
31 48
31 46
31 1
31 23
31 38
31 32
31 34
31 36
31 25
31 43
31 49
31 8
31 12
16
32 45
32 16
32 37
32 4
32 5
32 48
32 8
32 22
32 20
32 41
32 13
32 24
32 7
32 47
32 11
32 15
22
33 34
33 10
33 26
33 41
33 3
33 5
33 13
33 35
33 4
33 39
33 17
33 48
33 40
33 32
33 1
33 28
33 15
33 20
33 2
33 7
33 42
33 0
17
34 12
34 32
34 16
34 42
34 4
34 22
34 20
34 24
34 25
34 48
34 27
34 3
34 23
34 29
34 10
34 37
34 13
15
35 11
35 39
35 15
35 6
35 10
35 29
35 31
35 47
35 2
35 48
35 44
35 28
35 45
35 5
35 1
19
36 23
36 45
36 40
36 32
36 0
36 18
36 34
36 4
36 11
36 17
36 48
36 6
36 1
36 3
36 41
36 13
36 21
36 27
36 42
22
37 24
37 28
37 29
37 19
37 7
37 8
37 4
37 38
37 47
37 36
37 43
37 31
37 45
37 33
37 6
37 2
37 10
37 35
37 20
37 16
37 48
37 13
21
38 44
38 33
38 28
38 0
38 7
38 42
38 49
38 10
38 20
38 22
38 36
38 19
38 3
38 35
38 13
38 46
38 32
38 6
38 8
38 39
38 2
19
39 16
39 31
39 20
39 22
39 32
39 29
39 27
39 9
39 37
39 14
39 36
39 10
39 45
39 19
39 40
39 25
39 2
39 3
39 23
23
40 1
40 43
40 48
40 16
40 2
40 17
40 13
40 4
40 23
40 21
40 42
40 22
40 0
40 3
40 44
40 32
40 11
40 10
40 12
40 25
40 31
40 20
40 27
18
41 25
41 37
41 38
41 39
41 44
41 40
41 46
41 28
41 18
41 1
41 16
41 47
41 19
41 23
41 10
41 2
41 43
41 0
19
42 39
42 31
42 32
42 22
42 11
42 27
42 25
42 37
42 3
42 13
42 30
42 2
42 7
42 35
42 20
42 41
42 0
42 28
42 5
20
43 9
43 1
43 7
43 6
43 29
43 4
43 46
43 23
43 48
43 49
43 13
43 38
43 34
43 5
43 21
43 35
43 42
43 2
43 32
43 27
23
44 13
44 43
44 7
44 39
44 4
44 36
44 16
44 1
44 17
44 47
44 3
44 28
44 27
44 46
44 8
44 26
44 15
44 21
44 2
44 18
44 34
44 20
44 6
20
45 44
45 23
45 11
45 4
45 6
45 24
45 40
45 48
45 26
45 38
45 49
45 34
45 8
45 25
45 15
45 46
45 3
45 42
45 14
45 28
22
46 27
46 24
46 33
46 9
46 40
46 20
46 29
46 32
46 42
46 2
46 17
46 34
46 13
46 5
46 11
46 21
46 12
46 0
46 35
46 19
46 14
46 36
22
47 27
47 7
47 34
47 4
47 0
47 16
47 2
47 40
47 15
47 3
47 19
47 22
47 30
47 6
47 36
47 39
47 38
47 33
47 29
47 42
47 8
47 5
18
48 2
48 46
48 0
48 41
48 29
48 47
48 24
48 27
48 39
48 4
48 9
48 23
48 21
48 14
48 44
48 38
48 18
48 19
22
49 32
49 8
49 41
49 35
49 2
49 0
49 5
49 48
49 42
49 22
49 27
49 15
49 33
49 3
49 7
49 47
49 29
49 36
49 46
49 44
49 37
49 25
