50
0 "A26"
1 "A16"
2 "A21"
3 "A32"
4 "A47"
5 "A25"
6 "A29"
7 "A43"
8 "A2"
9 "A36"
10 "A14"
11 "A15"
12 "A34"
13 "A10"
14 "A45"
15 "A23"
16 "A48"
17 "A12"
18 "A7"
19 "A30"
20 "A40"
21 "A1"
22 "A28"
23 "A22"
24 "A11"
25 "A9"
26 "A24"
27 "A37"
28 "A41"
29 "A33"
30 "A44"
31 "A13"
32 "A46"
33 "A27"
34 "A20"
35 "A5"
36 "A3"
37 "A17"
38 "A35"
39 "A6"
40 "A18"
41 "A42"
42 "A38"
43 "A19"
44 "A31"
45 "A8"
46 "A0"
47 "A39"
48 "A4"
49 "A49"
21
0 8
0 22
0 34
0 2
0 13
0 4
0 46
0 10
0 38
0 49
0 48
0 16
0 1
0 27
0 42
0 32
0 39
0 9
0 21
0 25
0 29
21
1 43
1 20
1 30
1 33
1 49
1 37
1 28
1 40
1 16
1 21
1 6
1 5
1 45
1 22
1 11
1 36
1 48
1 7
1 35
1 25
1 32
21
2 1
2 23
2 3
2 9
2 4
2 40
2 47
2 17
2 39
2 24
2 10
2 20
2 7
2 37
2 25
2 14
2 30
2 6
2 43
2 49
2 15
19
3 1
3 26
3 11
3 44
3 8
3 15
3 43
3 29
3 7
3 21
3 38
3 19
3 33
3 41
3 16
3 25
3 23
3 37
3 31
18
4 19
4 42
4 1
4 40
4 24
4 3
4 13
4 23
4 47
4 29
4 28
4 49
4 26
4 38
4 37
4 8
4 36
4 33
23
5 21
5 27
5 42
5 33
5 8
5 10
5 30
5 24
5 2
5 4
5 6
5 20
5 9
5 17
5 19
5 23
5 29
5 35
5 41
5 47
5 39
5 46
5 0
16
6 41
6 15
6 12
6 7
6 18
6 26
6 39
6 14
6 22
6 23
6 3
6 28
6 8
6 46
6 47
6 32
16
7 8
7 13
7 46
7 18
7 0
7 38
7 10
7 23
7 41
7 12
7 11
7 43
7 21
7 17
7 9
7 28
15
8 13
8 47
8 34
8 2
8 15
8 48
8 35
8 10
8 44
8 46
8 41
8 33
8 29
8 22
8 16
22
9 13
9 29
9 43
9 47
9 8
9 4
9 44
9 23
9 46
9 45
9 31
9 35
9 1
9 28
9 20
9 21
9 18
9 42
9 22
9 37
9 27
9 12
19
10 11
10 15
10 28
10 14
10 27
10 38
10 19
10 12
10 36
10 47
10 43
10 4
10 21
10 16
10 33
10 31
10 9
10 3
10 45
19
11 38
11 6
11 35
11 9
11 12
11 0
11 18
11 23
11 36
11 2
11 13
11 48
11 17
11 14
11 45
11 27
11 5
11 15
11 43
15
12 36
12 30
12 29
12 46
12 18
12 26
12 39
12 43
12 15
12 49
12 14
12 22
12 41
12 0
12 40
17
13 1
13 30
13 17
13 26
13 12
13 3
13 45
13 44
13 25
13 5
13 41
13 10
13 39
13 36
13 20
13 6
13 2
18
14 4
14 0
14 39
14 49
14 45
14 9
14 35
14 5
14 48
14 24
14 36
14 27
14 42
14 15
14 34
14 44
14 33
14 13
22
15 38
15 41
15 42
15 28
15 37
15 29
15 40
15 22
15 26
15 7
15 21
15 16
15 33
15 43
15 23
15 9
15 0
15 25
15 44
15 19
15 13
15 4
21
16 41
16 33
16 11
16 27
16 12
16 37
16 21
16 40
16 48
16 29
16 20
16 25
16 6
16 36
16 17
16 7
16 2
16 23
16 35
16 44
16 43
21
17 26
17 43
17 3
17 39
17 23
17 44
17 38
17 4
17 15
17 8
17 19
17 30
17 0
17 1
17 27
17 12
17 21
17 18
17 9
17 28
17 47
19
18 42
18 15
18 28
18 26
18 10
18 39
18 3
18 40
18 36
18 4
18 16
18 47
18 30
18 35
18 1
18 22
18 37
18 23
18 2
16
19 1
19 38
19 11
19 13
19 8
19 44
19 9
19 43
19 0
19 37
19 48
19 6
19 31
19 22
19 14
19 16
19
20 35
20 3
20 28
20 8
20 15
20 0
20 21
20 44
20 41
20 43
20 19
20 32
20 25
20 11
20 10
20 4
20 31
20 17
20 24
20
21 43
21 2
21 49
21 14
21 18
21 13
21 12
21 4
21 27
21 29
21 41
21 42
21 33
21 11
21 40
21 31
21 6
21 48
21 44
21 25
19
22 26
22 35
22 21
22 13
22 37
22 10
22 16
22 46
22 11
22 14
22 4
22 39
22 47
22 3
22 34
22 7
22 38
22 25
22 48
21
23 14
23 1
23 39
23 37
23 41
23 38
23 44
23 30
23 12
23 29
23 40
23 20
23 31
23 21
23 8
23 0
23 19
23 10
23 22
23 46
23 25
25
24 8
24 1
24 15
24 0
24 33
24 37
24 29
24 3
24 28
24 13
24 7
24 32
24 45
24 27
24 22
24 21
24 16
24 19
24 41
24 11
24 23
24 12
24 49
24 17
24 43
15
25 17
25 18
25 7
25 9
25 12
25 11
25 24
25 27
25 8
25 35
25 43
25 19
25 41
25 28
25 37
23
26 44
26 31
26 48
26 33
26 25
26 27
26 19
26 8
26 49
26 39
26 5
26 7
26 42
26 16
26 9
26 30
26 23
26 24
26 35
26 20
26 10
26 40
26 1
22
27 42
27 40
27 49
27 33
27 38
27 37
27 47
27 46
27 1
27 8
27 28
27 7
27 18
27 13
27 29
27 6
27 43
27 12
27 19
27 23
27 31
27 22
15
28 29
28 12
28 49
28 2
28 45
28 23
28 5
28 16
28 30
28 3
28 46
28 31
28 21
28 26
28 22
14
29 22
29 1
29 31
29 38
29 25
29 41
29 20
29 45
29 18
29 35
29 26
29 6
29 32
29 11
25
30 10
30 6
30 32
30 44
30 45
30 33
30 21
30 0
30 31
30 35
30 40
30 7
30 49
30 11
30 48
30 37
30 3
30 8
30 42
30 25
30 38
30 15
30 34
30 4
30 46
21
31 11
31 7
31 1
31 45
31 18
31 14
31 32
31 8
31 16
31 41
31 24
31 13
31 38
31 5
31 12
31 22
31 47
31 36
31 46
31 37
31 42
22
32 7
32 33
32 23
32 11
32 16
32 28
32 9
32 43
32 27
32 14
32 26
32 8
32 5
32 38
32 4
32 21
32 36
32 39
32 49
32 17
32 37
32 42
15
33 28
33 29
33 22
33 23
33 20
33 9
33 2
33 35
33 48
33 46
33 17
33 44
33 47
33 36
33 13
28
34 44
34 27
34 41
34 48
34 11
34 3
34 38
34 16
34 36
34 1
34 19
34 39
34 47
34 42
34 40
34 23
34 15
34 25
34 9
34 20
34 2
34 18
34 10
34 5
34 24
34 29
34 32
34 33
18
35 40
35 13
35 19
35 15
35 45
35 34
35 27
35 31
35 3
35 0
35 21
35 46
35 43
35 32
35 12
35 28
35 4
35 7
23
36 26
36 19
36 48
36 15
36 42
36 2
36 47
36 30
36 20
36 23
36 29
36 22
36 24
36 25
36 5
36 3
36 41
36 39
36 27
36 7
36 0
36 17
36 43
19
37 36
37 44
37 40
37 26
37 11
37 41
37 8
37 35
37 12
37 5
37 29
37 38
37 20
37 39
37 10
37 17
37 7
37 13
37 0
17
38 26
38 41
38 6
38 9
38 1
38 16
38 21
38 40
38 33
38 45
38 2
38 13
38 8
38 36
38 42
38 20
38 25
22
39 7
39 33
39 38
39 49
39 48
39 30
39 46
39 31
39 10
39 8
39 9
39 28
39 15
39 21
39 19
39 24
39 4
39 25
39 16
39 40
39 3
39 27
18
40 10
40 6
40 9
40 11
40 19
40 29
40 17
40 0
40 20
40 31
40 7
40 33
40 47
40 22
40 5
40 25
40 8
40 45
17
41 4
41 2
41 35
41 43
41 30
41 27
41 14
41 19
41 1
41 46
41 9
41 39
41 49
41 18
41 11
41 26
41 0
22
42 11
42 33
42 17
42 3
42 37
42 43
42 22
42 2
42 6
42 47
42 39
42 24
42 41
42 12
42 35
42 25
42 19
42 20
42 28
42 1
42 29
42 40
17
43 4
43 29
43 39
43 5
43 34
43 0
43 26
43 46
43 8
43 37
43 45
43 30
43 33
43 13
43 14
43 40
43 28
20
44 42
44 29
44 4
44 1
44 27
44 35
44 41
44 12
44 38
44 5
44 39
44 0
44 40
44 10
44 18
44 25
44 43
44 46
44 47
44 36
20
45 33
45 8
45 25
45 0
45 2
45 26
45 27
45 15
45 5
45 19
45 21
45 42
45 17
45 37
45 23
45 41
45 34
45 7
45 22
45 36
19
46 45
46 26
46 16
46 1
46 4
46 34
46 24
46 15
46 25
46 40
46 18
46 14
46 13
46 32
46 42
46 36
46 29
46 21
46 11
20
47 12
47 3
47 0
47 39
47 32
47 20
47 29
47 15
47 7
47 24
47 16
47 35
47 25
47 14
47 28
47 19
47 43
47 37
47 38
47 11
22
48 12
48 41
48 31
48 27
48 47
48 23
48 46
48 9
48 18
48 2
48 29
48 24
48 40
48 45
48 3
48 44
48 43
48 20
48 32
48 6
48 10
48 5
23
49 42
49 35
49 8
49 16
49 22
49 6
49 17
49 3
49 34
49 9
49 31
49 38
49 43
49 44
49 18
49 25
49 23
49 11
49 40
49 37
49 20
49 7
49 13
