50
0 "A26"
1 "A16"
2 "A21"
3 "A32"
4 "A47"
5 "A25"
6 "A29"
7 "A43"
8 "A2"
9 "A36"
10 "A14"
11 "A15"
12 "A34"
13 "A10"
14 "A45"
15 "A23"
16 "A48"
17 "A12"
18 "A7"
19 "A30"
20 "A40"
21 "A1"
22 "A28"
23 "A22"
24 "A11"
25 "A9"
26 "A24"
27 "A37"
28 "A41"
29 "A33"
30 "A44"
31 "A13"
32 "A46"
33 "A27"
34 "A20"
35 "A5"
36 "A3"
37 "A17"
38 "A35"
39 "A6"
40 "A18"
41 "A42"
42 "A38"
43 "A19"
44 "A31"
45 "A8"
46 "A0"
47 "A39"
48 "A4"
49 "A49"
19
0 39
0 41
0 42
0 49
0 18
0 34
0 2
0 13
0 23
0 31
0 46
0 7
0 38
0 48
0 10
0 4
0 27
0 33
0 20
17
1 27
1 22
1 5
1 6
1 37
1 8
1 24
1 15
1 49
1 34
1 32
1 39
1 36
1 16
1 25
1 48
1 38
24
2 15
2 22
2 40
2 36
2 24
2 39
2 17
2 9
2 37
2 20
2 25
2 23
2 26
2 16
2 13
2 8
2 41
2 11
2 6
2 10
2 34
2 42
2 1
2 7
23
3 38
3 35
3 18
3 41
3 43
3 29
3 0
3 2
3 13
3 1
3 22
3 8
3 15
3 47
3 11
3 7
3 12
3 48
3 25
3 36
3 49
3 34
3 14
19
4 49
4 16
4 14
4 1
4 5
4 26
4 19
4 43
4 42
4 3
4 27
4 33
4 2
4 35
4 46
4 37
4 47
4 15
4 23
22
5 27
5 36
5 17
5 31
5 20
5 19
5 9
5 0
5 8
5 38
5 13
5 23
5 14
5 30
5 18
5 46
5 6
5 2
5 41
5 3
5 22
5 42
13
6 45
6 36
6 21
6 0
6 19
6 42
6 8
6 10
6 29
6 24
6 26
6 17
6 13
19
7 11
7 13
7 18
7 46
7 28
7 26
7 12
7 1
7 23
7 40
7 21
7 32
7 29
7 17
7 38
7 25
7 4
7 6
7 9
18
8 39
8 36
8 4
8 49
8 10
8 44
8 14
8 29
8 48
8 35
8 30
8 47
8 16
8 7
8 19
8 32
8 42
8 20
27
9 47
9 8
9 36
9 28
9 6
9 26
9 24
9 4
9 13
9 31
9 0
9 35
9 44
9 18
9 12
9 20
9 46
9 19
9 42
9 1
9 25
9 43
9 14
9 48
9 21
9 23
9 3
20
10 1
10 12
10 11
10 33
10 13
10 30
10 36
10 21
10 45
10 5
10 4
10 29
10 17
10 37
10 3
10 28
10 43
10 25
10 49
10 27
16
11 35
11 30
11 32
11 17
11 12
11 9
11 22
11 40
11 18
11 16
11 5
11 1
11 39
11 25
11 14
11 27
15
12 37
12 27
12 20
12 24
12 39
12 15
12 5
12 19
12 29
12 0
12 2
12 40
12 38
12 6
12 41
16
13 45
13 42
13 30
13 4
13 40
13 14
13 18
13 49
13 12
13 32
13 8
13 21
13 1
13 43
13 44
13 48
21
14 0
14 46
14 2
14 39
14 23
14 7
14 29
14 34
14 1
14 6
14 24
14 45
14 30
14 42
14 49
14 33
14 17
14 28
14 18
14 12
14 27
23
15 41
15 32
15 33
15 37
15 29
15 5
15 40
15 31
15 28
15 45
15 16
15 38
15 49
15 9
15 26
15 24
15 25
15 0
15 35
15 7
15 8
15 48
15 10
20
16 23
16 25
16 35
16 42
16 3
16 7
16 29
16 0
16 20
16 46
16 36
16 10
16 14
16 12
16 31
16 41
16 40
16 6
16 27
16 9
13
17 38
17 15
17 13
17 30
17 37
17 46
17 1
17 9
17 12
17 8
17 45
17 18
17 22
15
18 38
18 10
18 22
18 33
18 19
18 39
18 47
18 4
18 28
18 15
18 1
18 24
18 37
18 43
18 45
21
19 43
19 31
19 11
19 28
19 38
19 47
19 30
19 49
19 40
19 21
19 41
19 13
19 16
19 1
19 27
19 3
19 48
19 0
19 37
19 33
19 34
21
20 4
20 3
20 32
20 25
20 6
20 13
20 10
20 19
20 7
20 34
20 39
20 11
20 15
20 46
20 24
20 36
20 33
20 47
20 17
20 27
20 43
25
21 5
21 45
21 27
21 16
21 22
21 0
21 42
21 33
21 29
21 11
21 17
21 8
21 32
21 18
21 2
21 34
21 15
21 20
21 43
21 30
21 35
21 1
21 40
21 31
21 3
18
22 14
22 48
22 31
22 10
22 4
22 37
22 39
22 24
22 46
22 23
22 34
22 26
22 7
22 8
22 16
22 15
22 19
22 20
21
23 43
23 47
23 36
23 40
23 19
23 6
23 46
23 25
23 28
23 21
23 12
23 26
23 11
23 1
23 45
23 18
23 31
23 41
23 8
23 20
23 13
21
24 46
24 27
24 21
24 34
24 11
24 35
24 26
24 44
24 30
24 23
24 19
24 8
24 31
24 29
24 39
24 3
24 33
24 7
24 45
24 13
24 4
20
25 45
25 28
25 47
25 4
25 24
25 37
25 0
25 17
25 8
25 18
25 43
25 35
25 13
25 5
25 27
25 14
25 21
25 19
25 36
25 46
23
26 42
26 11
26 19
26 17
26 38
26 48
26 3
26 16
26 43
26 25
26 37
26 40
26 49
26 12
26 10
26 33
26 8
26 20
26 30
26 5
26 34
26 21
26 1
12
27 33
27 26
27 29
27 9
27 2
27 17
27 18
27 13
27 40
27 23
27 22
27 6
19
28 2
28 16
28 44
28 12
28 46
28 48
28 11
28 43
28 37
28 8
28 29
28 4
28 30
28 40
28 27
28 13
28 31
28 22
28 21
15
29 17
29 46
29 5
29 20
29 30
29 40
29 43
29 38
29 18
29 35
29 26
29 32
29 36
29 4
29 31
22
30 41
30 2
30 45
30 3
30 36
30 34
30 49
30 7
30 25
30 15
30 27
30 22
30 4
30 46
30 38
30 1
30 9
30 16
30 0
30 35
30 32
30 18
23
31 32
31 10
31 26
31 38
31 37
31 45
31 7
31 12
31 2
31 25
31 27
31 44
31 13
31 49
31 14
31 48
31 8
31 18
31 6
31 46
31 41
31 4
31 34
27
32 3
32 10
32 6
32 42
32 2
32 28
32 27
32 5
32 48
32 23
32 25
32 0
32 9
32 36
32 38
32 18
32 19
32 4
32 45
32 17
32 24
32 49
32 44
32 26
32 16
32 33
32 40
16
33 29
33 46
33 7
33 13
33 37
33 12
33 38
33 8
33 5
33 28
33 3
33 1
33 23
33 17
33 36
33 6
24
34 25
34 6
34 17
34 49
34 27
34 37
34 15
34 41
34 23
34 9
34 18
34 44
34 28
34 13
34 48
34 11
34 33
34 10
34 7
34 4
34 12
34 8
34 29
34 40
17
35 12
35 6
35 47
35 1
35 46
35 5
35 22
35 31
35 7
35 19
35 23
35 0
35 18
35 28
35 48
35 32
35 20
16
36 17
36 4
36 43
36 26
36 40
36 27
36 21
36 39
36 13
36 18
36 44
36 22
36 11
36 14
36 42
36 7
17
37 13
37 21
37 35
37 23
37 5
37 8
37 7
37 39
37 20
37 29
37 30
37 14
37 48
37 24
37 11
37 46
37 36
17
38 41
38 16
38 23
38 6
38 27
38 45
38 24
38 36
38 4
38 13
38 47
38 14
38 8
38 34
38 9
38 11
38 35
17
39 4
39 16
39 34
39 15
39 9
39 21
39 33
39 13
39 29
39 19
39 28
39 45
39 48
39 5
39 25
39 7
39 47
18
40 6
40 9
40 20
40 31
40 30
40 18
40 39
40 24
40 43
40 49
40 22
40 44
40 25
40 1
40 8
40 10
40 0
40 4
22
41 17
41 39
41 36
41 20
41 22
41 18
41 43
41 10
41 11
41 9
41 24
41 37
41 49
41 29
41 13
41 4
41 33
41 27
41 7
41 21
41 28
41 26
17
42 17
42 20
42 11
42 30
42 37
42 29
42 18
42 27
42 10
42 38
42 15
42 40
42 45
42 43
42 1
42 49
42 34
19
43 7
43 0
43 5
43 27
43 34
43 46
43 12
43 38
43 33
43 31
43 30
43 24
43 14
43 39
43 37
43 16
43 1
43 45
43 2
24
44 1
44 43
44 21
44 11
44 10
44 39
44 18
44 42
44 29
44 23
44 41
44 45
44 33
44 48
44 26
44 25
44 3
44 5
44 0
44 7
44 15
44 38
44 16
44 35
22
45 2
45 19
45 48
45 0
45 20
45 5
45 11
45 4
45 47
45 12
45 16
45 27
45 8
45 40
45 22
45 34
45 1
45 9
45 33
45 41
45 29
45 26
17
46 36
46 27
46 13
46 34
46 3
46 21
46 48
46 12
46 44
46 10
46 26
46 40
46 41
46 32
46 45
46 19
46 42
22
47 7
47 30
47 22
47 12
47 6
47 31
47 41
47 27
47 32
47 11
47 5
47 0
47 29
47 46
47 40
47 44
47 14
47 26
47 36
47 28
47 34
47 2
22
48 42
48 17
48 20
48 18
48 14
48 5
48 12
48 2
48 33
48 16
48 10
48 38
48 41
48 25
48 43
48 29
48 4
48 27
48 11
48 40
48 23
48 47
25
49 38
49 43
49 16
49 7
49 27
49 36
49 9
49 11
49 33
49 48
49 25
49 29
49 20
49 47
49 28
49 17
49 44
49 21
49 24
49 46
49 22
49 35
49 2
49 37
49 6
