50
0 "A26"
1 "A16"
2 "A21"
3 "A32"
4 "A47"
5 "A25"
6 "A29"
7 "A43"
8 "A2"
9 "A36"
10 "A14"
11 "A15"
12 "A34"
13 "A10"
14 "A45"
15 "A23"
16 "A48"
17 "A12"
18 "A7"
19 "A30"
20 "A40"
21 "A1"
22 "A28"
23 "A22"
24 "A11"
25 "A9"
26 "A24"
27 "A37"
28 "A41"
29 "A33"
30 "A44"
31 "A13"
32 "A46"
33 "A27"
34 "A20"
35 "A5"
36 "A3"
37 "A17"
38 "A35"
39 "A6"
40 "A18"
41 "A42"
42 "A38"
43 "A19"
44 "A31"
45 "A8"
46 "A0"
47 "A39"
48 "A4"
49 "A49"
17
0 33
0 5
0 7
0 40
0 8
0 43
0 27
0 25
0 48
0 18
0 31
0 14
0 20
0 9
0 41
0 42
0 2
16
1 33
1 26
1 10
1 0
1 24
1 38
1 42
1 17
1 47
1 25
1 34
1 46
1 39
1 37
1 31
1 29
26
2 30
2 36
2 37
2 5
2 16
2 45
2 10
2 40
2 38
2 48
2 15
2 13
2 43
2 6
2 49
2 24
2 4
2 39
2 12
2 31
2 41
2 21
2 11
2 14
2 1
2 34
18
3 0
3 12
3 4
3 32
3 28
3 1
3 25
3 9
3 8
3 6
3 40
3 2
3 48
3 27
3 37
3 19
3 31
3 14
20
4 14
4 27
4 23
4 48
4 41
4 10
4 21
4 46
4 6
4 47
4 40
4 44
4 29
4 16
4 34
4 8
4 12
4 15
4 0
4 35
23
5 13
5 45
5 1
5 26
5 10
5 48
5 18
5 22
5 16
5 29
5 4
5 47
5 46
5 28
5 17
5 14
5 6
5 40
5 25
5 30
5 36
5 49
5 38
21
6 31
6 0
6 36
6 48
6 22
6 33
6 9
6 15
6 1
6 11
6 26
6 49
6 28
6 16
6 42
6 21
6 39
6 17
6 20
6 7
6 46
24
7 20
7 48
7 41
7 36
7 46
7 47
7 11
7 2
7 28
7 5
7 19
7 43
7 4
7 25
7 24
7 38
7 26
7 23
7 3
7 30
7 8
7 35
7 18
7 32
21
8 23
8 9
8 12
8 10
8 29
8 1
8 47
8 42
8 5
8 6
8 15
8 30
8 40
8 11
8 22
8 16
8 32
8 36
8 28
8 49
8 38
20
9 42
9 2
9 36
9 23
9 21
9 49
9 20
9 11
9 41
9 37
9 22
9 10
9 28
9 19
9 24
9 1
9 48
9 43
9 18
9 4
20
10 3
10 21
10 12
10 27
10 33
10 23
10 26
10 39
10 48
10 49
10 47
10 7
10 11
10 44
10 18
10 38
10 31
10 35
10 20
10 19
16
11 36
11 18
11 48
11 39
11 14
11 24
11 12
11 19
11 1
11 5
11 4
11 22
11 16
11 20
11 28
11 33
17
12 40
12 46
12 27
12 43
12 1
12 38
12 39
12 23
12 47
12 15
12 13
12 29
12 6
12 0
12 34
12 16
12 9
17
13 22
13 11
13 33
13 26
13 6
13 38
13 43
13 1
13 14
13 3
13 4
13 21
13 27
13 47
13 36
13 39
13 32
14
14 32
14 1
14 10
14 41
14 17
14 26
14 15
14 8
14 39
14 9
14 48
14 23
14 6
14 42
17
15 5
15 47
15 37
15 34
15 49
15 0
15 11
15 35
15 46
15 17
15 13
15 9
15 7
15 38
15 3
15 40
15 22
18
16 14
16 10
16 40
16 15
16 1
16 17
16 0
16 24
16 7
16 46
16 19
16 22
16 31
16 47
16 27
16 18
16 20
16 34
20
17 48
17 3
17 38
17 43
17 30
17 23
17 12
17 11
17 46
17 2
17 13
17 7
17 9
17 26
17 41
17 40
17 4
17 18
17 34
17 29
16
18 20
18 14
18 3
18 6
18 2
18 19
18 38
18 41
18 12
18 24
18 42
18 45
18 46
18 36
18 15
18 39
20
19 42
19 13
19 4
19 8
19 44
19 15
19 45
19 0
19 48
19 21
19 47
19 34
19 43
19 35
19 49
19 12
19 5
19 46
19 27
19 1
23
20 4
20 13
20 40
20 49
20 37
20 33
20 5
20 41
20 35
20 27
20 1
20 8
20 19
20 15
20 46
20 34
20 17
20 3
20 44
20 25
20 36
20 39
20 30
19
21 23
21 25
21 43
21 47
21 12
21 28
21 30
21 24
21 7
21 34
21 18
21 15
21 14
21 27
21 20
21 1
21 5
21 48
21 16
24
22 48
22 17
22 0
22 37
22 4
22 43
22 18
22 39
22 7
22 27
22 3
22 14
22 44
22 34
22 31
22 12
22 20
22 1
22 42
22 23
22 25
22 21
22 19
22 46
20
23 19
23 11
23 26
23 35
23 20
23 49
23 45
23 25
23 3
23 33
23 5
23 15
23 1
23 29
23 39
23 13
23 16
23 38
23 18
23 6
23
24 13
24 37
24 14
24 27
24 35
24 3
24 8
24 31
24 17
24 23
24 0
24 46
24 6
24 44
24 34
24 28
24 45
24 48
24 30
24 33
24 10
24 19
24 41
20
25 46
25 34
25 27
25 12
25 35
25 10
25 45
25 42
25 14
25 18
25 19
25 38
25 43
25 13
25 17
25 8
25 24
25 6
25 32
25 48
20
26 8
26 15
26 19
26 33
26 9
26 36
26 2
26 21
26 12
26 22
26 37
26 25
26 20
26 31
26 16
26 4
26 24
26 3
26 42
26 46
15
27 37
27 15
27 9
27 8
27 7
27 34
27 17
27 6
27 28
27 39
27 14
27 1
27 40
27 5
27 49
24
28 13
28 39
28 10
28 35
28 36
28 22
28 48
28 45
28 31
28 42
28 23
28 2
28 37
28 12
28 4
28 19
28 29
28 17
28 20
28 25
28 33
28 47
28 41
28 38
20
29 9
29 3
29 40
29 39
29 30
29 36
29 25
29 14
29 41
29 44
29 37
29 27
29 18
29 46
29 48
29 0
29 16
29 32
29 22
29 10
21
30 13
30 1
30 3
30 23
30 22
30 40
30 49
30 14
30 18
30 37
30 28
30 43
30 15
30 34
30 11
30 33
30 16
30 25
30 32
30 12
30 46
23
31 9
31 14
31 25
31 34
31 41
31 7
31 30
31 5
31 32
31 40
31 44
31 15
31 37
31 20
31 12
31 23
31 43
31 48
31 38
31 36
31 13
31 29
31 27
27
32 23
32 22
32 39
32 11
32 5
32 16
32 18
32 0
32 36
32 27
32 17
32 48
32 46
32 28
32 15
32 34
32 26
32 6
32 12
32 37
32 35
32 20
32 40
32 10
32 47
32 2
32 1
15
33 29
33 41
33 16
33 18
33 19
33 46
33 8
33 38
33 7
33 32
33 9
33 4
33 14
33 22
33 42
15
34 13
34 8
34 14
34 7
34 9
34 10
34 23
34 11
34 26
34 37
34 41
34 5
34 29
34 47
34 35
21
35 5
35 26
35 16
35 14
35 45
35 13
35 37
35 31
35 29
35 2
35 1
35 38
35 47
35 0
35 9
35 27
35 22
35 21
35 12
35 40
35 11
17
36 10
36 3
36 19
36 25
36 48
36 17
36 1
36 21
36 14
36 16
36 45
36 44
36 30
36 34
36 4
36 43
36 15
19
37 38
37 21
37 33
37 42
37 23
37 4
37 46
37 13
37 14
37 11
37 39
37 40
37 25
37 16
37 7
37 6
37 10
37 8
37 17
18
38 32
38 36
38 0
38 26
38 6
38 20
38 42
38 47
38 16
38 22
38 41
38 11
38 46
38 39
38 24
38 30
38 43
38 4
15
39 43
39 47
39 17
39 33
39 25
39 42
39 30
39 36
39 26
39 21
39 45
39 34
39 15
39 19
39 4
13
40 43
40 47
40 11
40 36
40 24
40 1
40 44
40 28
40 39
40 10
40 25
40 21
40 13
25
41 15
41 39
41 32
41 12
41 13
41 35
41 48
41 30
41 25
41 37
41 46
41 49
41 44
41 36
41 27
41 40
41 22
41 5
41 11
41 19
41 6
41 45
41 43
41 10
41 8
25
42 16
42 46
42 3
42 5
42 12
42 10
42 32
42 30
42 29
42 43
42 20
42 11
42 47
42 41
42 7
42 45
42 4
42 34
42 27
42 2
42 15
42 23
42 40
42 21
42 31
18
43 1
43 45
43 27
43 28
43 18
43 47
43 32
43 16
43 33
43 24
43 8
43 37
43 11
43 6
43 29
43 15
43 35
43 44
24
44 9
44 18
44 33
44 8
44 16
44 39
44 15
44 5
44 42
44 25
44 26
44 12
44 1
44 7
44 11
44 30
44 17
44 37
44 38
44 28
44 14
44 32
44 3
44 13
17
45 13
45 48
45 11
45 6
45 8
45 29
45 34
45 1
45 17
45 27
45 44
45 15
45 4
45 37
45 0
45 7
45 30
15
46 21
46 35
46 0
46 27
46 31
46 28
46 39
46 9
46 44
46 3
46 10
46 23
46 8
46 2
46 13
19
47 2
47 49
47 27
47 22
47 29
47 6
47 30
47 25
47 14
47 36
47 20
47 24
47 11
47 44
47 46
47 9
47 31
47 23
47 26
19
48 44
48 15
48 37
48 43
48 16
48 47
48 12
48 1
48 8
48 35
48 26
48 42
48 23
48 20
48 30
48 39
48 27
48 38
48 33
25
49 45
49 17
49 4
49 14
49 1
49 18
49 22
49 36
49 12
49 35
49 38
49 0
49 24
49 11
49 46
49 33
49 34
49 25
49 37
49 42
49 39
49 26
49 7
49 13
49 21
