50
0 "A26"
1 "A16"
2 "A21"
3 "A32"
4 "A47"
5 "A25"
6 "A29"
7 "A43"
8 "A2"
9 "A36"
10 "A14"
11 "A15"
12 "A34"
13 "A10"
14 "A45"
15 "A23"
16 "A48"
17 "A12"
18 "A7"
19 "A30"
20 "A40"
21 "A1"
22 "A28"
23 "A22"
24 "A11"
25 "A9"
26 "A24"
27 "A37"
28 "A41"
29 "A33"
30 "A44"
31 "A13"
32 "A46"
33 "A27"
34 "A20"
35 "A5"
36 "A3"
37 "A17"
38 "A35"
39 "A6"
40 "A18"
41 "A42"
42 "A38"
43 "A19"
44 "A31"
45 "A8"
46 "A0"
47 "A39"
48 "A4"
49 "A49"
21
0 27
0 26
0 36
0 43
0 47
0 1
0 30
0 32
0 10
0 24
0 35
0 46
0 20
0 34
0 5
0 12
0 18
0 28
0 13
0 6
0 38
21
1 42
1 26
1 11
1 34
1 12
1 41
1 15
1 46
1 29
1 20
1 37
1 45
1 27
1 16
1 21
1 32
1 3
1 43
1 4
1 9
1 48
17
2 26
2 29
2 42
2 9
2 22
2 37
2 38
2 34
2 18
2 39
2 35
2 0
2 11
2 19
2 12
2 3
2 48
16
3 49
3 27
3 19
3 26
3 24
3 18
3 14
3 28
3 34
3 42
3 10
3 11
3 35
3 32
3 20
3 44
18
4 8
4 3
4 40
4 0
4 45
4 18
4 25
4 23
4 32
4 11
4 31
4 43
4 46
4 44
4 20
4 6
4 27
4 29
19
5 14
5 4
5 31
5 38
5 6
5 27
5 3
5 2
5 49
5 36
5 32
5 16
5 35
5 24
5 34
5 15
5 29
5 12
5 40
18
6 9
6 26
6 49
6 11
6 23
6 22
6 40
6 1
6 32
6 10
6 31
6 15
6 13
6 46
6 20
6 18
6 27
6 17
24
7 11
7 9
7 20
7 26
7 37
7 24
7 5
7 23
7 8
7 6
7 14
7 29
7 35
7 17
7 42
7 15
7 10
7 40
7 49
7 25
7 39
7 0
7 1
7 13
23
8 9
8 17
8 38
8 42
8 1
8 29
8 16
8 2
8 6
8 11
8 43
8 21
8 39
8 24
8 0
8 47
8 14
8 25
8 40
8 15
8 48
8 10
8 5
19
9 36
9 18
9 5
9 23
9 32
9 33
9 25
9 45
9 22
9 17
9 0
9 40
9 34
9 37
9 14
9 26
9 4
9 11
9 38
24
10 18
10 35
10 32
10 34
10 23
10 2
10 5
10 33
10 38
10 1
10 9
10 29
10 22
10 25
10 16
10 19
10 44
10 43
10 4
10 11
10 42
10 14
10 13
10 39
15
11 18
11 14
11 16
11 5
11 47
11 43
11 17
11 24
11 0
11 42
11 35
11 15
11 20
11 28
11 40
19
12 15
12 18
12 40
12 6
12 13
12 46
12 29
12 39
12 38
12 14
12 45
12 44
12 27
12 33
12 8
12 7
12 4
12 37
12 35
17
13 40
13 9
13 35
13 15
13 44
13 1
13 3
13 4
13 11
13 24
13 45
13 31
13 32
13 16
13 41
13 33
13 2
15
14 21
14 40
14 47
14 6
14 17
14 30
14 2
14 28
14 13
14 27
14 33
14 29
14 34
14 38
14 22
19
15 41
15 18
15 27
15 19
15 10
15 24
15 45
15 4
15 3
15 49
15 28
15 37
15 44
15 34
15 42
15 30
15 29
15 36
15 23
21
16 48
16 0
16 44
16 12
16 7
16 9
16 24
16 6
16 28
16 37
16 34
16 4
16 19
16 33
16 20
16 31
16 35
16 21
16 15
16 17
16 36
19
17 5
17 29
17 38
17 2
17 47
17 24
17 22
17 15
17 33
17 3
17 48
17 26
17 44
17 35
17 46
17 42
17 41
17 19
17 12
21
18 7
18 39
18 35
18 42
18 17
18 25
18 28
18 48
18 16
18 24
18 36
18 40
18 21
18 47
18 45
18 1
18 44
18 23
18 43
18 8
18 13
20
19 41
19 39
19 1
19 13
19 7
19 28
19 46
19 18
19 22
19 27
19 0
19 12
19 8
19 6
19 25
19 31
19 26
19 33
19 4
19 24
19
20 13
20 25
20 12
20 14
20 39
20 17
20 35
20 15
20 49
20 23
20 31
20 9
20 22
20 41
20 24
20 10
20 19
20 18
20 8
19
21 12
21 28
21 37
21 45
21 19
21 27
21 13
21 33
21 36
21 10
21 40
21 46
21 4
21 7
21 9
21 3
21 20
21 23
21 26
20
22 44
22 32
22 15
22 12
22 47
22 5
22 1
22 7
22 8
22 26
22 16
22 18
22 4
22 27
22 13
22 25
22 0
22 11
22 40
22 46
12
23 34
23 17
23 8
23 0
23 2
23 33
23 1
23 11
23 29
23 16
23 3
23 19
15
24 6
24 32
24 46
24 39
24 36
24 37
24 2
24 12
24 33
24 38
24 22
24 49
24 40
24 25
24 44
18
25 32
25 44
25 30
25 33
25 17
25 31
25 12
25 15
25 41
25 48
25 34
25 0
25 6
25 27
25 2
25 1
25 21
25 13
23
26 27
26 14
26 24
26 42
26 5
26 39
26 40
26 35
26 45
26 10
26 33
26 31
26 18
26 23
26 46
26 8
26 37
26 16
26 15
26 11
26 25
26 49
26 34
15
27 36
27 16
27 45
27 11
27 13
27 35
27 39
27 44
27 47
27 8
27 48
27 38
27 9
27 10
27 20
22
28 25
28 48
28 17
28 1
28 8
28 12
28 13
28 22
28 27
28 10
28 38
28 2
28 5
28 37
28 45
28 4
28 33
28 46
28 20
28 7
28 24
28 23
20
29 45
29 38
29 32
29 44
29 11
29 18
29 26
29 34
29 6
29 3
29 16
29 49
29 47
29 33
29 36
29 30
29 24
29 39
29 0
29 28
24
30 11
30 32
30 36
30 44
30 10
30 28
30 9
30 12
30 27
30 5
30 3
30 24
30 8
30 35
30 7
30 42
30 1
30 40
30 13
30 6
30 16
30 17
30 19
30 31
26
31 9
31 14
31 29
31 0
31 2
31 21
31 11
31 18
31 22
31 24
31 10
31 47
31 35
31 39
31 43
31 38
31 17
31 46
31 27
31 15
31 45
31 8
31 1
31 37
31 23
31 3
17
32 40
32 2
32 38
32 7
32 14
32 27
32 20
32 45
32 28
32 31
32 8
32 37
32 19
32 36
32 21
32 26
32 33
17
33 0
33 38
33 39
33 31
33 41
33 30
33 34
33 7
33 6
33 49
33 45
33 4
33 2
33 3
33 18
33 5
33 11
19
34 11
34 20
34 18
34 13
34 4
34 21
34 8
34 22
34 6
34 49
34 19
34 12
34 38
34 40
34 45
34 30
34 37
34 7
34 28
19
35 42
35 39
35 21
35 8
35 32
35 1
35 49
35 44
35 38
35 34
35 48
35 46
35 24
35 14
35 23
35 37
35 4
35 40
35 29
16
36 2
36 8
36 47
36 38
36 25
36 33
36 42
36 26
36 37
36 46
36 7
36 10
36 13
36 31
36 49
36 35
22
37 40
37 49
37 38
37 48
37 8
37 39
37 46
37 47
37 25
37 23
37 44
37 10
37 6
37 18
37 14
37 27
37 4
37 45
37 29
37 43
37 17
37 0
18
38 13
38 39
38 30
38 4
38 18
38 19
38 22
38 45
38 7
38 25
38 49
38 1
38 44
38 20
38 23
38 42
38 26
38 16
20
39 3
39 30
39 40
39 1
39 9
39 44
39 28
39 25
39 15
39 13
39 41
39 6
39 16
39 34
39 14
39 32
39 4
39 23
39 48
39 5
17
40 15
40 28
40 36
40 19
40 29
40 49
40 10
40 17
40 23
40 0
40 25
40 33
40 3
40 43
40 38
40 16
40 31
21
41 47
41 21
41 31
41 24
41 0
41 4
41 27
41 10
41 11
41 14
41 18
41 40
41 23
41 2
41 16
41 26
41 3
41 12
41 6
41 28
41 30
18
42 29
42 27
42 22
42 4
42 32
42 37
42 34
42 24
42 13
42 0
42 49
42 31
42 21
42 40
42 16
42 19
42 5
42 41
26
43 49
43 36
43 19
43 14
43 34
43 28
43 13
43 41
43 33
43 24
43 26
43 6
43 5
43 2
43 45
43 35
43 20
43 44
43 16
43 21
43 7
43 17
43 9
43 30
43 25
43 12
20
44 31
44 45
44 40
44 9
44 2
44 11
44 6
44 46
44 28
44 0
44 7
44 49
44 42
44 14
44 5
44 1
44 20
44 21
44 33
44 36
22
45 16
45 24
45 5
45 30
45 23
45 42
45 25
45 35
45 7
45 8
45 41
45 11
45 19
45 17
45 0
45 14
45 46
45 6
45 22
45 20
45 40
45 36
20
46 8
46 29
46 41
46 39
46 2
46 43
46 30
46 40
46 42
46 23
46 3
46 27
46 11
46 16
46 10
46 25
46 34
46 14
46 48
46 5
20
47 5
47 28
47 44
47 26
47 1
47 16
47 4
47 42
47 13
47 6
47 21
47 24
47 15
47 30
47 20
47 12
47 40
47 46
47 3
47 25
26
48 5
48 24
48 19
48 10
48 32
48 26
48 6
48 9
48 30
48 14
48 23
48 12
48 36
48 3
48 47
48 11
48 38
48 7
48 20
48 43
48 29
48 45
48 22
48 15
48 44
48 0
23
49 13
49 21
49 25
49 39
49 32
49 31
49 30
49 18
49 1
49 12
49 47
49 4
49 0
49 41
49 17
49 23
49 45
49 2
49 9
49 10
49 16
49 8
49 48
