50
0 "A26"
1 "A16"
2 "A21"
3 "A32"
4 "A47"
5 "A25"
6 "A29"
7 "A43"
8 "A2"
9 "A36"
10 "A14"
11 "A15"
12 "A34"
13 "A10"
14 "A45"
15 "A23"
16 "A48"
17 "A12"
18 "A7"
19 "A30"
20 "A40"
21 "A1"
22 "A28"
23 "A22"
24 "A11"
25 "A9"
26 "A24"
27 "A37"
28 "A41"
29 "A33"
30 "A44"
31 "A13"
32 "A46"
33 "A27"
34 "A20"
35 "A5"
36 "A3"
37 "A17"
38 "A35"
39 "A6"
40 "A18"
41 "A42"
42 "A38"
43 "A19"
44 "A31"
45 "A8"
46 "A0"
47 "A39"
48 "A4"
49 "A49"
20
0 28
0 22
0 48
0 8
0 13
0 19
0 47
0 6
0 49
0 5
0 41
0 27
0 26
0 16
0 10
0 35
0 15
0 2
0 23
0 38
21
1 22
1 0
1 31
1 16
1 15
1 45
1 19
1 23
1 10
1 38
1 29
1 25
1 18
1 5
1 2
1 42
1 41
1 24
1 3
1 32
1 12
14
2 47
2 25
2 26
2 12
2 8
2 32
2 6
2 7
2 20
2 11
2 34
2 37
2 24
2 46
23
3 47
3 30
3 2
3 5
3 20
3 18
3 48
3 28
3 11
3 37
3 13
3 12
3 31
3 0
3 6
3 23
3 15
3 41
3 35
3 46
3 16
3 22
3 24
18
4 33
4 40
4 28
4 1
4 23
4 32
4 31
4 34
4 16
4 48
4 37
4 0
4 18
4 39
4 38
4 41
4 35
4 5
17
5 7
5 32
5 49
5 40
5 28
5 14
5 45
5 12
5 30
5 42
5 16
5 11
5 48
5 34
5 37
5 19
5 20
18
6 35
6 7
6 1
6 5
6 47
6 25
6 18
6 46
6 14
6 26
6 9
6 49
6 15
6 19
6 12
6 4
6 48
6 13
21
7 26
7 44
7 32
7 17
7 49
7 48
7 11
7 43
7 34
7 30
7 14
7 15
7 24
7 3
7 4
7 22
7 39
7 10
7 33
7 8
7 19
15
8 5
8 13
8 23
8 4
8 27
8 22
8 1
8 48
8 29
8 12
8 9
8 35
8 34
8 28
8 14
18
9 13
9 12
9 33
9 49
9 20
9 2
9 16
9 25
9 7
9 28
9 39
9 37
9 21
9 5
9 45
9 1
9 4
9 41
21
10 30
10 8
10 6
10 48
10 15
10 9
10 12
10 22
10 18
10 38
10 26
10 2
10 5
10 4
10 16
10 21
10 13
10 19
10 20
10 44
10 39
18
11 41
11 8
11 26
11 0
11 6
11 10
11 15
11 30
11 19
11 9
11 43
11 12
11 27
11 4
11 31
11 17
11 48
11 14
11
12 47
12 46
12 39
12 25
12 32
12 41
12 0
12 35
12 19
12 4
12 49
20
13 12
13 25
13 17
13 15
13 42
13 39
13 32
13 11
13 20
13 4
13 24
13 5
13 37
13 43
13 1
13 26
13 48
13 34
13 40
13 22
17
14 1
14 30
14 40
14 12
14 35
14 0
14 48
14 2
14 9
14 36
14 41
14 45
14 26
14 39
14 17
14 29
14 42
20
15 33
15 21
15 14
15 29
15 36
15 26
15 46
15 37
15 30
15 20
15 42
15 22
15 31
15 19
15 45
15 8
15 44
15 16
15 9
15 34
26
16 42
16 14
16 25
16 36
16 48
16 49
16 34
16 22
16 13
16 23
16 20
16 40
16 2
16 19
16 11
16 27
16 44
16 6
16 24
16 31
16 32
16 8
16 41
16 28
16 47
16 45
24
17 45
17 12
17 43
17 38
17 30
17 20
17 5
17 2
17 25
17 10
17 36
17 8
17 3
17 1
17 16
17 23
17 26
17 22
17 28
17 24
17 39
17 27
17 9
17 29
17
18 13
18 11
18 40
18 9
18 5
18 16
18 14
18 22
18 23
18 36
18 42
18 20
18 32
18 15
18 27
18 46
18 21
18
19 8
19 27
19 37
19 25
19 21
19 46
19 13
19 38
19 3
19 40
19 35
19 49
19 32
19 48
19 17
19 34
19 18
19 39
24
20 26
20 22
20 1
20 24
20 40
20 11
20 42
20 19
20 33
20 25
20 12
20 41
20 6
20 48
20 36
20 46
20 37
20 21
20 0
20 7
20 8
20 4
20 32
20 14
20
21 47
21 13
21 12
21 46
21 1
21 31
21 4
21 5
21 17
21 16
21 37
21 3
21 26
21 25
21 24
21 14
21 49
21 0
21 11
21 42
21
22 31
22 35
22 11
22 34
22 26
22 37
22 47
22 30
22 40
22 24
22 45
22 33
22 14
22 12
22 41
22 46
22 49
22 2
22 25
22 6
22 9
16
23 45
23 27
23 9
23 14
23 22
23 30
23 36
23 42
23 32
23 24
23 20
23 12
23 13
23 2
23 46
23 38
15
24 33
24 47
24 10
24 37
24 35
24 42
24 4
24 28
24 45
24 19
24 43
24 9
24 44
24 8
24 6
14
25 39
25 18
25 11
25 3
25 24
25 27
25 5
25 0
25 26
25 37
25 7
25 4
25 40
25 10
19
26 23
26 8
26 49
26 4
26 16
26 12
26 43
26 32
26 39
26 46
26 37
26 5
26 18
26 35
26 3
26 29
26 45
26 41
26 31
20
27 43
27 24
27 1
27 33
27 15
27 49
27 21
27 47
27 41
27 6
27 13
27 46
27 37
27 30
27 9
27 38
27 12
27 4
27 31
27 2
23
28 45
28 12
28 47
28 7
28 34
28 18
28 27
28 23
28 11
28 29
28 25
28 14
28 1
28 15
28 41
28 26
28 38
28 37
28 44
28 46
28 13
28 36
28 21
22
29 16
29 25
29 33
29 6
29 35
29 18
29 38
29 4
29 46
29 22
29 19
29 49
29 24
29 20
29 42
29 11
29 3
29 9
29 0
29 43
29 27
29 2
24
30 29
30 42
30 6
30 37
30 32
30 34
30 20
30 21
30 25
30 28
30 19
30 18
30 12
30 39
30 41
30 1
30 13
30 46
30 26
30 16
30 36
30 8
30 0
30 40
20
31 14
31 25
31 2
31 5
31 8
31 38
31 24
31 30
31 40
31 18
31 41
31 20
31 0
31 46
31 34
31 17
31 32
31 6
31 10
31 12
19
32 6
32 43
32 8
32 28
32 25
32 45
32 40
32 39
32 27
32 29
32 15
32 17
32 47
32 48
32 38
32 9
32 14
32 10
32 21
26
33 43
33 25
33 38
33 32
33 35
33 19
33 5
33 10
33 11
33 39
33 8
33 14
33 30
33 46
33 42
33 0
33 36
33 37
33 47
33 26
33 45
33 23
33 31
33 28
33 1
33 12
17
34 14
34 6
34 40
34 20
34 17
34 3
34 21
34 11
34 27
34 23
34 12
34 0
34 33
34 10
34 1
34 29
34 48
23
35 37
35 5
35 32
35 36
35 21
35 49
35 43
35 48
35 34
35 28
35 25
35 1
35 39
35 18
35 47
35 41
35 10
35 11
35 9
35 7
35 2
35 31
35 30
26
36 43
36 24
36 34
36 0
36 40
36 1
36 13
36 10
36 8
36 29
36 5
36 7
36 26
36 4
36 6
36 21
36 44
36 19
36 2
36 38
36 9
36 11
36 32
36 27
36 46
36 31
13
37 16
37 6
37 32
37 41
37 14
37 8
37 12
37 39
37 23
37 0
37 44
37 36
37 31
24
38 40
38 8
38 16
38 37
38 20
38 30
38 15
38 22
38 12
38 26
38 46
38 14
38 21
38 13
38 41
38 9
38 6
38 2
38 5
38 47
38 43
38 18
38 34
38 24
13
39 38
39 11
39 6
39 0
39 2
39 27
39 34
39 1
39 20
39 24
39 21
39 40
39 47
15
40 48
40 27
40 10
40 35
40 0
40 28
40 8
40 37
40 17
40 2
40 33
40 6
40 21
40 3
40 9
15
41 32
41 40
41 34
41 10
41 39
41 42
41 47
41 5
41 6
41 18
41 33
41 29
41 15
41 36
41 17
20
42 4
42 37
42 8
42 36
42 34
42 28
42 26
42 25
42 6
42 12
42 7
42 31
42 19
42 0
42 43
42 35
42 44
42 46
42 10
42 22
16
43 30
43 6
43 14
43 46
43 21
43 1
43 47
43 0
43 2
43 9
43 40
43 25
43 10
43 48
43 15
43 3
32
44 48
44 8
44 21
44 5
44 20
44 33
44 6
44 0
44 35
44 11
44 32
44 25
44 34
44 43
44 27
44 46
44 3
44 12
44 18
44 26
44 23
44 49
44 4
44 2
44 14
44 9
44 30
44 29
44 19
44 17
44 38
44 39
25
45 29
45 34
45 10
45 47
45 20
45 43
45 13
45 12
45 37
45 21
45 36
45 7
45 42
45 8
45 46
45 2
45 41
45 49
45 0
45 4
45 39
45 35
45 31
45 48
45 27
15
46 37
46 25
46 0
46 16
46 14
46 24
46 39
46 49
46 13
46 10
46 8
46 11
46 7
46 17
46 1
22
47 37
47 25
47 13
47 23
47 34
47 46
47 20
47 15
47 4
47 48
47 44
47 40
47 9
47 29
47 1
47 7
47 14
47 19
47 17
47 11
47 10
47 5
19
48 22
48 24
48 2
48 30
48 37
48 42
48 17
48 18
48 36
48 27
48 41
48 25
48 15
48 1
48 29
48 26
48 46
48 9
48 12
25
49 24
49 38
49 43
49 23
49 36
49 32
49 42
49 33
49 31
49 1
49 25
49 14
49 8
49 10
49 48
49 15
49 47
49 28
49 13
49 40
49 18
49 39
49 41
49 30
49 4
