50
0 "A26"
1 "A16"
2 "A21"
3 "A32"
4 "A47"
5 "A25"
6 "A29"
7 "A43"
8 "A2"
9 "A36"
10 "A14"
11 "A15"
12 "A34"
13 "A10"
14 "A45"
15 "A23"
16 "A48"
17 "A12"
18 "A7"
19 "A30"
20 "A40"
21 "A1"
22 "A28"
23 "A22"
24 "A11"
25 "A9"
26 "A24"
27 "A37"
28 "A41"
29 "A33"
30 "A44"
31 "A13"
32 "A46"
33 "A27"
34 "A20"
35 "A5"
36 "A3"
37 "A17"
38 "A35"
39 "A6"
40 "A18"
41 "A42"
42 "A38"
43 "A19"
44 "A31"
45 "A8"
46 "A0"
47 "A39"
48 "A4"
49 "A49"
22
0 32
0 10
0 45
0 47
0 6
0 14
0 39
0 23
0 30
0 11
0 28
0 19
0 16
0 31
0 20
0 36
0 44
0 27
0 13
0 26
0 2
0 1
19
1 39
1 42
1 26
1 49
1 30
1 29
1 32
1 31
1 44
1 6
1 41
1 10
1 36
1 3
1 28
1 33
1 45
1 47
1 46
27
2 25
2 14
2 20
2 28
2 15
2 27
2 46
2 24
2 5
2 45
2 3
2 47
2 38
2 21
2 23
2 10
2 31
2 11
2 19
2 39
2 1
2 12
2 29
2 35
2 37
2 13
2 44
21
3 37
3 14
3 8
3 36
3 18
3 35
3 6
3 24
3 45
3 21
3 31
3 48
3 26
3 28
3 19
3 27
3 39
3 0
3 15
3 46
3 29
21
4 27
4 26
4 10
4 39
4 23
4 0
4 1
4 30
4 25
4 2
4 7
4 29
4 12
4 13
4 48
4 42
4 8
4 49
4 43
4 3
4 41
18
5 43
5 4
5 37
5 32
5 48
5 7
5 22
5 40
5 1
5 9
5 3
5 10
5 35
5 6
5 49
5 41
5 38
5 27
13
6 29
6 10
6 25
6 18
6 47
6 42
6 46
6 36
6 45
6 7
6 9
6 40
6 27
20
7 27
7 46
7 20
7 3
7 17
7 25
7 10
7 1
7 48
7 0
7 39
7 30
7 21
7 9
7 23
7 16
7 31
7 35
7 18
7 40
18
8 5
8 2
8 0
8 32
8 15
8 12
8 20
8 7
8 19
8 35
8 36
8 26
8 16
8 11
8 30
8 18
8 28
8 6
26
9 40
9 3
9 47
9 1
9 21
9 31
9 35
9 10
9 14
9 49
9 15
9 18
9 12
9 37
9 44
9 16
9 29
9 2
9 17
9 19
9 33
9 24
9 0
9 11
9 36
9 20
15
10 32
10 41
10 25
10 34
10 12
10 44
10 48
10 16
10 8
10 39
10 20
10 23
10 45
10 3
10 43
17
11 19
11 7
11 24
11 35
11 30
11 5
11 14
11 33
11 18
11 40
11 27
11 6
11 45
11 10
11 1
11 39
11 4
17
12 37
12 11
12 6
12 24
12 1
12 38
12 19
12 3
12 14
12 0
12 36
12 34
12 29
12 26
12 47
12 21
12 17
20
13 29
13 34
13 24
13 32
13 12
13 49
13 31
13 18
13 17
13 40
13 46
13 10
13 16
13 44
13 47
13 7
13 6
13 37
13 20
13 9
24
14 35
14 13
14 37
14 23
14 8
14 17
14 19
14 6
14 5
14 44
14 27
14 48
14 24
14 47
14 32
14 22
14 30
14 1
14 4
14 28
14 38
14 29
14 33
14 20
20
15 12
15 49
15 20
15 27
15 45
15 19
15 18
15 13
15 48
15 7
15 39
15 5
15 35
15 11
15 0
15 10
15 40
15 32
15 36
15 41
23
16 46
16 43
16 25
16 22
16 49
16 14
16 28
16 32
16 27
16 26
16 2
16 18
16 42
16 33
16 35
16 38
16 15
16 11
16 19
16 6
16 1
16 4
16 23
25
17 42
17 34
17 33
17 11
17 4
17 36
17 41
17 26
17 37
17 0
17 16
17 22
17 18
17 10
17 48
17 24
17 2
17 49
17 45
17 21
17 5
17 3
17 29
17 8
17 30
18
18 38
18 21
18 25
18 27
18 42
18 12
18 30
18 45
18 46
18 37
18 24
18 34
18 10
18 43
18 48
18 20
18 28
18 40
16
19 18
19 5
19 33
19 26
19 39
19 4
19 24
19 1
19 46
19 30
19 7
19 37
19 10
19 6
19 27
19 21
15
20 37
20 42
20 4
20 27
20 19
20 49
20 25
20 16
20 28
20 45
20 12
20 40
20 21
20 5
20 6
18
21 16
21 10
21 35
21 5
21 39
21 13
21 34
21 14
21 26
21 11
21 6
21 47
21 24
21 0
21 48
21 8
21 15
21 30
26
22 46
22 43
22 42
22 1
22 21
22 0
22 45
22 31
22 15
22 41
22 36
22 37
22 7
22 35
22 8
22 49
22 12
22 9
22 2
22 40
22 11
22 6
22 20
22 19
22 26
22 44
20
23 9
23 29
23 17
23 13
23 8
23 44
23 3
23 36
23 39
23 25
23 21
23 30
23 15
23 46
23 42
23 20
23 22
23 11
23 48
23 34
21
24 47
24 37
24 43
24 1
24 36
24 26
24 0
24 44
24 22
24 7
24 39
24 23
24 31
24 48
24 8
24 41
24 20
24 6
24 4
24 5
24 10
16
25 14
25 0
25 9
25 15
25 12
25 13
25 8
25 27
25 1
25 44
25 24
25 48
25 5
25 26
25 28
25 19
17
26 20
26 49
26 35
26 33
26 23
26 37
26 10
26 27
26 5
26 2
26 11
26 32
26 40
26 13
26 6
26 34
26 39
15
27 8
27 13
27 23
27 21
27 40
27 41
27 22
27 24
27 44
27 10
27 46
27 28
27 48
27 1
27 39
22
28 36
28 32
28 19
28 15
28 40
28 17
28 44
28 35
28 13
28 49
28 7
28 26
28 23
28 21
28 31
28 34
28 43
28 22
28 12
28 38
28 10
28 11
14
29 48
29 28
29 34
29 11
29 15
29 36
29 8
29 22
29 26
29 19
29 45
29 47
29 5
29 20
18
30 29
30 10
30 41
30 42
30 28
30 13
30 26
30 12
30 48
30 16
30 39
30 34
30 49
30 36
30 15
30 44
30 43
30 3
21
31 8
31 27
31 41
31 37
31 20
31 35
31 26
31 16
31 19
31 32
31 6
31 23
31 4
31 49
31 5
31 29
31 30
31 45
31 11
31 21
31 17
17
32 27
32 4
32 3
32 17
32 12
32 29
32 22
32 23
32 18
32 11
32 25
32 24
32 36
32 43
32 2
32 37
32 48
25
33 5
33 24
33 6
33 18
33 15
33 35
33 20
33 12
33 27
33 22
33 28
33 13
33 4
33 3
33 30
33 0
33 23
33 37
33 29
33 41
33 7
33 21
33 45
33 10
33 47
22
34 7
34 41
34 1
34 40
34 4
34 31
34 5
34 20
34 3
34 0
34 9
34 45
34 16
34 32
34 15
34 25
34 47
34 19
34 24
34 6
34 38
34 11
20
35 34
35 44
35 18
35 32
35 6
35 20
35 25
35 37
35 10
35 0
35 23
35 39
35 24
35 19
35 29
35 45
35 36
35 38
35 4
35 13
15
36 20
36 4
36 25
36 45
36 16
36 34
36 27
36 21
36 31
36 37
36 14
36 39
36 46
36 49
36 13
17
37 8
37 34
37 21
37 45
37 1
37 27
37 44
37 15
37 47
37 11
37 0
37 23
37 4
37 7
37 41
37 16
37 30
20
38 9
38 8
38 41
38 27
38 0
38 4
38 13
38 17
38 19
38 25
38 36
38 31
38 32
38 3
38 30
38 43
38 10
38 20
38 22
38 24
19
39 42
39 5
39 28
39 22
39 9
39 43
39 14
39 48
39 13
39 17
39 6
39 25
39 20
39 38
39 33
39 16
39 34
39 37
39 47
19
40 4
40 23
40 21
40 14
40 12
40 8
40 10
40 33
40 24
40 32
40 0
40 35
40 36
40 3
40 1
40 31
40 48
40 29
40 44
20
41 11
41 49
41 40
41 8
41 12
41 6
41 16
41 9
41 21
41 43
41 20
41 19
41 25
41 28
41 39
41 32
41 13
41 3
41 46
41 2
21
42 12
42 5
42 32
42 33
42 46
42 29
42 24
42 49
42 21
42 31
42 11
42 43
42 40
42 2
42 38
42 0
42 10
42 35
42 9
42 34
42 15
24
43 21
43 23
43 46
43 13
43 19
43 33
43 11
43 34
43 49
43 12
43 7
43 40
43 29
43 15
43 2
43 26
43 27
43 0
43 6
43 1
43 31
43 8
43 20
43 48
22
44 46
44 6
44 21
44 29
44 47
44 48
44 15
44 12
44 45
44 18
44 8
44 36
44 17
44 19
44 4
44 39
44 26
44 42
44 7
44 20
44 34
44 31
16
45 32
45 42
45 26
45 7
45 30
45 27
45 4
45 12
45 19
45 25
45 21
45 43
45 46
45 5
45 13
45 28
19
46 14
46 34
46 15
46 9
46 25
46 11
46 21
46 24
46 38
46 32
46 26
46 0
46 12
46 35
46 29
46 17
46 10
46 37
46 31
21
47 43
47 18
47 45
47 26
47 42
47 25
47 27
47 46
47 23
47 3
47 19
47 28
47 15
47 38
47 11
47 7
47 31
47 30
47 36
47 16
47 35
21
48 36
48 13
48 41
48 8
48 38
48 47
48 33
48 46
48 22
48 28
48 34
48 1
48 11
48 16
48 20
48 19
48 6
48 26
48 0
48 31
48 2
19
49 10
49 12
49 6
49 2
49 7
49 29
49 35
49 47
49 40
49 8
49 24
49 27
49 3
49 38
49 14
49 11
49 34
49 33
49 0
