50
0 "A26"
1 "A16"
2 "A21"
3 "A32"
4 "A47"
5 "A25"
6 "A29"
7 "A43"
8 "A2"
9 "A36"
10 "A14"
11 "A15"
12 "A34"
13 "A10"
14 "A45"
15 "A23"
16 "A48"
17 "A12"
18 "A7"
19 "A30"
20 "A40"
21 "A1"
22 "A28"
23 "A22"
24 "A11"
25 "A9"
26 "A24"
27 "A37"
28 "A41"
29 "A33"
30 "A44"
31 "A13"
32 "A46"
33 "A27"
34 "A20"
35 "A5"
36 "A3"
37 "A17"
38 "A35"
39 "A6"
40 "A18"
41 "A42"
42 "A38"
43 "A19"
44 "A31"
45 "A8"
46 "A0"
47 "A39"
48 "A4"
49 "A49"
19
0 10
0 39
0 32
0 49
0 13
0 47
0 9
0 14
0 30
0 28
0 45
0 15
0 12
0 23
0 2
0 7
0 17
0 25
0 24
17
1 5
1 17
1 6
1 19
1 39
1 25
1 36
1 0
1 14
1 26
1 35
1 4
1 18
1 2
1 32
1 13
1 41
26
2 47
2 10
2 44
2 5
2 20
2 38
2 48
2 24
2 8
2 21
2 15
2 16
2 14
2 43
2 28
2 7
2 6
2 45
2 19
2 23
2 31
2 29
2 34
2 18
2 39
2 3
13
3 26
3 36
3 46
3 21
3 4
3 11
3 45
3 37
3 32
3 29
3 15
3 42
3 22
19
4 23
4 10
4 12
4 29
4 28
4 7
4 32
4 38
4 33
4 14
4 35
4 43
4 26
4 46
4 47
4 44
4 13
4 11
4 0
18
5 34
5 27
5 12
5 9
5 13
5 35
5 6
5 48
5 0
5 24
5 49
5 31
5 41
5 7
5 4
5 28
5 36
5 22
22
6 46
6 27
6 19
6 43
6 47
6 13
6 15
6 45
6 26
6 7
6 9
6 0
6 22
6 35
6 48
6 36
6 12
6 32
6 49
6 39
6 25
6 10
18
7 9
7 1
7 46
7 42
7 23
7 30
7 12
7 17
7 35
7 16
7 38
7 18
7 14
7 3
7 22
7 25
7 48
7 28
26
8 6
8 46
8 15
8 12
8 13
8 7
8 45
8 4
8 48
8 47
8 20
8 5
8 21
8 34
8 33
8 30
8 14
8 19
8 29
8 9
8 35
8 44
8 1
8 0
8 32
8 10
16
9 16
9 11
9 36
9 34
9 40
9 3
9 14
9 21
9 29
9 49
9 10
9 30
9 20
9 1
9 43
9 48
18
10 29
10 22
10 1
10 32
10 43
10 39
10 40
10 47
10 28
10 5
10 7
10 3
10 13
10 41
10 44
10 34
10 16
10 20
22
11 39
11 37
11 24
11 30
11 34
11 40
11 41
11 27
11 46
11 38
11 5
11 48
11 49
11 6
11 10
11 26
11 13
11 19
11 18
11 1
11 2
11 42
20
12 9
12 27
12 37
12 36
12 30
12 39
12 24
12 29
12 17
12 34
12 38
12 19
12 11
12 46
12 3
12 26
12 21
12 40
12 10
12 35
19
13 39
13 34
13 26
13 28
13 18
13 12
13 3
13 23
13 2
13 47
13 9
13 7
13 31
13 29
13 17
13 20
13 24
13 38
13 21
23
14 46
14 13
14 34
14 41
14 23
14 11
14 5
14 42
14 22
14 38
14 37
14 28
14 27
14 10
14 32
14 3
14 40
14 48
14 26
14 45
14 17
14 6
14 29
21
15 44
15 4
15 1
15 12
15 32
15 39
15 14
15 9
15 35
15 16
15 33
15 13
15 40
15 10
15 24
15 17
15 47
15 45
15 27
15 7
15 49
18
16 22
16 32
16 43
16 3
16 4
16 31
16 6
16 29
16 46
16 25
16 11
16 8
16 45
16 18
16 23
16 35
16 0
16 1
23
17 18
17 27
17 5
17 39
17 3
17 30
17 16
17 19
17 29
17 24
17 8
17 33
17 48
17 11
17 4
17 10
17 36
17 25
17 6
17 41
17 9
17 47
17 35
24
18 31
18 9
18 3
18 0
18 48
18 19
18 4
18 29
18 38
18 40
18 15
18 12
18 35
18 21
18 46
18 27
18 22
18 28
18 30
18 20
18 43
18 10
18 8
18 24
18
19 46
19 13
19 36
19 14
19 41
19 26
19 3
19 48
19 9
19 23
19 40
19 7
19 32
19 42
19 16
19 10
19 5
19 0
18
20 14
20 25
20 43
20 35
20 41
20 24
20 21
20 45
20 7
20 11
20 4
20 30
20 39
20 46
20 27
20 0
20 12
20 19
21
21 16
21 39
21 41
21 17
21 15
21 10
21 5
21 14
21 0
21 19
21 33
21 46
21 24
21 7
21 37
21 4
21 26
21 36
21 6
21 49
21 25
21
22 17
22 41
22 42
22 13
22 33
22 47
22 21
22 36
22 35
22 0
22 29
22 12
22 40
22 39
22 32
22 49
22 9
22 27
22 19
22 11
22 25
18
23 6
23 12
23 9
23 25
23 21
23 5
23 22
23 27
23 46
23 15
23 20
23 29
23 37
23 30
23 39
23 43
23 35
23 1
20
24 23
24 10
24 25
24 4
24 36
24 49
24 42
24 9
24 3
24 26
24 22
24 16
24 6
24 8
24 19
24 1
24 39
24 7
24 46
24 37
17
25 2
25 49
25 4
25 31
25 13
25 48
25 8
25 15
25 47
25 19
25 18
25 9
25 11
25 44
25 30
25 14
25 5
13
26 17
26 38
26 18
26 2
26 33
26 49
26 10
26 22
26 15
26 25
26 23
26 41
26 0
24
27 45
27 29
27 36
27 21
27 41
27 40
27 35
27 7
27 32
27 34
27 1
27 2
27 10
27 33
27 25
27 9
27 30
27 48
27 46
27 24
27 19
27 4
27 42
27 26
23
28 44
28 6
28 26
28 1
28 11
28 37
28 9
28 31
28 21
28 48
28 32
28 15
28 38
28 22
28 23
28 36
28 35
28 43
28 41
28 24
28 39
28 20
28 3
16
29 25
29 48
29 28
29 36
29 44
29 45
29 42
29 20
29 0
29 6
29 15
29 11
29 5
29 21
29 31
29 39
21
30 35
30 6
30 29
30 31
30 32
30 36
30 15
30 28
30 3
30 47
30 41
30 26
30 42
30 14
30 46
30 4
30 13
30 21
30 5
30 40
30 34
19
31 27
31 4
31 20
31 42
31 33
31 38
31 3
31 43
31 17
31 9
31 14
31 26
31 23
31 7
31 12
31 49
31 48
31 22
31 10
17
32 24
32 7
32 23
32 20
32 45
32 17
32 46
32 48
32 26
32 49
32 21
32 9
32 40
32 41
32 38
32 11
32 12
28
33 6
33 14
33 49
33 38
33 32
33 41
33 28
33 3
33 40
33 45
33 7
33 20
33 13
33 29
33 44
33 23
33 9
33 0
33 11
33 36
33 10
33 24
33 47
33 2
33 25
33 16
33 19
33 12
22
34 41
34 43
34 37
34 1
34 40
34 31
34 0
34 16
34 47
34 20
34 25
34 24
34 15
34 19
34 28
34 23
34 18
34 45
34 3
34 36
34 17
34 38
16
35 11
35 38
35 40
35 49
35 0
35 3
35 9
35 21
35 36
35 47
35 34
35 43
35 39
35 33
35 44
35 41
17
36 4
36 31
36 0
36 26
36 46
36 43
36 49
36 16
36 10
36 11
36 45
36 15
36 47
36 18
36 8
36 37
36 14
22
37 32
37 20
37 15
37 1
37 31
37 10
37 48
37 45
37 33
37 6
37 16
37 5
37 19
37 4
37 40
37 25
37 44
37 2
37 13
37 38
37 17
37 7
19
38 17
38 15
38 6
38 47
38 36
38 22
38 9
38 27
38 19
38 42
38 29
38 10
38 25
38 5
38 24
38 23
38 41
38 16
38 49
16
39 4
39 27
39 45
39 16
39 18
39 19
39 37
39 3
39 34
39 42
39 7
39 5
39 33
39 44
39 38
39 49
18
40 26
40 21
40 20
40 7
40 23
40 17
40 31
40 43
40 25
40 8
40 49
40 48
40 5
40 1
40 42
40 0
40 38
40 39
15
41 36
41 13
41 40
41 43
41 2
41 15
41 25
41 16
41 23
41 6
41 24
41 3
41 29
41 49
41 4
19
42 37
42 16
42 17
42 28
42 6
42 32
42 15
42 2
42 33
42 10
42 20
42 35
42 21
42 47
42 34
42 4
42 18
42 5
42 46
21
43 11
43 5
43 14
43 7
43 29
43 0
43 19
43 22
43 21
43 45
43 17
43 38
43 42
43 15
43 33
43 25
43 12
43 37
43 48
43 44
43 13
26
44 13
44 18
44 24
44 5
44 20
44 34
44 6
44 16
44 46
44 3
44 19
44 36
44 23
44 7
44 26
44 22
44 17
44 41
44 42
44 0
44 12
44 38
44 27
44 40
44 31
44 32
16
45 13
45 10
45 31
45 4
45 12
45 26
45 7
45 35
45 46
45 5
45 22
45 30
45 44
45 38
45 28
45 40
19
46 38
46 31
46 28
46 0
46 49
46 37
46 29
46 10
46 15
46 34
46 9
46 13
46 33
46 1
46 43
46 39
46 47
46 2
46 25
20
47 16
47 37
47 39
47 20
47 32
47 27
47 5
47 44
47 21
47 49
47 26
47 23
47 18
47 43
47 9
47 24
47 14
47 31
47 29
47 40
18
48 16
48 13
48 47
48 0
48 36
48 33
48 10
48 15
48 12
48 34
48 21
48 42
48 41
48 38
48 30
48 1
48 35
48 23
20
49 34
49 10
49 30
49 20
49 37
49 14
49 17
49 2
49 18
49 3
49 23
49 4
49 44
49 16
49 45
49 12
49 13
49 19
49 7
49 1
