50
0 "A26"
1 "A16"
2 "A21"
3 "A32"
4 "A47"
5 "A25"
6 "A29"
7 "A43"
8 "A2"
9 "A36"
10 "A14"
11 "A15"
12 "A34"
13 "A10"
14 "A45"
15 "A23"
16 "A48"
17 "A12"
18 "A7"
19 "A30"
20 "A40"
21 "A1"
22 "A28"
23 "A22"
24 "A11"
25 "A9"
26 "A24"
27 "A37"
28 "A41"
29 "A33"
30 "A44"
31 "A13"
32 "A46"
33 "A27"
34 "A20"
35 "A5"
36 "A3"
37 "A17"
38 "A35"
39 "A6"
40 "A18"
41 "A42"
42 "A38"
43 "A19"
44 "A31"
45 "A8"
46 "A0"
47 "A39"
48 "A4"
49 "A49"
13
0 7
0 10
0 6
0 28
0 15
0 33
0 48
0 38
0 5
0 18
0 17
0 43
0 2
20
1 33
1 46
1 3
1 36
1 48
1 0
1 44
1 19
1 22
1 38
1 41
1 43
1 10
1 45
1 34
1 29
1 32
1 31
1 23
1 42
19
2 1
2 14
2 20
2 45
2 49
2 44
2 26
2 9
2 4
2 6
2 25
2 42
2 13
2 10
2 17
2 3
2 30
2 41
2 12
18
3 38
3 30
3 32
3 9
3 6
3 34
3 4
3 26
3 24
3 46
3 33
3 15
3 18
3 7
3 36
3 48
3 11
3 37
13
4 14
4 12
4 19
4 29
4 22
4 8
4 23
4 11
4 35
4 30
4 36
4 1
4 7
25
5 37
5 12
5 40
5 43
5 2
5 25
5 46
5 36
5 35
5 19
5 28
5 31
5 47
5 18
5 17
5 41
5 49
5 42
5 9
5 16
5 1
5 39
5 30
5 10
5 4
21
6 29
6 22
6 16
6 30
6 26
6 4
6 25
6 48
6 24
6 49
6 17
6 11
6 37
6 5
6 31
6 43
6 45
6 42
6 15
6 46
6 7
10
7 18
7 25
7 17
7 11
7 34
7 42
7 48
7 44
7 5
7 20
19
8 42
8 27
8 7
8 9
8 21
8 19
8 17
8 40
8 47
8 24
8 44
8 23
8 28
8 49
8 26
8 35
8 43
8 48
8 45
19
9 41
9 34
9 1
9 42
9 49
9 7
9 6
9 47
9 4
9 26
9 37
9 12
9 32
9 0
9 15
9 14
9 35
9 48
9 29
23
10 36
10 43
10 34
10 27
10 32
10 18
10 28
10 14
10 3
10 26
10 45
10 31
10 42
10 35
10 9
10 7
10 16
10 40
10 23
10 8
10 44
10 46
10 17
17
11 18
11 47
11 15
11 9
11 20
11 23
11 36
11 32
11 40
11 10
11 1
11 13
11 2
11 46
11 16
11 0
11 5
16
12 22
12 0
12 23
12 38
12 33
12 30
12 31
12 15
12 24
12 37
12 25
12 42
12 18
12 14
12 10
12 6
24
13 37
13 4
13 0
13 40
13 10
13 39
13 9
13 48
13 26
13 8
13 17
13 3
13 5
13 12
13 29
13 19
13 21
13 1
13 30
13 42
13 38
13 18
13 25
13 49
19
14 46
14 5
14 7
14 1
14 39
14 34
14 13
14 3
14 31
14 11
14 37
14 20
14 22
14 0
14 24
14 6
14 45
14 26
14 38
20
15 30
15 7
15 45
15 4
15 2
15 46
15 27
15 33
15 38
15 5
15 47
15 26
15 48
15 22
15 40
15 28
15 8
15 42
15 14
15 10
23
16 8
16 46
16 34
16 4
16 13
16 33
16 21
16 1
16 28
16 38
16 14
16 0
16 19
16 43
16 27
16 3
16 48
16 15
16 29
16 20
16 12
16 32
16 42
13
17 47
17 42
17 22
17 49
17 46
17 29
17 21
17 4
17 26
17 33
17 3
17 34
17 23
22
18 24
18 28
18 25
18 32
18 2
18 48
18 47
18 14
18 23
18 34
18 6
18 29
18 9
18 44
18 4
18 16
18 39
18 37
18 21
18 43
18 15
18 36
22
19 31
19 36
19 45
19 37
19 46
19 18
19 17
19 42
19 15
19 28
19 0
19 49
19 29
19 6
19 11
19 3
19 10
19 24
19 32
19 9
19 41
19 21
21
20 0
20 9
20 18
20 31
20 49
20 39
20 43
20 33
20 19
20 32
20 47
20 13
20 3
20 26
20 6
20 40
20 21
20 12
20 24
20 4
20 38
17
21 9
21 10
21 11
21 6
21 0
21 15
21 14
21 5
21 4
21 29
21 7
21 2
21 12
21 3
21 25
21 34
21 47
14
22 11
22 3
22 2
22 10
22 24
22 8
22 29
22 39
22 34
22 36
22 25
22 43
22 18
22 49
17
23 45
23 3
23 37
23 19
23 20
23 16
23 41
23 5
23 0
23 29
23 48
23 46
23 15
23 43
23 49
23 9
23 6
21
24 9
24 17
24 25
24 48
24 5
24 39
24 13
24 16
24 7
24 27
24 29
24 4
24 26
24 40
24 33
24 36
24 15
24 28
24 44
24 2
24 45
20
25 0
25 1
25 26
25 33
25 46
25 23
25 30
25 8
25 16
25 15
25 39
25 29
25 17
25 9
25 32
25 35
25 34
25 41
25 44
25 20
17
26 16
26 37
26 0
26 29
26 1
26 12
26 43
26 18
26 45
26 49
26 11
26 21
26 40
26 4
26 41
26 46
26 22
26
27 26
27 49
27 45
27 12
27 48
27 11
27 25
27 32
27 7
27 37
27 4
27 23
27 44
27 33
27 47
27 43
27 6
27 14
27 17
27 1
27 38
27 41
27 28
27 22
27 9
27 2
23
28 20
28 14
28 41
28 44
28 6
28 13
28 23
28 30
28 2
28 12
28 1
28 29
28 4
28 11
28 26
28 17
28 22
28 25
28 7
28 38
28 3
28 46
28 21
21
29 2
29 33
29 15
29 12
29 41
29 37
29 7
29 31
29 5
29 3
29 44
29 46
29 48
29 43
29 8
29 10
29 38
29 34
29 14
29 20
29 49
22
30 20
30 36
30 48
30 21
30 8
30 22
30 1
30 17
30 40
30 42
30 41
30 19
30 11
30 44
30 14
30 26
30 23
30 0
30 39
30 31
30 32
30 10
25
31 16
31 45
31 33
31 27
31 4
31 24
31 2
31 13
31 17
31 47
31 26
31 28
31 36
31 25
31 34
31 40
31 7
31 18
31 23
31 42
31 43
31 15
31 22
31 0
31 38
20
32 45
32 14
32 44
32 13
32 2
32 35
32 41
32 4
32 31
32 47
32 5
32 15
32 43
32 23
32 6
32 8
32 48
32 22
32 26
32 29
20
33 2
33 39
33 11
33 18
33 49
33 45
33 41
33 21
33 13
33 14
33 5
33 28
33 38
33 30
33 9
33 47
33 4
33 22
33 19
33 23
27
34 39
34 28
34 5
34 41
34 19
34 27
34 44
34 46
34 13
34 33
34 45
34 32
34 15
34 43
34 35
34 2
34 36
34 37
34 0
34 23
34 12
34 4
34 24
34 20
34 42
34 47
34 8
23
35 23
35 13
35 29
35 47
35 27
35 12
35 26
35 22
35 30
35 15
35 16
35 19
35 20
35 46
35 21
35 11
35 33
35 7
35 1
35 48
35 24
35 0
35 17
18
36 6
36 45
36 0
36 17
36 12
36 9
36 16
36 43
36 35
36 41
36 33
36 8
36 40
36 29
36 26
36 25
36 13
36 42
18
37 0
37 16
37 4
37 15
37 32
37 31
37 21
37 35
37 10
37 2
37 20
37 8
37 28
37 48
37 22
37 30
37 7
37 24
21
38 9
38 23
38 6
38 25
38 35
38 4
38 22
38 11
38 32
38 34
38 8
38 17
38 21
38 26
38 5
38 2
38 7
38 42
38 40
38 19
38 41
26
39 21
39 37
39 17
39 6
39 11
39 29
39 32
39 38
39 8
39 23
39 44
39 31
39 43
39 19
39 42
39 1
39 3
39 4
39 7
39 12
39 27
39 2
39 9
39 40
39 16
39 36
21
40 18
40 0
40 4
40 19
40 45
40 29
40 28
40 21
40 27
40 16
40 7
40 34
40 22
40 17
40 2
40 32
40 48
40 42
40 6
40 37
40 44
12
41 31
41 3
41 4
41 21
41 22
41 0
41 37
41 10
41 18
41 20
41 39
41 16
18
42 37
42 29
42 21
42 4
42 28
42 25
42 20
42 22
42 3
42 0
42 33
42 32
42 44
42 27
42 24
42 41
42 14
42 26
19
43 12
43 48
43 21
43 37
43 7
43 41
43 35
43 28
43 9
43 40
43 2
43 42
43 15
43 3
43 38
43 24
43 33
43 4
43 13
21
44 35
44 5
44 17
44 19
44 33
44 23
44 9
44 36
44 6
44 41
44 0
44 43
44 12
44 20
44 31
44 21
44 26
44 37
44 13
44 4
44 3
18
45 42
45 35
45 4
45 9
45 38
45 12
45 37
45 25
45 20
45 0
45 22
45 16
45 17
45 13
45 43
45 44
45 7
45 3
17
46 2
46 40
46 18
46 4
46 47
46 9
46 42
46 22
46 0
46 31
46 32
46 41
46 27
46 45
46 7
46 24
46 39
21
47 22
47 26
47 7
47 28
47 42
47 2
47 6
47 13
47 10
47 1
47 24
47 3
47 44
47 48
47 14
47 23
47 39
47 45
47 41
47 25
47 12
15
48 11
48 12
48 38
48 20
48 22
48 19
48 34
48 28
48 41
48 49
48 5
48 31
48 44
48 17
48 36
25
49 14
49 39
49 43
49 37
49 28
49 31
49 24
49 7
49 4
49 21
49 44
49 3
49 12
49 36
49 1
49 16
49 40
49 46
49 32
49 10
49 35
49 0
49 45
49 42
49 15
