50
0 "A26"
1 "A16"
2 "A21"
3 "A32"
4 "A47"
5 "A25"
6 "A29"
7 "A43"
8 "A2"
9 "A36"
10 "A14"
11 "A15"
12 "A34"
13 "A10"
14 "A45"
15 "A23"
16 "A48"
17 "A12"
18 "A7"
19 "A30"
20 "A40"
21 "A1"
22 "A28"
23 "A22"
24 "A11"
25 "A9"
26 "A24"
27 "A37"
28 "A41"
29 "A33"
30 "A44"
31 "A13"
32 "A46"
33 "A27"
34 "A20"
35 "A5"
36 "A3"
37 "A17"
38 "A35"
39 "A6"
40 "A18"
41 "A42"
42 "A38"
43 "A19"
44 "A31"
45 "A8"
46 "A0"
47 "A39"
48 "A4"
49 "A49"
15
0 22
0 20
0 28
0 26
0 5
0 7
0 11
0 33
0 3
0 16
0 24
0 8
0 45
0 4
0 17
22
1 31
1 15
1 18
1 12
1 47
1 21
1 48
1 7
1 10
1 11
1 42
1 23
1 27
1 0
1 37
1 30
1 17
1 46
1 29
1 32
1 22
1 25
15
2 7
2 1
2 45
2 19
2 38
2 25
2 31
2 21
2 18
2 23
2 28
2 41
2 14
2 42
2 27
20
3 7
3 31
3 6
3 37
3 40
3 24
3 34
3 41
3 5
3 16
3 21
3 8
3 12
3 2
3 10
3 46
3 23
3 29
3 44
3 28
21
4 49
4 9
4 2
4 44
4 7
4 29
4 11
4 1
4 47
4 33
4 24
4 16
4 18
4 21
4 22
4 43
4 8
4 28
4 30
4 13
4 3
23
5 29
5 1
5 43
5 36
5 46
5 12
5 11
5 44
5 17
5 27
5 34
5 32
5 47
5 4
5 39
5 42
5 2
5 9
5 40
5 23
5 22
5 25
5 31
17
6 21
6 4
6 12
6 41
6 22
6 23
6 5
6 36
6 16
6 43
6 0
6 8
6 42
6 24
6 26
6 2
6 14
21
7 32
7 46
7 19
7 25
7 43
7 41
7 39
7 33
7 30
7 36
7 13
7 26
7 48
7 37
7 28
7 15
7 21
7 27
7 9
7 11
7 5
18
8 32
8 30
8 10
8 28
8 37
8 48
8 27
8 5
8 39
8 2
8 35
8 1
8 17
8 44
8 13
8 47
8 9
8 49
21
9 41
9 42
9 36
9 27
9 16
9 12
9 10
9 39
9 25
9 33
9 28
9 22
9 30
9 44
9 18
9 11
9 2
9 26
9 47
9 3
9 37
18
10 26
10 17
10 23
10 11
10 28
10 21
10 38
10 35
10 5
10 41
10 36
10 18
10 2
10 0
10 16
10 42
10 45
10 22
19
11 22
11 15
11 3
11 14
11 41
11 36
11 45
11 2
11 46
11 23
11 39
11 21
11 19
11 24
11 8
11 37
11 16
11 28
11 43
16
12 49
12 13
12 24
12 41
12 2
12 14
12 38
12 22
12 10
12 0
12 11
12 26
12 29
12 33
12 44
12 43
22
13 34
13 3
13 31
13 23
13 43
13 49
13 36
13 5
13 2
13 44
13 11
13 14
13 6
13 1
13 29
13 33
13 16
13 10
13 22
13 47
13 15
13 25
17
14 36
14 20
14 37
14 5
14 43
14 17
14 40
14 19
14 35
14 29
14 7
14 33
14 34
14 47
14 0
14 28
14 38
22
15 31
15 32
15 26
15 8
15 14
15 44
15 5
15 24
15 33
15 9
15 36
15 22
15 2
15 17
15 20
15 19
15 12
15 21
15 0
15 4
15 40
15 42
21
16 46
16 32
16 24
16 38
16 7
16 36
16 17
16 27
16 28
16 21
16 47
16 42
16 39
16 1
16 2
16 8
16 34
16 41
16 19
16 40
16 12
20
17 36
17 26
17 28
17 33
17 43
17 2
17 38
17 20
17 27
17 48
17 6
17 35
17 25
17 30
17 3
17 45
17 39
17 40
17 7
17 22
18
18 12
18 43
18 45
18 3
18 14
18 23
18 16
18 27
18 41
18 19
18 13
18 8
18 33
18 7
18 26
18 46
18 34
18 39
12
19 9
19 26
19 22
19 39
19 3
19 25
19 40
19 27
19 10
19 5
19 30
19 47
26
20 40
20 7
20 5
20 44
20 46
20 47
20 8
20 30
20 16
20 26
20 45
20 3
20 11
20 48
20 12
20 39
20 18
20 32
20 6
20 42
20 38
20 37
20 1
20 22
20 10
20 9
19
21 44
21 0
21 26
21 18
21 5
21 49
21 45
21 47
21 48
21 31
21 43
21 22
21 27
21 14
21 36
21 34
21 19
21 17
21 39
9
22 25
22 35
22 49
22 45
22 7
22 32
22 34
22 41
22 44
18
23 9
23 43
23 28
23 25
23 16
23 32
23 34
23 30
23 42
23 19
23 12
23 17
23 48
23 20
23 15
23 45
23 49
23 31
23
24 17
24 33
24 19
24 21
24 39
24 5
24 48
24 18
24 23
24 7
24 32
24 34
24 45
24 38
24 43
24 14
24 29
24 44
24 26
24 42
24 13
24 1
24 10
20
25 35
25 3
25 34
25 21
25 44
25 4
25 33
25 11
25 37
25 38
25 46
25 20
25 40
25 12
25 26
25 42
25 18
25 0
25 14
25 6
19
26 28
26 23
26 8
26 3
26 37
26 41
26 29
26 5
26 13
26 4
26 14
26 34
26 42
26 11
26 43
26 1
26 36
26 48
26 44
21
27 3
27 23
27 22
27 45
27 4
27 20
27 10
27 15
27 47
27 44
27 31
27 41
27 35
27 13
27 24
27 25
27 6
27 0
27 26
27 34
27 30
20
28 34
28 33
28 13
28 47
28 40
28 41
28 21
28 5
28 12
28 30
28 19
28 15
28 37
28 48
28 35
28 29
28 18
28 39
28 27
28 49
21
29 16
29 7
29 40
29 36
29 25
29 27
29 17
29 32
29 2
29 0
29 10
29 11
29 9
29 18
29 37
29 6
29 39
29 19
29 23
29 30
29 8
21
30 2
30 24
30 26
30 46
30 3
30 21
30 38
30 6
30 37
30 25
30 22
30 14
30 10
30 13
30 5
30 47
30 16
30 49
30 15
30 11
30 34
22
31 4
31 9
31 41
31 8
31 24
31 42
31 28
31 22
31 26
31 34
31 17
31 35
31 20
31 6
31 14
31 30
31 18
31 19
31 47
31 7
31 25
31 37
19
32 4
32 36
32 19
32 31
32 26
32 41
32 25
32 27
32 34
32 28
32 21
32 46
32 39
32 11
32 14
32 9
32 17
32 10
32 42
20
33 22
33 29
33 8
33 32
33 45
33 16
33 41
33 48
33 47
33 10
33 38
33 30
33 34
33 35
33 49
33 31
33 23
33 2
33 19
33 27
19
34 46
34 42
34 10
34 29
34 12
34 7
34 37
34 20
34 43
34 15
34 0
34 2
34 47
34 17
34 9
34 38
34 1
34 11
34 6
22
35 42
35 1
35 5
35 32
35 2
35 21
35 46
35 48
35 44
35 20
35 9
35 19
35 7
35 34
35 15
35 18
35 16
35 26
35 12
35 6
35 23
35 4
15
36 18
36 8
36 43
36 35
36 30
36 31
36 4
36 1
36 3
36 24
36 2
36 49
36 40
36 27
36 20
17
37 36
37 35
37 5
37 41
37 4
37 6
37 33
37 17
37 10
37 0
37 22
37 12
37 13
37 46
37 2
37 21
37 39
24
38 26
38 19
38 43
38 18
38 36
38 23
38 5
38 31
38 7
38 4
38 45
38 44
38 9
38 27
38 28
38 29
38 21
38 32
38 3
38 15
38 41
38 49
38 22
38 1
18
39 1
39 2
39 15
39 6
39 23
39 12
39 36
39 34
39 35
39 47
39 10
39 46
39 4
39 45
39 44
39 27
39 48
39 42
25
40 1
40 2
40 33
40 12
40 7
40 23
40 47
40 13
40 4
40 46
40 0
40 43
40 8
40 48
40 10
40 18
40 11
40 21
40 27
40 37
40 9
40 49
40 44
40 30
40 38
23
41 45
41 4
41 48
41 5
41 21
41 23
41 35
41 20
41 19
41 46
41 42
41 25
41 44
41 15
41 30
41 13
41 1
41 24
41 34
41 47
41 8
41 39
41 17
20
42 22
42 33
42 48
42 30
42 40
42 38
42 37
42 46
42 17
42 8
42 7
42 27
42 36
42 19
42 21
42 28
42 3
42 11
42 4
42 43
18
43 10
43 37
43 16
43 1
43 19
43 31
43 28
43 2
43 49
43 39
43 3
43 29
43 9
43 25
43 27
43 47
43 20
43 33
23
44 16
44 2
44 43
44 10
44 37
44 30
44 45
44 36
44 42
44 19
44 17
44 47
44 1
44 31
44 11
44 48
44 18
44 6
44 33
44 23
44 28
44 49
44 29
19
45 14
45 32
45 13
45 35
45 8
45 26
45 7
45 29
45 19
45 9
45 40
45 25
45 3
45 28
45 34
45 30
45 43
45 31
45 4
22
46 27
46 8
46 29
46 48
46 14
46 13
46 2
46 33
46 6
46 22
46 21
46 45
46 10
46 24
46 12
46 9
46 44
46 28
46 23
46 4
46 19
46 36
17
47 48
47 10
47 29
47 11
47 46
47 36
47 7
47 38
47 25
47 12
47 22
47 2
47 24
47 0
47 23
47 42
47 18
21
48 30
48 16
48 27
48 32
48 34
48 37
48 6
48 4
48 0
48 12
48 25
48 45
48 2
48 9
48 10
48 13
48 36
48 29
48 5
48 3
48 15
21
49 17
49 42
49 5
49 31
49 19
49 18
49 34
49 16
49 27
49 41
49 39
49 7
49 29
49 15
49 25
49 2
49 37
49 46
49 26
49 9
49 24
