50
0 "A26"
1 "A16"
2 "A21"
3 "A32"
4 "A47"
5 "A25"
6 "A29"
7 "A43"
8 "A2"
9 "A36"
10 "A14"
11 "A15"
12 "A34"
13 "A10"
14 "A45"
15 "A23"
16 "A48"
17 "A12"
18 "A7"
19 "A30"
20 "A40"
21 "A1"
22 "A28"
23 "A22"
24 "A11"
25 "A9"
26 "A24"
27 "A37"
28 "A41"
29 "A33"
30 "A44"
31 "A13"
32 "A46"
33 "A27"
34 "A20"
35 "A5"
36 "A3"
37 "A17"
38 "A35"
39 "A6"
40 "A18"
41 "A42"
42 "A38"
43 "A19"
44 "A31"
45 "A8"
46 "A0"
47 "A39"
48 "A4"
49 "A49"
22
0 23
0 9
0 39
0 11
0 40
0 1
0 25
0 19
0 3
0 8
0 34
0 35
0 38
0 12
0 47
0 14
0 26
0 4
0 24
0 10
0 6
0 5
19
1 34
1 27
1 22
1 32
1 38
1 26
1 33
1 3
1 19
1 12
1 11
1 6
1 4
1 36
1 14
1 46
1 39
1 15
1 7
22
2 38
2 16
2 33
2 36
2 21
2 12
2 35
2 23
2 1
2 26
2 0
2 46
2 41
2 19
2 45
2 44
2 37
2 22
2 29
2 10
2 47
2 4
10
3 42
3 10
3 43
3 38
3 48
3 13
3 14
3 6
3 7
3 27
25
4 15
4 11
4 17
4 10
4 3
4 49
4 13
4 38
4 22
4 9
4 47
4 26
4 5
4 25
4 12
4 16
4 18
4 30
4 21
4 32
4 44
4 42
4 43
4 6
4 33
24
5 22
5 7
5 36
5 47
5 28
5 20
5 1
5 37
5 17
5 44
5 2
5 26
5 10
5 31
5 6
5 34
5 27
5 9
5 29
5 24
5 42
5 8
5 23
5 49
16
6 41
6 26
6 2
6 15
6 42
6 43
6 19
6 33
6 11
6 45
6 14
6 8
6 25
6 31
6 16
6 32
18
7 18
7 8
7 46
7 11
7 12
7 6
7 24
7 9
7 37
7 32
7 26
7 2
7 42
7 30
7 15
7 0
7 4
7 39
18
8 44
8 17
8 35
8 24
8 28
8 2
8 34
8 4
8 42
8 31
8 46
8 48
8 27
8 18
8 25
8 1
8 11
8 13
22
9 36
9 35
9 47
9 21
9 42
9 30
9 32
9 11
9 1
9 12
9 10
9 28
9 3
9 49
9 18
9 25
9 23
9 39
9 2
9 37
9 16
9 6
17
10 20
10 6
10 27
10 38
10 47
10 13
10 26
10 12
10 25
10 8
10 14
10 43
10 36
10 48
10 7
10 15
10 29
19
11 18
11 21
11 44
11 10
11 30
11 25
11 45
11 13
11 34
11 16
11 28
11 40
11 24
11 49
11 2
11 47
11 20
11 32
11 14
12
12 16
12 42
12 30
12 39
12 32
12 11
12 49
12 45
12 20
12 27
12 29
12 43
19
13 40
13 7
13 1
13 32
13 28
13 25
13 23
13 17
13 38
13 16
13 39
13 0
13 49
13 47
13 27
13 9
13 20
13 6
13 5
23
14 49
14 28
14 22
14 7
14 5
14 43
14 32
14 20
14 23
14 48
14 41
14 2
14 42
14 29
14 9
14 25
14 19
14 17
14 8
14 34
14 38
14 44
14 4
18
15 32
15 3
15 41
15 46
15 44
15 37
15 0
15 21
15 16
15 34
15 11
15 14
15 48
15 26
15 25
15 47
15 49
15 40
14
16 5
16 8
16 48
16 43
16 7
16 46
16 23
16 29
16 34
16 33
16 36
16 18
16 26
16 0
31
17 38
17 26
17 49
17 23
17 12
17 27
17 32
17 33
17 0
17 3
17 16
17 31
17 37
17 20
17 25
17 39
17 6
17 28
17 7
17 43
17 36
17 15
17 29
17 47
17 42
17 40
17 21
17 10
17 18
17 30
17 2
24
18 0
18 35
18 5
18 31
18 36
18 41
18 42
18 14
18 28
18 39
18 43
18 21
18 20
18 15
18 13
18 25
18 45
18 46
18 26
18 29
18 27
18 38
18 3
18 6
22
19 17
19 5
19 4
19 10
19 15
19 33
19 46
19 16
19 31
19 43
19 9
19 34
19 11
19 32
19 21
19 18
19 39
19 29
19 42
19 7
19 44
19 41
13
20 45
20 40
20 8
20 3
20 22
20 19
20 7
20 33
20 2
20 0
20 27
20 29
20 23
23
21 7
21 3
21 27
21 48
21 5
21 13
21 14
21 28
21 6
21 31
21 36
21 33
21 12
21 37
21 20
21 16
21 8
21 34
21 29
21 35
21 24
21 45
21 30
16
22 21
22 32
22 13
22 18
22 12
22 47
22 16
22 15
22 7
22 33
22 46
22 17
22 29
22 6
22 3
22 9
16
23 24
23 18
23 22
23 43
23 42
23 12
23 6
23 1
23 30
23 11
23 44
23 32
23 39
23 31
23 40
23 8
20
24 25
24 35
24 17
24 16
24 4
24 13
24 32
24 40
24 19
24 22
24 44
24 26
24 48
24 41
24 31
24 30
24 47
24 15
24 38
24 6
15
25 1
25 22
25 42
25 31
25 32
25 33
25 38
25 7
25 43
25 28
25 36
25 23
25 45
25 5
25 34
17
26 12
26 21
26 41
26 20
26 23
26 9
26 8
26 14
26 13
26 22
26 43
26 35
26 3
26 27
26 40
26 31
26 11
13
27 19
27 6
27 48
27 37
27 14
27 9
27 11
27 15
27 23
27 0
27 25
27 46
27 24
19
28 24
28 38
28 22
28 2
28 12
28 15
28 20
28 19
28 16
28 41
28 26
28 48
28 4
28 7
28 36
28 34
28 1
28 3
28 23
18
29 28
29 48
29 25
29 23
29 27
29 49
29 47
29 1
29 3
29 0
29 24
29 44
29 26
29 8
29 30
29 46
29 41
29 7
21
30 18
30 1
30 26
30 46
30 2
30 25
30 44
30 22
30 33
30 31
30 0
30 6
30 43
30 10
30 48
30 41
30 42
30 38
30 19
30 13
30 14
20
31 9
31 43
31 29
31 0
31 28
31 11
31 20
31 1
31 4
31 42
31 38
31 15
31 13
31 22
31 10
31 2
31 16
31 12
31 27
31 7
19
32 33
32 41
32 21
32 3
32 42
32 26
32 47
32 10
32 28
32 20
32 0
32 43
32 30
32 35
32 18
32 38
32 16
32 5
32 2
14
33 27
33 41
33 47
33 7
33 34
33 0
33 31
33 18
33 9
33 5
33 38
33 10
33 15
33 12
17
34 38
34 6
34 36
34 46
34 2
34 30
34 13
34 31
34 26
34 41
34 10
34 7
34 17
34 23
34 45
34 42
34 12
25
35 22
35 40
35 47
35 7
35 12
35 39
35 23
35 30
35 1
35 20
35 29
35 41
35 25
35 28
35 34
35 5
35 15
35 38
35 3
35 46
35 16
35 45
35 10
35 17
35 14
22
36 27
36 33
36 11
36 48
36 44
36 40
36 6
36 4
36 32
36 41
36 19
36 24
36 30
36 26
36 14
36 23
36 20
36 47
36 0
36 12
36 13
36 46
21
37 33
37 10
37 26
37 22
37 23
37 4
37 30
37 1
37 48
37 39
37 20
37 12
37 25
37 32
37 24
37 6
37 3
37 0
37 13
37 31
37 18
18
38 15
38 49
38 41
38 22
38 42
38 48
38 44
38 7
38 36
38 16
38 12
38 11
38 27
38 8
38 21
38 40
38 39
38 23
26
39 24
39 43
39 20
39 3
39 44
39 6
39 49
39 41
39 26
39 16
39 28
39 40
39 22
39 31
39 36
39 33
39 11
39 29
39 5
39 30
39 8
39 42
39 27
39 15
39 25
39 4
21
40 2
40 25
40 34
40 22
40 6
40 19
40 31
40 8
40 5
40 21
40 1
40 45
40 32
40 27
40 43
40 28
40 9
40 14
40 12
40 42
40 29
17
41 23
41 9
41 42
41 27
41 13
41 25
41 43
41 31
41 22
41 37
41 40
41 10
41 7
41 21
41 0
41 3
41 17
16
42 1
42 37
42 36
42 28
42 46
42 15
42 26
42 44
42 29
42 11
42 0
42 2
42 20
42 16
42 22
42 49
21
43 15
43 35
43 29
43 28
43 0
43 11
43 37
43 38
43 9
43 22
43 42
43 7
43 34
43 2
43 20
43 44
43 33
43 5
43 1
43 45
43 13
19
44 47
44 34
44 10
44 28
44 3
44 35
44 40
44 12
44 31
44 1
44 48
44 37
44 25
44 18
44 13
44 27
44 21
44 22
44 17
28
45 24
45 16
45 7
45 0
45 3
45 28
45 42
45 39
45 48
45 15
45 14
45 10
45 4
45 36
45 9
45 8
45 38
45 17
45 41
45 22
45 27
45 31
45 1
45 5
45 30
45 37
45 33
45 23
19
46 24
46 13
46 3
46 28
46 11
46 49
46 45
46 20
46 17
46 12
46 37
46 33
46 6
46 25
46 44
46 9
46 10
46 26
46 47
22
47 42
47 19
47 12
47 34
47 1
47 27
47 45
47 8
47 18
47 21
47 40
47 14
47 25
47 16
47 38
47 37
47 23
47 30
47 31
47 3
47 6
47 28
25
48 17
48 33
48 32
48 13
48 12
48 0
48 46
48 22
48 42
48 9
48 19
48 6
48 41
48 11
48 31
48 20
48 5
48 34
48 4
48 18
48 39
48 7
48 25
48 26
48 23
24
49 26
49 19
49 30
49 18
49 37
49 40
49 47
49 41
49 23
49 48
49 3
49 33
49 1
49 44
49 45
49 28
49 6
49 34
49 0
49 27
49 24
49 35
49 21
49 22
