50
0 "A26"
1 "A16"
2 "A21"
3 "A32"
4 "A47"
5 "A25"
6 "A29"
7 "A43"
8 "A2"
9 "A36"
10 "A14"
11 "A15"
12 "A34"
13 "A10"
14 "A45"
15 "A23"
16 "A48"
17 "A12"
18 "A7"
19 "A30"
20 "A40"
21 "A1"
22 "A28"
23 "A22"
24 "A11"
25 "A9"
26 "A24"
27 "A37"
28 "A41"
29 "A33"
30 "A44"
31 "A13"
32 "A46"
33 "A27"
34 "A20"
35 "A5"
36 "A3"
37 "A17"
38 "A35"
39 "A6"
40 "A18"
41 "A42"
42 "A38"
43 "A19"
44 "A31"
45 "A8"
46 "A0"
47 "A39"
48 "A4"
49 "A49"
22
0 41
0 32
0 8
0 30
0 31
0 11
0 1
0 18
0 4
0 25
0 19
0 29
0 43
0 35
0 34
0 46
0 47
0 40
0 37
0 5
0 13
0 2
18
1 9
1 21
1 22
1 2
1 15
1 32
1 19
1 20
1 44
1 43
1 28
1 46
1 12
1 4
1 42
1 6
1 31
1 25
19
2 34
2 26
2 24
2 13
2 36
2 10
2 28
2 37
2 7
2 5
2 9
2 49
2 39
2 27
2 47
2 19
2 41
2 11
2 32
24
3 44
3 1
3 11
3 25
3 31
3 7
3 30
3 18
3 43
3 0
3 10
3 15
3 12
3 17
3 36
3 16
3 20
3 41
3 48
3 2
3 19
3 21
3 45
3 22
19
4 2
4 3
4 41
4 20
4 42
4 29
4 11
4 9
4 24
4 25
4 31
4 14
4 12
4 16
4 45
4 22
4 28
4 17
4 6
19
5 9
5 4
5 32
5 30
5 37
5 38
5 3
5 41
5 22
5 44
5 35
5 34
5 14
5 42
5 40
5 25
5 13
5 21
5 10
16
6 8
6 11
6 29
6 34
6 40
6 46
6 32
6 2
6 26
6 41
6 45
6 37
6 5
6 33
6 15
6 27
19
7 37
7 43
7 26
7 40
7 39
7 11
7 42
7 14
7 32
7 27
7 36
7 10
7 29
7 6
7 1
7 8
7 25
7 46
7 0
21
8 34
8 22
8 36
8 27
8 18
8 23
8 49
8 43
8 35
8 31
8 47
8 32
8 33
8 11
8 2
8 39
8 40
8 20
8 4
8 41
8 30
24
9 37
9 27
9 42
9 7
9 25
9 6
9 33
9 15
9 41
9 35
9 49
9 28
9 30
9 26
9 3
9 24
9 12
9 17
9 13
9 36
9 46
9 38
9 0
9 8
21
10 6
10 22
10 14
10 34
10 37
10 23
10 45
10 29
10 33
10 8
10 24
10 26
10 38
10 0
10 25
10 35
10 9
10 30
10 12
10 19
10 17
22
11 40
11 18
11 19
11 28
11 41
11 48
11 38
11 30
11 37
11 49
11 24
11 29
11 39
11 45
11 16
11 22
11 27
11 47
11 35
11 10
11 32
11 12
27
12 39
12 0
12 30
12 45
12 23
12 40
12 8
12 41
12 7
12 47
12 24
12 17
12 36
12 34
12 14
12 20
12 16
12 43
12 33
12 19
12 27
12 31
12 29
12 26
12 18
12 21
12 2
21
13 26
13 47
13 6
13 11
13 1
13 33
13 27
13 7
13 3
13 39
13 34
13 22
13 36
13 28
13 19
13 10
13 45
13 4
13 8
13 12
13 18
15
14 30
14 35
14 27
14 33
14 38
14 17
14 11
14 2
14 37
14 8
14 36
14 9
14 3
14 6
14 20
13
15 11
15 4
15 35
15 41
15 45
15 40
15 25
15 12
15 24
15 14
15 0
15 5
15 33
24
16 1
16 18
16 9
16 19
16 30
16 15
16 42
16 31
16 32
16 38
16 48
16 22
16 26
16 6
16 5
16 8
16 43
16 37
16 36
16 13
16 14
16 0
16 39
16 49
23
17 41
17 19
17 8
17 18
17 31
17 34
17 43
17 25
17 29
17 49
17 5
17 13
17 20
17 44
17 16
17 37
17 28
17 47
17 6
17 36
17 24
17 15
17 0
18
18 42
18 19
18 48
18 9
18 6
18 34
18 44
18 24
18 35
18 32
18 25
18 29
18 14
18 49
18 39
18 21
18 7
18 37
15
19 28
19 47
19 46
19 31
19 14
19 15
19 32
19 7
19 20
19 29
19 9
19 26
19 36
19 30
19 48
29
20 29
20 13
20 45
20 16
20 15
20 30
20 48
20 7
20 31
20 47
20 40
20 18
20 34
20 42
20 25
20 2
20 6
20 41
20 36
20 32
20 23
20 37
20 11
20 27
20 22
20 26
20 38
20 39
20 9
20
21 15
21 31
21 10
21 19
21 39
21 6
21 49
21 44
21 26
21 35
21 20
21 11
21 43
21 16
21 8
21 0
21 25
21 13
21 17
21 36
18
22 12
22 14
22 28
22 9
22 42
22 47
22 17
22 44
22 45
22 19
22 21
22 2
22 49
22 46
22 26
22 27
22 48
22 6
22
23 17
23 31
23 7
23 0
23 40
23 44
23 18
23 13
23 43
23 11
23 2
23 47
23 9
23 41
23 4
23 38
23 32
23 15
23 33
23 42
23 14
23 46
13
24 14
24 7
24 49
24 33
24 0
24 48
24 6
24 29
24 26
24 31
24 47
24 16
24 13
12
25 24
25 27
25 49
25 28
25 22
25 33
25 35
25 13
25 6
25 23
25 2
25 48
22
26 17
26 3
26 48
26 44
26 32
26 23
26 34
26 14
26 25
26 47
26 42
26 5
26 39
26 49
26 33
26 18
26 27
26 8
26 45
26 30
26 1
26 38
20
27 16
27 30
27 1
27 19
27 4
27 34
27 5
27 24
27 28
27 44
27 37
27 15
27 17
27 29
27 23
27 43
27 38
27 40
27 42
27 0
21
28 12
28 36
28 38
28 40
28 37
28 3
28 43
28 23
28 8
28 7
28 18
28 46
28 32
28 24
28 14
28 10
28 49
28 0
28 48
28 42
28 15
17
29 14
29 15
29 13
29 26
29 9
29 3
29 1
29 42
29 45
29 36
29 37
29 25
29 41
29 46
29 22
29 16
29 23
14
30 32
30 45
30 6
30 41
30 25
30 2
30 7
30 42
30 21
30 29
30 4
30 17
30 48
30 18
19
31 32
31 34
31 47
31 18
31 40
31 10
31 14
31 2
31 30
31 38
31 41
31 28
31 15
31 26
31 43
31 22
31 11
31 45
31 7
20
32 22
32 35
32 17
32 46
32 38
32 4
32 3
32 24
32 27
32 49
32 43
32 13
32 9
32 39
32 29
32 10
32 40
32 12
32 25
32 34
23
33 37
33 19
33 4
33 34
33 49
33 11
33 17
33 48
33 32
33 45
33 0
33 40
33 5
33 30
33 41
33 3
33 21
33 44
33 20
33 28
33 16
33 46
33 1
18
34 25
34 44
34 42
34 46
34 22
34 38
34 14
34 29
34 19
34 16
34 21
34 3
34 23
34 28
34 30
34 37
34 4
34 48
20
35 36
35 16
35 1
35 17
35 30
35 43
35 41
35 24
35 19
35 20
35 48
35 29
35 47
35 2
35 27
35 34
35 26
35 7
35 33
35 37
21
36 4
36 34
36 0
36 30
36 42
36 11
36 1
36 27
36 45
36 24
36 43
36 32
36 25
36 22
36 40
36 6
36 23
36 37
36 10
36 33
36 48
14
37 49
37 15
37 40
37 24
37 8
37 22
37 32
37 26
37 42
37 25
37 46
37 30
37 39
37 4
25
38 3
38 33
38 47
38 45
38 44
38 2
38 21
38 35
38 25
38 43
38 37
38 41
38 24
38 22
38 49
38 8
38 17
38 4
38 1
38 42
38 7
38 18
38 39
38 15
38 6
22
39 43
39 15
39 34
39 3
39 35
39 17
39 19
39 22
39 29
39 25
39 46
39 23
39 4
39 31
39 41
39 14
39 24
39 47
39 27
39 6
39 10
39 45
14
40 29
40 10
40 2
40 47
40 1
40 17
40 42
40 26
40 34
40 25
40 21
40 22
40 4
40 30
20
41 26
41 22
41 13
41 19
41 16
41 14
41 44
41 28
41 48
41 24
41 36
41 45
41 34
41 47
41 1
41 27
41 21
41 7
41 25
41 37
15
42 47
42 0
42 32
42 6
42 3
42 8
42 31
42 21
42 10
42 17
42 15
42 13
42 24
42 19
42 39
15
43 2
43 18
43 10
43 25
43 6
43 29
43 26
43 41
43 45
43 11
43 13
43 49
43 33
43 22
43 42
28
44 43
44 24
44 37
44 36
44 25
44 7
44 16
44 35
44 4
44 46
44 39
44 32
44 48
44 14
44 13
44 8
44 42
44 9
44 20
44 15
44 10
44 19
44 0
44 31
44 47
44 11
44 30
44 2
18
45 34
45 44
45 25
45 28
45 23
45 21
45 37
45 49
45 16
45 8
45 9
45 19
45 27
45 48
45 5
45 46
45 32
45 42
22
46 31
46 36
46 27
46 12
46 40
46 3
46 5
46 13
46 38
46 10
46 41
46 43
46 26
46 49
46 17
46 42
46 11
46 16
46 47
46 21
46 8
46 25
22
47 45
47 3
47 16
47 32
47 49
47 6
47 34
47 48
47 29
47 5
47 36
47 27
47 10
47 37
47 28
47 33
47 4
47 15
47 30
47 14
47 9
47 43
19
48 43
48 21
48 40
48 7
48 49
48 4
48 46
48 0
48 37
48 13
48 39
48 8
48 42
48 32
48 14
48 12
48 9
48 15
48 6
17
49 19
49 1
49 23
49 40
49 13
49 31
49 34
49 14
49 29
49 0
49 10
49 36
49 42
49 3
49 27
49 35
49 44
