50
0 "A22"
1 "A13"
2 "A36"
3 "A38"
4 "A42"
5 "A40"
6 "A3"
7 "A25"
8 "A35"
9 "A15"
10 "A14"
11 "A39"
12 "A11"
13 "A24"
14 "A31"
15 "A28"
16 "A29"
17 "A7"
18 "A1"
19 "A19"
20 "A46"
21 "A20"
22 "A27"
23 "A4"
24 "A44"
25 "A6"
26 "A9"
27 "A26"
28 "A30"
29 "A16"
30 "A32"
31 "A48"
32 "A2"
33 "A41"
34 "A21"
35 "A10"
36 "A17"
37 "A47"
38 "A0"
39 "A37"
40 "A45"
41 "A33"
42 "A18"
43 "A8"
44 "A23"
45 "A5"
46 "A34"
47 "A49"
48 "A43"
49 "A12"
26
0 45
0 28
0 35
0 19
0 26
0 6
0 3
0 24
0 30
0 31
0 21
0 43
0 27
0 4
0 17
0 25
0 47
0 11
0 32
0 20
0 48
0 36
0 29
0 5
0 23
0 42
24
1 37
1 31
1 49
1 14
1 17
1 28
1 40
1 26
1 38
1 35
1 15
1 20
1 3
1 30
1 4
1 42
1 11
1 43
1 22
1 32
1 33
1 45
1 46
1 36
20
2 27
2 12
2 40
2 37
2 36
2 31
2 23
2 11
2 1
2 10
2 49
2 5
2 18
2 0
2 45
2 48
2 7
2 41
2 29
2 8
16
3 44
3 30
3 2
3 5
3 15
3 40
3 27
3 22
3 32
3 21
3 39
3 29
3 28
3 38
3 41
3 35
17
4 45
4 24
4 28
4 19
4 43
4 13
4 21
4 44
4 41
4 20
4 7
4 27
4 15
4 47
4 2
4 32
4 37
21
5 1
5 41
5 11
5 36
5 19
5 10
5 42
5 47
5 14
5 33
5 15
5 8
5 26
5 40
5 25
5 39
5 37
5 17
5 23
5 21
5 20
27
6 12
6 3
6 43
6 24
6 44
6 2
6 36
6 46
6 32
6 49
6 14
6 22
6 37
6 16
6 4
6 45
6 39
6 5
6 1
6 21
6 48
6 26
6 11
6 31
6 41
6 34
6 29
26
7 21
7 28
7 35
7 24
7 40
7 29
7 0
7 22
7 15
7 49
7 25
7 5
7 13
7 41
7 19
7 6
7 46
7 11
7 10
7 18
7 43
7 17
7 39
7 27
7 23
7 33
19
8 31
8 24
8 38
8 32
8 1
8 7
8 3
8 39
8 15
8 40
8 0
8 11
8 37
8 45
8 16
8 25
8 4
8 19
8 10
19
9 18
9 20
9 4
9 7
9 23
9 41
9 31
9 14
9 2
9 29
9 28
9 24
9 38
9 12
9 17
9 6
9 0
9 5
9 22
22
10 47
10 27
10 43
10 9
10 1
10 3
10 31
10 40
10 38
10 25
10 35
10 19
10 22
10 46
10 16
10 41
10 33
10 44
10 6
10 18
10 30
10 39
23
11 24
11 29
11 26
11 33
11 30
11 43
11 9
11 4
11 42
11 10
11 15
11 34
11 21
11 38
11 45
11 14
11 47
11 37
11 17
11 27
11 44
11 3
11 16
19
12 35
12 18
12 47
12 32
12 34
12 17
12 28
12 3
12 40
12 48
12 0
12 10
12 1
12 39
12 37
12 5
12 22
12 27
12 15
24
13 23
13 47
13 12
13 40
13 6
13 1
13 44
13 16
13 0
13 43
13 22
13 19
13 34
13 45
13 28
13 46
13 37
13 10
13 8
13 20
13 49
13 11
13 14
13 42
19
14 15
14 12
14 29
14 0
14 44
14 3
14 25
14 37
14 26
14 35
14 8
14 10
14 34
14 32
14 48
14 22
14 45
14 2
14 20
17
15 0
15 47
15 18
15 2
15 9
15 40
15 23
15 35
15 49
15 13
15 6
15 36
15 24
15 39
15 10
15 46
15 34
16
16 41
16 37
16 21
16 27
16 5
16 31
16 15
16 12
16 38
16 30
16 3
16 34
16 44
16 18
16 14
16 28
17
17 18
17 40
17 24
17 42
17 14
17 29
17 26
17 10
17 6
17 4
17 38
17 15
17 35
17 25
17 2
17 31
17 49
20
18 4
18 34
18 35
18 5
18 13
18 14
18 20
18 27
18 25
18 29
18 3
18 11
18 36
18 6
18 39
18 32
18 30
18 1
18 40
18 45
21
19 38
19 16
19 49
19 22
19 48
19 34
19 18
19 41
19 23
19 9
19 33
19 2
19 12
19 36
19 1
19 20
19 39
19 32
19 44
19 35
19 3
19
20 27
20 15
20 8
20 45
20 31
20 43
20 34
20 28
20 32
20 24
20 21
20 16
20 3
20 36
20 12
20 17
20 42
20 44
20 29
19
21 1
21 2
21 30
21 47
21 18
21 26
21 22
21 39
21 33
21 10
21 17
21 36
21 43
21 29
21 12
21 8
21 23
21 19
21 24
16
22 35
22 31
22 2
22 17
22 18
22 48
22 46
22 20
22 4
22 45
22 8
22 16
22 15
22 42
22 47
22 23
16
23 10
23 6
23 12
23 14
23 33
23 34
23 20
23 24
23 37
23 8
23 44
23 36
23 35
23 16
23 28
23 11
11
24 14
24 2
24 34
24 44
24 3
24 1
24 29
24 45
24 38
24 33
24 25
25
25 46
25 39
25 44
25 16
25 15
25 3
25 35
25 42
25 41
25 28
25 9
25 1
25 30
25 45
25 12
25 22
25 4
25 2
25 13
25 6
25 26
25 19
25 36
25 11
25 29
23
26 36
26 34
26 2
26 20
26 37
26 44
26 7
26 3
26 30
26 24
26 23
26 33
26 35
26 42
26 13
26 10
26 45
26 15
26 19
26 49
26 4
26 43
26 38
21
27 47
27 21
27 41
27 29
27 44
27 8
27 9
27 28
27 5
27 26
27 23
27 15
27 1
27 14
27 25
27 49
27 24
27 38
27 37
27 42
27 19
19
28 2
28 6
28 8
28 49
28 43
28 33
28 37
28 21
28 42
28 45
28 19
28 14
28 17
28 40
28 35
28 39
28 36
28 11
28 5
14
29 8
29 15
29 4
29 23
29 49
29 38
29 45
29 41
29 19
29 37
29 12
29 5
29 16
29 10
22
30 5
30 19
30 35
30 43
30 36
30 28
30 12
30 29
30 24
30 45
30 22
30 27
30 13
30 44
30 17
30 42
30 33
30 14
30 23
30 38
30 32
30 39
17
31 13
31 47
31 11
31 26
31 21
31 12
31 37
31 24
31 14
31 4
31 7
31 43
31 34
31 33
31 38
31 36
31 19
16
32 28
32 40
32 44
32 5
32 26
32 45
32 29
32 21
32 46
32 7
32 25
32 41
32 17
32 27
32 10
32 24
17
33 32
33 9
33 29
33 43
33 8
33 27
33 12
33 14
33 3
33 22
33 4
33 16
33 35
33 18
33 6
33 44
33 2
18
34 5
34 30
34 3
34 33
34 37
34 43
34 42
34 41
34 2
34 21
34 8
34 10
34 27
34 47
34 32
34 40
34 0
34 29
22
35 9
35 41
35 13
35 40
35 32
35 6
35 5
35 31
35 4
35 45
35 43
35 11
35 39
35 42
35 36
35 20
35 2
35 24
35 48
35 34
35 21
35 27
16
36 27
36 29
36 17
36 34
36 3
36 32
36 33
36 41
36 13
36 22
36 14
36 44
36 37
36 4
36 11
36 8
13
37 3
37 20
37 17
37 19
37 30
37 10
37 7
37 18
37 22
37 32
37 25
37 24
37 40
23
38 37
38 0
38 33
38 13
38 7
38 22
38 35
38 5
38 25
38 41
38 44
38 21
38 49
38 45
38 28
38 34
38 42
38 18
38 2
38 23
38 36
38 32
38 4
22
39 33
39 41
39 45
39 34
39 24
39 26
39 2
39 13
39 11
39 22
39 4
39 38
39 32
39 23
39 16
39 43
39 14
39 0
39 48
39 29
39 9
39 44
19
40 0
40 41
40 14
40 11
40 9
40 22
40 27
40 31
40 19
40 38
40 6
40 46
40 29
40 48
40 23
40 16
40 24
40 39
40 4
16
41 37
41 13
41 18
41 23
41 12
41 22
41 28
41 47
41 31
41 17
41 30
41 8
41 26
41 20
41 1
41 33
22
42 48
42 31
42 19
42 47
42 24
42 32
42 44
42 3
42 10
42 45
42 16
42 9
42 40
42 49
42 8
42 33
42 41
42 37
42 15
42 43
42 39
42 6
19
43 2
43 45
43 40
43 3
43 9
43 5
43 41
43 29
43 27
43 32
43 17
43 19
43 23
43 14
43 12
43 25
43 16
43 15
43 38
16
44 5
44 29
44 28
44 49
44 1
44 12
44 18
44 15
44 41
44 34
44 17
44 37
44 9
44 35
44 21
44 48
16
45 3
45 7
45 36
45 16
45 5
45 33
45 40
45 27
45 9
45 44
45 10
45 12
45 19
45 34
45 49
45 31
22
46 30
46 33
46 47
46 39
46 26
46 5
46 8
46 36
46 45
46 20
46 3
46 9
46 27
46 23
46 43
46 11
46 44
46 12
46 0
46 34
46 14
46 19
22
47 33
47 24
47 44
47 37
47 1
47 2
47 28
47 6
47 49
47 29
47 9
47 18
47 30
47 14
47 8
47 40
47 7
47 19
47 36
47 43
47 39
47 35
28
48 28
48 34
48 17
48 27
48 43
48 1
48 8
48 4
48 5
48 46
48 21
48 7
48 37
48 15
48 24
48 41
48 20
48 11
48 47
48 9
48 38
48 30
48 13
48 26
48 36
48 10
48 25
48 33
18
49 35
49 41
49 14
49 5
49 23
49 34
49 12
49 39
49 9
49 37
49 10
49 8
49 36
49 40
49 18
49 33
49 16
49 30
