50
0 "A22"
1 "A13"
2 "A36"
3 "A38"
4 "A42"
5 "A40"
6 "A3"
7 "A25"
8 "A35"
9 "A15"
10 "A14"
11 "A39"
12 "A11"
13 "A24"
14 "A31"
15 "A28"
16 "A29"
17 "A7"
18 "A1"
19 "A19"
20 "A46"
21 "A20"
22 "A27"
23 "A4"
24 "A44"
25 "A6"
26 "A9"
27 "A26"
28 "A30"
29 "A16"
30 "A32"
31 "A48"
32 "A2"
33 "A41"
34 "A21"
35 "A10"
36 "A17"
37 "A47"
38 "A0"
39 "A37"
40 "A45"
41 "A33"
42 "A18"
43 "A8"
44 "A23"
45 "A5"
46 "A34"
47 "A49"
48 "A43"
49 "A12"
24
0 7
0 36
0 28
0 5
0 35
0 24
0 26
0 6
0 22
0 31
0 29
0 33
0 34
0 9
0 21
0 32
0 45
0 12
0 1
0 47
0 40
0 44
0 10
0 37
17
1 27
1 16
1 24
1 15
1 35
1 10
1 28
1 2
1 30
1 13
1 22
1 32
1 42
1 25
1 48
1 6
1 36
20
2 40
2 18
2 27
2 15
2 16
2 45
2 17
2 32
2 36
2 21
2 5
2 48
2 44
2 9
2 31
2 10
2 4
2 35
2 33
2 28
22
3 2
3 17
3 23
3 30
3 0
3 20
3 8
3 16
3 49
3 7
3 6
3 9
3 43
3 37
3 45
3 25
3 19
3 11
3 42
3 32
3 4
3 5
16
4 48
4 15
4 33
4 18
4 37
4 14
4 47
4 40
4 25
4 32
4 6
4 17
4 1
4 16
4 21
4 7
12
5 24
5 4
5 38
5 10
5 40
5 18
5 25
5 49
5 33
5 46
5 47
5 11
14
6 30
6 15
6 9
6 20
6 48
6 37
6 18
6 44
6 5
6 35
6 41
6 33
6 31
6 45
22
7 24
7 46
7 36
7 31
7 2
7 40
7 15
7 41
7 5
7 45
7 34
7 22
7 43
7 28
7 42
7 26
7 20
7 23
7 17
7 1
7 18
7 32
21
8 2
8 6
8 42
8 32
8 25
8 37
8 39
8 7
8 47
8 33
8 20
8 34
8 35
8 23
8 17
8 12
8 40
8 1
8 22
8 0
8 16
19
9 40
9 19
9 31
9 15
9 17
9 44
9 30
9 29
9 1
9 24
9 33
9 23
9 20
9 27
9 41
9 13
9 11
9 14
9 45
24
10 16
10 13
10 12
10 35
10 32
10 3
10 33
10 36
10 48
10 47
10 7
10 31
10 43
10 26
10 24
10 40
10 22
10 14
10 6
10 4
10 46
10 25
10 44
10 9
18
11 22
11 6
11 47
11 21
11 4
11 10
11 8
11 23
11 15
11 7
11 25
11 42
11 49
11 14
11 34
11 26
11 2
11 32
22
12 7
12 19
12 34
12 23
12 9
12 18
12 38
12 39
12 43
12 45
12 3
12 22
12 29
12 33
12 26
12 46
12 2
12 1
12 15
12 40
12 25
12 4
25
13 11
13 12
13 7
13 34
13 6
13 45
13 4
13 2
13 19
13 26
13 15
13 23
13 17
13 33
13 3
13 20
13 27
13 31
13 36
13 8
13 46
13 38
13 5
13 25
13 21
26
14 13
14 34
14 21
14 2
14 26
14 7
14 48
14 28
14 49
14 22
14 8
14 24
14 23
14 0
14 12
14 20
14 5
14 33
14 30
14 1
14 41
14 47
14 17
14 42
14 31
14 36
17
15 0
15 43
15 37
15 19
15 17
15 10
15 27
15 5
15 18
15 30
15 48
15 49
15 21
15 38
15 35
15 20
15 14
22
16 18
16 39
16 11
16 23
16 0
16 43
16 47
16 42
16 24
16 34
16 15
16 25
16 22
16 21
16 20
16 28
16 37
16 17
16 29
16 33
16 45
16 44
16
17 48
17 49
17 44
17 29
17 30
17 18
17 5
17 21
17 34
17 24
17 28
17 12
17 45
17 10
17 11
17 31
21
18 9
18 44
18 10
18 1
18 49
18 3
18 8
18 30
18 34
18 11
18 33
18 29
18 48
18 35
18 24
18 37
18 31
18 14
18 13
18 45
18 43
18
19 25
19 23
19 46
19 2
19 43
19 6
19 33
19 40
19 45
19 0
19 29
19 11
19 17
19 10
19 14
19 26
19 5
19 18
22
20 35
20 31
20 33
20 21
20 42
20 19
20 4
20 44
20 48
20 18
20 11
20 30
20 23
20 47
20 41
20 5
20 12
20 0
20 29
20 34
20 25
20 43
19
21 29
21 9
21 28
21 8
21 12
21 48
21 42
21 44
21 25
21 6
21 47
21 30
21 3
21 7
21 22
21 18
21 31
21 23
21 26
22
22 5
22 39
22 23
22 45
22 13
22 4
22 35
22 27
22 19
22 32
22 17
22 15
22 20
22 31
22 47
22 9
22 48
22 44
22 42
22 3
22 46
22 2
15
23 40
23 15
23 6
23 5
23 18
23 10
23 0
23 4
23 2
23 44
23 43
23 46
23 42
23 35
23 27
20
24 13
24 47
24 31
24 23
24 38
24 20
24 2
24 29
24 22
24 36
24 25
24 35
24 11
24 27
24 3
24 21
24 8
24 12
24 37
24 28
17
25 6
25 34
25 14
25 18
25 23
25 27
25 32
25 0
25 40
25 28
25 43
25 45
25 2
25 9
25 42
25 41
25 37
18
26 39
26 49
26 28
26 22
26 47
26 6
26 20
26 3
26 43
26 48
26 34
26 15
26 5
26 36
26 17
26 23
26 2
26 9
19
27 45
27 3
27 5
27 0
27 11
27 35
27 30
27 42
27 37
27 14
27 32
27 17
27 36
27 48
27 38
27 10
27 8
27 21
27 18
19
28 49
28 10
28 40
28 4
28 35
28 46
28 22
28 23
28 43
28 13
28 32
28 27
28 19
28 5
28 6
28 47
28 37
28 44
28 9
26
29 13
29 1
29 46
29 4
29 42
29 28
29 26
29 47
29 22
29 38
29 15
29 45
29 11
29 43
29 35
29 34
29 6
29 27
29 8
29 14
29 5
29 25
29 2
29 32
29 44
29 23
21
30 28
30 0
30 19
30 2
30 11
30 45
30 40
30 29
30 22
30 5
30 8
30 34
30 7
30 47
30 4
30 38
30 39
30 41
30 25
30 26
30 31
18
31 28
31 49
31 15
31 43
31 44
31 19
31 33
31 16
31 46
31 48
31 1
31 41
31 4
31 35
31 29
31 5
31 3
31 11
16
32 30
32 23
32 12
32 6
32 20
32 21
32 34
32 33
32 14
32 17
32 5
32 31
32 15
32 35
32 16
32 19
23
33 34
33 27
33 26
33 22
33 36
33 48
33 7
33 25
33 42
33 40
33 38
33 39
33 41
33 45
33 30
33 21
33 11
33 15
33 46
33 23
33 28
33 49
33 47
18
34 41
34 9
34 2
34 42
34 24
34 23
34 36
34 22
34 47
34 19
34 3
34 31
34 10
34 15
34 49
34 40
34 43
34 5
14
35 7
35 4
35 17
35 11
35 3
35 26
35 37
35 46
35 44
35 9
35 21
35 25
35 33
35 16
20
36 35
36 3
36 31
36 8
36 32
36 23
36 22
36 29
36 44
36 20
36 21
36 19
36 5
36 45
36 48
36 6
36 15
36 16
36 43
36 39
15
37 7
37 23
37 45
37 22
37 43
37 14
37 32
37 36
37 12
37 13
37 33
37 20
37 38
37 31
37 1
26
38 42
38 1
38 23
38 43
38 8
38 22
38 34
38 11
38 25
38 17
38 46
38 6
38 16
38 35
38 2
38 10
38 26
38 19
38 14
38 31
38 39
38 18
38 9
38 20
38 28
38 0
23
39 42
39 3
39 18
39 37
39 19
39 48
39 7
39 27
39 24
39 21
39 5
39 46
39 13
39 20
39 44
39 2
39 34
39 0
39 28
39 11
39 25
39 47
39 14
19
40 15
40 32
40 49
40 1
40 45
40 47
40 21
40 26
40 22
40 14
40 37
40 24
40 36
40 3
40 35
40 39
40 46
40 11
40 27
28
41 27
41 35
41 23
41 15
41 3
41 0
41 19
41 11
41 16
41 48
41 43
41 8
41 5
41 17
41 42
41 26
41 45
41 4
41 22
41 21
41 39
41 49
41 10
41 12
41 2
41 1
41 38
41 13
24
42 15
42 32
42 37
42 9
42 6
42 18
42 40
42 36
42 26
42 24
42 48
42 45
42 10
42 19
42 47
42 0
42 28
42 12
42 2
42 5
42 13
42 31
42 30
42 49
14
43 2
43 21
43 42
43 8
43 22
43 27
43 17
43 1
43 5
43 4
43 24
43 14
43 9
43 33
20
44 1
44 27
44 45
44 7
44 43
44 34
44 33
44 15
44 11
44 14
44 41
44 42
44 19
44 3
44 4
44 24
44 25
44 8
44 37
44 5
16
45 11
45 35
45 10
45 4
45 34
45 8
45 48
45 31
45 20
45 49
45 28
45 47
45 39
45 24
45 5
45 1
18
46 6
46 21
46 4
46 16
46 32
46 2
46 3
46 37
46 34
46 24
46 11
46 30
46 45
46 27
46 43
46 0
46 9
46 20
18
47 12
47 9
47 3
47 27
47 25
47 41
47 23
47 18
47 48
47 46
47 36
47 19
47 37
47 35
47 13
47 32
47 38
47 44
17
48 32
48 44
48 37
48 0
48 25
48 24
48 34
48 46
48 16
48 35
48 12
48 13
48 11
48 8
48 5
48 43
48 29
19
49 30
49 9
49 29
49 6
49 0
49 8
49 10
49 23
49 20
49 24
49 25
49 35
49 22
49 2
49 27
49 47
49 37
49 44
49 43
