50
0 "A22"
1 "A13"
2 "A36"
3 "A38"
4 "A42"
5 "A40"
6 "A3"
7 "A25"
8 "A35"
9 "A15"
10 "A14"
11 "A39"
12 "A11"
13 "A24"
14 "A31"
15 "A28"
16 "A29"
17 "A7"
18 "A1"
19 "A19"
20 "A46"
21 "A20"
22 "A27"
23 "A4"
24 "A44"
25 "A6"
26 "A9"
27 "A26"
28 "A30"
29 "A16"
30 "A32"
31 "A48"
32 "A2"
33 "A41"
34 "A21"
35 "A10"
36 "A17"
37 "A47"
38 "A0"
39 "A37"
40 "A45"
41 "A33"
42 "A18"
43 "A8"
44 "A23"
45 "A5"
46 "A34"
47 "A49"
48 "A43"
49 "A12"
20
0 5
0 44
0 32
0 48
0 29
0 17
0 16
0 46
0 25
0 47
0 37
0 36
0 28
0 26
0 23
0 2
0 1
0 14
0 19
0 20
21
1 46
1 27
1 28
1 49
1 41
1 2
1 31
1 26
1 10
1 12
1 4
1 5
1 35
1 44
1 16
1 3
1 11
1 21
1 14
1 18
1 22
20
2 10
2 45
2 7
2 37
2 42
2 25
2 21
2 16
2 15
2 4
2 6
2 47
2 33
2 19
2 28
2 26
2 32
2 9
2 44
2 14
13
3 31
3 11
3 37
3 36
3 19
3 15
3 39
3 20
3 46
3 35
3 48
3 10
3 0
25
4 0
4 36
4 19
4 35
4 48
4 6
4 7
4 26
4 16
4 28
4 27
4 37
4 42
4 30
4 8
4 3
4 25
4 24
4 47
4 32
4 5
4 18
4 44
4 34
4 38
13
5 34
5 6
5 47
5 39
5 49
5 2
5 40
5 45
5 26
5 36
5 13
5 25
5 29
18
6 0
6 30
6 33
6 25
6 37
6 11
6 1
6 23
6 46
6 28
6 48
6 29
6 19
6 16
6 43
6 15
6 49
6 17
15
7 38
7 28
7 24
7 26
7 1
7 46
7 48
7 30
7 43
7 15
7 20
7 23
7 44
7 42
7 37
20
8 28
8 39
8 10
8 13
8 6
8 44
8 3
8 46
8 40
8 0
8 33
8 32
8 38
8 25
8 30
8 5
8 15
8 11
8 2
8 26
22
9 14
9 32
9 23
9 20
9 29
9 3
9 8
9 19
9 37
9 12
9 10
9 35
9 40
9 41
9 13
9 17
9 5
9 11
9 4
9 7
9 15
9 33
15
10 39
10 6
10 47
10 0
10 46
10 32
10 31
10 21
10 4
10 23
10 12
10 29
10 16
10 49
10 33
22
11 37
11 15
11 36
11 49
11 32
11 4
11 33
11 43
11 26
11 10
11 21
11 2
11 34
11 14
11 0
11 48
11 31
11 17
11 35
11 22
11 16
11 46
19
12 4
12 16
12 5
12 22
12 13
12 11
12 6
12 17
12 8
12 34
12 35
12 2
12 20
12 45
12 41
12 44
12 47
12 15
12 30
18
13 14
13 47
13 17
13 44
13 10
13 30
13 25
13 49
13 35
13 7
13 38
13 11
13 27
13 20
13 24
13 26
13 36
13 3
23
14 7
14 37
14 24
14 36
14 20
14 6
14 19
14 3
14 25
14 23
14 22
14 49
14 40
14 41
14 26
14 47
14 31
14 12
14 35
14 17
14 21
14 32
14 28
18
15 10
15 24
15 16
15 34
15 4
15 39
15 40
15 29
15 42
15 13
15 1
15 46
15 14
15 36
15 47
15 45
15 43
15 38
24
16 5
16 26
16 3
16 18
16 34
16 41
16 42
16 35
16 39
16 49
16 38
16 45
16 48
16 36
16 44
16 46
16 14
16 37
16 24
16 13
16 30
16 7
16 19
16 32
24
17 37
17 10
17 7
17 29
17 36
17 45
17 16
17 24
17 27
17 1
17 3
17 8
17 47
17 18
17 22
17 20
17 15
17 19
17 48
17 38
17 32
17 41
17 35
17 5
26
18 7
18 9
18 27
18 48
18 14
18 44
18 38
18 28
18 37
18 11
18 47
18 46
18 0
18 12
18 19
18 13
18 35
18 29
18 6
18 49
18 8
18 31
18 34
18 2
18 21
18 5
17
19 44
19 29
19 21
19 37
19 10
19 27
19 48
19 20
19 8
19 38
19 42
19 15
19 36
19 7
19 1
19 40
19 43
18
20 10
20 46
20 32
20 16
20 43
20 18
20 11
20 40
20 37
20 22
20 4
20 1
20 28
20 34
20 33
20 5
20 30
20 15
19
21 30
21 17
21 13
21 28
21 27
21 6
21 48
21 43
21 8
21 9
21 40
21 41
21 20
21 44
21 25
21 38
21 12
21 31
21 3
22
22 8
22 13
22 40
22 41
22 43
22 16
22 39
22 5
22 18
22 28
22 44
22 9
22 27
22 26
22 35
22 3
22 33
22 36
22 15
22 4
22 10
22 23
24
23 18
23 32
23 46
23 19
23 35
23 2
23 12
23 47
23 20
23 4
23 41
23 28
23 37
23 49
23 13
23 21
23 17
23 48
23 29
23 16
23 31
23 40
23 44
23 15
22
24 28
24 37
24 19
24 20
24 48
24 5
24 1
24 26
24 18
24 35
24 23
24 21
24 40
24 41
24 31
24 27
24 12
24 36
24 47
24 32
24 0
24 10
18
25 39
25 22
25 44
25 7
25 10
25 3
25 49
25 36
25 18
25 1
25 9
25 20
25 38
25 41
25 24
25 30
25 11
25 48
21
26 37
26 18
26 17
26 30
26 33
26 12
26 23
26 15
26 19
26 44
26 42
26 39
26 46
26 3
26 43
26 6
26 25
26 20
26 31
26 45
26 35
17
27 0
27 41
27 7
27 30
27 5
27 43
27 6
27 23
27 8
27 15
27 11
27 48
27 35
27 14
27 26
27 37
27 3
20
28 37
28 11
28 5
28 19
28 49
28 12
28 15
28 27
28 29
28 10
28 40
28 25
28 48
28 34
28 13
28 33
28 47
28 46
28 3
28 38
21
29 37
29 3
29 2
29 32
29 20
29 8
29 46
29 16
29 38
29 27
29 25
29 1
29 21
29 34
29 22
29 45
29 35
29 24
29 12
29 13
29 49
19
30 49
30 9
30 1
30 22
30 37
30 28
30 11
30 34
30 23
30 29
30 14
30 45
30 39
30 0
30 44
30 5
30 33
30 15
30 10
27
31 8
31 16
31 46
31 0
31 40
31 15
31 27
31 48
31 38
31 30
31 36
31 12
31 39
31 45
31 4
31 5
31 32
31 49
31 20
31 2
31 9
31 33
31 29
31 22
31 19
31 25
31 6
21
32 38
32 34
32 15
32 5
32 44
32 48
32 12
32 1
32 45
32 35
32 13
32 27
32 30
32 36
32 21
32 25
32 39
32 6
32 3
32 26
32 28
23
33 47
33 32
33 37
33 19
33 49
33 3
33 18
33 48
33 21
33 15
33 29
33 38
33 35
33 27
33 1
33 43
33 44
33 0
33 12
33 39
33 42
33 24
33 14
23
34 17
34 36
34 24
34 9
34 44
34 8
34 10
34 19
34 23
34 41
34 45
34 7
34 46
34 3
34 25
34 0
34 6
34 14
34 21
34 43
34 31
34 33
34 2
18
35 49
35 5
35 8
35 34
35 10
35 0
35 15
35 43
35 39
35 25
35 21
35 2
35 46
35 41
35 37
35 36
35 28
35 20
21
36 10
36 45
36 8
36 41
36 48
36 26
36 44
36 18
36 7
36 12
36 9
36 21
36 29
36 30
36 23
36 33
36 6
36 43
36 2
36 27
36 28
10
37 34
37 41
37 22
37 42
37 43
37 32
37 10
37 1
37 12
37 21
22
38 37
38 11
38 47
38 41
38 42
38 3
38 30
38 5
38 39
38 22
38 27
38 6
38 20
38 9
38 10
38 34
38 43
38 23
38 1
38 46
38 35
38 12
16
39 36
39 19
39 1
39 0
39 18
39 14
39 23
39 24
39 29
39 27
39 7
39 21
39 12
39 34
39 28
39 9
23
40 32
40 39
40 17
40 13
40 0
40 11
40 10
40 45
40 2
40 41
40 3
40 37
40 18
40 16
40 30
40 1
40 29
40 6
40 34
40 33
40 4
40 35
40 38
15
41 7
41 26
41 39
41 4
41 11
41 6
41 15
41 5
41 2
41 45
41 20
41 47
41 28
41 32
41 13
17
42 31
42 10
42 25
42 32
42 22
42 5
42 0
42 41
42 44
42 12
42 30
42 8
42 3
42 13
42 27
42 35
42 11
19
43 44
43 24
43 5
43 42
43 8
43 32
43 10
43 13
43 4
43 2
43 16
43 18
43 1
43 47
43 40
43 0
43 39
43 41
43 12
16
44 39
44 29
44 40
44 37
44 15
44 3
44 41
44 31
44 47
44 9
44 5
44 28
44 49
44 6
44 14
44 35
23
45 0
45 39
45 33
45 35
45 44
45 22
45 1
45 27
45 8
45 49
45 4
45 18
45 23
45 43
45 28
45 21
45 14
45 10
45 20
45 37
45 13
45 38
45 6
15
46 17
46 42
46 32
46 44
46 39
46 27
46 40
46 45
46 25
46 24
46 41
46 5
46 37
46 4
46 13
18
47 11
47 36
47 34
47 46
47 45
47 22
47 16
47 49
47 30
47 39
47 6
47 8
47 19
47 42
47 35
47 26
47 40
47 20
19
48 20
48 1
48 34
48 35
48 44
48 9
48 47
48 8
48 42
48 13
48 12
48 14
48 22
48 2
48 5
48 41
48 39
48 46
48 26
20
49 8
49 3
49 37
49 34
49 42
49 22
49 39
49 24
49 12
49 26
49 32
49 48
49 43
49 46
49 27
49 7
49 20
49 4
49 19
49 17
