50
0 "A22"
1 "A13"
2 "A36"
3 "A38"
4 "A42"
5 "A40"
6 "A3"
7 "A25"
8 "A35"
9 "A15"
10 "A14"
11 "A39"
12 "A11"
13 "A24"
14 "A31"
15 "A28"
16 "A29"
17 "A7"
18 "A1"
19 "A19"
20 "A46"
21 "A20"
22 "A27"
23 "A4"
24 "A44"
25 "A6"
26 "A9"
27 "A26"
28 "A30"
29 "A16"
30 "A32"
31 "A48"
32 "A2"
33 "A41"
34 "A21"
35 "A10"
36 "A17"
37 "A47"
38 "A0"
39 "A37"
40 "A45"
41 "A33"
42 "A18"
43 "A8"
44 "A23"
45 "A5"
46 "A34"
47 "A49"
48 "A43"
49 "A12"
24
0 18
0 39
0 9
0 33
0 8
0 16
0 7
0 41
0 36
0 4
0 37
0 19
0 23
0 43
0 40
0 47
0 20
0 24
0 13
0 42
0 45
0 11
0 1
0 3
13
1 35
1 10
1 41
1 11
1 15
1 6
1 17
1 36
1 8
1 3
1 49
1 7
1 44
26
2 40
2 5
2 1
2 3
2 48
2 10
2 19
2 6
2 0
2 11
2 27
2 17
2 29
2 20
2 46
2 24
2 30
2 36
2 43
2 28
2 18
2 38
2 34
2 7
2 32
2 37
17
3 48
3 30
3 22
3 21
3 36
3 8
3 35
3 18
3 26
3 24
3 46
3 25
3 33
3 45
3 29
3 19
3 38
18
4 30
4 49
4 23
4 19
4 1
4 47
4 10
4 3
4 42
4 11
4 8
4 20
4 2
4 31
4 38
4 36
4 28
4 24
17
5 22
5 40
5 32
5 46
5 36
5 28
5 12
5 41
5 13
5 42
5 14
5 20
5 11
5 1
5 47
5 3
5 17
10
6 33
6 44
6 39
6 16
6 7
6 3
6 35
6 36
6 4
6 12
19
7 40
7 30
7 3
7 15
7 43
7 22
7 42
7 34
7 38
7 5
7 36
7 47
7 31
7 12
7 25
7 16
7 35
7 41
7 48
21
8 41
8 22
8 45
8 19
8 14
8 16
8 27
8 7
8 39
8 20
8 47
8 44
8 5
8 21
8 25
8 2
8 48
8 35
8 31
8 9
8 29
20
9 10
9 43
9 6
9 30
9 13
9 11
9 48
9 36
9 49
9 7
9 5
9 47
9 4
9 1
9 29
9 28
9 32
9 17
9 15
9 39
15
10 0
10 16
10 33
10 46
10 36
10 38
10 31
10 22
10 43
10 7
10 32
10 8
10 24
10 35
10 49
19
11 3
11 31
11 34
11 18
11 6
11 38
11 26
11 28
11 10
11 30
11 47
11 17
11 39
11 20
11 29
11 25
11 12
11 7
11 45
18
12 3
12 14
12 31
12 13
12 2
12 9
12 30
12 47
12 44
12 32
12 0
12 33
12 45
12 36
12 49
12 46
12 8
12 42
18
13 19
13 2
13 7
13 30
13 41
13 34
13 20
13 3
13 10
13 26
13 40
13 42
13 18
13 45
13 15
13 33
13 11
13 8
24
14 25
14 13
14 7
14 29
14 16
14 11
14 6
14 34
14 0
14 42
14 30
14 41
14 19
14 10
14 48
14 2
14 24
14 28
14 47
14 1
14 36
14 46
14 38
14 44
22
15 16
15 38
15 5
15 2
15 28
15 3
15 31
15 0
15 44
15 11
15 8
15 41
15 10
15 21
15 36
15 17
15 35
15 26
15 29
15 32
15 14
15 25
18
16 47
16 23
16 18
16 13
16 17
16 27
16 34
16 3
16 43
16 49
16 46
16 37
16 19
16 5
16 11
16 44
16 33
16 9
24
17 19
17 14
17 42
17 23
17 4
17 30
17 25
17 31
17 45
17 24
17 28
17 33
17 35
17 10
17 21
17 13
17 0
17 36
17 26
17 40
17 44
17 6
17 12
17 7
21
18 15
18 10
18 23
18 34
18 43
18 9
18 33
18 25
18 41
18 6
18 8
18 29
18 48
18 31
18 1
18 45
18 36
18 5
18 30
18 14
18 46
17
19 33
19 9
19 5
19 7
19 45
19 48
19 47
19 12
19 26
19 49
19 44
19 6
19 22
19 10
19 42
19 38
19 15
18
20 14
20 21
20 17
20 23
20 16
20 43
20 10
20 31
20 7
20 12
20 24
20 37
20 6
20 15
20 3
20 19
20 1
20 25
23
21 45
21 42
21 13
21 39
21 18
21 30
21 5
21 25
21 33
21 24
21 0
21 35
21 43
21 29
21 19
21 46
21 26
21 22
21 11
21 38
21 12
21 44
21 9
23
22 39
22 12
22 9
22 36
22 13
22 6
22 11
22 23
22 4
22 18
22 47
22 20
22 26
22 48
22 49
22 42
22 28
22 15
22 24
22 46
22 0
22 17
22 2
18
23 15
23 49
23 32
23 9
23 10
23 30
23 6
23 12
23 11
23 27
23 35
23 8
23 1
23 5
23 3
23 37
23 29
23 19
16
24 1
24 25
24 46
24 36
24 5
24 7
24 47
24 19
24 31
24 29
24 11
24 27
24 12
24 18
24 37
24 13
18
25 22
25 13
25 41
25 37
25 32
25 4
25 5
25 0
25 2
25 10
25 30
25 23
25 35
25 1
25 27
25 38
25 42
25 16
25
26 8
26 4
26 46
26 14
26 23
26 27
26 34
26 30
26 48
26 12
26 16
26 18
26 2
26 47
26 6
26 33
26 38
26 10
26 1
26 45
26 5
26 42
26 25
26 44
26 20
25
27 39
27 33
27 42
27 1
27 18
27 29
27 12
27 14
27 38
27 6
27 45
27 4
27 31
27 37
27 34
27 41
27 10
27 5
27 30
27 7
27 9
27 13
27 15
27 19
27 20
20
28 7
28 34
28 46
28 25
28 43
28 23
28 30
28 16
28 44
28 27
28 41
28 39
28 31
28 26
28 33
28 20
28 38
28 12
28 37
28 24
22
29 26
29 12
29 19
29 7
29 44
29 35
29 0
29 46
29 34
29 20
29 22
29 47
29 16
29 5
29 10
29 40
29 17
29 28
29 41
29 39
29 6
29 13
12
30 34
30 35
30 1
30 43
30 15
30 10
30 0
30 16
30 37
30 41
30 29
30 32
16
31 25
31 9
31 48
31 16
31 5
31 33
31 32
31 6
31 42
31 30
31 40
31 0
31 3
31 29
31 46
31 38
22
32 1
32 21
32 28
32 24
32 6
32 26
32 20
32 16
32 4
32 37
32 3
32 13
32 29
32 42
32 19
32 18
32 0
32 46
32 8
32 14
32 22
32 41
17
33 29
33 39
33 37
33 4
33 40
33 24
33 47
33 42
33 1
33 43
33 11
33 8
33 45
33 23
33 32
33 36
33 25
24
34 32
34 15
34 5
34 35
34 9
34 33
34 37
34 0
34 23
34 31
34 25
34 43
34 46
34 10
34 20
34 22
34 1
34 21
34 40
34 19
34 24
34 47
34 17
34 6
24
35 37
35 44
35 14
35 28
35 16
35 13
35 2
35 45
35 11
35 32
35 22
35 4
35 48
35 18
35 31
35 24
35 36
35 12
35 33
35 26
35 27
35 42
35 46
35 0
17
36 41
36 27
36 39
36 32
36 13
36 23
36 20
36 42
36 16
36 21
36 19
36 29
36 8
36 37
36 28
36 26
36 25
19
37 22
37 13
37 39
37 43
37 6
37 7
37 29
37 8
37 44
37 4
37 5
37 26
37 21
37 3
37 10
37 11
37 31
37 47
37 15
18
38 48
38 23
38 49
38 32
38 45
38 18
38 30
38 1
38 12
38 36
38 22
38 35
38 46
38 33
38 16
38 6
38 9
38 13
21
39 47
39 16
39 10
39 30
39 15
39 3
39 31
39 46
39 32
39 13
39 26
39 2
39 23
39 38
39 41
39 18
39 42
39 25
39 7
39 24
39 19
19
40 25
40 10
40 12
40 26
40 36
40 38
40 32
40 35
40 24
40 43
40 28
40 23
40 27
40 9
40 45
40 14
40 49
40 15
40 21
22
41 20
41 2
41 31
41 22
41 23
41 48
41 47
41 35
41 12
41 45
41 49
41 24
41 11
41 9
41 21
41 4
41 26
41 37
41 17
41 34
41 38
41 19
19
42 47
42 41
42 2
42 18
42 10
42 40
42 46
42 34
42 15
42 3
42 16
42 37
42 24
42 49
42 1
42 43
42 11
42 23
42 38
20
43 49
43 35
43 11
43 14
43 12
43 17
43 19
43 23
43 24
43 1
43 3
43 26
43 22
43 4
43 39
43 6
43 27
43 5
43 8
43 31
21
44 18
44 40
44 25
44 27
44 11
44 38
44 30
44 4
44 22
44 7
44 49
44 48
44 33
44 31
44 3
44 36
44 34
44 13
44 42
44 10
44 2
21
45 16
45 25
45 30
45 36
45 31
45 5
45 14
45 49
45 39
45 37
45 9
45 1
45 15
45 32
45 22
45 2
45 23
45 10
45 6
45 28
45 29
16
46 41
46 36
46 19
46 4
46 43
46 33
46 8
46 17
46 1
46 40
46 11
46 7
46 37
46 13
46 48
46 44
19
47 27
47 46
47 15
47 20
47 1
47 44
47 2
47 35
47 30
47 38
47 36
47 17
47 6
47 18
47 3
47 40
47 13
47 45
47 31
21
48 25
48 4
48 12
48 32
48 16
48 28
48 39
48 15
48 27
48 36
48 47
48 23
48 24
48 6
48 17
48 30
48 43
48 13
48 20
48 37
48 40
23
49 39
49 3
49 32
49 33
49 8
49 36
49 2
49 21
49 27
49 0
49 13
49 11
49 25
49 46
49 20
49 7
49 48
49 24
49 5
49 47
49 14
49 28
49 37
