50
0 "A22"
1 "A13"
2 "A36"
3 "A38"
4 "A42"
5 "A40"
6 "A3"
7 "A25"
8 "A35"
9 "A15"
10 "A14"
11 "A39"
12 "A11"
13 "A24"
14 "A31"
15 "A28"
16 "A29"
17 "A7"
18 "A1"
19 "A19"
20 "A46"
21 "A20"
22 "A27"
23 "A4"
24 "A44"
25 "A6"
26 "A9"
27 "A26"
28 "A30"
29 "A16"
30 "A32"
31 "A48"
32 "A2"
33 "A41"
34 "A21"
35 "A10"
36 "A17"
37 "A47"
38 "A0"
39 "A37"
40 "A45"
41 "A33"
42 "A18"
43 "A8"
44 "A23"
45 "A5"
46 "A34"
47 "A49"
48 "A43"
49 "A12"
15
0 36
0 46
0 42
0 31
0 12
0 19
0 13
0 9
0 43
0 40
0 45
0 11
0 26
0 6
0 32
19
1 26
1 4
1 24
1 40
1 21
1 25
1 33
1 3
1 2
1 31
1 28
1 13
1 14
1 12
1 32
1 30
1 35
1 5
1 6
16
2 3
2 40
2 10
2 21
2 43
2 20
2 25
2 13
2 27
2 31
2 45
2 41
2 16
2 38
2 36
2 48
19
3 38
3 35
3 26
3 31
3 40
3 27
3 34
3 49
3 39
3 4
3 19
3 17
3 41
3 0
3 8
3 23
3 16
3 9
3 10
23
4 20
4 23
4 43
4 15
4 21
4 6
4 22
4 0
4 2
4 7
4 11
4 14
4 37
4 48
4 9
4 35
4 45
4 36
4 41
4 39
4 42
4 47
4 13
17
5 21
5 49
5 22
5 45
5 30
5 33
5 44
5 12
5 38
5 48
5 35
5 4
5 37
5 15
5 47
5 0
5 41
21
6 5
6 49
6 31
6 8
6 19
6 3
6 13
6 17
6 46
6 29
6 23
6 41
6 30
6 34
6 10
6 28
6 38
6 11
6 12
6 15
6 33
17
7 19
7 9
7 2
7 0
7 10
7 34
7 36
7 18
7 16
7 41
7 21
7 37
7 8
7 12
7 5
7 48
7 26
26
8 19
8 22
8 1
8 25
8 23
8 45
8 5
8 34
8 18
8 41
8 43
8 39
8 24
8 31
8 48
8 40
8 21
8 2
8 29
8 38
8 32
8 20
8 46
8 35
8 28
8 44
28
9 23
9 16
9 44
9 39
9 40
9 35
9 37
9 17
9 29
9 27
9 36
9 48
9 14
9 26
9 20
9 47
9 8
9 2
9 33
9 42
9 31
9 41
9 49
9 12
9 34
9 6
9 18
9 1
18
10 39
10 31
10 15
10 47
10 1
10 22
10 17
10 8
10 32
10 35
10 28
10 33
10 12
10 37
10 5
10 45
10 27
10 38
19
11 30
11 1
11 9
11 44
11 31
11 16
11 48
11 10
11 24
11 13
11 5
11 33
11 23
11 14
11 8
11 7
11 40
11 25
11 22
21
12 14
12 48
12 39
12 28
12 3
12 4
12 31
12 49
12 30
12 34
12 19
12 47
12 8
12 25
12 37
12 16
12 15
12 44
12 2
12 38
12 11
21
13 45
13 49
13 24
13 43
13 19
13 41
13 29
13 9
13 21
13 3
13 39
13 48
13 28
13 31
13 40
13 30
13 18
13 25
13 12
13 32
13 44
18
14 5
14 3
14 2
14 33
14 39
14 8
14 31
14 26
14 44
14 45
14 37
14 29
14 0
14 32
14 20
14 46
14 23
14 21
25
15 45
15 21
15 1
15 26
15 41
15 24
15 9
15 28
15 35
15 11
15 3
15 34
15 13
15 31
15 27
15 2
15 40
15 8
15 49
15 22
15 38
15 7
15 46
15 42
15 14
17
16 8
16 1
16 48
16 29
16 19
16 25
16 14
16 6
16 27
16 21
16 26
16 32
16 30
16 18
16 46
16 17
16 40
23
17 15
17 40
17 27
17 35
17 32
17 0
17 14
17 37
17 1
17 41
17 34
17 2
17 45
17 11
17 8
17 20
17 36
17 7
17 23
17 4
17 38
17 28
17 12
26
18 14
18 22
18 20
18 26
18 23
18 12
18 32
18 0
18 31
18 21
18 30
18 17
18 29
18 46
18 4
18 33
18 2
18 11
18 28
18 40
18 44
18 49
18 24
18 6
18 5
18 45
16
19 30
19 48
19 20
19 1
19 44
19 35
19 25
19 2
19 43
19 9
19 46
19 18
19 15
19 14
19 4
19 39
22
20 25
20 41
20 0
20 37
20 12
20 27
20 33
20 48
20 6
20 23
20 30
20 16
20 34
20 29
20 11
20 15
20 31
20 5
20 13
20 28
20 1
20 21
14
21 37
21 11
21 42
21 30
21 10
21 23
21 40
21 35
21 17
21 3
21 33
21 9
21 12
21 38
21
22 32
22 12
22 21
22 39
22 14
22 6
22 46
22 2
22 7
22 20
22 3
22 36
22 28
22 47
22 17
22 9
22 16
22 40
22 23
22 30
22 0
18
23 25
23 33
23 7
23 44
23 1
23 31
23 29
23 2
23 15
23 12
23 34
23 13
23 46
23 47
23 26
23 0
23 19
23 48
24
24 2
24 21
24 22
24 7
24 10
24 14
24 19
24 40
24 16
24 48
24 32
24 4
24 36
24 27
24 42
24 38
24 9
24 17
24 3
24 20
24 0
24 12
24 5
24 6
14
25 14
25 40
25 39
25 29
25 0
25 38
25 37
25 5
25 4
25 21
25 49
25 15
25 36
25 7
14
26 48
26 44
26 4
26 38
26 21
26 12
26 42
26 31
26 13
26 32
26 36
26 49
26 10
26 11
19
27 4
27 40
27 32
27 23
27 7
27 21
27 43
27 33
27 5
27 30
27 6
27 8
27 37
27 11
27 19
27 34
27 39
27 1
27 18
20
28 46
28 7
28 32
28 34
28 24
28 11
28 48
28 25
28 14
28 4
28 2
28 3
28 26
28 5
28 39
28 0
28 44
28 16
28 21
28 9
22
29 46
29 21
29 44
29 4
29 48
29 38
29 0
29 5
29 7
29 10
29 24
29 36
29 35
29 42
29 11
29 17
29 33
29 22
29 39
29 26
29 45
29 3
19
30 14
30 7
30 8
30 26
30 35
30 0
30 28
30 15
30 25
30 23
30 4
30 29
30 49
30 9
30 45
30 10
30 38
30 2
30 32
10
31 48
31 24
31 28
31 42
31 30
31 37
31 44
31 16
31 40
31 32
15
32 37
32 7
32 49
32 6
32 48
32 46
32 2
32 36
32 21
32 23
32 4
32 11
32 9
32 33
32 12
20
33 47
33 8
33 44
33 22
33 43
33 48
33 38
33 13
33 37
33 26
33 28
33 12
33 4
33 19
33 3
33 31
33 0
33 7
33 15
33 24
17
34 32
34 4
34 1
34 38
34 26
34 18
34 47
34 5
34 0
34 30
34 39
34 29
34 14
34 33
34 21
34 13
34 22
22
35 27
35 14
35 16
35 20
35 6
35 33
35 11
35 13
35 28
35 49
35 12
35 40
35 0
35 46
35 31
35 32
35 44
35 2
35 22
35 37
35 45
35 7
25
36 18
36 46
36 14
36 21
36 31
36 35
36 8
36 33
36 23
36 11
36 47
36 40
36 27
36 6
36 1
36 15
36 30
36 49
36 43
36 10
36 19
36 16
36 37
36 20
36 45
20
37 29
37 22
37 42
37 19
37 2
37 38
37 43
37 46
37 40
37 49
37 26
37 30
37 15
37 34
37 28
37 45
37 1
37 39
37 24
37 6
19
38 27
38 9
38 36
38 35
38 16
38 22
38 18
38 43
38 0
38 44
38 32
38 1
38 14
38 28
38 46
38 11
38 42
38 19
38 4
25
39 21
39 38
39 0
39 7
39 30
39 18
39 2
39 16
39 44
39 24
39 43
39 36
39 40
39 26
39 20
39 47
39 5
39 33
39 45
39 32
39 31
39 42
39 15
39 35
39 1
15
40 14
40 23
40 38
40 10
40 30
40 12
40 5
40 7
40 47
40 20
40 33
40 6
40 29
40 34
40 19
19
41 35
41 37
41 36
41 10
41 33
41 14
41 29
41 19
41 12
41 16
41 43
41 34
41 44
41 40
41 32
41 18
41 39
41 24
41 45
25
42 10
42 48
42 8
42 2
42 28
42 11
42 46
42 33
42 18
42 1
42 16
42 6
42 22
42 13
42 27
42 34
42 14
42 5
42 36
42 43
42 44
42 19
42 17
42 25
42 35
20
43 22
43 45
43 7
43 10
43 40
43 9
43 26
43 48
43 23
43 14
43 32
43 1
43 11
43 12
43 30
43 21
43 47
43 6
43 25
43 29
18
44 4
44 27
44 45
44 2
44 6
44 47
44 49
44 1
44 0
44 36
44 10
44 22
44 43
44 16
44 40
44 34
44 21
44 3
20
45 46
45 42
45 11
45 6
45 7
45 38
45 20
45 23
45 21
45 34
45 40
45 1
45 9
45 31
45 24
45 12
45 27
45 26
45 3
45 47
18
46 44
46 43
46 24
46 47
46 13
46 3
46 7
46 33
46 1
46 17
46 34
46 39
46 40
46 25
46 30
46 26
46 2
46 11
22
47 7
47 29
47 31
47 24
47 37
47 1
47 30
47 15
47 19
47 27
47 25
47 16
47 8
47 21
47 11
47 14
47 49
47 2
47 32
47 42
47 13
47 38
18
48 25
48 36
48 47
48 35
48 46
48 6
48 1
48 34
48 22
48 30
48 0
48 39
48 27
48 18
48 45
48 10
48 40
48 37
20
49 46
49 38
49 20
49 27
49 29
49 39
49 23
49 1
49 40
49 17
49 31
49 33
49 34
49 28
49 7
49 16
49 48
49 42
49 21
49 10
