50
0 "A22"
1 "A13"
2 "A36"
3 "A38"
4 "A42"
5 "A40"
6 "A3"
7 "A25"
8 "A35"
9 "A15"
10 "A14"
11 "A39"
12 "A11"
13 "A24"
14 "A31"
15 "A28"
16 "A29"
17 "A7"
18 "A1"
19 "A19"
20 "A46"
21 "A20"
22 "A27"
23 "A4"
24 "A44"
25 "A6"
26 "A9"
27 "A26"
28 "A30"
29 "A16"
30 "A32"
31 "A48"
32 "A2"
33 "A41"
34 "A21"
35 "A10"
36 "A17"
37 "A47"
38 "A0"
39 "A37"
40 "A45"
41 "A33"
42 "A18"
43 "A8"
44 "A23"
45 "A5"
46 "A34"
47 "A49"
48 "A43"
49 "A12"
19
0 2
0 4
0 47
0 7
0 38
0 43
0 37
0 11
0 20
0 45
0 27
0 40
0 12
0 26
0 29
0 13
0 39
0 10
0 49
21
1 17
1 25
1 48
1 0
1 21
1 8
1 29
1 19
1 11
1 36
1 22
1 3
1 37
1 47
1 43
1 12
1 45
1 14
1 10
1 40
1 24
19
2 49
2 29
2 22
2 20
2 31
2 28
2 18
2 34
2 48
2 1
2 21
2 8
2 33
2 42
2 10
2 43
2 19
2 13
2 26
24
3 23
3 24
3 32
3 14
3 12
3 21
3 48
3 43
3 17
3 8
3 46
3 30
3 9
3 41
3 45
3 38
3 22
3 39
3 11
3 26
3 42
3 34
3 31
3 20
20
4 22
4 38
4 44
4 12
4 24
4 11
4 45
4 17
4 29
4 14
4 21
4 9
4 1
4 48
4 34
4 3
4 5
4 15
4 47
4 23
26
5 25
5 11
5 42
5 30
5 47
5 49
5 0
5 28
5 17
5 33
5 29
5 43
5 41
5 48
5 34
5 9
5 36
5 2
5 21
5 12
5 26
5 15
5 3
5 37
5 13
5 45
31
6 29
6 38
6 13
6 28
6 35
6 40
6 20
6 2
6 23
6 4
6 31
6 48
6 0
6 9
6 3
6 22
6 14
6 36
6 21
6 33
6 18
6 44
6 45
6 47
6 34
6 11
6 8
6 46
6 49
6 1
6 12
27
7 33
7 12
7 39
7 23
7 22
7 10
7 31
7 2
7 18
7 26
7 28
7 6
7 49
7 13
7 29
7 24
7 48
7 8
7 43
7 17
7 46
7 5
7 21
7 38
7 3
7 34
7 4
21
8 29
8 14
8 15
8 9
8 44
8 40
8 32
8 46
8 5
8 22
8 0
8 42
8 38
8 4
8 31
8 30
8 24
8 17
8 20
8 27
8 37
12
9 11
9 29
9 24
9 21
9 1
9 15
9 43
9 20
9 23
9 13
9 33
9 10
23
10 25
10 37
10 41
10 38
10 24
10 12
10 16
10 14
10 35
10 4
10 42
10 18
10 13
10 3
10 36
10 43
10 31
10 8
10 26
10 44
10 15
10 21
10 39
25
11 7
11 24
11 31
11 45
11 14
11 27
11 30
11 35
11 15
11 22
11 23
11 18
11 34
11 42
11 17
11 20
11 29
11 2
11 16
11 43
11 10
11 21
11 48
11 46
11 33
20
12 33
12 17
12 20
12 2
12 47
12 26
12 39
12 43
12 40
12 34
12 9
12 15
12 21
12 11
12 38
12 42
12 49
12 28
12 45
12 32
18
13 15
13 33
13 11
13 26
13 30
13 17
13 1
13 41
13 39
13 37
13 49
13 23
13 46
13 18
13 31
13 4
13 48
13 12
19
14 42
14 0
14 39
14 36
14 33
14 30
14 2
14 48
14 17
14 22
14 12
14 34
14 32
14 46
14 41
14 24
14 26
14 45
14 5
15
15 0
15 19
15 2
15 26
15 6
15 29
15 32
15 39
15 22
15 37
15 1
15 42
15 38
15 30
15 16
19
16 12
16 19
16 0
16 5
16 3
16 14
16 27
16 8
16 43
16 31
16 23
16 45
16 6
16 9
16 17
16 32
16 42
16 1
16 7
22
17 27
17 47
17 36
17 2
17 45
17 44
17 15
17 21
17 33
17 10
17 34
17 37
17 31
17 49
17 43
17 26
17 35
17 0
17 46
17 42
17 40
17 41
14
18 3
18 24
18 34
18 22
18 8
18 27
18 17
18 5
18 44
18 1
18 42
18 15
18 43
18 49
22
19 48
19 33
19 12
19 8
19 21
19 10
19 0
19 24
19 35
19 7
19 5
19 34
19 11
19 4
19 20
19 6
19 14
19 47
19 3
19 18
19 46
19 9
21
20 24
20 7
20 25
20 35
20 18
20 28
20 37
20 21
20 32
20 42
20 34
20 10
20 44
20 22
20 48
20 17
20 36
20 13
20 15
20 40
20 5
14
21 49
21 14
21 46
21 39
21 15
21 44
21 13
21 34
21 36
21 0
21 27
21 16
21 18
21 23
24
22 31
22 43
22 23
22 16
22 28
22 10
22 5
22 29
22 17
22 25
22 46
22 19
22 47
22 30
22 48
22 13
22 12
22 9
22 34
22 32
22 49
22 0
22 42
22 44
21
23 26
23 17
23 10
23 29
23 19
23 38
23 25
23 8
23 41
23 24
23 5
23 45
23 12
23 39
23 37
23 43
23 27
23 18
23 0
23 15
23 48
17
24 33
24 6
24 40
24 16
24 12
24 21
24 37
24 27
24 15
24 39
24 5
24 17
24 2
24 47
24 25
24 26
24 32
19
25 8
25 13
25 15
25 40
25 26
25 35
25 17
25 0
25 4
25 11
25 32
25 18
25 2
25 21
25 42
25 16
25 28
25 37
25 41
18
26 47
26 9
26 19
26 30
26 35
26 45
26 18
26 37
26 42
26 16
26 8
26 1
26 29
26 4
26 32
26 20
26 36
26 22
21
27 3
27 38
27 45
27 41
27 15
27 40
27 14
27 44
27 26
27 1
27 9
27 2
27 34
27 25
27 36
27 10
27 7
27 47
27 4
27 32
27 37
25
28 21
28 0
28 1
28 23
28 16
28 33
28 17
28 27
28 48
28 40
28 34
28 8
28 24
28 3
28 47
28 4
28 26
28 30
28 42
28 19
28 10
28 14
28 15
28 29
28 43
12
29 43
29 12
29 25
29 24
29 18
29 3
29 38
29 45
29 46
29 39
29 37
29 30
19
30 48
30 6
30 18
30 47
30 23
30 9
30 10
30 27
30 24
30 2
30 42
30 12
30 25
30 1
30 21
30 49
30 46
30 44
30 31
20
31 15
31 28
31 4
31 27
31 26
31 24
31 1
31 48
31 29
31 42
31 45
31 35
31 5
31 23
31 49
31 21
31 38
31 12
31 44
31 25
15
32 11
32 19
32 17
32 31
32 30
32 2
32 0
32 47
32 23
32 29
32 37
32 21
32 49
32 18
32 48
19
33 8
33 10
33 31
33 36
33 32
33 42
33 15
33 40
33 25
33 23
33 37
33 29
33 4
33 16
33 30
33 43
33 26
33 21
33 38
16
34 39
34 35
34 9
34 24
34 15
34 25
34 16
34 32
34 44
34 1
34 42
34 26
34 8
34 29
34 30
34 48
30
35 30
35 21
35 3
35 0
35 8
35 4
35 27
35 49
35 32
35 24
35 43
35 40
35 33
35 22
35 47
35 16
35 5
35 28
35 2
35 18
35 13
35 15
35 48
35 45
35 9
35 14
35 23
35 44
35 29
35 36
20
36 8
36 43
36 45
36 39
36 15
36 12
36 18
36 48
36 16
36 24
36 0
36 11
36 22
36 7
36 47
36 2
36 23
36 32
36 25
36 34
17
37 7
37 34
37 12
37 30
37 14
37 40
37 22
37 31
37 11
37 41
37 28
37 44
37 19
37 42
37 4
37 16
37 3
19
38 1
38 19
38 36
38 47
38 35
38 18
38 5
38 37
38 16
38 21
38 28
38 22
38 14
38 25
38 45
38 11
38 42
38 44
38 34
22
39 41
39 2
39 32
39 19
39 38
39 33
39 30
39 16
39 8
39 11
39 37
39 43
39 1
39 48
39 35
39 4
39 18
39 25
39 20
39 40
39 9
39 5
19
40 7
40 15
40 13
40 4
40 32
40 21
40 45
40 23
40 10
40 29
40 34
40 2
40 5
40 48
40 26
40 41
40 38
40 14
40 31
22
41 43
41 26
41 18
41 30
41 28
41 8
41 20
41 24
41 32
41 2
41 21
41 33
41 34
41 31
41 44
41 15
41 11
41 4
41 6
41 22
41 0
41 36
15
42 0
42 6
42 23
42 19
42 27
42 35
42 40
42 36
42 47
42 21
42 29
42 44
42 1
42 45
42 24
18
43 44
43 21
43 14
43 13
43 20
43 25
43 6
43 24
43 19
43 32
43 8
43 48
43 30
43 49
43 34
43 46
43 27
43 15
18
44 12
44 36
44 24
44 45
44 13
44 32
44 25
44 15
44 5
44 33
44 7
44 2
44 29
44 40
44 9
44 28
44 16
44 1
15
45 21
45 41
45 7
45 33
45 39
45 32
45 18
45 13
45 34
45 43
45 30
45 15
45 47
45 48
45 28
21
46 33
46 2
46 42
46 32
46 31
46 15
46 44
46 38
46 26
46 37
46 23
46 41
46 9
46 18
46 10
46 25
46 1
46 24
46 20
46 45
46 36
19
47 13
47 18
47 20
47 41
47 11
47 14
47 9
47 43
47 48
47 29
47 44
47 16
47 25
47 2
47 31
47 37
47 33
47 23
47 40
12
48 17
48 27
48 9
48 29
48 24
48 25
48 16
48 12
48 15
48 46
48 38
48 10
15
49 9
49 46
49 20
49 8
49 48
49 38
49 34
49 29
49 47
49 40
49 11
49 23
49 19
49 44
49 41
