50
0 "A13"
1 "A35"
2 "A49"
3 "A31"
4 "A15"
5 "A48"
6 "A14"
7 "A18"
8 "A24"
9 "A44"
10 "A36"
11 "A8"
12 "A33"
13 "A30"
14 "A38"
15 "A43"
16 "A3"
17 "A28"
18 "A22"
19 "A42"
20 "A26"
21 "A6"
22 "A16"
23 "A17"
24 "A34"
25 "A23"
26 "A12"
27 "A27"
28 "A37"
29 "A11"
30 "A20"
31 "A39"
32 "A5"
33 "A40"
34 "A21"
35 "A1"
36 "A0"
37 "A2"
38 "A32"
39 "A9"
40 "A4"
41 "A46"
42 "A45"
43 "A29"
44 "A19"
45 "A7"
46 "A25"
47 "A41"
48 "A10"
49 "A47"
23
0 2
0 32
0 44
0 28
0 22
0 6
0 3
0 18
0 48
0 26
0 12
0 40
0 1
0 38
0 35
0 8
0 47
0 49
0 34
0 10
0 46
0 9
0 45
23
1 19
1 27
1 9
1 28
1 12
1 38
1 32
1 45
1 21
1 6
1 25
1 46
1 43
1 20
1 16
1 10
1 24
1 26
1 39
1 8
1 49
1 42
1 48
15
2 3
2 36
2 30
2 39
2 13
2 9
2 27
2 21
2 12
2 41
2 43
2 34
2 20
2 7
2 6
20
3 13
3 28
3 48
3 17
3 38
3 20
3 9
3 16
3 39
3 11
3 27
3 33
3 10
3 14
3 5
3 44
3 7
3 25
3 35
3 23
26
4 0
4 1
4 42
4 5
4 15
4 18
4 3
4 26
4 9
4 7
4 25
4 47
4 30
4 10
4 17
4 49
4 24
4 16
4 22
4 32
4 48
4 34
4 37
4 41
4 39
4 2
20
5 44
5 30
5 2
5 48
5 43
5 26
5 7
5 37
5 1
5 14
5 29
5 20
5 49
5 34
5 22
5 42
5 33
5 8
5 31
5 39
22
6 24
6 38
6 20
6 4
6 8
6 49
6 43
6 36
6 31
6 27
6 45
6 46
6 9
6 11
6 19
6 10
6 21
6 23
6 22
6 47
6 13
6 3
21
7 31
7 22
7 12
7 26
7 16
7 14
7 46
7 49
7 1
7 45
7 47
7 10
7 9
7 23
7 42
7 20
7 13
7 40
7 34
7 30
7 41
13
8 20
8 2
8 45
8 36
8 37
8 7
8 41
8 34
8 33
8 14
8 24
8 44
8 47
19
9 10
9 38
9 36
9 34
9 42
9 11
9 17
9 21
9 32
9 46
9 20
9 23
9 27
9 12
9 39
9 29
9 18
9 24
9 8
13
10 28
10 30
10 26
10 33
10 12
10 27
10 5
10 2
10 36
10 47
10 11
10 21
10 32
21
11 21
11 19
11 43
11 36
11 12
11 16
11 29
11 0
11 47
11 42
11 8
11 37
11 13
11 24
11 14
11 4
11 25
11 33
11 48
11 5
11 41
12
12 3
12 32
12 20
12 17
12 31
12 4
12 35
12 19
12 47
12 5
12 24
12 8
21
13 29
13 23
13 4
13 27
13 35
13 26
13 5
13 8
13 28
13 10
13 17
13 42
13 40
13 44
13 1
13 39
13 20
13 31
13 47
13 49
13 32
20
14 31
14 4
14 2
14 41
14 1
14 12
14 47
14 0
14 34
14 18
14 19
14 46
14 39
14 16
14 37
14 15
14 22
14 23
14 48
14 10
20
15 19
15 21
15 10
15 27
15 13
15 38
15 46
15 2
15 5
15 23
15 24
15 41
15 16
15 30
15 6
15 7
15 48
15 20
15 12
15 11
25
16 48
16 18
16 9
16 41
16 31
16 29
16 32
16 6
16 12
16 35
16 2
16 24
16 34
16 27
16 49
16 45
16 33
16 8
16 28
16 19
16 13
16 39
16 10
16 37
16 25
22
17 26
17 6
17 47
17 15
17 10
17 7
17 31
17 35
17 33
17 8
17 45
17 49
17 14
17 0
17 24
17 2
17 34
17 11
17 36
17 19
17 39
17 43
21
18 11
18 31
18 1
18 13
18 49
18 5
18 35
18 12
18 36
18 33
18 21
18 17
18 23
18 15
18 34
18 37
18 8
18 10
18 25
18 7
18 3
14
19 43
19 13
19 0
19 10
19 38
19 3
19 46
19 27
19 34
19 4
19 5
19 49
19 37
19 21
17
20 22
20 18
20 33
20 49
20 37
20 41
20 23
20 47
20 32
20 4
20 16
20 10
20 38
20 42
20 34
20 45
20 46
20
21 7
21 0
21 24
21 16
21 25
21 3
21 32
21 17
21 35
21 30
21 8
21 12
21 42
21 20
21 46
21 31
21 41
21 47
21 5
21 27
16
22 47
22 31
22 10
22 12
22 11
22 1
22 43
22 21
22 49
22 36
22 29
22 44
22 28
22 9
22 27
22 30
19
23 1
23 33
23 45
23 5
23 43
23 26
23 22
23 30
23 4
23 17
23 34
23 24
23 44
23 48
23 28
23 12
23 36
23 19
23 16
21
24 18
24 22
24 0
24 5
24 45
24 40
24 25
24 36
24 33
24 2
24 3
24 42
24 46
24 14
24 7
24 10
24 38
24 19
24 44
24 39
24 48
25
25 15
25 34
25 30
25 23
25 10
25 14
25 13
25 28
25 0
25 47
25 44
25 49
25 8
25 32
25 45
25 5
25 19
25 26
25 9
25 40
25 7
25 42
25 43
25 37
25 2
19
26 14
26 15
26 22
26 18
26 6
26 41
26 12
26 16
26 19
26 11
26 44
26 27
26 3
26 8
26 9
26 20
26 21
26 46
26 24
19
27 17
27 14
27 29
27 18
27 11
27 46
27 24
27 41
27 8
27 47
27 34
27 7
27 33
27 25
27 32
27 23
27 12
27 28
27 31
22
28 36
28 37
28 38
28 19
28 7
28 20
28 44
28 6
28 17
28 40
28 4
28 24
28 42
28 21
28 9
28 15
28 11
28 26
28 49
28 5
28 18
28 2
24
29 23
29 39
29 44
29 25
29 36
29 4
29 6
29 41
29 12
29 24
29 1
29 14
29 20
29 17
29 34
29 2
29 15
29 31
29 7
29 40
29 47
29 32
29 26
29 8
22
30 26
30 43
30 3
30 29
30 49
30 44
30 31
30 24
30 11
30 6
30 0
30 40
30 46
30 19
30 28
30 8
30 12
30 1
30 27
30 38
30 16
30 35
19
31 3
31 48
31 35
31 43
31 24
31 37
31 1
31 25
31 2
31 11
31 28
31 10
31 36
31 8
31 26
31 20
31 0
31 42
31 9
19
32 7
32 23
32 34
32 2
32 26
32 5
32 22
32 8
32 30
32 44
32 48
32 14
32 3
32 19
32 11
32 24
32 46
32 31
32 18
21
33 21
33 22
33 4
33 45
33 25
33 19
33 9
33 49
33 7
33 1
33 14
33 32
33 26
33 13
33 35
33 12
33 28
33 41
33 31
33 40
33 15
15
34 10
34 28
34 13
34 42
34 49
34 40
34 43
34 11
34 15
34 37
34 6
34 1
34 36
34 31
34 44
23
35 42
35 41
35 2
35 10
35 26
35 7
35 14
35 8
35 25
35 32
35 34
35 48
35 9
35 27
35 36
35 19
35 22
35 39
35 43
35 24
35 40
35 23
35 11
17
36 5
36 27
36 44
36 33
36 26
36 41
36 12
36 43
36 38
36 21
36 25
36 47
36 30
36 13
36 1
36 16
36 0
20
37 9
37 45
37 0
37 33
37 6
37 26
37 22
37 29
37 3
37 30
37 21
37 17
37 7
37 36
37 32
37 40
37 13
37 2
37 23
37 27
23
38 4
38 31
38 13
38 48
38 35
38 7
38 37
38 27
38 2
38 29
38 12
38 26
38 17
38 8
38 49
38 14
38 44
38 11
38 33
38 5
38 39
38 32
38 34
18
39 11
39 27
39 33
39 43
39 30
39 19
39 22
39 25
39 10
39 20
39 47
39 21
39 12
39 48
39 6
39 44
39 36
39 31
23
40 15
40 22
40 36
40 23
40 12
40 31
40 39
40 6
40 21
40 49
40 38
40 10
40 3
40 46
40 9
40 17
40 2
40 41
40 43
40 44
40 4
40 18
40 27
17
41 43
41 5
41 46
41 9
41 3
41 13
41 47
41 22
41 49
41 25
41 1
41 31
41 30
41 23
41 18
41 0
41 6
17
42 48
42 18
42 39
42 2
42 6
42 0
42 40
42 22
42 8
42 23
42 15
42 37
42 19
42 41
42 47
42 17
42 14
18
43 0
43 38
43 4
43 7
43 49
43 32
43 27
43 16
43 9
43 28
43 48
43 24
43 37
43 20
43 33
43 21
43 12
43 8
23
44 17
44 4
44 41
44 31
44 42
44 49
44 15
44 11
44 35
44 37
44 46
44 9
44 6
44 21
44 18
44 1
44 20
44 33
44 12
44 48
44 7
44 19
44 27
22
45 27
45 26
45 15
45 32
45 36
45 49
45 28
45 34
45 22
45 13
45 31
45 42
45 10
45 5
45 43
45 21
45 4
45 19
45 2
45 38
45 44
45 18
17
46 35
46 4
46 45
46 37
46 49
46 28
46 33
46 22
46 10
46 17
46 18
46 8
46 16
46 39
46 43
46 34
46 12
19
47 30
47 16
47 45
47 26
47 33
47 28
47 48
47 40
47 19
47 2
47 9
47 43
47 15
47 18
47 44
47 5
47 23
47 24
47 38
21
48 9
48 2
48 37
48 10
48 30
48 25
48 6
48 27
48 12
48 22
48 20
48 40
48 13
48 46
48 26
48 28
48 8
48 49
48 7
48 45
48 21
13
49 11
49 9
49 39
49 12
49 21
49 37
49 35
49 47
49 10
49 36
49 2
49 14
49 23
