50
0 "A6"
1 "A4"
2 "A49"
3 "A31"
4 "A39"
5 "A13"
6 "A23"
7 "A36"
8 "A1"
9 "A34"
10 "A24"
11 "A33"
12 "A29"
13 "A17"
14 "A9"
15 "A7"
16 "A20"
17 "A2"
18 "A43"
19 "A0"
20 "A18"
21 "A38"
22 "A47"
23 "A3"
24 "A12"
25 "A19"
26 "A48"
27 "A5"
28 "A25"
29 "A35"
30 "A41"
31 "A30"
32 "A45"
33 "A27"
34 "A11"
35 "A22"
36 "A32"
37 "A26"
38 "A42"
39 "A10"
40 "A37"
41 "A46"
42 "A28"
43 "A16"
44 "A40"
45 "A21"
46 "A15"
47 "A44"
48 "A8"
49 "A14"
20
0 14
0 23
0 32
0 22
0 8
0 27
0 42
0 36
0 21
0 13
0 3
0 39
0 40
0 11
0 29
0 31
0 26
0 45
0 2
0 35
21
1 36
1 4
1 38
1 45
1 26
1 31
1 18
1 11
1 24
1 22
1 2
1 43
1 12
1 6
1 33
1 25
1 32
1 42
1 0
1 34
1 37
23
2 40
2 30
2 46
2 13
2 29
2 42
2 8
2 25
2 3
2 47
2 41
2 11
2 6
2 35
2 15
2 22
2 48
2 36
2 18
2 16
2 32
2 45
2 24
16
3 9
3 1
3 13
3 37
3 11
3 33
3 17
3 47
3 10
3 4
3 34
3 32
3 23
3 49
3 29
3 41
21
4 11
4 40
4 30
4 49
4 0
4 38
4 23
4 33
4 25
4 10
4 43
4 20
4 12
4 14
4 31
4 46
4 47
4 34
4 2
4 13
4 36
22
5 45
5 43
5 47
5 49
5 38
5 39
5 3
5 26
5 25
5 40
5 22
5 2
5 36
5 23
5 48
5 41
5 4
5 35
5 6
5 33
5 46
5 37
22
6 26
6 0
6 44
6 8
6 4
6 7
6 42
6 48
6 13
6 23
6 18
6 19
6 46
6 35
6 43
6 40
6 45
6 49
6 10
6 3
6 32
6 31
22
7 23
7 49
7 26
7 0
7 15
7 45
7 46
7 10
7 36
7 8
7 33
7 13
7 9
7 21
7 37
7 28
7 25
7 18
7 11
7 35
7 42
7 20
28
8 47
8 37
8 44
8 19
8 45
8 13
8 9
8 3
8 1
8 18
8 4
8 14
8 27
8 43
8 10
8 16
8 42
8 5
8 21
8 39
8 29
8 25
8 35
8 11
8 12
8 26
8 36
8 46
20
9 10
9 22
9 36
9 34
9 25
9 23
9 20
9 4
9 35
9 49
9 2
9 14
9 32
9 11
9 30
9 40
9 1
9 18
9 31
9 6
17
10 5
10 22
10 28
10 1
10 0
10 29
10 12
10 31
10 2
10 13
10 36
10 17
10 43
10 14
10 21
10 48
10 33
16
11 36
11 18
11 21
11 42
11 24
11 25
11 38
11 19
11 12
11 49
11 5
11 40
11 48
11 28
11 44
11 6
18
12 26
12 40
12 46
12 9
12 3
12 5
12 25
12 19
12 13
12 20
12 44
12 7
12 42
12 14
12 21
12 22
12 23
12 0
15
13 43
13 44
13 39
13 40
13 46
13 48
13 35
13 17
13 21
13 14
13 9
13 36
13 30
13 25
13 41
18
14 35
14 41
14 49
14 22
14 24
14 19
14 31
14 47
14 44
14 3
14 18
14 21
14 7
14 23
14 11
14 32
14 2
14 45
21
15 17
15 43
15 0
15 33
15 9
15 37
15 46
15 18
15 34
15 3
15 13
15 29
15 10
15 4
15 40
15 19
15 45
15 21
15 14
15 32
15 6
22
16 43
16 7
16 33
16 19
16 3
16 48
16 29
16 10
16 22
16 24
16 12
16 15
16 47
16 31
16 13
16 0
16 5
16 34
16 9
16 25
16 30
16 20
18
17 47
17 14
17 2
17 11
17 7
17 23
17 1
17 18
17 27
17 4
17 5
17 30
17 25
17 21
17 16
17 40
17 36
17 9
15
18 35
18 5
18 33
18 4
18 12
18 23
18 38
18 10
18 0
18 29
18 27
18 3
18 34
18 25
18 19
15
19 40
19 9
19 13
19 26
19 23
19 43
19 42
19 29
19 2
19 37
19 36
19 17
19 0
19 31
19 46
21
20 29
20 6
20 1
20 35
20 11
20 45
20 0
20 39
20 47
20 23
20 5
20 27
20 30
20 10
20 38
20 17
20 2
20 44
20 3
20 34
20 14
15
21 42
21 48
21 2
21 47
21 35
21 6
21 29
21 3
21 1
21 41
21 4
21 16
21 24
21 25
21 33
21
22 24
22 18
22 48
22 21
22 13
22 20
22 17
22 15
22 37
22 8
22 7
22 30
22 28
22 42
22 4
22 33
22 35
22 40
22 6
22 19
22 45
22
23 32
23 8
23 16
23 10
23 13
23 27
23 29
23 35
23 2
23 46
23 11
23 22
23 1
23 42
23 41
23 21
23 31
23 40
23 33
23 30
23 37
23 28
22
24 37
24 18
24 4
24 13
24 33
24 32
24 12
24 0
24 5
24 46
24 49
24 39
24 26
24 19
24 9
24 20
24 43
24 3
24 35
24 25
24 27
24 44
19
25 26
25 35
25 29
25 33
25 15
25 23
25 19
25 30
25 22
25 40
25 39
25 42
25 28
25 20
25 10
25 38
25 44
25 27
25 14
18
26 36
26 22
26 11
26 21
26 17
26 16
26 3
26 43
26 20
26 15
26 29
26 40
26 27
26 37
26 34
26 9
26 41
26 23
22
27 33
27 5
27 15
27 42
27 43
27 7
27 10
27 40
27 4
27 46
27 48
27 6
27 12
27 14
27 39
27 30
27 37
27 11
27 16
27 2
27 19
27 35
21
28 15
28 19
28 6
28 24
28 12
28 48
28 32
28 16
28 21
28 35
28 27
28 13
28 26
28 9
28 40
28 0
28 36
28 3
28 4
28 30
28 20
19
29 9
29 49
29 35
29 39
29 13
29 11
29 17
29 7
29 24
29 30
29 12
29 28
29 33
29 1
29 5
29 36
29 41
29 46
29 40
21
30 5
30 12
30 15
30 8
30 44
30 48
30 0
30 7
30 11
30 14
30 49
30 26
30 32
30 3
30 33
30 21
30 1
30 18
30 31
30 24
30 19
19
31 17
31 44
31 40
31 15
31 29
31 32
31 2
31 37
31 41
31 47
31 42
31 7
31 21
31 5
31 27
31 22
31 18
31 48
31 38
18
32 17
32 11
32 4
32 49
32 27
32 12
32 19
32 13
32 20
32 29
32 18
32 10
32 42
32 8
32 22
32 34
32 44
32 26
20
33 8
33 13
33 31
33 49
33 34
33 43
33 20
33 19
33 28
33 41
33 44
33 9
33 6
33 48
33 17
33 26
33 38
33 14
33 40
33 0
22
34 6
34 28
34 45
34 38
34 14
34 5
34 7
34 0
34 40
34 48
34 27
34 31
34 30
34 35
34 44
34 19
34 41
34 24
34 21
34 12
34 47
34 37
20
35 17
35 43
35 1
35 47
35 46
35 3
35 10
35 15
35 38
35 12
35 26
35 32
35 40
35 30
35 4
35 45
35 31
35 16
35 42
35 33
22
36 34
36 46
36 44
36 39
36 18
36 6
36 21
36 32
36 33
36 48
36 25
36 31
36 30
36 22
36 23
36 15
36 16
36 24
36 49
36 12
36 3
36 37
14
37 20
37 32
37 14
37 6
37 35
37 12
37 4
37 42
37 25
37 44
37 33
37 11
37 21
37 47
28
38 7
38 39
38 2
38 3
38 40
38 27
38 6
38 12
38 48
38 30
38 26
38 16
38 23
38 49
38 29
38 28
38 21
38 10
38 19
38 9
38 14
38 32
38 13
38 37
38 8
38 0
38 44
38 36
22
39 18
39 9
39 34
39 6
39 41
39 37
39 16
39 11
39 1
39 19
39 28
39 46
39 7
39 15
39 10
39 14
39 43
39 32
39 44
39 45
39 40
39 33
12
40 36
40 3
40 24
40 37
40 45
40 32
40 48
40 18
40 20
40 14
40 10
40 16
23
41 25
41 27
41 40
41 30
41 18
41 6
41 1
41 43
41 17
41 7
41 12
41 20
41 16
41 19
41 32
41 0
41 11
41 38
41 9
41 37
41 10
41 49
41 47
17
42 41
42 16
42 28
42 38
42 24
42 39
42 3
42 10
42 30
42 18
42 20
42 14
42 48
42 36
42 43
42 26
42 34
17
43 44
43 48
43 21
43 28
43 11
43 12
43 20
43 3
43 23
43 18
43 36
43 38
43 49
43 30
43 0
43 29
43 7
16
44 7
44 35
44 49
44 16
44 26
44 4
44 46
44 18
44 17
44 5
44 15
44 19
44 10
44 42
44 1
44 22
20
45 18
45 28
45 26
45 43
45 30
45 49
45 21
45 10
45 41
45 19
45 44
45 23
45 32
45 4
45 13
45 38
45 31
45 24
45 42
45 47
18
46 14
46 43
46 10
46 38
46 40
46 18
46 28
46 41
46 26
46 32
46 16
46 9
46 45
46 20
46 42
46 33
46 37
46 1
27
47 23
47 0
47 29
47 15
47 9
47 33
47 1
47 28
47 25
47 49
47 36
47 42
47 10
47 22
47 43
47 13
47 24
47 32
47 39
47 18
47 7
47 30
47 11
47 46
47 6
47 27
47 38
18
48 0
48 32
48 3
48 17
48 37
48 4
48 41
48 39
48 8
48 47
48 29
48 9
48 19
48 18
48 20
48 26
48 25
48 24
16
49 20
49 28
49 16
49 18
49 12
49 37
49 35
49 23
49 15
49 48
49 8
49 10
49 46
49 26
49 0
49 25
