50
0 "A2"
1 "A39"
2 "A21"
3 "A13"
4 "A8"
5 "A5"
6 "A11"
7 "A40"
8 "A42"
9 "A31"
10 "A15"
11 "A0"
12 "A49"
13 "A33"
14 "A41"
15 "A16"
16 "A37"
17 "A6"
18 "A26"
19 "A4"
20 "A29"
21 "A18"
22 "A38"
23 "A7"
24 "A1"
25 "A14"
26 "A25"
27 "A22"
28 "A46"
29 "A47"
30 "A17"
31 "A23"
32 "A10"
33 "A19"
34 "A9"
35 "A28"
36 "A3"
37 "A12"
38 "A43"
39 "A20"
40 "A48"
41 "A35"
42 "A44"
43 "A27"
44 "A45"
45 "A30"
46 "A24"
47 "A34"
48 "A32"
49 "A36"
29
0 30
0 22
0 36
0 49
0 10
0 34
0 35
0 24
0 41
0 16
0 7
0 17
0 40
0 9
0 29
0 5
0 26
0 37
0 20
0 47
0 4
0 46
0 6
0 15
0 18
0 32
0 44
0 11
0 13
16
1 45
1 49
1 35
1 8
1 38
1 29
1 0
1 24
1 12
1 40
1 36
1 18
1 10
1 20
1 30
1 4
18
2 29
2 48
2 4
2 39
2 15
2 45
2 0
2 12
2 36
2 17
2 28
2 5
2 25
2 8
2 10
2 32
2 9
2 33
25
3 43
3 38
3 32
3 49
3 36
3 41
3 5
3 0
3 11
3 15
3 23
3 34
3 44
3 20
3 24
3 42
3 1
3 40
3 2
3 7
3 16
3 19
3 37
3 31
3 21
24
4 34
4 25
4 42
4 35
4 26
4 47
4 17
4 12
4 28
4 10
4 3
4 6
4 8
4 38
4 31
4 33
4 9
4 21
4 18
4 39
4 48
4 14
4 5
4 22
14
5 42
5 25
5 45
5 15
5 37
5 40
5 23
5 28
5 46
5 33
5 9
5 49
5 19
5 6
21
6 21
6 1
6 29
6 47
6 14
6 9
6 19
6 38
6 39
6 25
6 31
6 48
6 3
6 27
6 2
6 18
6 40
6 7
6 15
6 46
6 33
23
7 44
7 14
7 10
7 24
7 31
7 33
7 11
7 26
7 25
7 41
7 30
7 32
7 4
7 9
7 36
7 16
7 40
7 43
7 22
7 20
7 17
7 19
7 28
19
8 41
8 16
8 34
8 42
8 30
8 14
8 6
8 40
8 20
8 23
8 33
8 49
8 0
8 11
8 5
8 10
8 39
8 12
8 19
15
9 40
9 33
9 39
9 23
9 16
9 41
9 31
9 35
9 48
9 3
9 32
9 12
9 15
9 18
9 43
20
10 26
10 18
10 39
10 19
10 17
10 13
10 44
10 27
10 9
10 11
10 35
10 32
10 6
10 49
10 46
10 31
10 29
10 43
10 34
10 38
23
11 17
11 35
11 49
11 43
11 6
11 30
11 1
11 21
11 23
11 13
11 31
11 24
11 4
11 22
11 2
11 41
11 5
11 40
11 25
11 27
11 44
11 12
11 15
25
12 28
12 49
12 35
12 46
12 34
12 18
12 17
12 19
12 29
12 41
12 44
12 5
12 26
12 40
12 16
12 23
12 15
12 36
12 3
12 22
12 10
12 0
12 7
12 42
12 6
21
13 22
13 28
13 4
13 2
13 20
13 44
13 12
13 8
13 30
13 21
13 9
13 3
13 37
13 42
13 14
13 6
13 49
13 46
13 27
13 34
13 23
23
14 27
14 15
14 47
14 21
14 1
14 22
14 49
14 12
14 43
14 3
14 9
14 37
14 31
14 11
14 17
14 42
14 48
14 10
14 28
14 0
14 25
14 39
14 46
20
15 45
15 49
15 36
15 29
15 25
15 47
15 39
15 18
15 4
15 19
15 33
15 10
15 7
15 37
15 1
15 21
15 32
15 23
15 46
15 38
14
16 19
16 26
16 24
16 21
16 23
16 38
16 11
16 48
16 6
16 43
16 42
16 18
16 27
16 5
20
17 34
17 13
17 9
17 40
17 8
17 28
17 16
17 18
17 1
17 3
17 15
17 41
17 22
17 30
17 29
17 33
17 37
17 6
17 5
17 49
16
18 42
18 19
18 29
18 47
18 14
18 7
18 27
18 48
18 43
18 3
18 37
18 46
18 13
18 2
18 35
18 31
16
19 24
19 42
19 34
19 25
19 38
19 47
19 31
19 40
19 44
19 17
19 27
19 13
19 1
19 30
19 26
19 4
21
20 12
20 4
20 43
20 15
20 35
20 29
20 10
20 48
20 32
20 9
20 5
20 40
20 26
20 37
20 14
20 36
20 19
20 25
20 39
20 6
20 44
14
21 18
21 12
21 10
21 39
21 9
21 44
21 43
21 45
21 35
21 0
21 23
21 47
21 5
21 20
18
22 6
22 1
22 38
22 40
22 2
22 3
22 21
22 20
22 43
22 15
22 42
22 23
22 5
22 36
22 32
22 47
22 49
22 26
19
23 44
23 35
23 38
23 17
23 20
23 6
23 14
23 25
23 33
23 19
23 0
23 37
23 26
23 2
23 42
23 41
23 1
23 18
23 10
24
24 18
24 34
24 23
24 48
24 17
24 5
24 31
24 6
24 41
24 35
24 32
24 26
24 15
24 13
24 46
24 47
24 20
24 49
24 12
24 2
24 22
24 9
24 33
24 8
16
25 45
25 8
25 16
25 38
25 35
25 46
25 10
25 33
25 28
25 47
25 41
25 12
25 22
25 9
25 40
25 18
16
26 31
26 13
26 28
26 17
26 8
26 9
26 1
26 3
26 18
26 6
26 25
26 2
26 11
26 46
26 45
26 29
22
27 5
27 49
27 34
27 12
27 41
27 36
27 2
27 4
27 38
27 40
27 15
27 31
27 8
27 3
27 26
27 1
27 21
27 28
27 17
27 0
27 46
27 33
19
28 20
28 29
28 30
28 33
28 9
28 19
28 18
28 42
28 15
28 24
28 40
28 16
28 8
28 0
28 37
28 6
28 43
28 1
28 21
15
29 19
29 46
29 14
29 44
29 39
29 3
29 11
29 22
29 34
29 33
29 40
29 24
29 9
29 16
29 25
27
30 14
30 32
30 33
30 43
30 12
30 25
30 38
30 2
30 39
30 18
30 42
30 23
30 45
30 27
30 44
30 47
30 10
30 26
30 31
30 35
30 16
30 37
30 22
30 20
30 36
30 9
30 29
17
31 28
31 17
31 48
31 35
31 8
31 22
31 13
31 23
31 32
31 29
31 2
31 0
31 20
31 40
31 42
31 41
31 45
22
32 25
32 13
32 19
32 17
32 12
32 49
32 23
32 26
32 33
32 37
32 5
32 47
32 14
32 44
32 8
32 34
32 43
32 11
32 18
32 21
32 1
32 6
16
33 49
33 18
33 45
33 31
33 13
33 21
33 0
33 11
33 22
33 37
33 12
33 46
33 16
33 43
33 3
33 47
19
34 26
34 16
34 49
34 20
34 2
34 21
34 38
34 23
34 39
34 11
34 45
34 18
34 42
34 33
34 36
34 15
34 5
34 31
34 14
19
35 40
35 5
35 19
35 26
35 16
35 39
35 27
35 3
35 15
35 43
35 46
35 37
35 49
35 41
35 13
35 8
35 36
35 14
35 32
22
36 45
36 24
36 49
36 16
36 10
36 25
36 31
36 40
36 29
36 4
36 13
36 14
36 44
36 41
36 17
36 26
36 9
36 32
36 23
36 33
36 21
36 28
21
37 4
37 16
37 24
37 47
37 27
37 38
37 21
37 8
37 11
37 19
37 1
37 45
37 12
37 29
37 22
37 25
37 6
37 40
37 2
37 26
37 9
22
38 18
38 17
38 29
38 32
38 35
38 2
38 14
38 42
38 11
38 20
38 5
38 41
38 24
38 8
38 0
38 47
38 28
38 43
38 21
38 12
38 44
38 39
23
39 23
39 37
39 18
39 36
39 24
39 19
39 40
39 11
39 42
39 5
39 13
39 17
39 26
39 32
39 12
39 25
39 3
39 27
39 0
39 45
39 31
39 28
39 1
12
40 30
40 18
40 2
40 34
40 23
40 14
40 42
40 24
40 32
40 13
40 38
40 10
17
41 39
41 37
41 13
41 42
41 40
41 15
41 18
41 2
41 34
41 16
41 22
41 46
41 33
41 14
41 19
41 10
41 32
17
42 44
42 43
42 9
42 32
42 48
42 2
42 20
42 10
42 36
42 25
42 24
42 15
42 37
42 26
42 6
42 45
42 27
18
43 13
43 24
43 5
43 48
43 15
43 41
43 27
43 17
43 1
43 31
43 44
43 25
43 2
43 19
43 34
43 26
43 37
43 23
17
44 6
44 22
44 5
44 27
44 31
44 1
44 39
44 9
44 49
44 28
44 18
44 24
44 2
44 8
44 33
44 40
44 25
20
45 10
45 27
45 49
45 7
45 38
45 29
45 32
45 48
45 24
45 47
45 43
45 14
45 3
45 17
45 16
45 6
45 46
45 23
45 9
45 22
21
46 30
46 43
46 20
46 19
46 36
46 37
46 4
46 3
46 1
46 28
46 9
46 44
46 11
46 32
46 42
46 49
46 8
46 21
46 16
46 34
46 39
18
47 29
47 17
47 1
47 10
47 16
47 7
47 26
47 9
47 12
47 40
47 11
47 8
47 35
47 36
47 23
47 43
47 5
47 20
27
48 38
48 34
48 7
48 29
48 41
48 11
48 44
48 27
48 0
48 17
48 8
48 21
48 39
48 22
48 5
48 35
48 49
48 23
48 1
48 15
48 12
48 10
48 13
48 46
48 28
48 36
48 3
19
49 41
49 26
49 7
49 31
49 43
49 23
49 47
49 2
49 38
49 42
49 30
49 37
49 19
49 39
49 40
49 16
49 21
49 9
49 4
