50
0 "A2"
1 "A39"
2 "A21"
3 "A13"
4 "A8"
5 "A5"
6 "A11"
7 "A40"
8 "A42"
9 "A31"
10 "A15"
11 "A0"
12 "A49"
13 "A33"
14 "A41"
15 "A16"
16 "A37"
17 "A6"
18 "A26"
19 "A4"
20 "A29"
21 "A18"
22 "A38"
23 "A7"
24 "A1"
25 "A14"
26 "A25"
27 "A22"
28 "A46"
29 "A47"
30 "A17"
31 "A23"
32 "A10"
33 "A19"
34 "A9"
35 "A28"
36 "A3"
37 "A12"
38 "A43"
39 "A20"
40 "A48"
41 "A35"
42 "A44"
43 "A27"
44 "A45"
45 "A30"
46 "A24"
47 "A34"
48 "A32"
49 "A36"
20
0 32
0 7
0 14
0 18
0 26
0 39
0 28
0 49
0 22
0 17
0 34
0 1
0 23
0 30
0 6
0 3
0 10
0 21
0 15
0 45
24
1 37
1 20
1 25
1 45
1 47
1 16
1 40
1 48
1 19
1 8
1 42
1 28
1 29
1 34
1 21
1 13
1 14
1 35
1 36
1 44
1 2
1 41
1 17
1 49
21
2 11
2 3
2 23
2 35
2 16
2 45
2 43
2 17
2 10
2 37
2 30
2 6
2 27
2 32
2 7
2 49
2 13
2 15
2 29
2 0
2 39
16
3 22
3 25
3 17
3 40
3 6
3 19
3 24
3 28
3 39
3 7
3 44
3 26
3 32
3 38
3 41
3 35
19
4 36
4 0
4 17
4 30
4 7
4 39
4 34
4 1
4 18
4 2
4 9
4 25
4 44
4 13
4 19
4 48
4 28
4 40
4 6
27
5 11
5 1
5 13
5 9
5 34
5 23
5 49
5 0
5 2
5 40
5 21
5 43
5 33
5 45
5 19
5 24
5 42
5 36
5 46
5 27
5 26
5 15
5 18
5 39
5 37
5 28
5 20
17
6 1
6 48
6 35
6 32
6 42
6 16
6 39
6 5
6 49
6 40
6 20
6 29
6 14
6 18
6 21
6 36
6 44
23
7 9
7 6
7 19
7 23
7 16
7 20
7 24
7 36
7 5
7 31
7 34
7 11
7 25
7 46
7 18
7 42
7 35
7 10
7 39
7 45
7 17
7 41
7 14
23
8 48
8 7
8 35
8 33
8 14
8 4
8 39
8 49
8 9
8 20
8 45
8 19
8 12
8 47
8 27
8 10
8 11
8 3
8 31
8 34
8 29
8 42
8 32
21
9 34
9 26
9 49
9 29
9 23
9 47
9 3
9 6
9 45
9 10
9 13
9 0
9 32
9 36
9 30
9 22
9 17
9 16
9 12
9 19
9 15
17
10 16
10 38
10 35
10 39
10 11
10 45
10 28
10 37
10 18
10 41
10 20
10 4
10 34
10 12
10 40
10 30
10 6
22
11 25
11 13
11 19
11 27
11 21
11 45
11 12
11 28
11 3
11 30
11 17
11 23
11 0
11 16
11 9
11 41
11 4
11 1
11 32
11 15
11 44
11 26
22
12 25
12 3
12 20
12 33
12 39
12 35
12 46
12 22
12 48
12 24
12 27
12 18
12 38
12 17
12 0
12 43
12 6
12 15
12 21
12 4
12 31
12 23
23
13 43
13 3
13 20
13 7
13 26
13 8
13 36
13 33
13 15
13 32
13 46
13 44
13 14
13 37
13 23
13 10
13 30
13 35
13 28
13 0
13 49
13 45
13 12
20
14 23
14 36
14 11
14 28
14 39
14 33
14 4
14 34
14 12
14 35
14 5
14 30
14 3
14 18
14 46
14 21
14 19
14 26
14 43
14 47
17
15 19
15 20
15 1
15 25
15 39
15 4
15 16
15 40
15 6
15 49
15 23
15 48
15 38
15 14
15 35
15 33
15 7
20
16 5
16 24
16 40
16 8
16 4
16 3
16 41
16 0
16 20
16 22
16 32
16 48
16 45
16 47
16 14
16 42
16 46
16 23
16 34
16 13
21
17 34
17 30
17 10
17 14
17 6
17 13
17 32
17 45
17 23
17 5
17 25
17 16
17 37
17 36
17 19
17 15
17 33
17 39
17 47
17 41
17 28
22
18 20
18 28
18 2
18 23
18 16
18 9
18 43
18 46
18 38
18 30
18 39
18 11
18 35
18 26
18 41
18 33
18 19
18 13
18 32
18 27
18 8
18 1
17
19 12
19 23
19 38
19 26
19 44
19 2
19 33
19 29
19 10
19 16
19 39
19 48
19 32
19 21
19 22
19 35
19 40
17
20 4
20 25
20 44
20 21
20 27
20 3
20 19
20 42
20 9
20 11
20 14
20 29
20 43
20 0
20 35
20 2
20 39
24
21 45
21 9
21 2
21 33
21 39
21 4
21 36
21 3
21 35
21 27
21 48
21 38
21 40
21 17
21 31
21 37
21 24
21 30
21 7
21 16
21 41
21 10
21 42
21 29
24
22 47
22 28
22 6
22 38
22 32
22 31
22 39
22 34
22 5
22 30
22 15
22 4
22 18
22 1
22 20
22 10
22 29
22 14
22 2
22 7
22 17
22 35
22 26
22 44
15
23 39
23 6
23 42
23 26
23 21
23 34
23 27
23 1
23 10
23 44
23 3
23 22
23 46
23 37
23 4
21
24 20
24 18
24 46
24 4
24 15
24 17
24 34
24 45
24 26
24 30
24 40
24 19
24 1
24 6
24 22
24 9
24 10
24 11
24 39
24 29
24 44
21
25 0
25 41
25 5
25 22
25 13
25 47
25 21
25 18
25 6
25 23
25 39
25 32
25 37
25 9
25 34
25 45
25 16
25 8
25 29
25 49
25 2
17
26 12
26 49
26 20
26 38
26 30
26 6
26 10
26 45
26 44
26 46
26 35
26 48
26 47
26 37
26 1
26 32
26 31
18
27 41
27 7
27 3
27 10
27 15
27 35
27 24
27 49
27 44
27 26
27 6
27 31
27 47
27 1
27 19
27 9
27 25
27 17
17
28 26
28 16
28 2
28 9
28 45
28 27
28 36
28 6
28 12
28 46
28 32
28 33
28 19
28 31
28 8
28 43
28 21
19
29 49
29 40
29 10
29 44
29 17
29 3
29 15
29 13
29 7
29 36
29 5
29 43
29 16
29 35
29 0
29 18
29 46
29 28
29 4
18
30 34
30 8
30 7
30 12
30 39
30 29
30 25
30 45
30 28
30 19
30 38
30 15
30 48
30 35
30 23
30 20
30 31
30 37
23
31 3
31 16
31 32
31 13
31 1
31 14
31 40
31 4
31 36
31 49
31 9
31 35
31 34
31 33
31 11
31 20
31 45
31 6
31 10
31 24
31 19
31 15
31 5
22
32 38
32 12
32 24
32 37
32 42
32 20
32 33
32 27
32 4
32 7
32 44
32 23
32 30
32 36
32 46
32 35
32 1
32 15
32 41
32 29
32 10
32 40
21
33 43
33 9
33 24
33 4
33 30
33 27
33 7
33 39
33 46
33 40
33 35
33 1
33 41
33 29
33 26
33 20
33 36
33 6
33 2
33 48
33 23
16
34 29
34 33
34 20
34 6
34 2
34 32
34 49
34 28
34 40
34 45
34 44
34 43
34 47
34 13
34 26
34 11
15
35 9
35 48
35 36
35 0
35 34
35 23
35 45
35 42
35 41
35 5
35 24
35 44
35 16
35 25
35 46
16
36 46
36 18
36 39
36 22
36 11
36 10
36 0
36 16
36 34
36 3
36 48
36 8
36 27
36 23
36 44
36 30
15
37 28
37 31
37 3
37 0
37 9
37 33
37 6
37 7
37 20
37 16
37 29
37 24
37 41
37 49
37 8
25
38 33
38 2
38 45
38 13
38 14
38 0
38 20
38 47
38 8
38 29
38 7
38 9
38 48
38 28
38 41
38 42
38 6
38 25
38 17
38 16
38 35
38 27
38 23
38 11
38 37
12
39 47
39 37
39 26
39 49
39 27
39 31
39 32
39 16
39 11
39 35
39 28
39 34
20
40 38
40 18
40 30
40 42
40 35
40 49
40 23
40 8
40 25
40 17
40 7
40 27
40 9
40 36
40 0
40 12
40 11
40 45
40 13
40 46
17
41 19
41 4
41 36
41 45
41 46
41 23
41 39
41 2
41 28
41 24
41 6
41 8
41 12
41 40
41 34
41 22
41 15
23
42 45
42 25
42 19
42 48
42 49
42 44
42 27
42 41
42 37
42 24
42 17
42 28
42 15
42 46
42 30
42 22
42 4
42 39
42 13
42 3
42 29
42 26
42 18
27
43 37
43 44
43 15
43 23
43 8
43 45
43 24
43 17
43 40
43 25
43 41
43 19
43 6
43 4
43 16
43 38
43 21
43 7
43 35
43 26
43 11
43 39
43 27
43 31
43 22
43 42
43 36
19
44 16
44 46
44 7
44 45
44 18
44 14
44 10
44 25
44 33
44 28
44 17
44 2
44 15
44 31
44 40
44 8
44 5
44 30
44 41
14
45 4
45 6
45 29
45 46
45 3
45 20
45 39
45 18
45 22
45 23
45 12
45 32
45 48
45 47
20
46 8
46 9
46 0
46 19
46 43
46 4
46 10
46 6
46 37
46 34
46 30
46 47
46 48
46 2
46 27
46 39
46 3
46 15
46 31
46 1
16
47 3
47 29
47 23
47 32
47 42
47 30
47 31
47 35
47 10
47 21
47 49
47 36
47 19
47 28
47 18
47 40
21
48 24
48 41
48 7
48 11
48 18
48 27
48 39
48 49
48 3
48 20
48 31
48 34
48 37
48 5
48 2
48 10
48 43
48 22
48 32
48 0
48 25
15
49 43
49 20
49 19
49 17
49 21
49 12
49 28
49 22
49 41
49 32
49 3
49 11
49 30
49 35
49 36
