50
0 "A42"
1 "A15"
2 "A22"
3 "A21"
4 "A7"
5 "A6"
6 "A5"
7 "A46"
8 "A32"
9 "A40"
10 "A29"
11 "A18"
12 "A0"
13 "A37"
14 "A10"
15 "A28"
16 "A47"
17 "A39"
18 "A34"
19 "A49"
20 "A19"
21 "A44"
22 "A1"
23 "A11"
24 "A13"
25 "A36"
26 "A43"
27 "A23"
28 "A27"
29 "A17"
30 "A4"
31 "A2"
32 "A48"
33 "A38"
34 "A30"
35 "A14"
36 "A9"
37 "A26"
38 "A41"
39 "A35"
40 "A33"
41 "A12"
42 "A25"
43 "A3"
44 "A8"
45 "A45"
46 "A31"
47 "A16"
48 "A20"
49 "A24"
16
0 26
0 12
0 47
0 2
0 19
0 36
0 7
0 42
0 21
0 29
0 33
0 49
0 25
0 40
0 4
0 24
22
1 23
1 24
1 43
1 37
1 2
1 16
1 20
1 35
1 27
1 0
1 10
1 47
1 36
1 14
1 48
1 46
1 49
1 8
1 26
1 34
1 40
1 25
21
2 18
2 7
2 42
2 14
2 12
2 4
2 17
2 37
2 28
2 29
2 38
2 47
2 43
2 11
2 32
2 30
2 15
2 26
2 33
2 22
2 45
22
3 49
3 34
3 2
3 43
3 19
3 33
3 45
3 38
3 17
3 18
3 29
3 48
3 25
3 13
3 10
3 30
3 16
3 44
3 20
3 42
3 24
3 32
16
4 6
4 29
4 3
4 48
4 17
4 8
4 32
4 22
4 7
4 31
4 24
4 35
4 33
4 21
4 9
4 10
18
5 7
5 25
5 13
5 46
5 15
5 24
5 16
5 0
5 29
5 3
5 2
5 49
5 4
5 31
5 35
5 41
5 39
5 36
24
6 37
6 33
6 28
6 13
6 1
6 38
6 32
6 44
6 10
6 0
6 45
6 9
6 2
6 49
6 17
6 5
6 47
6 16
6 31
6 35
6 11
6 36
6 8
6 25
21
7 24
7 49
7 10
7 17
7 47
7 1
7 31
7 3
7 43
7 22
7 28
7 36
7 6
7 48
7 46
7 12
7 33
7 18
7 41
7 27
7 20
23
8 21
8 10
8 5
8 19
8 7
8 35
8 25
8 13
8 16
8 29
8 42
8 30
8 26
8 0
8 47
8 40
8 20
8 33
8 46
8 49
8 36
8 31
8 38
23
9 35
9 49
9 5
9 33
9 29
9 7
9 36
9 3
9 2
9 31
9 19
9 13
9 26
9 16
9 1
9 42
9 44
9 8
9 38
9 0
9 18
9 28
9 45
15
10 28
10 41
10 14
10 23
10 25
10 5
10 49
10 26
10 34
10 24
10 9
10 13
10 0
10 19
10 22
18
11 22
11 26
11 37
11 14
11 38
11 32
11 1
11 42
11 41
11 17
11 5
11 9
11 0
11 20
11 10
11 8
11 30
11 3
17
12 21
12 47
12 43
12 5
12 25
12 38
12 16
12 34
12 14
12 49
12 27
12 30
12 3
12 22
12 11
12 29
12 9
18
13 15
13 21
13 34
13 30
13 44
13 42
13 49
13 2
13 31
13 25
13 48
13 32
13 47
13 7
13 11
13 33
13 24
13 4
29
14 9
14 7
14 38
14 35
14 17
14 22
14 5
14 8
14 41
14 18
14 47
14 20
14 31
14 3
14 28
14 13
14 40
14 33
14 44
14 34
14 39
14 48
14 23
14 30
14 42
14 15
14 26
14 4
14 29
21
15 43
15 25
15 46
15 36
15 21
15 22
15 41
15 26
15 38
15 3
15 47
15 11
15 9
15 29
15 40
15 8
15 49
15 20
15 16
15 17
15 12
20
16 27
16 32
16 49
16 30
16 18
16 7
16 0
16 10
16 4
16 48
16 39
16 11
16 21
16 22
16 19
16 43
16 33
16 29
16 36
16 13
19
17 5
17 32
17 37
17 38
17 27
17 8
17 21
17 41
17 48
17 23
17 49
17 10
17 39
17 9
17 13
17 20
17 25
17 35
17 44
16
18 10
18 29
18 39
18 6
18 0
18 36
18 46
18 34
18 8
18 13
18 4
18 48
18 21
18 32
18 27
18 37
21
19 43
19 13
19 18
19 7
19 4
19 48
19 12
19 22
19 1
19 30
19 15
19 11
19 34
19 40
19 23
19 29
19 33
19 27
19 28
19 5
19 41
18
20 33
20 0
20 36
20 42
20 47
20 38
20 46
20 18
20 43
20 22
20 35
20 27
20 19
20 13
20 45
20 4
20 21
20 12
19
21 7
21 48
21 5
21 2
21 42
21 6
21 9
21 34
21 30
21 45
21 23
21 32
21 38
21 40
21 3
21 22
21 28
21 10
21 25
18
22 17
22 47
22 1
22 18
22 33
22 0
22 41
22 3
22 46
22 8
22 29
22 45
22 26
22 24
22 48
22 35
22 9
22 6
23
23 44
23 25
23 37
23 24
23 6
23 18
23 22
23 40
23 7
23 38
23 49
23 29
23 36
23 46
23 16
23 31
23 28
23 35
23 13
23 30
23 2
23 12
23 0
21
24 47
24 14
24 34
24 19
24 15
24 41
24 46
24 26
24 20
24 30
24 21
24 8
24 31
24 28
24 18
24 44
24 12
24 9
24 25
24 11
24 6
23
25 14
25 43
25 33
25 48
25 32
25 9
25 29
25 36
25 45
25 26
25 2
25 4
25 34
25 18
25 27
25 16
25 30
25 42
25 47
25 46
25 38
25 20
25 31
18
26 37
26 23
26 5
26 41
26 46
26 32
26 40
26 7
26 6
26 29
26 49
26 43
26 17
26 20
26 21
26 3
26 39
26 33
21
27 41
27 47
27 5
27 23
27 30
27 14
27 15
27 48
27 26
27 49
27 10
27 24
27 4
27 32
27 36
27 22
27 21
27 37
27 33
27 0
27 6
25
28 47
28 5
28 12
28 4
28 38
28 18
28 43
28 48
28 20
28 27
28 33
28 8
28 13
28 11
28 40
28 41
28 0
28 30
28 29
28 34
28 15
28 17
28 26
28 16
28 32
14
29 6
29 7
29 24
29 13
29 37
29 46
29 21
29 42
29 33
29 20
29 30
29 10
29 31
29 43
19
30 26
30 9
30 42
30 35
30 41
30 38
30 40
30 18
30 7
30 34
30 1
30 33
30 20
30 43
30 36
30 31
30 22
30 15
30 0
14
31 12
31 0
31 1
31 18
31 19
31 49
31 10
31 3
31 45
31 27
31 46
31 16
31 44
31 43
17
32 49
32 42
32 10
32 5
32 37
32 0
32 36
32 39
32 7
32 20
32 22
32 19
32 23
32 24
32 31
32 1
32 29
13
33 37
33 23
33 45
33 12
33 48
33 31
33 49
33 40
33 11
33 18
33 42
33 24
33 46
23
34 20
34 11
34 15
34 33
34 26
34 35
34 29
34 4
34 8
34 22
34 48
34 23
34 0
34 49
34 36
34 7
34 27
34 32
34 45
34 2
34 17
34 43
34 16
19
35 19
35 37
35 15
35 27
35 7
35 28
35 0
35 3
35 32
35 2
35 42
35 24
35 46
35 41
35 47
35 11
35 36
35 29
35 33
14
36 12
36 22
36 31
36 46
36 39
36 26
36 21
36 28
36 17
36 3
36 33
36 24
36 10
36 4
22
37 45
37 3
37 5
37 34
37 21
37 22
37 0
37 13
37 9
37 16
37 30
37 15
37 46
37 44
37 31
37 38
37 28
37 20
37 49
37 19
37 12
37 4
19
38 47
38 24
38 36
38 27
38 7
38 4
38 48
38 1
38 45
38 18
38 19
38 35
38 10
38 44
38 5
38 33
38 42
38 41
38 34
27
39 29
39 27
39 44
39 0
39 3
39 22
39 25
39 12
39 23
39 47
39 33
39 21
39 35
39 8
39 20
39 38
39 13
39 37
39 10
39 1
39 30
39 11
39 24
39 40
39 49
39 7
39 2
21
40 42
40 13
40 3
40 10
40 2
40 9
40 32
40 7
40 16
40 36
40 43
40 27
40 18
40 5
40 6
40 11
40 47
40 20
40 31
40 25
40 22
18
41 34
41 49
41 20
41 40
41 9
41 6
41 47
41 2
41 42
41 4
41 21
41 1
41 18
41 16
41 3
41 33
41 29
41 36
18
42 16
42 37
42 10
42 22
42 26
42 4
42 24
42 46
42 44
42 39
42 36
42 6
42 18
42 23
42 31
42 43
42 48
42 5
19
43 9
43 32
43 18
43 33
43 6
43 37
43 17
43 41
43 11
43 14
43 39
43 8
43 13
43 38
43 21
43 0
43 22
43 45
43 4
20
44 2
44 25
44 10
44 35
44 4
44 15
44 30
44 34
44 33
44 41
44 49
44 16
44 1
44 40
44 7
44 26
44 19
44 21
44 28
44 5
27
45 32
45 40
45 29
45 17
45 30
45 28
45 44
45 48
45 11
45 1
45 27
45 8
45 39
45 7
45 18
45 36
45 19
45 14
45 46
45 24
45 35
45 4
45 12
45 23
45 47
45 5
45 16
20
46 11
46 49
46 40
46 12
46 32
46 48
46 9
46 39
46 19
46 14
46 3
46 16
46 13
46 0
46 38
46 41
46 43
46 21
46 6
46 34
16
47 23
47 36
47 33
47 43
47 34
47 19
47 17
47 11
47 5
47 21
47 37
47 16
47 29
47 9
47 3
47 4
18
48 20
48 47
48 32
48 6
48 12
48 49
48 10
48 9
48 8
48 39
48 30
48 5
48 0
48 23
48 35
48 44
48 37
48 26
16
49 20
49 36
49 25
49 40
49 42
49 29
49 19
49 2
49 22
49 14
49 38
49 47
49 45
49 28
49 30
49 4
