50
0 "A42"
1 "A15"
2 "A22"
3 "A21"
4 "A7"
5 "A6"
6 "A5"
7 "A46"
8 "A32"
9 "A40"
10 "A29"
11 "A18"
12 "A0"
13 "A37"
14 "A10"
15 "A28"
16 "A47"
17 "A39"
18 "A34"
19 "A49"
20 "A19"
21 "A44"
22 "A1"
23 "A11"
24 "A13"
25 "A36"
26 "A43"
27 "A23"
28 "A27"
29 "A17"
30 "A4"
31 "A2"
32 "A48"
33 "A38"
34 "A30"
35 "A14"
36 "A9"
37 "A26"
38 "A41"
39 "A35"
40 "A33"
41 "A12"
42 "A25"
43 "A3"
44 "A8"
45 "A45"
46 "A31"
47 "A16"
48 "A20"
49 "A24"
24
0 45
0 44
0 10
0 35
0 5
0 15
0 9
0 38
0 17
0 1
0 3
0 4
0 28
0 20
0 19
0 21
0 42
0 32
0 48
0 8
0 22
0 37
0 46
0 12
18
1 28
1 40
1 3
1 32
1 42
1 41
1 29
1 37
1 16
1 20
1 22
1 14
1 23
1 7
1 45
1 49
1 31
1 39
22
2 8
2 10
2 35
2 41
2 39
2 17
2 22
2 47
2 34
2 38
2 23
2 7
2 36
2 46
2 20
2 11
2 33
2 0
2 31
2 9
2 16
2 48
13
3 48
3 40
3 20
3 25
3 24
3 47
3 37
3 31
3 17
3 43
3 14
3 39
3 33
20
4 26
4 14
4 42
4 23
4 45
4 33
4 44
4 7
4 10
4 1
4 34
4 25
4 40
4 39
4 27
4 28
4 41
4 31
4 6
4 11
22
5 48
5 46
5 30
5 39
5 2
5 37
5 6
5 32
5 14
5 17
5 9
5 20
5 18
5 10
5 4
5 3
5 49
5 1
5 21
5 22
5 12
5 26
12
6 32
6 27
6 29
6 10
6 0
6 48
6 3
6 23
6 11
6 18
6 39
6 8
17
7 23
7 47
7 26
7 13
7 18
7 0
7 11
7 38
7 48
7 39
7 45
7 37
7 28
7 6
7 49
7 36
7 5
19
8 7
8 35
8 11
8 1
8 26
8 24
8 40
8 3
8 37
8 27
8 4
8 36
8 48
8 5
8 28
8 49
8 30
8 38
8 46
21
9 22
9 36
9 34
9 20
9 31
9 43
9 45
9 47
9 29
9 48
9 30
9 39
9 42
9 27
9 4
9 46
9 6
9 15
9 25
9 35
9 33
29
10 16
10 33
10 45
10 30
10 12
10 42
10 11
10 38
10 25
10 9
10 48
10 41
10 26
10 46
10 39
10 29
10 31
10 24
10 22
10 35
10 23
10 49
10 21
10 40
10 8
10 3
10 28
10 43
10 14
18
11 25
11 3
11 36
11 38
11 0
11 39
11 14
11 47
11 28
11 21
11 22
11 23
11 5
11 45
11 9
11 34
11 18
11 43
20
12 28
12 39
12 35
12 46
12 38
12 26
12 3
12 7
12 17
12 34
12 6
12 14
12 20
12 2
12 44
12 15
12 30
12 27
12 19
12 24
18
13 9
13 11
13 2
13 4
13 45
13 26
13 39
13 21
13 18
13 1
13 40
13 6
13 3
13 12
13 44
13 49
13 28
13 16
15
14 16
14 18
14 21
14 41
14 33
14 13
14 25
14 28
14 17
14 0
14 24
14 6
14 19
14 8
14 32
16
15 34
15 38
15 18
15 8
15 11
15 40
15 3
15 2
15 6
15 20
15 1
15 35
15 24
15 19
15 13
15 42
19
16 12
16 19
16 26
16 9
16 38
16 45
16 40
16 8
16 0
16 27
16 33
16 44
16 47
16 6
16 22
16 4
16 15
16 41
16 18
25
17 40
17 35
17 39
17 43
17 15
17 7
17 16
17 1
17 22
17 11
17 28
17 33
17 21
17 32
17 45
17 24
17 42
17 34
17 4
17 23
17 31
17 8
17 30
17 26
17 6
19
18 9
18 31
18 45
18 35
18 26
18 25
18 40
18 3
18 27
18 41
18 23
18 42
18 8
18 0
18 10
18 17
18 49
18 43
18 4
20
19 42
19 2
19 17
19 10
19 28
19 6
19 4
19 13
19 44
19 36
19 7
19 8
19 23
19 46
19 1
19 35
19 24
19 32
19 30
19 3
20
20 45
20 41
20 44
20 17
20 27
20 43
20 48
20 7
20 26
20 11
20 18
20 47
20 8
20 10
20 40
20 39
20 4
20 6
20 33
20 36
18
21 9
21 28
21 48
21 1
21 37
21 18
21 7
21 39
21 46
21 25
21 36
21 35
21 2
21 3
21 27
21 16
21 41
21 4
20
22 6
22 29
22 4
22 33
22 8
22 15
22 20
22 3
22 19
22 34
22 31
22 37
22 44
22 7
22 49
22 28
22 26
22 39
22 36
22 43
23
23 8
23 27
23 33
23 32
23 25
23 48
23 13
23 29
23 16
23 5
23 39
23 21
23 46
23 30
23 36
23 9
23 31
23 14
23 45
23 26
23 35
23 12
23 3
25
24 4
24 42
24 6
24 38
24 11
24 30
24 13
24 29
24 48
24 28
24 9
24 20
24 45
24 1
24 16
24 18
24 23
24 5
24 49
24 22
24 32
24 46
24 33
24 39
24 47
18
25 24
25 44
25 47
25 38
25 0
25 2
25 8
25 45
25 20
25 17
25 13
25 6
25 7
25 19
25 5
25 1
25 22
25 33
14
26 38
26 14
26 37
26 21
26 25
26 47
26 40
26 2
26 3
26 31
26 27
26 43
26 32
26 28
24
27 17
27 2
27 19
27 47
27 24
27 33
27 29
27 28
27 14
27 39
27 30
27 7
27 11
27 1
27 15
27 3
27 42
27 49
27 43
27 25
27 5
27 41
27 0
27 34
17
28 2
28 5
28 15
28 39
28 20
28 3
28 37
28 44
28 16
28 47
28 35
28 18
28 36
28 48
28 34
28 23
28 40
25
29 45
29 38
29 8
29 35
29 28
29 37
29 20
29 0
29 40
29 15
29 3
29 49
29 12
29 36
29 26
29 16
29 33
29 42
29 21
29 19
29 41
29 48
29 14
29 25
29 30
20
30 2
30 20
30 14
30 44
30 3
30 4
30 32
30 7
30 46
30 26
30 1
30 49
30 0
30 31
30 21
30 47
30 25
30 11
30 33
30 18
17
31 15
31 29
31 36
31 6
31 20
31 14
31 24
31 13
31 25
31 7
31 19
31 12
31 21
31 42
31 44
31 28
31 48
22
32 37
32 8
32 38
32 45
32 21
32 43
32 36
32 15
32 28
32 39
32 16
32 47
32 9
32 29
32 35
32 25
32 20
32 10
32 2
32 13
32 7
32 11
15
33 0
33 31
33 46
33 12
33 5
33 18
33 26
33 15
33 7
33 1
33 13
33 6
33 42
33 28
33 8
26
34 38
34 24
34 16
34 47
34 42
34 25
34 23
34 46
34 10
34 1
34 14
34 3
34 36
34 35
34 7
34 44
34 26
34 0
34 19
34 32
34 29
34 13
34 48
34 6
34 18
34 45
13
35 27
35 5
35 42
35 4
35 33
35 16
35 20
35 6
35 11
35 3
35 38
35 22
35 31
17
36 26
36 4
36 17
36 0
36 48
36 14
36 10
36 30
36 13
36 6
36 35
36 3
36 15
36 33
36 1
36 42
36 5
24
37 17
37 2
37 27
37 30
37 6
37 20
37 34
37 18
37 13
37 25
37 40
37 33
37 12
37 19
37 48
37 36
37 24
37 43
37 11
37 39
37 47
37 15
37 35
37 41
17
38 42
38 19
38 5
38 45
38 3
38 22
38 9
38 27
38 48
38 21
38 4
38 36
38 23
38 17
38 30
38 28
38 18
10
39 31
39 48
39 15
39 14
39 42
39 18
39 35
39 26
39 8
39 45
24
40 32
40 12
40 14
40 22
40 49
40 30
40 33
40 7
40 9
40 43
40 27
40 48
40 5
40 19
40 23
40 11
40 6
40 2
40 0
40 25
40 39
40 36
40 34
40 21
24
41 32
41 36
41 12
41 7
41 40
41 23
41 47
41 33
41 46
41 11
41 44
41 0
41 15
41 24
41 6
41 34
41 9
41 35
41 17
41 28
41 38
41 39
41 30
41 26
21
42 37
42 40
42 20
42 46
42 2
42 14
42 30
42 7
42 28
42 26
42 13
42 23
42 25
42 11
42 12
42 16
42 22
42 41
42 8
42 21
42 32
23
43 7
43 24
43 21
43 30
43 19
43 45
43 36
43 47
43 28
43 13
43 14
43 1
43 23
43 4
43 34
43 0
43 6
43 31
43 5
43 39
43 48
43 41
43 33
26
44 18
44 17
44 1
44 23
44 38
44 8
44 24
44 49
44 15
44 26
44 42
44 9
44 10
44 6
44 29
44 46
44 14
44 7
44 5
44 35
44 39
44 40
44 43
44 32
44 48
44 27
18
45 5
45 40
45 26
45 6
45 41
45 21
45 14
45 2
45 28
45 12
45 8
45 31
45 48
45 19
45 35
45 22
45 27
45 15
21
46 1
46 22
46 25
46 26
46 32
46 45
46 11
46 38
46 15
46 17
46 43
46 16
46 35
46 6
46 14
46 49
46 47
46 27
46 48
46 13
46 3
16
47 0
47 42
47 21
47 38
47 8
47 12
47 48
47 44
47 29
47 15
47 36
47 22
47 10
47 18
47 5
47 40
14
48 11
48 18
48 42
48 1
48 26
48 32
48 25
48 13
48 14
48 16
48 30
48 22
48 12
48 17
21
49 0
49 25
49 23
49 32
49 37
49 45
49 34
49 31
49 35
49 26
49 6
49 43
49 33
49 17
49 2
49 16
49 36
49 12
49 9
49 4
49 14
