50
0 "A42"
1 "A15"
2 "A22"
3 "A21"
4 "A7"
5 "A6"
6 "A5"
7 "A46"
8 "A32"
9 "A40"
10 "A29"
11 "A18"
12 "A0"
13 "A37"
14 "A10"
15 "A28"
16 "A47"
17 "A39"
18 "A34"
19 "A49"
20 "A19"
21 "A44"
22 "A1"
23 "A11"
24 "A13"
25 "A36"
26 "A43"
27 "A23"
28 "A27"
29 "A17"
30 "A4"
31 "A2"
32 "A48"
33 "A38"
34 "A30"
35 "A14"
36 "A9"
37 "A26"
38 "A41"
39 "A35"
40 "A33"
41 "A12"
42 "A25"
43 "A3"
44 "A8"
45 "A45"
46 "A31"
47 "A16"
48 "A20"
49 "A24"
18
0 28
0 3
0 35
0 16
0 26
0 15
0 19
0 4
0 6
0 24
0 25
0 37
0 44
0 42
0 39
0 33
0 12
0 27
22
1 33
1 22
1 8
1 31
1 43
1 28
1 3
1 32
1 7
1 41
1 26
1 27
1 37
1 21
1 18
1 14
1 39
1 40
1 4
1 29
1 0
1 23
18
2 0
2 34
2 4
2 20
2 14
2 42
2 18
2 9
2 36
2 3
2 8
2 47
2 40
2 44
2 29
2 11
2 38
2 46
15
3 39
3 14
3 34
3 25
3 40
3 36
3 7
3 15
3 42
3 47
3 6
3 32
3 17
3 21
3 49
20
4 35
4 40
4 6
4 29
4 47
4 49
4 11
4 34
4 17
4 10
4 32
4 26
4 24
4 18
4 3
4 7
4 23
4 16
4 31
4 19
26
5 14
5 11
5 3
5 1
5 37
5 29
5 22
5 45
5 24
5 43
5 15
5 48
5 27
5 32
5 8
5 26
5 16
5 21
5 12
5 4
5 49
5 39
5 46
5 2
5 20
5 34
19
6 42
6 28
6 33
6 18
6 40
6 1
6 10
6 27
6 12
6 2
6 9
6 5
6 43
6 29
6 7
6 45
6 8
6 15
6 23
18
7 48
7 25
7 35
7 8
7 38
7 5
7 45
7 2
7 29
7 23
7 31
7 11
7 10
7 16
7 37
7 0
7 40
7 13
18
8 24
8 37
8 0
8 27
8 26
8 48
8 14
8 36
8 40
8 49
8 47
8 17
8 38
8 41
8 34
8 10
8 4
8 21
22
9 27
9 18
9 19
9 42
9 46
9 15
9 3
9 23
9 11
9 36
9 37
9 17
9 45
9 4
9 0
9 31
9 5
9 41
9 39
9 26
9 25
9 29
19
10 31
10 46
10 21
10 22
10 41
10 17
10 0
10 30
10 3
10 49
10 42
10 32
10 12
10 23
10 38
10 45
10 5
10 26
10 11
11
11 47
11 6
11 45
11 1
11 36
11 3
11 38
11 22
11 25
11 0
11 40
20
12 11
12 14
12 48
12 20
12 7
12 26
12 15
12 33
12 30
12 8
12 49
12 1
12 13
12 40
12 9
12 44
12 36
12 35
12 19
12 4
21
13 37
13 47
13 32
13 1
13 34
13 26
13 21
13 41
13 36
13 20
13 4
13 46
13 2
13 9
13 40
13 22
13 44
13 6
13 3
13 35
13 39
22
14 41
14 13
14 21
14 28
14 46
14 6
14 27
14 45
14 24
14 40
14 16
14 26
14 20
14 49
14 10
14 47
14 38
14 39
14 11
14 9
14 32
14 15
20
15 2
15 49
15 1
15 35
15 39
15 7
15 20
15 16
15 42
15 37
15 28
15 10
15 21
15 24
15 17
15 38
15 18
15 13
15 11
15 40
17
16 37
16 25
16 45
16 22
16 46
16 47
16 42
16 36
16 35
16 13
16 12
16 34
16 32
16 44
16 26
16 33
16 24
22
17 37
17 11
17 1
17 6
17 39
17 46
17 16
17 32
17 13
17 28
17 42
17 7
17 34
17 12
17 31
17 21
17 47
17 33
17 20
17 29
17 24
17 2
20
18 3
18 37
18 19
18 43
18 17
18 27
18 30
18 13
18 22
18 49
18 35
18 8
18 7
18 48
18 29
18 25
18 41
18 14
18 23
18 44
16
19 17
19 6
19 28
19 15
19 30
19 13
19 21
19 23
19 5
19 25
19 40
19 39
19 16
19 2
19 22
19 11
24
20 38
20 8
20 37
20 34
20 32
20 26
20 1
20 48
20 9
20 24
20 45
20 43
20 10
20 35
20 30
20 27
20 46
20 19
20 49
20 6
20 18
20 7
20 44
20 33
20
21 22
21 28
21 25
21 6
21 7
21 34
21 35
21 12
21 37
21 39
21 41
21 46
21 9
21 48
21 16
21 40
21 32
21 20
21 24
21 18
25
22 39
22 48
22 24
22 14
22 42
22 3
22 8
22 15
22 32
22 40
22 4
22 28
22 36
22 17
22 34
22 29
22 31
22 12
22 26
22 44
22 30
22 38
22 23
22 49
22 2
23
23 37
23 8
23 12
23 3
23 16
23 13
23 30
23 21
23 34
23 44
23 33
23 43
23 39
23 14
23 11
23 31
23 36
23 20
23 15
23 45
23 32
23 17
23 5
19
24 39
24 18
24 9
24 7
24 2
24 25
24 45
24 38
24 42
24 48
24 30
24 1
24 40
24 36
24 43
24 6
24 13
24 32
24 12
21
25 8
25 47
25 33
25 20
25 2
25 29
25 34
25 44
25 27
25 40
25 13
25 22
25 14
25 31
25 10
25 17
25 6
25 15
25 43
25 1
25 12
18
26 33
26 15
26 21
26 44
26 3
26 6
26 2
26 23
26 25
26 49
26 24
26 17
26 28
26 40
26 19
26 7
26 31
26 32
18
27 7
27 28
27 23
27 13
27 17
27 30
27 31
27 34
27 19
27 47
27 10
27 2
27 32
27 22
27 15
27 44
27 3
27 35
24
28 16
28 39
28 5
28 13
28 3
28 29
28 45
28 11
28 43
28 37
28 44
28 23
28 7
28 20
28 49
28 12
28 33
28 38
28 48
28 40
28 35
28 24
28 9
28 4
18
29 10
29 11
29 16
29 31
29 26
29 21
29 3
29 0
29 27
29 30
29 36
29 20
29 40
29 19
29 15
29 33
29 34
29 23
18
30 7
30 35
30 38
30 32
30 34
30 5
30 8
30 17
30 13
30 21
30 2
30 43
30 11
30 47
30 3
30 25
30 4
30 26
19
31 13
31 8
31 28
31 14
31 0
31 3
31 6
31 18
31 5
31 40
31 37
31 24
31 19
31 11
31 15
31 21
31 2
31 20
31 43
18
32 41
32 18
32 33
32 12
32 7
32 29
32 37
32 28
32 31
32 15
32 9
32 38
32 2
32 0
32 47
32 45
32 36
32 19
21
33 9
33 46
33 13
33 8
33 27
33 15
33 19
33 4
33 47
33 11
33 3
33 40
33 45
33 2
33 42
33 10
33 5
33 30
33 43
33 44
33 31
21
34 45
34 35
34 40
34 32
34 15
34 10
34 0
34 33
34 11
34 38
34 18
34 42
34 12
34 9
34 7
34 48
34 44
34 31
34 14
34 19
34 1
22
35 33
35 23
35 11
35 6
35 45
35 48
35 25
35 3
35 2
35 10
35 8
35 37
35 29
35 42
35 1
35 39
35 24
35 36
35 26
35 32
35 5
35 22
17
36 15
36 0
36 30
36 6
36 41
36 38
36 1
36 4
36 5
36 40
36 17
36 18
36 48
36 39
36 33
36 25
36 20
19
37 30
37 27
37 26
37 40
37 11
37 10
37 25
37 36
37 24
37 6
37 12
37 48
37 22
37 39
37 14
37 44
37 33
37 41
37 34
20
38 19
38 4
38 26
38 35
38 25
38 13
38 33
38 21
38 27
38 37
38 6
38 0
38 5
38 18
38 9
38 16
38 31
38 17
38 45
38 23
20
39 45
39 25
39 7
39 18
39 44
39 16
39 43
39 26
39 29
39 20
39 33
39 32
39 4
39 34
39 12
39 30
39 8
39 10
39 27
39 31
13
40 0
40 17
40 48
40 16
40 32
40 30
40 39
40 27
40 5
40 20
40 35
40 38
40 46
21
41 17
41 15
41 3
41 24
41 46
41 28
41 5
41 2
41 39
41 19
41 7
41 4
41 31
41 26
41 0
41 25
41 22
41 34
41 20
41 23
41 6
23
42 46
42 11
42 23
42 27
42 4
42 20
42 14
42 5
42 45
42 30
42 18
42 32
42 48
42 44
42 13
42 41
42 29
42 12
42 39
42 31
42 43
42 19
42 7
19
43 21
43 14
43 40
43 15
43 8
43 48
43 44
43 22
43 16
43 45
43 4
43 3
43 37
43 10
43 0
43 26
43 9
43 36
43 35
22
44 41
44 32
44 15
44 46
44 40
44 14
44 6
44 35
44 10
44 29
44 3
44 7
44 8
44 17
44 21
44 4
44 11
44 47
44 48
44 1
44 31
44 30
15
45 37
45 15
45 40
45 48
45 47
45 19
45 12
45 13
45 46
45 3
45 27
45 2
45 8
45 36
45 21
18
46 1
46 28
46 7
46 18
46 26
46 11
46 37
46 0
46 15
46 6
46 3
46 31
46 29
46 24
46 39
46 22
46 34
46 35
18
47 22
47 41
47 38
47 5
47 18
47 28
47 48
47 15
47 21
47 36
47 31
47 26
47 6
47 39
47 42
47 24
47 40
47 34
21
48 29
48 4
48 16
48 26
48 6
48 0
48 17
48 2
48 27
48 19
48 23
48 46
48 32
48 13
48 30
48 49
48 39
48 41
48 14
48 38
48 11
21
49 36
49 9
49 16
49 32
49 25
49 35
49 40
49 13
49 6
49 37
49 21
49 31
49 47
49 34
49 33
49 38
49 27
49 2
49 0
49 43
49 30
