50
0 "A42"
1 "A15"
2 "A22"
3 "A21"
4 "A7"
5 "A6"
6 "A5"
7 "A46"
8 "A32"
9 "A40"
10 "A29"
11 "A18"
12 "A0"
13 "A37"
14 "A10"
15 "A28"
16 "A47"
17 "A39"
18 "A34"
19 "A49"
20 "A19"
21 "A44"
22 "A1"
23 "A11"
24 "A13"
25 "A36"
26 "A43"
27 "A23"
28 "A27"
29 "A17"
30 "A4"
31 "A2"
32 "A48"
33 "A38"
34 "A30"
35 "A14"
36 "A9"
37 "A26"
38 "A41"
39 "A35"
40 "A33"
41 "A12"
42 "A25"
43 "A3"
44 "A8"
45 "A45"
46 "A31"
47 "A16"
48 "A20"
49 "A24"
18
0 20
0 6
0 12
0 40
0 9
0 25
0 31
0 39
0 1
0 4
0 42
0 37
0 24
0 19
0 16
0 8
0 26
0 23
24
1 31
1 8
1 24
1 38
1 33
1 39
1 11
1 12
1 9
1 21
1 43
1 48
1 29
1 4
1 7
1 49
1 42
1 40
1 19
1 3
1 2
1 26
1 10
1 45
19
2 15
2 36
2 5
2 20
2 23
2 0
2 21
2 46
2 33
2 42
2 22
2 18
2 17
2 48
2 45
2 30
2 10
2 29
2 38
17
3 28
3 30
3 23
3 41
3 2
3 9
3 40
3 0
3 48
3 16
3 15
3 46
3 45
3 8
3 44
3 47
3 6
20
4 25
4 5
4 15
4 2
4 12
4 34
4 46
4 36
4 6
4 19
4 21
4 35
4 17
4 33
4 8
4 16
4 18
4 44
4 11
4 48
18
5 0
5 17
5 8
5 25
5 48
5 31
5 49
5 32
5 21
5 43
5 13
5 38
5 35
5 22
5 6
5 19
5 14
5 1
15
6 37
6 15
6 1
6 47
6 44
6 39
6 21
6 38
6 9
6 7
6 22
6 12
6 29
6 16
6 2
20
7 38
7 9
7 11
7 16
7 44
7 24
7 35
7 45
7 47
7 2
7 4
7 8
7 5
7 48
7 0
7 31
7 29
7 10
7 27
7 22
18
8 10
8 9
8 42
8 6
8 39
8 31
8 26
8 49
8 28
8 25
8 34
8 37
8 16
8 33
8 48
8 46
8 13
8 45
18
9 32
9 4
9 38
9 26
9 30
9 41
9 37
9 2
9 19
9 21
9 43
9 35
9 28
9 17
9 15
9 40
9 18
9 42
21
10 49
10 48
10 12
10 36
10 4
10 31
10 6
10 11
10 19
10 9
10 20
10 16
10 24
10 39
10 32
10 34
10 3
10 45
10 23
10 15
10 33
18
11 20
11 44
11 25
11 29
11 6
11 15
11 46
11 5
11 9
11 35
11 41
11 33
11 42
11 38
11 45
11 43
11 3
11 30
21
12 28
12 45
12 41
12 19
12 22
12 30
12 44
12 39
12 20
12 17
12 7
12 9
12 18
12 3
12 13
12 49
12 24
12 11
12 2
12 8
12 46
24
13 32
13 7
13 49
13 43
13 29
13 26
13 41
13 39
13 34
13 0
13 38
13 48
13 46
13 28
13 6
13 10
13 11
13 35
13 1
13 19
13 21
13 33
13 14
13 9
24
14 4
14 17
14 44
14 12
14 0
14 19
14 8
14 9
14 42
14 31
14 34
14 15
14 33
14 45
14 32
14 6
14 1
14 11
14 29
14 36
14 24
14 10
14 23
14 21
22
15 46
15 31
15 30
15 35
15 20
15 42
15 0
15 28
15 7
15 24
15 38
15 33
15 25
15 23
15 5
15 32
15 19
15 36
15 37
15 1
15 43
15 13
23
16 31
16 35
16 36
16 22
16 12
16 11
16 44
16 14
16 39
16 34
16 45
16 47
16 18
16 1
16 23
16 21
16 13
16 2
16 26
16 9
16 27
16 15
16 38
20
17 16
17 11
17 23
17 0
17 41
17 35
17 7
17 20
17 6
17 10
17 47
17 31
17 22
17 3
17 29
17 43
17 46
17 27
17 21
17 42
20
18 15
18 27
18 6
18 11
18 1
18 14
18 0
18 26
18 3
18 43
18 24
18 20
18 29
18 10
18 5
18 34
18 7
18 32
18 48
18 37
19
19 25
19 37
19 17
19 8
19 29
19 44
19 41
19 27
19 30
19 3
19 28
19 6
19 20
19 45
19 11
19 16
19 22
19 35
19 2
18
20 22
20 5
20 28
20 30
20 32
20 45
20 24
20 6
20 29
20 14
20 25
20 4
20 40
20 8
20 1
20 23
20 44
20 43
13
21 20
21 31
21 15
21 7
21 3
21 27
21 25
21 48
21 18
21 10
21 0
21 19
21 41
19
22 35
22 45
22 13
22 0
22 34
22 8
22 3
22 4
22 25
22 31
22 44
22 28
22 39
22 10
22 30
22 40
22 14
22 1
22 27
21
23 49
23 22
23 32
23 12
23 29
23 19
23 31
23 27
23 42
23 38
23 33
23 28
23 8
23 30
23 7
23 40
23 47
23 21
23 18
23 37
23 11
16
24 32
24 8
24 2
24 27
24 6
24 38
24 39
24 30
24 21
24 47
24 19
24 22
24 16
24 23
24 5
24 9
19
25 10
25 17
25 47
25 6
25 1
25 39
25 41
25 24
25 27
25 49
25 44
25 13
25 33
25 28
25 12
25 38
25 23
25 45
25 7
25
26 14
26 12
26 32
26 21
26 46
26 27
26 11
26 7
26 25
26 22
26 5
26 15
26 4
26 24
26 31
26 19
26 23
26 38
26 35
26 42
26 48
26 43
26 37
26 2
26 41
20
27 9
27 49
27 46
27 5
27 8
27 30
27 13
27 0
27 31
27 34
27 6
27 12
27 43
27 14
27 4
27 45
27 35
27 42
27 40
27 48
21
28 11
28 38
28 35
28 16
28 18
28 6
28 46
28 17
28 40
28 7
28 1
28 49
28 21
28 32
28 10
28 30
28 5
28 0
28 4
28 26
28 2
22
29 25
29 37
29 41
29 27
29 22
29 35
29 12
29 26
29 4
29 15
29 45
29 49
29 9
29 36
29 47
29 46
29 42
29 0
29 28
29 31
29 39
29 16
13
30 33
30 35
30 16
30 36
30 10
30 37
30 32
30 45
30 1
30 48
30 7
30 13
30 44
17
31 37
31 2
31 47
31 20
31 12
31 9
31 42
31 4
31 3
31 48
31 19
31 13
31 49
31 30
31 40
31 11
31 28
18
32 27
32 33
32 6
32 7
32 0
32 43
32 21
32 12
32 42
32 3
32 25
32 16
32 17
32 19
32 36
32 1
32 41
32 46
22
33 37
33 16
33 7
33 22
33 29
33 38
33 31
33 49
33 17
33 21
33 5
33 9
33 3
33 43
33 20
33 12
33 47
33 35
33 42
33 27
33 40
33 26
25
34 35
34 43
34 49
34 31
34 20
34 19
34 38
34 36
34 15
34 6
34 7
34 21
34 17
34 46
34 11
34 25
34 1
34 5
34 23
34 12
34 2
34 30
34 0
34 44
34 41
19
35 25
35 42
35 43
35 21
35 2
35 18
35 44
35 1
35 31
35 0
35 10
35 20
35 40
35 6
35 37
35 23
35 39
35 24
35 12
21
36 9
36 48
36 25
36 35
36 27
36 7
36 22
36 28
36 18
36 11
36 41
36 6
36 26
36 37
36 3
36 13
36 45
36 39
36 8
36 23
36 17
18
37 4
37 21
37 22
37 13
37 1
37 7
37 49
37 11
37 24
37 5
37 2
37 20
37 34
37 17
37 10
37 16
37 32
37 14
15
38 22
38 47
38 21
38 32
38 4
38 46
38 36
38 14
38 30
38 12
38 41
38 31
38 17
38 37
38 19
21
39 19
39 45
39 9
39 27
39 11
39 34
39 28
39 42
39 43
39 26
39 18
39 32
39 17
39 4
39 33
39 7
39 2
39 37
39 41
39 31
39 46
24
40 25
40 24
40 38
40 41
40 39
40 34
40 7
40 12
40 18
40 47
40 15
40 10
40 6
40 49
40 26
40 30
40 45
40 48
40 4
40 2
40 32
40 11
40 8
40 13
23
41 31
41 6
41 49
41 7
41 0
41 20
41 28
41 2
41 18
41 33
41 4
41 23
41 24
41 14
41 35
41 5
41 10
41 30
41 16
41 44
41 37
41 27
41 22
18
42 40
42 49
42 28
42 7
42 30
42 24
42 5
42 38
42 34
42 10
42 13
42 3
42 12
42 21
42 19
42 16
42 20
42 43
13
43 48
43 4
43 41
43 37
43 16
43 36
43 30
43 46
43 12
43 10
43 19
43 49
43 0
21
44 10
44 26
44 2
44 1
44 27
44 5
44 42
44 18
44 29
44 13
44 49
44 15
44 40
44 17
44 47
44 24
44 36
44 33
44 8
44 9
44 38
20
45 21
45 28
45 0
45 31
45 15
45 47
45 48
45 32
45 17
45 43
45 37
45 35
45 24
45 42
45 9
45 41
45 49
45 38
45 23
45 6
23
46 36
46 19
46 45
46 37
46 47
46 7
46 24
46 35
46 21
46 48
46 20
46 1
46 10
46 16
46 33
46 31
46 30
46 5
46 49
46 6
46 23
46 0
46 42
18
47 14
47 11
47 27
47 8
47 15
47 5
47 18
47 35
47 4
47 2
47 34
47 19
47 36
47 37
47 22
47 1
47 26
47 9
15
48 33
48 29
48 37
48 28
48 44
48 16
48 39
48 42
48 11
48 47
48 9
48 25
48 34
48 41
48 6
23
49 24
49 17
49 14
49 18
49 39
49 4
49 35
49 9
49 11
49 48
49 47
49 38
49 36
49 16
49 26
49 32
49 2
49 0
49 6
49 3
49 15
49 20
49 19
