50
0 "A42"
1 "A15"
2 "A22"
3 "A21"
4 "A7"
5 "A6"
6 "A5"
7 "A46"
8 "A32"
9 "A40"
10 "A29"
11 "A18"
12 "A0"
13 "A37"
14 "A10"
15 "A28"
16 "A47"
17 "A39"
18 "A34"
19 "A49"
20 "A19"
21 "A44"
22 "A1"
23 "A11"
24 "A13"
25 "A36"
26 "A43"
27 "A23"
28 "A27"
29 "A17"
30 "A4"
31 "A2"
32 "A48"
33 "A38"
34 "A30"
35 "A14"
36 "A9"
37 "A26"
38 "A41"
39 "A35"
40 "A33"
41 "A12"
42 "A25"
43 "A3"
44 "A8"
45 "A45"
46 "A31"
47 "A16"
48 "A20"
49 "A24"
23
0 47
0 28
0 15
0 8
0 39
0 1
0 44
0 7
0 6
0 46
0 32
0 38
0 40
0 17
0 30
0 45
0 49
0 26
0 14
0 43
0 37
0 12
0 29
18
1 26
1 8
1 48
1 14
1 34
1 19
1 16
1 27
1 31
1 37
1 45
1 38
1 23
1 33
1 28
1 44
1 49
1 47
16
2 18
2 44
2 27
2 24
2 3
2 25
2 11
2 34
2 36
2 17
2 39
2 45
2 5
2 48
2 7
2 31
22
3 48
3 27
3 31
3 42
3 0
3 16
3 45
3 14
3 40
3 10
3 24
3 20
3 23
3 21
3 30
3 15
3 11
3 38
3 33
3 6
3 36
3 44
21
4 12
4 17
4 32
4 44
4 38
4 37
4 49
4 9
4 42
4 41
4 29
4 21
4 25
4 33
4 39
4 1
4 2
4 3
4 34
4 27
4 15
18
5 17
5 6
5 44
5 20
5 32
5 1
5 24
5 40
5 28
5 12
5 37
5 27
5 4
5 34
5 46
5 30
5 26
5 15
16
6 10
6 21
6 33
6 7
6 14
6 15
6 23
6 29
6 1
6 32
6 48
6 2
6 31
6 30
6 4
6 47
21
7 16
7 38
7 18
7 28
7 42
7 36
7 44
7 8
7 1
7 4
7 41
7 40
7 33
7 34
7 47
7 17
7 48
7 20
7 27
7 30
7 35
23
8 19
8 28
8 16
8 22
8 10
8 21
8 6
8 29
8 32
8 23
8 27
8 39
8 12
8 43
8 36
8 33
8 40
8 15
8 47
8 41
8 48
8 42
8 2
27
9 11
9 13
9 30
9 8
9 22
9 32
9 45
9 44
9 19
9 20
9 28
9 41
9 35
9 36
9 33
9 24
9 27
9 42
9 46
9 16
9 40
9 37
9 43
9 3
9 12
9 0
9 49
19
10 11
10 49
10 2
10 1
10 37
10 48
10 9
10 19
10 16
10 34
10 30
10 32
10 29
10 26
10 13
10 7
10 36
10 15
10 40
24
11 14
11 18
11 39
11 43
11 19
11 0
11 47
11 5
11 1
11 4
11 16
11 46
11 33
11 40
11 49
11 29
11 38
11 42
11 23
11 15
11 13
11 27
11 20
11 6
22
12 23
12 7
12 17
12 15
12 49
12 31
12 43
12 2
12 42
12 40
12 46
12 33
12 6
12 10
12 44
12 3
12 18
12 47
12 38
12 37
12 39
12 36
18
13 7
13 40
13 32
13 27
13 2
13 18
13 6
13 4
13 0
13 45
13 19
13 44
13 31
13 25
13 15
13 1
13 29
13 12
21
14 23
14 42
14 8
14 9
14 20
14 15
14 37
14 33
14 45
14 10
14 16
14 27
14 40
14 13
14 49
14 34
14 46
14 12
14 35
14 44
14 30
12
15 29
15 23
15 43
15 40
15 28
15 47
15 7
15 18
15 19
15 44
15 16
15 17
16
16 36
16 42
16 0
16 48
16 22
16 2
16 21
16 32
16 28
16 30
16 12
16 13
16 38
16 47
16 19
16 5
17
17 11
17 47
17 16
17 35
17 42
17 22
17 9
17 14
17 21
17 1
17 8
17 46
17 36
17 6
17 49
17 20
17 40
22
18 41
18 31
18 6
18 14
18 45
18 34
18 1
18 21
18 46
18 40
18 5
18 49
18 25
18 28
18 32
18 29
18 23
18 10
18 42
18 0
18 8
18 36
17
19 34
19 2
19 17
19 4
19 40
19 5
19 27
19 31
19 45
19 29
19 41
19 48
19 23
19 39
19 47
19 33
19 14
22
20 18
20 4
20 12
20 24
20 16
20 15
20 47
20 1
20 19
20 39
20 35
20 6
20 37
20 8
20 33
20 43
20 40
20 31
20 21
20 38
20 10
20 2
23
21 7
21 46
21 12
21 19
21 37
21 43
21 30
21 23
21 44
21 0
21 13
21 31
21 10
21 48
21 24
21 36
21 25
21 29
21 40
21 2
21 14
21 38
21 22
24
22 19
22 30
22 28
22 11
22 43
22 5
22 35
22 47
22 26
22 12
22 44
22 36
22 24
22 6
22 4
22 13
22 0
22 3
22 7
22 41
22 1
22 33
22 14
22 49
22
23 43
23 39
23 16
23 20
23 0
23 48
23 45
23 4
23 29
23 46
23 22
23 2
23 26
23 35
23 5
23 10
23 42
23 17
23 47
23 49
23 13
23 36
16
24 40
24 48
24 29
24 46
24 12
24 1
24 17
24 4
24 18
24 6
24 7
24 14
24 19
24 13
24 15
24 23
28
25 7
25 40
25 11
25 41
25 14
25 3
25 37
25 30
25 0
25 45
25 22
25 20
25 24
25 49
25 23
25 8
25 12
25 46
25 43
25 39
25 17
25 9
25 10
25 44
25 1
25 26
25 5
25 28
26
26 7
26 15
26 29
26 8
26 27
26 6
26 49
26 32
26 37
26 16
26 33
26 44
26 17
26 42
26 24
26 19
26 20
26 11
26 3
26 18
26 35
26 4
26 9
26 28
26 46
26 47
17
27 23
27 41
27 32
27 36
27 44
27 30
27 37
27 47
27 25
27 21
27 16
27 24
27 29
27 10
27 20
27 17
27 49
17
28 11
28 2
28 45
28 35
28 48
28 40
28 12
28 19
28 34
28 14
28 10
28 4
28 21
28 36
28 6
28 30
28 3
16
29 33
29 22
29 38
29 40
29 17
29 3
29 5
29 25
29 49
29 37
29 1
29 44
29 20
29 36
29 7
29 47
18
30 47
30 1
30 35
30 48
30 23
30 41
30 8
30 19
30 42
30 18
30 38
30 24
30 31
30 39
30 4
30 11
30 46
30 33
15
31 42
31 23
31 0
31 9
31 37
31 10
31 16
31 5
31 26
31 46
31 49
31 45
31 29
31 24
31 4
25
32 44
32 36
32 15
32 12
32 21
32 3
32 38
32 31
32 24
32 37
32 22
32 11
32 14
32 28
32 20
32 47
32 40
32 29
32 23
32 41
32 17
32 42
32 7
32 34
32 33
19
33 27
33 49
33 25
33 28
33 10
33 18
33 21
33 23
33 31
33 0
33 36
33 2
33 13
33 44
33 38
33 41
33 17
33 24
33 35
24
34 6
34 21
34 15
34 33
34 49
34 12
34 46
34 23
34 16
34 13
34 37
34 47
34 11
34 9
34 20
34 17
34 8
34 48
34 35
34 22
34 30
34 24
34 41
34 27
21
35 1
35 36
35 45
35 19
35 10
35 40
35 24
35 16
35 42
35 2
35 41
35 15
35 32
35 12
35 48
35 4
35 47
35 0
35 29
35 11
35 21
18
36 19
36 5
36 34
36 26
36 13
36 45
36 46
36 1
36 25
36 37
36 31
36 48
36 11
36 38
36 14
36 0
36 4
36 39
18
37 11
37 7
37 33
37 8
37 17
37 42
37 13
37 18
37 22
37 16
37 38
37 24
37 19
37 49
37 28
37 3
37 23
37 39
20
38 25
38 24
38 10
38 19
38 2
38 5
38 23
38 8
38 31
38 28
38 22
38 9
38 42
38 15
38 18
38 35
38 43
38 26
38 14
38 46
20
39 1
39 31
39 33
39 38
39 28
39 16
39 7
39 13
39 35
39 15
39 3
39 9
39 42
39 29
39 18
39 21
39 6
39 49
39 27
39 34
12
40 31
40 41
40 23
40 16
40 1
40 4
40 22
40 44
40 47
40 37
40 30
40 36
17
41 13
41 11
41 20
41 14
41 17
41 5
41 39
41 10
41 16
41 6
41 29
41 21
41 43
41 2
41 42
41 38
41 1
17
42 28
42 27
42 24
42 19
42 36
42 49
42 20
42 2
42 21
42 33
42 10
42 47
42 25
42 29
42 15
42 6
42 45
21
43 16
43 27
43 1
43 24
43 39
43 18
43 5
43 14
43 45
43 7
43 26
43 17
43 33
43 28
43 36
43 42
43 44
43 29
43 2
43 35
43 13
16
44 24
44 41
44 18
44 16
44 23
44 36
44 49
44 39
44 45
44 28
44 30
44 19
44 20
44 31
44 11
44 37
19
45 21
45 41
45 38
45 20
45 33
45 7
45 32
45 15
45 17
45 48
45 27
45 24
45 10
45 37
45 34
45 11
45 30
45 29
45 46
20
46 15
46 6
46 1
46 8
46 44
46 28
46 27
46 7
46 4
46 16
46 3
46 39
46 32
46 13
46 43
46 29
46 40
46 22
46 20
46 35
18
47 43
47 41
47 3
47 2
47 31
47 33
47 9
47 44
47 18
47 46
47 39
47 24
47 21
47 4
47 10
47 38
47 36
47 13
22
48 14
48 31
48 27
48 5
48 46
48 25
48 12
48 40
48 47
48 17
48 37
48 13
48 32
48 18
48 20
48 4
48 9
48 0
48 22
48 26
48 43
48 41
16
49 40
49 28
49 35
49 16
49 20
49 38
49 32
49 2
49 6
49 15
49 36
49 3
49 13
49 8
49 48
49 45
