50
0 "A42"
1 "A15"
2 "A22"
3 "A21"
4 "A7"
5 "A6"
6 "A5"
7 "A46"
8 "A32"
9 "A40"
10 "A29"
11 "A18"
12 "A0"
13 "A37"
14 "A10"
15 "A28"
16 "A47"
17 "A39"
18 "A34"
19 "A49"
20 "A19"
21 "A44"
22 "A1"
23 "A11"
24 "A13"
25 "A36"
26 "A43"
27 "A23"
28 "A27"
29 "A17"
30 "A4"
31 "A2"
32 "A48"
33 "A38"
34 "A30"
35 "A14"
36 "A9"
37 "A26"
38 "A41"
39 "A35"
40 "A33"
41 "A12"
42 "A25"
43 "A3"
44 "A8"
45 "A45"
46 "A31"
47 "A16"
48 "A20"
49 "A24"
25
0 34
0 41
0 16
0 4
0 23
0 22
0 47
0 8
0 39
0 35
0 28
0 26
0 40
0 14
0 42
0 3
0 44
0 9
0 27
0 38
0 21
0 48
0 29
0 6
0 17
21
1 41
1 6
1 49
1 43
1 47
1 25
1 35
1 26
1 23
1 12
1 42
1 13
1 31
1 9
1 15
1 18
1 32
1 19
1 14
1 17
1 0
19
2 11
2 23
2 21
2 49
2 30
2 5
2 25
2 37
2 44
2 3
2 16
2 13
2 32
2 36
2 35
2 1
2 38
2 24
2 8
21
3 7
3 25
3 18
3 32
3 17
3 22
3 37
3 43
3 8
3 41
3 44
3 11
3 5
3 47
3 39
3 21
3 26
3 23
3 9
3 1
3 19
14
4 1
4 2
4 46
4 39
4 26
4 7
4 24
4 27
4 42
4 35
4 13
4 43
4 33
4 30
23
5 26
5 20
5 27
5 43
5 1
5 19
5 46
5 36
5 6
5 12
5 11
5 9
5 34
5 31
5 48
5 37
5 40
5 30
5 0
5 32
5 17
5 22
5 33
19
6 37
6 7
6 46
6 32
6 13
6 29
6 8
6 9
6 47
6 25
6 40
6 15
6 43
6 11
6 24
6 19
6 14
6 4
6 41
16
7 22
7 18
7 12
7 33
7 45
7 20
7 39
7 24
7 11
7 5
7 21
7 1
7 28
7 26
7 42
7 14
23
8 42
8 20
8 1
8 28
8 29
8 45
8 9
8 47
8 22
8 38
8 7
8 30
8 40
8 31
8 18
8 4
8 12
8 39
8 43
8 26
8 48
8 14
8 5
22
9 13
9 18
9 35
9 17
9 2
9 16
9 21
9 22
9 39
9 29
9 45
9 46
9 43
9 28
9 7
9 4
9 44
9 40
9 48
9 26
9 33
9 38
28
10 24
10 3
10 15
10 11
10 17
10 31
10 33
10 28
10 7
10 1
10 26
10 27
10 44
10 2
10 13
10 18
10 5
10 0
10 48
10 9
10 46
10 39
10 6
10 42
10 20
10 25
10 22
10 8
18
11 42
11 30
11 40
11 33
11 4
11 18
11 1
11 16
11 39
11 35
11 19
11 24
11 47
11 28
11 38
11 8
11 32
11 22
18
12 30
12 23
12 6
12 48
12 17
12 36
12 26
12 33
12 24
12 27
12 38
12 10
12 2
12 25
12 28
12 11
12 3
12 9
22
13 39
13 35
13 11
13 18
13 48
13 49
13 34
13 29
13 24
13 37
13 31
13 44
13 5
13 16
13 47
13 22
13 36
13 20
13 0
13 42
13 33
13 8
18
14 20
14 43
14 12
14 10
14 34
14 28
14 3
14 23
14 33
14 13
14 39
14 4
14 38
14 18
14 29
14 48
14 21
14 11
16
15 0
15 3
15 25
15 34
15 29
15 14
15 11
15 9
15 2
15 44
15 5
15 28
15 24
15 32
15 37
15 21
19
16 22
16 5
16 46
16 37
16 28
16 40
16 31
16 18
16 3
16 12
16 48
16 4
16 45
16 29
16 14
16 23
16 10
16 49
16 34
18
17 6
17 7
17 2
17 38
17 13
17 36
17 22
17 18
17 29
17 46
17 42
17 32
17 30
17 24
17 15
17 34
17 19
17 8
16
18 25
18 2
18 12
18 35
18 37
18 6
18 15
18 20
18 5
18 23
18 40
18 26
18 48
18 22
18 32
18 0
22
19 15
19 14
19 9
19 22
19 4
19 35
19 32
19 18
19 48
19 16
19 34
19 23
19 27
19 2
19 28
19 20
19 7
19 21
19 33
19 24
19 45
19 25
20
20 41
20 16
20 9
20 0
20 11
20 39
20 4
20 3
20 35
20 36
20 47
20 28
20 40
20 33
20 17
20 25
20 1
20 43
20 12
20 29
17
21 22
21 34
21 12
21 29
21 1
21 8
21 49
21 13
21 4
21 20
21 11
21 42
21 6
21 28
21 33
21 40
21 23
17
22 39
22 14
22 4
22 25
22 48
22 1
22 34
22 23
22 28
22 41
22 12
22 6
22 45
22 24
22 30
22 32
22 46
18
23 15
23 13
23 20
23 5
23 42
23 45
23 4
23 7
23 11
23 33
23 9
23 17
23 36
23 28
23 40
23 29
23 10
23 30
18
24 34
24 16
24 45
24 35
24 31
24 5
24 21
24 29
24 42
24 30
24 8
24 46
24 0
24 1
24 47
24 25
24 40
24 14
22
25 11
25 34
25 0
25 16
25 42
25 41
25 47
25 44
25 33
25 37
25 49
25 38
25 17
25 26
25 28
25 21
25 27
25 30
25 23
25 4
25 31
25 5
20
26 24
26 36
26 6
26 32
26 46
26 42
26 20
26 11
26 16
26 17
26 37
26 35
26 47
26 19
26 29
26 33
26 23
26 41
26 21
26 48
20
27 7
27 23
27 17
27 20
27 11
27 22
27 14
27 9
27 39
27 13
27 30
27 37
27 28
27 29
27 1
27 35
27 47
27 26
27 18
27 21
16
28 13
28 32
28 3
28 48
28 17
28 5
28 47
28 34
28 31
28 2
28 49
28 44
28 4
28 1
28 46
28 24
14
29 5
29 43
29 12
29 48
29 38
29 28
29 41
29 19
29 1
29 34
29 47
29 31
29 37
29 25
19
30 14
30 33
30 0
30 28
30 48
30 16
30 31
30 46
30 29
30 7
30 18
30 39
30 10
30 49
30 15
30 13
30 45
30 3
30 9
23
31 20
31 36
31 46
31 44
31 39
31 7
31 26
31 21
31 35
31 4
31 42
31 45
31 23
31 14
31 41
31 15
31 27
31 6
31 37
31 2
31 22
31 34
31 9
16
32 44
32 8
32 42
32 29
32 38
32 37
32 21
32 47
32 0
32 23
32 24
32 14
32 9
32 16
32 12
32 13
19
33 35
33 2
33 15
33 49
33 27
33 48
33 0
33 44
33 17
33 40
33 37
33 38
33 42
33 29
33 6
33 1
33 32
33 16
33 8
22
34 8
34 41
34 47
34 35
34 33
34 36
34 45
34 30
34 32
34 48
34 18
34 38
34 6
34 39
34 20
34 9
34 27
34 23
34 2
34 49
34 11
34 44
23
35 47
35 5
35 16
35 17
35 8
35 7
35 6
35 23
35 30
35 42
35 46
35 44
35 29
35 15
35 14
35 10
35 43
35 28
35 25
35 40
35 32
35 41
35 38
23
36 15
36 24
36 45
36 6
36 16
36 33
36 14
36 4
36 41
36 38
36 25
36 39
36 8
36 10
36 40
36 37
36 30
36 32
36 1
36 28
36 27
36 7
36 19
17
37 10
37 17
37 39
37 21
37 7
37 42
37 8
37 49
37 4
37 46
37 11
37 30
37 24
37 44
37 19
37 47
37 23
22
38 26
38 7
38 10
38 21
38 24
38 13
38 5
38 49
38 42
38 30
38 40
38 15
38 19
38 31
38 16
38 37
38 22
38 1
38 6
38 23
38 4
38 44
18
39 24
39 26
39 18
39 35
39 45
39 15
39 12
39 25
39 16
39 21
39 19
39 32
39 40
39 1
39 47
39 17
39 6
39 29
18
40 37
40 47
40 19
40 1
40 44
40 22
40 28
40 25
40 2
40 12
40 13
40 46
40 34
40 3
40 27
40 48
40 14
40 30
23
41 8
41 46
41 19
41 9
41 13
41 5
41 7
41 16
41 37
41 2
41 24
41 33
41 11
41 14
41 28
41 23
41 32
41 38
41 21
41 15
41 30
41 44
41 40
16
42 15
42 47
42 40
42 18
42 3
42 36
42 6
42 22
42 16
42 46
42 28
42 44
42 9
42 5
42 14
42 41
21
43 26
43 18
43 30
43 38
43 2
43 0
43 25
43 46
43 12
43 23
43 45
43 22
43 36
43 28
43 42
43 48
43 11
43 34
43 32
43 49
43 19
16
44 36
44 16
44 27
44 21
44 23
44 24
44 45
44 17
44 46
44 11
44 26
44 1
44 18
44 22
44 19
44 47
23
45 47
45 40
45 2
45 1
45 14
45 42
45 29
45 35
45 0
45 26
45 13
45 41
45 33
45 28
45 25
45 48
45 18
45 11
45 4
45 27
45 32
45 15
45 10
19
46 1
46 14
46 38
46 18
46 23
46 25
46 11
46 27
46 29
46 34
46 7
46 20
46 8
46 49
46 32
46 2
46 13
46 45
46 12
21
47 14
47 16
47 46
47 41
47 10
47 33
47 36
47 5
47 15
47 12
47 9
47 48
47 19
47 23
47 31
47 21
47 7
47 43
47 2
47 4
47 49
18
48 2
48 31
48 27
48 38
48 17
48 42
48 23
48 41
48 36
48 24
48 15
48 3
48 37
48 20
48 21
48 35
48 39
48 6
23
49 18
49 19
49 36
49 27
49 20
49 17
49 39
49 48
49 4
49 44
49 32
49 7
49 10
49 22
49 3
49 8
49 26
49 14
49 5
49 35
49 41
49 6
49 40
