50
0 "A42"
1 "A15"
2 "A22"
3 "A21"
4 "A7"
5 "A6"
6 "A5"
7 "A46"
8 "A32"
9 "A40"
10 "A29"
11 "A18"
12 "A0"
13 "A37"
14 "A10"
15 "A28"
16 "A47"
17 "A39"
18 "A34"
19 "A49"
20 "A19"
21 "A44"
22 "A1"
23 "A11"
24 "A13"
25 "A36"
26 "A43"
27 "A23"
28 "A27"
29 "A17"
30 "A4"
31 "A2"
32 "A48"
33 "A38"
34 "A30"
35 "A14"
36 "A9"
37 "A26"
38 "A41"
39 "A35"
40 "A33"
41 "A12"
42 "A25"
43 "A3"
44 "A8"
45 "A45"
46 "A31"
47 "A16"
48 "A20"
49 "A24"
16
0 43
0 7
0 31
0 42
0 12
0 4
0 18
0 39
0 29
0 34
0 25
0 16
0 21
0 14
0 3
0 37
23
1 48
1 36
1 11
1 27
1 45
1 17
1 8
1 26
1 9
1 23
1 6
1 43
1 25
1 12
1 10
1 35
1 28
1 29
1 4
1 15
1 20
1 13
1 31
21
2 21
2 48
2 32
2 18
2 31
2 33
2 35
2 45
2 19
2 1
2 46
2 16
2 24
2 41
2 23
2 39
2 0
2 8
2 47
2 11
2 34
13
3 33
3 36
3 2
3 1
3 15
3 28
3 25
3 14
3 11
3 6
3 13
3 4
3 42
16
4 49
4 18
4 7
4 41
4 20
4 19
4 37
4 48
4 42
4 16
4 6
4 15
4 29
4 36
4 2
4 47
21
5 24
5 1
5 43
5 6
5 23
5 3
5 26
5 37
5 4
5 2
5 35
5 40
5 41
5 18
5 17
5 10
5 32
5 48
5 33
5 25
5 44
17
6 25
6 8
6 0
6 33
6 49
6 16
6 41
6 11
6 17
6 14
6 23
6 20
6 32
6 46
6 2
6 24
6 22
16
7 12
7 2
7 37
7 13
7 33
7 15
7 19
7 28
7 27
7 16
7 22
7 6
7 48
7 46
7 1
7 11
16
8 14
8 35
8 29
8 17
8 7
8 4
8 45
8 38
8 27
8 0
8 48
8 18
8 21
8 10
8 28
8 44
25
9 18
9 10
9 28
9 3
9 40
9 39
9 32
9 36
9 7
9 19
9 16
9 15
9 30
9 29
9 4
9 20
9 12
9 49
9 47
9 22
9 23
9 8
9 2
9 45
9 21
20
10 36
10 21
10 2
10 6
10 48
10 47
10 35
10 4
10 17
10 34
10 25
10 12
10 22
10 42
10 29
10 40
10 46
10 27
10 3
10 14
18
11 46
11 36
11 16
11 33
11 48
11 20
11 47
11 26
11 28
11 27
11 10
11 25
11 44
11 22
11 14
11 42
11 40
11 31
19
12 42
12 3
12 18
12 11
12 23
12 49
12 44
12 48
12 17
12 27
12 38
12 47
12 25
12 4
12 22
12 5
12 13
12 2
12 39
16
13 6
13 17
13 28
13 9
13 43
13 4
13 22
13 24
13 0
13 31
13 33
13 19
13 30
13 5
13 11
13 49
23
14 22
14 36
14 1
14 40
14 48
14 33
14 9
14 37
14 20
14 13
14 29
14 4
14 35
14 31
14 16
14 39
14 2
14 32
14 12
14 28
14 34
14 38
14 26
22
15 5
15 20
15 0
15 34
15 25
15 33
15 30
15 48
15 37
15 23
15 26
15 21
15 40
15 10
15 14
15 28
15 11
15 17
15 2
15 49
15 47
15 36
15
16 40
16 18
16 13
16 1
16 20
16 21
16 10
16 28
16 8
16 32
16 17
16 49
16 33
16 25
16 37
18
17 9
17 30
17 22
17 45
17 33
17 11
17 37
17 46
17 4
17 0
17 32
17 49
17 31
17 43
17 7
17 18
17 14
17 27
20
18 33
18 29
18 37
18 30
18 28
18 19
18 11
18 6
18 7
18 10
18 15
18 1
18 35
18 3
18 27
18 47
18 40
18 46
18 20
18 32
18
19 10
19 6
19 39
19 14
19 22
19 17
19 38
19 16
19 49
19 12
19 48
19 35
19 25
19 15
19 43
19 44
19 1
19 11
19
20 37
20 3
20 35
20 21
20 25
20 43
20 10
20 34
20 17
20 36
20 5
20 19
20 2
20 42
20 22
20 31
20 0
20 26
20 47
16
21 36
21 17
21 3
21 4
21 29
21 12
21 40
21 7
21 24
21 23
21 32
21 18
21 44
21 28
21 47
21 11
20
22 28
22 18
22 3
22 46
22 1
22 23
22 26
22 40
22 36
22 24
22 21
22 30
22 45
22 4
22 8
22 39
22 35
22 16
22 43
22 27
18
23 43
23 38
23 18
23 35
23 37
23 20
23 16
23 40
23 44
23 13
23 48
23 41
23 10
23 47
23 14
23 19
23 8
23 42
20
24 11
24 19
24 20
24 18
24 12
24 14
24 1
24 4
24 17
24 15
24 36
24 23
24 10
24 35
24 7
24 39
24 46
24 25
24 9
24 16
17
25 7
25 8
25 21
25 2
25 38
25 17
25 27
25 9
25 37
25 14
25 4
25 13
25 34
25 28
25 22
25 39
25 23
24
26 19
26 33
26 40
26 8
26 3
26 18
26 41
26 4
26 46
26 12
26 10
26 6
26 9
26 32
26 31
26 36
26 25
26 13
26 47
26 7
26 45
26 49
26 2
26 24
18
27 39
27 9
27 34
27 13
27 2
27 15
27 29
27 4
27 47
27 23
27 33
27 21
27 19
27 20
27 26
27 41
27 43
27 5
11
28 0
28 32
28 10
28 19
28 36
28 4
28 41
28 27
28 26
28 6
28 5
21
29 13
29 11
29 15
29 44
29 2
29 12
29 7
29 45
29 5
29 47
29 19
29 25
29 49
29 16
29 3
29 40
29 42
29 22
29 28
29 24
29 26
23
30 33
30 31
30 28
30 0
30 12
30 11
30 29
30 26
30 16
30 38
30 37
30 20
30 10
30 41
30 23
30 21
30 19
30 40
30 35
30 3
30 24
30 39
30 27
16
31 6
31 22
31 4
31 48
31 9
31 24
31 34
31 21
31 44
31 38
31 32
31 8
31 7
31 16
31 45
31 39
22
32 29
32 25
32 41
32 12
32 13
32 30
32 15
32 19
32 47
32 49
32 24
32 23
32 8
32 38
32 20
32 27
32 0
32 1
32 42
32 44
32 45
32 46
19
33 45
33 4
33 40
33 10
33 49
33 29
33 28
33 36
33 35
33 0
33 12
33 48
33 8
33 46
33 19
33 24
33 23
33 39
33 42
24
34 43
34 30
34 44
34 5
34 19
34 41
34 11
34 1
34 18
34 35
34 23
34 7
34 21
34 6
34 28
34 33
34 40
34 22
34 3
34 46
34 12
34 9
34 32
34 37
20
35 9
35 11
35 0
35 12
35 6
35 41
35 48
35 43
35 40
35 16
35 21
35 17
35 3
35 13
35 32
35 15
35 28
35 31
35 27
35 29
15
36 48
36 2
36 8
36 19
36 31
36 16
36 6
36 7
36 49
36 13
36 35
36 25
36 23
36 5
36 32
22
37 49
37 26
37 11
37 40
37 39
37 24
37 19
37 46
37 6
37 41
37 45
37 3
37 47
37 32
37 35
37 13
37 21
37 42
37 9
37 22
37 2
37 31
33
38 22
38 6
38 33
38 7
38 21
38 1
38 4
38 35
38 40
38 46
38 44
38 37
38 41
38 49
38 9
38 15
38 47
38 39
38 48
38 29
38 0
38 17
38 20
38 24
38 18
38 16
38 34
38 45
38 11
38 2
38 13
38 42
38 36
22
39 47
39 44
39 4
39 41
39 16
39 17
39 18
39 3
39 46
39 29
39 21
39 28
39 11
39 1
39 49
39 6
39 20
39 15
39 34
39 7
39 36
39 35
18
40 39
40 36
40 0
40 43
40 17
40 46
40 45
40 6
40 28
40 12
40 3
40 7
40 31
40 32
40 19
40 4
40 2
40 13
18
41 49
41 1
41 0
41 36
41 21
41 15
41 33
41 18
41 17
41 16
41 3
41 46
41 40
41 10
41 19
41 13
41 14
41 43
23
42 13
42 36
42 9
42 15
42 31
42 47
42 17
42 26
42 46
42 41
42 16
42 8
42 19
42 40
42 27
42 21
42 5
42 28
42 6
42 2
42 25
42 39
42 22
23
43 24
43 6
43 28
43 39
43 37
43 36
43 3
43 21
43 15
43 48
43 29
43 38
43 31
43 12
43 42
43 44
43 11
43 4
43 30
43 2
43 8
43 26
43 9
20
44 35
44 9
44 4
44 28
44 36
44 33
44 0
44 17
44 1
44 42
44 2
44 48
44 22
44 40
44 3
44 16
44 13
44 27
44 25
44 41
26
45 44
45 49
45 43
45 35
45 34
45 21
45 5
45 30
45 28
45 4
45 27
45 11
45 6
45 25
45 14
45 16
45 23
45 19
45 18
45 47
45 0
45 12
45 3
45 20
45 7
45 41
21
46 43
46 16
46 35
46 31
46 13
46 20
46 30
46 8
46 27
46 29
46 45
46 28
46 25
46 5
46 15
46 0
46 14
46 19
46 9
46 4
46 12
20
47 46
47 19
47 34
47 40
47 14
47 41
47 33
47 3
47 22
47 6
47 49
47 5
47 28
47 25
47 31
47 16
47 36
47 24
47 0
47 44
18
48 27
48 17
48 28
48 37
48 6
48 41
48 40
48 3
48 47
48 18
48 13
48 42
48 26
48 9
48 30
48 0
48 39
48 21
20
49 23
49 5
49 22
49 1
49 35
49 42
49 14
49 24
49 7
49 8
49 31
49 21
49 2
49 0
49 20
49 46
49 27
49 48
49 11
49 44
