50
0 "A42"
1 "A15"
2 "A22"
3 "A21"
4 "A7"
5 "A6"
6 "A5"
7 "A46"
8 "A32"
9 "A40"
10 "A29"
11 "A18"
12 "A0"
13 "A37"
14 "A10"
15 "A28"
16 "A47"
17 "A39"
18 "A34"
19 "A49"
20 "A19"
21 "A44"
22 "A1"
23 "A11"
24 "A13"
25 "A36"
26 "A43"
27 "A23"
28 "A27"
29 "A17"
30 "A4"
31 "A2"
32 "A48"
33 "A38"
34 "A30"
35 "A14"
36 "A9"
37 "A26"
38 "A41"
39 "A35"
40 "A33"
41 "A12"
42 "A25"
43 "A3"
44 "A8"
45 "A45"
46 "A31"
47 "A16"
48 "A20"
49 "A24"
23
0 1
0 6
0 3
0 34
0 26
0 12
0 31
0 48
0 41
0 24
0 4
0 27
0 14
0 29
0 32
0 19
0 43
0 25
0 36
0 38
0 46
0 23
0 33
22
1 41
1 3
1 8
1 45
1 27
1 38
1 29
1 33
1 40
1 9
1 31
1 18
1 20
1 13
1 35
1 21
1 30
1 10
1 49
1 36
1 32
1 34
16
2 35
2 44
2 1
2 6
2 27
2 38
2 46
2 49
2 28
2 26
2 32
2 4
2 10
2 45
2 0
2 5
21
3 12
3 2
3 6
3 15
3 24
3 11
3 17
3 8
3 38
3 32
3 4
3 13
3 35
3 27
3 10
3 14
3 48
3 43
3 31
3 19
3 49
21
4 21
4 1
4 11
4 12
4 15
4 16
4 49
4 38
4 36
4 46
4 41
4 35
4 23
4 37
4 29
4 40
4 32
4 42
4 19
4 33
4 6
24
5 41
5 26
5 37
5 29
5 10
5 40
5 0
5 13
5 33
5 3
5 19
5 48
5 44
5 25
5 14
5 39
5 45
5 12
5 23
5 8
5 21
5 22
5 9
5 6
20
6 14
6 21
6 48
6 16
6 32
6 19
6 15
6 38
6 13
6 41
6 8
6 34
6 18
6 1
6 42
6 11
6 40
6 29
6 49
6 43
19
7 10
7 46
7 40
7 28
7 5
7 0
7 32
7 6
7 42
7 9
7 30
7 37
7 1
7 4
7 19
7 21
7 48
7 12
7 43
17
8 2
8 48
8 28
8 40
8 14
8 44
8 16
8 30
8 7
8 42
8 47
8 37
8 22
8 4
8 26
8 46
8 18
25
9 36
9 30
9 21
9 10
9 18
9 44
9 23
9 20
9 32
9 33
9 13
9 27
9 3
9 39
9 8
9 2
9 15
9 0
9 47
9 34
9 46
9 6
9 48
9 45
9 42
20
10 44
10 35
10 20
10 18
10 26
10 38
10 37
10 19
10 24
10 49
10 48
10 4
10 34
10 46
10 31
10 29
10 6
10 39
10 36
10 0
21
11 26
11 24
11 19
11 0
11 40
11 13
11 20
11 27
11 41
11 7
11 2
11 30
11 46
11 16
11 28
11 23
11 1
11 9
11 12
11 43
11 29
17
12 44
12 10
12 28
12 8
12 45
12 47
12 1
12 9
12 17
12 2
12 18
12 43
12 29
12 14
12 19
12 21
12 25
24
13 41
13 33
13 37
13 0
13 14
13 12
13 35
13 17
13 18
13 27
13 44
13 25
13 28
13 34
13 10
13 8
13 38
13 20
13 49
13 21
13 19
13 40
13 4
13 16
15
14 39
14 2
14 29
14 48
14 27
14 1
14 49
14 26
14 45
14 20
14 43
14 35
14 17
14 41
14 10
19
15 48
15 7
15 22
15 5
15 19
15 1
15 30
15 16
15 11
15 37
15 43
15 26
15 20
15 0
15 21
15 25
15 42
15 34
15 12
19
16 1
16 36
16 27
16 7
16 9
16 31
16 39
16 37
16 35
16 19
16 33
16 2
16 30
16 42
16 38
16 26
16 40
16 21
16 0
23
17 35
17 8
17 37
17 43
17 31
17 29
17 47
17 28
17 2
17 20
17 7
17 9
17 4
17 19
17 40
17 48
17 24
17 42
17 1
17 21
17 15
17 0
17 39
19
18 22
18 34
18 27
18 40
18 17
18 49
18 33
18 25
18 26
18 37
18 32
18 31
18 7
18 15
18 24
18 44
18 35
18 2
18 3
9
19 21
19 37
19 2
19 42
19 32
19 45
19 34
19 1
19 18
20
20 7
20 16
20 36
20 3
20 40
20 19
20 49
20 48
20 45
20 41
20 6
20 27
20 33
20 0
20 46
20 18
20 47
20 21
20 4
20 42
17
21 30
21 33
21 11
21 40
21 49
21 24
21 2
21 26
21 8
21 48
21 10
21 23
21 0
21 46
21 14
21 18
21 44
23
22 14
22 11
22 30
22 23
22 32
22 48
22 41
22 12
22 10
22 21
22 4
22 0
22 35
22 1
22 2
22 9
22 49
22 43
22 13
22 17
22 25
22 39
22 6
22
23 6
23 26
23 25
23 18
23 30
23 15
23 10
23 19
23 3
23 29
23 13
23 17
23 31
23 24
23 8
23 35
23 20
23 27
23 44
23 14
23 38
23 32
20
24 37
24 31
24 6
24 27
24 2
24 12
24 4
24 19
24 36
24 41
24 39
24 22
24 16
24 43
24 25
24 14
24 9
24 7
24 48
24 32
22
25 29
25 36
25 7
25 48
25 20
25 10
25 19
25 27
25 49
25 2
25 38
25 30
25 41
25 17
25 46
25 4
25 35
25 31
25 28
25 21
25 45
25 9
15
26 19
26 24
26 17
26 34
26 13
26 4
26 44
26 38
26 25
26 41
26 45
26 49
26 36
26 6
26 22
17
27 5
27 29
27 8
27 21
27 42
27 39
27 35
27 34
27 17
27 49
27 22
27 6
27 19
27 45
27 30
27 26
27 43
22
28 21
28 15
28 29
28 19
28 31
28 33
28 3
28 38
28 20
28 4
28 16
28 45
28 0
28 26
28 6
28 42
28 18
28 32
28 5
28 43
28 37
28 35
17
29 38
29 44
29 47
29 48
29 16
29 46
29 32
29 15
29 21
29 43
29 18
29 20
29 9
29 39
29 36
29 13
29 26
23
30 31
30 24
30 41
30 32
30 48
30 14
30 38
30 40
30 46
30 47
30 12
30 17
30 0
30 10
30 19
30 26
30 42
30 37
30 28
30 33
30 6
30 44
30 3
20
31 14
31 46
31 8
31 22
31 36
31 26
31 15
31 49
31 29
31 47
31 43
31 12
31 5
31 9
31 35
31 32
31 40
31 6
31 27
31 19
15
32 5
32 16
32 34
32 25
32 42
32 37
32 27
32 45
32 21
32 20
32 13
32 15
32 12
32 35
32 10
15
33 25
33 14
33 27
33 10
33 12
33 6
33 36
33 24
33 15
33 34
33 7
33 23
33 11
33 22
33 32
16
34 22
34 36
34 25
34 44
34 11
34 29
34 24
34 5
34 23
34 14
34 49
34 43
34 2
34 45
34 30
34 17
17
35 45
35 21
35 6
35 33
35 15
35 11
35 5
35 19
35 49
35 12
35 43
35 7
35 24
35 8
35 26
35 42
35 30
26
36 22
36 23
36 5
36 13
36 11
36 49
36 17
36 37
36 19
36 7
36 27
36 15
36 47
36 8
36 14
36 6
36 3
36 40
36 28
36 44
36 30
36 21
36 35
36 46
36 12
36 38
18
37 23
37 21
37 34
37 0
37 29
37 6
37 33
37 31
37 1
37 26
37 14
37 25
37 45
37 27
37 47
37 46
37 11
37 35
24
38 41
38 9
38 21
38 7
38 18
38 8
38 22
38 11
38 15
38 32
38 44
38 45
38 5
38 40
38 46
38 12
38 27
38 24
38 33
38 14
38 19
38 37
38 42
38 39
19
39 8
39 43
39 25
39 6
39 19
39 36
39 1
39 48
39 31
39 11
39 44
39 33
39 4
39 26
39 30
39 7
39 21
39 37
39 0
17
40 35
40 14
40 2
40 25
40 10
40 39
40 49
40 29
40 47
40 27
40 24
40 3
40 32
40 0
40 19
40 26
40 22
21
41 45
41 35
41 27
41 36
41 33
41 34
41 42
41 46
41 12
41 9
41 31
41 28
41 16
41 18
41 21
41 19
41 23
41 49
41 17
41 40
41 39
25
42 21
42 14
42 36
42 25
42 22
42 1
42 2
42 0
42 10
42 26
42 39
42 47
42 33
42 48
42 37
42 13
42 3
42 11
42 45
42 23
42 44
42 29
42 5
42 31
42 49
24
43 38
43 9
43 19
43 47
43 8
43 49
43 25
43 37
43 42
43 20
43 26
43 21
43 1
43 30
43 4
43 16
43 41
43 48
43 13
43 5
43 2
43 32
43 10
43 33
23
44 41
44 28
44 25
44 6
44 43
44 0
44 16
44 35
44 11
44 7
44 40
44 3
44 37
44 27
44 14
44 31
44 48
44 1
44 49
44 32
44 17
44 33
44 47
17
45 23
45 8
45 39
45 22
45 16
45 40
45 18
45 21
45 48
45 47
45 29
45 17
45 10
45 46
45 24
45 15
45 36
14
46 32
46 27
46 39
46 42
46 22
46 18
46 5
46 34
46 19
46 12
46 26
46 1
46 15
46 49
24
47 4
47 16
47 48
47 33
47 2
47 41
47 6
47 3
47 38
47 27
47 14
47 32
47 34
47 22
47 46
47 21
47 19
47 23
47 0
47 5
47 28
47 25
47 26
47 39
16
48 36
48 38
48 18
48 33
48 26
48 31
48 27
48 1
48 11
48 16
48 2
48 19
48 12
48 4
48 40
48 41
17
49 15
49 7
49 9
49 30
49 33
49 45
49 11
49 48
49 24
49 0
49 16
49 39
49 37
49 28
49 5
49 12
49 38
