50
0 "A8"
1 "A39"
2 "A21"
3 "A45"
4 "A46"
5 "A40"
6 "A1"
7 "A10"
8 "A16"
9 "A2"
10 "A36"
11 "A0"
12 "A28"
13 "A37"
14 "A43"
15 "A38"
16 "A30"
17 "A18"
18 "A31"
19 "A15"
20 "A27"
21 "A41"
22 "A42"
23 "A3"
24 "A34"
25 "A9"
26 "A24"
27 "A32"
28 "A11"
29 "A7"
30 "A19"
31 "A22"
32 "A12"
33 "A47"
34 "A20"
35 "A14"
36 "A6"
37 "A4"
38 "A5"
39 "A44"
40 "A13"
41 "A33"
42 "A49"
43 "A23"
44 "A17"
45 "A29"
46 "A35"
47 "A25"
48 "A48"
49 "A26"
11
0 10
0 47
0 20
0 8
0 40
0 14
0 42
0 16
0 37
0 22
0 25
23
1 26
1 4
1 6
1 5
1 39
1 34
1 24
1 46
1 42
1 36
1 7
1 8
1 10
1 41
1 29
1 17
1 32
1 13
1 19
1 48
1 15
1 23
1 0
26
2 25
2 15
2 5
2 21
2 20
2 36
2 45
2 1
2 29
2 34
2 10
2 0
2 44
2 8
2 27
2 4
2 48
2 42
2 32
2 49
2 12
2 43
2 39
2 30
2 47
2 6
20
3 38
3 0
3 11
3 10
3 30
3 22
3 27
3 20
3 23
3 48
3 12
3 49
3 2
3 34
3 4
3 26
3 45
3 47
3 29
3 8
18
4 20
4 48
4 10
4 49
4 22
4 27
4 32
4 23
4 38
4 12
4 19
4 45
4 29
4 25
4 37
4 44
4 13
4 11
23
5 34
5 28
5 40
5 38
5 20
5 9
5 14
5 39
5 4
5 18
5 10
5 7
5 27
5 3
5 0
5 42
5 45
5 22
5 37
5 23
5 33
5 21
5 17
22
6 28
6 24
6 43
6 13
6 38
6 32
6 34
6 18
6 44
6 7
6 41
6 0
6 22
6 14
6 23
6 19
6 15
6 36
6 16
6 33
6 20
6 30
18
7 25
7 3
7 24
7 27
7 37
7 21
7 4
7 9
7 47
7 16
7 39
7 2
7 38
7 17
7 18
7 31
7 29
7 32
18
8 26
8 42
8 37
8 27
8 38
8 46
8 33
8 45
8 41
8 12
8 39
8 7
8 15
8 5
8 6
8 25
8 31
8 35
16
9 30
9 20
9 21
9 14
9 0
9 8
9 48
9 15
9 2
9 31
9 22
9 16
9 36
9 11
9 27
9 45
24
10 25
10 18
10 16
10 43
10 37
10 42
10 27
10 44
10 31
10 39
10 30
10 7
10 26
10 38
10 36
10 14
10 47
10 34
10 9
10 41
10 35
10 46
10 32
10 13
21
11 23
11 13
11 8
11 22
11 1
11 37
11 36
11 38
11 19
11 7
11 29
11 44
11 21
11 28
11 5
11 24
11 45
11 10
11 47
11 0
11 39
17
12 42
12 27
12 11
12 7
12 15
12 16
12 33
12 5
12 41
12 44
12 9
12 24
12 49
12 0
12 14
12 37
12 35
21
13 32
13 40
13 23
13 21
13 22
13 2
13 25
13 8
13 35
13 9
13 38
13 46
13 12
13 30
13 36
13 47
13 41
13 26
13 33
13 5
13 3
21
14 43
14 19
14 44
14 49
14 23
14 37
14 7
14 11
14 42
14 1
14 48
14 13
14 2
14 20
14 27
14 47
14 8
14 18
14 22
14 31
14 24
15
15 35
15 18
15 16
15 23
15 0
15 26
15 31
15 43
15 49
15 46
15 10
15 41
15 5
15 4
15 17
22
16 35
16 25
16 2
16 34
16 11
16 22
16 28
16 42
16 14
16 48
16 31
16 24
16 5
16 23
16 33
16 47
16 26
16 18
16 1
16 38
16 21
16 3
29
17 14
17 41
17 38
17 22
17 25
17 10
17 36
17 27
17 0
17 13
17 11
17 32
17 31
17 26
17 23
17 33
17 39
17 37
17 45
17 6
17 8
17 40
17 43
17 4
17 18
17 19
17 21
17 34
17 20
21
18 13
18 4
18 3
18 48
18 30
18 31
18 42
18 33
18 25
18 0
18 28
18 40
18 12
18 34
18 19
18 45
18 29
18 44
18 9
18 27
18 1
21
19 22
19 40
19 13
19 33
19 8
19 38
19 7
19 41
19 27
19 9
19 10
19 44
19 16
19 29
19 3
19 15
19 37
19 20
19 12
19 49
19 0
21
20 13
20 37
20 11
20 32
20 29
20 7
20 27
20 28
20 25
20 48
20 45
20 46
20 1
20 21
20 12
20 36
20 8
20 33
20 47
20 31
20 44
19
21 15
21 43
21 10
21 6
21 8
21 22
21 46
21 26
21 28
21 24
21 41
21 31
21 25
21 4
21 49
21 18
21 23
21 39
21 19
23
22 18
22 10
22 24
22 28
22 12
22 37
22 23
22 34
22 41
22 32
22 39
22 26
22 15
22 35
22 47
22 29
22 40
22 49
22 43
22 20
22 38
22 8
22 30
12
23 9
23 10
23 37
23 2
23 45
23 30
23 20
23 19
23 44
23 26
23 39
23 12
21
24 2
24 28
24 15
24 38
24 19
24 5
24 42
24 0
24 36
24 17
24 18
24 35
24 23
24 4
24 20
24 44
24 45
24 39
24 26
24 46
24 9
21
25 11
25 35
25 40
25 45
25 15
25 39
25 32
25 43
25 12
25 27
25 6
25 46
25 29
25 22
25 34
25 28
25 5
25 31
25 9
25 1
25 14
16
26 40
26 34
26 7
26 18
26 49
26 44
26 0
26 19
26 45
26 9
26 11
26 14
26 33
26 47
26 32
26 36
17
27 11
27 21
27 1
27 33
27 35
27 16
27 6
27 13
27 38
27 26
27 24
27 46
27 47
27 23
27 40
27 0
27 36
15
28 32
28 2
28 42
28 29
28 34
28 10
28 14
28 23
28 12
28 27
28 3
28 9
28 1
28 0
28 45
18
29 16
29 15
29 48
29 39
29 26
29 49
29 31
29 5
29 24
29 40
29 17
29 23
29 6
29 34
29 42
29 21
29 14
29 43
19
30 1
30 37
30 15
30 7
30 17
30 21
30 28
30 19
30 25
30 46
30 5
30 35
30 4
30 29
30 42
30 12
30 24
30 26
30 0
12
31 37
31 38
31 19
31 6
31 3
31 2
31 42
31 5
31 12
31 13
31 30
31 35
22
32 21
32 0
32 23
32 33
32 14
32 3
32 19
32 34
32 40
32 24
32 31
32 46
32 41
32 45
32 43
32 5
32 15
32 12
32 27
32 38
32 44
32 9
21
33 4
33 31
33 25
33 3
33 37
33 28
33 30
33 11
33 48
33 40
33 38
33 49
33 23
33 21
33 10
33 1
33 2
33 15
33 7
33 42
33 24
17
34 45
34 23
34 21
34 14
34 27
34 4
34 30
34 9
34 33
34 31
34 47
34 19
34 46
34 43
34 40
34 12
34 8
25
35 9
35 39
35 19
35 46
35 14
35 0
35 44
35 42
35 38
35 11
35 4
35 45
35 23
35 17
35 28
35 41
35 36
35 29
35 21
35 33
35 20
35 1
35 18
35 32
35 34
23
36 21
36 42
36 22
36 37
36 15
36 8
36 46
36 16
36 49
36 45
36 31
36 28
36 5
36 4
36 33
36 19
36 14
36 30
36 0
36 32
36 38
36 39
36 44
19
37 42
37 21
37 15
37 29
37 39
37 16
37 32
37 9
37 26
37 41
37 35
37 1
37 48
37 49
37 28
37 24
37 3
37 46
37 18
16
38 14
38 37
38 25
38 40
38 47
38 26
38 34
38 45
38 0
38 12
38 2
38 21
38 39
38 42
38 46
38 30
21
39 15
39 48
39 34
39 28
39 44
39 6
39 4
39 12
39 9
39 20
39 45
39 0
39 27
39 30
39 49
39 3
39 32
39 18
39 13
39 14
39 43
22
40 47
40 9
40 14
40 7
40 16
40 23
40 11
40 1
40 48
40 3
40 2
40 35
40 28
40 46
40 45
40 36
40 4
40 41
40 24
40 6
40 30
40 8
19
41 26
41 38
41 27
41 36
41 25
41 30
41 4
41 45
41 49
41 28
41 47
41 42
41 11
41 0
41 20
41 14
41 24
41 3
41 2
20
42 3
42 6
42 44
42 26
42 47
42 27
42 32
42 40
42 4
42 20
42 22
42 13
42 11
42 49
42 23
42 21
42 46
42 15
42 9
42 45
26
43 28
43 27
43 30
43 8
43 13
43 37
43 3
43 49
43 7
43 31
43 16
43 23
43 24
43 5
43 42
43 26
43 12
43 11
43 35
43 1
43 0
43 36
43 20
43 33
43 18
43 9
17
44 5
44 28
44 48
44 49
44 43
44 33
44 37
44 29
44 38
44 22
44 27
44 16
44 17
44 34
44 47
44 9
44 15
18
45 33
45 19
45 7
45 49
45 47
45 1
45 0
45 30
45 37
45 31
45 13
45 22
45 12
45 10
45 14
45 29
45 27
45 6
17
46 45
46 11
46 39
46 43
46 12
46 22
46 17
46 7
46 3
46 23
46 29
46 6
46 41
46 16
46 2
46 47
46 26
18
47 12
47 33
47 37
47 1
47 17
47 49
47 9
47 4
47 24
47 23
47 5
47 29
47 8
47 18
47 43
47 31
47 48
47 6
18
48 13
48 21
48 41
48 22
48 49
48 23
48 46
48 6
48 27
48 30
48 45
48 38
48 7
48 36
48 43
48 31
48 42
48 11
20
49 17
49 30
49 8
49 16
49 1
49 38
49 24
49 11
49 13
49 20
49 9
49 23
49 32
49 34
49 18
49 35
49 25
49 28
49 0
49 5
