50
0 "A2"
1 "A16"
2 "A40"
3 "A1"
4 "A32"
5 "A23"
6 "A12"
7 "A43"
8 "A0"
9 "A14"
10 "A15"
11 "A33"
12 "A42"
13 "A31"
14 "A7"
15 "A46"
16 "A35"
17 "A27"
18 "A21"
19 "A20"
20 "A22"
21 "A41"
22 "A9"
23 "A26"
24 "A28"
25 "A36"
26 "A45"
27 "A37"
28 "A11"
29 "A24"
30 "A48"
31 "A38"
32 "A34"
33 "A8"
34 "A39"
35 "A49"
36 "A10"
37 "A47"
38 "A4"
39 "A19"
40 "A25"
41 "A13"
42 "A6"
43 "A17"
44 "A5"
45 "A44"
46 "A30"
47 "A18"
48 "A3"
49 "A29"
23
0 2
0 35
0 21
0 48
0 22
0 41
0 5
0 10
0 30
0 13
0 19
0 16
0 46
0 42
0 29
0 14
0 33
0 12
0 43
0 4
0 47
0 8
0 45
14
1 22
1 37
1 6
1 49
1 44
1 15
1 28
1 7
1 4
1 20
1 21
1 40
1 17
1 45
21
2 6
2 11
2 4
2 19
2 3
2 43
2 28
2 24
2 48
2 44
2 1
2 46
2 10
2 30
2 15
2 35
2 38
2 31
2 14
2 34
2 13
22
3 47
3 44
3 24
3 32
3 34
3 19
3 23
3 31
3 29
3 30
3 42
3 21
3 10
3 15
3 27
3 0
3 33
3 37
3 7
3 6
3 43
3 39
17
4 31
4 3
4 48
4 49
4 23
4 34
4 47
4 46
4 18
4 16
4 41
4 37
4 38
4 24
4 45
4 14
4 39
18
5 13
5 24
5 18
5 47
5 36
5 21
5 40
5 2
5 30
5 16
5 3
5 33
5 7
5 23
5 49
5 17
5 4
5 46
14
6 31
6 39
6 11
6 45
6 36
6 4
6 9
6 8
6 17
6 38
6 0
6 35
6 48
6 14
21
7 6
7 44
7 22
7 20
7 39
7 48
7 37
7 15
7 14
7 30
7 4
7 42
7 9
7 18
7 17
7 23
7 25
7 49
7 33
7 0
7 31
23
8 32
8 15
8 7
8 46
8 5
8 9
8 37
8 1
8 35
8 42
8 31
8 49
8 23
8 22
8 24
8 17
8 20
8 3
8 14
8 36
8 47
8 44
8 25
17
9 16
9 17
9 30
9 1
9 41
9 4
9 18
9 28
9 0
9 45
9 47
9 15
9 29
9 27
9 39
9 49
9 44
18
10 32
10 7
10 46
10 5
10 6
10 1
10 11
10 26
10 47
10 49
10 15
10 37
10 29
10 34
10 23
10 40
10 38
10 22
22
11 8
11 26
11 16
11 37
11 24
11 12
11 19
11 46
11 0
11 5
11 48
11 36
11 7
11 41
11 1
11 30
11 3
11 28
11 40
11 4
11 20
11 42
18
12 5
12 43
12 9
12 6
12 44
12 10
12 17
12 31
12 7
12 27
12 1
12 26
12 39
12 30
12 2
12 36
12 3
12 38
22
13 11
13 19
13 40
13 25
13 6
13 34
13 37
13 28
13 15
13 14
13 33
13 8
13 7
13 10
13 30
13 42
13 1
13 49
13 24
13 9
13 12
13 27
27
14 12
14 17
14 41
14 36
14 40
14 16
14 5
14 28
14 1
14 42
14 37
14 33
14 24
14 47
14 20
14 21
14 39
14 3
14 25
14 48
14 10
14 34
14 23
14 32
14 49
14 27
14 35
17
15 37
15 38
15 21
15 4
15 42
15 6
15 12
15 33
15 14
15 43
15 40
15 35
15 41
15 17
15 32
15 39
15 0
22
16 48
16 30
16 6
16 49
16 31
16 1
16 13
16 35
16 46
16 36
16 10
16 32
16 29
16 26
16 43
16 25
16 45
16 17
16 3
16 41
16 37
16 15
18
17 48
17 21
17 4
17 49
17 24
17 11
17 38
17 29
17 46
17 34
17 0
17 33
17 39
17 2
17 18
17 35
17 10
17 41
21
18 48
18 14
18 3
18 34
18 23
18 2
18 12
18 28
18 39
18 15
18 40
18 24
18 25
18 32
18 16
18 43
18 11
18 29
18 19
18 6
18 1
21
19 15
19 14
19 38
19 40
19 41
19 17
19 27
19 9
19 7
19 21
19 26
19 22
19 25
19 46
19 12
19 44
19 5
19 6
19 47
19 36
19 37
21
20 32
20 33
20 38
20 9
20 3
20 12
20 31
20 19
20 4
20 40
20 24
20 5
20 44
20 47
20 46
20 39
20 13
20 6
20 41
20 27
20 0
26
21 13
21 8
21 32
21 10
21 45
21 35
21 40
21 39
21 16
21 2
21 4
21 48
21 28
21 20
21 43
21 18
21 11
21 47
21 22
21 33
21 34
21 12
21 46
21 38
21 9
21 7
20
22 18
22 11
22 17
22 29
22 48
22 4
22 32
22 40
22 3
22 12
22 35
22 14
22 24
22 28
22 43
22 25
22 15
22 5
22 20
22 45
19
23 34
23 15
23 31
23 2
23 24
23 0
23 11
23 19
23 30
23 9
23 20
23 12
23 27
23 35
23 45
23 13
23 29
23 22
23 1
15
24 16
24 21
24 15
24 1
24 9
24 12
24 0
24 37
24 43
24 29
24 48
24 7
24 6
24 49
24 19
23
25 31
25 10
25 17
25 37
25 3
25 20
25 1
25 6
25 49
25 41
25 40
25 44
25 15
25 48
25 27
25 2
25 0
25 29
25 47
25 26
25 9
25 5
25 46
24
26 3
26 7
26 18
26 20
26 5
26 6
26 29
26 28
26 17
26 48
26 38
26 4
26 23
26 37
26 31
26 14
26 40
26 22
26 41
26 33
26 49
26 42
26 1
26 0
20
27 30
27 33
27 6
27 43
27 18
27 17
27 40
27 42
27 44
27 36
27 48
27 21
27 1
27 4
27 0
27 45
27 41
27 7
27 24
27 22
19
28 31
28 3
28 27
28 33
28 29
28 5
28 23
28 25
28 37
28 17
28 16
28 46
28 6
28 7
28 47
28 34
28 35
28 8
28 15
22
29 45
29 41
29 12
29 1
29 33
29 5
29 15
29 2
29 38
29 13
29 39
29 31
29 30
29 37
29 8
29 42
29 21
29 34
29 6
29 36
29 14
29 40
20
30 24
30 6
30 28
30 15
30 10
30 21
30 14
30 32
30 17
30 44
30 1
30 40
30 34
30 8
30 49
30 19
30 33
30 41
30 20
30 22
21
31 42
31 30
31 5
31 43
31 14
31 10
31 11
31 13
31 27
31 36
31 21
31 1
31 24
31 17
31 35
31 18
31 47
31 22
31 49
31 0
31 37
16
32 40
32 42
32 26
32 9
32 46
32 23
32 39
32 31
32 13
32 37
32 43
32 24
32 49
32 2
32 45
32 19
18
33 47
33 42
33 34
33 31
33 10
33 36
33 11
33 6
33 32
33 25
33 12
33 22
33 18
33 1
33 2
33 24
33 16
33 9
22
34 5
34 48
34 20
34 6
34 40
34 8
34 9
34 39
34 42
34 47
34 15
34 7
34 25
34 1
34 31
34 16
34 11
34 22
34 36
34 26
34 44
34 12
19
35 42
35 34
35 49
35 1
35 4
35 30
35 41
35 27
35 18
35 39
35 13
35 43
35 12
35 10
35 11
35 37
35 24
35 20
35 5
23
36 26
36 23
36 43
36 41
36 1
36 10
36 37
36 21
36 30
36 13
36 9
36 39
36 18
36 48
36 46
36 25
36 20
36 7
36 15
36 28
36 49
36 24
36 22
17
37 21
37 46
37 40
37 44
37 6
37 48
37 2
37 34
37 38
37 20
37 45
37 18
37 30
37 12
37 27
37 47
37 33
22
38 18
38 3
38 0
38 44
38 33
38 7
38 40
38 13
38 24
38 14
38 11
38 48
38 5
38 27
38 23
38 32
38 41
38 49
38 36
38 34
38 28
38 9
19
39 16
39 31
39 40
39 28
39 1
39 23
39 8
39 41
39 11
39 27
39 33
39 44
39 26
39 45
39 10
39 43
39 30
39 42
39 24
12
40 12
40 17
40 43
40 7
40 16
40 0
40 23
40 45
40 35
40 24
40 2
40 33
18
41 34
41 3
41 32
41 18
41 23
41 5
41 13
41 48
41 22
41 43
41 6
41 12
41 31
41 21
41 49
41 44
41 28
41 37
17
42 6
42 12
42 20
42 22
42 9
42 45
42 1
42 21
42 17
42 2
42 5
42 47
42 10
42 23
42 16
42 36
42 40
21
43 37
43 5
43 9
43 8
43 4
43 33
43 11
43 14
43 20
43 48
43 6
43 44
43 10
43 38
43 28
43 19
43 25
43 17
43 7
43 26
43 13
21
44 22
44 5
44 40
44 16
44 35
44 23
44 4
44 36
44 31
44 42
44 33
44 29
44 0
44 24
44 15
44 11
44 17
44 32
44 18
44 48
44 21
16
45 38
45 49
45 25
45 26
45 15
45 20
45 5
45 17
45 43
45 28
45 18
45 12
45 14
45 46
45 11
45 44
16
46 13
46 44
46 40
46 9
46 18
46 26
46 23
46 12
46 27
46 33
46 35
46 15
46 7
46 42
46 41
46 38
25
47 38
47 2
47 45
47 18
47 16
47 26
47 29
47 39
47 7
47 35
47 15
47 30
47 17
47 44
47 12
47 40
47 22
47 49
47 1
47 11
47 43
47 23
47 27
47 32
47 6
13
48 10
48 35
48 45
48 42
48 1
48 29
48 30
48 39
48 20
48 15
48 8
48 40
48 5
19
49 44
49 48
49 29
49 0
49 33
49 12
49 11
49 34
49 19
49 20
49 3
49 46
49 22
49 2
49 6
49 23
49 15
49 27
49 37
