50
0 "A2"
1 "A16"
2 "A40"
3 "A1"
4 "A32"
5 "A23"
6 "A12"
7 "A43"
8 "A0"
9 "A14"
10 "A15"
11 "A33"
12 "A42"
13 "A31"
14 "A7"
15 "A46"
16 "A35"
17 "A27"
18 "A21"
19 "A20"
20 "A22"
21 "A41"
22 "A9"
23 "A26"
24 "A28"
25 "A36"
26 "A45"
27 "A37"
28 "A11"
29 "A24"
30 "A48"
31 "A38"
32 "A34"
33 "A8"
34 "A39"
35 "A49"
36 "A10"
37 "A47"
38 "A4"
39 "A19"
40 "A25"
41 "A13"
42 "A6"
43 "A17"
44 "A5"
45 "A44"
46 "A30"
47 "A18"
48 "A3"
49 "A29"
19
0 5
0 24
0 41
0 39
0 22
0 2
0 31
0 33
0 17
0 36
0 9
0 37
0 12
0 49
0 25
0 15
0 35
0 21
0 14
25
1 0
1 28
1 49
1 15
1 33
1 20
1 48
1 47
1 21
1 26
1 41
1 18
1 6
1 38
1 30
1 13
1 2
1 39
1 14
1 16
1 45
1 3
1 5
1 44
1 24
16
2 36
2 30
2 8
2 32
2 3
2 9
2 47
2 19
2 4
2 17
2 20
2 5
2 22
2 26
2 29
2 24
18
3 38
3 16
3 48
3 5
3 26
3 43
3 8
3 21
3 32
3 39
3 37
3 31
3 20
3 49
3 17
3 11
3 45
3 27
23
4 44
4 16
4 43
4 15
4 29
4 49
4 23
4 3
4 32
4 0
4 21
4 30
4 41
4 20
4 13
4 40
4 12
4 48
4 25
4 35
4 5
4 42
4 10
15
5 26
5 27
5 34
5 31
5 39
5 42
5 24
5 32
5 9
5 43
5 35
5 30
5 23
5 37
5 25
22
6 15
6 8
6 38
6 48
6 27
6 0
6 3
6 33
6 44
6 47
6 20
6 39
6 35
6 26
6 18
6 25
6 37
6 24
6 36
6 2
6 41
6 10
22
7 13
7 31
7 49
7 37
7 25
7 18
7 11
7 6
7 39
7 36
7 44
7 15
7 2
7 28
7 30
7 27
7 4
7 47
7 29
7 38
7 40
7 1
19
8 15
8 46
8 33
8 12
8 7
8 19
8 47
8 21
8 1
8 40
8 41
8 4
8 9
8 45
8 0
8 36
8 39
8 22
8 24
23
9 43
9 1
9 34
9 46
9 41
9 3
9 32
9 40
9 38
9 28
9 25
9 27
9 6
9 10
9 45
9 36
9 4
9 30
9 16
9 26
9 24
9 7
9 49
18
10 38
10 46
10 26
10 12
10 15
10 28
10 36
10 32
10 0
10 45
10 11
10 42
10 22
10 5
10 13
10 2
10 27
10 18
17
11 0
11 18
11 8
11 46
11 41
11 31
11 34
11 49
11 25
11 36
11 32
11 19
11 9
11 5
11 1
11 40
11 4
16
12 41
12 28
12 15
12 6
12 35
12 22
12 26
12 47
12 3
12 49
12 16
12 9
12 24
12 34
12 30
12 5
16
13 25
13 44
13 11
13 23
13 17
13 41
13 37
13 46
13 32
13 12
13 20
13 6
13 0
13 3
13 39
13 29
20
14 42
14 28
14 16
14 44
14 3
14 9
14 38
14 18
14 12
14 6
14 5
14 7
14 47
14 49
14 24
14 2
14 45
14 34
14 20
14 27
15
15 32
15 42
15 5
15 21
15 49
15 14
15 30
15 34
15 16
15 18
15 13
15 47
15 48
15 29
15 24
22
16 30
16 31
16 10
16 0
16 47
16 26
16 43
16 38
16 7
16 27
16 46
16 42
16 29
16 49
16 44
16 8
16 41
16 34
16 36
16 22
16 33
16 11
19
17 39
17 49
17 16
17 43
17 24
17 36
17 5
17 42
17 29
17 1
17 41
17 27
17 6
17 26
17 37
17 18
17 8
17 33
17 12
20
18 27
18 0
18 19
18 49
18 38
18 21
18 30
18 32
18 40
18 4
18 31
18 45
18 34
18 12
18 35
18 2
18 43
18 16
18 13
18 24
19
19 7
19 36
19 3
19 24
19 10
19 14
19 6
19 12
19 39
19 40
19 5
19 27
19 22
19 44
19 15
19 37
19 9
19 25
19 1
16
20 5
20 38
20 29
20 10
20 39
20 18
20 11
20 9
20 46
20 37
20 17
20 45
20 8
20 26
20 16
20 25
17
21 33
21 42
21 41
21 47
21 9
21 12
21 38
21 28
21 25
21 11
21 6
21 40
21 2
21 17
21 16
21 19
21 31
25
22 3
22 32
22 36
22 31
22 48
22 4
22 33
22 27
22 45
22 38
22 6
22 5
22 20
22 7
22 43
22 9
22 18
22 44
22 26
22 1
22 46
22 13
22 25
22 41
22 15
26
23 16
23 40
23 24
23 2
23 18
23 34
23 44
23 11
23 6
23 19
23 25
23 21
23 47
23 8
23 42
23 3
23 22
23 1
23 20
23 12
23 0
23 26
23 29
23 36
23 48
23 17
17
24 44
24 37
24 11
24 3
24 10
24 40
24 25
24 45
24 13
24 27
24 29
24 43
24 21
24 28
24 32
24 20
24 39
15
25 17
25 32
25 2
25 37
25 46
25 10
25 14
25 41
25 8
25 49
25 45
25 47
25 28
25 31
25 18
18
26 4
26 0
26 24
26 43
26 27
26 28
26 11
26 21
26 40
26 25
26 33
26 32
26 8
26 15
26 13
26 7
26 18
26 29
15
27 44
27 0
27 1
27 20
27 31
27 34
27 15
27 46
27 13
27 21
27 36
27 11
27 8
27 29
27 32
21
28 34
28 23
28 5
28 33
28 30
28 32
28 8
28 19
28 3
28 13
28 11
28 43
28 15
28 17
28 42
28 31
28 29
28 0
28 4
28 39
28 2
22
29 31
29 14
29 40
29 41
29 30
29 12
29 1
29 21
29 10
29 35
29 19
29 45
29 37
29 22
29 36
29 43
29 32
29 38
29 33
29 5
29 18
29 9
20
30 25
30 6
30 13
30 46
30 32
30 11
30 20
30 47
30 34
30 8
30 3
30 38
30 24
30 48
30 27
30 14
30 31
30 0
30 49
30 23
16
31 14
31 8
31 6
31 17
31 26
31 20
31 34
31 2
31 12
31 48
31 4
31 46
31 13
31 38
31 47
31 24
17
32 40
32 42
32 7
32 19
32 6
32 20
32 44
32 16
32 31
32 17
32 33
32 23
32 39
32 21
32 14
32 36
32 8
24
33 2
33 19
33 12
33 40
33 20
33 18
33 7
33 24
33 9
33 31
33 47
33 11
33 3
33 38
33 5
33 46
33 15
33 39
33 34
33 14
33 10
33 45
33 4
33 37
20
34 21
34 22
34 0
34 26
34 25
34 10
34 3
34 24
34 49
34 32
34 13
34 43
34 7
34 36
34 2
34 40
34 6
34 1
34 17
34 46
24
35 30
35 2
35 46
35 14
35 31
35 3
35 23
35 7
35 47
35 22
35 42
35 37
35 26
35 27
35 43
35 36
35 28
35 1
35 32
35 16
35 8
35 39
35 10
35 33
15
36 12
36 33
36 5
36 49
36 25
36 13
36 3
36 28
36 42
36 1
36 14
36 21
36 47
36 44
36 26
25
37 45
37 12
37 10
37 43
37 18
37 15
37 16
37 4
37 47
37 1
37 27
37 9
37 28
37 34
37 36
37 41
37 46
37 30
37 49
37 14
37 32
37 42
37 31
37 38
37 11
19
38 27
38 34
38 12
38 23
38 5
38 24
38 39
38 0
38 35
38 15
38 36
38 32
38 13
38 28
38 11
38 49
38 42
38 26
38 41
18
39 18
39 49
39 42
39 44
39 2
39 4
39 14
39 29
39 31
39 15
39 10
39 22
39 16
39 48
39 12
39 30
39 21
39 23
21
40 2
40 35
40 14
40 27
40 37
40 39
40 12
40 10
40 16
40 49
40 36
40 5
40 38
40 48
40 43
40 28
40 25
40 1
40 15
40 17
40 31
22
41 26
41 43
41 27
41 15
41 7
41 33
41 31
41 28
41 18
41 5
41 30
41 45
41 47
41 3
41 32
41 24
41 20
41 2
41 19
41 39
41 48
41 42
17
42 6
42 30
42 9
42 47
42 0
42 22
42 20
42 2
42 25
42 8
42 45
42 18
42 40
42 3
42 46
42 1
42 34
16
43 1
43 38
43 8
43 19
43 23
43 31
43 47
43 15
43 10
43 12
43 42
43 21
43 36
43 44
43 11
43 46
20
44 3
44 21
44 15
44 12
44 11
44 30
44 25
44 8
44 46
44 10
44 33
44 34
44 41
44 31
44 38
44 35
44 45
44 9
44 26
44 28
23
45 32
45 5
45 19
45 39
45 28
45 35
45 21
45 31
45 38
45 36
45 48
45 40
45 0
45 7
45 4
45 11
45 43
45 2
45 6
45 30
45 12
45 49
45 16
22
46 40
46 6
46 4
46 49
46 17
46 47
46 45
46 39
46 7
46 24
46 36
46 18
46 5
46 28
46 0
46 38
46 1
46 14
46 32
46 26
46 23
46 3
20
47 44
47 3
47 27
47 9
47 28
47 24
47 18
47 17
47 40
47 13
47 22
47 38
47 20
47 19
47 29
47 34
47 5
47 26
47 39
47 49
27
48 28
48 8
48 33
48 21
48 11
48 38
48 2
48 10
48 5
48 29
48 35
48 32
48 44
48 42
48 13
48 46
48 25
48 0
48 12
48 18
48 24
48 7
48 27
48 37
48 16
48 17
48 34
18
49 33
49 29
49 21
49 41
49 35
49 5
49 31
49 20
49 24
49 42
49 44
49 43
49 28
49 48
49 32
49 10
49 27
49 22
