50
0 "A2"
1 "A16"
2 "A40"
3 "A1"
4 "A32"
5 "A23"
6 "A12"
7 "A43"
8 "A0"
9 "A14"
10 "A15"
11 "A33"
12 "A42"
13 "A31"
14 "A7"
15 "A46"
16 "A35"
17 "A27"
18 "A21"
19 "A20"
20 "A22"
21 "A41"
22 "A9"
23 "A26"
24 "A28"
25 "A36"
26 "A45"
27 "A37"
28 "A11"
29 "A24"
30 "A48"
31 "A38"
32 "A34"
33 "A8"
34 "A39"
35 "A49"
36 "A10"
37 "A47"
38 "A4"
39 "A19"
40 "A25"
41 "A13"
42 "A6"
43 "A17"
44 "A5"
45 "A44"
46 "A30"
47 "A18"
48 "A3"
49 "A29"
12
0 49
0 15
0 31
0 22
0 35
0 6
0 25
0 21
0 47
0 24
0 30
0 9
17
1 35
1 32
1 31
1 10
1 6
1 22
1 38
1 41
1 13
1 39
1 23
1 15
1 16
1 29
1 25
1 48
1 36
22
2 6
2 47
2 32
2 49
2 19
2 22
2 0
2 33
2 9
2 26
2 46
2 24
2 12
2 4
2 20
2 39
2 15
2 1
2 27
2 30
2 11
2 7
24
3 10
3 11
3 14
3 49
3 27
3 16
3 48
3 12
3 2
3 39
3 36
3 35
3 7
3 17
3 5
3 33
3 43
3 0
3 26
3 22
3 24
3 37
3 44
3 40
22
4 5
4 37
4 36
4 12
4 13
4 0
4 15
4 3
4 31
4 30
4 32
4 47
4 16
4 48
4 1
4 44
4 14
4 29
4 22
4 20
4 26
4 11
14
5 29
5 31
5 37
5 14
5 17
5 2
5 25
5 0
5 1
5 12
5 35
5 24
5 46
5 32
21
6 16
6 29
6 39
6 35
6 11
6 24
6 37
6 47
6 36
6 17
6 34
6 5
6 33
6 45
6 23
6 22
6 32
6 21
6 44
6 3
6 38
23
7 29
7 47
7 44
7 25
7 4
7 40
7 18
7 30
7 6
7 35
7 27
7 42
7 38
7 23
7 43
7 37
7 9
7 49
7 13
7 31
7 22
7 1
7 28
23
8 1
8 13
8 48
8 36
8 45
8 37
8 24
8 15
8 4
8 41
8 46
8 9
8 12
8 21
8 40
8 2
8 22
8 27
8 39
8 43
8 18
8 30
8 31
24
9 6
9 39
9 18
9 36
9 16
9 30
9 19
9 11
9 4
9 10
9 42
9 45
9 47
9 25
9 3
9 41
9 15
9 31
9 20
9 33
9 27
9 14
9 38
9 17
21
10 40
10 21
10 34
10 32
10 44
10 20
10 26
10 19
10 6
10 36
10 49
10 46
10 17
10 35
10 29
10 30
10 45
10 48
10 7
10 42
10 14
21
11 23
11 40
11 10
11 32
11 21
11 30
11 1
11 31
11 33
11 18
11 0
11 47
11 39
11 35
11 19
11 25
11 14
11 7
11 49
11 15
11 37
19
12 22
12 24
12 47
12 10
12 41
12 30
12 25
12 6
12 26
12 34
12 0
12 42
12 35
12 1
12 11
12 13
12 49
12 7
12 36
21
13 44
13 25
13 21
13 29
13 17
13 10
13 30
13 49
13 31
13 46
13 9
13 5
13 6
13 18
13 15
13 41
13 26
13 35
13 32
13 39
13 20
17
14 0
14 6
14 16
14 18
14 45
14 8
14 24
14 7
14 47
14 44
14 36
14 30
14 27
14 22
14 20
14 48
14 43
16
15 32
15 5
15 29
15 12
15 27
15 19
15 48
15 14
15 36
15 17
15 3
15 42
15 25
15 10
15 35
15 45
20
16 5
16 32
16 8
16 29
16 21
16 28
16 33
16 22
16 44
16 26
16 0
16 10
16 19
16 25
16 11
16 17
16 39
16 34
16 31
16 42
18
17 38
17 47
17 34
17 32
17 8
17 42
17 26
17 12
17 41
17 35
17 4
17 39
17 1
17 19
17 0
17 18
17 11
17 14
17
18 23
18 48
18 5
18 49
18 34
18 45
18 1
18 12
18 6
18 3
18 4
18 32
18 36
18 16
18 2
18 10
18 41
26
19 26
19 37
19 28
19 32
19 40
19 29
19 27
19 14
19 33
19 6
19 1
19 4
19 8
19 25
19 23
19 39
19 12
19 38
19 3
19 42
19 30
19 7
19 44
19 13
19 5
19 31
23
20 25
20 44
20 42
20 7
20 23
20 16
20 11
20 15
20 41
20 49
20 17
20 21
20 18
20 8
20 3
20 22
20 0
20 19
20 39
20 12
20 45
20 6
20 43
17
21 4
21 27
21 1
21 28
21 42
21 33
21 17
21 12
21 30
21 18
21 2
21 38
21 43
21 3
21 7
21 22
21 19
18
22 43
22 19
22 15
22 26
22 27
22 31
22 23
22 40
22 5
22 11
22 33
22 29
22 41
22 34
22 18
22 13
22 35
22 44
21
23 2
23 13
23 37
23 45
23 8
23 3
23 21
23 34
23 24
23 36
23 26
23 12
23 49
23 10
23 25
23 17
23 44
23 40
23 5
23 16
23 47
20
24 29
24 16
24 32
24 17
24 44
24 20
24 4
24 47
24 18
24 36
24 13
24 39
24 34
24 10
24 33
24 21
24 1
24 27
24 35
24 11
17
25 8
25 41
25 4
25 3
25 47
25 31
25 24
25 6
25 2
25 45
25 49
25 46
25 14
25 10
25 17
25 33
25 40
17
26 30
26 36
26 9
26 1
26 43
26 27
26 15
26 28
26 8
26 25
26 49
26 11
26 39
26 37
26 33
26 14
26 42
22
27 49
27 48
27 20
27 0
27 17
27 33
27 30
27 16
27 44
27 47
27 46
27 12
27 13
27 18
27 37
27 1
27 25
27 35
27 23
27 29
27 42
27 41
29
28 41
28 5
28 30
28 11
28 20
28 49
28 45
28 22
28 33
28 6
28 25
28 12
28 10
28 47
28 32
28 29
28 17
28 13
28 14
28 39
28 8
28 37
28 23
28 38
28 1
28 15
28 2
28 27
28 24
23
29 44
29 39
29 49
29 18
29 0
29 38
29 41
29 21
29 8
29 45
29 35
29 32
29 9
29 14
29 25
29 42
29 40
29 26
29 46
29 2
29 43
29 20
29 31
21
30 25
30 29
30 5
30 47
30 15
30 36
30 34
30 33
30 49
30 16
30 3
30 18
30 20
30 17
30 24
30 48
30 44
30 35
30 37
30 23
30 22
16
31 27
31 21
31 38
31 12
31 30
31 34
31 14
31 39
31 26
31 32
31 24
31 41
31 47
31 3
31 48
31 18
16
32 21
32 8
32 23
32 26
32 40
32 46
32 0
32 25
32 36
32 39
32 20
32 22
32 42
32 7
32 27
32 45
19
33 20
33 35
33 8
33 15
33 4
33 12
33 45
33 18
33 5
33 23
33 17
33 31
33 10
33 39
33 1
33 49
33 36
33 38
33 0
18
34 25
34 14
34 11
34 32
34 21
34 1
34 15
34 7
34 2
34 5
34 8
34 26
34 3
34 0
34 37
34 39
34 19
34 33
14
35 46
35 39
35 31
35 18
35 32
35 41
35 9
35 28
35 4
35 42
35 16
35 2
35 20
35 8
15
36 44
36 21
36 22
36 16
36 35
36 49
36 17
36 47
36 11
36 25
36 28
36 29
36 0
36 13
36 34
22
37 41
37 12
37 1
37 14
37 43
37 49
37 42
37 33
37 20
37 2
37 10
37 18
37 13
37 22
37 36
37 29
37 47
37 9
37 32
37 16
37 31
37 46
20
38 20
38 27
38 12
38 44
38 18
38 0
38 14
38 4
38 8
38 3
38 36
38 10
38 22
38 26
38 48
38 32
38 2
38 34
38 40
38 35
16
39 41
39 0
39 7
39 18
39 43
39 42
39 4
39 37
39 21
39 14
39 23
39 10
39 44
39 27
39 25
39 22
24
40 37
40 17
40 31
40 34
40 12
40 36
40 21
40 5
40 48
40 49
40 2
40 20
40 43
40 28
40 13
40 39
40 30
40 16
40 14
40 27
40 24
40 6
40 46
40 33
21
41 26
41 11
41 43
41 23
41 38
41 32
41 33
41 7
41 2
41 5
41 21
41 40
41 46
41 48
41 30
41 15
41 3
41 14
41 19
41 34
41 0
23
42 14
42 8
42 49
42 34
42 36
42 18
42 22
42 45
42 24
42 11
42 3
42 31
42 25
42 28
42 46
42 1
42 23
42 40
42 2
42 30
42 38
42 0
42 48
28
43 46
43 6
43 12
43 23
43 34
43 11
43 48
43 45
43 30
43 16
43 28
43 18
43 33
43 24
43 9
43 15
43 36
43 38
43 32
43 27
43 31
43 2
43 4
43 0
43 1
43 25
43 47
43 44
19
44 15
44 40
44 35
44 18
44 11
44 1
44 28
44 25
44 17
44 34
44 33
44 42
44 41
44 45
44 49
44 9
44 2
44 37
44 12
15
45 31
45 35
45 38
45 39
45 16
45 19
45 11
45 26
45 13
45 4
45 2
45 21
45 5
45 12
45 30
16
46 6
46 28
46 47
46 7
46 45
46 15
46 16
46 11
46 24
46 14
46 1
46 30
46 44
46 39
46 4
46 22
16
47 29
47 26
47 5
47 18
47 41
47 38
47 3
47 44
47 15
47 40
47 45
47 48
47 22
47 42
47 39
47 16
17
48 5
48 33
48 17
48 37
48 35
48 16
48 49
48 21
48 39
48 25
48 23
48 13
48 36
48 22
48 24
48 11
48 44
19
49 15
49 41
49 43
49 24
49 17
49 22
49 38
49 1
49 31
49 8
49 35
49 32
49 45
49 47
49 34
49 46
49 5
49 6
49 39
