50
0 "A2"
1 "A16"
2 "A40"
3 "A1"
4 "A32"
5 "A23"
6 "A12"
7 "A43"
8 "A0"
9 "A14"
10 "A15"
11 "A33"
12 "A42"
13 "A31"
14 "A7"
15 "A46"
16 "A35"
17 "A27"
18 "A21"
19 "A20"
20 "A22"
21 "A41"
22 "A9"
23 "A26"
24 "A28"
25 "A36"
26 "A45"
27 "A37"
28 "A11"
29 "A24"
30 "A48"
31 "A38"
32 "A34"
33 "A8"
34 "A39"
35 "A49"
36 "A10"
37 "A47"
38 "A4"
39 "A19"
40 "A25"
41 "A13"
42 "A6"
43 "A17"
44 "A5"
45 "A44"
46 "A30"
47 "A18"
48 "A3"
49 "A29"
13
0 19
0 3
0 49
0 46
0 44
0 35
0 37
0 36
0 45
0 26
0 10
0 48
0 11
18
1 31
1 25
1 30
1 37
1 15
1 36
1 43
1 19
1 49
1 12
1 24
1 5
1 11
1 40
1 35
1 17
1 38
1 16
15
2 40
2 45
2 5
2 19
2 27
2 3
2 23
2 25
2 39
2 13
2 18
2 6
2 30
2 38
2 11
22
3 23
3 15
3 41
3 25
3 46
3 19
3 20
3 42
3 6
3 17
3 11
3 40
3 37
3 39
3 26
3 43
3 7
3 32
3 27
3 30
3 16
3 12
19
4 43
4 31
4 38
4 22
4 25
4 19
4 39
4 0
4 17
4 15
4 35
4 13
4 2
4 10
4 30
4 28
4 26
4 34
4 27
26
5 19
5 23
5 3
5 8
5 13
5 20
5 45
5 7
5 36
5 11
5 32
5 47
5 0
5 37
5 28
5 15
5 33
5 6
5 4
5 25
5 40
5 21
5 29
5 34
5 30
5 26
22
6 1
6 36
6 23
6 24
6 45
6 48
6 19
6 13
6 21
6 40
6 41
6 4
6 43
6 39
6 38
6 16
6 20
6 27
6 11
6 0
6 28
6 44
22
7 33
7 13
7 39
7 32
7 11
7 49
7 35
7 44
7 36
7 9
7 4
7 2
7 42
7 26
7 0
7 20
7 21
7 23
7 48
7 1
7 24
7 46
22
8 13
8 37
8 44
8 22
8 48
8 6
8 25
8 0
8 49
8 16
8 43
8 9
8 17
8 27
8 28
8 2
8 3
8 12
8 4
8 19
8 7
8 29
12
9 1
9 24
9 42
9 12
9 2
9 17
9 20
9 23
9 25
9 16
9 40
9 27
23
10 28
10 14
10 44
10 7
10 38
10 15
10 16
10 21
10 39
10 27
10 48
10 46
10 37
10 49
10 20
10 26
10 12
10 8
10 9
10 18
10 1
10 36
10 13
18
11 21
11 40
11 39
11 4
11 17
11 16
11 29
11 25
11 23
11 47
11 30
11 49
11 20
11 46
11 15
11 24
11 33
11 8
24
12 27
12 23
12 0
12 26
12 36
12 4
12 25
12 46
12 39
12 18
12 21
12 15
12 40
12 13
12 20
12 44
12 5
12 41
12 29
12 2
12 38
12 7
12 17
12 43
24
13 24
13 46
13 28
13 26
13 31
13 30
13 18
13 22
13 32
13 14
13 42
13 3
13 23
13 33
13 16
13 1
13 49
13 0
13 15
13 19
13 39
13 9
13 35
13 11
23
14 33
14 2
14 31
14 8
14 3
14 6
14 5
14 0
14 15
14 26
14 36
14 43
14 40
14 25
14 37
14 46
14 4
14 1
14 9
14 17
14 12
14 11
14 35
17
15 2
15 46
15 6
15 34
15 39
15 48
15 8
15 49
15 41
15 31
15 29
15 19
15 7
15 35
15 38
15 24
15 45
17
16 0
16 32
16 33
16 7
16 37
16 4
16 44
16 5
16 14
16 42
16 23
16 39
16 36
16 31
16 41
16 17
16 2
16
17 48
17 38
17 0
17 37
17 34
17 13
17 2
17 20
17 29
17 35
17 42
17 5
17 47
17 7
17 25
17 10
20
18 28
18 37
18 34
18 4
18 45
18 16
18 14
18 24
18 36
18 6
18 1
18 32
18 0
18 22
18 47
18 17
18 9
18 20
18 15
18 7
19
19 25
19 18
19 10
19 33
19 28
19 27
19 17
19 24
19 11
19 39
19 20
19 7
19 21
19 9
19 12
19 45
19 42
19 36
19 40
16
20 0
20 46
20 26
20 21
20 35
20 37
20 47
20 42
20 36
20 34
20 13
20 45
20 16
20 40
20 4
20 2
24
21 33
21 30
21 3
21 28
21 2
21 1
21 43
21 31
21 47
21 8
21 42
21 36
21 13
21 4
21 44
21 26
21 35
21 16
21 17
21 0
21 27
21 15
21 18
21 34
24
22 11
22 27
22 23
22 49
22 46
22 16
22 5
22 34
22 38
22 9
22 17
22 19
22 10
22 6
22 14
22 37
22 29
22 24
22 20
22 12
22 32
22 30
22 2
22 43
21
23 39
23 10
23 41
23 25
23 31
23 15
23 14
23 20
23 29
23 27
23 47
23 8
23 35
23 18
23 32
23 33
23 4
23 0
23 24
23 17
23 1
21
24 33
24 28
24 0
24 20
24 34
24 41
24 39
24 12
24 21
24 17
24 43
24 40
24 14
24 8
24 2
24 16
24 26
24 10
24 38
24 3
24 44
20
25 13
25 39
25 20
25 41
25 28
25 26
25 16
25 0
25 40
25 29
25 10
25 27
25 34
25 18
25 7
25 44
25 31
25 30
25 21
25 37
22
26 19
26 23
26 8
26 6
26 48
26 39
26 36
26 33
26 15
26 17
26 47
26 46
26 43
26 29
26 22
26 9
26 31
26 16
26 40
26 35
26 38
26 41
12
27 26
27 44
27 18
27 5
27 16
27 46
27 7
27 47
27 17
27 34
27 48
27 15
17
28 20
28 37
28 33
28 27
28 36
28 29
28 15
28 1
28 12
28 30
28 9
28 45
28 40
28 3
28 26
28 35
28 16
21
29 36
29 30
29 49
29 4
29 9
29 27
29 1
29 19
29 38
29 45
29 14
29 10
29 39
29 18
29 3
29 2
29 20
29 7
29 47
29 13
29 33
21
30 24
30 43
30 27
30 23
30 35
30 15
30 7
30 37
30 10
30 45
30 8
30 12
30 39
30 6
30 38
30 17
30 49
30 18
30 42
30 41
30 46
24
31 2
31 9
31 37
31 40
31 8
31 12
31 17
31 7
31 49
31 32
31 10
31 18
31 35
31 20
31 34
31 6
31 22
31 11
31 39
31 3
31 19
31 46
31 27
31 0
18
32 29
32 21
32 28
32 25
32 12
32 41
32 48
32 19
32 15
32 36
32 4
32 35
32 27
32 1
32 30
32 26
32 20
32 11
17
33 39
33 8
33 35
33 30
33 47
33 25
33 2
33 27
33 1
33 22
33 0
33 17
33 6
33 49
33 37
33 43
33 46
22
34 11
34 40
34 9
34 38
34 29
34 7
34 30
34 49
34 8
34 0
34 32
34 13
34 16
34 28
34 33
34 14
34 2
34 35
34 6
34 19
34 12
34 1
16
35 18
35 25
35 47
35 42
35 5
35 8
35 3
35 38
35 16
35 10
35 11
35 12
35 41
35 6
35 27
35 46
19
36 11
36 39
36 4
36 44
36 30
36 33
36 2
36 15
36 47
36 23
36 38
36 3
36 17
36 9
36 40
36 35
36 42
36 27
36 8
16
37 11
37 6
37 21
37 29
37 2
37 9
37 36
37 49
37 42
37 26
37 13
37 15
37 47
37 27
37 19
37 7
19
38 0
38 39
38 37
38 9
38 32
38 20
38 28
38 5
38 21
38 48
38 18
38 43
38 46
38 41
38 11
38 23
38 44
38 45
38 19
15
39 8
39 20
39 17
39 21
39 18
39 44
39 48
39 1
39 14
39 41
39 37
39 5
39 47
39 28
39 34
17
40 21
40 47
40 17
40 35
40 48
40 29
40 33
40 27
40 0
40 16
40 15
40 43
40 23
40 13
40 30
40 32
40 41
26
41 46
41 8
41 1
41 11
41 9
41 20
41 5
41 33
41 27
41 37
41 21
41 47
41 7
41 44
41 19
41 34
41 0
41 22
41 17
41 42
41 13
41 2
41 10
41 4
41 31
41 18
20
42 11
42 4
42 33
42 38
42 14
42 31
42 28
42 40
42 48
42 8
42 6
42 34
42 24
42 27
42 23
42 47
42 12
42 29
42 1
42 0
18
43 29
43 34
43 23
43 15
43 45
43 20
43 37
43 9
43 27
43 19
43 18
43 5
43 0
43 13
43 10
43 7
43 2
43 25
16
44 34
44 17
44 9
44 13
44 32
44 1
44 2
44 43
44 31
44 28
44 42
44 11
44 37
44 40
44 33
44 15
24
45 7
45 9
45 36
45 24
45 21
45 48
45 26
45 13
45 35
45 23
45 49
45 31
45 44
45 41
45 12
45 3
45 25
45 4
45 27
45 46
45 1
45 11
45 32
45 39
19
46 24
46 4
46 32
46 37
46 1
46 9
46 25
46 36
46 8
46 23
46 39
46 18
46 5
46 17
46 28
46 43
46 44
46 48
46 6
21
47 25
47 46
47 9
47 38
47 7
47 43
47 49
47 8
47 24
47 6
47 45
47 1
47 32
47 15
47 10
47 31
47 22
47 0
47 3
47 2
47 44
19
48 13
48 36
48 22
48 19
48 30
48 23
48 47
48 1
48 20
48 44
48 5
48 43
48 18
48 28
48 12
48 3
48 16
48 41
48 49
23
49 36
49 24
49 19
49 6
49 27
49 16
49 12
49 28
49 9
49 43
49 4
49 5
49 40
49 42
49 14
49 26
49 20
49 17
49 3
49 25
49 32
49 39
49 46
