50
0 "A3"
1 "A0"
2 "A14"
3 "A32"
4 "A6"
5 "A16"
6 "A5"
7 "A13"
8 "A21"
9 "A10"
10 "A12"
11 "A38"
12 "A18"
13 "A24"
14 "A44"
15 "A15"
16 "A29"
17 "A23"
18 "A19"
19 "A49"
20 "A36"
21 "A2"
22 "A25"
23 "A7"
24 "A17"
25 "A11"
26 "A31"
27 "A34"
28 "A27"
29 "A37"
30 "A42"
31 "A33"
32 "A30"
33 "A40"
34 "A26"
35 "A39"
36 "A47"
37 "A20"
38 "A9"
39 "A8"
40 "A48"
41 "A35"
42 "A1"
43 "A43"
44 "A45"
45 "A41"
46 "A4"
47 "A28"
48 "A46"
49 "A22"
18
0 45
0 6
0 36
0 17
0 10
0 19
0 40
0 16
0 5
0 34
0 8
0 3
0 39
0 14
0 21
0 27
0 24
0 38
17
1 24
1 5
1 28
1 48
1 15
1 17
1 46
1 33
1 20
1 43
1 40
1 36
1 34
1 13
1 42
1 45
1 11
24
2 33
2 36
2 23
2 29
2 45
2 34
2 31
2 25
2 6
2 49
2 21
2 40
2 9
2 4
2 17
2 48
2 7
2 42
2 35
2 12
2 24
2 30
2 8
2 27
18
3 28
3 17
3 49
3 5
3 11
3 4
3 15
3 44
3 48
3 46
3 12
3 19
3 45
3 35
3 2
3 31
3 1
3 6
22
4 1
4 9
4 35
4 26
4 24
4 40
4 19
4 10
4 18
4 42
4 6
4 45
4 5
4 16
4 33
4 30
4 47
4 43
4 36
4 48
4 25
4 38
18
5 9
5 35
5 43
5 46
5 45
5 40
5 44
5 27
5 16
5 20
5 41
5 28
5 13
5 8
5 48
5 19
5 30
5 23
16
6 12
6 42
6 15
6 26
6 16
6 49
6 32
6 40
6 34
6 1
6 17
6 48
6 5
6 14
6 24
6 28
18
7 6
7 13
7 38
7 5
7 18
7 44
7 41
7 0
7 11
7 3
7 31
7 4
7 17
7 20
7 26
7 21
7 47
7 19
16
8 6
8 49
8 37
8 1
8 27
8 7
8 25
8 28
8 9
8 13
8 41
8 38
8 18
8 31
8 3
8 32
19
9 0
9 37
9 35
9 36
9 43
9 17
9 48
9 19
9 28
9 33
9 26
9 27
9 6
9 20
9 46
9 3
9 34
9 47
9 23
19
10 44
10 49
10 15
10 45
10 26
10 40
10 28
10 2
10 41
10 14
10 7
10 13
10 1
10 29
10 32
10 30
10 48
10 8
10 12
21
11 44
11 5
11 8
11 33
11 27
11 17
11 6
11 14
11 40
11 25
11 18
11 16
11 41
11 38
11 31
11 9
11 49
11 48
11 2
11 45
11 37
20
12 4
12 18
12 30
12 20
12 45
12 49
12 42
12 5
12 27
12 8
12 34
12 46
12 44
12 41
12 32
12 22
12 13
12 43
12 19
12 29
12
13 19
13 31
13 26
13 3
13 48
13 20
13 42
13 32
13 4
13 35
13 27
13 9
17
14 46
14 48
14 3
14 29
14 36
14 47
14 43
14 26
14 21
14 4
14 24
14 1
14 9
14 19
14 8
14 12
14 17
17
15 18
15 36
15 31
15 20
15 26
15 21
15 8
15 0
15 39
15 47
15 5
15 25
15 43
15 42
15 14
15 28
15 49
21
16 17
16 47
16 40
16 45
16 29
16 13
16 37
16 27
16 26
16 42
16 21
16 35
16 10
16 7
16 38
16 8
16 33
16 9
16 1
16 3
16 23
18
17 27
17 34
17 25
17 45
17 41
17 29
17 38
17 5
17 35
17 33
17 24
17 44
17 36
17 8
17 15
17 39
17 32
17 4
22
18 24
18 19
18 0
18 3
18 31
18 9
18 6
18 5
18 40
18 21
18 44
18 1
18 28
18 35
18 17
18 45
18 32
18 13
18 10
18 43
18 39
18 25
20
19 46
19 10
19 22
19 40
19 21
19 32
19 6
19 49
19 36
19 8
19 33
19 20
19 41
19 16
19 11
19 23
19 2
19 27
19 25
19 1
18
20 17
20 23
20 14
20 44
20 21
20 3
20 49
20 10
20 2
20 34
20 32
20 0
20 16
20 29
20 22
20 8
20 43
20 4
17
21 8
21 42
21 30
21 1
21 39
21 44
21 31
21 40
21 22
21 12
21 33
21 41
21 6
21 35
21 43
21 38
21 10
30
22 17
22 0
22 7
22 46
22 18
22 9
22 32
22 13
22 45
22 10
22 43
22 4
22 31
22 41
22 5
22 39
22 2
22 25
22 6
22 48
22 38
22 16
22 27
22 24
22 30
22 35
22 37
22 47
22 34
22 11
20
23 29
23 14
23 4
23 49
23 47
23 6
23 21
23 27
23 22
23 33
23 34
23 39
23 18
23 31
23 17
23 10
23 0
23 25
23 13
23 40
22
24 34
24 25
24 7
24 31
24 21
24 13
24 10
24 27
24 8
24 46
24 16
24 44
24 9
24 37
24 45
24 35
24 23
24 29
24 3
24 5
24 20
24 15
21
25 0
25 13
25 26
25 21
25 47
25 3
25 16
25 41
25 30
25 10
25 29
25 38
25 49
25 33
25 12
25 9
25 28
25 45
25 5
25 35
25 44
20
26 17
26 36
26 38
26 24
26 21
26 2
26 29
26 33
26 39
26 45
26 11
26 47
26 3
26 30
26 12
26 20
26 5
26 32
26 23
26 31
15
27 28
27 34
27 15
27 7
27 3
27 10
27 38
27 40
27 1
27 18
27 4
27 47
27 44
27 37
27 20
27
28 33
28 13
28 37
28 4
28 47
28 14
28 49
28 26
28 16
28 22
28 46
28 36
28 17
28 2
28 34
28 45
28 0
28 48
28 21
28 23
28 7
28 43
28 30
28 12
28 11
28 35
28 24
22
29 27
29 11
29 18
29 34
29 36
29 5
29 15
29 19
29 1
29 45
29 13
29 38
29 32
29 49
29 0
29 31
29 33
29 21
29 22
29 43
29 8
29 30
22
30 35
30 18
30 7
30 27
30 47
30 9
30 38
30 31
30 23
30 15
30 11
30 37
30 16
30 14
30 13
30 40
30 6
30 43
30 17
30 1
30 20
30 32
19
31 36
31 42
31 41
31 16
31 19
31 43
31 28
31 37
31 0
31 17
31 40
31 4
31 32
31 27
31 14
31 12
31 10
31 46
31 45
22
32 37
32 15
32 9
32 49
32 41
32 21
32 42
32 24
32 36
32 2
32 14
32 28
32 39
32 11
32 25
32 3
32 5
32 7
32 46
32 27
32 0
32 4
19
33 14
33 7
33 20
33 31
33 34
33 12
33 5
33 0
33 49
33 30
33 27
33 48
33 39
33 24
33 42
33 18
33 36
33 6
33 47
21
34 47
34 31
34 10
34 26
34 7
34 19
34 40
34 39
34 21
34 32
34 5
34 49
34 4
34 16
34 42
34 8
34 25
34 11
34 15
34 30
34 35
20
35 26
35 49
35 27
35 11
35 43
35 37
35 46
35 33
35 8
35 19
35 31
35 23
35 39
35 1
35 38
35 15
35 7
35 10
35 0
35 20
17
36 6
36 7
36 27
36 8
36 40
36 47
36 30
36 16
36 34
36 20
36 5
36 42
36 12
36 21
36 46
36 3
36 23
23
37 12
37 34
37 17
37 7
37 25
37 1
37 47
37 23
37 21
37 48
37 4
37 19
37 15
37 38
37 45
37 49
37 13
37 20
37 44
37 10
37 2
37 43
37 3
19
38 9
38 34
38 5
38 28
38 39
38 10
38 13
38 47
38 3
38 2
38 32
38 12
38 20
38 6
38 46
38 33
38 19
38 48
38 41
21
39 11
39 45
39 20
39 19
39 5
39 49
39 46
39 25
39 48
39 8
39 14
39 6
39 29
39 42
39 1
39 28
39 13
39 7
39 24
39 36
39 37
18
40 33
40 3
40 9
40 45
40 8
40 29
40 37
40 13
40 7
40 25
40 44
40 24
40 49
40 38
40 15
40 14
40 32
40 35
25
41 1
41 26
41 29
41 20
41 45
41 49
41 14
41 23
41 33
41 2
41 43
41 24
41 18
41 30
41 27
41 4
41 3
41 16
41 6
41 42
41 35
41 46
41 40
41 34
41 28
14
42 20
42 38
42 25
42 7
42 23
42 37
42 3
42 18
42 49
42 29
42 30
42 26
42 10
42 28
20
43 6
43 0
43 23
43 8
43 32
43 38
43 2
43 49
43 27
43 13
43 36
43 39
43 11
43 40
43 26
43 34
43 46
43 42
43 10
43 17
23
44 35
44 14
44 23
44 30
44 16
44 33
44 2
44 26
44 9
44 34
44 19
44 29
44 41
44 6
44 43
44 42
44 49
44 22
44 31
44 38
44 39
44 28
44 36
17
45 15
45 33
45 49
45 13
45 44
45 8
45 7
45 47
45 21
45 36
45 34
45 30
45 19
45 42
45 43
45 38
45 9
20
46 40
46 7
46 49
46 27
46 6
46 45
46 30
46 25
46 44
46 2
46 21
46 20
46 48
46 18
46 26
46 4
46 23
46 10
46 47
46 13
18
47 19
47 43
47 21
47 1
47 2
47 41
47 49
47 10
47 12
47 39
47 29
47 31
47 13
47 18
47 8
47 42
47 35
47 48
21
48 24
48 7
48 18
48 30
48 36
48 16
48 31
48 21
48 40
48 35
48 0
48 26
48 42
48 44
48 12
48 8
48 25
48 34
48 32
48 29
48 23
16
49 0
49 5
49 4
49 48
49 26
49 13
49 16
49 9
49 38
49 30
49 7
49 22
49 31
49 27
49 24
49 17
