50
0 "A22"
1 "A44"
2 "A8"
3 "A45"
4 "A26"
5 "A9"
6 "A18"
7 "A43"
8 "A16"
9 "A4"
10 "A33"
11 "A48"
12 "A23"
13 "A35"
14 "A3"
15 "A2"
16 "A25"
17 "A13"
18 "A46"
19 "A10"
20 "A24"
21 "A49"
22 "A6"
23 "A20"
24 "A41"
25 "A27"
26 "A19"
27 "A38"
28 "A32"
29 "A15"
30 "A36"
31 "A28"
32 "A31"
33 "A21"
34 "A42"
35 "A34"
36 "A1"
37 "A29"
38 "A11"
39 "A5"
40 "A0"
41 "A12"
42 "A40"
43 "A30"
44 "A37"
45 "A47"
46 "A7"
47 "A17"
48 "A14"
49 "A39"
21
0 12
0 44
0 5
0 46
0 45
0 35
0 38
0 19
0 36
0 11
0 49
0 14
0 6
0 2
0 31
0 48
0 41
0 39
0 16
0 3
0 13
17
1 49
1 44
1 7
1 5
1 13
1 41
1 15
1 38
1 28
1 36
1 27
1 32
1 0
1 4
1 43
1 42
1 47
17
2 43
2 48
2 21
2 35
2 32
2 42
2 9
2 40
2 38
2 34
2 19
2 24
2 8
2 14
2 11
2 7
2 30
22
3 38
3 39
3 42
3 45
3 16
3 29
3 15
3 19
3 6
3 8
3 43
3 34
3 25
3 12
3 27
3 24
3 20
3 4
3 23
3 46
3 36
3 10
19
4 21
4 11
4 24
4 19
4 31
4 40
4 17
4 18
4 25
4 2
4 15
4 10
4 38
4 9
4 12
4 41
4 30
4 20
4 27
17
5 17
5 32
5 11
5 13
5 7
5 30
5 48
5 6
5 26
5 20
5 24
5 37
5 33
5 21
5 38
5 8
5 43
19
6 4
6 27
6 12
6 33
6 39
6 22
6 41
6 9
6 49
6 18
6 42
6 26
6 28
6 44
6 36
6 17
6 34
6 46
6 43
24
7 43
7 34
7 14
7 6
7 4
7 29
7 21
7 33
7 17
7 26
7 15
7 49
7 32
7 44
7 16
7 31
7 0
7 19
7 35
7 47
7 8
7 13
7 23
7 3
17
8 33
8 48
8 42
8 17
8 4
8 49
8 19
8 40
8 30
8 44
8 1
8 0
8 16
8 46
8 43
8 47
8 15
18
9 3
9 19
9 34
9 0
9 25
9 8
9 38
9 33
9 5
9 36
9 45
9 14
9 16
9 7
9 27
9 1
9 11
9 40
21
10 40
10 43
10 0
10 21
10 37
10 45
10 49
10 23
10 47
10 26
10 14
10 38
10 22
10 33
10 18
10 2
10 30
10 9
10 46
10 17
10 35
19
11 8
11 47
11 15
11 1
11 37
11 21
11 31
11 7
11 28
11 45
11 24
11 44
11 16
11 20
11 10
11 34
11 23
11 33
11 6
23
12 14
12 39
12 40
12 11
12 2
12 47
12 20
12 43
12 9
12 36
12 5
12 7
12 8
12 21
12 45
12 13
12 23
12 19
12 34
12 18
12 49
12 32
12 1
20
13 45
13 2
13 48
13 46
13 49
13 30
13 26
13 44
13 10
13 40
13 8
13 9
13 21
13 17
13 28
13 4
13 18
13 33
13 11
13 23
18
14 44
14 18
14 5
14 3
14 16
14 42
14 1
14 30
14 26
14 46
14 41
14 48
14 20
14 28
14 24
14 13
14 11
14 47
19
15 9
15 13
15 42
15 12
15 5
15 27
15 22
15 0
15 25
15 6
15 48
15 14
15 30
15 49
15 21
15 2
15 28
15 19
15 24
23
16 15
16 27
16 12
16 49
16 21
16 46
16 5
16 30
16 4
16 23
16 1
16 45
16 2
16 20
16 42
16 48
16 29
16 47
16 18
16 41
16 40
16 26
16 39
21
17 27
17 3
17 11
17 2
17 9
17 45
17 25
17 28
17 48
17 21
17 49
17 36
17 14
17 47
17 23
17 24
17 40
17 1
17 44
17 31
17 39
22
18 28
18 3
18 38
18 24
18 11
18 25
18 21
18 19
18 40
18 47
18 23
18 0
18 17
18 43
18 7
18 8
18 30
18 15
18 1
18 32
18 46
18 2
17
19 10
19 30
19 35
19 26
19 14
19 1
19 17
19 48
19 6
19 28
19 29
19 24
19 13
19 42
19 32
19 21
19 47
20
20 29
20 19
20 17
20 2
20 39
20 40
20 26
20 47
20 30
20 8
20 18
20 44
20 15
20 9
20 7
20 21
20 25
20 27
20 34
20 1
14
21 9
21 28
21 8
21 27
21 22
21 42
21 37
21 36
21 3
21 6
21 35
21 40
21 46
21 0
21
22 4
22 14
22 17
22 36
22 49
22 47
22 8
22 40
22 32
22 30
22 33
22 39
22 1
22 42
22 46
22 43
22 25
22 12
22 41
22 27
22 2
18
23 1
23 44
23 47
23 22
23 39
23 2
23 38
23 9
23 15
23 40
23 26
23 4
23 5
23 37
23 25
23 46
23 36
23 19
21
24 28
24 9
24 6
24 20
24 29
24 21
24 36
24 23
24 8
24 38
24 7
24 16
24 0
24 39
24 37
24 47
24 45
24 13
24 1
24 44
24 25
22
25 47
25 27
25 36
25 39
25 0
25 21
25 40
25 28
25 6
25 29
25 8
25 10
25 16
25 46
25 7
25 26
25 12
25 13
25 43
25 38
25 42
25 5
19
26 48
26 33
26 1
26 15
26 28
26 46
26 34
26 41
26 24
26 9
26 30
26 27
26 39
26 21
26 4
26 11
26 8
26 42
26 40
17
27 41
27 49
27 37
27 7
27 19
27 31
27 24
27 18
27 5
27 0
27 38
27 14
27 33
27 44
27 11
27 30
27 10
17
28 39
28 22
28 35
28 2
28 8
28 4
28 3
28 0
28 40
28 45
28 41
28 12
28 5
28 27
28 16
28 23
28 9
21
29 4
29 8
29 27
29 6
29 22
29 10
29 34
29 31
29 9
29 30
29 21
29 28
29 11
29 39
29 23
29 40
29 12
29 45
29 48
29 2
29 1
13
30 41
30 17
30 12
30 28
30 3
30 37
30 48
30 49
30 11
30 6
30 25
30 38
30 21
27
31 8
31 48
31 13
31 28
31 47
31 23
31 34
31 44
31 2
31 40
31 6
31 21
31 15
31 3
31 16
31 20
31 37
31 9
31 18
31 24
31 46
31 41
31 35
31 49
31 32
31 26
31 22
26
32 26
32 39
32 11
32 45
32 3
32 49
32 34
32 29
32 28
32 30
32 13
32 9
32 4
32 14
32 35
32 44
32 24
32 27
32 17
32 38
32 23
32 25
32 40
32 36
32 8
32 0
20
33 31
33 29
33 21
33 30
33 36
33 23
33 16
33 1
33 24
33 39
33 3
33 12
33 40
33 14
33 4
33 18
33 25
33 38
33 2
33 46
18
34 10
34 4
34 45
34 14
34 15
34 42
34 1
34 8
34 33
34 17
34 0
34 23
34 48
34 19
34 39
34 22
34 16
34 30
23
35 46
35 30
35 20
35 13
35 11
35 29
35 22
35 39
35 24
35 6
35 15
35 12
35 3
35 27
35 25
35 5
35 9
35 17
35 34
35 4
35 16
35 38
35 18
17
36 29
36 35
36 15
36 5
36 20
36 13
36 28
36 14
36 7
36 10
36 8
36 4
36 48
36 41
36 18
36 30
36 27
24
37 22
37 42
37 13
37 6
37 34
37 26
37 14
37 3
37 0
37 17
37 41
37 2
37 8
37 12
37 29
37 1
37 15
37 49
37 4
37 40
37 33
37 20
37 39
37 16
13
38 28
38 6
38 20
38 36
38 7
38 8
38 43
38 11
38 17
38 12
38 14
38 16
38 22
14
39 47
39 5
39 19
39 46
39 36
39 38
39 11
39 42
39 30
39 18
39 21
39 45
39 31
39 15
13
40 42
40 19
40 5
40 30
40 15
40 11
40 14
40 35
40 3
40 34
40 27
40 36
40 7
23
41 11
41 47
41 23
41 5
41 17
41 21
41 12
41 13
41 7
41 34
41 35
41 32
41 49
41 48
41 15
41 10
41 33
41 44
41 45
41 39
41 9
41 29
41 20
19
42 32
42 7
42 24
42 4
42 5
42 45
42 35
42 28
42 41
42 30
42 44
42 49
42 13
42 18
42 48
42 29
42 20
42 27
42 12
23
43 17
43 27
43 23
43 4
43 30
43 49
43 46
43 24
43 35
43 41
43 13
43 44
43 48
43 21
43 32
43 42
43 36
43 28
43 9
43 37
43 14
43 16
43 34
19
44 21
44 2
44 25
44 26
44 37
44 9
44 39
44 35
44 12
44 22
44 30
44 49
44 40
44 4
44 15
44 16
44 29
44 33
44 38
21
45 43
45 14
45 44
45 40
45 7
45 8
45 21
45 30
45 2
45 36
45 1
45 5
45 19
45 46
45 22
45 38
45 6
45 25
45 4
45 20
45 27
22
46 32
46 17
46 27
46 44
46 11
46 48
46 4
46 30
46 7
46 47
46 24
46 34
46 19
46 1
46 38
46 12
46 37
46 29
46 40
46 42
46 41
46 28
22
47 45
47 15
47 34
47 0
47 6
47 4
47 43
47 35
47 38
47 28
47 9
47 44
47 32
47 26
47 40
47 27
47 13
47 33
47 29
47 42
47 5
47 3
20
48 39
48 37
48 27
48 35
48 1
48 21
48 25
48 7
48 22
48 40
48 32
48 33
48 20
48 38
48 44
48 6
48 3
48 28
48 12
48 10
19
49 19
49 14
49 21
49 20
49 40
49 23
49 46
49 35
49 38
49 2
49 33
49 24
49 5
49 45
49 26
49 25
49 39
49 18
49 47
