50
0 "A22"
1 "A44"
2 "A8"
3 "A45"
4 "A26"
5 "A9"
6 "A18"
7 "A43"
8 "A16"
9 "A4"
10 "A33"
11 "A48"
12 "A23"
13 "A35"
14 "A3"
15 "A2"
16 "A25"
17 "A13"
18 "A46"
19 "A10"
20 "A24"
21 "A49"
22 "A6"
23 "A20"
24 "A41"
25 "A27"
26 "A19"
27 "A38"
28 "A32"
29 "A15"
30 "A36"
31 "A28"
32 "A31"
33 "A21"
34 "A42"
35 "A34"
36 "A1"
37 "A29"
38 "A11"
39 "A5"
40 "A0"
41 "A12"
42 "A40"
43 "A30"
44 "A37"
45 "A47"
46 "A7"
47 "A17"
48 "A14"
49 "A39"
23
0 36
0 31
0 42
0 38
0 16
0 4
0 17
0 11
0 29
0 13
0 2
0 35
0 48
0 18
0 19
0 30
0 24
0 7
0 14
0 44
0 21
0 26
0 47
19
1 10
1 12
1 17
1 32
1 41
1 36
1 38
1 19
1 9
1 7
1 14
1 25
1 48
1 20
1 26
1 5
1 35
1 30
1 34
16
2 47
2 15
2 48
2 3
2 18
2 31
2 21
2 10
2 14
2 12
2 24
2 6
2 9
2 29
2 46
2 26
16
3 1
3 17
3 44
3 10
3 13
3 18
3 29
3 21
3 19
3 40
3 33
3 49
3 9
3 45
3 38
3 48
22
4 26
4 13
4 33
4 8
4 34
4 25
4 5
4 17
4 41
4 20
4 46
4 14
4 47
4 39
4 38
4 10
4 9
4 31
4 22
4 1
4 3
4 42
18
5 17
5 41
5 34
5 47
5 19
5 8
5 36
5 28
5 24
5 7
5 46
5 2
5 9
5 13
5 32
5 10
5 3
5 42
19
6 33
6 43
6 46
6 9
6 19
6 26
6 12
6 36
6 16
6 30
6 42
6 32
6 31
6 24
6 44
6 4
6 41
6 3
6 40
24
7 38
7 40
7 47
7 41
7 37
7 9
7 35
7 15
7 27
7 6
7 12
7 30
7 10
7 39
7 48
7 17
7 8
7 20
7 29
7 43
7 2
7 11
7 49
7 45
21
8 30
8 21
8 29
8 33
8 1
8 6
8 11
8 46
8 16
8 12
8 10
8 35
8 49
8 27
8 45
8 3
8 42
8 13
8 32
8 22
8 0
12
9 46
9 39
9 34
9 25
9 36
9 0
9 47
9 21
9 43
9 41
9 22
9 12
17
10 9
10 25
10 19
10 40
10 27
10 20
10 43
10 17
10 12
10 49
10 30
10 46
10 14
10 15
10 47
10 6
10 23
20
11 17
11 37
11 3
11 12
11 38
11 26
11 40
11 2
11 33
11 5
11 43
11 39
11 28
11 36
11 22
11 16
11 1
11 10
11 13
11 21
16
12 27
12 32
12 37
12 20
12 49
12 30
12 34
12 19
12 0
12 26
12 5
12 41
12 14
12 38
12 29
12 4
16
13 15
13 30
13 42
13 9
13 17
13 12
13 33
13 23
13 41
13 18
13 27
13 26
13 32
13 24
13 29
13 6
15
14 48
14 25
14 3
14 18
14 38
14 46
14 32
14 19
14 7
14 26
14 49
14 33
14 11
14 27
14 30
21
15 32
15 12
15 8
15 4
15 18
15 35
15 1
15 40
15 14
15 27
15 11
15 49
15 26
15 34
15 36
15 0
15 5
15 19
15 38
15 16
15 9
22
16 3
16 28
16 41
16 10
16 22
16 47
16 14
16 46
16 40
16 27
16 18
16 45
16 17
16 7
16 21
16 42
16 48
16 38
16 13
16 12
16 31
16 23
13
17 12
17 35
17 37
17 6
17 18
17 33
17 43
17 38
17 45
17 2
17 30
17 8
17 42
20
18 5
18 41
18 30
18 26
18 10
18 4
18 45
18 6
18 39
18 8
18 20
18 44
18 24
18 28
18 11
18 19
18 27
18 35
18 7
18 46
16
19 8
19 38
19 2
19 9
19 46
19 33
19 47
19 30
19 37
19 7
19 39
19 4
19 45
19 16
19 26
19 11
23
20 23
20 22
20 27
20 48
20 2
20 40
20 3
20 14
20 42
20 45
20 16
20 15
20 5
20 33
20 34
20 9
20 0
20 11
20 29
20 8
20 49
20 6
20 19
16
21 4
21 6
21 40
21 10
21 26
21 27
21 32
21 33
21 13
21 12
21 5
21 45
21 23
21 29
21 15
21 41
24
22 47
22 6
22 17
22 41
22 5
22 15
22 24
22 3
22 32
22 31
22 13
22 1
22 40
22 34
22 19
22 44
22 37
22 39
22 18
22 28
22 12
22 10
22 7
22 0
26
23 39
23 7
23 15
23 8
23 9
23 35
23 47
23 40
23 3
23 18
23 31
23 38
23 49
23 12
23 45
23 0
23 17
23 19
23 29
23 4
23 44
23 33
23 11
23 2
23 43
23 5
15
24 9
24 14
24 3
24 39
24 28
24 8
24 4
24 15
24 23
24 25
24 10
24 7
24 16
24 49
24 20
23
25 2
25 13
25 39
25 35
25 8
25 18
25 43
25 41
25 30
25 23
25 37
25 11
25 3
25 15
25 47
25 21
25 17
25 22
25 12
25 33
25 36
25 26
25 31
17
26 5
26 8
26 49
26 30
26 41
26 44
26 9
26 16
26 39
26 45
26 23
26 28
26 20
26 40
26 32
26 36
26 37
19
27 9
27 45
27 32
27 5
27 3
27 31
27 23
27 11
27 24
27 22
27 33
27 41
27 38
27 39
27 35
27 17
27 28
27 26
27 2
21
28 7
28 9
28 23
28 33
28 30
28 29
28 31
28 25
28 20
28 3
28 37
28 8
28 36
28 14
28 13
28 46
28 21
28 41
28 34
28 47
28 2
18
29 18
29 42
29 11
29 6
29 17
29 26
29 31
29 33
29 16
29 14
29 35
29 10
29 9
29 24
29 22
29 19
29 38
29 43
18
30 3
30 23
30 24
30 46
30 37
30 15
30 49
30 32
30 9
30 5
30 21
30 4
30 20
30 41
30 22
30 27
30 43
30 11
20
31 32
31 37
31 20
31 17
31 1
31 49
31 48
31 26
31 12
31 24
31 9
31 38
31 18
31 7
31 8
31 5
31 35
31 3
31 44
31 11
15
32 49
32 28
32 23
32 29
32 3
32 2
32 38
32 20
32 10
32 42
32 11
32 17
32 0
32 16
32 7
21
33 37
33 16
33 0
33 32
33 46
33 2
33 30
33 38
33 10
33 39
33 7
33 18
33 12
33 40
33 1
33 24
33 9
33 31
33 35
33 44
33 5
21
34 48
34 11
34 47
34 6
34 49
34 17
34 18
34 14
34 10
34 40
34 2
34 36
34 8
34 33
34 26
34 31
34 29
34 27
34 46
34 44
34 13
13
35 5
35 26
35 21
35 13
35 43
35 45
35 32
35 12
35 14
35 10
35 22
35 9
35 11
25
36 22
36 4
36 30
36 14
36 19
36 27
36 44
36 37
36 20
36 13
36 35
36 38
36 29
36 8
36 41
36 40
36 18
36 21
36 33
36 12
36 10
36 23
36 42
36 17
36 24
15
37 49
37 1
37 21
37 14
37 43
37 2
37 3
37 34
37 0
37 10
37 6
37 46
37 23
37 15
37 45
15
38 13
38 9
38 30
38 2
38 41
38 49
38 10
38 28
38 8
38 18
38 6
38 42
38 26
38 34
38 5
27
39 28
39 3
39 38
39 15
39 13
39 49
39 46
39 2
39 42
39 21
39 5
39 1
39 35
39 17
39 47
39 12
39 14
39 32
39 37
39 43
39 44
39 41
39 16
39 34
39 10
39 0
39 8
20
40 18
40 28
40 0
40 39
40 41
40 44
40 12
40 25
40 9
40 4
40 13
40 38
40 19
40 46
40 17
40 31
40 14
40 30
40 8
40 45
24
41 19
41 34
41 42
41 8
41 45
41 24
41 31
41 29
41 3
41 37
41 15
41 33
41 2
41 44
41 23
41 10
41 11
41 32
41 43
41 49
41 0
41 35
41 20
41 17
19
42 19
42 33
42 2
42 30
42 28
42 48
42 10
42 26
42 37
42 7
42 24
42 14
42 46
42 9
42 18
42 23
42 3
42 15
42 1
23
43 49
43 46
43 36
43 8
43 13
43 40
43 24
43 34
43 16
43 31
43 0
43 26
43 2
43 32
43 5
43 28
43 20
43 21
43 33
43 45
43 15
43 38
43 42
23
44 27
44 12
44 1
44 32
44 46
44 30
44 4
44 7
44 13
44 2
44 14
44 17
44 8
44 11
44 5
44 9
44 16
44 43
44 10
44 42
44 21
44 29
44 38
22
45 42
45 30
45 9
45 32
45 0
45 48
45 6
45 4
45 13
45 12
45 2
45 11
45 24
45 34
45 15
45 44
45 22
45 38
45 5
45 14
45 33
45 25
19
46 21
46 38
46 7
46 3
46 11
46 22
46 0
46 29
46 12
46 24
46 15
46 41
46 20
46 27
46 17
46 45
46 23
46 26
46 1
27
47 1
47 48
47 21
47 43
47 14
47 6
47 32
47 45
47 38
47 35
47 8
47 46
47 18
47 26
47 42
47 29
47 15
47 41
47 27
47 3
47 17
47 40
47 33
47 49
47 44
47 11
47 31
24
48 11
48 28
48 37
48 9
48 23
48 8
48 18
48 15
48 33
48 43
48 26
48 5
48 4
48 29
48 27
48 36
48 32
48 19
48 30
48 10
48 17
48 21
48 25
48 46
21
49 17
49 5
49 40
49 45
49 29
49 4
49 35
49 36
49 42
49 19
49 21
49 6
49 27
49 11
49 48
49 28
49 44
49 2
49 46
49 33
49 25
