50
0 "A22"
1 "A44"
2 "A8"
3 "A45"
4 "A26"
5 "A9"
6 "A18"
7 "A43"
8 "A16"
9 "A4"
10 "A33"
11 "A48"
12 "A23"
13 "A35"
14 "A3"
15 "A2"
16 "A25"
17 "A13"
18 "A46"
19 "A10"
20 "A24"
21 "A49"
22 "A6"
23 "A20"
24 "A41"
25 "A27"
26 "A19"
27 "A38"
28 "A32"
29 "A15"
30 "A36"
31 "A28"
32 "A31"
33 "A21"
34 "A42"
35 "A34"
36 "A1"
37 "A29"
38 "A11"
39 "A5"
40 "A0"
41 "A12"
42 "A40"
43 "A30"
44 "A37"
45 "A47"
46 "A7"
47 "A17"
48 "A14"
49 "A39"
21
0 28
0 43
0 14
0 25
0 47
0 18
0 16
0 44
0 9
0 10
0 48
0 21
0 22
0 42
0 5
0 17
0 3
0 30
0 11
0 29
0 46
16
1 5
1 18
1 47
1 3
1 25
1 15
1 0
1 8
1 10
1 16
1 26
1 32
1 41
1 35
1 37
1 38
24
2 7
2 14
2 18
2 41
2 37
2 3
2 32
2 24
2 35
2 11
2 40
2 47
2 8
2 33
2 36
2 48
2 20
2 19
2 43
2 46
2 27
2 22
2 49
2 30
21
3 49
3 20
3 46
3 12
3 29
3 33
3 38
3 42
3 45
3 23
3 27
3 14
3 34
3 41
3 16
3 31
3 24
3 6
3 47
3 18
3 48
22
4 43
4 32
4 34
4 15
4 20
4 48
4 13
4 0
4 19
4 35
4 6
4 42
4 9
4 27
4 26
4 24
4 38
4 3
4 1
4 18
4 47
4 7
21
5 24
5 31
5 7
5 42
5 43
5 34
5 41
5 2
5 16
5 13
5 4
5 6
5 49
5 27
5 23
5 40
5 30
5 37
5 8
5 10
5 20
18
6 34
6 1
6 2
6 11
6 32
6 10
6 36
6 48
6 23
6 17
6 28
6 20
6 49
6 8
6 0
6 13
6 29
6 39
13
7 6
7 3
7 35
7 0
7 16
7 8
7 38
7 1
7 28
7 47
7 31
7 46
7 30
15
8 19
8 18
8 27
8 32
8 34
8 16
8 30
8 9
8 42
8 35
8 40
8 17
8 45
8 20
8 41
16
9 5
9 13
9 48
9 7
9 14
9 25
9 16
9 45
9 40
9 29
9 3
9 34
9 19
9 20
9 39
9 24
20
10 27
10 33
10 43
10 8
10 16
10 24
10 45
10 36
10 7
10 28
10 13
10 4
10 29
10 35
10 9
10 38
10 3
10 15
10 2
10 47
17
11 3
11 15
11 38
11 48
11 32
11 5
11 7
11 1
11 45
11 13
11 9
11 19
11 23
11 4
11 8
11 30
11 18
24
12 20
12 10
12 11
12 4
12 37
12 44
12 32
12 39
12 27
12 13
12 36
12 6
12 40
12 7
12 28
12 25
12 41
12 1
12 23
12 0
12 9
12 30
12 8
12 14
18
13 32
13 37
13 29
13 35
13 8
13 23
13 14
13 45
13 1
13 16
13 27
13 3
13 17
13 41
13 28
13 49
13 30
13 18
20
14 11
14 8
14 1
14 21
14 17
14 4
14 25
14 32
14 28
14 27
14 47
14 6
14 44
14 10
14 24
14 26
14 46
14 19
14 37
14 15
25
15 23
15 31
15 6
15 8
15 12
15 9
15 0
15 20
15 46
15 44
15 13
15 2
15 18
15 41
15 33
15 25
15 28
15 39
15 36
15 19
15 29
15 3
15 32
15 22
15 7
19
16 19
16 17
16 21
16 36
16 41
16 29
16 37
16 15
16 34
16 25
16 40
16 2
16 18
16 23
16 44
16 43
16 42
16 11
16 4
20
17 2
17 10
17 4
17 34
17 23
17 15
17 27
17 11
17 9
17 1
17 5
17 28
17 39
17 33
17 45
17 20
17 19
17 29
17 3
17 30
19
18 20
18 38
18 37
18 12
18 45
18 49
18 14
18 31
18 29
18 34
18 5
18 9
18 46
18 22
18 10
18 25
18 21
18 47
18 6
20
19 38
19 7
19 0
19 27
19 18
19 34
19 45
19 26
19 13
19 23
19 3
19 5
19 20
19 22
19 47
19 35
19 43
19 21
19 46
19 10
15
20 45
20 38
20 10
20 1
20 34
20 25
20 13
20 31
20 11
20 22
20 27
20 43
20 48
20 14
20 29
22
21 34
21 5
21 44
21 4
21 15
21 38
21 33
21 7
21 46
21 25
21 12
21 32
21 36
21 26
21 6
21 13
21 2
21 43
21 10
21 17
21 11
21 8
24
22 6
22 31
22 11
22 5
22 37
22 7
22 38
22 27
22 43
22 1
22 28
22 47
22 12
22 8
22 29
22 3
22 9
22 42
22 13
22 17
22 30
22 25
22 21
22 14
17
23 37
23 1
23 9
23 0
23 29
23 34
23 25
23 24
23 14
23 20
23 10
23 22
23 2
23 21
23 40
23 30
23 26
22
24 22
24 12
24 46
24 33
24 47
24 48
24 1
24 13
24 36
24 41
24 15
24 34
24 44
24 21
24 11
24 29
24 26
24 20
24 40
24 0
24 8
24 16
18
25 26
25 6
25 19
25 17
25 33
25 45
25 13
25 36
25 34
25 4
25 37
25 3
25 42
25 24
25 10
25 29
25 40
25 44
29
26 5
26 2
26 46
26 33
26 30
26 12
26 9
26 37
26 48
26 35
26 7
26 44
26 6
26 8
26 29
26 39
26 40
26 22
26 10
26 34
26 49
26 0
26 20
26 28
26 18
26 16
26 13
26 42
26 43
18
27 1
27 0
27 26
27 6
27 34
27 38
27 21
27 16
27 35
27 7
27 11
27 23
27 15
27 45
27 24
27 9
27 49
27 29
23
28 5
28 25
28 36
28 27
28 8
28 2
28 16
28 44
28 20
28 19
28 35
28 24
28 34
28 18
28 11
28 31
28 49
28 42
28 1
28 41
28 40
28 48
28 3
17
29 32
29 11
29 31
29 37
29 21
29 12
29 1
29 42
29 4
29 39
29 14
29 41
29 46
29 47
29 7
29 38
29 5
12
30 47
30 37
30 28
30 4
30 6
30 29
30 43
30 9
30 45
30 34
30 10
30 1
16
31 13
31 21
31 23
31 1
31 4
31 2
31 11
31 19
31 32
31 24
31 9
31 17
31 39
31 41
31 26
31 43
20
32 38
32 10
32 19
32 5
32 28
32 30
32 16
32 43
32 0
32 7
32 36
32 20
32 35
32 25
32 26
32 33
32 24
32 46
32 18
32 27
18
33 27
33 18
33 20
33 39
33 13
33 47
33 35
33 30
33 23
33 29
33 0
33 9
33 7
33 5
33 49
33 19
33 11
33 28
10
34 31
34 35
34 40
34 1
34 33
34 14
34 22
34 37
34 12
34 38
18
35 21
35 40
35 49
35 11
35 6
35 25
35 23
35 3
35 20
35 47
35 0
35 48
35 43
35 15
35 12
35 14
35 31
35 38
21
36 27
36 37
36 4
36 30
36 34
36 7
36 26
36 3
36 13
36 42
36 35
36 38
36 0
36 9
36 29
36 23
36 22
36 5
36 17
36 31
36 1
13
37 33
37 10
37 20
37 6
37 11
37 19
37 17
37 7
37 45
37 21
37 15
37 4
37 3
19
38 23
38 16
38 12
38 8
38 47
38 37
38 30
38 0
38 2
38 5
38 33
38 40
38 49
38 26
38 31
38 17
38 24
38 13
38 48
28
39 47
39 1
39 5
39 11
39 19
39 4
39 0
39 32
39 20
39 7
39 16
39 23
39 27
39 24
39 13
39 28
39 38
39 35
39 14
39 2
39 21
39 22
39 25
39 43
39 30
39 34
39 10
39 8
20
40 21
40 7
40 36
40 27
40 47
40 37
40 20
40 39
40 4
40 44
40 43
40 33
40 10
40 11
40 14
40 15
40 6
40 42
40 19
40 18
24
41 48
41 30
41 6
41 35
41 18
41 46
41 23
41 36
41 11
41 7
41 47
41 20
41 4
41 37
41 40
41 10
41 22
41 14
41 19
41 32
41 21
41 25
41 17
41 49
18
42 21
42 41
42 17
42 27
42 6
42 19
42 30
42 13
42 20
42 37
42 15
42 43
42 31
42 46
42 18
42 12
42 34
42 24
20
43 48
43 41
43 23
43 3
43 38
43 25
43 29
43 34
43 13
43 28
43 15
43 45
43 14
43 36
43 24
43 9
43 12
43 44
43 18
43 17
27
44 48
44 38
44 19
44 29
44 36
44 31
44 30
44 23
44 45
44 18
44 49
44 33
44 27
44 37
44 11
44 7
44 4
44 17
44 22
44 2
44 9
44 5
44 47
44 39
44 13
44 42
44 35
23
45 35
45 21
45 38
45 14
45 39
45 36
45 26
45 22
45 12
45 24
45 15
45 0
45 41
45 34
45 33
45 47
45 4
45 2
45 46
45 32
45 5
45 7
45 16
18
46 31
46 34
46 33
46 1
46 11
46 38
46 36
46 4
46 28
46 17
46 39
46 37
46 6
46 20
46 10
46 48
46 13
46 22
20
47 12
47 8
47 48
47 43
47 32
47 37
47 5
47 17
47 34
47 16
47 42
47 15
47 23
47 46
47 31
47 25
47 11
47 20
47 13
47 28
16
48 12
48 16
48 39
48 36
48 19
48 10
48 37
48 27
48 14
48 32
48 30
48 7
48 5
48 18
48 1
48 8
25
49 47
49 45
49 15
49 14
49 4
49 12
49 43
49 48
49 22
49 20
49 21
49 46
49 37
49 39
49 1
49 8
49 17
49 40
49 32
49 34
49 23
49 7
49 29
49 19
49 30
