50
0 "A22"
1 "A44"
2 "A8"
3 "A45"
4 "A26"
5 "A9"
6 "A18"
7 "A43"
8 "A16"
9 "A4"
10 "A33"
11 "A48"
12 "A23"
13 "A35"
14 "A3"
15 "A2"
16 "A25"
17 "A13"
18 "A46"
19 "A10"
20 "A24"
21 "A49"
22 "A6"
23 "A20"
24 "A41"
25 "A27"
26 "A19"
27 "A38"
28 "A32"
29 "A15"
30 "A36"
31 "A28"
32 "A31"
33 "A21"
34 "A42"
35 "A34"
36 "A1"
37 "A29"
38 "A11"
39 "A5"
40 "A0"
41 "A12"
42 "A40"
43 "A30"
44 "A37"
45 "A47"
46 "A7"
47 "A17"
48 "A14"
49 "A39"
21
0 28
0 43
0 29
0 42
0 40
0 25
0 20
0 48
0 34
0 39
0 3
0 18
0 11
0 16
0 9
0 49
0 44
0 35
0 17
0 21
0 30
22
1 16
1 15
1 35
1 5
1 28
1 7
1 37
1 38
1 18
1 31
1 4
1 48
1 0
1 23
1 45
1 17
1 41
1 8
1 33
1 26
1 3
1 24
21
2 36
2 20
2 5
2 14
2 3
2 27
2 24
2 7
2 22
2 11
2 33
2 25
2 45
2 19
2 41
2 13
2 18
2 17
2 48
2 49
2 0
26
3 7
3 32
3 12
3 26
3 8
3 39
3 11
3 15
3 10
3 14
3 49
3 43
3 34
3 44
3 46
3 6
3 23
3 31
3 20
3 41
3 45
3 48
3 38
3 16
3 33
3 18
17
4 24
4 18
4 33
4 43
4 37
4 26
4 34
4 7
4 20
4 13
4 35
4 22
4 11
4 0
4 6
4 15
4 9
22
5 20
5 4
5 31
5 23
5 42
5 22
5 25
5 41
5 46
5 13
5 6
5 40
5 14
5 30
5 10
5 33
5 34
5 29
5 8
5 3
5 24
5 43
21
6 11
6 32
6 10
6 28
6 36
6 45
6 33
6 23
6 17
6 1
6 0
6 20
6 48
6 8
6 29
6 9
6 24
6 34
6 21
6 13
6 2
15
7 5
7 0
7 35
7 31
7 42
7 20
7 44
7 18
7 26
7 17
7 8
7 47
7 13
7 6
7 16
21
8 22
8 37
8 20
8 18
8 13
8 45
8 27
8 30
8 34
8 11
8 42
8 36
8 15
8 41
8 26
8 32
8 29
8 0
8 19
8 17
8 46
21
9 43
9 19
9 29
9 3
9 45
9 16
9 20
9 13
9 10
9 5
9 14
9 39
9 11
9 47
9 7
9 22
9 21
9 40
9 42
9 15
9 34
18
10 4
10 16
10 40
10 27
10 1
10 47
10 8
10 26
10 36
10 7
10 32
10 43
10 13
10 24
10 38
10 12
10 35
10 45
16
11 33
11 32
11 48
11 19
11 36
11 1
11 12
11 25
11 45
11 26
11 10
11 5
11 28
11 7
11 20
11 18
19
12 23
12 1
12 32
12 39
12 14
12 13
12 17
12 36
12 37
12 46
12 6
12 28
12 0
12 38
12 7
12 2
12 9
12 25
12 4
19
13 35
13 17
13 23
13 14
13 29
13 1
13 18
13 30
13 16
13 25
13 26
13 31
13 19
13 3
13 49
13 34
13 37
13 0
13 41
21
14 8
14 1
14 21
14 26
14 46
14 32
14 40
14 25
14 16
14 47
14 24
14 10
14 19
14 4
14 37
14 45
14 39
14 15
14 44
14 11
14 42
19
15 41
15 23
15 29
15 6
15 20
15 39
15 46
15 48
15 30
15 7
15 18
15 12
15 25
15 33
15 28
15 36
15 44
15 32
15 19
22
16 17
16 21
16 36
16 18
16 12
16 44
16 37
16 15
16 34
16 28
16 43
16 25
16 46
16 49
16 23
16 6
16 40
16 2
16 4
16 29
16 20
16 19
21
17 34
17 5
17 15
17 45
17 32
17 28
17 33
17 36
17 20
17 47
17 14
17 31
17 30
17 26
17 29
17 21
17 3
17 23
17 11
17 10
17 4
16
18 36
18 45
18 27
18 26
18 29
18 31
18 22
18 5
18 10
18 25
18 17
18 14
18 34
18 21
18 12
18 20
15
19 27
19 38
19 22
19 0
19 32
19 30
19 3
19 1
19 26
19 20
19 18
19 42
19 6
19 7
19 21
13
20 49
20 38
20 26
20 36
20 1
20 40
20 29
20 31
20 35
20 24
20 25
20 14
20 13
19
21 15
21 38
21 12
21 7
21 46
21 25
21 10
21 32
21 45
21 5
21 8
21 13
21 28
21 31
21 11
21 34
21 2
21 44
21 43
22
22 6
22 29
22 11
22 25
22 47
22 30
22 1
22 33
22 28
22 20
22 21
22 35
22 3
22 14
22 32
22 12
22 7
22 0
22 13
22 10
22 45
22 48
15
23 0
23 21
23 14
23 26
23 4
23 34
23 9
23 25
23 7
23 2
23 24
23 37
23 40
23 22
23 8
16
24 40
24 8
24 17
24 46
24 35
24 44
24 38
24 28
24 43
24 21
24 34
24 9
24 12
24 41
24 11
24 13
15
25 27
25 36
25 49
25 30
25 37
25 24
25 17
25 26
25 6
25 40
25 10
25 44
25 46
25 33
25 34
19
26 0
26 21
26 6
26 42
26 34
26 22
26 48
26 16
26 37
26 5
26 28
26 39
26 33
26 29
26 12
26 35
26 9
26 27
26 47
26
27 16
27 11
27 23
27 9
27 14
27 29
27 41
27 1
27 17
27 47
27 35
27 6
27 34
27 24
27 12
27 15
27 38
27 0
27 3
27 45
27 40
27 21
27 31
27 20
27 39
27 44
22
28 3
28 27
28 34
28 2
28 9
28 35
28 14
28 36
28 44
28 20
28 19
28 7
28 40
28 49
28 18
28 48
28 43
28 10
28 5
28 25
28 4
28 29
15
29 32
29 14
29 37
29 46
29 21
29 12
29 25
29 42
29 41
29 1
29 3
29 34
29 7
29 38
29 4
17
30 45
30 34
30 1
30 20
30 47
30 9
30 4
30 27
30 7
30 21
30 3
30 2
30 40
30 6
30 23
30 16
30 14
20
31 48
31 24
31 32
31 2
31 43
31 23
31 28
31 41
31 26
31 29
31 10
31 42
31 19
31 39
31 25
31 15
31 37
31 46
31 16
31 49
15
32 18
32 36
32 46
32 5
32 28
32 16
32 34
32 0
32 24
32 40
32 41
32 20
32 23
32 43
32 7
24
33 27
33 18
33 20
33 39
33 13
33 47
33 30
33 46
33 35
33 37
33 16
33 42
33 23
33 24
33 7
33 19
33 49
33 29
33 28
33 41
33 32
33 8
33 0
33 31
12
34 22
34 40
34 48
34 33
34 14
34 41
34 1
34 12
34 38
34 2
34 35
34 10
14
35 38
35 40
35 6
35 23
35 3
35 19
35 47
35 25
35 48
35 15
35 21
35 2
35 18
35 29
21
36 37
36 4
36 30
36 9
36 3
36 13
36 39
36 31
36 34
36 14
36 23
36 1
36 38
36 29
36 41
36 5
36 24
36 22
36 33
36 7
36 27
21
37 19
37 7
37 24
37 18
37 10
37 3
37 15
37 2
37 9
37 21
37 5
37 28
37 20
37 11
37 6
37 32
37 27
37 35
37 47
37 17
37 40
21
38 49
38 48
38 30
38 23
38 31
38 42
38 22
38 25
38 16
38 13
38 0
38 7
38 37
38 6
38 8
38 26
38 18
38 5
38 4
38 2
38 40
27
39 20
39 11
39 19
39 38
39 21
39 32
39 8
39 24
39 42
39 48
39 13
39 16
39 28
39 2
39 6
39 35
39 43
39 34
39 5
39 7
39 30
39 4
39 25
39 17
39 10
39 23
39 1
19
40 44
40 17
40 4
40 39
40 15
40 46
40 6
40 8
40 19
40 21
40 12
40 7
40 26
40 42
40 18
40 43
40 1
40 13
40 11
21
41 40
41 21
41 10
41 35
41 44
41 12
41 18
41 37
41 7
41 22
41 14
41 11
41 23
41 17
41 47
41 16
41 19
41 46
41 25
41 30
41 38
21
42 41
42 27
42 18
42 34
42 23
42 20
42 1
42 15
42 30
42 37
42 25
42 2
42 17
42 3
42 12
42 44
42 24
42 6
42 21
42 10
42 36
24
43 29
43 42
43 19
43 48
43 33
43 35
43 30
43 15
43 8
43 17
43 23
43 22
43 49
43 41
43 25
43 34
43 13
43 14
43 45
43 36
43 26
43 18
43 6
43 11
25
44 19
44 29
44 36
44 31
44 30
44 23
44 17
44 39
44 22
44 33
44 12
44 1
44 10
44 8
44 37
44 2
44 26
44 13
44 5
44 47
44 11
44 43
44 32
44 48
44 38
22
45 24
45 47
45 5
45 32
45 25
45 40
45 39
45 34
45 26
45 28
45 13
45 29
45 4
45 15
45 12
45 20
45 0
45 38
45 41
45 33
45 7
45 16
25
46 28
46 34
46 38
46 1
46 11
46 0
46 36
46 4
46 17
46 37
46 9
46 6
46 45
46 43
46 20
46 39
46 10
46 13
46 26
46 7
46 23
46 48
46 22
46 30
46 2
17
47 42
47 31
47 23
47 11
47 48
47 13
47 28
47 12
47 3
47 39
47 8
47 5
47 6
47 16
47 38
47 25
47 46
18
48 36
48 16
48 30
48 27
48 14
48 9
48 37
48 19
48 7
48 5
48 13
48 17
48 25
48 18
48 8
48 23
48 12
48 21
21
49 21
49 19
49 47
49 29
49 1
49 14
49 4
49 12
49 48
49 46
49 37
49 8
49 27
49 17
49 22
49 5
49 39
49 6
49 30
49 7
49 40
