50
0 "A22"
1 "A44"
2 "A8"
3 "A45"
4 "A26"
5 "A9"
6 "A18"
7 "A43"
8 "A16"
9 "A4"
10 "A33"
11 "A48"
12 "A23"
13 "A35"
14 "A3"
15 "A2"
16 "A25"
17 "A13"
18 "A46"
19 "A10"
20 "A24"
21 "A49"
22 "A6"
23 "A20"
24 "A41"
25 "A27"
26 "A19"
27 "A38"
28 "A32"
29 "A15"
30 "A36"
31 "A28"
32 "A31"
33 "A21"
34 "A42"
35 "A34"
36 "A1"
37 "A29"
38 "A11"
39 "A5"
40 "A0"
41 "A12"
42 "A40"
43 "A30"
44 "A37"
45 "A47"
46 "A7"
47 "A17"
48 "A14"
49 "A39"
19
0 25
0 27
0 15
0 45
0 28
0 49
0 42
0 19
0 14
0 48
0 44
0 1
0 2
0 30
0 40
0 47
0 3
0 33
0 17
24
1 28
1 38
1 24
1 15
1 23
1 7
1 46
1 16
1 26
1 37
1 4
1 33
1 8
1 35
1 10
1 40
1 19
1 25
1 31
1 49
1 45
1 6
1 30
1 5
18
2 4
2 36
2 46
2 6
2 15
2 40
2 30
2 45
2 44
2 32
2 11
2 14
2 47
2 49
2 21
2 1
2 37
2 27
22
3 2
3 33
3 20
3 47
3 16
3 39
3 8
3 31
3 1
3 46
3 4
3 19
3 18
3 41
3 24
3 14
3 23
3 29
3 38
3 36
3 7
3 9
17
4 40
4 30
4 24
4 21
4 0
4 22
4 11
4 16
4 48
4 32
4 15
4 31
4 25
4 10
4 29
4 18
4 37
25
5 31
5 4
5 20
5 32
5 19
5 43
5 8
5 17
5 15
5 25
5 29
5 28
5 45
5 11
5 9
5 24
5 22
5 10
5 46
5 16
5 33
5 0
5 41
5 2
5 42
25
6 24
6 9
6 46
6 43
6 33
6 14
6 8
6 32
6 48
6 23
6 17
6 34
6 29
6 49
6 30
6 22
6 5
6 28
6 0
6 36
6 13
6 4
6 44
6 47
6 39
21
7 18
7 44
7 37
7 20
7 49
7 14
7 38
7 5
7 35
7 11
7 17
7 24
7 46
7 25
7 13
7 22
7 30
7 2
7 12
7 16
7 9
16
8 32
8 2
8 36
8 27
8 41
8 26
8 16
8 25
8 10
8 29
8 13
8 44
8 19
8 33
8 4
8 45
19
9 32
9 24
9 39
9 31
9 2
9 4
9 15
9 45
9 8
9 43
9 22
9 27
9 0
9 11
9 29
9 1
9 25
9 14
9 49
16
10 37
10 24
10 45
10 21
10 11
10 35
10 43
10 39
10 20
10 32
10 7
10 42
10 38
10 0
10 18
10 2
18
11 18
11 0
11 26
11 34
11 42
11 6
11 44
11 3
11 45
11 13
11 49
11 48
11 16
11 1
11 20
11 28
11 23
11 40
22
12 23
12 20
12 30
12 6
12 47
12 31
12 0
12 32
12 2
12 16
12 9
12 29
12 34
12 46
12 1
12 27
12 11
12 4
12 8
12 21
12 28
12 17
21
13 3
13 12
13 26
13 34
13 35
13 32
13 9
13 27
13 0
13 15
13 25
13 24
13 4
13 23
13 44
13 22
13 49
13 47
13 41
13 46
13 1
20
14 11
14 16
14 45
14 42
14 17
14 44
14 8
14 40
14 49
14 46
14 10
14 23
14 21
14 47
14 19
14 13
14 12
14 35
14 39
14 15
20
15 22
15 38
15 25
15 29
15 19
15 36
15 48
15 47
15 8
15 18
15 40
15 11
15 31
15 34
15 32
15 6
15 44
15 10
15 45
15 46
17
16 38
16 17
16 43
16 22
16 36
16 40
16 27
16 2
16 35
16 6
16 44
16 29
16 13
16 9
16 15
16 21
16 46
23
17 9
17 40
17 41
17 38
17 24
17 11
17 19
17 15
17 21
17 45
17 29
17 1
17 2
17 13
17 47
17 33
17 44
17 10
17 30
17 3
17 34
17 46
17 20
19
18 31
18 17
18 37
18 22
18 41
18 45
18 20
18 2
18 1
18 26
18 19
18 6
18 33
18 27
18 5
18 44
18 21
18 36
18 14
20
19 10
19 4
19 40
19 20
19 39
19 25
19 29
19 34
19 46
19 30
19 6
19 48
19 28
19 36
19 32
19 45
19 21
19 7
19 16
19 27
21
20 42
20 15
20 9
20 24
20 26
20 25
20 49
20 43
20 40
20 0
20 1
20 36
20 31
20 6
20 32
20 14
20 23
20 2
20 22
20 39
20 41
24
21 24
21 40
21 37
21 49
21 20
21 31
21 32
21 36
21 9
21 11
21 43
21 48
21 15
21 46
21 0
21 1
21 35
21 13
21 25
21 7
21 44
21 8
21 5
21 39
17
22 1
22 47
22 30
22 45
22 28
22 8
22 24
22 42
22 49
22 3
22 0
22 37
22 19
22 2
22 41
22 14
22 36
22
23 31
23 8
23 15
23 40
23 2
23 10
23 44
23 7
23 22
23 35
23 30
23 21
23 49
23 24
23 5
23 48
23 25
23 34
23 37
23 16
23 0
23 19
18
24 27
24 46
24 8
24 16
24 29
24 49
24 0
24 18
24 41
24 42
24 19
24 38
24 14
24 44
24 45
24 11
24 47
24 15
12
25 27
25 37
25 3
25 35
25 26
25 46
25 49
25 14
25 36
25 10
25 2
25 30
25
26 27
26 36
26 48
26 39
26 28
26 29
26 37
26 35
26 16
26 32
26 49
26 14
26 23
26 42
26 10
26 4
26 30
26 22
26 6
26 21
26 17
26 7
26 24
26 43
26 34
24
27 42
27 10
27 20
27 38
27 11
27 29
27 23
27 32
27 43
27 15
27 33
27 3
27 40
27 30
27 17
27 41
27 49
27 6
27 48
27 39
27 21
27 46
27 45
27 7
23
28 18
28 25
28 35
28 20
28 27
28 2
28 8
28 34
28 3
28 38
28 29
28 32
28 21
28 9
28 23
28 45
28 41
28 13
28 15
28 36
28 24
28 40
28 7
19
29 22
29 7
29 41
29 30
29 21
29 37
29 32
29 1
29 2
29 18
29 23
29 40
29 34
29 14
29 13
29 49
29 38
29 35
29 11
16
30 16
30 47
30 3
30 37
30 34
30 11
30 24
30 45
30 21
30 36
30 40
30 41
30 46
30 49
30 15
30 42
22
31 39
31 49
31 44
31 32
31 37
31 36
31 19
31 17
31 2
31 25
31 26
31 28
31 0
31 24
31 30
31 41
31 48
31 6
31 10
31 16
31 46
31 29
15
32 43
32 16
32 40
32 48
32 11
32 7
32 49
32 41
32 17
32 35
32 30
32 22
32 44
32 25
32 14
22
33 32
33 48
33 21
33 20
33 12
33 14
33 11
33 4
33 38
33 46
33 41
33 2
33 9
33 13
33 24
33 28
33 15
33 22
33 30
33 25
33 49
33 31
15
34 3
34 39
34 22
34 0
34 24
34 33
34 25
34 46
34 5
34 43
34 4
34 14
34 37
34 8
34 41
26
35 3
35 2
35 34
35 46
35 12
35 38
35 44
35 0
35 6
35 47
35 40
35 11
35 45
35 4
35 20
35 31
35 17
35 48
35 18
35 8
35 9
35 22
35 19
35 27
35 30
35 41
21
36 39
36 43
36 7
36 4
36 9
36 34
36 0
36 23
36 12
36 24
36 42
36 13
36 35
36 48
36 10
36 32
36 33
36 38
36 1
36 11
36 5
20
37 15
37 17
37 11
37 5
37 20
37 0
37 48
37 9
37 8
37 24
37 6
37 16
37 28
37 27
37 35
37 3
37 13
37 43
37 49
37 39
22
38 26
38 34
38 0
38 5
38 18
38 11
38 12
38 2
38 32
38 31
38 13
38 42
38 45
38 37
38 6
38 20
38 22
38 40
38 9
38 4
38 25
38 19
21
39 16
39 2
39 7
39 35
39 24
39 4
39 22
39 38
39 48
39 29
39 12
39 18
39 1
39 5
39 25
39 28
39 46
39 17
39 44
39 15
39 42
18
40 31
40 12
40 13
40 44
40 26
40 7
40 18
40 34
40 36
40 45
40 41
40 43
40 24
40 3
40 33
40 47
40 10
40 37
21
41 21
41 11
41 2
41 14
41 12
41 16
41 4
41 6
41 23
41 43
41 38
41 47
41 19
41 0
41 25
41 46
41 44
41 39
41 1
41 9
41 37
18
42 34
42 28
42 43
42 29
42 32
42 1
42 37
42 23
42 49
42 25
42 18
42 17
42 8
42 35
42 46
42 3
42 45
42 16
17
43 8
43 29
43 15
43 23
43 3
43 44
43 7
43 0
43 25
43 30
43 19
43 31
43 33
43 11
43 24
43 17
43 1
20
44 33
44 28
44 9
44 48
44 29
44 42
44 4
44 36
44 45
44 3
44 26
44 25
44 34
44 20
44 47
44 38
44 19
44 22
44 46
44 1
14
45 25
45 20
45 39
45 31
45 16
45 12
45 36
45 13
45 7
45 43
45 6
45 49
45 33
45 4
17
46 45
46 43
46 48
46 26
46 29
46 47
46 22
46 9
46 18
46 37
46 10
46 36
46 38
46 23
46 40
46 11
46 0
19
47 9
47 49
47 16
47 32
47 45
47 31
47 1
47 21
47 48
47 19
47 23
47 26
47 34
47 18
47 38
47 33
47 4
47 28
47 11
20
48 18
48 22
48 20
48 9
48 7
48 16
48 8
48 45
48 38
48 10
48 49
48 42
48 40
48 1
48 17
48 25
48 29
48 14
48 5
48 3
9
49 19
49 40
49 39
49 4
49 44
49 5
49 28
49 36
49 17
