50
0 "A28"
1 "A24"
2 "A37"
3 "A30"
4 "A26"
5 "A33"
6 "A17"
7 "A38"
8 "A21"
9 "A23"
10 "A8"
11 "A20"
12 "A7"
13 "A1"
14 "A43"
15 "A4"
16 "A5"
17 "A44"
18 "A48"
19 "A45"
20 "A18"
21 "A36"
22 "A47"
23 "A12"
24 "A11"
25 "A15"
26 "A9"
27 "A19"
28 "A46"
29 "A27"
30 "A49"
31 "A29"
32 "A3"
33 "A34"
34 "A39"
35 "A6"
36 "A16"
37 "A35"
38 "A41"
39 "A42"
40 "A13"
41 "A2"
42 "A10"
43 "A40"
44 "A22"
45 "A25"
46 "A31"
47 "A0"
48 "A32"
49 "A14"
18
0 42
0 13
0 17
0 4
0 45
0 14
0 35
0 43
0 1
0 26
0 37
0 19
0 28
0 9
0 38
0 40
0 34
0 6
12
1 39
1 26
1 21
1 13
1 22
1 8
1 12
1 40
1 11
1 42
1 38
1 48
28
2 9
2 38
2 22
2 30
2 19
2 18
2 44
2 8
2 3
2 21
2 1
2 27
2 10
2 32
2 6
2 47
2 49
2 34
2 13
2 33
2 36
2 28
2 15
2 26
2 25
2 17
2 0
2 7
14
3 33
3 18
3 15
3 19
3 13
3 43
3 40
3 49
3 48
3 9
3 26
3 0
3 34
3 36
22
4 1
4 43
4 48
4 14
4 46
4 17
4 27
4 29
4 34
4 41
4 10
4 13
4 36
4 32
4 40
4 7
4 5
4 45
4 6
4 2
4 15
4 47
25
5 28
5 24
5 44
5 2
5 49
5 1
5 33
5 3
5 37
5 17
5 19
5 47
5 13
5 34
5 30
5 41
5 16
5 23
5 25
5 15
5 12
5 42
5 43
5 9
5 27
24
6 3
6 15
6 45
6 32
6 37
6 25
6 22
6 27
6 7
6 40
6 1
6 41
6 49
6 9
6 5
6 26
6 29
6 23
6 42
6 47
6 12
6 39
6 46
6 17
23
7 47
7 9
7 25
7 36
7 32
7 30
7 49
7 11
7 31
7 14
7 40
7 5
7 26
7 29
7 45
7 1
7 41
7 15
7 46
7 8
7 28
7 24
7 21
16
8 9
8 24
8 18
8 38
8 11
8 49
8 5
8 44
8 30
8 0
8 25
8 6
8 34
8 37
8 31
8 10
20
9 12
9 37
9 27
9 35
9 22
9 13
9 4
9 48
9 20
9 18
9 39
9 17
9 26
9 43
9 14
9 23
9 40
9 15
9 24
9 10
17
10 19
10 11
10 22
10 40
10 5
10 3
10 31
10 0
10 23
10 26
10 43
10 16
10 49
10 30
10 44
10 1
10 25
18
11 9
11 36
11 18
11 43
11 49
11 25
11 6
11 3
11 31
11 4
11 24
11 17
11 20
11 41
11 0
11 15
11 19
11 30
26
12 48
12 38
12 27
12 24
12 19
12 3
12 26
12 31
12 49
12 4
12 8
12 35
12 21
12 0
12 30
12 20
12 34
12 47
12 37
12 15
12 18
12 22
12 43
12 11
12 10
12 39
20
13 7
13 11
13 31
13 8
13 38
13 40
13 21
13 46
13 37
13 12
13 43
13 44
13 34
13 20
13 15
13 30
13 10
13 22
13 17
13 47
28
14 26
14 47
14 33
14 43
14 22
14 12
14 5
14 32
14 11
14 21
14 36
14 42
14 24
14 25
14 45
14 37
14 10
14 1
14 13
14 16
14 30
14 8
14 6
14 34
14 15
14 35
14 38
14 41
15
15 38
15 47
15 16
15 17
15 24
15 39
15 42
15 21
15 20
15 0
15 41
15 36
15 22
15 27
15 45
28
16 12
16 11
16 29
16 26
16 45
16 2
16 24
16 44
16 34
16 36
16 46
16 49
16 22
16 40
16 48
16 30
16 21
16 27
16 47
16 8
16 4
16 3
16 17
16 41
16 6
16 18
16 9
16 39
14
17 20
17 24
17 36
17 26
17 3
17 25
17 14
17 28
17 27
17 21
17 1
17 43
17 46
17 48
13
18 15
18 25
18 36
18 4
18 46
18 38
18 33
18 1
18 20
18 45
18 48
18 17
18 0
21
19 15
19 13
19 24
19 38
19 32
19 25
19 9
19 8
19 40
19 42
19 35
19 20
19 43
19 36
19 14
19 7
19 4
19 1
19 28
19 31
19 21
15
20 43
20 16
20 47
20 3
20 30
20 45
20 0
20 10
20 49
20 33
20 14
20 39
20 6
20 21
20 4
17
21 4
21 0
21 48
21 44
21 10
21 24
21 26
21 38
21 49
21 11
21 36
21 5
21 18
21 23
21 39
21 42
21 47
19
22 27
22 18
22 20
22 23
22 19
22 40
22 8
22 4
22 24
22 37
22 25
22 49
22 11
22 45
22 5
22 39
22 35
22 44
22 3
22
23 27
23 14
23 45
23 20
23 8
23 18
23 1
23 33
23 17
23 15
23 2
23 7
23 13
23 30
23 12
23 43
23 32
23 0
23 16
23 35
23 34
23 31
12
24 4
24 6
24 42
24 3
24 18
24 45
24 13
24 48
24 25
24 32
24 34
24 2
19
25 23
25 45
25 44
25 13
25 9
25 12
25 16
25 21
25 1
25 32
25 15
25 20
25 0
25 30
25 42
25 28
25 3
25 40
25 43
21
26 42
26 20
26 34
26 8
26 4
26 15
26 39
26 28
26 24
26 13
26 35
26 45
26 18
26 30
26 46
26 25
26 43
26 23
26 11
26 19
26 37
15
27 10
27 42
27 38
27 35
27 3
27 47
27 11
27 13
27 0
27 18
27 20
27 44
27 19
27 7
27 14
25
28 13
28 3
28 49
28 15
28 16
28 30
28 47
28 40
28 9
28 31
28 18
28 12
28 41
28 42
28 27
28 23
28 33
28 43
28 4
28 10
28 21
28 8
28 11
28 22
28 36
20
29 35
29 21
29 36
29 12
29 19
29 42
29 44
29 18
29 10
29 15
29 23
29 40
29 2
29 22
29 11
29 38
29 17
29 33
29 14
29 27
21
30 35
30 36
30 40
30 1
30 24
30 41
30 33
30 34
30 29
30 21
30 15
30 3
30 17
30 37
30 32
30 42
30 0
30 6
30 4
30 38
30 43
20
31 9
31 27
31 15
31 38
31 0
31 2
31 5
31 29
31 22
31 6
31 45
31 16
31 17
31 30
31 21
31 32
31 35
31 1
31 18
31 4
24
32 16
32 21
32 3
32 5
32 18
32 0
32 49
32 17
32 9
32 13
32 42
32 39
32 36
32 43
32 22
32 10
32 29
32 20
32 15
32 12
32 44
32 27
32 40
32 34
27
33 4
33 48
33 11
33 24
33 44
33 12
33 0
33 17
33 6
33 19
33 15
33 26
33 8
33 25
33 35
33 22
33 47
33 32
33 34
33 46
33 27
33 42
33 9
33 37
33 39
33 16
33 40
17
34 9
34 31
34 1
34 38
34 39
34 19
34 15
34 20
34 11
34 29
34 25
34 45
34 22
34 28
34 21
34 10
34 37
25
35 40
35 43
35 41
35 20
35 5
35 28
35 24
35 11
35 10
35 46
35 2
35 13
35 17
35 37
35 15
35 8
35 21
35 6
35 25
35 4
35 44
35 16
35 1
35 36
35 34
15
36 27
36 38
36 13
36 33
36 22
36 31
36 26
36 48
36 1
36 42
36 25
36 44
36 0
36 34
36 5
20
37 47
37 27
37 3
37 23
37 7
37 40
37 48
37 2
37 29
37 45
37 1
37 36
37 17
37 24
37 32
37 15
37 42
37 21
37 31
37 10
20
38 26
38 22
38 33
38 23
38 43
38 10
38 48
38 5
38 45
38 40
38 35
38 42
38 39
38 44
38 16
38 7
38 11
38 37
38 24
38 20
20
39 13
39 3
39 0
39 4
39 8
39 24
39 40
39 47
39 31
39 25
39 29
39 18
39 14
39 17
39 5
39 48
39 30
39 27
39 28
39 41
12
40 48
40 24
40 45
40 8
40 47
40 23
40 41
40 2
40 20
40 5
40 27
40 11
14
41 29
41 9
41 19
41 38
41 1
41 24
41 18
41 10
41 34
41 20
41 0
41 8
41 33
41 21
18
42 18
42 49
42 31
42 44
42 48
42 34
42 7
42 2
42 45
42 13
42 20
42 10
42 3
42 4
42 16
42 9
42 23
42 46
14
43 41
43 24
43 27
43 42
43 44
43 39
43 29
43 22
43 36
43 7
43 33
43 16
43 46
43 31
25
44 0
44 9
44 14
44 48
44 19
44 49
44 6
44 7
44 17
44 41
44 26
44 45
44 34
44 18
44 28
44 31
44 30
44 23
44 24
44 20
44 1
44 4
44 11
44 12
44 37
18
45 1
45 39
45 8
45 36
45 5
45 9
45 41
45 33
45 21
45 30
45 35
45 3
45 29
45 32
45 11
45 27
45 12
45 46
19
46 38
46 3
46 32
46 23
46 14
46 12
46 36
46 25
46 40
46 20
46 5
46 24
46 0
46 11
46 37
46 1
46 41
46 39
46 31
20
47 10
47 18
47 23
47 38
47 32
47 43
47 49
47 26
47 19
47 48
47 25
47 45
47 0
47 9
47 34
47 31
47 8
47 24
47 35
47 22
20
48 23
48 28
48 0
48 5
48 13
48 45
48 31
48 11
48 30
48 8
48 6
48 2
48 7
48 32
48 43
48 22
48 25
48 27
48 19
48 35
24
49 4
49 35
49 19
49 46
49 40
49 33
49 24
49 31
49 13
49 15
49 38
49 39
49 26
49 14
49 25
49 37
49 43
49 41
49 30
49 29
49 36
49 23
49 9
49 18
