50
0 "A28"
1 "A24"
2 "A37"
3 "A30"
4 "A26"
5 "A33"
6 "A17"
7 "A38"
8 "A21"
9 "A23"
10 "A8"
11 "A20"
12 "A7"
13 "A1"
14 "A43"
15 "A4"
16 "A5"
17 "A44"
18 "A48"
19 "A45"
20 "A18"
21 "A36"
22 "A47"
23 "A12"
24 "A11"
25 "A15"
26 "A9"
27 "A19"
28 "A46"
29 "A27"
30 "A49"
31 "A29"
32 "A3"
33 "A34"
34 "A39"
35 "A6"
36 "A16"
37 "A35"
38 "A41"
39 "A42"
40 "A13"
41 "A2"
42 "A10"
43 "A40"
44 "A22"
45 "A25"
46 "A31"
47 "A0"
48 "A32"
49 "A14"
20
0 45
0 42
0 15
0 24
0 7
0 40
0 32
0 19
0 5
0 14
0 23
0 26
0 16
0 44
0 46
0 3
0 22
0 25
0 13
0 36
16
1 0
1 31
1 20
1 49
1 36
1 19
1 9
1 15
1 3
1 22
1 30
1 37
1 32
1 28
1 16
1 25
24
2 23
2 27
2 38
2 20
2 8
2 25
2 19
2 47
2 7
2 43
2 18
2 10
2 9
2 39
2 32
2 21
2 16
2 22
2 41
2 46
2 15
2 33
2 26
2 11
23
3 49
3 28
3 2
3 25
3 24
3 12
3 42
3 4
3 45
3 22
3 32
3 18
3 13
3 5
3 30
3 8
3 40
3 33
3 9
3 7
3 37
3 17
3 10
21
4 35
4 0
4 44
4 22
4 9
4 17
4 40
4 28
4 14
4 45
4 21
4 27
4 33
4 7
4 25
4 19
4 8
4 2
4 23
4 1
4 12
24
5 19
5 6
5 39
5 10
5 46
5 21
5 2
5 48
5 9
5 31
5 1
5 16
5 35
5 38
5 27
5 24
5 22
5 11
5 40
5 32
5 34
5 7
5 13
5 36
20
6 35
6 18
6 24
6 34
6 3
6 2
6 1
6 7
6 40
6 0
6 19
6 27
6 33
6 47
6 49
6 36
6 46
6 37
6 9
6 41
14
7 1
7 13
7 34
7 22
7 17
7 20
7 32
7 11
7 45
7 35
7 15
7 19
7 23
7 37
22
8 33
8 20
8 18
8 5
8 25
8 13
8 10
8 7
8 37
8 45
8 16
8 12
8 9
8 6
8 49
8 42
8 15
8 35
8 44
8 32
8 38
8 0
12
9 26
9 22
9 0
9 33
9 14
9 32
9 16
9 18
9 7
9 10
9 34
9 27
17
10 0
10 39
10 32
10 48
10 33
10 14
10 30
10 36
10 24
10 35
10 40
10 43
10 4
10 6
10 19
10 23
10 16
23
11 24
11 49
11 13
11 0
11 20
11 10
11 12
11 9
11 36
11 4
11 28
11 26
11 23
11 48
11 47
11 6
11 43
11 38
11 35
11 15
11 1
11 19
11 8
22
12 35
12 9
12 14
12 44
12 27
12 28
12 43
12 37
12 1
12 49
12 2
12 0
12 22
12 19
12 32
12 18
12 34
12 5
12 17
12 6
12 31
12 7
24
13 25
13 44
13 26
13 19
13 6
13 47
13 49
13 28
13 36
13 23
13 43
13 46
13 27
13 1
13 21
13 20
13 12
13 35
13 32
13 4
13 40
13 41
13 22
13 14
14
14 32
14 46
14 2
14 18
14 48
14 5
14 8
14 1
14 3
14 7
14 15
14 34
14 11
14 6
15
15 12
15 3
15 48
15 22
15 26
15 24
15 20
15 16
15 4
15 27
15 44
15 6
15 37
15 42
15 34
21
16 19
16 25
16 3
16 11
16 17
16 6
16 44
16 34
16 31
16 49
16 39
16 23
16 26
16 42
16 37
16 7
16 46
16 48
16 36
16 32
16 47
23
17 40
17 11
17 44
17 18
17 0
17 43
17 6
17 5
17 15
17 13
17 10
17 37
17 1
17 38
17 39
17 24
17 31
17 14
17 9
17 49
17 8
17 33
17 46
18
18 41
18 22
18 0
18 45
18 32
18 49
18 30
18 29
18 47
18 13
18 38
18 5
18 15
18 37
18 10
18 25
18 16
18 43
18
19 3
19 22
19 35
19 31
19 33
19 34
19 9
19 38
19 21
19 8
19 44
19 45
19 36
19 27
19 25
19 47
19 15
19 18
19
20 10
20 44
20 48
20 26
20 30
20 22
20 28
20 12
20 6
20 9
20 21
20 14
20 38
20 0
20 42
20 45
20 40
20 16
20 3
24
21 49
21 42
21 35
21 29
21 30
21 17
21 40
21 45
21 41
21 3
21 15
21 34
21 22
21 43
21 12
21 16
21 14
21 6
21 1
21 0
21 8
21 18
21 11
21 23
18
22 28
22 23
22 6
22 48
22 38
22 44
22 39
22 17
22 40
22 11
22 29
22 47
22 27
22 33
22 10
22 35
22 42
22 16
19
23 43
23 1
23 9
23 31
23 18
23 32
23 14
23 24
23 19
23 35
23 41
23 5
23 20
23 49
23 8
23 6
23 15
23 28
23 44
20
24 16
24 8
24 27
24 9
24 37
24 18
24 13
24 29
24 12
24 30
24 2
24 14
24 26
24 19
24 45
24 40
24 43
24 20
24 21
24 25
19
25 41
25 28
25 21
25 15
25 14
25 17
25 40
25 23
25 6
25 29
25 7
25 47
25 9
25 31
25 44
25 42
25 30
25 43
25 11
19
26 41
26 22
26 10
26 5
26 25
26 37
26 8
26 1
26 12
26 23
26 44
26 30
26 49
26 7
26 6
26 17
26 33
26 3
26 39
21
27 17
27 30
27 38
27 16
27 29
27 18
27 35
27 0
27 41
27 42
27 48
27 46
27 32
27 36
27 26
27 25
27 14
27 11
27 39
27 3
27 1
18
28 2
28 46
28 42
28 43
28 33
28 21
28 41
28 17
28 10
28 34
28 32
28 8
28 7
28 5
28 19
28 6
28 39
28 14
24
29 2
29 16
29 49
29 13
29 10
29 7
29 11
29 38
29 12
29 37
29 42
29 14
29 17
29 20
29 3
29 33
29 41
29 48
29 9
29 31
29 5
29 0
29 35
29 8
22
30 15
30 4
30 16
30 19
30 46
30 14
30 5
30 6
30 40
30 49
30 47
30 22
30 32
30 44
30 17
30 12
30 45
30 0
30 29
30 43
30 13
30 36
19
31 2
31 34
31 3
31 6
31 27
31 32
31 33
31 41
31 13
31 38
31 18
31 42
31 14
31 37
31 11
31 46
31 48
31 45
31 20
14
32 24
32 6
32 40
32 42
32 29
32 46
32 49
32 26
32 22
32 17
32 25
32 19
32 43
32 4
21
33 18
33 16
33 45
33 27
33 38
33 0
33 12
33 1
33 15
33 42
33 41
33 34
33 5
33 23
33 32
33 14
33 7
33 47
33 40
33 11
33 39
19
34 20
34 42
34 41
34 10
34 24
34 25
34 49
34 3
34 13
34 22
34 17
34 32
34 26
34 37
34 8
34 18
34 0
34 23
34 39
18
35 14
35 3
35 16
35 2
35 31
35 25
35 9
35 33
35 42
35 38
35 39
35 32
35 46
35 34
35 20
35 0
35 49
35 30
24
36 22
36 21
36 12
36 49
36 15
36 23
36 25
36 35
36 3
36 2
36 46
36 34
36 7
36 41
36 33
36 9
36 20
36 29
36 8
36 42
36 18
36 38
36 24
36 48
23
37 22
37 11
37 46
37 10
37 27
37 32
37 44
37 5
37 33
37 30
37 23
37 4
37 47
37 25
37 0
37 41
37 19
37 13
37 36
37 20
37 21
37 35
37 28
21
38 0
38 37
38 12
38 46
38 28
38 34
38 1
38 10
38 32
38 4
38 43
38 23
38 16
38 42
38 47
38 39
38 30
38 26
38 48
38 14
38 13
23
39 20
39 15
39 29
39 43
39 41
39 12
39 31
39 37
39 23
39 18
39 24
39 25
39 21
39 19
39 47
39 6
39 4
39 14
39 8
39 46
39 30
39 32
39 36
19
40 11
40 23
40 34
40 14
40 39
40 48
40 7
40 43
40 36
40 27
40 46
40 28
40 35
40 15
40 31
40 19
40 18
40 49
40 8
22
41 44
41 3
41 4
41 9
41 24
41 42
41 32
41 17
41 30
41 35
41 8
41 20
41 12
41 47
41 15
41 45
41 10
41 46
41 11
41 38
41 19
41 22
19
42 4
42 14
42 37
42 43
42 44
42 1
42 23
42 10
42 26
42 40
42 47
42 18
42 13
42 19
42 12
42 9
42 7
42 6
42 2
18
43 16
43 20
43 22
43 48
43 41
43 1
43 19
43 9
43 44
43 27
43 33
43 36
43 37
43 49
43 8
43 6
43 5
43 15
16
44 5
44 27
44 9
44 38
44 11
44 18
44 21
44 35
44 34
44 10
44 3
44 33
44 32
44 46
44 29
44 40
15
45 11
45 23
45 37
45 43
45 6
45 29
45 38
45 15
45 14
45 9
45 17
45 42
45 5
45 13
45 1
17
46 49
46 20
46 23
46 8
46 21
46 7
46 45
46 43
46 47
46 34
46 24
46 25
46 9
46 29
46 10
46 33
46 19
18
47 5
47 0
47 29
47 8
47 43
47 12
47 32
47 26
47 7
47 36
47 24
47 31
47 49
47 4
47 40
47 48
47 20
47 3
22
48 0
48 1
48 45
48 33
48 18
48 3
48 6
48 34
48 46
48 42
48 41
48 37
48 28
48 26
48 13
48 19
48 32
48 9
48 2
48 21
48 17
48 4
18
49 41
49 39
49 42
49 10
49 24
49 48
49 2
49 31
49 5
49 0
49 37
49 15
49 25
49 20
49 22
49 7
49 4
49 45
