50
0 "A28"
1 "A24"
2 "A37"
3 "A30"
4 "A26"
5 "A33"
6 "A17"
7 "A38"
8 "A21"
9 "A23"
10 "A8"
11 "A20"
12 "A7"
13 "A1"
14 "A43"
15 "A4"
16 "A5"
17 "A44"
18 "A48"
19 "A45"
20 "A18"
21 "A36"
22 "A47"
23 "A12"
24 "A11"
25 "A15"
26 "A9"
27 "A19"
28 "A46"
29 "A27"
30 "A49"
31 "A29"
32 "A3"
33 "A34"
34 "A39"
35 "A6"
36 "A16"
37 "A35"
38 "A41"
39 "A42"
40 "A13"
41 "A2"
42 "A10"
43 "A40"
44 "A22"
45 "A25"
46 "A31"
47 "A0"
48 "A32"
49 "A14"
29
0 20
0 35
0 10
0 28
0 32
0 33
0 14
0 26
0 17
0 49
0 5
0 29
0 6
0 22
0 7
0 1
0 4
0 9
0 24
0 8
0 12
0 13
0 45
0 48
0 38
0 43
0 37
0 23
0 19
17
1 33
1 34
1 39
1 38
1 29
1 7
1 19
1 43
1 12
1 42
1 16
1 26
1 31
1 32
1 2
1 37
1 35
21
2 22
2 8
2 40
2 12
2 25
2 41
2 23
2 31
2 24
2 0
2 13
2 16
2 33
2 46
2 6
2 3
2 28
2 37
2 5
2 49
2 19
16
3 47
3 35
3 1
3 4
3 21
3 36
3 0
3 20
3 22
3 38
3 17
3 26
3 45
3 37
3 25
3 10
16
4 11
4 2
4 10
4 34
4 1
4 16
4 47
4 28
4 44
4 41
4 17
4 5
4 8
4 25
4 19
4 32
14
5 27
5 37
5 30
5 14
5 23
5 28
5 12
5 39
5 1
5 19
5 15
5 41
5 3
5 13
23
6 48
6 5
6 21
6 18
6 36
6 43
6 42
6 4
6 49
6 26
6 10
6 12
6 38
6 22
6 30
6 14
6 32
6 1
6 15
6 33
6 17
6 40
6 20
17
7 20
7 42
7 21
7 27
7 5
7 2
7 10
7 4
7 24
7 37
7 26
7 19
7 29
7 38
7 16
7 3
7 23
16
8 12
8 41
8 44
8 42
8 6
8 25
8 33
8 37
8 45
8 28
8 3
8 1
8 32
8 7
8 47
8 22
14
9 44
9 28
9 19
9 7
9 8
9 39
9 4
9 33
9 12
9 2
9 18
9 22
9 1
9 16
18
10 30
10 14
10 36
10 44
10 8
10 11
10 19
10 39
10 22
10 40
10 27
10 48
10 35
10 29
10 15
10 5
10 49
10 13
18
11 33
11 40
11 5
11 27
11 44
11 29
11 12
11 25
11 0
11 24
11 18
11 7
11 1
11 6
11 3
11 15
11 8
11 26
20
12 36
12 48
12 17
12 31
12 4
12 40
12 42
12 14
12 39
12 26
12 34
12 32
12 3
12 18
12 19
12 22
12 45
12 7
12 28
12 49
21
13 46
13 26
13 45
13 36
13 8
13 12
13 4
13 29
13 7
13 31
13 21
13 14
13 15
13 28
13 9
13 20
13 39
13 27
13 48
13 18
13 22
15
14 24
14 40
14 34
14 48
14 8
14 38
14 18
14 21
14 37
14 2
14 9
14 11
14 41
14 20
14 19
18
15 9
15 34
15 23
15 48
15 42
15 16
15 26
15 8
15 20
15 40
15 4
15 7
15 28
15 49
15 35
15 1
15 14
15 0
21
16 38
16 37
16 13
16 12
16 14
16 30
16 5
16 0
16 22
16 48
16 32
16 6
16 36
16 8
16 42
16 3
16 39
16 46
16 34
16 19
16 45
24
17 5
17 31
17 36
17 8
17 38
17 9
17 7
17 44
17 19
17 22
17 23
17 1
17 25
17 35
17 2
17 20
17 14
17 48
17 10
17 46
17 34
17 21
17 13
17 32
20
18 7
18 24
18 44
18 10
18 43
18 47
18 34
18 39
18 5
18 42
18 2
18 3
18 15
18 40
18 35
18 8
18 25
18 26
18 29
18 1
19
19 6
19 26
19 3
19 28
19 45
19 48
19 35
19 49
19 39
19 18
19 11
19 31
19 13
19 33
19 29
19 47
19 43
19 8
19 15
15
20 29
20 12
20 10
20 42
20 23
20 8
20 9
20 47
20 35
20 11
20 16
20 2
20 36
20 33
20 18
18
21 0
21 39
21 37
21 20
21 28
21 1
21 38
21 18
21 27
21 24
21 45
21 15
21 49
21 42
21 10
21 2
21 9
21 11
15
22 18
22 41
22 47
22 44
22 32
22 24
22 14
22 15
22 5
22 19
22 21
22 1
22 35
22 11
22 46
21
23 3
23 14
23 45
23 22
23 12
23 4
23 26
23 29
23 18
23 41
23 43
23 11
23 33
23 39
23 32
23 6
23 28
23 13
23 8
23 44
23 1
19
24 19
24 10
24 16
24 6
24 23
24 35
24 8
24 38
24 36
24 42
24 28
24 17
24 34
24 13
24 47
24 3
24 39
24 5
24 20
27
25 19
25 21
25 20
25 38
25 12
25 42
25 0
25 35
25 37
25 41
25 9
25 22
25 31
25 44
25 15
25 26
25 30
25 29
25 5
25 10
25 23
25 1
25 39
25 6
25 13
25 40
25 14
15
26 31
26 44
26 27
26 38
26 48
26 17
26 49
26 42
26 20
26 2
26 37
26 16
26 10
26 45
26 29
22
27 46
27 17
27 49
27 14
27 24
27 4
27 34
27 8
27 23
27 43
27 9
27 47
27 33
27 18
27 20
27 6
27 39
27 25
27 15
27 0
27 12
27 2
18
28 31
28 36
28 32
28 42
28 7
28 3
28 18
28 46
28 20
28 6
28 1
28 26
28 25
28 11
28 47
28 16
28 17
28 48
24
29 3
29 14
29 46
29 2
29 39
29 4
29 35
29 37
29 34
29 24
29 27
29 30
29 47
29 21
29 31
29 16
29 6
29 45
29 36
29 15
29 38
29 42
29 5
29 32
31
30 7
30 14
30 20
30 38
30 33
30 19
30 22
30 12
30 34
30 8
30 0
30 24
30 31
30 23
30 32
30 3
30 9
30 18
30 11
30 28
30 41
30 46
30 40
30 4
30 1
30 21
30 17
30 26
30 13
30 49
30 48
22
31 6
31 10
31 18
31 14
31 8
31 42
31 0
31 39
31 38
31 20
31 11
31 40
31 15
31 21
31 9
31 24
31 5
31 22
31 46
31 4
31 48
31 3
19
32 14
32 21
32 41
32 45
32 31
32 13
32 39
32 18
32 7
32 19
32 40
32 24
32 15
32 26
32 2
32 3
32 35
32 25
32 37
19
33 31
33 47
33 14
33 15
33 24
33 44
33 21
33 48
33 37
33 4
33 42
33 10
33 18
33 12
33 40
33 3
33 35
33 13
33 26
23
34 20
34 37
34 7
34 46
34 42
34 48
34 9
34 28
34 10
34 13
34 33
34 22
34 19
34 43
34 8
34 35
34 40
34 5
34 11
34 21
34 47
34 6
34 39
13
35 21
35 49
35 12
35 5
35 39
35 38
35 26
35 31
35 42
35 37
35 6
35 7
35 16
17
36 0
36 21
36 11
36 4
36 30
36 7
36 26
36 27
36 41
36 8
36 2
36 18
36 15
36 35
36 32
36 22
36 1
13
37 6
37 42
37 9
37 4
37 12
37 13
37 31
37 11
37 40
37 36
37 17
37 15
37 19
20
38 22
38 42
38 36
38 41
38 9
38 32
38 11
38 10
38 5
38 49
38 19
38 20
38 37
38 23
38 34
38 40
38 8
38 43
38 47
38 18
15
39 0
39 3
39 4
39 6
39 14
39 15
39 48
39 40
39 38
39 28
39 36
39 26
39 22
39 20
39 33
16
40 0
40 8
40 16
40 7
40 5
40 9
40 41
40 17
40 42
40 13
40 43
40 27
40 47
40 20
40 1
40 21
22
41 11
41 20
41 31
41 19
41 33
41 15
41 35
41 24
41 7
41 27
41 49
41 1
41 21
41 37
41 6
41 13
41 12
41 3
41 44
41 18
41 17
41 34
19
42 41
42 2
42 30
42 44
42 11
42 19
42 10
42 36
42 45
42 4
42 14
42 23
42 9
42 22
42 46
42 39
42 27
42 0
42 49
26
43 26
43 42
43 49
43 33
43 24
43 32
43 35
43 21
43 25
43 48
43 12
43 46
43 31
43 2
43 3
43 14
43 22
43 29
43 45
43 10
43 39
43 9
43 13
43 41
43 16
43 36
20
44 31
44 29
44 24
44 43
44 30
44 7
44 27
44 48
44 5
44 32
44 35
44 37
44 36
44 0
44 38
44 2
44 16
44 39
44 6
44 12
23
45 28
45 44
45 14
45 5
45 7
45 4
45 17
45 9
45 6
45 24
45 20
45 27
45 31
45 38
45 48
45 15
45 40
45 25
45 34
45 22
45 41
45 11
45 46
24
46 7
46 40
46 49
46 44
46 35
46 48
46 21
46 3
46 12
46 20
46 5
46 15
46 9
46 0
46 4
46 24
46 6
46 37
46 14
46 39
46 10
46 36
46 41
46 23
24
47 7
47 41
47 14
47 5
47 21
47 9
47 44
47 46
47 43
47 12
47 42
47 35
47 25
47 39
47 11
47 31
47 1
47 17
47 15
47 0
47 36
47 10
47 26
47 23
24
48 27
48 7
48 21
48 8
48 4
48 35
48 32
48 49
48 11
48 9
48 42
48 18
48 38
48 24
48 2
48 37
48 40
48 23
48 1
48 36
48 20
48 3
48 47
48 41
19
49 18
49 47
49 20
49 4
49 3
49 11
49 17
49 23
49 36
49 44
49 25
49 8
49 22
49 34
49 16
49 45
49 31
49 24
49 28
