50
0 "A28"
1 "A24"
2 "A37"
3 "A30"
4 "A26"
5 "A33"
6 "A17"
7 "A38"
8 "A21"
9 "A23"
10 "A8"
11 "A20"
12 "A7"
13 "A1"
14 "A43"
15 "A4"
16 "A5"
17 "A44"
18 "A48"
19 "A45"
20 "A18"
21 "A36"
22 "A47"
23 "A12"
24 "A11"
25 "A15"
26 "A9"
27 "A19"
28 "A46"
29 "A27"
30 "A49"
31 "A29"
32 "A3"
33 "A34"
34 "A39"
35 "A6"
36 "A16"
37 "A35"
38 "A41"
39 "A42"
40 "A13"
41 "A2"
42 "A10"
43 "A40"
44 "A22"
45 "A25"
46 "A31"
47 "A0"
48 "A32"
49 "A14"
19
0 48
0 21
0 19
0 28
0 27
0 37
0 17
0 38
0 47
0 30
0 25
0 16
0 4
0 20
0 13
0 3
0 32
0 34
0 5
20
1 34
1 48
1 31
1 33
1 3
1 45
1 47
1 46
1 26
1 5
1 28
1 6
1 39
1 32
1 0
1 4
1 2
1 42
1 29
1 13
18
2 49
2 0
2 41
2 46
2 30
2 24
2 17
2 5
2 47
2 40
2 25
2 9
2 27
2 21
2 39
2 34
2 7
2 16
17
3 37
3 38
3 14
3 7
3 44
3 24
3 49
3 2
3 35
3 27
3 23
3 28
3 25
3 5
3 36
3 48
3 32
14
4 22
4 24
4 18
4 43
4 14
4 32
4 3
4 21
4 11
4 33
4 2
4 26
4 19
4 48
16
5 41
5 43
5 4
5 35
5 31
5 13
5 15
5 22
5 16
5 7
5 33
5 49
5 46
5 9
5 26
5 28
21
6 43
6 39
6 10
6 35
6 8
6 47
6 5
6 30
6 38
6 11
6 7
6 9
6 40
6 4
6 3
6 23
6 49
6 31
6 48
6 0
6 28
13
7 46
7 15
7 8
7 27
7 35
7 32
7 40
7 19
7 1
7 25
7 0
7 23
7 9
16
8 21
8 17
8 11
8 25
8 27
8 39
8 10
8 12
8 48
8 20
8 19
8 9
8 24
8 33
8 3
8 49
18
9 10
9 3
9 40
9 45
9 48
9 35
9 15
9 24
9 34
9 4
9 36
9 31
9 25
9 42
9 30
9 0
9 1
9 21
22
10 4
10 1
10 2
10 11
10 35
10 47
10 38
10 49
10 46
10 42
10 48
10 31
10 36
10 19
10 34
10 43
10 7
10 12
10 0
10 17
10 16
10 33
20
11 23
11 39
11 7
11 46
11 32
11 3
11 1
11 48
11 19
11 12
11 21
11 26
11 45
11 0
11 28
11 43
11 42
11 38
11 22
11 31
22
12 24
12 36
12 39
12 35
12 41
12 38
12 0
12 9
12 31
12 37
12 46
12 2
12 30
12 7
12 26
12 42
12 44
12 28
12 22
12 3
12 5
12 14
18
13 41
13 34
13 6
13 29
13 47
13 45
13 14
13 28
13 7
13 9
13 8
13 31
13 37
13 12
13 2
13 25
13 11
13 15
25
14 28
14 0
14 24
14 7
14 2
14 10
14 17
14 19
14 45
14 35
14 38
14 18
14 29
14 39
14 26
14 11
14 47
14 6
14 9
14 41
14 20
14 32
14 48
14 31
14 33
24
15 32
15 31
15 19
15 35
15 14
15 10
15 6
15 8
15 38
15 0
15 17
15 2
15 24
15 42
15 12
15 4
15 18
15 22
15 1
15 23
15 34
15 49
15 29
15 11
22
16 15
16 13
16 28
16 38
16 4
16 37
16 6
16 34
16 33
16 24
16 41
16 36
16 47
16 39
16 46
16 45
16 42
16 35
16 21
16 43
16 7
16 14
22
17 7
17 35
17 34
17 29
17 6
17 11
17 5
17 23
17 13
17 26
17 21
17 40
17 19
17 1
17 38
17 28
17 37
17 4
17 31
17 16
17 49
17 3
17
18 27
18 8
18 10
18 34
18 11
18 12
18 19
18 16
18 40
18 49
18 2
18 9
18 32
18 13
18 30
18 6
18 28
18
19 5
19 42
19 44
19 34
19 3
19 40
19 6
19 22
19 37
19 29
19 2
19 43
19 38
19 9
19 27
19 39
19 33
19 31
27
20 47
20 25
20 13
20 23
20 16
20 6
20 4
20 34
20 11
20 1
20 30
20 5
20 24
20 35
20 40
20 37
20 2
20 7
20 19
20 18
20 49
20 28
20 17
20 22
20 9
20 15
20 38
20
21 46
21 29
21 31
21 44
21 40
21 26
21 39
21 7
21 3
21 18
21 10
21 42
21 41
21 27
21 28
21 38
21 34
21 45
21 6
21 25
16
22 23
22 39
22 33
22 1
22 26
22 14
22 7
22 16
22 44
22 9
22 25
22 49
22 21
22 24
22 0
22 41
19
23 40
23 4
23 37
23 30
23 12
23 16
23 1
23 32
23 41
23 28
23 19
23 45
23 14
23 10
23 43
23 8
23 13
23 18
23 21
21
24 43
24 35
24 5
24 23
24 44
24 31
24 18
24 10
24 32
24 42
24 40
24 34
24 19
24 47
24 13
24 21
24 7
24 6
24 49
24 0
24 1
21
25 30
25 39
25 1
25 11
25 18
25 14
25 6
25 29
25 31
25 28
25 26
25 5
25 36
25 48
25 32
25 47
25 12
25 37
25 24
25 34
25 16
21
26 2
26 37
26 3
26 24
26 6
26 49
26 36
26 33
26 13
26 39
26 27
26 16
26 18
26 30
26 40
26 20
26 8
26 32
26 0
26 19
26 48
26
27 6
27 20
27 30
27 33
27 31
27 17
27 43
27 49
27 42
27 14
27 37
27 34
27 40
27 23
27 9
27 24
27 45
27 25
27 5
27 41
27 48
27 22
27 13
27 16
27 12
27 1
19
28 31
28 15
28 4
28 47
28 34
28 41
28 40
28 44
28 8
28 46
28 27
28 36
28 2
28 43
28 9
28 10
28 30
28 7
28 38
18
29 2
29 4
29 0
29 45
29 44
29 36
29 20
29 8
29 28
29 12
29 18
29 23
29 9
29 16
29 5
29 22
29 7
29 10
16
30 13
30 44
30 4
30 38
30 14
30 3
30 15
30 8
30 7
30 43
30 24
30 31
30 11
30 5
30 48
30 17
13
31 20
31 0
31 16
31 32
31 2
31 37
31 22
31 43
31 48
31 7
31 29
31 23
31 3
20
32 19
32 2
32 34
32 38
32 9
32 17
32 28
32 10
32 33
32 8
32 44
32 22
32 16
32 6
32 21
32 5
32 13
32 43
32 20
32 48
19
33 6
33 9
33 23
33 2
33 44
33 43
33 18
33 30
33 3
33 29
33 39
33 42
33 21
33 11
33 13
33 12
33 31
33 7
33 0
17
34 41
34 30
34 44
34 8
34 5
34 33
34 38
34 22
34 29
34 3
34 47
34 31
34 12
34 14
34 45
34 7
34 49
20
35 27
35 31
35 36
35 0
35 38
35 29
35 30
35 13
35 41
35 44
35 21
35 28
35 37
35 18
35 23
35 8
35 26
35 39
35 22
35 33
24
36 21
36 41
36 13
36 8
36 34
36 32
36 19
36 40
36 44
36 5
36 30
36 23
36 39
36 48
36 17
36 14
36 46
36 24
36 1
36 33
36 7
36 6
36 18
36 0
20
37 28
37 34
37 48
37 46
37 18
37 33
37 42
37 49
37 30
37 10
37 36
37 2
37 40
37 6
37 7
37 38
37 32
37 11
37 21
37 22
20
38 41
38 22
38 48
38 36
38 18
38 5
38 1
38 40
38 4
38 7
38 2
38 27
38 24
38 26
38 9
38 23
38 33
38 44
38 31
38 47
20
39 17
39 49
39 9
39 0
39 5
39 27
39 47
39 4
39 15
39 31
39 3
39 20
39 23
39 44
39 18
39 13
39 7
39 38
39 41
39 24
16
40 16
40 35
40 47
40 8
40 29
40 14
40 1
40 11
40 0
40 3
40 13
40 32
40 15
40 22
40 39
40 45
23
41 31
41 20
41 18
41 49
41 0
41 8
41 30
41 9
41 40
41 4
41 19
41 32
41 15
41 17
41 48
41 7
41 45
41 26
41 29
41 6
41 33
41 47
41 1
18
42 0
42 36
42 44
42 39
42 26
42 40
42 7
42 48
42 47
42 2
42 35
42 41
42 38
42 31
42 28
42 3
42 43
42 4
19
43 26
43 0
43 35
43 22
43 12
43 1
43 38
43 45
43 47
43 44
43 40
43 37
43 17
43 18
43 9
43 8
43 39
43 49
43 20
22
44 31
44 26
44 20
44 48
44 6
44 15
44 45
44 0
44 5
44 41
44 40
44 1
44 11
44 10
44 8
44 2
44 13
44 25
44 49
44 18
44 9
44 23
23
45 28
45 46
45 49
45 31
45 42
45 2
45 4
45 37
45 33
45 22
45 32
45 30
45 36
45 20
45 25
45 18
45 47
45 8
45 15
45 6
45 39
45 3
45 0
19
46 44
46 27
46 19
46 29
46 6
46 14
46 0
46 39
46 23
46 3
46 33
46 26
46 20
46 17
46 13
46 25
46 49
46 31
46 22
22
47 27
47 22
47 29
47 12
47 21
47 44
47 30
47 19
47 9
47 49
47 46
47 23
47 11
47 7
47 31
47 15
47 17
47 4
47 36
47 3
47 35
47 5
19
48 20
48 13
48 46
48 45
48 33
48 47
48 19
48 2
48 24
48 12
48 17
48 29
48 28
48 23
48 7
48 40
48 21
48 39
48 22
20
49 16
49 25
49 38
49 13
49 11
49 48
49 36
49 9
49 1
49 29
49 14
49 19
49 21
49 40
49 30
49 23
49 33
49 32
49 0
49 4
