50
0 "A28"
1 "A24"
2 "A37"
3 "A30"
4 "A26"
5 "A33"
6 "A17"
7 "A38"
8 "A21"
9 "A23"
10 "A8"
11 "A20"
12 "A7"
13 "A1"
14 "A43"
15 "A4"
16 "A5"
17 "A44"
18 "A48"
19 "A45"
20 "A18"
21 "A36"
22 "A47"
23 "A12"
24 "A11"
25 "A15"
26 "A9"
27 "A19"
28 "A46"
29 "A27"
30 "A49"
31 "A29"
32 "A3"
33 "A34"
34 "A39"
35 "A6"
36 "A16"
37 "A35"
38 "A41"
39 "A42"
40 "A13"
41 "A2"
42 "A10"
43 "A40"
44 "A22"
45 "A25"
46 "A31"
47 "A0"
48 "A32"
49 "A14"
21
0 19
0 18
0 12
0 13
0 23
0 2
0 42
0 34
0 28
0 11
0 33
0 27
0 44
0 37
0 4
0 35
0 24
0 5
0 45
0 43
0 6
20
1 43
1 27
1 42
1 47
1 45
1 9
1 11
1 38
1 48
1 0
1 5
1 6
1 33
1 30
1 31
1 12
1 7
1 23
1 13
1 32
23
2 48
2 17
2 46
2 20
2 18
2 36
2 26
2 21
2 45
2 34
2 32
2 11
2 4
2 9
2 16
2 39
2 25
2 30
2 8
2 41
2 7
2 14
2 3
23
3 30
3 18
3 26
3 20
3 46
3 42
3 6
3 7
3 28
3 25
3 36
3 14
3 47
3 9
3 4
3 41
3 21
3 0
3 10
3 39
3 13
3 12
3 1
19
4 23
4 42
4 20
4 12
4 5
4 47
4 36
4 40
4 26
4 14
4 28
4 24
4 9
4 46
4 29
4 44
4 15
4 22
4 13
17
5 42
5 18
5 23
5 22
5 16
5 38
5 30
5 31
5 29
5 11
5 6
5 37
5 14
5 17
5 39
5 9
5 12
13
6 40
6 37
6 19
6 18
6 35
6 23
6 48
6 26
6 38
6 30
6 42
6 15
6 2
19
7 0
7 37
7 42
7 24
7 44
7 6
7 27
7 8
7 36
7 46
7 25
7 19
7 12
7 5
7 38
7 32
7 49
7 26
7 20
18
8 28
8 1
8 17
8 27
8 32
8 14
8 11
8 6
8 49
8 31
8 16
8 44
8 3
8 5
8 46
8 21
8 41
8 19
13
9 17
9 34
9 49
9 48
9 6
9 14
9 7
9 28
9 8
9 24
9 22
9 0
9 44
25
10 40
10 14
10 42
10 25
10 27
10 7
10 5
10 46
10 22
10 31
10 6
10 30
10 8
10 41
10 26
10 33
10 1
10 9
10 32
10 47
10 24
10 0
10 13
10 4
10 28
18
11 30
11 16
11 43
11 24
11 9
11 26
11 32
11 10
11 4
11 36
11 42
11 23
11 47
11 28
11 15
11 45
11 18
11 6
19
12 49
12 6
12 31
12 2
12 18
12 46
12 22
12 17
12 19
12 11
12 29
12 43
12 28
12 20
12 39
12 24
12 23
12 42
12 25
19
13 49
13 12
13 9
13 11
13 48
13 7
13 23
13 15
13 30
13 19
13 27
13 42
13 8
13 36
13 46
13 34
13 2
13 41
13 28
23
14 17
14 49
14 31
14 29
14 15
14 20
14 1
14 27
14 0
14 46
14 19
14 21
14 6
14 7
14 25
14 12
14 35
14 32
14 33
14 37
14 34
14 13
14 41
23
15 49
15 39
15 12
15 3
15 9
15 41
15 46
15 1
15 10
15 19
15 25
15 48
15 16
15 20
15 33
15 7
15 0
15 28
15 32
15 8
15 38
15 35
15 5
22
16 33
16 49
16 42
16 3
16 0
16 23
16 12
16 17
16 21
16 39
16 20
16 19
16 35
16 47
16 26
16 37
16 27
16 34
16 36
16 29
16 1
16 7
19
17 4
17 36
17 37
17 21
17 40
17 45
17 31
17 43
17 49
17 23
17 6
17 0
17 34
17 44
17 28
17 48
17 13
17 20
17 27
21
18 9
18 17
18 8
18 20
18 45
18 34
18 47
18 10
18 31
18 24
18 44
18 30
18 40
18 4
18 29
18 1
18 25
18 13
18 21
18 7
18 43
18
19 5
19 1
19 42
19 18
19 2
19 41
19 49
19 9
19 47
19 22
19 38
19 17
19 25
19 37
19 32
19 11
19 24
19 3
22
20 10
20 25
20 24
20 5
20 41
20 1
20 6
20 33
20 43
20 0
20 19
20 11
20 31
20 8
20 44
20 40
20 37
20 13
20 21
20 48
20 38
20 32
22
21 1
21 40
21 12
21 5
21 27
21 15
21 22
21 19
21 4
21 49
21 37
21 39
21 7
21 47
21 36
21 9
21 44
21 34
21 31
21 33
21 0
21 46
18
22 36
22 17
22 0
22 23
22 18
22 7
22 16
22 15
22 42
22 6
22 47
22 32
22 48
22 3
22 13
22 34
22 40
22 49
19
23 39
23 7
23 28
23 19
23 2
23 21
23 14
23 18
23 8
23 43
23 31
23 29
23 10
23 45
23 42
23 3
23 49
23 25
23 48
22
24 42
24 26
24 48
24 34
24 44
24 23
24 45
24 3
24 28
24 40
24 49
24 8
24 37
24 30
24 17
24 14
24 35
24 29
24 21
24 6
24 25
24 16
22
25 31
25 4
25 49
25 6
25 43
25 21
25 16
25 45
25 40
25 8
25 13
25 47
25 30
25 46
25 0
25 41
25 29
25 17
25 42
25 26
25 11
25 48
22
26 15
26 13
26 45
26 5
26 41
26 17
26 46
26 32
26 38
26 21
26 12
26 23
26 42
26 14
26 47
26 19
26 44
26 33
26 0
26 31
26 29
26 34
21
27 18
27 20
27 48
27 26
27 6
27 5
27 45
27 15
27 30
27 49
27 35
27 39
27 19
27 46
27 12
27 36
27 33
27 40
27 11
27 37
27 23
19
28 16
28 40
28 48
28 37
28 41
28 33
28 44
28 1
28 19
28 27
28 2
28 14
28 7
28 35
28 18
28 25
28 45
28 21
28 5
21
29 35
29 19
29 10
29 21
29 3
29 49
29 27
29 15
29 2
29 45
29 31
29 36
29 11
29 47
29 13
29 8
29 41
29 44
29 22
29 43
29 6
21
30 34
30 16
30 41
30 22
30 0
30 28
30 46
30 49
30 12
30 32
30 23
30 40
30 37
30 21
30 17
30 29
30 14
30 19
30 4
30 8
30 15
16
31 6
31 24
31 7
31 16
31 15
31 47
31 46
31 2
31 11
31 42
31 9
31 30
31 0
31 35
31 4
31 38
22
32 0
32 28
32 4
32 3
32 42
32 16
32 29
32 12
32 41
32 46
32 24
32 13
32 6
32 45
32 18
32 23
32 48
32 5
32 33
32 35
32 37
32 17
22
33 25
33 43
33 2
33 12
33 23
33 31
33 13
33 29
33 17
33 34
33 46
33 39
33 42
33 19
33 7
33 24
33 36
33 11
33 18
33 47
33 4
33 5
20
34 1
34 38
34 37
34 31
34 25
34 29
34 3
34 20
34 42
34 12
34 4
34 43
34 47
34 46
34 35
34 41
34 40
34 23
34 11
34 32
15
35 26
35 13
35 40
35 22
35 1
35 33
35 8
35 11
35 3
35 5
35 30
35 20
35 9
35 7
35 36
19
36 38
36 24
36 46
36 0
36 5
36 30
36 9
36 31
36 49
36 40
36 1
36 39
36 14
36 6
36 19
36 23
36 37
36 15
36 47
17
37 13
37 31
37 29
37 41
37 3
37 35
37 9
37 49
37 11
37 40
37 8
37 15
37 44
37 39
37 22
37 4
37 10
18
38 24
38 22
38 49
38 27
38 2
38 33
38 37
38 3
38 11
38 17
38 10
38 25
38 0
38 41
38 23
38 9
38 45
38 13
20
39 8
39 49
39 6
39 19
39 30
39 4
39 29
39 11
39 10
39 48
39 44
39 24
39 20
39 18
39 1
39 43
39 40
39 17
39 9
39 0
21
40 33
40 0
40 44
40 43
40 1
40 47
40 26
40 14
40 49
40 11
40 13
40 45
40 3
40 41
40 7
40 9
40 31
40 16
40 32
40 19
40 29
17
41 21
41 11
41 22
41 0
41 17
41 12
41 6
41 9
41 46
41 16
41 33
41 35
41 23
41 45
41 27
41 39
41 31
15
42 15
42 36
42 30
42 2
42 39
42 35
42 49
42 47
42 18
42 14
42 29
42 8
42 27
42 17
42 38
21
43 7
43 4
43 15
43 42
43 10
43 6
43 37
43 48
43 44
43 41
43 14
43 8
43 49
43 26
43 16
43 9
43 38
43 13
43 35
43 22
43 27
24
44 33
44 27
44 35
44 36
44 19
44 42
44 41
44 6
44 12
44 5
44 25
44 3
44 45
44 32
44 34
44 49
44 22
44 23
44 30
44 16
44 1
44 31
44 13
44 46
20
45 6
45 19
45 16
45 13
45 8
45 9
45 10
45 35
45 3
45 22
45 21
45 12
45 47
45 20
45 31
45 34
45 39
45 30
45 7
45 43
14
46 40
46 45
46 0
46 35
46 22
46 16
46 5
46 19
46 47
46 20
46 43
46 11
46 1
46 9
20
47 8
47 27
47 38
47 15
47 17
47 28
47 37
47 9
47 13
47 20
47 41
47 43
47 48
47 30
47 2
47 6
47 39
47 44
47 5
47 12
20
48 35
48 40
48 30
48 3
48 41
48 29
48 12
48 33
48 10
48 37
48 16
48 44
48 19
48 42
48 31
48 8
48 0
48 14
48 26
48 18
17
49 48
49 18
49 47
49 11
49 2
49 34
49 41
49 28
49 3
49 10
49 1
49 4
49 32
49 45
49 5
49 26
49 31
