50
0 "A28"
1 "A24"
2 "A37"
3 "A30"
4 "A26"
5 "A33"
6 "A17"
7 "A38"
8 "A21"
9 "A23"
10 "A8"
11 "A20"
12 "A7"
13 "A1"
14 "A43"
15 "A4"
16 "A5"
17 "A44"
18 "A48"
19 "A45"
20 "A18"
21 "A36"
22 "A47"
23 "A12"
24 "A11"
25 "A15"
26 "A9"
27 "A19"
28 "A46"
29 "A27"
30 "A49"
31 "A29"
32 "A3"
33 "A34"
34 "A39"
35 "A6"
36 "A16"
37 "A35"
38 "A41"
39 "A42"
40 "A13"
41 "A2"
42 "A10"
43 "A40"
44 "A22"
45 "A25"
46 "A31"
47 "A0"
48 "A32"
49 "A14"
26
0 27
0 31
0 26
0 35
0 44
0 29
0 8
0 32
0 48
0 24
0 3
0 34
0 46
0 6
0 47
0 49
0 20
0 45
0 18
0 13
0 41
0 11
0 5
0 16
0 14
0 21
20
1 0
1 10
1 26
1 35
1 12
1 11
1 42
1 41
1 15
1 9
1 8
1 22
1 28
1 4
1 31
1 6
1 47
1 27
1 30
1 36
26
2 49
2 0
2 1
2 10
2 26
2 28
2 6
2 21
2 11
2 45
2 7
2 19
2 48
2 44
2 35
2 31
2 17
2 12
2 25
2 16
2 4
2 47
2 43
2 38
2 24
2 14
21
3 17
3 12
3 14
3 25
3 44
3 48
3 32
3 40
3 35
3 41
3 4
3 45
3 13
3 9
3 24
3 36
3 8
3 7
3 28
3 20
3 49
16
4 47
4 12
4 33
4 13
4 17
4 11
4 26
4 16
4 45
4 10
4 41
4 35
4 14
4 23
4 37
4 36
18
5 38
5 18
5 11
5 30
5 3
5 47
5 2
5 14
5 29
5 19
5 20
5 7
5 41
5 21
5 26
5 25
5 34
5 37
18
6 43
6 26
6 42
6 23
6 4
6 5
6 17
6 15
6 3
6 30
6 20
6 32
6 14
6 39
6 27
6 36
6 21
6 48
17
7 45
7 15
7 23
7 1
7 0
7 14
7 32
7 25
7 44
7 6
7 43
7 11
7 22
7 26
7 30
7 36
7 34
25
8 27
8 36
8 4
8 40
8 16
8 2
8 49
8 39
8 17
8 5
8 34
8 11
8 30
8 47
8 35
8 37
8 44
8 6
8 15
8 7
8 26
8 29
8 42
8 18
8 19
18
9 4
9 6
9 19
9 25
9 43
9 16
9 2
9 44
9 39
9 38
9 28
9 33
9 7
9 47
9 11
9 8
9 48
9 31
19
10 28
10 39
10 43
10 6
10 15
10 21
10 29
10 34
10 24
10 37
10 0
10 7
10 8
10 42
10 3
10 32
10 14
10 47
10 9
16
11 48
11 17
11 19
11 18
11 10
11 22
11 36
11 44
11 47
11 26
11 6
11 3
11 28
11 40
11 39
11 21
17
12 46
12 11
12 43
12 38
12 48
12 21
12 23
12 24
12 47
12 33
12 44
12 20
12 0
12 6
12 13
12 40
12 29
14
13 33
13 25
13 1
13 8
13 7
13 30
13 20
13 39
13 27
13 36
13 35
13 28
13 18
13 32
15
14 44
14 16
14 8
14 24
14 13
14 12
14 11
14 23
14 48
14 35
14 9
14 17
14 43
14 38
14 22
23
15 32
15 29
15 39
15 36
15 28
15 13
15 44
15 24
15 45
15 21
15 2
15 42
15 48
15 0
15 47
15 4
15 3
15 12
15 17
15 14
15 20
15 22
15 9
21
16 28
16 42
16 39
16 29
16 45
16 20
16 40
16 10
16 13
16 3
16 1
16 5
16 7
16 35
16 11
16 19
16 17
16 22
16 33
16 30
16 34
17
17 48
17 49
17 21
17 47
17 39
17 5
17 24
17 0
17 1
17 45
17 23
17 22
17 35
17 18
17 12
17 25
17 13
19
18 27
18 12
18 10
18 23
18 2
18 6
18 14
18 37
18 41
18 43
18 15
18 9
18 34
18 24
18 44
18 19
18 16
18 39
18 22
20
19 47
19 17
19 40
19 7
19 10
19 41
19 0
19 45
19 3
19 43
19 4
19 37
19 29
19 46
19 48
19 15
19 42
19 21
19 20
19 13
16
20 14
20 36
20 23
20 29
20 2
20 39
20 28
20 7
20 8
20 9
20 49
20 18
20 34
20 31
20 46
20 26
20
21 37
21 13
21 38
21 29
21 7
21 4
21 32
21 1
21 36
21 33
21 9
21 24
21 46
21 18
21 39
21 20
21 35
21 31
21 43
21 45
23
22 4
22 41
22 2
22 0
22 38
22 49
22 3
22 34
22 8
22 36
22 35
22 47
22 31
22 12
22 23
22 46
22 10
22 19
22 39
22 44
22 37
22 24
22 5
25
23 24
23 13
23 16
23 8
23 41
23 1
23 39
23 0
23 46
23 38
23 15
23 25
23 37
23 33
23 35
23 34
23 11
23 19
23 21
23 5
23 9
23 42
23 10
23 44
23 29
16
24 5
24 6
24 1
24 13
24 25
24 29
24 20
24 40
24 8
24 11
24 27
24 46
24 19
24 16
24 32
24 39
21
25 15
25 6
25 4
25 10
25 32
25 12
25 41
25 22
25 37
25 40
25 18
25 20
25 1
25 43
25 36
25 21
25 34
25 48
25 46
25 8
25 16
18
26 14
26 39
26 29
26 47
26 41
26 19
26 30
26 23
26 32
26 35
26 15
26 34
26 49
26 25
26 48
26 46
26 36
26 16
25
27 30
27 9
27 36
27 35
27 17
27 44
27 47
27 34
27 2
27 33
27 16
27 5
27 31
27 12
27 32
27 41
27 15
27 25
27 26
27 42
27 22
27 39
27 3
27 43
27 20
27
28 32
28 4
28 22
28 27
28 33
28 45
28 29
28 6
28 0
28 21
28 46
28 35
28 23
28 49
28 43
28 7
28 37
28 31
28 26
28 14
28 19
28 36
28 25
28 34
28 24
28 39
28 5
15
29 49
29 3
29 38
29 9
29 36
29 7
29 31
29 25
29 27
29 11
29 17
29 2
29 40
29 39
29 43
22
30 49
30 29
30 24
30 19
30 36
30 28
30 0
30 45
30 18
30 12
30 47
30 20
30 4
30 39
30 43
30 21
30 34
30 23
30 11
30 41
30 2
30 10
22
31 32
31 41
31 4
31 33
31 48
31 47
31 6
31 23
31 15
31 16
31 3
31 38
31 5
31 30
31 8
31 19
31 25
31 10
31 37
31 12
31 7
31 36
18
32 22
32 37
32 9
32 33
32 39
32 14
32 47
32 11
32 30
32 29
32 35
32 4
32 23
32 5
32 19
32 12
32 1
32 36
22
33 6
33 30
33 40
33 41
33 1
33 11
33 7
33 24
33 36
33 10
33 19
33 8
33 37
33 38
33 18
33 5
33 3
33 14
33 0
33 17
33 15
33 26
14
34 21
34 3
34 14
34 31
34 45
34 19
34 24
34 11
34 4
34 44
34 40
34 35
34 12
34 15
17
35 43
35 41
35 12
35 36
35 20
35 40
35 9
35 33
35 5
35 44
35 37
35 7
35 15
35 39
35 31
35 48
35 19
15
36 46
36 19
36 12
36 43
36 40
36 5
36 24
36 37
36 17
36 41
36 10
36 38
36 49
36 16
36 2
20
37 45
37 44
37 13
37 14
37 11
37 49
37 7
37 2
37 0
37 6
37 1
37 30
37 12
37 3
37 20
37 16
37 17
37 41
37 42
37 34
24
38 47
38 16
38 0
38 37
38 34
38 30
38 3
38 24
38 19
38 18
38 6
38 13
38 48
38 26
38 25
38 20
38 7
38 28
38 1
38 11
38 4
38 17
38 27
38 49
18
39 43
39 42
39 12
39 33
39 4
39 25
39 37
39 7
39 19
39 0
39 3
39 47
39 2
39 1
39 14
39 5
39 36
39 31
21
40 4
40 26
40 18
40 31
40 49
40 6
40 48
40 37
40 42
40 23
40 17
40 0
40 7
40 46
40 1
40 5
40 10
40 41
40 9
40 13
40 38
20
41 21
41 12
41 43
41 6
41 28
41 20
41 11
41 38
41 15
41 49
41 44
41 7
41 32
41 17
41 9
41 10
41 13
41 2
41 42
41 39
24
42 11
42 18
42 32
42 47
42 25
42 26
42 34
42 29
42 3
42 2
42 28
42 36
42 9
42 17
42 24
42 13
42 38
42 5
42 30
42 22
42 14
42 33
42 4
42 20
16
43 8
43 11
43 34
43 40
43 23
43 38
43 31
43 49
43 33
43 5
43 32
43 15
43 0
43 16
43 1
43 13
19
44 17
44 43
44 36
44 1
44 29
44 45
44 26
44 30
44 10
44 25
44 21
44 28
44 32
44 49
44 38
44 4
44 13
44 31
44 16
18
45 31
45 26
45 24
45 35
45 8
45 39
45 13
45 23
45 32
45 46
45 41
45 43
45 18
45 5
45 22
45 6
45 38
45 27
22
46 37
46 47
46 5
46 43
46 11
46 29
46 38
46 14
46 27
46 48
46 33
46 7
46 32
46 15
46 39
46 13
46 4
46 16
46 44
46 30
46 8
46 49
17
47 18
47 13
47 21
47 37
47 6
47 40
47 3
47 25
47 45
47 35
47 29
47 49
47 33
47 28
47 24
47 16
47 14
19
48 22
48 27
48 20
48 5
48 13
48 43
48 24
48 18
48 8
48 23
48 32
48 28
48 37
48 39
48 21
48 29
48 10
48 33
48 49
20
49 24
49 35
49 45
49 11
49 5
49 9
49 42
49 7
49 27
49 1
49 33
49 31
49 18
49 15
49 13
49 25
49 39
49 14
49 23
49 12
