50
0 "A28"
1 "A24"
2 "A37"
3 "A30"
4 "A26"
5 "A33"
6 "A17"
7 "A38"
8 "A21"
9 "A23"
10 "A8"
11 "A20"
12 "A7"
13 "A1"
14 "A43"
15 "A4"
16 "A5"
17 "A44"
18 "A48"
19 "A45"
20 "A18"
21 "A36"
22 "A47"
23 "A12"
24 "A11"
25 "A15"
26 "A9"
27 "A19"
28 "A46"
29 "A27"
30 "A49"
31 "A29"
32 "A3"
33 "A34"
34 "A39"
35 "A6"
36 "A16"
37 "A35"
38 "A41"
39 "A42"
40 "A13"
41 "A2"
42 "A10"
43 "A40"
44 "A22"
45 "A25"
46 "A31"
47 "A0"
48 "A32"
49 "A14"
13
0 14
0 4
0 12
0 32
0 18
0 21
0 19
0 2
0 26
0 33
0 49
0 6
0 24
18
1 42
1 2
1 19
1 28
1 36
1 10
1 22
1 13
1 27
1 34
1 4
1 17
1 29
1 24
1 38
1 15
1 33
1 48
20
2 39
2 36
2 20
2 24
2 10
2 46
2 7
2 5
2 41
2 44
2 11
2 12
2 48
2 21
2 19
2 32
2 33
2 3
2 35
2 13
29
3 8
3 17
3 0
3 46
3 30
3 5
3 7
3 29
3 22
3 6
3 48
3 49
3 11
3 10
3 39
3 45
3 31
3 40
3 47
3 13
3 18
3 16
3 27
3 14
3 34
3 43
3 25
3 28
3 33
21
4 22
4 8
4 3
4 29
4 23
4 36
4 20
4 5
4 12
4 15
4 49
4 33
4 21
4 47
4 43
4 19
4 10
4 38
4 42
4 39
4 26
20
5 1
5 41
5 7
5 30
5 40
5 11
5 13
5 10
5 28
5 48
5 9
5 34
5 32
5 46
5 36
5 26
5 42
5 20
5 15
5 12
20
6 4
6 24
6 2
6 48
6 12
6 18
6 23
6 20
6 39
6 17
6 11
6 14
6 32
6 30
6 38
6 10
6 5
6 36
6 25
6 34
23
7 42
7 46
7 35
7 20
7 11
7 18
7 21
7 45
7 4
7 10
7 33
7 0
7 38
7 37
7 25
7 43
7 49
7 14
7 19
7 15
7 32
7 6
7 17
22
8 2
8 15
8 27
8 33
8 36
8 16
8 1
8 12
8 9
8 23
8 35
8 5
8 37
8 6
8 31
8 14
8 30
8 0
8 7
8 29
8 20
8 32
22
9 26
9 44
9 38
9 27
9 30
9 48
9 1
9 32
9 15
9 25
9 43
9 6
9 33
9 42
9 2
9 21
9 47
9 0
9 18
9 13
9 28
9 49
18
10 46
10 38
10 14
10 18
10 27
10 35
10 31
10 17
10 45
10 11
10 19
10 23
10 16
10 39
10 0
10 8
10 9
10 42
15
11 28
11 29
11 43
11 18
11 9
11 20
11 44
11 15
11 19
11 33
11 32
11 23
11 31
11 47
11 24
20
12 25
12 14
12 13
12 17
12 35
12 30
12 9
12 18
12 26
12 23
12 29
12 38
12 46
12 34
12 19
12 47
12 45
12 24
12 49
12 15
15
13 35
13 11
13 26
13 15
13 43
13 22
13 37
13 33
13 38
13 31
13 7
13 14
13 20
13 48
13 32
17
14 15
14 2
14 25
14 22
14 38
14 32
14 9
14 21
14 1
14 26
14 33
14 31
14 5
14 44
14 23
14 4
14 34
14
15 38
15 34
15 6
15 26
15 47
15 24
15 10
15 46
15 37
15 41
15 0
15 39
15 30
15 29
13
16 22
16 21
16 19
16 0
16 28
16 13
16 38
16 41
16 4
16 20
16 11
16 29
16 2
23
17 47
17 16
17 23
17 8
17 28
17 38
17 14
17 21
17 20
17 0
17 45
17 4
17 9
17 37
17 13
17 11
17 49
17 44
17 48
17 24
17 22
17 40
17 5
22
18 22
18 16
18 35
18 14
18 13
18 40
18 15
18 36
18 33
18 42
18 2
18 4
18 31
18 48
18 8
18 27
18 1
18 26
18 47
18 30
18 46
18 19
18
19 14
19 13
19 15
19 39
19 5
19 37
19 35
19 24
19 36
19 17
19 43
19 9
19 3
19 44
19 25
19 49
19 28
19 32
15
20 3
20 15
20 42
20 14
20 22
20 19
20 46
20 44
20 28
20 43
20 1
20 34
20 10
20 27
20 25
20
21 19
21 29
21 12
21 23
21 6
21 27
21 22
21 10
21 1
21 30
21 28
21 34
21 32
21 42
21 33
21 20
21 15
21 37
21 47
21 40
16
22 2
22 44
22 48
22 12
22 15
22 7
22 6
22 0
22 47
22 40
22 19
22 8
22 10
22 23
22 46
22 37
17
23 43
23 2
23 0
23 39
23 16
23 24
23 18
23 13
23 19
23 46
23 30
23 48
23 28
23 15
23 1
23 25
23 37
20
24 21
24 28
24 14
24 39
24 13
24 30
24 40
24 36
24 16
24 46
24 29
24 20
24 26
24 3
24 5
24 41
24 35
24 8
24 44
24 9
20
25 33
25 26
25 44
25 24
25 11
25 16
25 1
25 18
25 21
25 5
25 38
25 42
25 8
25 29
25 27
25 2
25 4
25 41
25 28
25 22
17
26 33
26 2
26 16
26 10
26 29
26 23
26 31
26 3
26 11
26 28
26 21
26 7
26 22
26 37
26 1
26 39
26 19
22
27 19
27 6
27 37
27 23
27 2
27 5
27 38
27 44
27 43
27 13
27 12
27 14
27 22
27 49
27 11
27 15
27 32
27 24
27 7
27 45
27 42
27 35
19
28 34
28 48
28 15
28 42
28 10
28 38
28 13
28 14
28 0
28 2
28 46
28 37
28 7
28 4
28 8
28 32
28 49
28 6
28 18
18
29 45
29 40
29 22
29 35
29 31
29 32
29 9
29 23
29 47
29 34
29 18
29 14
29 27
29 10
29 41
29 43
29 36
29 2
18
30 28
30 31
30 11
30 7
30 46
30 33
30 49
30 22
30 2
30 34
30 47
30 36
30 19
30 13
30 37
30 26
30 0
30 29
23
31 6
31 33
31 5
31 15
31 45
31 16
31 4
31 1
31 0
31 32
31 2
31 40
31 25
31 24
31 48
31 19
31 23
31 49
31 44
31 7
31 38
31 17
31 12
16
32 22
32 49
32 42
32 33
32 20
32 47
32 26
32 23
32 1
32 41
32 40
32 24
32 15
32 25
32 3
32 43
22
33 22
33 10
33 5
33 19
33 29
33 45
33 24
33 41
33 12
33 16
33 34
33 23
33 17
33 43
33 37
33 49
33 27
33 6
33 28
33 20
33 15
33 36
19
34 27
34 17
34 0
34 7
34 35
34 10
34 36
34 26
34 23
34 8
34 42
34 31
34 46
34 18
34 16
34 9
34 2
34 4
34 22
25
35 40
35 20
35 16
35 4
35 25
35 3
35 22
35 26
35 47
35 30
35 5
35 9
35 43
35 14
35 45
35 23
35 11
35 33
35 0
35 31
35 15
35 21
35 39
35 1
35 42
21
36 13
36 10
36 32
36 3
36 23
36 27
36 47
36 22
36 17
36 25
36 41
36 11
36 15
36 21
36 20
36 0
36 45
36 14
36 35
36 12
36 48
22
37 2
37 31
37 20
37 10
37 29
37 34
37 0
37 49
37 16
37 25
37 12
37 9
37 4
37 41
37 39
37 38
37 3
37 1
37 45
37 47
37 5
37 11
15
38 8
38 2
38 35
38 19
38 33
38 40
38 32
38 18
38 21
38 5
38 3
38 26
38 34
38 24
38 41
20
39 46
39 21
39 22
39 12
39 1
39 48
39 7
39 9
39 28
39 17
39 45
39 25
39 27
39 18
39 38
39 5
39 33
39 8
39 49
39 0
23
40 36
40 9
40 6
40 16
40 20
40 11
40 25
40 33
40 39
40 8
40 26
40 34
40 13
40 4
40 43
40 28
40 10
40 48
40 0
40 49
40 27
40 19
40 14
16
41 48
41 1
41 6
41 7
41 42
41 26
41 30
41 46
41 44
41 14
41 40
41 35
41 12
41 4
41 21
41 10
23
42 40
42 46
42 38
42 33
42 12
42 23
42 39
42 15
42 26
42 43
42 36
42 29
42 30
42 13
42 14
42 16
42 31
42 3
42 24
42 6
42 19
42 2
42 11
21
43 18
43 26
43 8
43 24
43 14
43 28
43 1
43 34
43 15
43 46
43 6
43 31
43 48
43 21
43 37
43 30
43 0
43 5
43 38
43 22
43 49
25
44 7
44 34
44 4
44 28
44 40
44 32
44 30
44 42
44 23
44 0
44 26
44 29
44 37
44 12
44 38
44 18
44 3
44 10
44 39
44 36
44 8
44 43
44 5
44 45
44 15
26
45 25
45 14
45 38
45 47
45 1
45 23
45 8
45 28
45 19
45 48
45 41
45 11
45 24
45 18
45 34
45 5
45 9
45 4
45 43
45 13
45 15
45 40
45 30
45 21
45 32
45 26
19
46 16
46 37
46 29
46 38
46 21
46 26
46 33
46 35
46 32
46 0
46 13
46 48
46 6
46 44
46 27
46 9
46 8
46 49
46 36
20
47 26
47 24
47 10
47 1
47 23
47 2
47 40
47 43
47 27
47 42
47 28
47 31
47 19
47 33
47 14
47 13
47 44
47 5
47 25
47 7
17
48 30
48 10
48 35
48 19
48 8
48 11
48 32
48 37
48 15
48 4
48 21
48 16
48 49
48 44
48 38
48 29
48 14
22
49 41
49 14
49 15
49 5
49 2
49 42
49 25
49 35
49 36
49 16
49 29
49 44
49 18
49 47
49 34
49 22
49 10
49 8
49 21
49 13
49 1
49 45
