50
0 "A28"
1 "A24"
2 "A37"
3 "A30"
4 "A26"
5 "A33"
6 "A17"
7 "A38"
8 "A21"
9 "A23"
10 "A8"
11 "A20"
12 "A7"
13 "A1"
14 "A43"
15 "A4"
16 "A5"
17 "A44"
18 "A48"
19 "A45"
20 "A18"
21 "A36"
22 "A47"
23 "A12"
24 "A11"
25 "A15"
26 "A9"
27 "A19"
28 "A46"
29 "A27"
30 "A49"
31 "A29"
32 "A3"
33 "A34"
34 "A39"
35 "A6"
36 "A16"
37 "A35"
38 "A41"
39 "A42"
40 "A13"
41 "A2"
42 "A10"
43 "A40"
44 "A22"
45 "A25"
46 "A31"
47 "A0"
48 "A32"
49 "A14"
19
0 2
0 4
0 49
0 32
0 29
0 10
0 27
0 14
0 18
0 24
0 33
0 19
0 26
0 40
0 38
0 25
0 6
0 39
0 22
21
1 4
1 29
1 27
1 24
1 0
1 7
1 28
1 21
1 36
1 44
1 38
1 17
1 32
1 22
1 47
1 34
1 26
1 37
1 42
1 11
1 16
20
2 24
2 12
2 20
2 32
2 33
2 18
2 36
2 35
2 13
2 22
2 39
2 7
2 5
2 11
2 41
2 37
2 44
2 43
2 21
2 8
26
3 18
3 17
3 0
3 46
3 30
3 5
3 7
3 31
3 40
3 39
3 48
3 23
3 26
3 49
3 21
3 8
3 16
3 10
3 47
3 43
3 25
3 4
3 28
3 11
3 33
3 34
18
4 19
4 15
4 33
4 21
4 27
4 47
4 43
4 10
4 38
4 28
4 23
4 22
4 29
4 46
4 24
4 8
4 17
4 5
22
5 36
5 38
5 13
5 42
5 39
5 49
5 28
5 41
5 1
5 12
5 16
5 33
5 10
5 24
5 34
5 0
5 15
5 46
5 43
5 48
5 9
5 30
21
6 32
6 36
6 18
6 39
6 45
6 26
6 17
6 8
6 35
6 14
6 10
6 1
6 24
6 7
6 16
6 38
6 34
6 25
6 49
6 11
6 20
19
7 33
7 8
7 43
7 21
7 11
7 18
7 29
7 17
7 37
7 4
7 25
7 10
7 46
7 15
7 45
7 9
7 23
7 0
7 14
15
8 15
8 29
8 21
8 9
8 19
8 30
8 36
8 41
8 11
8 23
8 16
8 17
8 5
8 12
8 37
17
9 6
9 16
9 15
9 37
9 32
9 22
9 47
9 3
9 18
9 13
9 28
9 43
9 46
9 14
9 10
9 0
9 25
13
10 23
10 8
10 38
10 46
10 18
10 35
10 33
10 39
10 19
10 47
10 17
10 43
10 27
20
11 4
11 33
11 36
11 10
11 5
11 9
11 39
11 19
11 44
11 32
11 23
11 31
11 28
11 47
11 0
11 30
11 49
11 29
11 24
11 14
19
12 38
12 19
12 34
12 15
12 24
12 35
12 43
12 29
12 46
12 14
12 17
12 0
12 4
12 47
12 44
12 6
12 10
12 9
12 7
27
13 25
13 21
13 35
13 14
13 27
13 33
13 12
13 48
13 4
13 1
13 15
13 11
13 7
13 18
13 26
13 36
13 8
13 10
13 34
13 32
13 28
13 43
13 0
13 20
13 6
13 19
13 22
17
14 26
14 23
14 38
14 4
14 33
14 30
14 29
14 2
14 8
14 44
14 1
14 16
14 47
14 34
14 25
14 17
14 15
13
15 37
15 46
15 18
15 25
15 30
15 21
15 47
15 41
15 10
15 1
15 17
15 19
15 6
19
16 2
16 39
16 11
16 0
16 19
16 29
16 20
16 30
16 13
16 40
16 42
16 7
16 41
16 44
16 12
16 4
16 24
16 10
16 38
18
17 0
17 33
17 24
17 22
17 5
17 47
17 20
17 13
17 27
17 45
17 2
17 28
17 39
17 38
17 11
17 21
17 16
17 44
19
18 16
18 35
18 42
18 30
18 47
18 4
18 32
18 20
18 1
18 40
18 33
18 46
18 8
18 14
18 27
18 43
18 22
18 5
18 48
19
19 14
19 34
19 2
19 35
19 18
19 6
19 31
19 33
19 25
19 9
19 24
19 36
19 29
19 28
19 3
19 17
19 43
19 41
19 32
26
20 28
20 43
20 1
20 27
20 25
20 3
20 15
20 34
20 14
20 22
20 26
20 49
20 23
20 32
20 0
20 12
20 48
20 5
20 31
20 19
20 10
20 4
20 46
20 29
20 36
20 44
20
21 47
21 10
21 41
21 27
21 20
21 18
21 22
21 30
21 40
21 24
21 32
21 28
21 29
21 42
21 9
21 48
21 33
21 11
21 31
21 12
12
22 40
22 11
22 3
22 16
22 8
22 23
22 14
22 6
22 44
22 5
22 38
22 12
20
23 18
23 1
23 9
23 15
23 43
23 30
23 17
23 38
23 0
23 34
23 41
23 13
23 39
23 16
23 33
23 2
23 19
23 46
23 28
23 5
17
24 44
24 15
24 49
24 8
24 40
24 47
24 36
24 46
24 43
24 37
24 28
24 20
24 14
24 3
24 29
24 39
24 18
16
25 26
25 18
25 16
25 4
25 21
25 45
25 28
25 42
25 29
25 11
25 27
25 24
25 5
25 41
25 22
25 33
20
26 28
26 8
26 33
26 2
26 39
26 5
26 38
26 43
26 10
26 23
26 9
26 37
26 19
26 18
26 11
26 45
26 21
26 7
26 36
26 22
20
27 15
27 44
27 6
27 31
27 37
27 24
27 49
27 32
27 11
27 29
27 14
27 39
27 22
27 41
27 26
27 9
27 23
27 42
27 45
27 12
19
28 18
28 2
28 37
28 43
28 46
28 15
28 31
28 45
28 6
28 49
28 14
28 7
28 35
28 48
28 0
28 10
28 41
28 39
28 32
18
29 31
29 47
29 23
29 41
29 34
29 18
29 17
29 36
29 10
29 26
29 40
29 3
29 32
29 45
29 13
29 39
29 2
29 35
19
30 33
30 7
30 37
30 9
30 29
30 34
30 17
30 13
30 2
30 12
30 47
30 19
30 4
30 25
30 0
30 26
30 46
30 22
30 28
21
31 6
31 2
31 15
31 32
31 25
31 9
31 39
31 16
31 40
31 12
31 45
31 7
31 0
31 24
31 38
31 33
31 13
31 5
31 41
31 49
31 44
18
32 12
32 10
32 14
32 5
32 42
32 33
32 23
32 26
32 3
32 49
32 40
32 34
32 25
32 24
32 8
32 43
32 17
32 22
19
33 15
33 36
33 22
33 41
33 37
33 24
33 42
33 16
33 29
33 6
33 43
33 40
33 34
33 27
33 45
33 20
33 8
33 35
33 28
23
34 48
34 21
34 7
34 17
34 41
34 15
34 10
34 36
34 40
34 26
34 27
34 35
34 0
34 24
34 45
34 42
34 18
34 16
34 25
34 31
34 2
34 9
34 8
23
35 39
35 22
35 40
35 20
35 11
35 4
35 21
35 3
35 30
35 37
35 26
35 31
35 47
35 16
35 0
35 14
35 7
35 45
35 46
35 23
35 1
35 15
35 17
18
36 31
36 28
36 32
36 45
36 15
36 4
36 30
36 41
36 21
36 17
36 38
36 18
36 22
36 14
36 25
36 47
36 48
36 23
19
37 5
37 49
37 20
37 34
37 31
37 0
37 4
37 45
37 29
37 18
37 40
37 11
37 3
37 39
37 13
37 41
37 12
37 36
37 21
22
38 35
38 34
38 7
38 8
38 2
38 27
38 47
38 19
38 13
38 37
38 33
38 41
38 46
38 18
38 11
38 21
38 15
38 20
38 32
38 3
38 29
38 30
16
39 33
39 7
39 46
39 15
39 21
39 30
39 9
39 12
39 41
39 45
39 4
39 22
39 34
39 18
39 38
39 8
25
40 9
40 4
40 27
40 20
40 28
40 12
40 41
40 6
40 25
40 11
40 26
40 13
40 43
40 10
40 15
40 48
40 36
40 49
40 19
40 23
40 1
40 39
40 7
40 8
40 17
19
41 32
41 9
41 6
41 1
41 22
41 26
41 13
41 7
41 46
41 11
41 35
41 0
41 30
41 3
41 48
41 4
41 12
41 10
41 47
22
42 3
42 43
42 19
42 30
42 38
42 39
42 40
42 46
42 45
42 6
42 29
42 13
42 9
42 4
42 10
42 48
42 12
42 11
42 17
42 0
42 23
42 26
23
43 15
43 8
43 21
43 14
43 1
43 35
43 30
43 34
43 17
43 6
43 44
43 16
43 31
43 11
43 39
43 48
43 0
43 38
43 25
43 45
43 22
43 49
43 46
25
44 5
44 45
44 42
44 15
44 4
44 28
44 40
44 32
44 25
44 21
44 9
44 23
44 3
44 49
44 39
44 0
44 41
44 33
44 36
44 29
44 38
44 37
44 19
44 6
44 26
18
45 47
45 1
45 8
45 5
45 30
45 4
45 2
45 49
45 16
45 22
45 40
45 41
45 32
45 48
45 14
45 38
45 9
45 13
17
46 0
46 22
46 26
46 25
46 1
46 36
46 6
46 37
46 11
46 8
46 49
46 17
46 16
46 32
46 19
46 14
46 34
21
47 42
47 28
47 40
47 23
47 2
47 37
47 19
47 34
47 27
47 22
47 46
47 8
47 13
47 32
47 48
47 31
47 5
47 25
47 26
47 44
47 7
22
48 49
48 44
48 38
48 10
48 46
48 30
48 29
48 8
48 26
48 24
48 11
48 6
48 32
48 12
48 31
48 2
48 15
48 37
48 14
48 35
48 39
48 4
20
49 41
49 13
49 29
49 21
49 22
49 14
49 42
49 9
49 39
49 35
49 16
49 10
49 12
49 36
49 18
49 19
49 26
49 2
49 47
49 1
