50
0 "A28"
1 "A24"
2 "A37"
3 "A30"
4 "A26"
5 "A33"
6 "A17"
7 "A38"
8 "A21"
9 "A23"
10 "A8"
11 "A20"
12 "A7"
13 "A1"
14 "A43"
15 "A4"
16 "A5"
17 "A44"
18 "A48"
19 "A45"
20 "A18"
21 "A36"
22 "A47"
23 "A12"
24 "A11"
25 "A15"
26 "A9"
27 "A19"
28 "A46"
29 "A27"
30 "A49"
31 "A29"
32 "A3"
33 "A34"
34 "A39"
35 "A6"
36 "A16"
37 "A35"
38 "A41"
39 "A42"
40 "A13"
41 "A2"
42 "A10"
43 "A40"
44 "A22"
45 "A25"
46 "A31"
47 "A0"
48 "A32"
49 "A14"
23
0 42
0 40
0 9
0 41
0 3
0 39
0 28
0 44
0 11
0 24
0 21
0 18
0 5
0 34
0 14
0 30
0 47
0 4
0 20
0 36
0 23
0 1
0 32
18
1 31
1 14
1 45
1 13
1 4
1 21
1 17
1 42
1 15
1 9
1 2
1 36
1 32
1 23
1 30
1 7
1 11
1 46
14
2 12
2 48
2 34
2 47
2 46
2 6
2 20
2 23
2 10
2 27
2 19
2 3
2 37
2 7
13
3 11
3 24
3 40
3 31
3 6
3 49
3 44
3 13
3 47
3 7
3 1
3 46
3 42
20
4 36
4 29
4 15
4 43
4 44
4 39
4 9
4 49
4 26
4 32
4 40
4 10
4 3
4 12
4 19
4 11
4 14
4 27
4 24
4 41
18
5 41
5 21
5 7
5 4
5 24
5 6
5 46
5 2
5 45
5 32
5 1
5 30
5 12
5 40
5 43
5 44
5 39
5 22
18
6 27
6 37
6 8
6 4
6 23
6 35
6 17
6 21
6 30
6 49
6 43
6 20
6 31
6 28
6 33
6 19
6 34
6 45
16
7 15
7 34
7 30
7 44
7 9
7 4
7 48
7 46
7 28
7 38
7 33
7 11
7 8
7 22
7 18
7 41
21
8 31
8 2
8 39
8 35
8 30
8 21
8 3
8 17
8 38
8 42
8 4
8 24
8 36
8 47
8 48
8 13
8 46
8 28
8 15
8 0
8 25
21
9 36
9 42
9 27
9 31
9 8
9 32
9 17
9 34
9 35
9 38
9 18
9 30
9 43
9 11
9 16
9 2
9 45
9 46
9 25
9 49
9 3
19
10 37
10 38
10 12
10 41
10 0
10 6
10 29
10 34
10 16
10 25
10 33
10 3
10 39
10 45
10 28
10 1
10 44
10 49
10 11
19
11 20
11 5
11 47
11 43
11 26
11 29
11 12
11 30
11 14
11 19
11 28
11 49
11 46
11 45
11 13
11 25
11 39
11 41
11 35
22
12 9
12 34
12 35
12 36
12 15
12 48
12 40
12 26
12 33
12 6
12 49
12 0
12 37
12 41
12 38
12 14
12 1
12 25
12 44
12 47
12 42
12 30
23
13 24
13 19
13 31
13 34
13 17
13 47
13 23
13 38
13 40
13 15
13 22
13 30
13 4
13 44
13 12
13 5
13 27
13 0
13 29
13 45
13 37
13 10
13 7
19
14 21
14 20
14 29
14 17
14 49
14 27
14 30
14 48
14 41
14 31
14 9
14 16
14 32
14 5
14 8
14 28
14 3
14 43
14 7
16
15 35
15 46
15 34
15 45
15 3
15 48
15 5
15 21
15 18
15 19
15 25
15 36
15 0
15 20
15 41
15 2
22
16 13
16 1
16 29
16 37
16 41
16 39
16 35
16 5
16 12
16 47
16 19
16 0
16 11
16 6
16 3
16 25
16 40
16 48
16 8
16 7
16 32
16 23
17
17 4
17 16
17 12
17 2
17 20
17 10
17 32
17 45
17 44
17 5
17 11
17 37
17 3
17 35
17 0
17 26
17 38
21
18 1
18 47
18 37
18 39
18 13
18 3
18 10
18 34
18 16
18 42
18 46
18 5
18 36
18 8
18 27
18 12
18 2
18 23
18 33
18 22
18 26
12
19 8
19 17
19 10
19 28
19 27
19 23
19 12
19 1
19 31
19 7
19 35
19 3
25
20 25
20 47
20 45
20 8
20 3
20 9
20 28
20 4
20 7
20 5
20 12
20 13
20 44
20 10
20 18
20 33
20 48
20 30
20 29
20 35
20 31
20 41
20 23
20 27
20 49
19
21 35
21 12
21 10
21 11
21 16
21 20
21 19
21 28
21 40
21 43
21 34
21 18
21 3
21 29
21 48
21 36
21 22
21 2
21 49
20
22 45
22 2
22 14
22 16
22 19
22 12
22 41
22 6
22 25
22 48
22 39
22 23
22 43
22 17
22 1
22 31
22 11
22 9
22 4
22 37
15
23 29
23 9
23 36
23 40
23 4
23 35
23 49
23 21
23 30
23 34
23 25
23 28
23 44
23 12
23 11
28
24 40
24 19
24 32
24 33
24 28
24 7
24 11
24 48
24 45
24 21
24 46
24 9
24 6
24 12
24 16
24 37
24 2
24 27
24 34
24 41
24 10
24 18
24 26
24 20
24 17
24 25
24 22
24 1
17
25 14
25 17
25 33
25 13
25 44
25 29
25 4
25 41
25 7
25 6
25 19
25 40
25 42
25 18
25 32
25 21
25 0
19
26 25
26 8
26 27
26 29
26 39
26 45
26 48
26 46
26 19
26 21
26 16
26 38
26 14
26 42
26 43
26 6
26 2
26 44
26 1
24
27 45
27 49
27 17
27 16
27 7
27 29
27 47
27 1
27 33
27 39
27 46
27 11
27 44
27 43
27 28
27 21
27 22
27 15
27 40
27 48
27 37
27 38
27 35
27 25
24
28 13
28 39
28 49
28 2
28 1
28 16
28 3
28 22
28 37
28 34
28 12
28 4
28 31
28 42
28 5
28 40
28 25
28 26
28 9
28 18
28 44
28 48
28 35
28 45
16
29 45
29 5
29 18
29 28
29 41
29 32
29 35
29 33
29 19
29 6
29 15
29 24
29 17
29 49
29 43
29 31
15
30 4
30 15
30 25
30 28
30 3
30 16
30 21
30 10
30 17
30 46
30 2
30 43
30 26
30 48
30 24
25
31 0
31 4
31 21
31 34
31 41
31 23
31 36
31 26
31 40
31 24
31 48
31 39
31 25
31 17
31 35
31 16
31 47
31 2
31 12
31 30
31 38
31 46
31 37
31 49
31 18
23
32 7
32 33
32 21
32 23
32 8
32 45
32 22
32 6
32 46
32 43
32 11
32 31
32 36
32 12
32 2
32 19
32 15
32 13
32 3
32 20
32 18
32 27
32 37
21
33 16
33 8
33 0
33 17
33 44
33 3
33 15
33 31
33 37
33 41
33 40
33 19
33 11
33 21
33 49
33 13
33 4
33 36
33 38
33 46
33 26
22
34 48
34 20
34 25
34 38
34 39
34 3
34 44
34 42
34 16
34 30
34 36
34 37
34 43
34 29
34 14
34 5
34 22
34 35
34 8
34 33
34 4
34 47
14
35 13
35 22
35 47
35 44
35 2
35 33
35 37
35 7
35 10
35 5
35 30
35 3
35 38
35 4
20
36 27
36 10
36 44
36 25
36 28
36 42
36 17
36 22
36 3
36 46
36 19
36 24
36 5
36 29
36 20
36 26
36 6
36 41
36 14
36 45
17
37 20
37 39
37 19
37 1
37 23
37 44
37 49
37 7
37 43
37 25
37 26
37 45
37 9
37 15
37 48
37 36
37 3
21
38 15
38 21
38 25
38 32
38 11
38 5
38 6
38 24
38 23
38 42
38 19
38 20
38 3
38 47
38 28
38 36
38 30
38 16
38 14
38 4
38 37
20
39 6
39 13
39 19
39 9
39 35
39 29
39 25
39 21
39 14
39 48
39 36
39 12
39 32
39 41
39 2
39 15
39 1
39 7
39 17
39 30
21
40 20
40 14
40 8
40 34
40 9
40 38
40 46
40 26
40 42
40 19
40 15
40 18
40 37
40 35
40 10
40 41
40 49
40 45
40 11
40 6
40 29
13
41 32
41 45
41 13
41 37
41 2
41 30
41 27
41 21
41 3
41 6
41 46
41 38
41 35
25
42 11
42 7
42 15
42 43
42 4
42 30
42 16
42 44
42 37
42 14
42 17
42 48
42 35
42 2
42 6
42 41
42 19
42 27
42 13
42 22
42 46
42 5
42 33
42 32
42 21
20
43 40
43 31
43 2
43 17
43 35
43 36
43 20
43 10
43 8
43 15
43 13
43 7
43 12
43 18
43 47
43 48
43 0
43 39
43 19
43 41
19
44 9
44 1
44 39
44 32
44 38
44 40
44 45
44 14
44 21
44 8
44 18
44 6
44 49
44 16
44 43
44 30
44 29
44 31
44 19
19
45 42
45 35
45 4
45 33
45 46
45 43
45 8
45 19
45 25
45 34
45 7
45 23
45 39
45 31
45 0
45 21
45 3
45 30
45 49
23
46 48
46 44
46 25
46 12
46 29
46 22
46 17
46 37
46 47
46 38
46 23
46 43
46 0
46 35
46 10
46 6
46 14
46 19
46 39
46 21
46 16
46 13
46 4
22
47 25
47 29
47 1
47 48
47 21
47 36
47 4
47 49
47 41
47 17
47 45
47 22
47 14
47 40
47 28
47 37
47 5
47 44
47 42
47 6
47 30
47 9
21
48 29
48 40
48 17
48 13
48 45
48 44
48 49
48 23
48 10
48 35
48 11
48 36
48 9
48 0
48 33
48 18
48 41
48 38
48 19
48 1
48 3
20
49 13
49 24
49 15
49 46
49 7
49 35
49 25
49 36
49 0
49 1
49 26
49 8
49 34
49 22
49 38
49 32
49 39
49 5
49 18
49 43
