50
0 "A21"
1 "A42"
2 "A40"
3 "A43"
4 "A16"
5 "A48"
6 "A19"
7 "A35"
8 "A13"
9 "A31"
10 "A41"
11 "A10"
12 "A20"
13 "A11"
14 "A36"
15 "A24"
16 "A23"
17 "A4"
18 "A29"
19 "A46"
20 "A15"
21 "A12"
22 "A2"
23 "A14"
24 "A5"
25 "A44"
26 "A27"
27 "A25"
28 "A0"
29 "A26"
30 "A47"
31 "A6"
32 "A1"
33 "A22"
34 "A49"
35 "A3"
36 "A32"
37 "A9"
38 "A37"
39 "A38"
40 "A45"
41 "A39"
42 "A34"
43 "A30"
44 "A33"
45 "A28"
46 "A17"
47 "A18"
48 "A7"
49 "A8"
21
0 38
0 49
0 41
0 15
0 3
0 46
0 21
0 22
0 28
0 1
0 8
0 19
0 35
0 32
0 43
0 30
0 17
0 37
0 24
0 9
0 7
20
1 35
1 29
1 33
1 43
1 5
1 42
1 16
1 17
1 25
1 10
1 14
1 19
1 6
1 41
1 9
1 49
1 40
1 24
1 38
1 32
9
2 42
2 26
2 35
2 7
2 6
2 29
2 3
2 38
2 47
22
3 16
3 39
3 30
3 42
3 1
3 21
3 8
3 15
3 18
3 25
3 29
3 20
3 40
3 26
3 4
3 24
3 38
3 44
3 47
3 41
3 10
3 14
18
4 24
4 2
4 40
4 0
4 15
4 7
4 26
4 17
4 42
4 33
4 5
4 16
4 49
4 38
4 12
4 30
4 31
4 1
25
5 27
5 48
5 12
5 11
5 34
5 36
5 32
5 2
5 38
5 43
5 33
5 21
5 35
5 0
5 24
5 14
5 20
5 23
5 22
5 28
5 16
5 3
5 10
5 8
5 19
25
6 40
6 19
6 26
6 21
6 9
6 0
6 3
6 38
6 41
6 39
6 8
6 4
6 7
6 25
6 28
6 20
6 17
6 37
6 18
6 42
6 43
6 33
6 44
6 12
6 23
22
7 11
7 21
7 30
7 14
7 28
7 45
7 41
7 31
7 39
7 49
7 27
7 10
7 5
7 8
7 35
7 43
7 3
7 16
7 20
7 36
7 9
7 18
23
8 37
8 1
8 4
8 48
8 10
8 23
8 47
8 13
8 38
8 2
8 22
8 40
8 20
8 12
8 21
8 18
8 16
8 11
8 19
8 46
8 33
8 26
8 42
14
9 18
9 36
9 32
9 8
9 19
9 2
9 17
9 13
9 16
9 14
9 31
9 20
9 10
9 12
20
10 14
10 20
10 38
10 2
10 37
10 48
10 19
10 17
10 30
10 39
10 4
10 16
10 29
10 40
10 11
10 27
10 6
10 26
10 21
10 34
20
11 22
11 13
11 39
11 48
11 42
11 20
11 41
11 29
11 18
11 28
11 9
11 27
11 21
11 38
11 24
11 35
11 6
11 49
11 4
11 47
23
12 28
12 10
12 31
12 19
12 2
12 7
12 20
12 43
12 41
12 13
12 47
12 0
12 45
12 33
12 21
12 3
12 35
12 1
12 23
12 11
12 39
12 27
12 34
22
13 7
13 24
13 17
13 15
13 49
13 4
13 0
13 34
13 43
13 39
13 28
13 44
13 1
13 10
13 5
13 36
13 38
13 23
13 25
13 40
13 48
13 33
15
14 12
14 8
14 31
14 23
14 46
14 11
14 16
14 17
14 0
14 49
14 21
14 42
14 38
14 24
14 6
23
15 19
15 24
15 31
15 45
15 10
15 22
15 1
15 7
15 12
15 6
15 29
15 18
15 11
15 9
15 44
15 49
15 41
15 17
15 21
15 30
15 46
15 26
15 27
16
16 6
16 21
16 35
16 28
16 26
16 18
16 23
16 39
16 36
16 12
16 15
16 31
16 13
16 11
16 44
16 20
16
17 8
17 29
17 32
17 36
17 18
17 30
17 11
17 19
17 49
17 5
17 27
17 28
17 43
17 40
17 46
17 25
21
18 5
18 2
18 0
18 37
18 46
18 27
18 13
18 23
18 40
18 14
18 26
18 4
18 33
18 38
18 1
18 30
18 22
18 10
18 31
18 32
18 47
16
19 44
19 23
19 45
19 7
19 38
19 16
19 43
19 13
19 46
19 37
19 28
19 24
19 20
19 2
19 14
19 31
25
20 4
20 37
20 46
20 24
20 31
20 13
20 35
20 30
20 39
20 43
20 18
20 44
20 48
20 21
20 14
20 22
20 49
20 25
20 33
20 47
20 34
20 1
20 15
20 0
20 2
13
21 22
21 32
21 31
21 49
21 1
21 19
21 35
21 18
21 30
21 34
21 4
21 37
21 2
16
22 35
22 40
22 27
22 17
22 39
22 16
22 24
22 38
22 10
22 42
22 2
22 44
22 6
22 48
22 19
22 1
18
23 4
23 29
23 33
23 42
23 1
23 11
23 15
23 0
23 32
23 41
23 25
23 48
23 35
23 10
23 7
23 39
23 21
23 38
22
24 17
24 28
24 37
24 44
24 9
24 21
24 16
24 45
24 6
24 12
24 43
24 7
24 42
24 41
24 23
24 26
24 18
24 25
24 31
24 2
24 10
24 47
21
25 19
25 10
25 4
25 21
25 12
25 32
25 15
25 35
25 16
25 14
25 46
25 26
25 22
25 11
25 41
25 48
25 9
25 28
25 2
25 29
25 8
24
26 35
26 42
26 5
26 32
26 38
26 29
26 33
26 48
26 44
26 40
26 17
26 21
26 22
26 30
26 23
26 45
26 1
26 36
26 0
26 46
26 41
26 37
26 20
26 34
23
27 24
27 19
27 39
27 29
27 13
27 37
27 4
27 20
27 3
27 8
27 34
27 47
27 48
27 0
27 40
27 35
27 23
27 1
27 14
27 9
27 2
27 6
27 28
20
28 23
28 42
28 20
28 26
28 33
28 32
28 34
28 8
28 4
28 3
28 43
28 38
28 22
28 37
28 21
28 39
28 29
28 10
28 31
28 2
20
29 43
29 5
29 18
29 22
29 13
29 19
29 9
29 0
29 41
29 49
29 44
29 12
29 4
29 6
29 38
29 24
29 21
29 14
29 16
29 8
22
30 29
30 27
30 13
30 35
30 45
30 22
30 38
30 34
30 25
30 2
30 48
30 24
30 16
30 23
30 11
30 42
30 33
30 5
30 28
30 19
30 9
30 44
25
31 8
31 25
31 41
31 17
31 30
31 10
31 2
31 43
31 29
31 34
31 45
31 32
31 6
31 38
31 23
31 27
31 37
31 40
31 49
31 22
31 47
31 13
31 39
31 3
31 1
19
32 22
32 13
32 29
32 35
32 4
32 11
32 42
32 7
32 49
32 36
32 15
32 8
32 24
32 39
32 20
32 19
32 27
32 3
32 14
17
33 29
33 3
33 46
33 9
33 48
33 7
33 37
33 44
33 22
33 10
33 19
33 40
33 32
33 16
33 31
33 15
33 38
22
34 1
34 40
34 3
34 41
34 43
34 17
34 9
34 49
34 15
34 2
34 25
34 36
34 0
34 7
34 19
34 29
34 42
34 39
34 24
34 35
34 32
34 22
17
35 44
35 17
35 33
35 28
35 47
35 24
35 31
35 19
35 13
35 4
35 3
35 8
35 18
35 40
35 46
35 9
35 29
22
36 31
36 44
36 27
36 30
36 24
36 19
36 25
36 35
36 18
36 41
36 10
36 15
36 43
36 29
36 28
36 21
36 14
36 46
36 8
36 33
36 2
36 23
20
37 1
37 7
37 32
37 2
37 9
37 11
37 30
37 17
37 15
37 23
37 41
37 16
37 12
37 14
37 34
37 47
37 3
37 36
37 35
37 45
16
38 41
38 27
38 12
38 34
38 16
38 21
38 36
38 15
38 20
38 25
38 24
38 7
38 39
38 32
38 37
38 17
14
39 35
39 29
39 19
39 46
39 21
39 18
39 36
39 8
39 2
39 26
39 4
39 14
39 30
39 41
19
40 25
40 12
40 24
40 0
40 29
40 43
40 19
40 23
40 28
40 38
40 32
40 49
40 36
40 37
40 11
40 15
40 7
40 42
40 39
16
41 5
41 48
41 20
41 8
41 21
41 10
41 32
41 47
41 4
41 14
41 2
41 45
41 33
41 17
41 28
41 30
18
42 19
42 49
42 35
42 25
42 33
42 29
42 5
42 10
42 37
42 15
42 44
42 20
42 47
42 27
42 12
42 17
42 41
42 18
22
43 30
43 2
43 39
43 18
43 25
43 10
43 16
43 8
43 44
43 14
43 23
43 38
43 3
43 26
43 9
43 33
43 27
43 47
43 22
43 42
43 32
43 11
17
44 18
44 21
44 37
44 31
44 14
44 2
44 49
44 1
44 39
44 41
44 28
44 12
44 11
44 4
44 32
44 27
44 38
22
45 9
45 20
45 32
45 0
45 10
45 44
45 47
45 1
45 28
45 36
45 49
45 23
45 22
45 38
45 40
45 21
45 5
45 43
45 18
45 2
45 42
45 27
24
46 28
46 1
46 30
46 27
46 5
46 44
46 41
46 9
46 21
46 43
46 2
46 16
46 32
46 31
46 29
46 24
46 23
46 22
46 48
46 10
46 38
46 40
46 34
46 13
15
47 28
47 7
47 22
47 48
47 15
47 32
47 39
47 40
47 29
47 46
47 17
47 13
47 1
47 21
47 9
21
48 34
48 3
48 29
48 37
48 19
48 14
48 28
48 31
48 12
48 7
48 9
48 16
48 36
48 1
48 35
48 2
48 39
48 6
48 43
48 42
48 18
19
49 30
49 38
49 22
49 37
49 12
49 23
49 5
49 3
49 28
49 9
49 25
49 47
49 24
49 46
49 16
49 48
49 6
49 33
49 27
