50
0 "A21"
1 "A42"
2 "A40"
3 "A43"
4 "A16"
5 "A48"
6 "A19"
7 "A35"
8 "A13"
9 "A31"
10 "A41"
11 "A10"
12 "A20"
13 "A11"
14 "A36"
15 "A24"
16 "A23"
17 "A4"
18 "A29"
19 "A46"
20 "A15"
21 "A12"
22 "A2"
23 "A14"
24 "A5"
25 "A44"
26 "A27"
27 "A25"
28 "A0"
29 "A26"
30 "A47"
31 "A6"
32 "A1"
33 "A22"
34 "A49"
35 "A3"
36 "A32"
37 "A9"
38 "A37"
39 "A38"
40 "A45"
41 "A39"
42 "A34"
43 "A30"
44 "A33"
45 "A28"
46 "A17"
47 "A18"
48 "A7"
49 "A8"
24
0 4
0 24
0 49
0 5
0 6
0 26
0 31
0 33
0 22
0 19
0 17
0 40
0 2
0 39
0 21
0 38
0 20
0 9
0 15
0 23
0 25
0 41
0 7
0 16
16
1 33
1 10
1 28
1 34
1 35
1 41
1 4
1 49
1 40
1 19
1 6
1 42
1 2
1 17
1 0
1 44
15
2 17
2 38
2 46
2 39
2 30
2 15
2 13
2 27
2 44
2 41
2 48
2 22
2 37
2 43
2 31
16
3 48
3 1
3 0
3 49
3 2
3 26
3 35
3 34
3 20
3 23
3 36
3 13
3 42
3 33
3 30
3 17
19
4 2
4 37
4 33
4 27
4 39
4 49
4 35
4 44
4 7
4 28
4 36
4 3
4 12
4 38
4 25
4 19
4 29
4 43
4 23
26
5 42
5 36
5 39
5 30
5 47
5 40
5 31
5 2
5 4
5 3
5 1
5 49
5 41
5 35
5 33
5 7
5 14
5 44
5 48
5 27
5 26
5 45
5 13
5 8
5 23
5 46
19
6 11
6 22
6 39
6 26
6 35
6 33
6 14
6 38
6 9
6 28
6 41
6 46
6 49
6 45
6 4
6 12
6 37
6 47
6 3
16
7 20
7 33
7 16
7 41
7 42
7 3
7 29
7 1
7 37
7 15
7 25
7 35
7 2
7 22
7 45
7 39
23
8 6
8 48
8 13
8 44
8 29
8 1
8 25
8 0
8 46
8 27
8 2
8 39
8 23
8 43
8 28
8 18
8 36
8 41
8 32
8 4
8 26
8 34
8 30
22
9 21
9 3
9 4
9 10
9 36
9 7
9 29
9 28
9 49
9 48
9 8
9 20
9 2
9 40
9 26
9 23
9 14
9 5
9 1
9 44
9 19
9 41
21
10 41
10 3
10 42
10 12
10 11
10 35
10 45
10 44
10 8
10 6
10 13
10 7
10 23
10 0
10 37
10 25
10 17
10 4
10 33
10 36
10 32
23
11 28
11 35
11 3
11 34
11 9
11 39
11 19
11 32
11 21
11 7
11 26
11 2
11 23
11 12
11 1
11 5
11 45
11 31
11 0
11 47
11 33
11 8
11 16
24
12 44
12 28
12 8
12 47
12 46
12 1
12 9
12 0
12 37
12 48
12 24
12 15
12 19
12 3
12 26
12 34
12 16
12 21
12 31
12 49
12 22
12 45
12 40
12 14
17
13 0
13 21
13 40
13 1
13 42
13 22
13 4
13 28
13 11
13 23
13 33
13 9
13 44
13 26
13 49
13 31
13 39
24
14 8
14 49
14 7
14 10
14 37
14 28
14 2
14 43
14 32
14 41
14 42
14 21
14 0
14 1
14 3
14 38
14 13
14 11
14 39
14 4
14 31
14 19
14 27
14 35
18
15 35
15 28
15 25
15 44
15 18
15 13
15 20
15 29
15 4
15 10
15 21
15 9
15 26
15 5
15 11
15 47
15 48
15 24
23
16 18
16 46
16 28
16 22
16 42
16 41
16 19
16 13
16 49
16 43
16 34
16 8
16 33
16 32
16 45
16 23
16 15
16 10
16 17
16 39
16 5
16 35
16 29
14
17 46
17 18
17 38
17 40
17 15
17 25
17 8
17 28
17 47
17 21
17 13
17 27
17 32
17 5
22
18 33
18 0
18 32
18 11
18 26
18 37
18 43
18 12
18 3
18 27
18 44
18 46
18 41
18 2
18 9
18 13
18 24
18 6
18 45
18 29
18 4
18 40
17
19 25
19 3
19 10
19 21
19 8
19 26
19 7
19 15
19 6
19 24
19 30
19 40
19 48
19 47
19 37
19 31
19 5
27
20 31
20 30
20 17
20 43
20 12
20 48
20 39
20 18
20 4
20 41
20 14
20 22
20 29
20 2
20 24
20 44
20 37
20 45
20 47
20 40
20 21
20 26
20 46
20 19
20 13
20 6
20 36
20
21 32
21 1
21 36
21 49
21 2
21 16
21 42
21 6
21 10
21 18
21 24
21 37
21 7
21 3
21 5
21 48
21 33
21 39
21 4
21 31
20
22 15
22 5
22 37
22 17
22 36
22 28
22 19
22 42
22 10
22 14
22 33
22 41
22 9
22 29
22 30
22 24
22 3
22 18
22 48
22 1
19
23 22
23 39
23 12
23 18
23 37
23 30
23 14
23 44
23 46
23 6
23 49
23 47
23 35
23 2
23 19
23 24
23 1
23 28
23 21
19
24 40
24 28
24 1
24 29
24 35
24 34
24 33
24 16
24 7
24 17
24 14
24 13
24 39
24 48
24 47
24 4
24 2
24 43
24 38
18
25 27
25 1
25 41
25 12
25 5
25 21
25 44
25 16
25 32
25 39
25 11
25 30
25 23
25 28
25 9
25 2
25 40
25 45
16
26 33
26 35
26 36
26 47
26 25
26 4
26 16
26 48
26 34
26 2
26 30
26 29
26 45
26 37
26 14
26 38
20
27 24
27 26
27 12
27 23
27 16
27 15
27 1
27 6
27 34
27 44
27 19
27 46
27 21
27 47
27 9
27 35
27 28
27 10
27 7
27 38
17
28 34
28 48
28 37
28 45
28 31
28 20
28 38
28 30
28 44
28 0
28 2
28 43
28 5
28 10
28 26
28 32
28 18
23
29 42
29 35
29 19
29 14
29 10
29 31
29 2
29 5
29 37
29 28
29 48
29 13
29 39
29 0
29 34
29 27
29 21
29 32
29 33
29 40
29 30
29 3
29 23
20
30 44
30 6
30 34
30 11
30 21
30 9
30 4
30 40
30 18
30 13
30 17
30 27
30 41
30 43
30 16
30 1
30 47
30 48
30 45
30 10
19
31 36
31 16
31 1
31 3
31 41
31 45
31 18
31 27
31 24
31 30
31 25
31 4
31 15
31 26
31 48
31 37
31 6
31 43
31 7
22
32 35
32 27
32 13
32 40
32 9
32 30
32 38
32 15
32 3
32 31
32 1
32 42
32 0
32 23
32 37
32 19
32 4
32 20
32 6
32 34
32 43
32 22
12
33 25
33 42
33 19
33 27
33 8
33 39
33 41
33 2
33 44
33 30
33 40
33 20
20
34 13
34 48
34 31
34 14
34 41
34 46
34 25
34 23
34 6
34 0
34 45
34 38
34 9
34 5
34 39
34 33
34 20
34 19
34 4
34 2
16
35 0
35 28
35 22
35 34
35 36
35 43
35 30
35 49
35 12
35 2
35 21
35 18
35 48
35 17
35 20
35 42
28
36 46
36 12
36 27
36 0
36 7
36 16
36 30
36 15
36 48
36 11
36 44
36 6
36 17
36 25
36 18
36 37
36 14
36 39
36 29
36 28
36 34
36 43
36 24
36 13
36 32
36 33
36 1
36 19
16
37 48
37 46
37 15
37 27
37 5
37 1
37 3
37 40
37 35
37 16
37 17
37 13
37 25
37 33
37 8
37 41
23
38 13
38 10
38 47
38 33
38 30
38 29
38 7
38 5
38 19
38 44
38 45
38 1
38 35
38 48
38 36
38 12
38 23
38 43
38 39
38 18
38 11
38 22
38 9
17
39 26
39 35
39 37
39 12
39 15
39 40
39 47
39 31
39 22
39 49
39 18
39 32
39 28
39 3
39 30
39 46
39 17
22
40 22
40 8
40 23
40 15
40 35
40 3
40 43
40 10
40 41
40 36
40 6
40 49
40 7
40 42
40 34
40 14
40 16
40 2
40 26
40 4
40 46
40 28
11
41 38
41 11
41 48
41 26
41 45
41 39
41 21
41 29
41 3
41 24
41 35
22
42 25
42 27
42 18
42 0
42 30
42 39
42 34
42 24
42 11
42 38
42 41
42 47
42 31
42 26
42 4
42 2
42 44
42 43
42 36
42 23
42 15
42 9
23
43 39
43 3
43 9
43 41
43 0
43 44
43 34
43 12
43 26
43 29
43 7
43 25
43 19
43 37
43 21
43 33
43 1
43 13
43 10
43 11
43 23
43 15
43 48
16
44 16
44 21
44 24
44 19
44 37
44 39
44 11
44 3
44 17
44 26
44 34
44 32
44 6
44 40
44 0
44 31
22
45 17
45 3
45 29
45 33
45 43
45 37
45 42
45 44
45 2
45 9
45 21
45 27
45 14
45 1
45 35
45 13
45 32
45 15
45 39
45 47
45 19
45 40
18
46 11
46 32
46 30
46 7
46 15
46 1
46 31
46 41
46 21
46 3
46 43
46 0
46 9
46 48
46 35
46 14
46 44
46 22
22
47 7
47 44
47 48
47 9
47 37
47 43
47 16
47 31
47 46
47 25
47 33
47 40
47 10
47 18
47 2
47 29
47 14
47 0
47 21
47 22
47 36
47 13
14
48 44
48 17
48 45
48 16
48 33
48 14
48 0
48 13
48 6
48 7
48 11
48 42
48 18
48 40
19
49 18
49 15
49 17
49 42
49 38
49 26
49 48
49 30
49 29
49 43
49 45
49 32
49 37
49 10
49 41
49 19
49 36
49 47
49 7
