50
0 "A21"
1 "A42"
2 "A40"
3 "A43"
4 "A16"
5 "A48"
6 "A19"
7 "A35"
8 "A13"
9 "A31"
10 "A41"
11 "A10"
12 "A20"
13 "A11"
14 "A36"
15 "A24"
16 "A23"
17 "A4"
18 "A29"
19 "A46"
20 "A15"
21 "A12"
22 "A2"
23 "A14"
24 "A5"
25 "A44"
26 "A27"
27 "A25"
28 "A0"
29 "A26"
30 "A47"
31 "A6"
32 "A1"
33 "A22"
34 "A49"
35 "A3"
36 "A32"
37 "A9"
38 "A37"
39 "A38"
40 "A45"
41 "A39"
42 "A34"
43 "A30"
44 "A33"
45 "A28"
46 "A17"
47 "A18"
48 "A7"
49 "A8"
20
0 16
0 28
0 19
0 15
0 23
0 12
0 42
0 31
0 17
0 48
0 1
0 37
0 49
0 24
0 26
0 6
0 25
0 3
0 4
0 30
28
1 9
1 4
1 46
1 27
1 40
1 26
1 32
1 29
1 19
1 41
1 5
1 22
1 14
1 20
1 47
1 13
1 11
1 33
1 49
1 16
1 18
1 24
1 3
1 37
1 43
1 36
1 28
1 38
15
2 43
2 46
2 30
2 31
2 1
2 0
2 37
2 8
2 5
2 3
2 11
2 35
2 39
2 6
2 16
21
3 49
3 9
3 18
3 28
3 7
3 46
3 47
3 21
3 25
3 44
3 26
3 4
3 13
3 37
3 16
3 8
3 24
3 45
3 10
3 36
3 29
15
4 15
4 2
4 25
4 47
4 24
4 44
4 30
4 12
4 16
4 34
4 9
4 48
4 41
4 27
4 22
17
5 45
5 7
5 20
5 29
5 33
5 13
5 6
5 15
5 32
5 26
5 23
5 40
5 36
5 41
5 17
5 38
5 9
18
6 41
6 34
6 27
6 10
6 46
6 3
6 44
6 25
6 23
6 1
6 32
6 17
6 30
6 15
6 31
6 24
6 21
6 35
22
7 22
7 48
7 8
7 11
7 23
7 26
7 10
7 12
7 4
7 45
7 0
7 6
7 9
7 32
7 17
7 36
7 43
7 46
7 20
7 1
7 14
7 30
19
8 45
8 34
8 22
8 9
8 18
8 33
8 49
8 21
8 19
8 25
8 13
8 10
8 17
8 5
8 24
8 23
8 0
8 11
8 20
22
9 45
9 35
9 44
9 42
9 31
9 21
9 6
9 49
9 46
9 10
9 36
9 38
9 33
9 28
9 12
9 25
9 2
9 26
9 24
9 39
9 19
9 18
16
10 29
10 25
10 30
10 38
10 47
10 44
10 35
10 42
10 19
10 12
10 16
10 39
10 26
10 27
10 5
10 2
21
11 44
11 38
11 43
11 32
11 16
11 34
11 49
11 23
11 46
11 17
11 36
11 5
11 30
11 9
11 21
11 4
11 26
11 33
11 47
11 13
11 0
20
12 32
12 13
12 38
12 11
12 24
12 17
12 42
12 48
12 46
12 44
12 41
12 45
12 5
12 20
12 3
12 2
12 21
12 33
12 25
12 14
24
13 0
13 41
13 32
13 49
13 17
13 26
13 48
13 9
13 31
13 6
13 18
13 4
13 38
13 15
13 14
13 28
13 44
13 42
13 34
13 45
13 20
13 39
13 25
13 33
21
14 6
14 37
14 42
14 2
14 19
14 39
14 3
14 8
14 0
14 45
14 47
14 28
14 40
14 43
14 5
14 30
14 23
14 20
14 26
14 4
14 17
20
15 24
15 43
15 16
15 20
15 9
15 7
15 34
15 47
15 8
15 3
15 39
15 1
15 44
15 35
15 31
15 10
15 21
15 12
15 22
15 14
21
16 42
16 32
16 30
16 5
16 39
16 12
16 14
16 38
16 40
16 28
16 31
16 6
16 26
16 9
16 18
16 36
16 13
16 44
16 24
16 47
16 7
14
17 2
17 23
17 15
17 29
17 44
17 28
17 18
17 41
17 42
17 3
17 10
17 35
17 49
17 9
23
18 0
18 32
18 47
18 43
18 29
18 33
18 39
18 14
18 25
18 4
18 23
18 15
18 12
18 44
18 6
18 20
18 21
18 38
18 48
18 46
18 2
18 41
18 30
19
19 15
19 2
19 39
19 45
19 37
19 24
19 5
19 17
19 11
19 29
19 18
19 23
19 49
19 12
19 4
19 7
19 3
19 30
19 6
16
20 16
20 19
20 24
20 0
20 42
20 6
20 9
20 36
20 45
20 4
20 30
20 17
20 39
20 10
20 34
20 3
20
21 20
21 27
21 30
21 44
21 49
21 10
21 22
21 48
21 38
21 1
21 7
21 14
21 47
21 24
21 46
21 28
21 26
21 36
21 39
21 34
22
22 34
22 3
22 42
22 45
22 5
22 2
22 37
22 35
22 17
22 16
22 29
22 38
22 43
22 49
22 6
22 12
22 36
22 31
22 14
22 0
22 10
22 24
16
23 44
23 38
23 10
23 21
23 27
23 24
23 3
23 12
23 36
23 9
23 47
23 30
23 28
23 16
23 1
23 32
13
24 46
24 44
24 42
24 5
24 48
24 17
24 38
24 43
24 10
24 7
24 25
24 11
24 29
17
25 29
25 20
25 47
25 17
25 19
25 16
25 45
25 2
25 14
25 37
25 7
25 44
25 28
25 21
25 23
25 41
25 1
16
26 44
26 24
26 22
26 25
26 33
26 34
26 12
26 39
26 48
26 6
26 45
26 18
26 4
26 27
26 15
26 41
21
27 7
27 15
27 0
27 16
27 45
27 20
27 8
27 14
27 39
27 13
27 41
27 22
27 46
27 12
27 5
27 31
27 18
27 11
27 43
27 36
27 2
24
28 26
28 10
28 22
28 36
28 19
28 30
28 44
28 47
28 2
28 29
28 41
28 12
28 45
28 18
28 34
28 8
28 33
28 38
28 24
28 39
28 6
28 46
28 42
28 11
25
29 33
29 32
29 41
29 7
29 14
29 2
29 16
29 23
29 31
29 37
29 48
29 44
29 45
29 39
29 12
29 8
29 6
29 46
29 47
29 21
29 26
29 13
29 4
29 0
29 11
15
30 25
30 17
30 40
30 1
30 48
30 44
30 34
30 22
30 3
30 29
30 24
30 13
30 38
30 15
30 26
24
31 43
31 24
31 1
31 44
31 28
31 39
31 3
31 18
31 47
31 23
31 20
31 25
31 45
31 34
31 21
31 5
31 37
31 10
31 49
31 26
31 48
31 19
31 11
31 30
21
32 9
32 14
32 27
32 25
32 46
32 38
32 21
32 15
32 48
32 10
32 4
32 49
32 28
32 17
32 31
32 20
32 2
32 42
32 19
32 40
32 30
20
33 16
33 37
33 41
33 10
33 25
33 31
33 48
33 19
33 23
33 22
33 21
33 4
33 0
33 40
33 38
33 6
33 27
33 20
33 15
33 2
23
34 14
34 17
34 47
34 7
34 9
34 25
34 41
34 27
34 29
34 24
34 12
34 18
34 10
34 32
34 19
34 5
34 1
34 3
34 0
34 16
34 33
34 23
34 48
25
35 8
35 14
35 5
35 4
35 38
35 7
35 44
35 36
35 12
35 37
35 25
35 46
35 42
35 0
35 3
35 19
35 27
35 34
35 41
35 24
35 30
35 40
35 33
35 23
35 20
23
36 30
36 4
36 13
36 47
36 49
36 32
36 14
36 6
36 38
36 31
36 19
36 10
36 18
36 43
36 26
36 37
36 17
36 24
36 42
36 8
36 39
36 0
36 40
21
37 47
37 38
37 17
37 21
37 24
37 11
37 28
37 23
37 9
37 34
37 13
37 15
37 10
37 30
37 32
37 49
37 4
37 7
37 12
37 5
37 27
16
38 46
38 47
38 19
38 20
38 34
38 7
38 39
38 25
38 42
38 15
38 3
38 29
38 27
38 41
38 40
38 45
17
39 49
39 4
39 41
39 11
39 33
39 17
39 23
39 44
39 32
39 37
39 1
39 0
39 47
39 25
39 7
39 22
39 6
21
40 27
40 45
40 11
40 12
40 28
40 3
40 18
40 37
40 0
40 31
40 39
40 49
40 21
40 25
40 24
40 19
40 43
40 47
40 23
40 6
40 22
19
41 36
41 16
41 15
41 21
41 44
41 10
41 24
41 19
41 49
41 37
41 42
41 2
41 30
41 20
41 40
41 11
41 14
41 0
41 23
25
42 11
42 39
42 31
42 2
42 8
42 43
42 18
42 15
42 7
42 46
42 45
42 37
42 1
42 3
42 34
42 29
42 44
42 47
42 5
42 30
42 4
42 6
42 40
42 33
42 26
24
43 28
43 20
43 9
43 12
43 46
43 0
43 32
43 37
43 3
43 10
43 34
43 13
43 47
43 26
43 16
43 33
43 35
43 4
43 5
43 21
43 6
43 30
43 29
43 8
15
44 33
44 49
44 47
44 5
44 46
44 8
44 32
44 14
44 27
44 34
44 22
44 37
44 45
44 19
44 1
18
45 48
45 6
45 34
45 23
45 46
45 4
45 32
45 2
45 39
45 36
45 11
45 15
45 43
45 35
45 21
45 30
45 17
45 37
18
46 8
46 41
46 5
46 19
46 31
46 25
46 26
46 30
46 34
46 15
46 10
46 14
46 16
46 20
46 37
46 22
46 23
46 17
16
47 26
47 49
47 33
47 20
47 35
47 9
47 46
47 30
47 27
47 7
47 8
47 0
47 45
47 6
47 32
47 5
16
48 43
48 25
48 2
48 39
48 46
48 19
48 27
48 41
48 3
48 5
48 16
48 28
48 37
48 47
48 23
48 9
17
49 45
49 33
49 12
49 34
49 29
49 38
49 42
49 30
49 2
49 48
49 20
49 43
49 25
49 14
49 35
49 15
49 7
