50
0 "A21"
1 "A42"
2 "A40"
3 "A43"
4 "A16"
5 "A48"
6 "A19"
7 "A35"
8 "A13"
9 "A31"
10 "A41"
11 "A10"
12 "A20"
13 "A11"
14 "A36"
15 "A24"
16 "A23"
17 "A4"
18 "A29"
19 "A46"
20 "A15"
21 "A12"
22 "A2"
23 "A14"
24 "A5"
25 "A44"
26 "A27"
27 "A25"
28 "A0"
29 "A26"
30 "A47"
31 "A6"
32 "A1"
33 "A22"
34 "A49"
35 "A3"
36 "A32"
37 "A9"
38 "A37"
39 "A38"
40 "A45"
41 "A39"
42 "A34"
43 "A30"
44 "A33"
45 "A28"
46 "A17"
47 "A18"
48 "A7"
49 "A8"
19
0 10
0 6
0 47
0 11
0 38
0 31
0 20
0 32
0 35
0 34
0 44
0 48
0 17
0 41
0 39
0 37
0 9
0 29
0 14
18
1 35
1 18
1 45
1 30
1 33
1 3
1 4
1 10
1 39
1 11
1 14
1 17
1 0
1 48
1 49
1 38
1 36
1 23
14
2 25
2 27
2 39
2 36
2 3
2 44
2 35
2 45
2 14
2 40
2 21
2 5
2 20
2 9
15
3 19
3 33
3 44
3 47
3 29
3 14
3 30
3 20
3 22
3 24
3 28
3 45
3 46
3 5
3 7
16
4 9
4 13
4 49
4 26
4 0
4 40
4 44
4 19
4 41
4 2
4 18
4 3
4 16
4 31
4 28
4 14
18
5 6
5 36
5 42
5 28
5 1
5 21
5 41
5 0
5 38
5 13
5 29
5 37
5 20
5 46
5 4
5 39
5 27
5 48
19
6 47
6 48
6 22
6 29
6 34
6 39
6 3
6 2
6 42
6 19
6 9
6 32
6 15
6 38
6 12
6 37
6 18
6 27
6 14
17
7 35
7 4
7 2
7 41
7 43
7 44
7 15
7 19
7 38
7 27
7 6
7 46
7 42
7 17
7 0
7 13
7 23
20
8 17
8 35
8 7
8 41
8 11
8 6
8 0
8 27
8 28
8 49
8 38
8 40
8 19
8 2
8 46
8 1
8 3
8 45
8 30
8 23
16
9 45
9 34
9 5
9 25
9 24
9 26
9 37
9 14
9 8
9 36
9 1
9 32
9 39
9 43
9 38
9 7
20
10 7
10 5
10 29
10 32
10 39
10 34
10 46
10 24
10 36
10 12
10 14
10 21
10 44
10 13
10 47
10 9
10 3
10 37
10 31
10 22
24
11 31
11 43
11 16
11 29
11 35
11 38
11 36
11 40
11 7
11 10
11 49
11 25
11 6
11 3
11 27
11 20
11 32
11 5
11 2
11 22
11 9
11 42
11 13
11 28
22
12 20
12 18
12 11
12 49
12 13
12 39
12 47
12 19
12 45
12 21
12 15
12 32
12 4
12 35
12 8
12 28
12 0
12 31
12 38
12 44
12 7
12 29
20
13 35
13 47
13 41
13 26
13 38
13 44
13 6
13 46
13 24
13 25
13 15
13 8
13 1
13 3
13 2
13 0
13 37
13 33
13 16
13 30
19
14 41
14 7
14 11
14 5
14 13
14 49
14 46
14 42
14 32
14 16
14 22
14 34
14 28
14 12
14 30
14 8
14 21
14 48
14 27
21
15 29
15 18
15 22
15 17
15 42
15 39
15 44
15 5
15 40
15 4
15 23
15 37
15 35
15 25
15 0
15 10
15 8
15 1
15 26
15 9
15 21
17
16 49
16 29
16 23
16 22
16 15
16 37
16 8
16 35
16 3
16 5
16 44
16 10
16 1
16 26
16 12
16 0
16 19
18
17 11
17 41
17 12
17 34
17 29
17 32
17 18
17 9
17 14
17 6
17 13
17 44
17 22
17 45
17 16
17 26
17 5
17 4
17
18 24
18 36
18 40
18 3
18 10
18 9
18 44
18 5
18 22
18 49
18 35
18 43
18 7
18 11
18 27
18 34
18 14
19
19 11
19 27
19 26
19 0
19 34
19 18
19 15
19 1
19 48
19 21
19 35
19 9
19 10
19 28
19 49
19 2
19 41
19 23
19 17
23
20 36
20 24
20 10
20 29
20 6
20 34
20 4
20 18
20 45
20 42
20 41
20 47
20 25
20 37
20 38
20 26
20 30
20 46
20 44
20 1
20 31
20 17
20 16
19
21 23
21 11
21 34
21 30
21 35
21 8
21 18
21 16
21 4
21 42
21 46
21 1
21 48
21 7
21 29
21 9
21 3
21 17
21 31
25
22 27
22 12
22 21
22 34
22 36
22 2
22 28
22 1
22 39
22 38
22 5
22 42
22 30
22 23
22 13
22 19
22 8
22 20
22 9
22 35
22 33
22 47
22 7
22 45
22 44
16
23 14
23 9
23 20
23 36
23 28
23 3
23 12
23 2
23 10
23 34
23 45
23 5
23 0
23 13
23 18
23 4
22
24 32
24 36
24 16
24 0
24 43
24 1
24 17
24 34
24 47
24 14
24 19
24 7
24 6
24 4
24 8
24 5
24 46
24 22
24 29
24 38
24 25
24 21
19
25 10
25 7
25 0
25 19
25 40
25 32
25 5
25 37
25 3
25 12
25 43
25 35
25 28
25 22
25 39
25 6
25 1
25 27
25 34
22
26 40
26 25
26 14
26 6
26 24
26 37
26 5
26 43
26 39
26 8
26 35
26 49
26 3
26 12
26 18
26 10
26 36
26 2
26 7
26 46
26 33
26 0
18
27 16
27 3
27 39
27 33
27 21
27 49
27 32
27 30
27 17
27 10
27 0
27 35
27 46
27 42
27 38
27 4
27 13
27 20
17
28 21
28 7
28 48
28 15
28 42
28 30
28 0
28 6
28 40
28 24
28 9
28 10
28 41
28 27
28 1
28 16
28 43
18
29 26
29 45
29 41
29 2
29 28
29 40
29 32
29 49
29 19
29 14
29 30
29 18
29 34
29 1
29 37
29 8
29 22
29 27
18
30 25
30 31
30 9
30 24
30 16
30 39
30 19
30 36
30 6
30 37
30 4
30 23
30 41
30 34
30 12
30 7
30 35
30 43
27
31 28
31 24
31 7
31 6
31 22
31 16
31 8
31 1
31 37
31 19
31 25
31 9
31 45
31 44
31 18
31 26
31 5
31 33
31 36
31 3
31 48
31 41
31 2
31 29
31 14
31 23
31 35
25
32 47
32 41
32 19
32 18
32 28
32 3
32 2
32 34
32 4
32 21
32 20
32 22
32 42
32 36
32 30
32 37
32 33
32 16
32 26
32 40
32 45
32 23
32 31
32 49
32 5
25
33 20
33 47
33 10
33 6
33 44
33 17
33 42
33 36
33 43
33 9
33 23
33 5
33 39
33 4
33 16
33 48
33 46
33 29
33 40
33 14
33 37
33 28
33 15
33 0
33 25
16
34 13
34 4
34 27
34 31
34 48
34 11
34 15
34 44
34 8
34 36
34 28
34 33
34 7
34 43
34 16
34 42
16
35 4
35 40
35 10
35 9
35 17
35 34
35 5
35 20
35 14
35 39
35 43
35 28
35 33
35 36
35 6
35 23
16
36 27
36 12
36 0
36 17
36 21
36 7
36 4
36 38
36 43
36 15
36 6
36 19
36 39
36 46
36 3
36 29
22
37 17
37 39
37 38
37 47
37 2
37 23
37 36
37 48
37 4
37 12
37 18
37 35
37 14
37 8
37 45
37 49
37 24
37 28
37 43
37 27
37 22
37 34
21
38 23
38 39
38 2
38 3
38 26
38 32
38 17
38 29
38 16
38 42
38 18
38 21
38 48
38 19
38 15
38 34
38 30
38 47
38 4
38 25
38 35
19
39 31
39 16
39 32
39 41
39 17
39 43
39 21
39 23
39 20
39 45
39 28
39 40
39 4
39 19
39 13
39 34
39 8
39 24
39 7
15
40 22
40 13
40 5
40 30
40 45
40 12
40 31
40 17
40 16
40 6
40 1
40 10
40 24
40 38
40 36
19
41 2
41 15
41 37
41 12
41 27
41 45
41 1
41 16
41 35
41 23
41 36
41 40
41 6
41 47
41 9
41 34
41 24
41 22
41 26
16
42 40
42 3
42 30
42 35
42 41
42 13
42 43
42 39
42 17
42 10
42 18
42 2
42 36
42 8
42 16
42 31
22
43 2
43 49
43 16
43 32
43 20
43 40
43 19
43 44
43 13
43 17
43 23
43 12
43 1
43 6
43 22
43 47
43 15
43 0
43 46
43 8
43 38
43 48
26
44 1
44 42
44 11
44 27
44 37
44 40
44 25
44 19
44 23
44 32
44 47
44 8
44 41
44 30
44 36
44 35
44 26
44 46
44 45
44 49
44 14
44 28
44 29
44 48
44 24
44 21
18
45 13
45 0
45 42
45 33
45 43
45 46
45 25
45 38
45 49
45 36
45 24
45 18
45 26
45 35
45 5
45 48
45 10
45 15
25
46 39
46 15
46 16
46 30
46 41
46 29
46 49
46 47
46 28
46 35
46 0
46 38
46 32
46 11
46 23
46 17
46 4
46 48
46 37
46 19
46 12
46 6
46 9
46 42
46 2
26
47 17
47 1
47 11
47 7
47 23
47 15
47 42
47 16
47 21
47 45
47 31
47 30
47 5
47 36
47 34
47 27
47 2
47 48
47 19
47 28
47 40
47 18
47 4
47 9
47 35
47 29
18
48 9
48 27
48 29
48 4
48 17
48 7
48 16
48 23
48 26
48 12
48 39
48 36
48 11
48 20
48 42
48 32
48 25
48 18
22
49 28
49 35
49 6
49 41
49 22
49 23
49 31
49 34
49 5
49 0
49 33
49 47
49 30
49 3
49 38
49 21
49 25
49 7
49 10
49 40
49 20
49 13
