50
0 "A21"
1 "A42"
2 "A40"
3 "A43"
4 "A16"
5 "A48"
6 "A19"
7 "A35"
8 "A13"
9 "A31"
10 "A41"
11 "A10"
12 "A20"
13 "A11"
14 "A36"
15 "A24"
16 "A23"
17 "A4"
18 "A29"
19 "A46"
20 "A15"
21 "A12"
22 "A2"
23 "A14"
24 "A5"
25 "A44"
26 "A27"
27 "A25"
28 "A0"
29 "A26"
30 "A47"
31 "A6"
32 "A1"
33 "A22"
34 "A49"
35 "A3"
36 "A32"
37 "A9"
38 "A37"
39 "A38"
40 "A45"
41 "A39"
42 "A34"
43 "A30"
44 "A33"
45 "A28"
46 "A17"
47 "A18"
48 "A7"
49 "A8"
27
0 7
0 34
0 3
0 35
0 29
0 9
0 43
0 15
0 40
0 49
0 19
0 33
0 25
0 26
0 41
0 8
0 45
0 23
0 42
0 38
0 6
0 17
0 32
0 48
0 44
0 11
0 21
22
1 38
1 46
1 39
1 21
1 0
1 45
1 3
1 16
1 5
1 22
1 9
1 7
1 2
1 28
1 47
1 8
1 29
1 19
1 18
1 14
1 27
1 44
23
2 49
2 11
2 24
2 44
2 27
2 19
2 6
2 26
2 13
2 25
2 15
2 23
2 30
2 8
2 42
2 28
2 39
2 31
2 29
2 36
2 18
2 16
2 43
28
3 24
3 11
3 39
3 26
3 32
3 5
3 18
3 36
3 47
3 41
3 2
3 37
3 14
3 17
3 34
3 44
3 31
3 46
3 13
3 23
3 45
3 48
3 25
3 21
3 16
3 10
3 43
3 12
18
4 40
4 28
4 19
4 6
4 13
4 31
4 8
4 39
4 32
4 48
4 0
4 44
4 15
4 18
4 33
4 36
4 47
4 25
28
5 12
5 25
5 2
5 13
5 30
5 36
5 23
5 29
5 7
5 11
5 22
5 38
5 32
5 21
5 0
5 40
5 45
5 48
5 44
5 16
5 31
5 15
5 4
5 39
5 42
5 34
5 9
5 19
23
6 22
6 36
6 10
6 38
6 32
6 39
6 19
6 25
6 5
6 8
6 41
6 23
6 11
6 42
6 7
6 26
6 3
6 16
6 18
6 43
6 12
6 13
6 35
19
7 12
7 13
7 3
7 24
7 44
7 36
7 4
7 46
7 42
7 25
7 27
7 18
7 23
7 26
7 2
7 31
7 8
7 40
7 11
17
8 32
8 49
8 44
8 30
8 41
8 28
8 37
8 31
8 14
8 24
8 27
8 23
8 13
8 10
8 40
8 17
8 22
23
9 49
9 42
9 4
9 24
9 25
9 37
9 41
9 47
9 44
9 17
9 18
9 21
9 34
9 15
9 43
9 16
9 22
9 45
9 20
9 27
9 7
9 2
9 8
23
10 38
10 36
10 34
10 23
10 45
10 33
10 11
10 21
10 13
10 1
10 22
10 4
10 46
10 17
10 16
10 40
10 5
10 12
10 47
10 9
10 24
10 0
10 39
21
11 14
11 8
11 46
11 19
11 20
11 24
11 49
11 35
11 47
11 37
11 34
11 38
11 42
11 9
11 4
11 30
11 40
11 39
11 31
11 29
11 28
21
12 18
12 31
12 34
12 47
12 0
12 22
12 33
12 28
12 1
12 11
12 13
12 32
12 45
12 49
12 20
12 2
12 14
12 41
12 4
12 8
12 29
15
13 48
13 40
13 11
13 39
13 15
13 47
13 14
13 1
13 49
13 35
13 32
13 36
13 43
13 45
13 29
21
14 29
14 28
14 46
14 4
14 47
14 23
14 22
14 38
14 16
14 2
14 27
14 43
14 26
14 10
14 15
14 9
14 49
14 24
14 19
14 6
14 21
20
15 47
15 24
15 23
15 34
15 41
15 6
15 12
15 33
15 38
15 3
15 11
15 31
15 8
15 7
15 21
15 30
15 16
15 44
15 1
15 20
21
16 13
16 8
16 19
16 34
16 49
16 33
16 0
16 28
16 4
16 24
16 40
16 30
16 45
16 47
16 7
16 43
16 31
16 12
16 18
16 46
16 35
18
17 29
17 4
17 2
17 18
17 11
17 12
17 38
17 19
17 7
17 36
17 5
17 44
17 14
17 46
17 33
17 23
17 13
17 35
20
18 45
18 8
18 42
18 46
18 39
18 31
18 0
18 23
18 10
18 11
18 13
18 35
18 49
18 33
18 15
18 19
18 38
18 25
18 36
18 5
15
19 47
19 37
19 10
19 15
19 34
19 3
19 9
19 48
19 7
19 8
19 36
19 21
19 30
19 12
19 49
22
20 5
20 34
20 16
20 0
20 47
20 13
20 18
20 7
20 14
20 31
20 24
20 8
20 29
20 26
20 4
20 49
20 17
20 23
20 28
20 37
20 10
20 6
18
21 13
21 4
21 23
21 40
21 28
21 11
21 44
21 26
21 27
21 6
21 12
21 32
21 36
21 16
21 31
21 8
21 18
21 33
17
22 2
22 39
22 26
22 13
22 28
22 4
22 11
22 38
22 31
22 3
22 37
22 23
22 44
22 21
22 20
22 24
22 19
12
23 39
23 32
23 27
23 37
23 13
23 46
23 12
23 4
23 11
23 48
23 44
23 36
12
24 5
24 18
24 45
24 1
24 42
24 4
24 13
24 25
24 36
24 31
24 49
24 32
22
25 21
25 37
25 46
25 13
25 16
25 29
25 26
25 11
25 19
25 17
25 12
25 44
25 27
25 14
25 43
25 15
25 1
25 32
25 31
25 8
25 45
25 30
19
26 42
26 10
26 27
26 43
26 15
26 45
26 33
26 32
26 16
26 17
26 4
26 44
26 11
26 34
26 8
26 5
26 46
26 19
26 12
20
27 3
27 4
27 18
27 34
27 11
27 22
27 19
27 38
27 46
27 40
27 5
27 31
27 39
27 10
27 13
27 28
27 6
27 0
27 17
27 20
17
28 32
28 17
28 36
28 29
28 47
28 44
28 23
28 31
28 3
28 43
28 13
28 10
28 40
28 6
28 39
28 7
28 45
19
29 18
29 24
29 49
29 23
29 16
29 44
29 36
29 47
29 35
29 38
29 9
29 31
29 46
29 8
29 34
29 43
29 10
29 26
29 27
19
30 1
30 33
30 44
30 24
30 7
30 34
30 12
30 20
30 9
30 0
30 26
30 49
30 36
30 38
30 23
30 39
30 14
30 17
30 48
11
31 39
31 9
31 44
31 17
31 0
31 38
31 40
31 46
31 23
31 13
31 14
16
32 1
32 22
32 34
32 7
32 20
32 2
32 19
32 14
32 35
32 16
32 10
32 18
32 47
32 11
32 17
32 15
23
33 19
33 5
33 29
33 27
33 20
33 32
33 25
33 44
33 40
33 39
33 9
33 3
33 24
33 31
33 14
33 38
33 22
33 1
33 41
33 28
33 13
33 6
33 8
18
34 31
34 22
34 23
34 40
34 25
34 33
34 4
34 42
34 48
34 43
34 39
34 38
34 18
34 14
34 7
34 28
34 6
34 37
24
35 10
35 26
35 1
35 19
35 25
35 14
35 2
35 23
35 22
35 8
35 9
35 45
35 34
35 42
35 3
35 28
35 7
35 24
35 43
35 49
35 41
35 33
35 46
35 21
14
36 11
36 48
36 8
36 25
36 12
36 16
36 1
36 40
36 31
36 46
36 27
36 47
36 9
36 22
18
37 42
37 4
37 43
37 1
37 31
37 6
37 40
37 26
37 28
37 27
37 18
37 10
37 0
37 33
37 36
37 15
37 29
37 13
17
38 26
38 2
38 24
38 28
38 49
38 12
38 40
38 47
38 35
38 9
38 13
38 46
38 32
38 7
38 23
38 21
38 39
16
39 49
39 16
39 48
39 21
39 45
39 26
39 19
39 14
39 35
39 12
39 17
39 36
39 43
39 25
39 15
39 46
19
40 26
40 1
40 32
40 17
40 41
40 48
40 46
40 35
40 45
40 29
40 25
40 12
40 22
40 44
40 43
40 14
40 9
40 39
40 15
24
41 2
41 21
41 48
41 45
41 26
41 29
41 47
41 36
41 30
41 34
41 20
41 46
41 42
41 11
41 4
41 39
41 14
41 5
41 37
41 7
41 27
41 19
41 32
41 25
25
42 46
42 38
42 12
42 22
42 1
42 16
42 20
42 27
42 36
42 32
42 15
42 19
42 13
42 31
42 33
42 49
42 47
42 30
42 21
42 39
42 8
42 14
42 3
42 40
42 10
21
43 10
43 4
43 38
43 49
43 5
43 46
43 7
43 24
43 23
43 21
43 17
43 11
43 36
43 33
43 19
43 27
43 12
43 42
43 18
43 32
43 30
22
44 35
44 13
44 32
44 37
44 19
44 11
44 48
44 46
44 39
44 47
44 16
44 34
44 18
44 42
44 27
44 6
44 45
44 36
44 14
44 24
44 41
44 20
14
45 33
45 19
45 20
45 36
45 22
45 21
45 6
45 4
45 43
45 37
45 7
45 2
45 42
45 14
21
46 4
46 33
46 0
46 6
46 13
46 45
46 15
46 28
46 21
46 19
46 8
46 47
46 30
46 34
46 5
46 22
46 37
46 20
46 2
46 24
46 9
15
47 27
47 39
47 6
47 18
47 26
47 25
47 35
47 43
47 33
47 31
47 37
47 5
47 22
47 45
47 8
23
48 27
48 42
48 12
48 1
48 25
48 24
48 18
48 20
48 45
48 10
48 15
48 17
48 26
48 46
48 47
48 49
48 33
48 22
48 43
48 11
48 21
48 37
48 32
19
49 6
49 3
49 44
49 37
49 17
49 45
49 22
49 25
49 33
49 40
49 26
49 46
49 1
49 27
49 47
49 34
49 15
49 5
49 36
