50
0 "A21"
1 "A42"
2 "A40"
3 "A43"
4 "A16"
5 "A48"
6 "A19"
7 "A35"
8 "A13"
9 "A31"
10 "A41"
11 "A10"
12 "A20"
13 "A11"
14 "A36"
15 "A24"
16 "A23"
17 "A4"
18 "A29"
19 "A46"
20 "A15"
21 "A12"
22 "A2"
23 "A14"
24 "A5"
25 "A44"
26 "A27"
27 "A25"
28 "A0"
29 "A26"
30 "A47"
31 "A6"
32 "A1"
33 "A22"
34 "A49"
35 "A3"
36 "A32"
37 "A9"
38 "A37"
39 "A38"
40 "A45"
41 "A39"
42 "A34"
43 "A30"
44 "A33"
45 "A28"
46 "A17"
47 "A18"
48 "A7"
49 "A8"
17
0 45
0 22
0 27
0 46
0 30
0 19
0 24
0 47
0 43
0 44
0 32
0 25
0 5
0 37
0 21
0 4
0 33
25
1 15
1 8
1 6
1 20
1 43
1 17
1 14
1 7
1 49
1 45
1 34
1 23
1 37
1 36
1 5
1 0
1 2
1 33
1 41
1 46
1 28
1 47
1 24
1 42
1 40
20
2 18
2 25
2 27
2 26
2 19
2 42
2 48
2 21
2 41
2 17
2 11
2 24
2 49
2 45
2 31
2 33
2 7
2 30
2 44
2 0
14
3 30
3 26
3 17
3 32
3 6
3 0
3 47
3 10
3 27
3 34
3 1
3 46
3 43
3 25
24
4 18
4 30
4 40
4 20
4 22
4 1
4 19
4 6
4 27
4 42
4 38
4 46
4 39
4 11
4 3
4 8
4 10
4 37
4 49
4 23
4 32
4 7
4 15
4 2
13
5 21
5 10
5 31
5 19
5 30
5 6
5 32
5 4
5 39
5 24
5 7
5 23
5 26
20
6 16
6 26
6 46
6 2
6 25
6 28
6 23
6 36
6 43
6 18
6 13
6 17
6 38
6 15
6 0
6 45
6 8
6 14
6 47
6 12
17
7 31
7 33
7 6
7 24
7 13
7 45
7 11
7 18
7 43
7 21
7 28
7 0
7 47
7 46
7 12
7 37
7 32
22
8 29
8 23
8 42
8 2
8 3
8 47
8 13
8 43
8 9
8 44
8 28
8 15
8 26
8 17
8 14
8 11
8 48
8 41
8 38
8 19
8 24
8 0
24
9 2
9 5
9 21
9 46
9 47
9 18
9 23
9 49
9 24
9 36
9 1
9 25
9 38
9 48
9 34
9 7
9 19
9 42
9 29
9 39
9 30
9 43
9 45
9 3
20
10 7
10 12
10 39
10 41
10 17
10 6
10 42
10 44
10 8
10 35
10 36
10 9
10 2
10 48
10 37
10 29
10 1
10 21
10 24
10 0
20
11 48
11 42
11 3
11 27
11 15
11 10
11 28
11 9
11 5
11 49
11 6
11 32
11 33
11 1
11 36
11 39
11 12
11 26
11 14
11 24
16
12 4
12 24
12 1
12 16
12 44
12 21
12 39
12 45
12 2
12 3
12 0
12 13
12 9
12 40
12 27
12 37
18
13 2
13 49
13 37
13 47
13 10
13 41
13 0
13 4
13 22
13 20
13 26
13 34
13 46
13 3
13 17
13 39
13 5
13 1
23
14 30
14 47
14 24
14 49
14 12
14 36
14 3
14 9
14 32
14 21
14 38
14 22
14 4
14 18
14 15
14 46
14 34
14 17
14 37
14 13
14 29
14 0
14 23
19
15 34
15 42
15 9
15 10
15 17
15 12
15 27
15 3
15 13
15 16
15 28
15 45
15 44
15 7
15 30
15 23
15 48
15 2
15 0
17
16 8
16 38
16 33
16 47
16 42
16 2
16 30
16 3
16 18
16 7
16 39
16 48
16 31
16 34
16 29
16 10
16 1
17
17 0
17 9
17 11
17 29
17 4
17 37
17 41
17 16
17 22
17 26
17 7
17 43
17 12
17 33
17 24
17 5
17 40
15
18 29
18 36
18 8
18 25
18 31
18 26
18 49
18 22
18 5
18 32
18 27
18 1
18 11
18 10
18 43
18
19 26
19 38
19 17
19 33
19 32
19 7
19 13
19 45
19 1
19 6
19 42
19 49
19 16
19 27
19 21
19 12
19 18
19 36
23
20 5
20 28
20 42
20 43
20 16
20 2
20 38
20 22
20 32
20 31
20 29
20 37
20 0
20 25
20 3
20 12
20 19
20 14
20 30
20 39
20 15
20 9
20 21
21
21 36
21 32
21 11
21 39
21 31
21 8
21 6
21 30
21 40
21 15
21 34
21 42
21 28
21 35
21 26
21 41
21 1
21 29
21 3
21 38
21 18
19
22 6
22 48
22 43
22 37
22 36
22 29
22 7
22 9
22 38
22 5
22 3
22 11
22 47
22 19
22 21
22 23
22 10
22 2
22 45
19
23 32
23 38
23 16
23 34
23 10
23 45
23 0
23 47
23 28
23 12
23 30
23 48
23 3
23 2
23 7
23 37
23 17
23 19
23 41
17
24 25
24 34
24 29
24 36
24 13
24 20
24 4
24 48
24 30
24 33
24 21
24 41
24 18
24 39
24 23
24 35
24 32
17
25 44
25 8
25 7
25 16
25 1
25 14
25 36
25 35
25 11
25 30
25 40
25 19
25 46
25 47
25 15
25 34
25 22
26
26 40
26 45
26 44
26 37
26 16
26 46
26 48
26 1
26 15
26 4
26 49
26 7
26 35
26 47
26 41
26 0
26 43
26 12
26 33
26 38
26 24
26 10
26 9
26 42
26 31
26 32
19
27 35
27 16
27 8
27 10
27 20
27 22
27 44
27 26
27 24
27 40
27 21
27 7
27 45
27 36
27 33
27 13
27 30
27 37
27 23
24
28 40
28 25
28 43
28 19
28 41
28 17
28 38
28 26
28 4
28 9
28 22
28 36
28 13
28 49
28 12
28 27
28 39
28 3
28 34
28 24
28 32
28 0
28 16
28 30
18
29 6
29 11
29 25
29 28
29 26
29 36
29 43
29 19
29 13
29 39
29 5
29 45
29 7
29 23
29 15
29 4
29 3
29 1
19
30 36
30 45
30 19
30 46
30 7
30 37
30 48
30 22
30 11
30 42
30 43
30 6
30 33
30 29
30 49
30 17
30 18
30 1
30 12
24
31 15
31 8
31 4
31 25
31 47
31 10
31 29
31 22
31 40
31 36
31 48
31 11
31 32
31 1
31 19
31 3
31 13
31 33
31 41
31 6
31 35
31 30
31 0
31 9
16
32 22
32 17
32 29
32 46
32 40
32 42
32 30
32 8
32 44
32 15
32 39
32 25
32 43
32 33
32 12
32 45
17
33 22
33 45
33 4
33 12
33 18
33 15
33 8
33 21
33 28
33 29
33 14
33 36
33 3
33 35
33 25
33 37
33 5
23
34 17
34 19
34 38
34 11
34 48
34 30
34 10
34 7
34 29
34 0
34 6
34 2
34 18
34 33
34 42
34 27
34 8
34 26
34 4
34 46
34 47
34 5
34 12
29
35 44
35 6
35 14
35 12
35 37
35 47
35 16
35 4
35 34
35 11
35 28
35 22
35 13
35 0
35 7
35 29
35 3
35 23
35 45
35 5
35 2
35 49
35 18
35 15
35 38
35 30
35 17
35 41
35 1
17
36 26
36 4
36 16
36 15
36 35
36 3
36 40
36 0
36 41
36 44
36 7
36 32
36 34
36 8
36 45
36 42
36 20
20
37 39
37 49
37 21
37 9
37 8
37 16
37 6
37 11
37 18
37 44
37 48
37 38
37 43
37 25
37 45
37 36
37 5
37 24
37 31
37 3
16
38 24
38 15
38 25
38 5
38 45
38 32
38 2
38 3
38 18
38 40
38 30
38 33
38 12
38 17
38 39
38 31
16
39 25
39 2
39 15
39 34
39 22
39 35
39 33
39 41
39 46
39 8
39 49
39 31
39 14
39 0
39 26
39 7
18
40 18
40 2
40 39
40 9
40 29
40 14
40 10
40 34
40 11
40 6
40 5
40 20
40 22
40 15
40 33
40 3
40 19
40 7
18
41 6
41 4
41 27
41 25
41 43
41 20
41 7
41 3
41 18
41 45
41 37
41 12
41 29
41 22
41 32
41 47
41 5
41 34
22
42 25
42 47
42 45
42 48
42 29
42 5
42 0
42 17
42 37
42 38
42 44
42 35
42 6
42 39
42 7
42 13
42 31
42 49
42 33
42 14
42 28
42 27
18
43 25
43 46
43 15
43 31
43 2
43 23
43 19
43 24
43 47
43 10
43 4
43 14
43 13
43 5
43 35
43 36
43 27
43 38
23
44 6
44 11
44 4
44 16
44 43
44 49
44 17
44 3
44 47
44 5
44 41
44 31
44 39
44 38
44 14
44 34
44 19
44 40
44 21
44 20
44 30
44 33
44 24
16
45 21
45 24
45 20
45 28
45 46
45 5
45 39
45 14
45 3
45 4
45 11
45 43
45 44
45 16
45 18
45 34
26
46 28
46 38
46 44
46 49
46 2
46 22
46 37
46 29
46 42
46 5
46 8
46 48
46 19
46 17
46 31
46 10
46 36
46 35
46 23
46 41
46 12
46 33
46 27
46 21
46 24
46 11
21
47 39
47 21
47 29
47 32
47 4
47 19
47 33
47 46
47 17
47 5
47 2
47 24
47 27
47 12
47 45
47 15
47 20
47 37
47 30
47 38
47 11
20
48 47
48 7
48 36
48 18
48 19
48 32
48 0
48 13
48 1
48 33
48 4
48 28
48 6
48 3
48 14
48 44
48 45
48 20
48 38
48 21
19
49 15
49 41
49 32
49 0
49 10
49 5
49 17
49 21
49 43
49 16
49 7
49 24
49 40
49 47
49 6
49 31
49 8
49 20
49 33
