50
0 "A21"
1 "A42"
2 "A40"
3 "A43"
4 "A16"
5 "A48"
6 "A19"
7 "A35"
8 "A13"
9 "A31"
10 "A41"
11 "A10"
12 "A20"
13 "A11"
14 "A36"
15 "A24"
16 "A23"
17 "A4"
18 "A29"
19 "A46"
20 "A15"
21 "A12"
22 "A2"
23 "A14"
24 "A5"
25 "A44"
26 "A27"
27 "A25"
28 "A0"
29 "A26"
30 "A47"
31 "A6"
32 "A1"
33 "A22"
34 "A49"
35 "A3"
36 "A32"
37 "A9"
38 "A37"
39 "A38"
40 "A45"
41 "A39"
42 "A34"
43 "A30"
44 "A33"
45 "A28"
46 "A17"
47 "A18"
48 "A7"
49 "A8"
21
0 43
0 3
0 19
0 38
0 39
0 47
0 49
0 33
0 24
0 21
0 18
0 2
0 27
0 36
0 4
0 31
0 11
0 8
0 46
0 42
0 26
19
1 17
1 10
1 21
1 48
1 25
1 45
1 41
1 16
1 22
1 5
1 4
1 40
1 28
1 33
1 8
1 9
1 27
1 15
1 2
15
2 20
2 8
2 13
2 49
2 18
2 37
2 42
2 39
2 47
2 9
2 10
2 30
2 3
2 27
2 6
13
3 12
3 33
3 42
3 23
3 17
3 29
3 36
3 45
3 13
3 47
3 26
3 6
3 1
22
4 49
4 20
4 15
4 30
4 46
4 34
4 23
4 35
4 48
4 39
4 47
4 42
4 18
4 13
4 25
4 45
4 5
4 43
4 2
4 11
4 3
4 17
22
5 13
5 39
5 8
5 0
5 30
5 25
5 14
5 44
5 32
5 19
5 24
5 9
5 40
5 45
5 26
5 7
5 17
5 41
5 3
5 12
5 36
5 34
27
6 44
6 15
6 24
6 13
6 39
6 47
6 22
6 12
6 11
6 37
6 17
6 29
6 32
6 0
6 18
6 4
6 25
6 9
6 43
6 45
6 20
6 1
6 38
6 34
6 40
6 28
6 5
18
7 28
7 21
7 14
7 23
7 6
7 11
7 24
7 47
7 3
7 1
7 26
7 36
7 30
7 10
7 0
7 32
7 15
7 40
17
8 21
8 6
8 37
8 28
8 4
8 3
8 14
8 33
8 19
8 44
8 46
8 7
8 47
8 20
8 35
8 24
8 18
20
9 38
9 22
9 34
9 35
9 30
9 42
9 8
9 32
9 18
9 24
9 0
9 19
9 45
9 43
9 29
9 27
9 20
9 36
9 40
9 4
19
10 47
10 46
10 32
10 3
10 13
10 44
10 9
10 8
10 6
10 34
10 43
10 22
10 0
10 5
10 16
10 33
10 18
10 49
10 12
16
11 44
11 10
11 39
11 5
11 14
11 3
11 30
11 32
11 9
11 47
11 45
11 1
11 48
11 43
11 36
11 41
18
12 1
12 21
12 43
12 13
12 45
12 48
12 4
12 19
12 14
12 44
12 8
12 7
12 40
12 9
12 0
12 17
12 11
12 24
15
13 47
13 27
13 17
13 7
13 32
13 9
13 22
13 36
13 0
13 23
13 20
13 24
13 26
13 44
13 48
19
14 25
14 13
14 4
14 28
14 49
14 10
14 32
14 33
14 9
14 22
14 26
14 34
14 36
14 37
14 16
14 6
14 1
14 18
14 46
20
15 10
15 19
15 0
15 9
15 3
15 35
15 13
15 49
15 2
15 27
15 43
15 8
15 5
15 33
15 12
15 20
15 30
15 28
15 14
15 29
25
16 6
16 29
16 22
16 39
16 42
16 7
16 18
16 0
16 13
16 38
16 3
16 34
16 15
16 8
16 45
16 17
16 26
16 32
16 21
16 4
16 49
16 12
16 9
16 36
16 43
19
17 10
17 27
17 8
17 18
17 38
17 47
17 11
17 9
17 37
17 7
17 49
17 46
17 42
17 40
17 22
17 14
17 32
17 36
17 21
15
18 22
18 42
18 12
18 29
18 43
18 1
18 3
18 44
18 13
18 40
18 41
18 27
18 39
18 26
18 33
17
19 48
19 4
19 13
19 16
19 26
19 41
19 32
19 3
19 11
19 7
19 47
19 28
19 42
19 17
19 44
19 27
19 1
25
20 32
20 0
20 16
20 18
20 1
20 38
20 35
20 11
20 10
20 7
20 17
20 26
20 5
20 29
20 48
20 21
20 22
20 47
20 45
20 3
20 19
20 25
20 46
20 39
20 42
16
21 3
21 32
21 25
21 2
21 46
21 39
21 14
21 10
21 9
21 41
21 42
21 26
21 29
21 13
21 34
21 27
17
22 43
22 2
22 15
22 32
22 0
22 26
22 47
22 3
22 7
22 4
22 45
22 5
22 11
22 23
22 8
22 33
22 36
22
23 30
23 20
23 14
23 9
23 29
23 0
23 43
23 10
23 16
23 48
23 41
23 38
23 17
23 21
23 15
23 44
23 12
23 1
23 24
23 19
23 2
23 31
21
24 40
24 34
24 16
24 47
24 32
24 26
24 15
24 27
24 31
24 39
24 4
24 19
24 10
24 21
24 17
24 42
24 35
24 20
24 37
24 22
24 45
25
25 34
25 7
25 11
25 44
25 19
25 45
25 17
25 30
25 47
25 49
25 24
25 37
25 10
25 15
25 29
25 35
25 22
25 23
25 8
25 12
25 9
25 2
25 3
25 26
25 33
20
26 33
26 17
26 48
26 6
26 23
26 45
26 9
26 10
26 43
26 15
26 41
26 11
26 2
26 36
26 12
26 30
26 1
26 46
26 8
26 40
24
27 8
27 20
27 40
27 6
27 11
27 10
27 26
27 34
27 22
27 23
27 25
27 3
27 5
27 41
27 35
27 33
27 49
27 4
27 36
27 47
27 48
27 7
27 30
27 42
21
28 25
28 11
28 41
28 34
28 2
28 0
28 16
28 21
28 38
28 13
28 47
28 44
28 18
28 20
28 36
28 49
28 17
28 4
28 24
28 30
28 39
17
29 33
29 30
29 46
29 0
29 27
29 45
29 40
29 13
29 47
29 24
29 7
29 1
29 5
29 31
29 37
29 11
29 26
20
30 20
30 24
30 17
30 41
30 12
30 31
30 10
30 3
30 45
30 1
30 14
30 33
30 43
30 18
30 49
30 48
30 0
30 22
30 21
30 34
22
31 39
31 3
31 26
31 48
31 14
31 13
31 20
31 42
31 22
31 6
31 1
31 17
31 33
31 25
31 43
31 28
31 15
31 5
31 41
31 16
31 9
31 10
19
32 49
32 2
32 43
32 3
32 37
32 42
32 31
32 26
32 25
32 0
32 38
32 45
32 39
32 23
32 4
32 47
32 46
32 30
32 8
16
33 12
33 34
33 17
33 6
33 2
33 39
33 44
33 19
33 20
33 11
33 16
33 24
33 42
33 36
33 21
33 40
20
34 38
34 40
34 11
34 47
34 43
34 36
34 18
34 0
34 19
34 32
34 7
34 29
34 20
34 31
34 39
34 23
34 3
34 2
34 1
34 8
23
35 18
35 39
35 0
35 7
35 23
35 12
35 48
35 31
35 1
35 10
35 29
35 22
35 19
35 5
35 32
35 37
35 45
35 14
35 17
35 34
35 41
35 16
35 28
24
36 8
36 24
36 35
36 15
36 32
36 6
36 29
36 31
36 1
36 42
36 46
36 4
36 25
36 12
36 44
36 2
36 38
36 19
36 18
36 30
36 49
36 21
36 43
36 37
24
37 28
37 11
37 41
37 21
37 12
37 22
37 20
37 39
37 49
37 0
37 30
37 33
37 31
37 26
37 18
37 23
37 7
37 13
37 19
37 4
37 3
37 48
37 15
37 27
22
38 35
38 1
38 27
38 5
38 33
38 10
38 14
38 7
38 18
38 2
38 30
38 40
38 43
38 39
38 45
38 22
38 11
38 21
38 12
38 48
38 13
38 37
20
39 26
39 48
39 22
39 1
39 17
39 15
39 19
39 3
39 30
39 12
39 10
39 29
39 36
39 27
39 43
39 25
39 47
39 41
39 49
39 8
15
40 36
40 3
40 22
40 31
40 23
40 48
40 13
40 35
40 20
40 37
40 25
40 10
40 21
40 4
40 46
22
41 44
41 34
41 20
41 8
41 38
41 17
41 43
41 3
41 25
41 22
41 29
41 10
41 16
41 24
41 6
41 7
41 13
41 12
41 45
41 15
41 33
41 4
27
42 44
42 37
42 12
42 41
42 39
42 49
42 38
42 47
42 14
42 34
42 6
42 40
42 46
42 43
42 5
42 25
42 1
42 35
42 48
42 26
42 28
42 29
42 22
42 7
42 10
42 13
42 30
15
43 48
43 25
43 17
43 29
43 1
43 28
43 3
43 27
43 40
43 44
43 5
43 47
43 35
43 14
43 24
17
44 20
44 14
44 15
44 9
44 40
44 22
44 17
44 30
44 35
44 48
44 38
44 31
44 4
44 0
44 34
44 39
44 21
19
45 19
45 28
45 43
45 17
45 10
45 21
45 31
45 47
45 7
45 14
45 37
45 2
45 42
45 34
45 0
45 15
45 46
45 8
45 40
20
46 31
46 1
46 25
46 11
46 37
46 38
46 48
46 16
46 18
46 5
46 13
46 2
46 49
46 33
46 43
46 9
46 24
46 6
46 28
46 34
15
47 15
47 23
47 5
47 12
47 18
47 44
47 33
47 46
47 1
47 30
47 49
47 9
47 37
47 21
47 26
16
48 21
48 28
48 32
48 10
48 16
48 14
48 47
48 3
48 15
48 2
48 25
48 5
48 8
48 0
48 29
48 6
19
49 8
49 9
49 19
49 31
49 20
49 6
49 21
49 11
49 33
49 35
49 3
49 48
49 34
49 7
49 23
49 24
49 12
49 40
49 1
