50
0 "A21"
1 "A42"
2 "A40"
3 "A43"
4 "A16"
5 "A48"
6 "A19"
7 "A35"
8 "A13"
9 "A31"
10 "A41"
11 "A10"
12 "A20"
13 "A11"
14 "A36"
15 "A24"
16 "A23"
17 "A4"
18 "A29"
19 "A46"
20 "A15"
21 "A12"
22 "A2"
23 "A14"
24 "A5"
25 "A44"
26 "A27"
27 "A25"
28 "A0"
29 "A26"
30 "A47"
31 "A6"
32 "A1"
33 "A22"
34 "A49"
35 "A3"
36 "A32"
37 "A9"
38 "A37"
39 "A38"
40 "A45"
41 "A39"
42 "A34"
43 "A30"
44 "A33"
45 "A28"
46 "A17"
47 "A18"
48 "A7"
49 "A8"
21
0 6
0 28
0 44
0 35
0 22
0 31
0 4
0 16
0 37
0 32
0 12
0 2
0 27
0 18
0 47
0 23
0 3
0 13
0 49
0 42
0 48
16
1 17
1 9
1 23
1 32
1 6
1 33
1 40
1 13
1 10
1 25
1 20
1 4
1 16
1 8
1 47
1 27
19
2 9
2 47
2 4
2 25
2 22
2 35
2 3
2 31
2 24
2 20
2 42
2 34
2 11
2 8
2 15
2 44
2 12
2 39
2 10
25
3 43
3 9
3 46
3 10
3 34
3 48
3 24
3 16
3 41
3 32
3 15
3 11
3 18
3 25
3 29
3 44
3 40
3 7
3 8
3 19
3 31
3 35
3 5
3 1
3 33
26
4 3
4 30
4 24
4 20
4 37
4 8
4 38
4 35
4 39
4 27
4 36
4 33
4 48
4 32
4 17
4 42
4 43
4 49
4 7
4 26
4 5
4 44
4 23
4 45
4 11
4 19
18
5 2
5 0
5 32
5 41
5 23
5 29
5 26
5 22
5 18
5 11
5 44
5 19
5 9
5 46
5 48
5 15
5 38
5 35
18
6 29
6 5
6 21
6 16
6 26
6 14
6 23
6 3
6 48
6 39
6 17
6 2
6 15
6 47
6 42
6 40
6 49
6 36
23
7 36
7 45
7 42
7 16
7 30
7 18
7 23
7 1
7 25
7 21
7 39
7 12
7 35
7 40
7 5
7 46
7 31
7 14
7 6
7 10
7 22
7 32
7 44
16
8 33
8 34
8 5
8 49
8 11
8 37
8 23
8 47
8 29
8 21
8 44
8 12
8 42
8 36
8 25
8 7
21
9 14
9 17
9 27
9 12
9 4
9 24
9 18
9 48
9 41
9 44
9 31
9 28
9 47
9 29
9 13
9 32
9 7
9 8
9 30
9 36
9 20
20
10 23
10 37
10 8
10 22
10 5
10 35
10 39
10 14
10 46
10 11
10 25
10 42
10 12
10 13
10 31
10 29
10 6
10 32
10 43
10 40
27
11 17
11 13
11 40
11 49
11 34
11 0
11 33
11 29
11 44
11 27
11 23
11 16
11 36
11 39
11 38
11 24
11 48
11 9
11 26
11 30
11 35
11 45
11 15
11 6
11 31
11 1
11 37
12
12 21
12 14
12 3
12 32
12 36
12 11
12 30
12 35
12 37
12 4
12 22
12 28
20
13 8
13 3
13 27
13 6
13 20
13 36
13 4
13 26
13 49
13 30
13 5
13 32
13 15
13 29
13 43
13 25
13 16
13 31
13 34
13 35
22
14 8
14 11
14 45
14 17
14 1
14 42
14 2
14 4
14 3
14 13
14 32
14 35
14 25
14 33
14 27
14 20
14 39
14 40
14 29
14 5
14 26
14 48
16
15 45
15 47
15 25
15 26
15 4
15 12
15 36
15 14
15 37
15 0
15 32
15 48
15 31
15 7
15 24
15 10
20
16 2
16 23
16 45
16 32
16 8
16 20
16 9
16 47
16 26
16 48
16 49
16 39
16 18
16 46
16 10
16 35
16 27
16 24
16 19
16 4
25
17 10
17 48
17 46
17 37
17 0
17 25
17 40
17 43
17 3
17 45
17 26
17 13
17 41
17 33
17 24
17 49
17 27
17 29
17 2
17 15
17 12
17 21
17 7
17 39
17 35
20
18 40
18 8
18 33
18 43
18 4
18 14
18 6
18 49
18 47
18 23
18 17
18 36
18 25
18 15
18 29
18 45
18 44
18 35
18 19
18 38
22
19 46
19 7
19 32
19 36
19 49
19 30
19 33
19 21
19 8
19 25
19 47
19 34
19 11
19 24
19 31
19 37
19 14
19 10
19 48
19 45
19 41
19 12
16
20 24
20 47
20 33
20 18
20 10
20 21
20 45
20 23
20 17
20 19
20 48
20 26
20 49
20 0
20 30
20 15
23
21 37
21 38
21 31
21 14
21 2
21 40
21 39
21 15
21 13
21 16
21 41
21 42
21 4
21 11
21 22
21 9
21 5
21 26
21 0
21 33
21 3
21 23
21 10
24
22 6
22 34
22 9
22 13
22 38
22 20
22 48
22 4
22 44
22 3
22 23
22 27
22 33
22 39
22 29
22 11
22 8
22 1
22 16
22 17
22 14
22 37
22 15
22 35
22
23 19
23 44
23 32
23 27
23 36
23 49
23 3
23 31
23 42
23 37
23 9
23 26
23 12
23 34
23 2
23 15
23 45
23 35
23 17
23 30
23 41
23 24
22
24 39
24 49
24 12
24 38
24 13
24 10
24 31
24 7
24 0
24 6
24 14
24 36
24 44
24 37
24 40
24 25
24 42
24 21
24 29
24 18
24 33
24 45
17
25 45
25 39
25 35
25 28
25 5
25 33
25 12
25 6
25 47
25 9
25 4
25 0
25 22
25 20
25 23
25 46
25 37
18
26 7
26 45
26 12
26 36
26 10
26 43
26 30
26 24
26 41
26 8
26 19
26 47
26 35
26 29
26 3
26 31
26 1
26 39
18
27 8
27 12
27 26
27 40
27 20
27 21
27 25
27 48
27 10
27 15
27 41
27 28
27 2
27 33
27 43
27 34
27 44
27 35
27
28 19
28 2
28 22
28 1
28 3
28 37
28 35
28 32
28 18
28 31
28 10
28 40
28 7
28 11
28 6
28 26
28 47
28 14
28 24
28 20
28 8
28 48
28 17
28 34
28 46
28 30
28 49
13
29 0
29 19
29 36
29 7
29 34
29 23
29 28
29 20
29 25
29 40
29 27
29 12
29 44
19
30 27
30 2
30 3
30 24
30 8
30 35
30 33
30 49
30 10
30 18
30 29
30 37
30 31
30 48
30 38
30 25
30 39
30 21
30 16
17
31 29
31 45
31 12
31 36
31 22
31 8
31 33
31 38
31 1
31 16
31 44
31 18
31 6
31 17
31 4
31 14
31 27
19
32 40
32 8
32 39
32 43
32 33
32 45
32 26
32 30
32 27
32 36
32 6
32 38
32 34
32 22
32 35
32 31
32 11
32 18
32 37
11
33 26
33 7
33 13
33 23
33 46
33 49
33 40
33 45
33 35
33 2
33 5
23
34 9
34 21
34 39
34 14
34 31
34 46
34 25
34 30
34 1
34 4
34 26
34 37
34 24
34 38
34 10
34 18
34 20
34 40
34 16
34 41
34 42
34 7
34 5
14
35 38
35 21
35 20
35 8
35 37
35 39
35 36
35 43
35 15
35 19
35 31
35 44
35 24
35 34
15
36 22
36 47
36 21
36 27
36 17
36 3
36 16
36 5
36 33
36 30
36 10
36 34
36 49
36 28
36 14
14
37 41
37 36
37 33
37 31
37 26
37 3
37 1
37 2
37 40
37 29
37 14
37 20
37 16
37 42
19
38 17
38 12
38 43
38 13
38 36
38 20
38 19
38 6
38 7
38 9
38 49
38 33
38 0
38 3
38 37
38 48
38 25
38 28
38 10
20
39 27
39 23
39 47
39 9
39 0
39 33
39 43
39 8
39 41
39 37
39 42
39 48
39 3
39 15
39 31
39 29
39 18
39 36
39 13
39 38
17
40 0
40 26
40 13
40 9
40 41
40 8
40 23
40 36
40 46
40 20
40 15
40 39
40 19
40 31
40 38
40 44
40 2
21
41 10
41 1
41 44
41 33
41 35
41 43
41 28
41 25
41 18
41 6
41 15
41 8
41 30
41 16
41 2
41 13
41 29
41 0
41 14
41 31
41 38
22
42 15
42 11
42 44
42 32
42 20
42 22
42 40
42 13
42 30
42 25
42 38
42 46
42 1
42 33
42 18
42 35
42 9
42 45
42 31
42 17
42 12
42 29
27
43 33
43 37
43 9
43 6
43 47
43 5
43 36
43 2
43 21
43 0
43 8
43 31
43 20
43 25
43 11
43 1
43 42
43 24
43 28
43 15
43 40
43 7
43 44
43 14
43 22
43 49
43 12
18
44 26
44 20
44 30
44 15
44 36
44 10
44 39
44 6
44 32
44 28
44 13
44 47
44 33
44 19
44 25
44 12
44 21
44 17
17
45 41
45 27
45 12
45 43
45 34
45 9
45 48
45 40
45 8
45 30
45 10
45 5
45 47
45 49
45 37
45 38
45 13
25
46 1
46 27
46 6
46 32
46 41
46 15
46 26
46 13
46 49
46 21
46 11
46 22
46 30
46 0
46 31
46 37
46 39
46 29
46 36
46 23
46 43
46 18
46 48
46 44
46 8
17
47 34
47 4
47 32
47 33
47 35
47 7
47 21
47 3
47 10
47 22
47 13
47 14
47 48
47 5
47 12
47 38
47 37
18
48 31
48 49
48 23
48 43
48 33
48 29
48 24
48 36
48 42
48 8
48 32
48 21
48 10
48 2
48 7
48 44
48 26
48 34
20
49 39
49 9
49 3
49 41
49 12
49 35
49 14
49 10
49 37
49 29
49 31
49 21
49 44
49 40
49 7
49 34
49 42
49 5
49 22
49 15
