50
0 "A28"
1 "A8"
2 "A13"
3 "A15"
4 "A17"
5 "A46"
6 "A1"
7 "A18"
8 "A25"
9 "A7"
10 "A39"
11 "A36"
12 "A21"
13 "A30"
14 "A38"
15 "A0"
16 "A47"
17 "A19"
18 "A26"
19 "A41"
20 "A24"
21 "A31"
22 "A43"
23 "A32"
24 "A11"
25 "A34"
26 "A42"
27 "A45"
28 "A5"
29 "A35"
30 "A27"
31 "A4"
32 "A23"
33 "A48"
34 "A49"
35 "A12"
36 "A40"
37 "A2"
38 "A29"
39 "A37"
40 "A44"
41 "A20"
42 "A33"
43 "A22"
44 "A10"
45 "A16"
46 "A9"
47 "A14"
48 "A3"
49 "A6"
20
0 29
0 37
0 41
0 46
0 19
0 49
0 4
0 10
0 24
0 20
0 28
0 11
0 21
0 39
0 25
0 43
0 12
0 36
0 7
0 30
20
1 45
1 3
1 38
1 30
1 23
1 10
1 28
1 40
1 35
1 14
1 18
1 29
1 24
1 15
1 0
1 4
1 34
1 5
1 32
1 41
25
2 20
2 7
2 8
2 1
2 10
2 42
2 6
2 15
2 22
2 45
2 47
2 49
2 41
2 4
2 44
2 17
2 28
2 32
2 19
2 31
2 11
2 39
2 43
2 14
2 23
20
3 21
3 6
3 16
3 15
3 10
3 19
3 0
3 49
3 23
3 29
3 28
3 20
3 9
3 27
3 47
3 33
3 4
3 24
3 42
3 11
18
4 22
4 28
4 31
4 20
4 30
4 11
4 34
4 29
4 9
4 23
4 45
4 49
4 47
4 39
4 43
4 6
4 5
4 35
14
5 48
5 11
5 46
5 17
5 25
5 10
5 21
5 18
5 30
5 36
5 19
5 0
5 12
5 49
19
6 43
6 14
6 39
6 5
6 11
6 41
6 0
6 7
6 22
6 38
6 42
6 20
6 27
6 33
6 1
6 18
6 16
6 17
6 12
22
7 40
7 27
7 4
7 19
7 25
7 16
7 49
7 34
7 31
7 9
7 5
7 24
7 48
7 12
7 41
7 29
7 44
7 8
7 35
7 46
7 13
7 43
21
8 35
8 13
8 39
8 27
8 16
8 28
8 49
8 30
8 29
8 3
8 26
8 34
8 0
8 10
8 5
8 36
8 9
8 38
8 46
8 24
8 1
17
9 2
9 0
9 44
9 37
9 20
9 43
9 28
9 16
9 41
9 34
9 36
9 1
9 29
9 23
9 24
9 49
9 12
16
10 25
10 34
10 18
10 36
10 39
10 46
10 31
10 22
10 7
10 32
10 21
10 35
10 13
10 6
10 24
10 4
14
11 14
11 43
11 31
11 41
11 13
11 9
11 29
11 1
11 42
11 32
11 45
11 19
11 16
11 20
21
12 37
12 2
12 36
12 48
12 29
12 47
12 32
12 24
12 46
12 15
12 31
12 1
12 49
12 28
12 27
12 3
12 19
12 30
12 11
12 8
12 10
23
13 48
13 43
13 4
13 6
13 47
13 14
13 34
13 29
13 25
13 35
13 46
13 41
13 3
13 0
13 1
13 31
13 5
13 18
13 12
13 20
13 9
13 37
13 32
21
14 40
14 7
14 32
14 48
14 22
14 47
14 20
14 4
14 17
14 15
14 42
14 18
14 35
14 9
14 0
14 3
14 43
14 29
14 41
14 27
14 46
22
15 18
15 4
15 20
15 36
15 10
15 29
15 30
15 11
15 6
15 16
15 0
15 42
15 32
15 31
15 38
15 44
15 28
15 39
15 8
15 46
15 35
15 37
16
16 1
16 25
16 14
16 12
16 18
16 35
16 26
16 2
16 49
16 44
16 5
16 13
16 45
16 31
16 39
16 20
21
17 25
17 0
17 48
17 22
17 15
17 34
17 16
17 41
17 4
17 33
17 23
17 19
17 27
17 10
17 3
17 38
17 49
17 8
17 26
17 7
17 31
13
18 36
18 17
18 47
18 12
18 9
18 8
18 49
18 23
18 43
18 26
18 40
18 45
18 7
18
19 31
19 26
19 6
19 28
19 38
19 1
19 15
19 10
19 48
19 40
19 35
19 44
19 34
19 18
19 20
19 24
19 13
19 14
16
20 31
20 17
20 21
20 41
20 7
20 48
20 34
20 5
20 45
20 28
20 22
20 25
20 35
20 46
20 26
20 8
26
21 30
21 40
21 25
21 16
21 26
21 19
21 22
21 15
21 7
21 24
21 27
21 31
21 8
21 48
21 17
21 23
21 13
21 37
21 35
21 43
21 18
21 34
21 44
21 9
21 2
21 12
24
22 42
22 16
22 8
22 12
22 3
22 5
22 19
22 34
22 0
22 48
22 47
22 27
22 1
22 38
22 25
22 33
22 11
22 23
22 43
22 32
22 45
22 41
22 18
22 26
20
23 7
23 36
23 48
23 42
23 15
23 25
23 44
23 33
23 39
23 10
23 30
23 31
23 8
23 20
23 13
23 12
23 28
23 6
23 40
23 49
25
24 22
24 39
24 37
24 38
24 4
24 44
24 17
24 36
24 45
24 42
24 26
24 43
24 49
24 6
24 2
24 23
24 46
24 32
24 11
24 48
24 40
24 20
24 15
24 16
24 28
17
25 3
25 14
25 43
25 1
25 18
25 48
25 40
25 8
25 29
25 38
25 11
25 12
25 30
25 24
25 42
25 33
25 9
21
26 14
26 10
26 42
26 36
26 32
26 44
26 0
26 49
26 46
26 15
26 31
26 3
26 1
26 48
26 29
26 9
26 47
26 43
26 6
26 11
26 37
25
27 43
27 18
27 1
27 48
27 40
27 2
27 23
27 20
27 24
27 38
27 34
27 5
27 39
27 49
27 11
27 32
27 13
27 15
27 16
27 46
27 30
27 25
27 9
27 42
27 0
23
28 49
28 6
28 29
28 7
28 16
28 32
28 13
28 31
28 21
28 17
28 25
28 33
28 22
28 44
28 46
28 38
28 43
28 37
28 35
28 39
28 18
28 11
28 41
19
29 10
29 21
29 43
29 20
29 17
29 6
29 2
29 47
29 27
29 44
29 23
29 18
29 30
29 31
29 24
29 35
29 38
29 33
29 34
22
30 17
30 35
30 45
30 34
30 26
30 40
30 22
30 7
30 20
30 10
30 2
30 28
30 6
30 16
30 11
30 9
30 41
30 37
30 24
30 36
30 31
30 3
18
31 14
31 37
31 24
31 32
31 39
31 22
31 3
31 38
31 0
31 1
31 47
31 18
31 45
31 27
31 8
31 49
31 34
31 35
20
32 4
32 20
32 30
32 21
32 29
32 5
32 7
32 19
32 49
32 36
32 34
32 37
32 16
32 3
32 38
32 23
32 40
32 8
32 6
32 18
26
33 16
33 9
33 15
33 48
33 38
33 24
33 19
33 18
33 7
33 39
33 41
33 2
33 31
33 44
33 20
33 34
33 1
33 13
33 21
33 49
33 40
33 43
33 5
33 32
33 42
33 26
17
34 42
34 15
34 6
34 36
34 35
34 48
34 16
34 18
34 26
34 0
34 28
34 11
34 14
34 3
34 5
34 12
34 49
17
35 32
35 44
35 0
35 3
35 6
35 42
35 37
35 22
35 33
35 45
35 46
35 27
35 40
35 26
35 25
35 2
35 41
15
36 42
36 3
36 1
36 21
36 22
36 40
36 48
36 39
36 13
36 20
36 19
36 45
36 2
36 25
36 7
20
37 6
37 5
37 19
37 4
37 7
37 36
37 2
37 45
37 23
37 47
37 10
37 25
37 39
37 46
37 11
37 48
37 20
37 27
37 33
37 1
18
38 3
38 5
38 36
38 39
38 12
38 47
38 37
38 23
38 16
38 7
38 34
38 13
38 2
38 49
38 30
38 48
38 0
38 14
15
39 34
39 21
39 3
39 30
39 29
39 17
39 35
39 12
39 11
39 32
39 25
39 1
39 5
39 22
39 20
20
40 6
40 9
40 47
40 46
40 44
40 20
40 22
40 10
40 4
40 8
40 45
40 12
40 49
40 0
40 13
40 42
40 37
40 29
40 39
40 11
20
41 24
41 29
41 34
41 46
41 27
41 36
41 32
41 3
41 12
41 48
41 37
41 38
41 39
41 8
41 31
41 4
41 21
41 40
41 19
41 26
20
42 13
42 16
42 46
42 29
42 12
42 49
42 20
42 9
42 44
42 38
42 4
42 10
42 18
42 31
42 45
42 37
42 0
42 41
42 21
42 47
16
43 16
43 12
43 30
43 3
43 36
43 44
43 34
43 17
43 35
43 19
43 15
43 10
43 41
43 32
43 37
43 38
22
44 14
44 5
44 10
44 39
44 31
44 8
44 36
44 48
44 0
44 18
44 38
44 32
44 37
44 11
44 6
44 49
44 25
44 13
44 22
44 30
44 34
44 4
22
45 28
45 33
45 34
45 44
45 49
45 25
45 43
45 46
45 0
45 12
45 19
45 8
45 38
45 14
45 29
45 7
45 5
45 6
45 9
45 39
45 26
45 32
17
46 39
46 31
46 32
46 44
46 23
46 30
46 33
46 21
46 9
46 6
46 25
46 2
46 11
46 47
46 19
46 49
46 18
23
47 48
47 16
47 36
47 0
47 10
47 7
47 9
47 19
47 41
47 5
47 32
47 25
47 39
47 28
47 23
47 1
47 44
47 30
47 21
47 11
47 35
47 6
47 8
19
48 1
48 43
48 16
48 49
48 15
48 30
48 40
48 29
48 0
48 18
48 32
48 4
48 2
48 39
48 31
48 10
48 35
48 8
48 45
16
49 30
49 1
49 15
49 22
49 37
49 25
49 14
49 21
49 11
49 36
49 19
49 13
49 6
49 20
49 41
49 29
