50
0 "A28"
1 "A8"
2 "A13"
3 "A15"
4 "A17"
5 "A46"
6 "A1"
7 "A18"
8 "A25"
9 "A7"
10 "A39"
11 "A36"
12 "A21"
13 "A30"
14 "A38"
15 "A0"
16 "A47"
17 "A19"
18 "A26"
19 "A41"
20 "A24"
21 "A31"
22 "A43"
23 "A32"
24 "A11"
25 "A34"
26 "A42"
27 "A45"
28 "A5"
29 "A35"
30 "A27"
31 "A4"
32 "A23"
33 "A48"
34 "A49"
35 "A12"
36 "A40"
37 "A2"
38 "A29"
39 "A37"
40 "A44"
41 "A20"
42 "A33"
43 "A22"
44 "A10"
45 "A16"
46 "A9"
47 "A14"
48 "A3"
49 "A6"
21
0 3
0 7
0 5
0 25
0 20
0 45
0 46
0 32
0 10
0 17
0 33
0 22
0 28
0 19
0 26
0 18
0 12
0 38
0 31
0 11
0 9
20
1 15
1 17
1 43
1 0
1 10
1 30
1 22
1 37
1 45
1 35
1 12
1 7
1 41
1 3
1 28
1 48
1 5
1 11
1 32
1 25
18
2 30
2 31
2 8
2 3
2 11
2 33
2 49
2 22
2 21
2 43
2 26
2 27
2 24
2 23
2 4
2 47
2 1
2 15
20
3 8
3 43
3 29
3 5
3 49
3 14
3 41
3 11
3 46
3 35
3 26
3 7
3 9
3 39
3 48
3 4
3 36
3 16
3 33
3 20
24
4 10
4 16
4 5
4 23
4 17
4 13
4 8
4 24
4 44
4 15
4 6
4 41
4 18
4 31
4 46
4 42
4 45
4 35
4 0
4 49
4 43
4 47
4 36
4 19
13
5 23
5 17
5 13
5 38
5 8
5 14
5 31
5 30
5 35
5 45
5 20
5 44
5 9
20
6 30
6 37
6 41
6 33
6 26
6 42
6 32
6 22
6 17
6 10
6 7
6 19
6 23
6 5
6 16
6 9
6 12
6 8
6 2
6 44
20
7 29
7 48
7 37
7 19
7 25
7 14
7 41
7 10
7 21
7 5
7 20
7 31
7 49
7 9
7 4
7 2
7 38
7 23
7 32
7 17
14
8 14
8 0
8 15
8 39
8 25
8 24
8 33
8 26
8 32
8 20
8 40
8 31
8 9
8 10
16
9 11
9 26
9 35
9 42
9 29
9 2
9 25
9 46
9 24
9 36
9 12
9 4
9 14
9 40
9 1
9 13
19
10 23
10 36
10 42
10 12
10 27
10 18
10 44
10 47
10 17
10 3
10 22
10 16
10 14
10 11
10 21
10 33
10 41
10 40
10 38
18
11 7
11 12
11 32
11 44
11 39
11 37
11 40
11 47
11 8
11 41
11 29
11 19
11 34
11 49
11 18
11 17
11 38
11 21
16
12 23
12 45
12 47
12 15
12 46
12 40
12 17
12 41
12 22
12 8
12 5
12 7
12 24
12 49
12 44
12 2
22
13 8
13 43
13 21
13 6
13 24
13 46
13 26
13 45
13 7
13 42
13 34
13 2
13 33
13 3
13 11
13 41
13 27
13 0
13 12
13 31
13 20
13 30
14
14 39
14 41
14 32
14 48
14 49
14 43
14 47
14 13
14 21
14 11
14 34
14 17
14 30
14 2
19
15 3
15 30
15 27
15 6
15 49
15 29
15 41
15 0
15 44
15 35
15 48
15 39
15 45
15 37
15 10
15 18
15 21
15 5
15 22
28
16 23
16 37
16 42
16 1
16 8
16 34
16 27
16 19
16 46
16 36
16 13
16 5
16 39
16 29
16 33
16 9
16 48
16 40
16 7
16 30
16 11
16 24
16 47
16 0
16 17
16 2
16 20
16 14
16
17 48
17 45
17 19
17 25
17 43
17 13
17 18
17 28
17 15
17 2
17 42
17 30
17 47
17 41
17 3
17 9
18
18 13
18 47
18 35
18 14
18 21
18 27
18 9
18 46
18 3
18 33
18 39
18 38
18 5
18 30
18 2
18 22
18 6
18 40
24
19 23
19 43
19 3
19 26
19 25
19 10
19 45
19 37
19 22
19 18
19 32
19 31
19 41
19 35
19 14
19 39
19 2
19 46
19 48
19 5
19 34
19 12
19 44
19 30
22
20 31
20 28
20 11
20 12
20 25
20 29
20 9
20 33
20 19
20 47
20 4
20 6
20 43
20 38
20 2
20 14
20 15
20 32
20 24
20 1
20 34
20 42
21
21 20
21 12
21 36
21 27
21 0
21 31
21 19
21 28
21 24
21 35
21 4
21 45
21 22
21 16
21 5
21 44
21 42
21 39
21 25
21 40
21 48
21
22 17
22 8
22 13
22 20
22 9
22 34
22 33
22 16
22 44
22 7
22 26
22 4
22 41
22 30
22 47
22 5
22 35
22 45
22 31
22 43
22 3
25
23 49
23 44
23 18
23 1
23 13
23 38
23 3
23 45
23 40
23 17
23 14
23 21
23 43
23 46
23 9
23 34
23 42
23 39
23 28
23 11
23 29
23 47
23 15
23 27
23 33
21
24 37
24 7
24 47
24 15
24 17
24 23
24 11
24 26
24 19
24 3
24 14
24 18
24 6
24 1
24 35
24 0
24 28
24 33
24 5
24 22
24 42
21
25 4
25 27
25 40
25 16
25 5
25 48
25 35
25 24
25 33
25 11
25 3
25 41
25 29
25 10
25 44
25 39
25 42
25 23
25 43
25 22
25 46
20
26 46
26 28
26 11
26 14
26 47
26 42
26 16
26 41
26 15
26 27
26 31
26 1
26 39
26 34
26 10
26 40
26 7
26 48
26 32
26 17
17
27 39
27 22
27 4
27 40
27 1
27 32
27 0
27 41
27 7
27 20
27 17
27 8
27 24
27 36
27 44
27 49
27 14
17
28 34
28 25
28 8
28 4
28 27
28 9
28 12
28 6
28 11
28 15
28 31
28 10
28 35
28 5
28 18
28 36
28 14
23
29 39
29 24
29 49
29 37
29 1
29 22
29 4
29 44
29 21
29 45
29 8
29 18
29 36
29 19
29 5
29 10
29 6
29 14
29 43
29 47
29 35
29 12
29 2
21
30 27
30 9
30 47
30 12
30 7
30 46
30 26
30 21
30 25
30 45
30 0
30 31
30 48
30 33
30 41
30 8
30 20
30 10
30 4
30 37
30 40
21
31 40
31 41
31 29
31 34
31 43
31 10
31 48
31 36
31 38
31 24
31 12
31 46
31 35
31 17
31 23
31 27
31 9
31 15
31 39
31 25
31 18
21
32 25
32 4
32 18
32 3
32 13
32 12
32 47
32 37
32 48
32 5
32 39
32 21
32 43
32 24
32 9
32 45
32 31
32 23
32 2
32 22
32 33
19
33 39
33 19
33 40
33 12
33 46
33 4
33 38
33 45
33 27
33 1
33 15
33 5
33 17
33 49
33 14
33 11
33 42
33 7
33 41
22
34 4
34 47
34 37
34 48
34 9
34 41
34 25
34 49
34 30
34 5
34 6
34 2
34 1
34 33
34 27
34 24
34 10
34 0
34 29
34 21
34 18
34 46
16
35 8
35 0
35 40
35 26
35 36
35 42
35 12
35 33
35 10
35 2
35 13
35 11
35 14
35 39
35 49
35 16
22
36 6
36 15
36 13
36 14
36 49
36 47
36 7
36 41
36 23
36 12
36 18
36 22
36 5
36 11
36 1
36 32
36 19
36 25
36 34
36 0
36 2
36 17
18
37 5
37 4
37 0
37 28
37 25
37 17
37 36
37 13
37 9
37 10
37 31
37 12
37 14
37 27
37 38
37 8
37 44
37 49
29
38 26
38 44
38 4
38 34
38 35
38 21
38 24
38 25
38 9
38 13
38 27
38 45
38 8
38 36
38 47
38 17
38 40
38 15
38 46
38 1
38 30
38 19
38 12
38 42
38 3
38 28
38 6
38 29
38 32
18
39 10
39 9
39 37
39 28
39 34
39 0
39 30
39 5
39 12
39 22
39 43
39 1
39 7
39 42
39 46
39 36
39 20
39 2
21
40 37
40 13
40 36
40 15
40 47
40 32
40 34
40 22
40 3
40 5
40 28
40 6
40 4
40 44
40 20
40 45
40 24
40 17
40 19
40 46
40 14
21
41 9
41 24
41 38
41 32
41 23
41 47
41 0
41 20
41 49
41 39
41 21
41 8
41 2
41 46
41 5
41 35
41 37
41 43
41 40
41 18
41 16
20
42 11
42 46
42 31
42 34
42 15
42 49
42 1
42 32
42 37
42 36
42 43
42 18
42 3
42 5
42 29
42 2
42 8
42 45
42 14
42 7
18
43 28
43 37
43 34
43 40
43 33
43 49
43 7
43 8
43 45
43 0
43 44
43 38
43 11
43 12
43 15
43 18
43 16
43 24
12
44 42
44 9
44 32
44 20
44 31
44 49
44 35
44 13
44 34
44 1
44 3
44 0
14
45 18
45 14
45 11
45 7
45 27
45 20
45 26
45 47
45 44
45 6
45 36
45 34
45 3
45 37
10
46 20
46 27
46 10
46 43
46 7
46 37
46 2
46 44
46 29
46 5
22
47 42
47 31
47 5
47 37
47 35
47 8
47 27
47 28
47 33
47 1
47 25
47 7
47 0
47 9
47 44
47 3
47 49
47 21
47 13
47 43
47 46
47 15
24
48 12
48 5
48 0
48 37
48 40
48 2
48 36
48 45
48 27
48 46
48 11
48 38
48 9
48 33
48 23
48 41
48 39
48 29
48 47
48 28
48 42
48 20
48 8
48 18
23
49 31
49 39
49 32
49 40
49 16
49 8
49 24
49 9
49 1
49 26
49 20
49 22
49 30
49 21
49 19
49 28
49 46
49 18
49 45
49 17
49 0
49 6
49 38
