50
0 "A28"
1 "A8"
2 "A13"
3 "A15"
4 "A17"
5 "A46"
6 "A1"
7 "A18"
8 "A25"
9 "A7"
10 "A39"
11 "A36"
12 "A21"
13 "A30"
14 "A38"
15 "A0"
16 "A47"
17 "A19"
18 "A26"
19 "A41"
20 "A24"
21 "A31"
22 "A43"
23 "A32"
24 "A11"
25 "A34"
26 "A42"
27 "A45"
28 "A5"
29 "A35"
30 "A27"
31 "A4"
32 "A23"
33 "A48"
34 "A49"
35 "A12"
36 "A40"
37 "A2"
38 "A29"
39 "A37"
40 "A44"
41 "A20"
42 "A33"
43 "A22"
44 "A10"
45 "A16"
46 "A9"
47 "A14"
48 "A3"
49 "A6"
17
0 18
0 49
0 27
0 37
0 5
0 26
0 7
0 12
0 25
0 43
0 13
0 28
0 20
0 16
0 36
0 46
0 10
18
1 20
1 11
1 3
1 24
1 15
1 49
1 13
1 32
1 17
1 30
1 28
1 36
1 7
1 44
1 29
1 0
1 12
1 22
20
2 9
2 34
2 41
2 37
2 4
2 19
2 32
2 23
2 27
2 45
2 16
2 40
2 8
2 17
2 20
2 35
2 13
2 36
2 0
2 49
20
3 16
3 47
3 37
3 2
3 0
3 40
3 35
3 41
3 46
3 6
3 7
3 27
3 42
3 33
3 25
3 49
3 31
3 29
3 20
3 19
22
4 39
4 30
4 29
4 47
4 14
4 8
4 24
4 9
4 32
4 23
4 26
4 12
4 1
4 22
4 17
4 35
4 34
4 37
4 38
4 36
4 44
4 43
22
5 49
5 18
5 34
5 15
5 44
5 16
5 33
5 36
5 30
5 2
5 35
5 1
5 31
5 48
5 37
5 29
5 42
5 21
5 43
5 41
5 19
5 45
27
6 17
6 2
6 12
6 18
6 38
6 44
6 15
6 45
6 8
6 7
6 32
6 5
6 36
6 43
6 31
6 33
6 42
6 37
6 23
6 22
6 10
6 4
6 0
6 39
6 28
6 24
6 40
19
7 40
7 49
7 20
7 30
7 38
7 28
7 35
7 34
7 41
7 44
7 31
7 26
7 43
7 12
7 33
7 48
7 2
7 47
7 17
22
8 5
8 27
8 34
8 1
8 25
8 44
8 9
8 36
8 10
8 14
8 7
8 0
8 11
8 32
8 13
8 28
8 12
8 29
8 43
8 48
8 35
8 21
20
9 43
9 7
9 17
9 36
9 34
9 37
9 46
9 28
9 32
9 42
9 1
9 5
9 44
9 6
9 0
9 20
9 14
9 49
9 10
9 15
20
10 17
10 4
10 5
10 11
10 48
10 31
10 33
10 7
10 23
10 30
10 19
10 45
10 49
10 1
10 35
10 40
10 2
10 46
10 26
10 12
19
11 44
11 6
11 23
11 29
11 14
11 26
11 19
11 15
11 34
11 20
11 46
11 32
11 27
11 0
11 42
11 13
11 5
11 49
11 3
20
12 18
12 42
12 25
12 23
12 32
12 9
12 47
12 44
12 24
12 45
12 40
12 3
12 27
12 16
12 46
12 19
12 35
12 34
12 11
12 14
22
13 42
13 4
13 48
13 47
13 29
13 45
13 44
13 21
13 20
13 43
13 6
13 7
13 17
13 27
13 10
13 12
13 46
13 26
13 18
13 22
13 9
13 25
11
14 34
14 22
14 15
14 33
14 25
14 45
14 1
14 18
14 46
14 5
14 6
21
15 23
15 31
15 27
15 45
15 4
15 41
15 46
15 42
15 37
15 43
15 0
15 48
15 13
15 17
15 8
15 40
15 30
15 7
15 10
15 47
15 12
20
16 35
16 37
16 40
16 13
16 22
16 41
16 14
16 7
16 34
16 45
16 42
16 27
16 10
16 8
16 9
16 4
16 30
16 29
16 19
16 49
16
17 24
17 8
17 23
17 35
17 31
17 41
17 19
17 34
17 11
17 36
17 40
17 39
17 22
17 30
17 5
17 43
22
18 32
18 41
18 16
18 17
18 39
18 7
18 1
18 15
18 26
18 23
18 2
18 34
18 11
18 44
18 20
18 37
18 25
18 4
18 48
18 9
18 46
18 30
24
19 40
19 28
19 0
19 8
19 43
19 33
19 30
19 42
19 7
19 14
19 22
19 26
19 44
19 20
19 18
19 36
19 41
19 23
19 1
19 45
19 35
19 15
19 25
19 9
20
20 4
20 8
20 27
20 42
20 15
20 5
20 17
20 45
20 10
20 25
20 43
20 24
20 12
20 39
20 47
20 30
20 48
20 32
20 35
20 23
25
21 6
21 17
21 40
21 16
21 1
21 38
21 37
21 2
21 28
21 20
21 32
21 12
21 19
21 36
21 9
21 3
21 22
21 4
21 30
21 11
21 7
21 14
21 35
21 10
21 31
14
22 8
22 32
22 25
22 43
22 42
22 18
22 30
22 3
22 11
22 5
22 9
22 44
22 20
22 34
15
23 5
23 46
23 1
23 36
23 14
23 34
23 28
23 9
23 3
23 44
23 29
23 16
23 8
23 38
23 43
23
24 3
24 16
24 49
24 42
24 41
24 32
24 15
24 22
24 13
24 26
24 5
24 43
24 19
24 37
24 21
24 23
24 28
24 33
24 46
24 29
24 35
24 8
24 9
13
25 17
25 41
25 4
25 42
25 31
25 24
25 2
25 36
25 7
25 33
25 9
25 37
25 16
18
26 16
26 6
26 25
26 23
26 42
26 43
26 17
26 38
26 31
26 47
26 5
26 33
26 12
26 3
26 40
26 8
26 20
26 44
17
27 44
27 10
27 24
27 45
27 42
27 34
27 21
27 1
27 28
27 7
27 43
27 9
27 19
27 48
27 5
27 25
27 4
19
28 25
28 3
28 18
28 41
28 4
28 15
28 39
28 40
28 5
28 47
28 42
28 48
28 22
28 2
28 12
28 11
28 20
28 32
28 16
21
29 2
29 34
29 45
29 19
29 42
29 36
29 40
29 22
29 12
29 41
29 10
29 48
29 0
29 32
29 26
29 35
29 14
29 44
29 6
29 47
29 28
17
30 33
30 24
30 0
30 40
30 8
30 23
30 27
30 39
30 6
30 11
30 34
30 28
30 42
30 29
30 26
30 43
30 31
22
31 16
31 24
31 22
31 43
31 29
31 14
31 18
31 41
31 4
31 2
31 1
31 9
31 23
31 27
31 28
31 11
31 37
31 45
31 19
31 38
31 42
31 35
13
32 33
32 5
32 16
32 10
32 0
32 49
32 3
32 26
32 30
32 17
32 48
32 15
32 19
23
33 45
33 12
33 42
33 1
33 22
33 13
33 35
33 17
33 39
33 18
33 29
33 47
33 44
33 9
33 31
33 37
33 11
33 41
33 48
33 15
33 34
33 28
33 20
14
34 31
34 28
34 3
34 0
34 47
34 24
34 46
34 45
34 19
34 1
34 42
34 15
34 25
34 6
23
35 27
35 41
35 28
35 36
35 1
35 40
35 45
35 13
35 42
35 22
35 38
35 44
35 11
35 0
35 25
35 18
35 39
35 32
35 47
35 48
35 34
35 37
35 6
22
36 20
36 22
36 15
36 27
36 32
36 40
36 7
36 34
36 24
36 11
36 14
36 31
36 26
36 47
36 16
36 44
36 38
36 45
36 28
36 3
36 13
36 30
18
37 11
37 30
37 43
37 8
37 34
37 7
37 17
37 26
37 1
37 32
37 29
37 22
37 41
37 28
37 38
37 27
37 14
37 19
25
38 47
38 8
38 25
38 16
38 46
38 2
38 10
38 40
38 0
38 9
38 18
38 34
38 12
38 45
38 42
38 24
38 22
38 33
38 32
38 19
38 49
38 28
38 3
38 15
38 48
21
39 41
39 25
39 12
39 38
39 13
39 40
39 23
39 49
39 5
39 21
39 10
39 16
39 24
39 26
39 8
39 0
39 31
39 7
39 46
39 9
39 47
13
40 34
40 31
40 14
40 18
40 23
40 24
40 22
40 41
40 25
40 13
40 5
40 47
40 27
18
41 36
41 26
41 14
41 4
41 13
41 46
41 43
41 9
41 22
41 30
41 32
41 20
41 34
41 8
41 6
41 21
41 38
41 1
19
42 2
42 18
42 1
42 49
42 10
42 46
42 8
42 23
42 43
42 40
42 41
42 21
42 39
42 47
42 37
42 0
42 44
42 17
42 7
19
43 38
43 36
43 12
43 47
43 16
43 35
43 11
43 21
43 45
43 48
43 33
43 18
43 2
43 10
43 1
43 46
43 32
43 29
43 34
18
44 2
44 39
44 28
44 38
44 46
44 15
44 14
44 45
44 16
44 25
44 37
44 10
44 31
44 49
44 47
44 21
44 3
44 30
20
45 11
45 40
45 18
45 1
45 4
45 47
45 37
45 21
45 49
45 26
45 7
45 24
45 22
45 3
45 23
45 42
45 30
45 0
45 17
45 39
20
46 20
46 2
46 45
46 37
46 48
46 28
46 31
46 6
46 22
46 27
46 35
46 30
46 19
46 21
46 29
46 33
46 32
46 40
46 16
46 36
21
47 17
47 19
47 46
47 5
47 37
47 21
47 41
47 18
47 22
47 24
47 11
47 32
47 2
47 30
47 48
47 0
47 25
47 31
47 8
47 14
47 9
24
48 21
48 42
48 31
48 19
48 45
48 44
48 39
48 23
48 16
48 36
48 6
48 17
48 12
48 34
48 2
48 37
48 22
48 3
48 25
48 14
48 49
48 26
48 30
48 9
23
49 29
49 13
49 12
49 34
49 8
49 28
49 15
49 40
49 36
49 33
49 27
49 35
49 46
49 26
49 4
49 20
49 17
49 37
49 30
49 14
49 19
49 22
49 18
