50
0 "A28"
1 "A8"
2 "A13"
3 "A15"
4 "A17"
5 "A46"
6 "A1"
7 "A18"
8 "A25"
9 "A7"
10 "A39"
11 "A36"
12 "A21"
13 "A30"
14 "A38"
15 "A0"
16 "A47"
17 "A19"
18 "A26"
19 "A41"
20 "A24"
21 "A31"
22 "A43"
23 "A32"
24 "A11"
25 "A34"
26 "A42"
27 "A45"
28 "A5"
29 "A35"
30 "A27"
31 "A4"
32 "A23"
33 "A48"
34 "A49"
35 "A12"
36 "A40"
37 "A2"
38 "A29"
39 "A37"
40 "A44"
41 "A20"
42 "A33"
43 "A22"
44 "A10"
45 "A16"
46 "A9"
47 "A14"
48 "A3"
49 "A6"
18
0 41
0 21
0 2
0 24
0 38
0 29
0 22
0 45
0 37
0 18
0 39
0 42
0 16
0 44
0 35
0 3
0 5
0 19
20
1 43
1 0
1 31
1 48
1 46
1 44
1 28
1 15
1 5
1 23
1 45
1 30
1 36
1 8
1 17
1 12
1 40
1 9
1 10
1 13
19
2 20
2 3
2 37
2 19
2 1
2 16
2 44
2 22
2 18
2 42
2 14
2 36
2 46
2 39
2 6
2 27
2 25
2 40
2 4
17
3 19
3 33
3 44
3 18
3 32
3 30
3 42
3 24
3 26
3 22
3 46
3 5
3 12
3 14
3 39
3 35
3 40
19
4 42
4 18
4 33
4 1
4 24
4 9
4 17
4 29
4 16
4 14
4 3
4 11
4 41
4 7
4 19
4 12
4 43
4 0
4 13
23
5 45
5 23
5 40
5 25
5 36
5 46
5 28
5 19
5 29
5 14
5 44
5 18
5 43
5 4
5 13
5 10
5 39
5 12
5 24
5 41
5 16
5 38
5 11
21
6 25
6 37
6 46
6 0
6 19
6 32
6 31
6 34
6 49
6 17
6 39
6 7
6 4
6 16
6 35
6 20
6 15
6 30
6 13
6 23
6 9
17
7 16
7 47
7 1
7 20
7 2
7 31
7 37
7 39
7 18
7 32
7 19
7 8
7 3
7 42
7 0
7 5
7 22
17
8 37
8 21
8 44
8 29
8 6
8 4
8 24
8 34
8 16
8 42
8 20
8 2
8 46
8 31
8 43
8 38
8 27
20
9 29
9 39
9 17
9 38
9 22
9 33
9 26
9 7
9 2
9 34
9 19
9 25
9 20
9 37
9 16
9 12
9 15
9 0
9 3
9 21
22
10 35
10 28
10 34
10 16
10 44
10 6
10 2
10 42
10 12
10 20
10 25
10 33
10 22
10 40
10 38
10 36
10 45
10 27
10 9
10 43
10 17
10 46
20
11 3
11 13
11 9
11 23
11 20
11 0
11 46
11 18
11 15
11 49
11 29
11 40
11 2
11 28
11 48
11 8
11 7
11 27
11 1
11 30
24
12 11
12 6
12 2
12 25
12 8
12 13
12 49
12 32
12 46
12 26
12 48
12 45
12 35
12 47
12 24
12 23
12 17
12 20
12 19
12 7
12 29
12 22
12 31
12 38
15
13 27
13 36
13 28
13 18
13 25
13 38
13 16
13 15
13 46
13 49
13 7
13 14
13 10
13 45
13 26
25
14 47
14 17
14 43
14 12
14 27
14 25
14 32
14 7
14 9
14 29
14 20
14 28
14 18
14 46
14 23
14 15
14 38
14 44
14 8
14 11
14 10
14 21
14 48
14 37
14 1
19
15 41
15 22
15 21
15 48
15 49
15 38
15 2
15 4
15 46
15 43
15 17
15 37
15 7
15 18
15 24
15 39
15 3
15 0
15 10
20
16 14
16 29
16 38
16 42
16 17
16 46
16 18
16 48
16 23
16 3
16 49
16 37
16 47
16 15
16 24
16 1
16 20
16 11
16 43
16 12
18
17 20
17 46
17 32
17 8
17 0
17 35
17 36
17 48
17 11
17 3
17 37
17 38
17 13
17 40
17 26
17 5
17 34
17 41
18
18 8
18 47
18 31
18 19
18 36
18 35
18 24
18 37
18 1
18 10
18 42
18 48
18 17
18 20
18 6
18 9
18 22
18 46
14
19 32
19 15
19 46
19 14
19 39
19 45
19 16
19 8
19 17
19 47
19 13
19 25
19 23
19 34
18
20 4
20 32
20 37
20 33
20 49
20 47
20 0
20 40
20 1
20 27
20 13
20 3
20 19
20 46
20 23
20 29
20 22
20 24
17
21 11
21 13
21 32
21 3
21 28
21 7
21 26
21 27
21 2
21 19
21 16
21 29
21 1
21 17
21 5
21 41
21 34
21
22 34
22 35
22 1
22 27
22 14
22 41
22 36
22 31
22 38
22 4
22 33
22 19
22 49
22 24
22 25
22 6
22 17
22 16
22 29
22 47
22 40
21
23 8
23 31
23 33
23 45
23 10
23 41
23 9
23 36
23 42
23 18
23 30
23 22
23 27
23 15
23 13
23 3
23 21
23 49
23 17
23 46
23 48
22
24 11
24 49
24 42
24 38
24 17
24 37
24 34
24 19
24 36
24 23
24 33
24 1
24 45
24 7
24 29
24 44
24 2
24 46
24 6
24 31
24 32
24 47
21
25 4
25 31
25 16
25 11
25 0
25 34
25 15
25 47
25 43
25 24
25 49
25 28
25 26
25 41
25 23
25 38
25 17
25 33
25 8
25 1
25 20
21
26 15
26 4
26 2
26 8
26 11
26 40
26 1
26 16
26 14
26 10
26 7
26 43
26 28
26 44
26 49
26 6
26 41
26 32
26 30
26 39
26 20
22
27 6
27 35
27 42
27 32
27 7
27 45
27 26
27 0
27 43
27 47
27 28
27 34
27 25
27 37
27 44
27 5
27 15
27 4
27 24
27 46
27 17
27 12
18
28 19
28 43
28 45
28 35
28 16
28 37
28 4
28 31
28 22
28 44
28 20
28 48
28 12
28 34
28 33
28 49
28 6
28 7
18
29 36
29 33
29 18
29 26
29 15
29 3
29 48
29 38
29 7
29 10
29 13
29 27
29 17
29 32
29 31
29 23
29 41
29 34
23
30 45
30 48
30 15
30 22
30 47
30 39
30 20
30 16
30 4
30 34
30 18
30 46
30 41
30 25
30 9
30 24
30 0
30 49
30 13
30 37
30 38
30 44
30 28
18
31 5
31 15
31 27
31 42
31 16
31 13
31 10
31 34
31 41
31 35
31 21
31 17
31 9
31 30
31 2
31 20
31 11
31 43
19
32 39
32 10
32 47
32 36
32 15
32 35
32 9
32 23
32 13
32 1
32 40
32 34
32 38
32 28
32 31
32 18
32 0
32 5
32 44
20
33 1
33 41
33 6
33 19
33 16
33 13
33 32
33 34
33 15
33 2
33 21
33 14
33 5
33 30
33 8
33 7
33 35
33 31
33 26
33 11
18
34 26
34 4
34 18
34 49
34 12
34 1
34 13
34 3
34 38
34 42
34 2
34 43
34 7
34 23
34 0
34 11
34 40
34 46
19
35 21
35 2
35 11
35 7
35 26
35 44
35 45
35 39
35 24
35 5
35 34
35 19
35 16
35 46
35 4
35 25
35 23
35 14
35 9
26
36 26
36 9
36 47
36 6
36 15
36 35
36 28
36 37
36 34
36 11
36 7
36 43
36 3
36 12
36 48
36 14
36 19
36 25
36 39
36 40
36 31
36 30
36 0
36 42
36 8
36 27
12
37 19
37 4
37 21
37 32
37 44
37 1
37 11
37 48
37 22
37 13
37 23
37 42
18
38 2
38 4
38 31
38 28
38 18
38 27
38 20
38 7
38 21
38 35
38 36
38 37
38 1
38 33
38 48
38 41
38 44
38 46
20
39 14
39 18
39 16
39 34
39 27
39 31
39 23
39 28
39 38
39 45
39 8
39 22
39 11
39 46
39 41
39 4
39 10
39 1
39 37
39 33
25
40 41
40 29
40 38
40 25
40 7
40 33
40 28
40 12
40 37
40 4
40 0
40 18
40 27
40 19
40 35
40 6
40 14
40 9
40 43
40 16
40 47
40 44
40 39
40 8
40 24
20
41 35
41 10
41 14
41 48
41 27
41 37
41 11
41 13
41 9
41 7
41 36
41 19
41 28
41 20
41 34
41 24
41 47
41 18
41 3
41 6
23
42 22
42 19
42 35
42 45
42 9
42 39
42 41
42 48
42 1
42 43
42 20
42 14
42 38
42 47
42 32
42 5
42 26
42 44
42 12
42 25
42 30
42 40
42 21
22
43 11
43 41
43 37
43 17
43 0
43 12
43 22
43 32
43 23
43 35
43 19
43 46
43 44
43 39
43 18
43 24
43 29
43 2
43 33
43 30
43 21
43 49
18
44 31
44 29
44 4
44 17
44 18
44 46
44 11
44 33
44 39
44 41
44 7
44 36
44 19
44 9
44 12
44 34
44 23
44 22
22
45 22
45 25
45 11
45 9
45 8
45 29
45 41
45 36
45 16
45 4
45 33
45 6
45 18
45 14
45 38
45 32
45 49
45 47
45 2
45 34
45 26
45 40
13
46 48
46 26
46 29
46 37
46 36
46 4
46 28
46 25
46 21
46 33
46 42
46 0
46 41
21
47 11
47 37
47 49
47 8
47 39
47 10
47 23
47 13
47 1
47 9
47 15
47 0
47 26
47 4
47 38
47 3
47 35
47 29
47 48
47 5
47 43
21
48 32
48 20
48 7
48 8
48 33
48 10
48 22
48 19
48 43
48 25
48 27
48 6
48 5
48 31
48 40
48 34
48 24
48 45
48 4
48 21
48 39
17
49 33
49 4
49 1
49 42
49 35
49 17
49 14
49 31
49 21
49 48
49 38
49 36
49 3
49 8
49 32
49 44
49 10
