50
0 "A28"
1 "A8"
2 "A13"
3 "A15"
4 "A17"
5 "A46"
6 "A1"
7 "A18"
8 "A25"
9 "A7"
10 "A39"
11 "A36"
12 "A21"
13 "A30"
14 "A38"
15 "A0"
16 "A47"
17 "A19"
18 "A26"
19 "A41"
20 "A24"
21 "A31"
22 "A43"
23 "A32"
24 "A11"
25 "A34"
26 "A42"
27 "A45"
28 "A5"
29 "A35"
30 "A27"
31 "A4"
32 "A23"
33 "A48"
34 "A49"
35 "A12"
36 "A40"
37 "A2"
38 "A29"
39 "A37"
40 "A44"
41 "A20"
42 "A33"
43 "A22"
44 "A10"
45 "A16"
46 "A9"
47 "A14"
48 "A3"
49 "A6"
19
0 46
0 3
0 41
0 42
0 38
0 31
0 43
0 28
0 23
0 33
0 9
0 5
0 37
0 32
0 20
0 16
0 45
0 49
0 24
20
1 10
1 18
1 30
1 5
1 28
1 8
1 48
1 35
1 13
1 16
1 32
1 17
1 9
1 27
1 31
1 43
1 19
1 36
1 44
1 25
23
2 39
2 32
2 23
2 4
2 40
2 48
2 38
2 29
2 35
2 3
2 1
2 16
2 28
2 0
2 8
2 12
2 13
2 36
2 14
2 21
2 31
2 42
2 37
15
3 44
3 12
3 35
3 11
3 37
3 21
3 43
3 48
3 15
3 22
3 14
3 9
3 26
3 38
3 18
20
4 21
4 41
4 24
4 13
4 17
4 9
4 22
4 35
4 28
4 29
4 45
4 46
4 25
4 16
4 15
4 32
4 11
4 0
4 23
4 14
17
5 32
5 29
5 41
5 37
5 22
5 12
5 4
5 39
5 7
5 36
5 38
5 49
5 46
5 9
5 24
5 20
5 42
25
6 16
6 4
6 36
6 11
6 39
6 46
6 7
6 8
6 15
6 3
6 19
6 43
6 0
6 2
6 45
6 30
6 27
6 21
6 47
6 20
6 35
6 32
6 44
6 23
6 37
23
7 22
7 3
7 4
7 17
7 1
7 25
7 0
7 2
7 31
7 28
7 20
7 13
7 29
7 9
7 14
7 48
7 47
7 18
7 33
7 36
7 27
7 42
7 39
21
8 29
8 20
8 10
8 42
8 5
8 24
8 7
8 36
8 31
8 34
8 41
8 44
8 22
8 40
8 45
8 13
8 12
8 3
8 38
8 4
8 0
20
9 12
9 42
9 41
9 25
9 39
9 18
9 46
9 45
9 21
9 2
9 38
9 29
9 43
9 6
9 47
9 16
9 13
9 49
9 8
9 26
18
10 40
10 25
10 6
10 20
10 26
10 13
10 46
10 7
10 34
10 39
10 35
10 21
10 48
10 31
10 4
10 0
10 9
10 28
18
11 7
11 18
11 28
11 31
11 49
11 1
11 30
11 2
11 27
11 0
11 40
11 9
11 38
11 5
11 20
11 17
11 13
11 23
22
12 30
12 10
12 31
12 22
12 45
12 0
12 33
12 48
12 27
12 41
12 38
12 13
12 4
12 47
12 19
12 40
12 1
12 23
12 44
12 26
12 34
12 11
18
13 28
13 15
13 25
13 35
13 24
13 48
13 16
13 49
13 26
13 17
13 27
13 6
13 39
13 0
13 23
13 32
13 46
13 14
14
14 8
14 17
14 0
14 5
14 43
14 20
14 35
14 47
14 11
14 32
14 42
14 12
14 10
14 1
22
15 49
15 21
15 43
15 28
15 11
15 20
15 18
15 39
15 31
15 37
15 2
15 26
15 22
15 32
15 12
15 41
15 1
15 5
15 24
15 45
15 16
15 7
16
16 7
16 44
16 21
16 39
16 18
16 33
16 10
16 11
16 49
16 19
16 47
16 23
16 48
16 37
16 8
16 36
24
17 25
17 49
17 20
17 22
17 6
17 43
17 10
17 38
17 48
17 9
17 3
17 16
17 45
17 41
17 28
17 39
17 40
17 15
17 18
17 33
17 29
17 27
17 8
17 32
9
18 42
18 13
18 35
18 20
18 48
18 46
18 32
18 43
18 19
19
19 46
19 49
19 13
19 41
19 45
19 10
19 8
19 11
19 39
19 30
19 9
19 31
19 17
19 28
19 24
19 32
19 3
19 14
19 35
18
20 29
20 30
20 37
20 47
20 44
20 31
20 33
20 23
20 19
20 2
20 48
20 13
20 1
20 45
20 16
20 9
20 40
20 22
23
21 23
21 25
21 18
21 35
21 33
21 39
21 49
21 8
21 12
21 5
21 24
21 1
21 44
21 7
21 17
21 45
21 19
21 48
21 31
21 0
21 34
21 20
21 46
18
22 36
22 49
22 43
22 0
22 46
22 11
22 18
22 14
22 31
22 32
22 41
22 16
22 26
22 1
22 24
22 35
22 13
22 45
18
23 8
23 15
23 22
23 45
23 17
23 3
23 24
23 46
23 33
23 41
23 19
23 49
23 34
23 44
23 18
23 5
23 38
23 7
19
24 17
24 48
24 29
24 47
24 12
24 41
24 35
24 18
24 2
24 27
24 3
24 16
24 30
24 10
24 20
24 39
24 6
24 46
24 9
22
25 46
25 30
25 38
25 0
25 35
25 5
25 3
25 47
25 22
25 11
25 8
25 15
25 23
25 26
25 44
25 36
25 34
25 19
25 24
25 41
25 20
25 14
20
26 8
26 28
26 40
26 14
26 7
26 21
26 43
26 17
26 5
26 37
26 2
26 46
26 11
26 20
26 49
26 16
26 31
26 1
26 24
26 27
21
27 22
27 0
27 18
27 34
27 42
27 19
27 16
27 31
27 14
27 21
27 8
27 48
27 49
27 43
27 10
27 2
27 28
27 15
27 9
27 38
27 25
17
28 12
28 43
28 16
28 47
28 9
28 18
28 23
28 24
28 48
28 32
28 35
28 38
28 34
28 40
28 49
28 45
28 22
26
29 41
29 10
29 27
29 48
29 34
29 43
29 22
29 14
29 12
29 19
29 6
29 13
29 33
29 45
29 35
29 30
29 23
29 18
29 31
29 1
29 38
29 25
29 26
29 21
29 3
29 16
26
30 7
30 5
30 10
30 8
30 16
30 15
30 0
30 28
30 39
30 35
30 4
30 27
30 14
30 31
30 37
30 9
30 13
30 23
30 18
30 36
30 32
30 43
30 2
30 44
30 47
30 34
20
31 13
31 6
31 47
31 33
31 37
31 3
31 23
31 16
31 25
31 14
31 5
31 38
31 44
31 18
31 28
31 4
31 34
31 9
31 17
31 42
17
32 36
32 39
32 45
32 24
32 37
32 3
32 11
32 7
32 49
32 23
32 16
32 27
32 29
32 40
32 34
32 8
32 10
22
33 14
33 32
33 35
33 11
33 2
33 28
33 9
33 15
33 10
33 24
33 26
33 40
33 19
33 27
33 42
33 1
33 8
33 13
33 45
33 18
33 6
33 3
20
34 48
34 16
34 22
34 37
34 7
34 13
34 41
34 11
34 5
34 43
34 46
34 17
34 2
34 4
34 18
34 20
34 9
34 42
34 38
34 6
21
35 39
35 34
35 20
35 7
35 15
35 48
35 23
35 5
35 17
35 37
35 9
35 8
35 38
35 40
35 26
35 44
35 32
35 0
35 12
35 27
35 41
17
36 18
36 15
36 48
36 9
36 26
36 38
36 21
36 14
36 12
36 11
36 10
36 47
36 3
36 27
36 28
36 24
36 34
20
37 19
37 12
37 17
37 13
37 8
37 23
37 48
37 21
37 41
37 4
37 24
37 36
37 49
37 27
37 40
37 22
37 11
37 7
37 33
37 14
17
38 42
38 33
38 6
38 16
38 20
38 4
38 24
38 48
38 49
38 37
38 1
38 14
38 13
38 19
38 46
38 21
38 30
22
39 23
39 8
39 36
39 22
39 38
39 25
39 1
39 4
39 26
39 12
39 33
39 0
39 43
39 20
39 46
39 31
39 49
39 37
39 11
39 14
39 28
39 3
19
40 23
40 27
40 43
40 44
40 3
40 31
40 24
40 15
40 1
40 16
40 25
40 4
40 39
40 36
40 22
40 21
40 29
40 34
40 30
22
41 27
41 26
41 6
41 20
41 21
41 10
41 18
41 2
41 33
41 45
41 7
41 1
41 11
41 13
41 46
41 32
41 31
41 42
41 47
41 43
41 49
41 44
20
42 37
42 21
42 6
42 1
42 16
42 19
42 3
42 43
42 23
42 40
42 17
42 36
42 29
42 10
42 15
42 32
42 25
42 47
42 30
42 28
15
43 24
43 8
43 38
43 33
43 31
43 16
43 25
43 21
43 2
43 4
43 48
43 32
43 49
43 13
43 19
23
44 13
44 11
44 48
44 22
44 5
44 19
44 42
44 37
44 26
44 36
44 45
44 9
44 43
44 27
44 34
44 7
44 4
44 15
44 18
44 2
44 28
44 14
44 24
23
45 30
45 24
45 49
45 11
45 38
45 25
45 7
45 36
45 42
45 14
45 43
45 35
45 34
45 26
45 1
45 10
45 3
45 39
45 5
45 2
45 16
45 27
45 40
19
46 7
46 14
46 31
46 28
46 42
46 36
46 12
46 11
46 15
46 43
46 8
46 44
46 16
46 3
46 35
46 1
46 47
46 37
46 2
15
47 40
47 33
47 49
47 27
47 2
47 21
47 34
47 29
47 45
47 37
47 17
47 39
47 5
47 18
47 15
23
48 32
48 14
48 6
48 31
48 45
48 40
48 39
48 49
48 8
48 9
48 15
48 30
48 0
48 33
48 11
48 46
48 4
48 41
48 19
48 47
48 42
48 26
48 25
14
49 40
49 7
49 4
49 31
49 42
49 6
49 29
49 1
49 14
49 18
49 3
49 25
49 2
49 35
