50
0 "A28"
1 "A8"
2 "A13"
3 "A15"
4 "A17"
5 "A46"
6 "A1"
7 "A18"
8 "A25"
9 "A7"
10 "A39"
11 "A36"
12 "A21"
13 "A30"
14 "A38"
15 "A0"
16 "A47"
17 "A19"
18 "A26"
19 "A41"
20 "A24"
21 "A31"
22 "A43"
23 "A32"
24 "A11"
25 "A34"
26 "A42"
27 "A45"
28 "A5"
29 "A35"
30 "A27"
31 "A4"
32 "A23"
33 "A48"
34 "A49"
35 "A12"
36 "A40"
37 "A2"
38 "A29"
39 "A37"
40 "A44"
41 "A20"
42 "A33"
43 "A22"
44 "A10"
45 "A16"
46 "A9"
47 "A14"
48 "A3"
49 "A6"
22
0 45
0 44
0 21
0 43
0 24
0 8
0 2
0 15
0 3
0 17
0 38
0 46
0 10
0 9
0 22
0 28
0 49
0 31
0 18
0 35
0 13
0 42
21
1 27
1 45
1 7
1 13
1 32
1 36
1 38
1 29
1 40
1 46
1 31
1 22
1 6
1 41
1 19
1 28
1 21
1 0
1 4
1 34
1 30
20
2 18
2 35
2 49
2 40
2 17
2 4
2 31
2 1
2 37
2 33
2 25
2 28
2 7
2 12
2 29
2 23
2 27
2 16
2 20
2 19
16
3 9
3 6
3 2
3 37
3 4
3 1
3 26
3 23
3 30
3 24
3 7
3 39
3 20
3 25
3 45
3 12
29
4 31
4 16
4 33
4 23
4 25
4 21
4 30
4 43
4 34
4 18
4 19
4 0
4 24
4 20
4 7
4 49
4 37
4 17
4 36
4 27
4 35
4 14
4 15
4 5
4 28
4 45
4 12
4 42
4 46
20
5 44
5 1
5 23
5 20
5 13
5 25
5 30
5 24
5 48
5 8
5 15
5 36
5 6
5 14
5 33
5 38
5 2
5 29
5 9
5 18
17
6 0
6 4
6 30
6 23
6 21
6 12
6 47
6 49
6 44
6 37
6 14
6 7
6 36
6 10
6 26
6 40
6 29
15
7 30
7 22
7 48
7 32
7 36
7 10
7 39
7 25
7 34
7 40
7 0
7 5
7 31
7 11
7 27
23
8 4
8 2
8 48
8 27
8 30
8 6
8 20
8 42
8 28
8 24
8 12
8 46
8 29
8 7
8 11
8 13
8 26
8 45
8 49
8 17
8 33
8 14
8 44
24
9 17
9 6
9 44
9 47
9 25
9 23
9 1
9 21
9 46
9 11
9 14
9 43
9 30
9 7
9 12
9 31
9 32
9 13
9 26
9 45
9 2
9 8
9 33
9 29
19
10 49
10 26
10 15
10 32
10 25
10 16
10 24
10 5
10 27
10 4
10 2
10 18
10 28
10 34
10 11
10 12
10 45
10 33
10 1
22
11 37
11 26
11 48
11 6
11 22
11 47
11 16
11 2
11 13
11 34
11 1
11 12
11 31
11 21
11 49
11 5
11 42
11 0
11 45
11 3
11 18
11 41
17
12 17
12 5
12 38
12 16
12 35
12 0
12 31
12 40
12 15
12 41
12 37
12 7
12 47
12 28
12 43
12 19
12 14
17
13 32
13 25
13 10
13 49
13 45
13 43
13 17
13 34
13 38
13 28
13 18
13 6
13 41
13 27
13 2
13 36
13 48
13
14 29
14 44
14 35
14 32
14 30
14 1
14 17
14 47
14 10
14 3
14 7
14 11
14 41
26
15 24
15 36
15 13
15 45
15 29
15 21
15 34
15 9
15 38
15 46
15 22
15 30
15 11
15 39
15 42
15 2
15 41
15 31
15 3
15 37
15 19
15 16
15 33
15 6
15 32
15 7
19
16 25
16 24
16 32
16 3
16 45
16 20
16 5
16 22
16 49
16 0
16 8
16 13
16 42
16 9
16 23
16 28
16 31
16 27
16 37
26
17 3
17 6
17 45
17 48
17 39
17 38
17 11
17 26
17 21
17 23
17 10
17 43
17 34
17 49
17 33
17 36
17 18
17 27
17 35
17 7
17 19
17 31
17 22
17 28
17 5
17 1
21
18 49
18 25
18 33
18 30
18 38
18 26
18 12
18 15
18 1
18 6
18 46
18 31
18 29
18 32
18 39
18 23
18 19
18 37
18 16
18 9
18 14
20
19 27
19 14
19 11
19 21
19 7
19 29
19 3
19 5
19 6
19 25
19 8
19 13
19 20
19 22
19 0
19 35
19 49
19 31
19 24
19 33
13
20 24
20 49
20 36
20 41
20 1
20 0
20 9
20 44
20 27
20 26
20 13
20 39
20 22
24
21 41
21 39
21 47
21 20
21 29
21 32
21 36
21 43
21 16
21 8
21 12
21 48
21 42
21 2
21 18
21 5
21 40
21 3
21 13
21 10
21 24
21 49
21 22
21 46
19
22 3
22 10
22 48
22 44
22 31
22 35
22 27
22 39
22 28
22 26
22 2
22 40
22 5
22 14
22 46
22 4
22 6
22 9
22 38
19
23 7
23 45
23 37
23 49
23 39
23 40
23 26
23 47
23 10
23 8
23 0
23 27
23 1
23 28
23 21
23 32
23 19
23 20
23 35
20
24 6
24 17
24 49
24 29
24 25
24 2
24 11
24 36
24 13
24 18
24 43
24 1
24 23
24 48
24 12
24 42
24 7
24 22
24 33
24 47
19
25 11
25 37
25 29
25 0
25 15
25 38
25 22
25 36
25 12
25 41
25 28
25 49
25 17
25 21
25 20
25 6
25 23
25 31
25 33
20
26 13
26 0
26 19
26 2
26 35
26 29
26 1
26 46
26 12
26 31
26 15
26 41
26 43
26 25
26 21
26 36
26 24
26 38
26 28
26 48
19
27 26
27 33
27 9
27 30
27 28
27 0
27 6
27 46
27 44
27 48
27 14
27 42
27 18
27 5
27 11
27 31
27 25
27 15
27 12
18
28 45
28 30
28 18
28 24
28 14
28 6
28 35
28 36
28 3
28 5
28 32
28 39
28 31
28 19
28 11
28 29
28 20
28 15
13
29 46
29 12
29 0
29 45
29 31
29 42
29 16
29 13
29 22
29 17
29 38
29 33
29 34
17
30 23
30 45
30 24
30 47
30 25
30 22
30 10
30 19
30 20
30 43
30 46
30 33
30 16
30 48
30 12
30 2
30 36
12
31 42
31 43
31 30
31 35
31 40
31 23
31 5
31 3
31 8
31 24
31 20
31 21
19
32 8
32 26
32 46
32 47
32 29
32 34
32 31
32 4
32 17
32 0
32 37
32 30
32 12
32 33
32 25
32 27
32 24
32 39
32 22
17
33 7
33 22
33 3
33 31
33 40
33 48
33 21
33 1
33 13
33 11
33 28
33 0
33 49
33 35
33 47
33 14
33 44
21
34 40
34 26
34 46
34 41
34 6
34 18
34 47
34 2
34 33
34 23
34 22
34 39
34 5
34 8
34 21
34 37
34 20
34 3
34 25
34 27
34 19
19
35 42
35 18
35 15
35 21
35 32
35 16
35 41
35 11
35 20
35 29
35 8
35 25
35 30
35 34
35 13
35 37
35 9
35 39
35 5
17
36 22
36 39
36 45
36 16
36 29
36 23
36 11
36 35
36 9
36 40
36 32
36 49
36 46
36 2
36 19
36 8
36 41
19
37 29
37 31
37 27
37 33
37 9
37 41
37 22
37 26
37 19
37 42
37 17
37 5
37 40
37 10
37 21
37 47
37 13
37 8
37 14
16
38 37
38 2
38 27
38 31
38 14
38 8
38 19
38 9
38 33
38 10
38 23
38 24
38 20
38 4
38 36
38 16
21
39 1
39 16
39 33
39 24
39 29
39 19
39 0
39 2
39 47
39 49
39 14
39 8
39 31
39 44
39 45
39 26
39 12
39 9
39 13
39 25
39 4
20
40 30
40 16
40 26
40 13
40 29
40 49
40 11
40 27
40 8
40 20
40 3
40 4
40 45
40 14
40 42
40 35
40 39
40 18
40 17
40 24
25
41 32
41 3
41 17
41 47
41 27
41 29
41 44
41 23
41 28
41 30
41 5
41 38
41 42
41 46
41 31
41 10
41 19
41 9
41 7
41 18
41 39
41 24
41 6
41 8
41 16
24
42 30
42 32
42 3
42 34
42 18
42 45
42 28
42 9
42 7
42 44
42 36
42 2
42 1
42 13
42 25
42 17
42 46
42 10
42 26
42 43
42 14
42 39
42 49
42 38
25
43 18
43 38
43 29
43 16
43 11
43 15
43 40
43 3
43 8
43 14
43 5
43 19
43 2
43 33
43 37
43 10
43 34
43 41
43 1
43 32
43 39
43 22
43 35
43 36
43 20
23
44 18
44 35
44 26
44 3
44 2
44 29
44 21
44 23
44 11
44 36
44 12
44 43
44 13
44 7
44 49
44 10
44 16
44 37
44 46
44 47
44 32
44 25
44 38
17
45 25
45 31
45 38
45 26
45 2
45 44
45 14
45 22
45 12
45 37
45 41
45 5
45 49
45 20
45 48
45 35
45 43
23
46 31
46 24
46 28
46 43
46 35
46 3
46 20
46 13
46 40
46 25
46 23
46 2
46 6
46 7
46 10
46 5
46 19
46 14
46 16
46 45
46 33
46 12
46 38
23
47 10
47 49
47 25
47 43
47 15
47 29
47 48
47 28
47 18
47 46
47 8
47 5
47 27
47 22
47 31
47 17
47 45
47 35
47 20
47 19
47 0
47 40
47 36
19
48 41
48 42
48 12
48 19
48 31
48 29
48 9
48 35
48 44
48 15
48 39
48 37
48 25
48 14
48 43
48 16
48 36
48 0
48 28
12
49 14
49 3
49 15
49 26
49 34
49 35
49 12
49 43
49 31
49 7
49 28
49 1
