50
0 "A28"
1 "A8"
2 "A13"
3 "A15"
4 "A17"
5 "A46"
6 "A1"
7 "A18"
8 "A25"
9 "A7"
10 "A39"
11 "A36"
12 "A21"
13 "A30"
14 "A38"
15 "A0"
16 "A47"
17 "A19"
18 "A26"
19 "A41"
20 "A24"
21 "A31"
22 "A43"
23 "A32"
24 "A11"
25 "A34"
26 "A42"
27 "A45"
28 "A5"
29 "A35"
30 "A27"
31 "A4"
32 "A23"
33 "A48"
34 "A49"
35 "A12"
36 "A40"
37 "A2"
38 "A29"
39 "A37"
40 "A44"
41 "A20"
42 "A33"
43 "A22"
44 "A10"
45 "A16"
46 "A9"
47 "A14"
48 "A3"
49 "A6"
28
0 41
0 10
0 21
0 42
0 12
0 30
0 14
0 44
0 35
0 19
0 4
0 47
0 1
0 40
0 29
0 33
0 17
0 7
0 13
0 20
0 23
0 36
0 8
0 5
0 34
0 26
0 27
0 49
19
1 7
1 44
1 10
1 5
1 29
1 4
1 3
1 22
1 48
1 47
1 21
1 41
1 6
1 17
1 35
1 40
1 20
1 14
1 32
21
2 36
2 49
2 18
2 16
2 43
2 38
2 41
2 46
2 30
2 25
2 10
2 26
2 20
2 29
2 8
2 7
2 15
2 40
2 32
2 17
2 0
15
3 37
3 49
3 2
3 13
3 39
3 48
3 9
3 20
3 27
3 8
3 22
3 31
3 25
3 30
3 42
24
4 22
4 11
4 28
4 24
4 13
4 35
4 36
4 8
4 26
4 41
4 29
4 46
4 18
4 49
4 2
4 17
4 15
4 44
4 39
4 32
4 30
4 6
4 38
4 19
16
5 31
5 14
5 39
5 37
5 49
5 44
5 42
5 2
5 41
5 27
5 11
5 24
5 38
5 46
5 7
5 43
21
6 17
6 5
6 24
6 40
6 12
6 16
6 33
6 26
6 7
6 43
6 28
6 46
6 21
6 25
6 13
6 8
6 38
6 45
6 29
6 27
6 32
16
7 20
7 28
7 41
7 25
7 47
7 11
7 13
7 14
7 31
7 35
7 32
7 18
7 42
7 8
7 33
7 34
30
8 10
8 38
8 40
8 17
8 34
8 22
8 30
8 48
8 27
8 37
8 23
8 39
8 47
8 16
8 1
8 24
8 32
8 13
8 49
8 5
8 11
8 15
8 29
8 25
8 19
8 36
8 28
8 44
8 35
8 9
22
9 23
9 18
9 25
9 16
9 14
9 24
9 28
9 41
9 1
9 38
9 26
9 42
9 7
9 37
9 20
9 11
9 4
9 5
9 6
9 36
9 10
9 0
22
10 26
10 3
10 30
10 24
10 13
10 22
10 46
10 15
10 7
10 42
10 5
10 33
10 29
10 35
10 16
10 45
10 12
10 49
10 36
10 31
10 17
10 37
25
11 35
11 1
11 0
11 40
11 14
11 27
11 18
11 19
11 24
11 22
11 6
11 20
11 44
11 13
11 47
11 31
11 25
11 32
11 33
11 30
11 3
11 26
11 41
11 43
11 10
21
12 43
12 22
12 3
12 32
12 25
12 4
12 42
12 35
12 1
12 44
12 40
12 19
12 49
12 24
12 29
12 9
12 16
12 13
12 27
12 41
12 8
16
13 47
13 35
13 31
13 34
13 14
13 48
13 16
13 22
13 33
13 25
13 19
13 42
13 9
13 44
13 41
13 15
14
14 31
14 47
14 35
14 24
14 6
14 10
14 3
14 43
14 8
14 29
14 33
14 44
14 15
14 16
18
15 35
15 36
15 45
15 43
15 6
15 12
15 41
15 18
15 25
15 38
15 40
15 20
15 49
15 28
15 7
15 5
15 22
15 3
21
16 32
16 34
16 11
16 30
16 19
16 7
16 25
16 22
16 41
16 44
16 23
16 0
16 46
16 1
16 39
16 31
16 28
16 5
16 33
16 43
16 18
22
17 25
17 21
17 9
17 44
17 35
17 13
17 5
17 28
17 43
17 23
17 18
17 29
17 32
17 30
17 3
17 12
17 7
17 39
17 22
17 16
17 15
17 31
20
18 32
18 10
18 42
18 13
18 47
18 45
18 38
18 49
18 0
18 5
18 30
18 6
18 21
18 3
18 40
18 29
18 24
18 8
18 14
18 41
17
19 32
19 34
19 2
19 7
19 9
19 23
19 18
19 15
19 3
19 24
19 25
19 43
19 17
19 5
19 41
19 6
19 48
19
20 28
20 17
20 19
20 41
20 12
20 43
20 48
20 16
20 32
20 5
20 37
20 8
20 35
20 31
20 18
20 49
20 44
20 36
20 14
23
21 33
21 7
21 23
21 11
21 4
21 8
21 13
21 47
21 44
21 27
21 37
21 45
21 34
21 39
21 38
21 9
21 5
21 14
21 25
21 26
21 15
21 32
21 16
16
22 47
22 42
22 31
22 27
22 35
22 36
22 32
22 18
22 19
22 9
22 2
22 5
22 14
22 0
22 21
22 45
19
23 42
23 15
23 25
23 10
23 37
23 6
23 2
23 7
23 20
23 27
23 11
23 35
23 13
23 31
23 45
23 39
23 22
23 40
23 5
18
24 45
24 7
24 47
24 22
24 35
24 43
24 25
24 23
24 48
24 16
24 32
24 34
24 37
24 1
24 49
24 20
24 29
24 17
16
25 18
25 20
25 28
25 5
25 41
25 35
25 4
25 0
25 32
25 26
25 22
25 10
25 43
25 14
25 49
25 37
19
26 30
26 23
26 43
26 7
26 22
26 14
26 13
26 16
26 29
26 12
26 3
26 24
26 31
26 17
26 1
26 48
26 5
26 44
26 19
18
27 38
27 14
27 13
27 26
27 17
27 16
27 47
27 18
27 4
27 46
27 15
27 30
27 34
27 2
27 43
27 48
27 40
27 20
21
28 43
28 48
28 36
28 19
28 32
28 24
28 30
28 12
28 11
28 33
28 13
28 39
28 29
28 22
28 2
28 27
28 18
28 3
28 10
28 1
28 31
20
29 42
29 9
29 19
29 33
29 37
29 38
29 49
29 45
29 41
29 20
29 21
29 43
29 23
29 25
29 16
29 46
29 31
29 35
29 15
29 11
22
30 43
30 41
30 49
30 32
30 47
30 42
30 35
30 31
30 13
30 9
30 5
30 33
30 29
30 38
30 34
30 44
30 23
30 12
30 7
30 24
30 15
30 22
18
31 24
31 48
31 0
31 12
31 2
31 19
31 18
31 9
31 25
31 41
31 42
31 4
31 1
31 46
31 8
31 15
31 47
31 27
17
32 10
32 23
32 15
32 13
32 45
32 27
32 33
32 35
32 31
32 43
32 38
32 47
32 14
32 0
32 40
32 5
32 44
24
33 31
33 27
33 12
33 39
33 40
33 48
33 25
33 24
33 17
33 5
33 8
33 26
33 15
33 45
33 42
33 22
33 23
33 9
33 20
33 1
33 19
33 4
33 37
33 35
19
34 4
34 26
34 28
34 9
34 5
34 6
34 36
34 38
34 33
34 31
34 14
34 12
34 11
34 20
34 46
34 35
34 39
34 49
34 32
13
35 9
35 2
35 45
35 38
35 3
35 19
35 16
35 6
35 18
35 27
35 21
35 44
35 26
22
36 49
36 47
36 16
36 41
36 24
36 5
36 13
36 31
36 33
36 11
36 27
36 32
36 42
36 21
36 48
36 23
36 17
36 25
36 14
36 7
36 43
36 29
24
37 6
37 42
37 1
37 36
37 2
37 35
37 14
37 48
37 17
37 0
37 4
37 44
37 7
37 30
37 46
37 40
37 34
37 39
37 18
37 38
37 19
37 15
37 45
37 22
22
38 20
38 28
38 33
38 1
38 40
38 7
38 16
38 14
38 3
38 0
38 13
38 12
38 42
38 19
38 26
38 24
38 17
38 36
38 41
38 46
38 31
38 49
16
39 9
39 19
39 10
39 24
39 47
39 20
39 12
39 22
39 38
39 18
39 14
39 13
39 15
39 11
39 46
39 30
20
40 3
40 20
40 7
40 9
40 16
40 10
40 48
40 43
40 45
40 30
40 13
40 21
40 19
40 31
40 41
40 28
40 24
40 34
40 39
40 46
16
41 33
41 34
41 27
41 49
41 24
41 17
41 14
41 3
41 26
41 8
41 10
41 42
41 6
41 23
41 39
41 47
17
42 6
42 16
42 17
42 27
42 49
42 2
42 35
42 45
42 1
42 11
42 4
42 26
42 21
42 32
42 8
42 34
42 24
10
43 22
43 33
43 31
43 10
43 44
43 8
43 7
43 0
43 39
43 34
19
44 33
44 25
44 34
44 9
44 46
44 31
44 45
44 3
44 15
44 36
44 28
44 29
44 49
44 6
44 22
44 39
44 38
44 48
44 2
24
45 28
45 34
45 38
45 47
45 27
45 7
45 12
45 1
45 0
45 3
45 2
45 49
45 14
45 48
45 20
45 9
45 41
45 8
45 17
45 30
45 16
45 11
45 36
45 4
21
46 1
46 47
46 26
46 41
46 20
46 21
46 8
46 43
46 7
46 33
46 32
46 3
46 12
46 36
46 24
46 19
46 23
46 9
46 35
46 28
46 22
19
47 29
47 10
47 26
47 5
47 17
47 2
47 42
47 12
47 34
47 28
47 33
47 43
47 4
47 15
47 9
47 23
47 16
47 19
47 37
20
48 21
48 17
48 15
48 10
48 0
48 39
48 32
48 14
48 4
48 2
48 38
48 35
48 41
48 9
48 12
48 46
48 18
48 11
48 47
48 5
20
49 19
49 1
49 40
49 26
49 13
49 7
49 48
49 39
49 33
49 16
49 23
49 9
49 37
49 17
49 27
49 43
49 35
49 6
49 32
49 11
