50
0 "A28"
1 "A8"
2 "A13"
3 "A15"
4 "A17"
5 "A46"
6 "A1"
7 "A18"
8 "A25"
9 "A7"
10 "A39"
11 "A36"
12 "A21"
13 "A30"
14 "A38"
15 "A0"
16 "A47"
17 "A19"
18 "A26"
19 "A41"
20 "A24"
21 "A31"
22 "A43"
23 "A32"
24 "A11"
25 "A34"
26 "A42"
27 "A45"
28 "A5"
29 "A35"
30 "A27"
31 "A4"
32 "A23"
33 "A48"
34 "A49"
35 "A12"
36 "A40"
37 "A2"
38 "A29"
39 "A37"
40 "A44"
41 "A20"
42 "A33"
43 "A22"
44 "A10"
45 "A16"
46 "A9"
47 "A14"
48 "A3"
49 "A6"
18
0 15
0 13
0 41
0 38
0 21
0 25
0 49
0 30
0 22
0 39
0 48
0 4
0 31
0 6
0 17
0 20
0 32
0 28
23
1 34
1 36
1 18
1 24
1 9
1 12
1 8
1 35
1 30
1 15
1 5
1 23
1 4
1 45
1 33
1 27
1 0
1 44
1 20
1 38
1 42
1 19
1 46
11
2 36
2 31
2 18
2 6
2 9
2 7
2 14
2 44
2 42
2 1
2 32
26
3 24
3 20
3 6
3 27
3 2
3 33
3 29
3 13
3 36
3 4
3 7
3 47
3 45
3 12
3 31
3 48
3 8
3 25
3 39
3 21
3 14
3 10
3 41
3 44
3 49
3 26
25
4 22
4 17
4 2
4 8
4 15
4 33
4 28
4 36
4 42
4 48
4 49
4 18
4 21
4 24
4 32
4 5
4 39
4 46
4 45
4 25
4 23
4 43
4 26
4 16
4 20
17
5 9
5 25
5 3
5 48
5 28
5 44
5 2
5 18
5 49
5 46
5 0
5 19
5 8
5 7
5 12
5 47
5 31
14
6 13
6 25
6 26
6 24
6 23
6 27
6 48
6 39
6 22
6 42
6 38
6 14
6 4
6 41
17
7 4
7 8
7 42
7 40
7 22
7 28
7 48
7 47
7 43
7 27
7 31
7 15
7 18
7 0
7 1
7 29
7 11
18
8 24
8 35
8 16
8 13
8 2
8 28
8 38
8 18
8 20
8 40
8 22
8 47
8 41
8 11
8 17
8 44
8 15
8 0
21
9 47
9 37
9 31
9 17
9 49
9 24
9 3
9 6
9 18
9 34
9 28
9 48
9 38
9 0
9 22
9 41
9 14
9 4
9 25
9 19
9 10
18
10 2
10 40
10 20
10 8
10 45
10 21
10 25
10 5
10 37
10 26
10 6
10 15
10 13
10 4
10 29
10 35
10 39
10 22
19
11 25
11 40
11 31
11 19
11 44
11 37
11 43
11 5
11 10
11 30
11 20
11 0
11 17
11 27
11 35
11 22
11 6
11 3
11 4
17
12 4
12 11
12 18
12 40
12 2
12 23
12 21
12 41
12 46
12 8
12 9
12 33
12 38
12 36
12 49
12 0
12 44
21
13 41
13 19
13 4
13 23
13 26
13 24
13 29
13 39
13 35
13 48
13 1
13 33
13 47
13 5
13 40
13 7
13 21
13 43
13 9
13 12
13 34
17
14 34
14 42
14 7
14 8
14 37
14 18
14 10
14 5
14 20
14 25
14 1
14 17
14 23
14 40
14 21
14 0
14 29
24
15 35
15 45
15 18
15 41
15 28
15 5
15 20
15 2
15 31
15 29
15 25
15 13
15 44
15 21
15 47
15 40
15 39
15 14
15 46
15 33
15 42
15 24
15 9
15 12
20
16 24
16 0
16 3
16 19
16 25
16 35
16 10
16 39
16 20
16 32
16 26
16 22
16 15
16 7
16 37
16 23
16 49
16 6
16 1
16 13
21
17 27
17 45
17 13
17 29
17 42
17 44
17 5
17 15
17 19
17 28
17 3
17 46
17 10
17 35
17 40
17 16
17 1
17 39
17 12
17 2
17 24
17
18 29
18 45
18 26
18 20
18 40
18 10
18 16
18 3
18 6
18 49
18 39
18 0
18 31
18 32
18 36
18 38
18 28
21
19 12
19 2
19 43
19 4
19 37
19 32
19 46
19 15
19 38
19 21
19 20
19 8
19 10
19 39
19 31
19 42
19 3
19 49
19 18
19 27
19 7
19
20 34
20 36
20 44
20 48
20 13
20 2
20 26
20 35
20 21
20 32
20 17
20 31
20 7
20 42
20 28
20 12
20 9
20 49
20 41
24
21 31
21 35
21 38
21 33
21 37
21 2
21 7
21 40
21 42
21 6
21 18
21 30
21 39
21 17
21 5
21 16
21 29
21 11
21 44
21 47
21 32
21 8
21 41
21 9
23
22 19
22 49
22 45
22 1
22 48
22 2
22 3
22 5
22 21
22 43
22 17
22 44
22 23
22 30
22 31
22 24
22 18
22 15
22 25
22 20
22 38
22 40
22 27
22
23 40
23 18
23 17
23 25
23 35
23 11
23 20
23 28
23 21
23 48
23 49
23 26
23 3
23 9
23 46
23 31
23 10
23 0
23 24
23 45
23 8
23 15
23
24 38
24 49
24 25
24 48
24 12
24 0
24 7
24 2
24 14
24 5
24 31
24 18
24 29
24 41
24 35
24 10
24 20
24 37
24 21
24 11
24 43
24 19
24 47
19
25 49
25 40
25 32
25 43
25 47
25 37
25 20
25 12
25 44
25 45
25 38
25 7
25 39
25 35
25 48
25 21
25 19
25 1
25 26
21
26 11
26 42
26 9
26 8
26 17
26 35
26 34
26 27
26 19
26 30
26 14
26 24
26 39
26 22
26 1
26 0
26 5
26 7
26 36
26 15
26 21
21
27 18
27 36
27 23
27 46
27 20
27 40
27 42
27 31
27 14
27 34
27 5
27 45
27 47
27 28
27 8
27 16
27 12
27 9
27 10
27 49
27 21
17
28 16
28 44
28 40
28 33
28 3
28 34
28 35
28 13
28 32
28 11
28 38
28 10
28 21
28 22
28 41
28 48
28 25
20
29 27
29 26
29 39
29 40
29 34
29 19
29 42
29 20
29 31
29 5
29 11
29 35
29 45
29 22
29 44
29 28
29 12
29 16
29 46
29 30
20
30 42
30 16
30 20
30 5
30 4
30 38
30 40
30 7
30 9
30 23
30 49
30 27
30 10
30 33
30 2
30 28
30 47
30 24
30 36
30 15
20
31 1
31 16
31 35
31 49
31 38
31 40
31 32
31 4
31 47
31 28
31 8
31 41
31 12
31 25
31 44
31 36
31 46
31 26
31 42
31 14
24
32 29
32 9
32 15
32 48
32 14
32 45
32 17
32 47
32 26
32 5
32 13
32 35
32 10
32 30
32 11
32 33
32 8
32 40
32 43
32 23
32 38
32 24
32 49
32 44
23
33 7
33 39
33 9
33 38
33 22
33 16
33 5
33 10
33 26
33 2
33 20
33 11
33 43
33 37
33 29
33 6
33 27
33 36
33 46
33 25
33 0
33 24
33 44
23
34 49
34 4
34 25
34 45
34 12
34 10
34 11
34 35
34 37
34 16
34 41
34 24
34 5
34 30
34 18
34 0
34 17
34 15
34 22
34 19
34 36
34 39
34 38
16
35 14
35 30
35 0
35 19
35 43
35 22
35 41
35 7
35 5
35 18
35 39
35 12
35 9
35 6
35 2
35 47
23
36 9
36 49
36 16
36 6
36 15
36 35
36 40
36 7
36 19
36 32
36 14
36 23
36 0
36 38
36 17
36 43
36 24
36 22
36 28
36 25
36 37
36 21
36 29
26
37 27
37 39
37 35
37 18
37 7
37 42
37 23
37 45
37 8
37 46
37 41
37 4
37 48
37 26
37 15
37 2
37 49
37 20
37 5
37 13
37 17
37 1
37 31
37 40
37 0
37 28
15
38 3
38 4
38 47
38 41
38 17
38 14
38 2
38 13
38 7
38 5
38 26
38 48
38 11
38 37
38 10
17
39 7
39 24
39 14
39 1
39 9
39 5
39 8
39 41
39 11
39 27
39 23
39 30
39 12
39 47
39 31
39 48
39 20
15
40 1
40 16
40 26
40 47
40 38
40 49
40 5
40 39
40 35
40 34
40 42
40 0
40 19
40 46
40 33
13
41 4
41 47
41 26
41 1
41 36
41 49
41 44
41 18
41 25
41 29
41 17
41 48
41 30
17
42 10
42 38
42 43
42 16
42 47
42 9
42 46
42 36
42 18
42 34
42 28
42 0
42 24
42 12
42 33
42 13
42 32
23
43 47
43 49
43 15
43 18
43 39
43 3
43 31
43 28
43 9
43 20
43 41
43 12
43 5
43 6
43 0
43 37
43 40
43 27
43 44
43 2
43 30
43 26
43 17
19
44 36
44 30
44 6
44 35
44 49
44 19
44 16
44 24
44 10
44 45
44 23
44 46
44 42
44 27
44 37
44 26
44 18
44 14
44 7
21
45 49
45 33
45 7
45 48
45 40
45 8
45 5
45 2
45 28
45 11
45 24
45 16
45 43
45 47
45 26
45 36
45 20
45 41
45 30
45 35
45 0
18
46 20
46 32
46 21
46 28
46 22
46 9
46 30
46 25
46 2
46 8
46 0
46 38
46 6
46 35
46 14
46 11
46 10
46 41
18
47 1
47 49
47 44
47 37
47 11
47 48
47 6
47 10
47 46
47 16
47 29
47 34
47 36
47 20
47 4
47 26
47 28
47 0
19
48 17
48 2
48 8
48 19
48 1
48 30
48 36
48 46
48 31
48 18
48 26
48 43
48 10
48 34
48 49
48 33
48 42
48 21
48 27
16
49 15
49 33
49 13
49 1
49 42
49 38
49 21
49 10
49 8
49 28
49 14
49 11
49 2
49 26
49 35
49 6
