50
0 "A28"
1 "A8"
2 "A13"
3 "A15"
4 "A17"
5 "A46"
6 "A1"
7 "A18"
8 "A25"
9 "A7"
10 "A39"
11 "A36"
12 "A21"
13 "A30"
14 "A38"
15 "A0"
16 "A47"
17 "A19"
18 "A26"
19 "A41"
20 "A24"
21 "A31"
22 "A43"
23 "A32"
24 "A11"
25 "A34"
26 "A42"
27 "A45"
28 "A5"
29 "A35"
30 "A27"
31 "A4"
32 "A23"
33 "A48"
34 "A49"
35 "A12"
36 "A40"
37 "A2"
38 "A29"
39 "A37"
40 "A44"
41 "A20"
42 "A33"
43 "A22"
44 "A10"
45 "A16"
46 "A9"
47 "A14"
48 "A3"
49 "A6"
23
0 9
0 30
0 15
0 27
0 38
0 7
0 10
0 29
0 8
0 31
0 45
0 39
0 11
0 4
0 42
0 21
0 12
0 22
0 24
0 6
0 36
0 35
0 1
19
1 37
1 15
1 44
1 16
1 46
1 33
1 9
1 41
1 24
1 27
1 20
1 45
1 32
1 43
1 3
1 5
1 4
1 17
1 18
22
2 5
2 23
2 28
2 33
2 42
2 31
2 41
2 3
2 11
2 34
2 1
2 24
2 38
2 18
2 4
2 45
2 44
2 9
2 30
2 40
2 32
2 14
16
3 10
3 49
3 28
3 41
3 12
3 7
3 20
3 9
3 32
3 21
3 0
3 16
3 37
3 6
3 4
3 40
20
4 41
4 10
4 6
4 37
4 42
4 16
4 29
4 23
4 38
4 24
4 45
4 33
4 40
4 48
4 17
4 30
4 47
4 21
4 32
4 13
17
5 4
5 10
5 42
5 20
5 6
5 14
5 30
5 31
5 39
5 33
5 9
5 41
5 44
5 28
5 3
5 12
5 8
27
6 33
6 30
6 48
6 9
6 19
6 28
6 42
6 46
6 2
6 12
6 40
6 31
6 49
6 20
6 15
6 35
6 32
6 23
6 45
6 37
6 21
6 10
6 27
6 47
6 44
6 43
6 41
14
7 8
7 6
7 2
7 36
7 48
7 18
7 31
7 13
7 25
7 4
7 35
7 24
7 38
7 1
23
8 38
8 23
8 39
8 20
8 46
8 26
8 19
8 47
8 24
8 34
8 9
8 49
8 13
8 14
8 6
8 11
8 16
8 21
8 2
8 17
8 32
8 12
8 44
17
9 32
9 48
9 35
9 17
9 22
9 4
9 13
9 26
9 36
9 39
9 11
9 49
9 40
9 33
9 7
9 29
9 31
19
10 40
10 9
10 33
10 20
10 32
10 17
10 22
10 49
10 44
10 39
10 27
10 12
10 37
10 47
10 48
10 14
10 24
10 26
10 21
17
11 12
11 30
11 6
11 35
11 42
11 28
11 46
11 26
11 22
11 16
11 3
11 1
11 18
11 41
11 4
11 17
11 43
17
12 22
12 40
12 2
12 33
12 14
12 21
12 1
12 9
12 30
12 17
12 27
12 26
12 13
12 49
12 28
12 47
12 36
19
13 19
13 15
13 16
13 48
13 46
13 6
13 39
13 33
13 20
13 0
13 42
13 31
13 45
13 27
13 5
13 44
13 14
13 11
13 28
18
14 41
14 6
14 11
14 9
14 1
14 26
14 3
14 42
14 39
14 19
14 4
14 20
14 37
14 23
14 25
14 7
14 34
14 46
24
15 5
15 20
15 38
15 23
15 12
15 11
15 7
15 46
15 27
15 39
15 2
15 35
15 47
15 18
15 36
15 21
15 17
15 48
15 10
15 8
15 9
15 33
15 26
15 42
22
16 37
16 15
16 43
16 33
16 31
16 12
16 45
16 2
16 44
16 48
16 0
16 41
16 20
16 7
16 19
16 14
16 6
16 18
16 39
16 24
16 10
16 27
19
17 5
17 33
17 24
17 35
17 2
17 28
17 26
17 18
17 43
17 42
17 6
17 23
17 14
17 13
17 34
17 40
17 41
17 7
17 16
20
18 20
18 33
18 13
18 41
18 10
18 36
18 0
18 49
18 40
18 9
18 5
18 6
18 43
18 12
18 8
18 30
18 27
18 4
18 21
18 42
25
19 25
19 5
19 32
19 23
19 0
19 41
19 4
19 27
19 36
19 9
19 34
19 30
19 3
19 12
19 33
19 28
19 18
19 46
19 11
19 47
19 7
19 1
19 15
19 10
19 2
18
20 46
20 22
20 2
20 45
20 4
20 43
20 25
20 48
20 23
20 32
20 34
20 44
20 17
20 31
20 33
20 42
20 28
20 24
15
21 33
21 47
21 23
21 1
21 41
21 7
21 45
21 16
21 32
21 11
21 22
21 40
21 20
21 17
21 30
24
22 39
22 23
22 46
22 42
22 19
22 32
22 27
22 24
22 16
22 37
22 5
22 49
22 41
22 36
22 14
22 13
22 6
22 18
22 4
22 38
22 2
22 17
22 40
22 1
13
23 29
23 7
23 40
23 3
23 47
23 13
23 11
23 24
23 45
23 25
23 33
23 26
23 0
19
24 30
24 13
24 49
24 15
24 46
24 41
24 9
24 32
24 21
24 26
24 39
24 43
24 5
24 38
24 6
24 11
24 14
24 3
24 12
23
25 36
25 18
25 4
25 11
25 35
25 21
25 22
25 46
25 41
25 33
25 1
25 32
25 9
25 27
25 16
25 12
25 39
25 30
25 48
25 13
25 15
25 10
25 42
21
26 38
26 20
26 18
26 19
26 4
26 0
26 44
26 21
26 39
26 22
26 49
26 25
26 35
26 3
26 13
26 40
26 31
26 6
26 28
26 33
26 2
21
27 8
27 46
27 41
27 3
27 21
27 36
27 14
27 47
27 39
27 42
27 31
27 7
27 45
27 11
27 26
27 9
27 44
27 37
27 17
27 40
27 20
19
28 1
28 34
28 8
28 14
28 23
28 30
28 41
28 4
28 25
28 44
28 33
28 15
28 31
28 29
28 18
28 21
28 9
28 49
28 10
24
29 22
29 10
29 3
29 12
29 41
29 27
29 31
29 46
29 16
29 17
29 20
29 25
29 33
29 38
29 34
29 15
29 45
29 13
29 2
29 24
29 42
29 5
29 32
29 43
18
30 22
30 3
30 1
30 47
30 36
30 45
30 38
30 37
30 14
30 8
30 39
30 35
30 13
30 27
30 29
30 10
30 26
30 23
18
31 25
31 37
31 38
31 12
31 33
31 44
31 21
31 43
31 15
31 41
31 39
31 35
31 11
31 23
31 36
31 18
31 30
31 40
17
32 44
32 18
32 31
32 42
32 23
32 7
32 46
32 33
32 30
32 17
32 49
32 43
32 13
32 48
32 28
32 38
32 0
12
33 24
33 44
33 37
33 3
33 8
33 47
33 42
33 41
33 7
33 38
33 30
33 0
24
34 42
34 37
34 7
34 9
34 22
34 15
34 10
34 13
34 45
34 12
34 5
34 32
34 24
34 27
34 26
34 25
34 23
34 39
34 38
34 1
34 43
34 18
34 31
34 3
20
35 21
35 47
35 22
35 13
35 12
35 14
35 34
35 3
35 45
35 38
35 10
35 4
35 16
35 2
35 5
35 27
35 20
35 18
35 19
35 1
26
36 13
36 21
36 49
36 14
36 34
36 44
36 3
36 16
36 24
36 45
36 6
36 28
36 38
36 17
36 29
36 41
36 5
36 2
36 40
36 20
36 42
36 32
36 37
36 35
36 47
36 33
23
37 20
37 28
37 9
37 39
37 41
37 12
37 26
37 5
37 17
37 23
37 7
37 35
37 11
37 42
37 46
37 15
37 47
37 32
37 21
37 25
37 2
37 19
37 8
21
38 11
38 37
38 20
38 40
38 16
38 1
38 39
38 19
38 42
38 12
38 43
38 10
38 47
38 5
38 17
38 44
38 9
38 3
38 41
38 23
38 21
14
39 19
39 18
39 33
39 6
39 1
39 2
39 23
39 44
39 28
39 20
39 35
39 41
39 29
39 43
19
40 34
40 37
40 29
40 19
40 33
40 20
40 41
40 24
40 47
40 8
40 16
40 39
40 11
40 35
40 25
40 7
40 44
40 32
40 28
11
41 34
41 10
41 12
41 45
41 46
41 7
41 35
41 15
41 44
41 8
41 47
14
42 30
42 47
42 45
42 8
42 41
42 26
42 28
42 44
42 9
42 12
42 39
42 1
42 23
42 3
23
43 9
43 35
43 15
43 45
43 8
43 23
43 30
43 28
43 13
43 21
43 27
43 33
43 19
43 36
43 12
43 3
43 4
43 5
43 47
43 42
43 41
43 25
43 22
13
44 19
44 43
44 11
44 22
44 37
44 7
44 15
44 35
44 25
44 3
44 24
44 9
44 12
27
45 9
45 26
45 32
45 28
45 47
45 18
45 17
45 11
45 8
45 14
45 12
45 7
45 38
45 25
45 49
45 3
45 22
45 44
45 37
45 33
45 48
45 10
45 19
45 24
45 39
45 40
45 31
24
46 31
46 17
46 30
46 12
46 9
46 42
46 49
46 26
46 4
46 23
46 48
46 7
46 45
46 28
46 36
46 47
46 16
46 5
46 2
46 10
46 3
46 44
46 40
46 35
12
47 39
47 3
47 44
47 17
47 5
47 24
47 13
47 9
47 7
47 28
47 14
47 2
25
48 18
48 26
48 12
48 24
48 21
48 8
48 29
48 5
48 0
48 2
48 49
48 27
48 34
48 38
48 43
48 19
48 1
48 14
48 17
48 33
48 30
48 44
48 39
48 28
48 3
24
49 16
49 20
49 13
49 43
49 25
49 5
49 15
49 23
49 31
49 7
49 35
49 27
49 44
49 19
49 21
49 37
49 40
49 41
49 14
49 33
49 0
49 47
49 17
49 34
