50
0 "A0"
1 "A12"
2 "A49"
3 "A46"
4 "A41"
5 "A16"
6 "A8"
7 "A25"
8 "A17"
9 "A39"
10 "A31"
11 "A33"
12 "A23"
13 "A36"
14 "A4"
15 "A24"
16 "A10"
17 "A11"
18 "A38"
19 "A30"
20 "A15"
21 "A27"
22 "A40"
23 "A18"
24 "A2"
25 "A47"
26 "A13"
27 "A43"
28 "A28"
29 "A5"
30 "A35"
31 "A48"
32 "A37"
33 "A9"
34 "A20"
35 "A42"
36 "A29"
37 "A6"
38 "A7"
39 "A14"
40 "A34"
41 "A45"
42 "A3"
43 "A1"
44 "A32"
45 "A44"
46 "A19"
47 "A22"
48 "A26"
49 "A21"
25
0 31
0 17
0 13
0 10
0 5
0 18
0 43
0 37
0 38
0 35
0 19
0 48
0 16
0 25
0 33
0 12
0 34
0 42
0 21
0 20
0 46
0 27
0 30
0 2
0 47
22
1 20
1 44
1 25
1 11
1 33
1 5
1 48
1 8
1 17
1 40
1 13
1 12
1 10
1 28
1 16
1 29
1 45
1 31
1 32
1 15
1 34
1 41
19
2 8
2 34
2 17
2 27
2 23
2 36
2 38
2 20
2 33
2 35
2 48
2 9
2 29
2 41
2 26
2 47
2 28
2 46
2 39
21
3 15
3 46
3 32
3 34
3 8
3 12
3 31
3 13
3 44
3 21
3 0
3 48
3 27
3 6
3 10
3 30
3 26
3 11
3 2
3 9
3 25
19
4 40
4 29
4 25
4 35
4 17
4 2
4 42
4 14
4 1
4 39
4 36
4 48
4 15
4 37
4 27
4 11
4 0
4 38
4 16
17
5 8
5 33
5 32
5 2
5 11
5 9
5 3
5 14
5 24
5 25
5 40
5 19
5 29
5 49
5 31
5 16
5 6
13
6 32
6 17
6 48
6 36
6 45
6 4
6 23
6 9
6 29
6 49
6 2
6 8
6 34
19
7 20
7 13
7 33
7 3
7 14
7 44
7 11
7 10
7 38
7 9
7 32
7 45
7 4
7 16
7 30
7 27
7 0
7 24
7 39
13
8 37
8 34
8 49
8 44
8 29
8 43
8 10
8 41
8 31
8 28
8 21
8 47
8 16
16
9 13
9 28
9 17
9 33
9 18
9 31
9 23
9 8
9 30
9 47
9 21
9 16
9 10
9 1
9 44
9 43
19
10 35
10 30
10 15
10 34
10 44
10 48
10 31
10 4
10 6
10 23
10 17
10 41
10 39
10 21
10 40
10 42
10 25
10 5
10 19
19
11 41
11 22
11 2
11 42
11 45
11 6
11 9
11 27
11 26
11 30
11 10
11 40
11 8
11 18
11 32
11 0
11 19
11 28
11 20
22
12 6
12 43
12 19
12 32
12 15
12 47
12 40
12 7
12 24
12 5
12 29
12 8
12 33
12 39
12 41
12 9
12 2
12 10
12 22
12 4
12 11
12 20
16
13 33
13 38
13 23
13 20
13 28
13 41
13 11
13 2
13 46
13 16
13 18
13 42
13 21
13 26
13 47
13 4
18
14 41
14 34
14 6
14 39
14 36
14 33
14 20
14 3
14 9
14 15
14 44
14 48
14 42
14 10
14 11
14 2
14 40
14 13
21
15 11
15 23
15 9
15 13
15 49
15 33
15 29
15 40
15 0
15 22
15 39
15 30
15 47
15 7
15 6
15 38
15 20
15 28
15 34
15 2
15 48
19
16 15
16 10
16 42
16 38
16 21
16 2
16 14
16 41
16 27
16 37
16 20
16 17
16 23
16 30
16 45
16 35
16 6
16 22
16 43
19
17 35
17 8
17 42
17 30
17 28
17 19
17 14
17 44
17 23
17 7
17 31
17 12
17 43
17 37
17 40
17 36
17 41
17 32
17 38
27
18 17
18 40
18 5
18 37
18 10
18 26
18 24
18 7
18 21
18 47
18 30
18 15
18 22
18 3
18 43
18 12
18 25
18 31
18 29
18 4
18 38
18 19
18 6
18 34
18 44
18 20
18 28
19
19 37
19 8
19 26
19 2
19 14
19 35
19 43
19 3
19 6
19 33
19 29
19 16
19 4
19 47
19 28
19 38
19 21
19 22
19 45
20
20 19
20 28
20 3
20 38
20 46
20 17
20 9
20 4
20 32
20 47
20 35
20 8
20 29
20 41
20 36
20 33
20 40
20 5
20 44
20 31
25
21 23
21 40
21 2
21 41
21 43
21 31
21 5
21 22
21 4
21 25
21 20
21 24
21 1
21 49
21 11
21 42
21 35
21 45
21 26
21 7
21 44
21 14
21 17
21 6
21 12
18
22 33
22 5
22 34
22 6
22 26
22 13
22 20
22 17
22 27
22 36
22 2
22 31
22 32
22 0
22 24
22 8
22 3
22 25
22
23 28
23 29
23 49
23 12
23 35
23 4
23 32
23 36
23 47
23 22
23 18
23 3
23 31
23 27
23 8
23 39
23 43
23 5
23 1
23 14
23 11
23 30
20
24 43
24 32
24 14
24 20
24 0
24 2
24 15
24 17
24 23
24 8
24 3
24 4
24 42
24 33
24 39
24 10
24 16
24 13
24 1
24 11
20
25 27
25 15
25 44
25 8
25 45
25 39
25 48
25 12
25 35
25 11
25 14
25 30
25 7
25 9
25 17
25 19
25 6
25 20
25 49
25 42
18
26 16
26 24
26 14
26 40
26 47
26 31
26 4
26 12
26 7
26 5
26 9
26 38
26 45
26 8
26 41
26 17
26 23
26 15
17
27 34
27 30
27 28
27 8
27 35
27 15
27 12
27 41
27 13
27 24
27 18
27 17
27 44
27 14
27 6
27 10
27 5
14
28 33
28 39
28 7
28 12
28 24
28 10
28 46
28 37
28 5
28 26
28 49
28 21
28 40
28 22
21
29 32
29 13
29 7
29 0
29 24
29 31
29 21
29 9
29 35
29 33
29 46
29 49
29 47
29 10
29 25
29 26
29 3
29 14
29 48
29 11
29 39
18
30 34
30 44
30 20
30 33
30 29
30 2
30 5
30 48
30 1
30 24
30 14
30 41
30 38
30 32
30 46
30 6
30 8
30 28
16
31 2
31 15
31 30
31 19
31 7
31 12
31 39
31 11
31 41
31 27
31 40
31 36
31 44
31 43
31 25
31 47
16
32 33
32 26
32 34
32 18
32 19
32 47
32 2
32 10
32 0
32 42
32 31
32 13
32 28
32 27
32 14
32 43
17
33 3
33 41
33 37
33 42
33 36
33 31
33 34
33 11
33 10
33 18
33 49
33 21
33 25
33 39
33 40
33 27
33 44
21
34 26
34 38
34 4
34 24
34 49
34 11
34 41
34 43
34 31
34 13
34 7
34 42
34 5
34 40
34 25
34 28
34 19
34 21
34 23
34 17
34 16
23
35 12
35 47
35 49
35 13
35 3
35 43
35 31
35 6
35 5
35 15
35 41
35 33
35 1
35 34
35 26
35 39
35 9
35 8
35 46
35 45
35 7
35 22
35 14
25
36 1
36 8
36 24
36 12
36 48
36 10
36 47
36 32
36 45
36 27
36 28
36 13
36 5
36 18
36 43
36 9
36 11
36 21
36 46
36 29
36 34
36 26
36 30
36 0
36 49
17
37 21
37 23
37 12
37 29
37 9
37 31
37 27
37 36
37 35
37 34
37 49
37 6
37 2
37 41
37 32
37 44
37 13
21
38 23
38 29
38 33
38 49
38 22
38 27
38 12
38 1
38 8
38 31
38 47
38 39
38 36
38 10
38 48
38 37
38 6
38 46
38 21
38 44
38 9
22
39 8
39 30
39 26
39 43
39 9
39 41
39 22
39 1
39 6
39 5
39 16
39 40
39 11
39 45
39 20
39 46
39 3
39 34
39 49
39 17
39 27
39 19
20
40 16
40 42
40 45
40 22
40 2
40 24
40 9
40 0
40 30
40 25
40 32
40 13
40 37
40 41
40 46
40 38
40 7
40 6
40 8
40 3
14
41 38
41 0
41 4
41 43
41 7
41 15
41 5
41 32
41 23
41 45
41 3
41 24
41 28
41 9
25
42 26
42 20
42 22
42 37
42 23
42 41
42 28
42 3
42 7
42 9
42 36
42 38
42 6
42 2
42 27
42 39
42 31
42 8
42 30
42 18
42 19
42 48
42 29
42 1
42 49
18
43 42
43 44
43 28
43 30
43 6
43 40
43 25
43 37
43 11
43 48
43 26
43 15
43 10
43 33
43 7
43 38
43 20
43 29
15
44 2
44 34
44 41
44 4
44 12
44 0
44 5
44 19
44 6
44 45
44 40
44 39
44 35
44 22
44 23
24
45 47
45 5
45 24
45 3
45 22
45 33
45 9
45 20
45 17
45 30
45 43
45 4
45 27
45 42
45 37
45 28
45 34
45 0
45 31
45 15
45 14
45 32
45 38
45 10
27
46 1
46 31
46 17
46 25
46 16
46 21
46 12
46 19
46 18
46 7
46 44
46 23
46 27
46 22
46 5
46 45
46 42
46 8
46 37
46 4
46 11
46 33
46 15
46 32
46 41
46 43
46 6
22
47 6
47 40
47 24
47 37
47 34
47 3
47 5
47 7
47 16
47 28
47 41
47 33
47 4
47 21
47 14
47 48
47 25
47 49
47 44
47 11
47 17
47 46
21
48 13
48 31
48 21
48 8
48 9
48 11
48 40
48 46
48 32
48 5
48 39
48 12
48 22
48 35
48 23
48 18
48 45
48 41
48 44
48 7
48 28
20
49 32
49 44
49 46
49 3
49 7
49 45
49 10
49 4
49 30
49 24
49 1
49 11
49 14
49 20
49 2
49 0
49 48
49 27
49 22
49 9
