50
0 "A0"
1 "A12"
2 "A49"
3 "A46"
4 "A41"
5 "A16"
6 "A8"
7 "A25"
8 "A17"
9 "A39"
10 "A31"
11 "A33"
12 "A23"
13 "A36"
14 "A4"
15 "A24"
16 "A10"
17 "A11"
18 "A38"
19 "A30"
20 "A15"
21 "A27"
22 "A40"
23 "A18"
24 "A2"
25 "A47"
26 "A13"
27 "A43"
28 "A28"
29 "A5"
30 "A35"
31 "A48"
32 "A37"
33 "A9"
34 "A20"
35 "A42"
36 "A29"
37 "A6"
38 "A7"
39 "A14"
40 "A34"
41 "A45"
42 "A3"
43 "A1"
44 "A32"
45 "A44"
46 "A19"
47 "A22"
48 "A26"
49 "A21"
21
0 19
0 40
0 24
0 31
0 37
0 34
0 15
0 35
0 30
0 12
0 26
0 33
0 4
0 46
0 1
0 43
0 38
0 21
0 7
0 3
0 39
23
1 31
1 10
1 5
1 35
1 14
1 19
1 22
1 32
1 48
1 20
1 34
1 45
1 27
1 44
1 12
1 13
1 41
1 33
1 40
1 4
1 11
1 25
1 16
19
2 7
2 8
2 28
2 49
2 0
2 35
2 17
2 24
2 11
2 36
2 5
2 46
2 13
2 9
2 18
2 41
2 40
2 3
2 19
16
3 46
3 33
3 4
3 12
3 34
3 1
3 35
3 8
3 49
3 39
3 14
3 41
3 43
3 9
3 40
3 26
20
4 15
4 37
4 36
4 9
4 18
4 14
4 33
4 32
4 30
4 44
4 31
4 21
4 45
4 2
4 41
4 16
4 42
4 12
4 13
4 49
18
5 4
5 49
5 19
5 43
5 3
5 0
5 13
5 33
5 20
5 45
5 8
5 38
5 42
5 23
5 22
5 10
5 7
5 29
23
6 17
6 47
6 49
6 19
6 22
6 28
6 36
6 23
6 35
6 7
6 42
6 5
6 9
6 24
6 1
6 3
6 40
6 37
6 26
6 43
6 27
6 44
6 21
23
7 24
7 1
7 28
7 40
7 43
7 16
7 10
7 25
7 4
7 42
7 49
7 18
7 3
7 36
7 8
7 20
7 46
7 31
7 26
7 29
7 45
7 14
7 15
10
8 13
8 11
8 42
8 33
8 35
8 9
8 18
8 44
8 38
8 47
20
9 29
9 0
9 22
9 48
9 1
9 12
9 21
9 32
9 46
9 20
9 26
9 38
9 31
9 13
9 35
9 42
9 30
9 18
9 39
9 19
16
10 23
10 40
10 36
10 8
10 32
10 3
10 0
10 20
10 6
10 33
10 43
10 9
10 29
10 44
10 37
10 39
22
11 17
11 3
11 20
11 49
11 47
11 43
11 5
11 29
11 38
11 4
11 14
11 18
11 27
11 12
11 42
11 6
11 19
11 7
11 10
11 24
11 40
11 22
20
12 6
12 23
12 7
12 40
12 2
12 8
12 43
12 44
12 37
12 22
12 46
12 49
12 45
12 38
12 19
12 33
12 41
12 20
12 5
12 48
18
13 21
13 39
13 49
13 18
13 16
13 48
13 19
13 3
13 22
13 41
13 11
13 0
13 43
13 23
13 12
13 31
13 20
13 30
19
14 34
14 8
14 28
14 20
14 15
14 29
14 9
14 13
14 44
14 10
14 41
14 18
14 5
14 16
14 24
14 25
14 6
14 30
14 0
22
15 27
15 41
15 8
15 42
15 43
15 48
15 44
15 29
15 38
15 39
15 26
15 11
15 1
15 24
15 9
15 40
15 10
15 5
15 32
15 6
15 3
15 18
18
16 36
16 12
16 5
16 6
16 28
16 24
16 17
16 33
16 38
16 35
16 46
16 2
16 41
16 18
16 15
16 39
16 22
16 11
22
17 0
17 34
17 42
17 18
17 10
17 13
17 35
17 30
17 7
17 21
17 28
17 12
17 47
17 3
17 38
17 25
17 1
17 31
17 36
17 23
17 14
17 15
13
18 44
18 41
18 43
18 45
18 23
18 3
18 32
18 46
18 22
18 5
18 34
18 1
18 10
22
19 41
19 15
19 4
19 44
19 39
19 46
19 36
19 31
19 37
19 40
19 7
19 14
19 18
19 20
19 35
19 47
19 3
19 22
19 43
19 27
19 17
19 10
15
20 0
20 40
20 48
20 23
20 17
20 2
20 8
20 46
20 18
20 47
20 4
20 45
20 34
20 21
20 31
17
21 49
21 35
21 34
21 48
21 5
21 41
21 25
21 7
21 18
21 15
21 24
21 3
21 23
21 2
21 16
21 33
21 42
16
22 15
22 21
22 20
22 44
22 46
22 45
22 7
22 35
22 23
22 0
22 28
22 3
22 14
22 29
22 30
22 31
16
23 19
23 2
23 14
23 40
23 8
23 42
23 30
23 3
23 26
23 7
23 15
23 47
23 9
23 36
23 35
23 39
17
24 45
24 32
24 10
24 18
24 44
24 25
24 28
24 1
24 8
24 48
24 23
24 37
24 12
24 13
24 31
24 39
24 20
26
25 10
25 40
25 48
25 13
25 15
25 34
25 6
25 4
25 26
25 30
25 20
25 39
25 11
25 19
25 3
25 47
25 18
25 43
25 9
25 42
25 22
25 28
25 5
25 8
25 49
25 23
24
26 33
26 34
26 1
26 35
26 12
26 47
26 27
26 2
26 18
26 16
26 42
26 43
26 29
26 49
26 17
26 11
26 24
26 36
26 41
26 22
26 13
26 20
26 28
26 10
23
27 42
27 8
27 32
27 48
27 28
27 36
27 24
27 35
27 20
27 14
27 25
27 44
27 23
27 21
27 13
27 3
27 5
27 46
27 9
27 16
27 17
27 4
27 7
22
28 0
28 49
28 10
28 4
28 38
28 35
28 12
28 15
28 23
28 39
28 8
28 33
28 19
28 20
28 3
28 1
28 13
28 29
28 45
28 46
28 44
28 18
24
29 36
29 38
29 16
29 43
29 30
29 4
29 42
29 24
29 1
29 19
29 13
29 33
29 17
29 32
29 2
29 45
29 20
29 12
29 23
29 31
29 44
29 18
29 3
29 21
23
30 34
30 35
30 41
30 16
30 33
30 10
30 47
30 7
30 39
30 40
30 48
30 6
30 11
30 2
30 5
30 28
30 18
30 32
30 27
30 44
30 15
30 19
30 8
16
31 3
31 28
31 18
31 8
31 45
31 43
31 16
31 21
31 15
31 27
31 35
31 12
31 6
31 23
31 2
31 37
20
32 39
32 37
32 23
32 21
32 35
32 8
32 44
32 26
32 17
32 19
32 2
32 22
32 28
32 13
32 47
32 12
32 14
32 6
32 0
32 48
23
33 24
33 48
33 9
33 13
33 46
33 15
33 2
33 38
33 17
33 43
33 18
33 45
33 31
33 7
33 23
33 25
33 44
33 27
33 20
33 19
33 11
33 41
33 40
24
34 9
34 11
34 22
34 42
34 10
34 4
34 8
34 47
34 5
34 48
34 24
34 15
34 23
34 31
34 29
34 13
34 45
34 28
34 43
34 16
34 2
34 7
34 33
34 40
14
35 45
35 40
35 41
35 48
35 18
35 33
35 24
35 37
35 39
35 5
35 20
35 7
35 49
35 10
17
36 21
36 25
36 0
36 14
36 28
36 18
36 35
36 3
36 8
36 13
36 9
36 1
36 46
36 45
36 31
36 42
36 12
24
37 34
37 33
37 1
37 20
37 49
37 48
37 5
37 9
37 23
37 3
37 7
37 40
37 46
37 11
37 17
37 39
37 18
37 22
37 26
37 25
37 27
37 30
37 16
37 28
23
38 35
38 22
38 3
38 14
38 4
38 34
38 18
38 24
38 19
38 37
38 10
38 45
38 1
38 23
38 7
38 6
38 32
38 40
38 21
38 20
38 2
38 13
38 39
20
39 18
39 44
39 43
39 46
39 26
39 12
39 20
39 17
39 22
39 4
39 27
39 40
39 33
39 21
39 42
39 36
39 29
39 6
39 7
39 31
16
40 13
40 36
40 8
40 17
40 14
40 32
40 21
40 16
40 28
40 31
40 4
40 27
40 41
40 18
40 5
40 29
19
41 45
41 0
41 10
41 31
41 11
41 32
41 38
41 23
41 42
41 39
41 28
41 34
41 29
41 27
41 22
41 7
41 24
41 20
41 6
16
42 28
42 20
42 2
42 33
42 19
42 38
42 3
42 49
42 13
42 14
42 30
42 37
42 18
42 31
42 32
42 16
16
43 46
43 9
43 28
43 8
43 20
43 2
43 16
43 35
43 23
43 40
43 42
43 17
43 1
43 30
43 41
43 4
20
44 13
44 25
44 11
44 37
44 20
44 7
44 36
44 41
44 16
44 47
44 9
44 46
44 17
44 21
44 48
44 43
44 2
44 34
44 38
44 31
19
45 25
45 8
45 42
45 27
45 14
45 32
45 17
45 37
45 23
45 16
45 44
45 10
45 43
45 0
45 11
45 15
45 39
45 13
45 19
20
46 30
46 5
46 1
46 45
46 31
46 25
46 42
46 14
46 48
46 35
46 41
46 6
46 21
46 17
46 32
46 23
46 29
46 40
46 15
46 26
25
47 42
47 33
47 37
47 35
47 28
47 27
47 43
47 3
47 7
47 45
47 41
47 15
47 36
47 38
47 5
47 18
47 4
47 46
47 1
47 0
47 39
47 10
47 16
47 24
47 21
16
48 41
48 17
48 40
48 42
48 16
48 6
48 47
48 22
48 8
48 31
48 18
48 14
48 23
48 5
48 28
48 43
24
49 24
49 8
49 47
49 39
49 48
49 45
49 40
49 32
49 29
49 10
49 14
49 1
49 33
49 30
49 46
49 17
49 31
49 23
49 16
49 44
49 43
49 36
49 38
49 20
