50
0 "A0"
1 "A12"
2 "A49"
3 "A46"
4 "A41"
5 "A16"
6 "A8"
7 "A25"
8 "A17"
9 "A39"
10 "A31"
11 "A33"
12 "A23"
13 "A36"
14 "A4"
15 "A24"
16 "A10"
17 "A11"
18 "A38"
19 "A30"
20 "A15"
21 "A27"
22 "A40"
23 "A18"
24 "A2"
25 "A47"
26 "A13"
27 "A43"
28 "A28"
29 "A5"
30 "A35"
31 "A48"
32 "A37"
33 "A9"
34 "A20"
35 "A42"
36 "A29"
37 "A6"
38 "A7"
39 "A14"
40 "A34"
41 "A45"
42 "A3"
43 "A1"
44 "A32"
45 "A44"
46 "A19"
47 "A22"
48 "A26"
49 "A21"
25
0 16
0 19
0 26
0 43
0 11
0 49
0 12
0 10
0 4
0 35
0 14
0 15
0 48
0 39
0 30
0 24
0 21
0 23
0 9
0 13
0 40
0 31
0 20
0 46
0 22
21
1 46
1 25
1 14
1 28
1 19
1 32
1 8
1 45
1 42
1 39
1 26
1 15
1 16
1 24
1 40
1 17
1 35
1 4
1 18
1 47
1 10
14
2 47
2 0
2 27
2 6
2 49
2 17
2 34
2 39
2 23
2 46
2 41
2 24
2 31
2 40
19
3 7
3 40
3 44
3 10
3 23
3 0
3 2
3 32
3 48
3 41
3 14
3 13
3 20
3 8
3 1
3 45
3 28
3 5
3 34
20
4 12
4 22
4 23
4 26
4 42
4 37
4 8
4 33
4 21
4 18
4 20
4 5
4 32
4 39
4 11
4 48
4 35
4 13
4 36
4 45
21
5 21
5 9
5 8
5 2
5 25
5 41
5 7
5 42
5 33
5 34
5 18
5 29
5 49
5 17
5 31
5 38
5 24
5 15
5 22
5 14
5 13
23
6 27
6 24
6 34
6 19
6 33
6 39
6 7
6 43
6 1
6 4
6 44
6 32
6 15
6 38
6 0
6 3
6 5
6 28
6 47
6 36
6 35
6 30
6 8
19
7 1
7 11
7 0
7 39
7 29
7 10
7 8
7 17
7 9
7 30
7 21
7 31
7 24
7 16
7 27
7 40
7 45
7 44
7 46
13
8 46
8 44
8 40
8 42
8 23
8 47
8 35
8 25
8 26
8 27
8 12
8 22
8 45
19
9 38
9 33
9 17
9 18
9 12
9 41
9 40
9 14
9 15
9 20
9 35
9 22
9 48
9 11
9 43
9 6
9 3
9 44
9 49
20
10 16
10 22
10 40
10 30
10 29
10 49
10 18
10 46
10 19
10 9
10 39
10 48
10 21
10 2
10 37
10 41
10 23
10 42
10 5
10 44
21
11 3
11 30
11 43
11 18
11 12
11 35
11 10
11 47
11 24
11 34
11 13
11 6
11 48
11 42
11 37
11 25
11 23
11 40
11 31
11 2
11 17
21
12 10
12 2
12 6
12 43
12 41
12 1
12 36
12 25
12 22
12 18
12 44
12 38
12 5
12 49
12 47
12 15
12 31
12 16
12 14
12 34
12 20
15
13 44
13 7
13 6
13 42
13 41
13 12
13 47
13 2
13 10
13 15
13 26
13 23
13 45
13 1
13 19
14
14 16
14 26
14 8
14 49
14 19
14 44
14 30
14 29
14 22
14 4
14 11
14 37
14 2
14 13
18
15 44
15 29
15 18
15 20
15 7
15 16
15 26
15 8
15 35
15 2
15 32
15 24
15 45
15 40
15 41
15 33
15 38
15 21
18
16 36
16 11
16 27
16 39
16 17
16 18
16 20
16 30
16 5
16 6
16 8
16 9
16 3
16 2
16 22
16 42
16 29
16 38
18
17 24
17 6
17 10
17 41
17 8
17 4
17 38
17 29
17 14
17 22
17 49
17 31
17 18
17 21
17 36
17 26
17 12
17 33
11
18 42
18 8
18 6
18 23
18 21
18 47
18 41
18 27
18 7
18 26
18 33
26
19 18
19 11
19 44
19 36
19 34
19 42
19 4
19 35
19 43
19 31
19 20
19 7
19 30
19 17
19 9
19 37
19 8
19 15
19 16
19 39
19 28
19 26
19 3
19 32
19 29
19 12
21
20 7
20 21
20 32
20 45
20 46
20 8
20 29
20 6
20 11
20 30
20 1
20 37
20 39
20 40
20 44
20 18
20 33
20 26
20 28
20 5
20 2
19
21 31
21 6
21 13
21 22
21 14
21 43
21 16
21 42
21 33
21 25
21 38
21 2
21 46
21 48
21 32
21 29
21 8
21 41
21 11
17
22 2
22 19
22 11
22 6
22 26
22 30
22 44
22 45
22 18
22 40
22 15
22 27
22 1
22 23
22 34
22 3
22 35
18
23 35
23 14
23 46
23 40
23 1
23 15
23 39
23 27
23 43
23 49
23 41
23 24
23 5
23 31
23 20
23 6
23 42
23 12
18
24 22
24 38
24 37
24 13
24 14
24 48
24 18
24 21
24 42
24 12
24 25
24 19
24 47
24 4
24 43
24 44
24 27
24 10
23
25 6
25 9
25 23
25 15
25 28
25 43
25 38
25 16
25 13
25 0
25 29
25 17
25 3
25 42
25 22
25 2
25 10
25 47
25 14
25 41
25 20
25 31
25 26
18
26 7
26 21
26 11
26 36
26 10
26 32
26 2
26 23
26 9
26 48
26 28
26 43
26 27
26 41
26 45
26 3
26 39
26 33
25
27 17
27 35
27 49
27 14
27 0
27 44
27 3
27 28
27 10
27 1
27 12
27 37
27 38
27 13
27 48
27 15
27 11
27 32
27 4
27 9
27 30
27 31
27 5
27 33
27 19
21
28 45
28 46
28 49
28 23
28 44
28 30
28 4
28 29
28 15
28 13
28 8
28 24
28 16
28 37
28 17
28 18
28 0
28 42
28 12
28 14
28 22
19
29 24
29 36
29 27
29 0
29 38
29 45
29 23
29 47
29 4
29 9
29 48
29 2
29 26
29 13
29 32
29 6
29 37
29 42
29 18
20
30 26
30 8
30 44
30 36
30 35
30 29
30 13
30 12
30 15
30 5
30 23
30 18
30 43
30 31
30 38
30 40
30 39
30 21
30 32
30 1
22
31 29
31 41
31 13
31 28
31 24
31 37
31 6
31 26
31 42
31 46
31 8
31 14
31 16
31 32
31 40
31 49
31 43
31 15
31 10
31 22
31 9
31 1
16
32 2
32 14
32 37
32 22
32 5
32 9
32 16
32 47
32 7
32 12
32 8
32 23
32 10
32 34
32 24
32 43
17
33 23
33 40
33 32
33 0
33 11
33 34
33 13
33 47
33 29
33 31
33 12
33 22
33 41
33 39
33 2
33 44
33 1
22
34 23
34 15
34 17
34 27
34 13
34 9
34 28
34 47
34 7
34 1
34 48
34 4
34 26
34 8
34 16
34 29
34 10
34 18
34 20
34 49
34 31
34 24
23
35 46
35 29
35 36
35 5
35 24
35 44
35 2
35 10
35 49
35 18
35 17
35 26
35 25
35 37
35 38
35 28
35 12
35 7
35 31
35 13
35 16
35 34
35 3
25
36 11
36 2
36 28
36 33
36 24
36 25
36 27
36 23
36 3
36 48
36 13
36 45
36 18
36 46
36 14
36 15
36 32
36 1
36 44
36 41
36 20
36 10
36 47
36 9
36 38
18
37 6
37 40
37 12
37 33
37 2
37 34
37 21
37 46
37 9
37 8
37 16
37 22
37 26
37 25
37 36
37 39
37 48
37 0
18
38 22
38 44
38 0
38 4
38 46
38 10
38 20
38 32
38 14
38 3
38 39
38 49
38 28
38 40
38 34
38 1
38 7
38 19
21
39 18
39 11
39 12
39 27
39 44
39 29
39 25
39 15
39 31
39 32
39 21
39 17
39 36
39 13
39 42
39 22
39 35
39 43
39 49
39 9
39 34
21
40 26
40 27
40 4
40 25
40 17
40 16
40 41
40 24
40 14
40 29
40 34
40 44
40 32
40 49
40 12
40 18
40 36
40 6
40 39
40 46
40 28
21
41 11
41 32
41 16
41 35
41 6
41 48
41 19
41 22
41 1
41 46
41 42
41 29
41 0
41 30
41 7
41 34
41 37
41 4
41 27
41 38
41 24
19
42 6
42 44
42 9
42 17
42 22
42 12
42 0
42 15
42 30
42 32
42 38
42 43
42 36
42 20
42 3
42 37
42 40
42 33
42 46
22
43 41
43 16
43 18
43 45
43 34
43 38
43 5
43 8
43 36
43 7
43 40
43 29
43 1
43 27
43 20
43 44
43 15
43 33
43 4
43 37
43 2
43 10
14
44 2
44 16
44 47
44 26
44 0
44 4
44 29
44 11
44 31
44 1
44 17
44 34
44 48
44 18
28
45 11
45 25
45 42
45 18
45 39
45 48
45 17
45 49
45 41
45 0
45 16
45 35
45 44
45 14
45 12
45 31
45 47
45 2
45 9
45 6
45 33
45 24
45 30
45 10
45 19
45 27
45 37
45 21
16
46 49
46 13
46 3
46 26
46 6
46 5
46 17
46 15
46 39
46 14
46 44
46 18
46 34
46 30
46 12
46 43
18
47 17
47 27
47 41
47 42
47 9
47 28
47 43
47 14
47 38
47 3
47 19
47 22
47 49
47 35
47 4
47 21
47 20
47 16
24
48 5
48 32
48 38
48 33
48 47
48 19
48 16
48 23
48 46
48 43
48 7
48 14
48 8
48 2
48 1
48 42
48 6
48 31
48 15
48 18
48 25
48 22
48 17
48 12
20
49 4
49 20
49 24
49 44
49 22
49 1
49 11
49 48
49 6
49 37
49 8
49 36
49 16
49 13
49 43
49 18
49 19
49 32
49 42
49 33
