50
0 "A11"
1 "A1"
2 "A46"
3 "A28"
4 "A41"
5 "A6"
6 "A40"
7 "A18"
8 "A32"
9 "A49"
10 "A14"
11 "A33"
12 "A42"
13 "A9"
14 "A29"
15 "A0"
16 "A22"
17 "A12"
18 "A25"
19 "A47"
20 "A48"
21 "A31"
22 "A7"
23 "A27"
24 "A5"
25 "A3"
26 "A17"
27 "A2"
28 "A16"
29 "A34"
30 "A24"
31 "A15"
32 "A4"
33 "A30"
34 "A21"
35 "A36"
36 "A39"
37 "A8"
38 "A23"
39 "A13"
40 "A19"
41 "A20"
42 "A38"
43 "A35"
44 "A43"
45 "A45"
46 "A10"
47 "A37"
48 "A26"
49 "A44"
22
0 28
0 2
0 43
0 30
0 46
0 40
0 11
0 23
0 21
0 48
0 6
0 10
0 8
0 9
0 25
0 26
0 7
0 24
0 19
0 32
0 12
0 1
20
1 23
1 21
1 19
1 49
1 48
1 42
1 5
1 2
1 40
1 14
1 8
1 36
1 34
1 26
1 11
1 32
1 25
1 29
1 41
1 43
13
2 27
2 31
2 23
2 5
2 14
2 12
2 47
2 20
2 43
2 28
2 6
2 11
2 42
29
3 8
3 10
3 0
3 39
3 37
3 29
3 40
3 26
3 27
3 2
3 43
3 9
3 48
3 45
3 46
3 13
3 47
3 11
3 30
3 16
3 15
3 5
3 44
3 34
3 24
3 25
3 17
3 38
3 1
15
4 42
4 35
4 0
4 34
4 36
4 8
4 41
4 49
4 38
4 20
4 1
4 16
4 18
4 2
4 6
20
5 34
5 11
5 39
5 8
5 26
5 20
5 15
5 0
5 24
5 14
5 33
5 7
5 9
5 19
5 30
5 28
5 43
5 21
5 16
5 38
9
6 16
6 22
6 12
6 49
6 1
6 8
6 32
6 44
6 19
13
7 38
7 26
7 8
7 46
7 29
7 28
7 9
7 33
7 40
7 24
7 42
7 27
7 15
17
8 29
8 24
8 17
8 41
8 40
8 13
8 15
8 12
8 20
8 23
8 42
8 18
8 31
8 45
8 25
8 21
8 37
19
9 38
9 45
9 30
9 39
9 6
9 26
9 29
9 32
9 47
9 40
9 22
9 36
9 25
9 1
9 35
9 10
9 2
9 17
9 15
21
10 12
10 24
10 45
10 15
10 26
10 5
10 1
10 34
10 2
10 16
10 42
10 4
10 11
10 25
10 44
10 38
10 17
10 20
10 6
10 7
10 14
15
11 45
11 34
11 9
11 14
11 18
11 35
11 29
11 39
11 28
11 46
11 6
11 25
11 13
11 19
11 7
17
12 16
12 49
12 41
12 4
12 1
12 24
12 43
12 27
12 47
12 35
12 11
12 9
12 17
12 39
12 5
12 38
12 15
25
13 31
13 27
13 17
13 21
13 39
13 44
13 35
13 4
13 29
13 10
13 25
13 2
13 40
13 36
13 32
13 9
13 14
13 43
13 24
13 12
13 15
13 33
13 5
13 6
13 22
15
14 46
14 3
14 25
14 45
14 18
14 41
14 8
14 7
14 42
14 4
14 26
14 22
14 0
14 43
14 37
15
15 2
15 18
15 23
15 20
15 28
15 19
15 30
15 0
15 43
15 6
15 42
15 34
15 41
15 22
15 49
19
16 27
16 39
16 2
16 30
16 40
16 22
16 7
16 35
16 37
16 45
16 15
16 43
16 21
16 1
16 9
16 8
16 23
16 42
16 32
18
17 7
17 34
17 40
17 29
17 36
17 26
17 42
17 41
17 48
17 2
17 47
17 14
17 0
17 6
17 11
17 23
17 16
17 39
17
18 32
18 13
18 30
18 25
18 24
18 3
18 2
18 16
18 28
18 31
18 6
18 12
18 40
18 41
18 7
18 5
18 23
22
19 2
19 28
19 32
19 25
19 13
19 40
19 7
19 10
19 37
19 14
19 49
19 43
19 16
19 45
19 48
19 21
19 46
19 18
19 33
19 9
19 22
19 39
18
20 3
20 39
20 0
20 6
20 28
20 25
20 26
20 17
20 19
20 14
20 41
20 30
20 12
20 48
20 49
20 46
20 18
20 16
16
21 20
21 12
21 47
21 9
21 23
21 2
21 14
21 18
21 36
21 10
21 15
21 49
21 6
21 7
21 46
21 38
19
22 3
22 27
22 7
22 29
22 46
22 48
22 32
22 44
22 2
22 4
22 21
22 8
22 37
22 1
22 10
22 11
22 23
22 33
22 25
21
23 49
23 3
23 4
23 33
23 37
23 43
23 24
23 46
23 14
23 44
23 10
23 9
23 7
23 35
23 12
23 19
23 47
23 25
23 5
23 11
23 6
26
24 11
24 27
24 25
24 38
24 15
24 33
24 6
24 48
24 49
24 45
24 37
24 17
24 4
24 14
24 22
24 44
24 31
24 20
24 46
24 42
24 29
24 35
24 19
24 1
24 9
24 47
20
25 6
25 39
25 7
25 35
25 49
25 21
25 34
25 27
25 17
25 38
25 40
25 15
25 32
25 45
25 16
25 4
25 47
25 2
25 12
25 36
20
26 27
26 40
26 11
26 15
26 25
26 22
26 35
26 8
26 36
26 24
26 41
26 21
26 34
26 37
26 19
26 2
26 38
26 49
26 16
26 4
19
27 17
27 43
27 36
27 42
27 10
27 47
27 37
27 9
27 34
27 33
27 21
27 45
27 19
27 14
27 20
27 5
27 39
27 23
27 8
11
28 27
28 22
28 46
28 43
28 10
28 4
28 42
28 16
28 8
28 38
28 21
26
29 40
29 36
29 44
29 16
29 26
29 14
29 41
29 6
29 45
29 12
29 35
29 37
29 47
29 21
29 31
29 27
29 20
29 38
29 25
29 18
29 10
29 0
29 4
29 2
29 23
29 48
24
30 38
30 12
30 39
30 48
30 40
30 8
30 47
30 24
30 25
30 14
30 43
30 2
30 6
30 22
30 26
30 19
30 4
30 37
30 23
30 10
30 31
30 44
30 13
30 17
26
31 25
31 38
31 10
31 5
31 3
31 42
31 22
31 6
31 26
31 41
31 12
31 21
31 9
31 37
31 23
31 11
31 19
31 15
31 44
31 28
31 17
31 20
31 1
31 27
31 35
31 43
22
32 8
32 20
32 43
32 26
32 38
32 28
32 39
32 3
32 15
32 23
32 12
32 5
32 11
32 40
32 14
32 29
32 21
32 24
32 27
32 49
32 10
32 48
30
33 12
33 49
33 43
33 0
33 1
33 15
33 30
33 29
33 20
33 37
33 41
33 4
33 6
33 31
33 8
33 35
33 25
33 11
33 28
33 34
33 40
33 16
33 3
33 36
33 42
33 26
33 2
33 48
33 21
33 9
21
34 13
34 31
34 9
34 8
34 16
34 0
34 28
34 19
34 23
34 40
34 41
34 21
34 7
34 29
34 30
34 36
34 2
34 46
34 44
34 20
34 39
21
35 40
35 32
35 44
35 2
35 5
35 30
35 1
35 39
35 41
35 17
35 34
35 14
35 10
35 18
35 6
35 3
35 21
35 8
35 0
35 37
35 7
22
36 6
36 20
36 32
36 38
36 24
36 15
36 44
36 16
36 7
36 2
36 41
36 40
36 18
36 0
36 35
36 42
36 23
36 19
36 28
36 5
36 39
36 22
25
37 1
37 10
37 32
37 6
37 20
37 25
37 7
37 21
37 18
37 2
37 9
37 5
37 28
37 17
37 11
37 49
37 15
37 38
37 48
37 13
37 42
37 45
37 36
37 4
37 41
22
38 1
38 15
38 6
38 27
38 47
38 19
38 41
38 34
38 13
38 42
38 46
38 33
38 35
38 22
38 16
38 44
38 11
38 39
38 0
38 17
38 49
38 23
14
39 15
39 0
39 43
39 4
39 7
39 22
39 8
39 26
39 23
39 10
39 28
39 14
39 31
39 18
13
40 12
40 49
40 38
40 2
40 11
40 24
40 10
40 20
40 43
40 23
40 37
40 31
40 28
18
41 24
41 44
41 40
41 47
41 7
41 22
41 9
41 30
41 2
41 48
41 11
41 3
41 46
41 32
41 27
41 28
41 42
41 19
18
42 11
42 29
42 47
42 32
42 39
42 9
42 0
42 40
42 26
42 5
42 44
42 22
42 19
42 48
42 34
42 35
42 18
42 12
21
43 11
43 21
43 20
43 37
43 48
43 46
43 38
43 41
43 6
43 4
43 10
43 29
43 22
43 34
43 45
43 26
43 25
43 18
43 49
43 7
43 8
21
44 14
44 15
44 2
44 7
44 48
44 19
44 5
44 27
44 39
44 20
44 9
44 37
44 18
44 49
44 12
44 4
44 11
44 21
44 33
44 25
44 0
24
45 41
45 44
45 23
45 26
45 6
45 13
45 42
45 31
45 39
45 7
45 2
45 20
45 21
45 5
45 33
45 35
45 47
45 46
45 1
45 36
45 34
45 18
45 40
45 38
16
46 39
46 15
46 32
46 27
46 30
46 35
46 26
46 40
46 25
46 33
46 12
46 6
46 16
46 9
46 29
46 37
22
47 15
47 40
47 26
47 4
47 39
47 14
47 32
47 35
47 37
47 6
47 36
47 10
47 13
47 46
47 16
47 28
47 20
47 22
47 18
47 33
47 11
47 48
23
48 28
48 15
48 12
48 46
48 23
48 18
48 9
48 49
48 38
48 27
48 4
48 25
48 13
48 35
48 7
48 6
48 16
48 40
48 10
48 31
48 21
48 45
48 39
20
49 36
49 45
49 28
49 39
49 5
49 14
49 9
49 47
49 34
49 18
49 11
49 13
49 3
49 17
49 2
49 29
49 0
49 30
49 16
49 35
