50
0 "A32"
1 "A7"
2 "A30"
3 "A49"
4 "A45"
5 "A40"
6 "A8"
7 "A25"
8 "A16"
9 "A6"
10 "A38"
11 "A35"
12 "A10"
13 "A36"
14 "A28"
15 "A27"
16 "A15"
17 "A39"
18 "A5"
19 "A22"
20 "A17"
21 "A14"
22 "A26"
23 "A33"
24 "A43"
25 "A11"
26 "A44"
27 "A13"
28 "A18"
29 "A2"
30 "A24"
31 "A0"
32 "A1"
33 "A41"
34 "A29"
35 "A37"
36 "A34"
37 "A4"
38 "A47"
39 "A20"
40 "A42"
41 "A21"
42 "A31"
43 "A19"
44 "A12"
45 "A23"
46 "A3"
47 "A9"
48 "A48"
49 "A46"
19
0 2
0 13
0 18
0 40
0 46
0 26
0 37
0 43
0 6
0 34
0 21
0 11
0 29
0 28
0 10
0 17
0 45
0 31
0 32
20
1 36
1 22
1 15
1 32
1 37
1 17
1 47
1 0
1 7
1 23
1 28
1 16
1 49
1 6
1 43
1 18
1 38
1 12
1 13
1 33
24
2 29
2 31
2 33
2 3
2 13
2 22
2 11
2 23
2 38
2 36
2 9
2 47
2 24
2 6
2 26
2 46
2 4
2 39
2 10
2 21
2 28
2 43
2 1
2 44
21
3 40
3 19
3 28
3 20
3 45
3 27
3 49
3 6
3 17
3 9
3 26
3 24
3 36
3 48
3 11
3 18
3 8
3 42
3 0
3 32
3 14
20
4 35
4 12
4 0
4 10
4 49
4 11
4 29
4 3
4 33
4 32
4 1
4 7
4 44
4 42
4 18
4 14
4 25
4 17
4 30
4 26
25
5 3
5 4
5 0
5 21
5 9
5 45
5 30
5 49
5 28
5 44
5 31
5 37
5 15
5 13
5 48
5 40
5 27
5 24
5 23
5 43
5 29
5 46
5 14
5 36
5 11
19
6 39
6 42
6 46
6 17
6 10
6 44
6 30
6 41
6 4
6 38
6 15
6 43
6 5
6 12
6 25
6 18
6 23
6 40
6 28
17
7 2
7 43
7 49
7 39
7 35
7 8
7 36
7 5
7 3
7 47
7 6
7 33
7 0
7 45
7 13
7 9
7 23
25
8 42
8 26
8 39
8 31
8 2
8 6
8 1
8 21
8 34
8 33
8 5
8 27
8 17
8 24
8 29
8 40
8 49
8 37
8 15
8 48
8 43
8 19
8 11
8 41
8 30
20
9 22
9 36
9 35
9 21
9 6
9 42
9 39
9 40
9 11
9 30
9 27
9 19
9 0
9 44
9 1
9 47
9 49
9 32
9 10
9 28
13
10 5
10 1
10 14
10 48
10 30
10 27
10 24
10 37
10 33
10 26
10 39
10 3
10 8
18
11 45
11 7
11 27
11 33
11 48
11 41
11 21
11 23
11 16
11 6
11 42
11 24
11 14
11 34
11 47
11 32
11 18
11 25
22
12 17
12 34
12 29
12 22
12 48
12 32
12 2
12 25
12 13
12 9
12 31
12 10
12 45
12 38
12 24
12 46
12 8
12 11
12 5
12 39
12 15
12 3
14
13 39
13 36
13 11
13 20
13 38
13 10
13 16
13 22
13 4
13 41
13 17
13 37
13 19
13 8
24
14 36
14 19
14 38
14 24
14 40
14 27
14 20
14 8
14 34
14 2
14 30
14 13
14 16
14 33
14 12
14 7
14 48
14 28
14 46
14 43
14 0
14 45
14 44
14 39
17
15 14
15 16
15 0
15 10
15 42
15 26
15 9
15 33
15 11
15 4
15 49
15 39
15 48
15 7
15 25
15 37
15 24
20
16 5
16 9
16 10
16 37
16 49
16 21
16 27
16 32
16 18
16 29
16 4
16 12
16 2
16 31
16 36
16 26
16 38
16 40
16 30
16 3
17
17 47
17 9
17 37
17 18
17 49
17 14
17 36
17 5
17 45
17 38
17 42
17 22
17 48
17 2
17 11
17 10
17 44
17
18 35
18 42
18 37
18 22
18 19
18 41
18 20
18 23
18 15
18 8
18 49
18 21
18 5
18 12
18 30
18 33
18 38
21
19 5
19 39
19 45
19 35
19 48
19 28
19 22
19 1
19 10
19 32
19 33
19 15
19 42
19 6
19 7
19 41
19 16
19 0
19 11
19 2
19 37
19
20 35
20 10
20 25
20 43
20 40
20 17
20 46
20 29
20 48
20 26
20 32
20 31
20 2
20 8
20 1
20 45
20 0
20 16
20 12
20
21 13
21 3
21 45
21 19
21 14
21 4
21 46
21 24
21 28
21 7
21 37
21 39
21 12
21 1
21 36
21 26
21 10
21 48
21 49
21 42
19
22 49
22 16
22 48
22 28
22 40
22 10
22 20
22 38
22 14
22 30
22 15
22 4
22 43
22 8
22 7
22 44
22 21
22 37
22 0
20
23 38
23 36
23 15
23 41
23 32
23 0
23 13
23 26
23 46
23 29
23 17
23 47
23 22
23 20
23 16
23 45
23 9
23 8
23 21
23 10
22
24 30
24 7
24 27
24 9
24 41
24 49
24 22
24 34
24 25
24 47
24 0
24 20
24 43
24 19
24 29
24 4
24 6
24 16
24 18
24 1
24 17
24 40
25
25 18
25 14
25 8
25 45
25 41
25 13
25 2
25 38
25 5
25 7
25 36
25 46
25 48
25 17
25 37
25 9
25 33
25 28
25 10
25 1
25 16
25 29
25 49
25 42
25 47
20
26 48
26 11
26 27
26 40
26 47
26 30
26 25
26 14
26 43
26 44
26 45
26 9
26 19
26 39
26 37
26 31
26 12
26 18
26 46
26 38
18
27 21
27 36
27 29
27 2
27 32
27 12
27 35
27 25
27 19
27 17
27 4
27 49
27 44
27 28
27 1
27 45
27 39
27 33
21
28 17
28 31
28 13
28 4
28 18
28 42
28 23
28 44
28 32
28 49
28 8
28 7
28 10
28 29
28 15
28 33
28 11
28 47
28 26
28 16
28 24
19
29 6
29 11
29 15
29 13
29 9
29 26
29 1
29 3
29 39
29 10
29 18
29 47
29 21
29 14
29 17
29 40
29 7
29 19
29 30
15
30 13
30 35
30 23
30 45
30 46
30 38
30 15
30 32
30 43
30 20
30 42
30 12
30 28
30 2
30 47
22
31 13
31 6
31 18
31 17
31 38
31 36
31 25
31 10
31 15
31 21
31 42
31 19
31 23
31 14
31 24
31 48
31 27
31 29
31 33
31 22
31 7
31 9
17
32 34
32 47
32 45
32 42
32 17
32 40
32 26
32 48
32 6
32 33
32 14
32 37
32 2
32 5
32 22
32 39
32 8
15
33 29
33 44
33 16
33 40
33 12
33 17
33 9
33 42
33 47
33 5
33 48
33 13
33 26
33 3
33 22
25
34 26
34 13
34 31
34 1
34 2
34 49
34 9
34 20
34 41
34 35
34 15
34 10
34 38
34 48
34 17
34 47
34 27
34 36
34 46
34 18
34 39
34 3
34 5
34 6
34 33
21
35 31
35 2
35 0
35 29
35 41
35 46
35 26
35 15
35 39
35 11
35 14
35 37
35 45
35 24
35 32
35 12
35 5
35 1
35 22
35 44
35 17
21
36 18
36 22
36 48
36 4
36 44
36 46
36 43
36 6
36 10
36 20
36 39
36 45
36 8
36 15
36 41
36 47
36 12
36 35
36 37
36 11
36 28
24
37 38
37 6
37 44
37 31
37 39
37 40
37 24
37 33
37 9
37 4
37 14
37 2
37 23
37 20
37 41
37 29
37 43
37 46
37 28
37 11
37 7
37 12
37 30
37 49
17
38 0
38 21
38 9
38 29
38 32
38 36
38 42
38 11
38 40
38 47
38 5
38 3
38 24
38 49
38 35
38 8
38 28
17
39 17
39 28
39 41
39 18
39 22
39 0
39 44
39 31
39 16
39 45
39 30
39 1
39 3
39 4
39 38
39 5
39 49
20
40 7
40 39
40 35
40 17
40 46
40 13
40 4
40 27
40 1
40 28
40 10
40 31
40 15
40 11
40 34
40 2
40 18
40 23
40 21
40 36
22
41 48
41 7
41 45
41 5
41 46
41 40
41 12
41 47
41 33
41 44
41 30
41 28
41 4
41 38
41 3
41 32
41 9
41 22
41 10
41 1
41 16
41 0
17
42 13
42 10
42 40
42 29
42 39
42 22
42 41
42 0
42 35
42 49
42 27
42 23
42 5
42 7
42 24
42 1
42 12
20
43 11
43 23
43 4
43 16
43 35
43 10
43 9
43 3
43 41
43 47
43 48
43 39
43 49
43 18
43 34
43 17
43 32
43 31
43 28
43 33
23
44 45
44 10
44 15
44 47
44 7
44 43
44 13
44 19
44 40
44 42
44 23
44 29
44 20
44 0
44 21
44 16
44 12
44 18
44 30
44 32
44 46
44 48
44 31
18
45 48
45 29
45 34
45 10
45 15
45 2
45 43
45 33
45 38
45 8
45 9
45 4
45 37
45 24
45 18
45 42
45 46
45 1
17
46 19
46 18
46 39
46 38
46 31
46 9
46 32
46 16
46 15
46 42
46 1
46 3
46 17
46 43
46 7
46 22
46 33
19
47 31
47 10
47 39
47 4
47 0
47 16
47 14
47 15
47 27
47 19
47 45
47 6
47 5
47 3
47 22
47 8
47 20
47 13
47 12
19
48 27
48 47
48 37
48 24
48 1
48 0
48 18
48 7
48 35
48 29
48 46
48 9
48 30
48 16
48 13
48 40
48 6
48 42
48 38
15
49 48
49 30
49 44
49 45
49 23
49 35
49 40
49 32
49 20
49 41
49 2
49 19
49 0
49 36
49 10
