50
0 "A32"
1 "A7"
2 "A30"
3 "A49"
4 "A45"
5 "A40"
6 "A8"
7 "A25"
8 "A16"
9 "A6"
10 "A38"
11 "A35"
12 "A10"
13 "A36"
14 "A28"
15 "A27"
16 "A15"
17 "A39"
18 "A5"
19 "A22"
20 "A17"
21 "A14"
22 "A26"
23 "A33"
24 "A43"
25 "A11"
26 "A44"
27 "A13"
28 "A18"
29 "A2"
30 "A24"
31 "A0"
32 "A1"
33 "A41"
34 "A29"
35 "A37"
36 "A34"
37 "A4"
38 "A47"
39 "A20"
40 "A42"
41 "A21"
42 "A31"
43 "A19"
44 "A12"
45 "A23"
46 "A3"
47 "A9"
48 "A48"
49 "A46"
17
0 9
0 2
0 24
0 30
0 14
0 33
0 16
0 4
0 8
0 45
0 42
0 40
0 22
0 15
0 17
0 48
0 38
23
1 44
1 33
1 16
1 12
1 46
1 9
1 23
1 19
1 17
1 13
1 26
1 34
1 41
1 28
1 18
1 49
1 35
1 7
1 0
1 21
1 30
1 43
1 42
17
2 19
2 27
2 1
2 24
2 5
2 36
2 48
2 18
2 30
2 10
2 6
2 4
2 43
2 44
2 15
2 25
2 3
19
3 6
3 4
3 33
3 20
3 5
3 14
3 11
3 13
3 34
3 24
3 1
3 19
3 45
3 46
3 29
3 18
3 41
3 9
3 16
14
4 48
4 10
4 29
4 30
4 24
4 12
4 41
4 31
4 39
4 32
4 1
4 18
4 5
4 8
20
5 16
5 44
5 20
5 42
5 37
5 28
5 38
5 11
5 24
5 48
5 23
5 17
5 6
5 1
5 46
5 47
5 10
5 22
5 31
5 41
22
6 24
6 49
6 38
6 13
6 17
6 25
6 41
6 12
6 43
6 29
6 36
6 11
6 16
6 44
6 20
6 46
6 4
6 7
6 23
6 45
6 21
6 10
21
7 32
7 41
7 2
7 45
7 23
7 25
7 37
7 10
7 15
7 35
7 5
7 33
7 39
7 4
7 38
7 47
7 40
7 9
7 3
7 8
7 14
23
8 48
8 21
8 26
8 35
8 14
8 2
8 40
8 41
8 34
8 18
8 9
8 43
8 22
8 3
8 46
8 30
8 16
8 5
8 12
8 37
8 44
8 28
8 11
20
9 44
9 2
9 16
9 31
9 42
9 18
9 36
9 49
9 37
9 34
9 11
9 46
9 27
9 5
9 29
9 40
9 24
9 45
9 4
9 32
22
10 13
10 23
10 20
10 0
10 37
10 34
10 19
10 44
10 25
10 11
10 21
10 28
10 8
10 18
10 38
10 43
10 46
10 17
10 42
10 9
10 3
10 39
18
11 7
11 26
11 43
11 45
11 47
11 42
11 20
11 0
11 40
11 17
11 35
11 36
11 1
11 15
11 16
11 33
11 19
11 37
19
12 22
12 5
12 37
12 46
12 14
12 47
12 10
12 9
12 0
12 13
12 19
12 40
12 15
12 3
12 27
12 23
12 18
12 17
12 44
19
13 2
13 30
13 37
13 11
13 33
13 40
13 0
13 36
13 42
13 4
13 24
13 46
13 5
13 18
13 38
13 9
13 41
13 45
13 39
14
14 48
14 9
14 30
14 43
14 36
14 49
14 47
14 23
14 10
14 35
14 2
14 39
14 11
14 13
19
15 3
15 43
15 42
15 18
15 33
15 20
15 32
15 16
15 49
15 21
15 24
15 30
15 13
15 48
15 6
15 4
15 40
15 17
15 9
17
16 47
16 21
16 14
16 4
16 43
16 31
16 17
16 19
16 13
16 36
16 35
16 10
16 12
16 22
16 34
16 24
16 25
18
17 48
17 34
17 27
17 38
17 39
17 23
17 37
17 13
17 44
17 42
17 45
17 22
17 40
17 9
17 36
17 46
17 4
17 3
21
18 41
18 26
18 28
18 48
18 6
18 38
18 32
18 49
18 0
18 40
18 17
18 44
18 14
18 45
18 36
18 16
18 46
18 11
18 7
18 39
18 37
18
19 13
19 48
19 24
19 18
19 14
19 15
19 31
19 0
19 7
19 47
19 49
19 45
19 38
19 39
19 6
19 41
19 17
19 29
17
20 17
20 14
20 1
20 37
20 9
20 35
20 32
20 47
20 26
20 0
20 7
20 21
20 19
20 28
20 4
20 13
20 42
21
21 2
21 44
21 40
21 34
21 14
21 38
21 4
21 45
21 11
21 9
21 36
21 48
21 23
21 32
21 24
21 42
21 18
21 39
21 19
21 31
21 3
21
22 31
22 6
22 45
22 3
22 1
22 14
22 39
22 11
22 2
22 44
22 18
22 7
22 24
22 47
22 49
22 10
22 20
22 30
22 48
22 13
22 4
19
23 13
23 22
23 47
23 48
23 34
23 44
23 8
23 46
23 18
23 37
23 28
23 30
23 24
23 19
23 4
23 11
23 15
23 0
23 33
21
24 12
24 34
24 47
24 48
24 31
24 11
24 14
24 40
24 7
24 39
24 1
24 33
24 49
24 8
24 32
24 36
24 45
24 17
24 27
24 18
24 20
19
25 38
25 48
25 23
25 49
25 19
25 5
25 13
25 21
25 3
25 36
25 41
25 11
25 39
25 45
25 1
25 44
25 9
25 12
25 18
21
26 47
26 17
26 39
26 22
26 14
26 43
26 0
26 21
26 45
26 30
26 12
26 33
26 31
26 13
26 38
26 4
26 6
26 15
26 48
26 19
26 16
24
27 49
27 34
27 21
27 6
27 26
27 38
27 7
27 13
27 0
27 42
27 1
27 40
27 16
27 11
27 31
27 10
27 25
27 3
27 19
27 15
27 23
27 5
27 47
27 39
21
28 7
28 24
28 9
28 3
28 43
28 13
28 29
28 32
28 38
28 41
28 47
28 17
28 25
28 19
28 31
28 40
28 0
28 16
28 27
28 15
28 11
23
29 8
29 18
29 20
29 14
29 10
29 40
29 35
29 0
29 27
29 36
29 11
29 26
29 15
29 7
29 16
29 2
29 12
29 31
29 25
29 1
29 22
29 17
29 24
22
30 35
30 46
30 17
30 45
30 41
30 10
30 43
30 31
30 49
30 16
30 27
30 42
30 44
30 5
30 37
30 38
30 39
30 19
30 28
30 18
30 20
30 9
20
31 38
31 45
31 49
31 34
31 12
31 13
31 47
31 33
31 42
31 23
31 10
31 3
31 8
31 14
31 11
31 25
31 15
31 0
31 35
31 7
22
32 1
32 33
32 16
32 8
32 39
32 13
32 49
32 27
32 0
32 43
32 19
32 2
32 14
32 47
32 45
32 6
32 41
32 5
32 3
32 23
32 17
32 29
21
33 41
33 27
33 25
33 17
33 5
33 30
33 14
33 21
33 6
33 39
33 49
33 16
33 46
33 4
33 35
33 10
33 45
33 8
33 36
33 2
33 12
17
34 28
34 4
34 25
34 49
34 37
34 33
34 20
34 19
34 22
34 12
34 0
34 5
34 38
34 48
34 42
34 29
34 46
19
35 23
35 28
35 6
35 32
35 27
35 21
35 26
35 9
35 22
35 3
35 39
35 10
35 17
35 37
35 12
35 13
35 4
35 40
35 19
17
36 46
36 1
36 30
36 7
36 42
36 44
36 19
36 12
36 45
36 0
36 3
36 34
36 28
36 27
36 47
36 22
36 31
21
37 27
37 3
37 31
37 16
37 33
37 6
37 1
37 2
37 36
37 22
37 46
37 25
37 29
37 14
37 24
37 0
37 41
37 4
37 28
37 15
37 39
15
38 35
38 32
38 11
38 39
38 37
38 2
38 12
38 22
38 9
38 14
38 41
38 33
38 36
38 1
38 4
18
39 28
39 1
39 5
39 23
39 2
39 31
39 46
39 6
39 8
39 9
39 20
39 42
39 15
39 12
39 11
39 45
39 43
39 29
17
40 16
40 23
40 4
40 37
40 1
40 38
40 44
40 20
40 34
40 22
40 14
40 2
40 31
40 19
40 26
40 41
40 33
23
41 34
41 43
41 0
41 49
41 14
41 15
41 36
41 26
41 16
41 2
41 29
41 31
41 20
41 48
41 35
41 10
41 21
41 47
41 22
41 9
41 12
41 39
41 23
20
42 35
42 22
42 24
42 41
42 26
42 48
42 8
42 28
42 25
42 6
42 18
42 16
42 40
42 33
42 23
42 3
42 29
42 37
42 46
42 7
27
43 46
43 3
43 31
43 22
43 21
43 42
43 0
43 33
43 18
43 25
43 47
43 36
43 12
43 38
43 49
43 35
43 40
43 4
43 20
43 27
43 24
43 5
43 29
43 13
43 48
43 7
43 9
22
44 49
44 35
44 41
44 38
44 46
44 45
44 4
44 11
44 3
44 20
44 14
44 37
44 33
44 16
44 39
44 47
44 24
44 28
44 15
44 19
44 43
44 0
18
45 8
45 23
45 34
45 28
45 37
45 4
45 15
45 20
45 46
45 38
45 14
45 41
45 42
45 16
45 35
45 12
45 2
45 1
19
46 14
46 24
46 48
46 27
46 49
46 22
46 28
46 25
46 41
46 21
46 38
46 11
46 40
46 15
46 0
46 7
46 29
46 4
46 2
18
47 48
47 9
47 8
47 2
47 13
47 6
47 25
47 4
47 1
47 46
47 40
47 33
47 3
47 45
47 39
47 34
47 15
47 10
18
48 35
48 37
48 31
48 16
48 28
48 3
48 7
48 27
48 40
48 39
48 11
48 32
48 30
48 45
48 1
48 44
48 38
48 9
18
49 11
49 7
49 21
49 23
49 42
49 26
49 36
49 2
49 0
49 3
49 29
49 37
49 10
49 35
49 20
49 8
49 48
49 38
