50
0 "A42"
1 "A45"
2 "A30"
3 "A6"
4 "A3"
5 "A4"
6 "A22"
7 "A1"
8 "A5"
9 "A8"
10 "A26"
11 "A36"
12 "A48"
13 "A49"
14 "A2"
15 "A12"
16 "A14"
17 "A46"
18 "A35"
19 "A34"
20 "A43"
21 "A15"
22 "A20"
23 "A23"
24 "A27"
25 "A9"
26 "A18"
27 "A13"
28 "A0"
29 "A41"
30 "A31"
31 "A17"
32 "A25"
33 "A24"
34 "A47"
35 "A37"
36 "A19"
37 "A10"
38 "A32"
39 "A38"
40 "A7"
41 "A28"
42 "A44"
43 "A16"
44 "A33"
45 "A21"
46 "A40"
47 "A11"
48 "A29"
49 "A39"
19
0 46
0 1
0 23
0 17
0 21
0 35
0 47
0 12
0 14
0 9
0 40
0 45
0 49
0 3
0 48
0 44
0 38
0 42
0 36
19
1 32
1 40
1 35
1 21
1 18
1 20
1 42
1 27
1 16
1 29
1 24
1 45
1 39
1 6
1 30
1 19
1 28
1 33
1 26
21
2 9
2 22
2 16
2 44
2 37
2 36
2 23
2 47
2 31
2 14
2 33
2 10
2 26
2 18
2 24
2 19
2 29
2 28
2 35
2 41
2 7
18
3 11
3 42
3 24
3 41
3 4
3 12
3 15
3 34
3 46
3 44
3 2
3 28
3 49
3 21
3 37
3 45
3 20
3 25
20
4 49
4 1
4 47
4 35
4 22
4 39
4 5
4 24
4 10
4 23
4 45
4 48
4 41
4 15
4 18
4 11
4 28
4 43
4 25
4 38
15
5 20
5 0
5 35
5 47
5 1
5 16
5 3
5 32
5 14
5 25
5 22
5 17
5 33
5 29
5 18
20
6 7
6 45
6 32
6 15
6 14
6 25
6 47
6 13
6 23
6 17
6 16
6 39
6 24
6 30
6 4
6 37
6 11
6 12
6 5
6 2
20
7 47
7 32
7 28
7 25
7 45
7 21
7 17
7 9
7 11
7 13
7 44
7 43
7 3
7 41
7 14
7 38
7 31
7 36
7 20
7 27
19
8 23
8 43
8 12
8 36
8 7
8 13
8 31
8 4
8 15
8 32
8 49
8 0
8 46
8 1
8 30
8 5
8 3
8 45
8 25
22
9 18
9 32
9 28
9 5
9 15
9 34
9 16
9 35
9 3
9 20
9 23
9 45
9 19
9 42
9 22
9 47
9 24
9 10
9 46
9 31
9 11
9 49
24
10 31
10 46
10 11
10 5
10 38
10 1
10 18
10 3
10 29
10 0
10 17
10 25
10 24
10 7
10 33
10 14
10 47
10 6
10 12
10 19
10 16
10 20
10 13
10 27
17
11 42
11 25
11 0
11 41
11 36
11 27
11 30
11 44
11 34
11 32
11 37
11 22
11 24
11 14
11 18
11 38
11 21
16
12 27
12 42
12 2
12 9
12 32
12 15
12 11
12 7
12 41
12 45
12 44
12 40
12 38
12 28
12 16
12 43
21
13 19
13 0
13 4
13 34
13 41
13 11
13 31
13 5
13 43
13 17
13 1
13 20
13 12
13 3
13 46
13 23
13 26
13 42
13 48
13 33
13 39
20
14 48
14 40
14 17
14 41
14 30
14 12
14 1
14 44
14 26
14 35
14 39
14 24
14 46
14 32
14 49
14 33
14 9
14 38
14 45
14 20
20
15 42
15 32
15 31
15 36
15 40
15 34
15 2
15 33
15 29
15 30
15 13
15 25
15 1
15 26
15 47
15 5
15 23
15 7
15 17
15 43
22
16 49
16 8
16 28
16 48
16 27
16 46
16 33
16 13
16 0
16 43
16 18
16 15
16 32
16 4
16 19
16 38
16 45
16 7
16 26
16 35
16 11
16 47
23
17 27
17 11
17 8
17 38
17 9
17 49
17 35
17 45
17 39
17 41
17 12
17 25
17 44
17 1
17 22
17 16
17 19
17 28
17 23
17 37
17 31
17 42
17 4
13
18 8
18 35
18 48
18 0
18 26
18 19
18 7
18 33
18 39
18 12
18 49
18 25
18 36
18
19 11
19 46
19 7
19 43
19 45
19 40
19 3
19 25
19 8
19 15
19 31
19 44
19 12
19 14
19 36
19 27
19 41
19 47
19
20 12
20 19
20 17
20 49
20 2
20 40
20 8
20 16
20 11
20 6
20 21
20 45
20 15
20 32
20 18
20 46
20 39
20 4
20 48
23
21 14
21 23
21 35
21 13
21 5
21 9
21 10
21 12
21 36
21 19
21 42
21 15
21 26
21 39
21 2
21 48
21 8
21 25
21 22
21 18
21 33
21 6
21 17
20
22 30
22 27
22 16
22 34
22 0
22 13
22 12
22 20
22 28
22 25
22 46
22 14
22 19
22 44
22 8
22 1
22 33
22 43
22 35
22 6
13
23 35
23 12
23 3
23 10
23 29
23 45
23 22
23 34
23 14
23 46
23 30
23 48
23 11
21
24 16
24 30
24 23
24 12
24 8
24 5
24 36
24 26
24 42
24 38
24 35
24 15
24 17
24 33
24 21
24 27
24 0
24 18
24 20
24 22
24 19
16
25 31
25 9
25 47
25 41
25 32
25 12
25 35
25 0
25 34
25 20
25 16
25 42
25 23
25 14
25 13
25 24
19
26 35
26 23
26 5
26 41
26 20
26 28
26 17
26 6
26 12
26 7
26 25
26 36
26 42
26 19
26 44
26 47
26 30
26 34
26 3
21
27 4
27 45
27 31
27 23
27 32
27 5
27 9
27 20
27 21
27 6
27 48
27 47
27 2
27 8
27 44
27 33
27 18
27 46
27 49
27 14
27 39
20
28 5
28 0
28 21
28 39
28 14
28 20
28 35
28 27
28 15
28 10
28 19
28 25
28 33
28 18
28 44
28 49
28 45
28 23
28 31
28 34
21
29 7
29 12
29 18
29 0
29 36
29 19
29 43
29 3
29 17
29 13
29 14
29 9
29 26
29 38
29 22
29 6
29 25
29 40
29 16
29 37
29 41
25
30 25
30 7
30 32
30 10
30 35
30 21
30 19
30 12
30 41
30 20
30 36
30 16
30 44
30 4
30 28
30 31
30 27
30 33
30 17
30 5
30 2
30 42
30 13
30 3
30 29
21
31 16
31 41
31 34
31 33
31 24
31 37
31 26
31 35
31 23
31 5
31 47
31 18
31 12
31 11
31 29
31 14
31 39
31 32
31 3
31 6
31 22
17
32 39
32 29
32 47
32 28
32 23
32 26
32 18
32 19
32 45
32 44
32 2
32 4
32 41
32 35
32 10
32 22
32 13
16
33 23
33 8
33 20
33 9
33 0
33 4
33 17
33 12
33 25
33 45
33 43
33 29
33 36
33 47
33 6
33 32
20
34 1
34 35
34 37
34 32
34 49
34 8
34 29
34 19
34 0
34 10
34 38
34 5
34 14
34 4
34 27
34 33
34 12
34 18
34 43
34 6
17
35 10
35 44
35 3
35 19
35 13
35 29
35 33
35 12
35 39
35 15
35 20
35 6
35 37
35 38
35 47
35 8
35 48
22
36 37
36 48
36 41
36 20
36 27
36 32
36 12
36 34
36 3
36 25
36 17
36 45
36 22
36 23
36 14
36 13
36 35
36 16
36 6
36 1
36 5
36 4
23
37 0
37 20
37 27
37 21
37 28
37 32
37 44
37 24
37 40
37 25
37 19
37 4
37 33
37 10
37 8
37 38
37 1
37 23
37 22
37 18
37 9
37 30
37 7
24
38 3
38 18
38 36
38 47
38 27
38 45
38 41
38 32
38 13
38 23
38 6
38 49
38 48
38 9
38 31
38 21
38 26
38 39
38 25
38 8
38 22
38 15
38 2
38 28
22
39 45
39 23
39 3
39 12
39 37
39 47
39 42
39 36
39 34
39 30
39 11
39 26
39 25
39 44
39 33
39 9
39 7
39 29
39 8
39 16
39 0
39 19
27
40 35
40 18
40 41
40 10
40 3
40 27
40 24
40 43
40 25
40 42
40 34
40 38
40 33
40 21
40 23
40 9
40 46
40 4
40 8
40 44
40 5
40 6
40 2
40 28
40 22
40 36
40 16
11
41 33
41 24
41 5
41 44
41 34
41 23
41 35
41 27
41 20
41 39
41 9
16
42 37
42 16
42 7
42 18
42 36
42 28
42 2
42 27
42 46
42 10
42 5
42 45
42 34
42 32
42 44
42 48
23
43 30
43 23
43 37
43 10
43 14
43 24
43 39
43 1
43 17
43 6
43 46
43 31
43 27
43 20
43 9
43 21
43 35
43 2
43 49
43 25
43 48
43 41
43 28
16
44 21
44 43
44 8
44 16
44 46
44 34
44 24
44 18
44 38
44 4
44 25
44 15
44 9
44 36
44 13
44 10
19
45 34
45 40
45 24
45 37
45 30
45 21
45 15
45 2
45 25
45 44
45 18
45 22
45 48
45 43
45 35
45 11
45 29
45 41
45 13
14
46 28
46 2
46 24
46 1
46 25
46 21
46 41
46 4
46 37
46 18
46 12
46 7
46 38
46 17
19
47 28
47 29
47 37
47 22
47 21
47 11
47 30
47 24
47 42
47 20
47 41
47 43
47 36
47 46
47 8
47 44
47 17
47 14
47 45
21
48 41
48 44
48 19
48 34
48 15
48 37
48 9
48 5
48 10
48 24
48 33
48 28
48 17
48 39
48 11
48 25
48 31
48 3
48 26
48 46
48 8
27
49 46
49 26
49 32
49 47
49 21
49 10
49 29
49 35
49 41
49 5
49 44
49 1
49 31
49 22
49 19
49 30
49 48
49 37
49 40
49 2
49 36
49 33
49 25
49 12
49 45
49 15
49 23
