50
0 "A42"
1 "A45"
2 "A30"
3 "A6"
4 "A3"
5 "A4"
6 "A22"
7 "A1"
8 "A5"
9 "A8"
10 "A26"
11 "A36"
12 "A48"
13 "A49"
14 "A2"
15 "A12"
16 "A14"
17 "A46"
18 "A35"
19 "A34"
20 "A43"
21 "A15"
22 "A20"
23 "A23"
24 "A27"
25 "A9"
26 "A18"
27 "A13"
28 "A0"
29 "A41"
30 "A31"
31 "A17"
32 "A25"
33 "A24"
34 "A47"
35 "A37"
36 "A19"
37 "A10"
38 "A32"
39 "A38"
40 "A7"
41 "A28"
42 "A44"
43 "A16"
44 "A33"
45 "A21"
46 "A40"
47 "A11"
48 "A29"
49 "A39"
21
0 9
0 32
0 30
0 23
0 44
0 45
0 4
0 3
0 34
0 18
0 47
0 22
0 6
0 24
0 8
0 27
0 15
0 38
0 11
0 10
0 37
24
1 49
1 15
1 14
1 18
1 13
1 25
1 20
1 22
1 4
1 17
1 33
1 10
1 29
1 32
1 28
1 7
1 40
1 0
1 11
1 44
1 12
1 46
1 35
1 38
23
2 39
2 46
2 8
2 41
2 42
2 34
2 20
2 6
2 47
2 28
2 21
2 12
2 25
2 37
2 3
2 22
2 13
2 16
2 23
2 38
2 32
2 1
2 27
23
3 14
3 24
3 38
3 7
3 4
3 44
3 49
3 18
3 8
3 39
3 17
3 10
3 33
3 9
3 43
3 41
3 21
3 15
3 46
3 11
3 25
3 45
3 20
18
4 33
4 32
4 5
4 47
4 35
4 23
4 43
4 8
4 10
4 29
4 37
4 17
4 49
4 19
4 25
4 2
4 22
4 44
20
5 49
5 27
5 28
5 26
5 35
5 32
5 2
5 36
5 46
5 8
5 18
5 19
5 14
5 1
5 42
5 25
5 24
5 20
5 38
5 22
22
6 32
6 36
6 15
6 9
6 38
6 45
6 21
6 3
6 10
6 34
6 14
6 44
6 42
6 13
6 11
6 27
6 39
6 48
6 5
6 49
6 24
6 18
20
7 20
7 22
7 31
7 47
7 49
7 28
7 24
7 45
7 15
7 44
7 37
7 26
7 4
7 33
7 42
7 5
7 39
7 35
7 13
7 0
15
8 30
8 18
8 35
8 12
8 14
8 24
8 46
8 45
8 20
8 19
8 42
8 22
8 9
8 26
8 1
22
9 31
9 4
9 14
9 47
9 21
9 12
9 24
9 29
9 23
9 30
9 36
9 5
9 7
9 48
9 2
9 13
9 39
9 40
9 1
9 22
9 16
9 18
20
10 9
10 17
10 43
10 44
10 21
10 47
10 48
10 46
10 2
10 49
10 40
10 11
10 28
10 41
10 20
10 7
10 8
10 45
10 29
10 15
13
11 9
11 31
11 39
11 24
11 13
11 18
11 30
11 23
11 7
11 37
11 36
11 16
11 35
18
12 32
12 10
12 4
12 6
12 43
12 7
12 24
12 13
12 30
12 28
12 48
12 41
12 44
12 0
12 3
12 17
12 34
12 46
18
13 48
13 33
13 31
13 8
13 40
13 28
13 4
13 10
13 5
13 46
13 45
13 20
13 43
13 24
13 17
13 15
13 21
13 14
23
14 46
14 37
14 38
14 39
14 25
14 42
14 24
14 44
14 16
14 45
14 2
14 48
14 31
14 0
14 18
14 35
14 7
14 43
14 4
14 36
14 20
14 32
14 15
16
15 11
15 43
15 5
15 27
15 8
15 22
15 48
15 4
15 38
15 47
15 9
15 23
15 2
15 40
15 31
15 35
19
16 43
16 19
16 8
16 15
16 24
16 1
16 46
16 39
16 13
16 4
16 33
16 10
16 42
16 20
16 23
16 17
16 27
16 36
16 0
20
17 43
17 31
17 0
17 7
17 8
17 15
17 2
17 5
17 30
17 37
17 20
17 27
17 22
17 36
17 11
17 9
17 23
17 6
17 25
17 49
22
18 16
18 34
18 4
18 40
18 44
18 47
18 19
18 43
18 17
18 28
18 29
18 33
18 48
18 30
18 2
18 10
18 22
18 32
18 45
18 13
18 35
18 15
23
19 43
19 2
19 12
19 14
19 13
19 47
19 17
19 15
19 0
19 6
19 42
19 44
19 9
19 30
19 46
19 10
19 31
19 39
19 7
19 34
19 28
19 32
19 35
18
20 49
20 0
20 18
20 21
20 36
20 33
20 34
20 39
20 9
20 32
20 11
20 44
20 48
20 38
20 47
20 35
20 31
20 6
22
21 1
21 17
21 29
21 46
21 32
21 25
21 42
21 22
21 11
21 16
21 38
21 19
21 8
21 39
21 23
21 18
21 44
21 35
21 7
21 37
21 15
21 49
20
22 49
22 28
22 44
22 14
22 10
22 37
22 19
22 20
22 6
22 33
22 13
22 34
22 3
22 12
22 47
22 43
22 40
22 11
22 24
22 25
18
23 14
23 26
23 19
23 8
23 44
23 48
23 43
23 37
23 31
23 32
23 1
23 35
23 22
23 10
23 41
23 5
23 24
23 3
12
24 41
24 27
24 18
24 17
24 46
24 26
24 10
24 2
24 19
24 35
24 45
24 1
23
25 9
25 30
25 19
25 6
25 46
25 32
25 24
25 8
25 31
25 18
25 33
25 12
25 27
25 41
25 45
25 38
25 23
25 49
25 44
25 28
25 20
25 7
25 0
21
26 35
26 2
26 9
26 25
26 1
26 34
26 38
26 11
26 20
26 21
26 10
26 18
26 43
26 29
26 12
26 39
26 31
26 6
26 22
26 41
26 33
24
27 23
27 26
27 33
27 49
27 40
27 47
27 12
27 30
27 39
27 8
27 37
27 13
27 29
27 46
27 3
27 19
27 18
27 21
27 7
27 38
27 9
27 20
27 1
27 14
25
28 3
28 42
28 11
28 17
28 15
28 39
28 46
28 6
28 29
28 26
28 8
28 41
28 16
28 34
28 24
28 4
28 0
28 43
28 14
28 32
28 38
28 31
28 49
28 33
28 40
23
29 7
29 38
29 12
29 34
29 15
29 6
29 44
29 13
29 14
29 37
29 33
29 23
29 22
29 16
29 47
29 11
29 2
29 5
29 19
29 49
29 0
29 42
29 8
19
30 4
30 28
30 1
30 36
30 31
30 23
30 38
30 22
30 44
30 33
30 41
30 15
30 32
30 6
30 3
30 29
30 5
30 42
30 16
18
31 24
31 3
31 41
31 5
31 18
31 40
31 49
31 0
31 27
31 16
31 10
31 22
31 2
31 21
31 45
31 1
31 8
31 29
17
32 11
32 33
32 22
32 42
32 17
32 10
32 26
32 36
32 48
32 27
32 24
32 35
32 49
32 31
32 15
32 29
32 44
18
33 6
33 40
33 0
33 10
33 31
33 5
33 23
33 12
33 24
33 38
33 39
33 34
33 35
33 46
33 15
33 19
33 2
33 9
19
34 35
34 31
34 13
34 10
34 21
34 27
34 3
34 8
34 5
34 42
34 25
34 17
34 11
34 36
34 23
34 30
34 1
34 48
34 4
17
35 28
35 38
35 0
35 36
35 2
35 27
35 17
35 25
35 48
35 13
35 31
35 46
35 29
35 22
35 45
35 37
35 30
20
36 44
36 48
36 19
36 41
36 26
36 2
36 28
36 27
36 33
36 18
36 49
36 0
36 13
36 24
36 4
36 23
36 46
36 1
36 3
36 22
24
37 43
37 25
37 20
37 45
37 9
37 13
37 24
37 34
37 38
37 49
37 48
37 12
37 36
37 6
37 31
37 10
37 8
37 47
37 15
37 41
37 5
37 16
37 1
37 44
21
38 24
38 22
38 16
38 12
38 17
38 42
38 46
38 11
38 34
38 47
38 45
38 49
38 41
38 10
38 19
38 23
38 8
38 44
38 31
38 7
38 13
21
39 40
39 47
39 30
39 32
39 36
39 10
39 4
39 23
39 8
39 48
39 37
39 22
39 35
39 41
39 1
39 5
39 12
39 0
39 31
39 13
39 34
25
40 17
40 23
40 38
40 21
40 26
40 2
40 37
40 20
40 32
40 7
40 14
40 11
40 25
40 4
40 0
40 41
40 19
40 35
40 48
40 47
40 8
40 16
40 29
40 5
40 30
20
41 1
41 42
41 45
41 17
41 7
41 13
41 49
41 22
41 27
41 6
41 43
41 14
41 19
41 21
41 5
41 46
41 15
41 35
41 16
41 20
13
42 35
42 27
42 26
42 1
42 45
42 43
42 25
42 18
42 44
42 24
42 12
42 36
42 23
22
43 39
43 47
43 0
43 48
43 44
43 6
43 2
43 1
43 21
43 9
43 33
43 49
43 35
43 5
43 20
43 40
43 24
43 7
43 25
43 31
43 34
43 29
14
44 28
44 9
44 41
44 33
44 17
44 47
44 26
44 5
44 27
44 40
44 16
44 39
44 34
44 35
16
45 27
45 2
45 30
45 17
45 26
45 5
45 33
45 34
45 29
45 43
45 21
45 22
45 36
45 1
45 32
45 19
16
46 15
46 31
46 43
46 45
46 42
46 17
46 49
46 11
46 18
46 20
46 39
46 29
46 34
46 9
46 37
46 4
14
47 8
47 13
47 12
47 48
47 23
47 32
47 45
47 14
47 11
47 30
47 35
47 36
47 25
47 34
20
48 25
48 22
48 45
48 7
48 26
48 0
48 24
48 19
48 28
48 2
48 31
48 11
48 42
48 27
48 46
48 3
48 4
48 21
48 16
48 17
20
49 13
49 15
49 33
49 11
49 18
49 24
49 8
49 47
49 14
49 0
49 45
49 30
49 16
49 2
49 23
49 12
49 35
49 9
49 44
49 19
