50
0 "A14"
1 "A10"
2 "A33"
3 "A45"
4 "A24"
5 "A49"
6 "A6"
7 "A12"
8 "A28"
9 "A9"
10 "A11"
11 "A27"
12 "A32"
13 "A46"
14 "A48"
15 "A17"
16 "A40"
17 "A18"
18 "A2"
19 "A3"
20 "A8"
21 "A29"
22 "A43"
23 "A7"
24 "A42"
25 "A35"
26 "A36"
27 "A15"
28 "A16"
29 "A39"
30 "A0"
31 "A30"
32 "A23"
33 "A13"
34 "A34"
35 "A44"
36 "A38"
37 "A47"
38 "A1"
39 "A37"
40 "A19"
41 "A4"
42 "A41"
43 "A26"
44 "A5"
45 "A22"
46 "A25"
47 "A31"
48 "A20"
49 "A21"
18
0 33
0 49
0 1
0 19
0 9
0 31
0 39
0 36
0 32
0 2
0 47
0 37
0 40
0 34
0 10
0 20
0 11
0 44
20
1 23
1 35
1 14
1 29
1 8
1 19
1 12
1 37
1 24
1 41
1 15
1 40
1 45
1 38
1 9
1 33
1 42
1 34
1 28
1 6
24
2 8
2 22
2 17
2 11
2 19
2 28
2 13
2 9
2 27
2 14
2 37
2 15
2 33
2 24
2 12
2 30
2 48
2 25
2 35
2 34
2 3
2 20
2 39
2 1
22
3 1
3 35
3 33
3 0
3 24
3 22
3 11
3 36
3 8
3 12
3 28
3 30
3 7
3 42
3 21
3 18
3 13
3 40
3 38
3 37
3 10
3 49
29
4 7
4 14
4 1
4 31
4 38
4 45
4 11
4 3
4 37
4 25
4 26
4 15
4 49
4 2
4 43
4 39
4 20
4 30
4 34
4 23
4 33
4 27
4 5
4 0
4 47
4 9
4 17
4 12
4 46
15
5 0
5 34
5 11
5 2
5 37
5 39
5 49
5 20
5 21
5 23
5 38
5 31
5 27
5 45
5 47
26
6 46
6 49
6 18
6 2
6 3
6 45
6 11
6 32
6 36
6 22
6 42
6 40
6 31
6 47
6 5
6 8
6 20
6 4
6 13
6 39
6 34
6 14
6 29
6 48
6 43
6 19
16
7 49
7 26
7 10
7 2
7 44
7 27
7 20
7 9
7 18
7 32
7 40
7 25
7 0
7 33
7 31
7 47
18
8 26
8 20
8 25
8 45
8 35
8 41
8 47
8 23
8 11
8 36
8 21
8 18
8 30
8 24
8 32
8 43
8 5
8 39
15
9 38
9 13
9 8
9 10
9 19
9 39
9 44
9 48
9 26
9 30
9 34
9 36
9 27
9 28
9 15
16
10 38
10 5
10 24
10 12
10 45
10 13
10 16
10 49
10 44
10 4
10 23
10 27
10 17
10 32
10 8
10 30
16
11 43
11 10
11 37
11 36
11 33
11 44
11 9
11 14
11 1
11 26
11 31
11 25
11 7
11 45
11 19
11 29
17
12 48
12 8
12 15
12 47
12 37
12 20
12 16
12 49
12 0
12 35
12 19
12 11
12 14
12 13
12 9
12 36
12 7
22
13 18
13 20
13 7
13 47
13 30
13 1
13 39
13 0
13 29
13 22
13 44
13 8
13 4
13 23
13 48
13 46
13 5
13 14
13 28
13 16
13 11
13 25
18
14 23
14 48
14 3
14 39
14 34
14 8
14 40
14 44
14 21
14 30
14 49
14 10
14 5
14 37
14 22
14 28
14 42
14 43
20
15 10
15 27
15 34
15 5
15 3
15 23
15 49
15 0
15 22
15 6
15 41
15 31
15 8
15 7
15 30
15 21
15 18
15 16
15 39
15 11
19
16 18
16 11
16 6
16 36
16 0
16 19
16 4
16 8
16 31
16 42
16 25
16 44
16 7
16 45
16 29
16 20
16 43
16 17
16 34
24
17 21
17 34
17 23
17 29
17 30
17 33
17 37
17 46
17 0
17 6
17 43
17 40
17 13
17 7
17 32
17 47
17 45
17 27
17 9
17 18
17 25
17 5
17 15
17 36
19
18 22
18 49
18 14
18 9
18 10
18 4
18 46
18 30
18 35
18 11
18 27
18 43
18 1
18 24
18 44
18 5
18 29
18 12
18 41
24
19 42
19 40
19 36
19 46
19 26
19 4
19 39
19 45
19 28
19 14
19 13
19 43
19 35
19 25
19 23
19 44
19 29
19 3
19 20
19 8
19 47
19 24
19 22
19 17
21
20 11
20 42
20 39
20 46
20 31
20 41
20 17
20 30
20 32
20 9
20 45
20 44
20 1
20 14
20 43
20 10
20 15
20 27
20 36
20 26
20 21
25
21 35
21 6
21 44
21 27
21 37
21 7
21 45
21 46
21 10
21 11
21 28
21 9
21 25
21 31
21 23
21 12
21 38
21 43
21 16
21 40
21 42
21 18
21 47
21 19
21 22
22
22 26
22 11
22 35
22 43
22 23
22 12
22 29
22 34
22 41
22 17
22 5
22 44
22 38
22 0
22 1
22 8
22 16
22 32
22 45
22 33
22 28
22 7
18
23 45
23 34
23 26
23 28
23 43
23 2
23 47
23 6
23 40
23 0
23 32
23 42
23 11
23 9
23 7
23 41
23 16
23 12
22
24 43
24 6
24 25
24 46
24 21
24 4
24 36
24 29
24 47
24 33
24 31
24 23
24 22
24 17
24 9
24 26
24 20
24 7
24 39
24 45
24 27
24 13
19
25 15
25 34
25 18
25 44
25 14
25 12
25 10
25 9
25 39
25 0
25 23
25 22
25 45
25 28
25 49
25 43
25 20
25 6
25 36
19
26 44
26 33
26 2
26 5
26 21
26 13
26 14
26 6
26 41
26 40
26 12
26 28
26 16
26 35
26 15
26 18
26 25
26 1
26 3
16
27 29
27 3
27 32
27 22
27 13
27 45
27 25
27 14
27 31
27 6
27 11
27 0
27 37
27 26
27 8
27 23
17
28 18
28 15
28 8
28 37
28 24
28 11
28 41
28 17
28 48
28 36
28 35
28 0
28 30
28 6
28 7
28 5
28 20
20
29 31
29 15
29 20
29 46
29 28
29 5
29 0
29 9
29 8
29 2
29 7
29 21
29 37
29 48
29 23
29 47
29 10
29 44
29 26
29 25
17
30 29
30 34
30 6
30 25
30 24
30 39
30 16
30 19
30 12
30 46
30 41
30 26
30 36
30 7
30 27
30 21
30 33
22
31 36
31 28
31 3
31 10
31 30
31 17
31 44
31 22
31 26
31 18
31 19
31 25
31 13
31 9
31 42
31 45
31 35
31 46
31 12
31 1
31 14
31 8
22
32 29
32 38
32 24
32 16
32 46
32 5
32 25
32 4
32 1
32 3
32 19
32 11
32 13
32 41
32 2
32 30
32 47
32 37
32 18
32 9
32 45
32 48
21
33 18
33 45
33 15
33 37
33 31
33 40
33 41
33 13
33 9
33 38
33 5
33 6
33 19
33 28
33 29
33 46
33 8
33 49
33 23
33 25
33 14
19
34 7
34 43
34 19
34 31
34 18
34 11
34 12
34 27
34 32
34 3
34 29
34 49
34 10
34 24
34 20
34 8
34 13
34 28
34 41
20
35 14
35 7
35 11
35 20
35 43
35 0
35 47
35 23
35 17
35 24
35 27
35 45
35 30
35 6
35 16
35 5
35 4
35 38
35 13
35 34
14
36 34
36 1
36 5
36 4
36 18
36 38
36 22
36 29
36 35
36 23
36 46
36 32
36 44
36 48
24
37 42
37 15
37 47
37 26
37 45
37 39
37 48
37 9
37 38
37 40
37 36
37 35
37 22
37 20
37 19
37 30
37 31
37 24
37 25
37 6
37 34
37 23
37 10
37 8
18
38 11
38 8
38 49
38 47
38 29
38 28
38 14
38 2
38 39
38 43
38 15
38 30
38 48
38 41
38 19
38 26
38 12
38 27
19
39 26
39 35
39 44
39 42
39 27
39 1
39 34
39 46
39 17
39 18
39 10
39 16
39 40
39 41
39 3
39 43
39 23
39 12
39 21
21
40 25
40 42
40 5
40 11
40 31
40 27
40 12
40 16
40 47
40 38
40 2
40 30
40 46
40 28
40 34
40 22
40 35
40 15
40 4
40 13
40 32
21
41 40
41 47
41 11
41 24
41 37
41 12
41 36
41 25
41 45
41 29
41 9
41 10
41 19
41 4
41 21
41 0
41 2
41 48
41 7
41 16
41 49
21
42 5
42 46
42 30
42 32
42 8
42 34
42 22
42 12
42 0
42 43
42 10
42 28
42 41
42 7
42 13
42 26
42 27
42 44
42 2
42 49
42 17
15
43 45
43 33
43 5
43 29
43 47
43 1
43 40
43 26
43 27
43 7
43 0
43 36
43 12
43 9
43 28
19
44 23
44 38
44 6
44 37
44 27
44 43
44 41
44 40
44 4
44 35
44 28
44 5
44 12
44 1
44 24
44 8
44 30
44 33
44 32
14
45 0
45 46
45 44
45 49
45 29
45 28
45 15
45 3
45 26
45 36
45 38
45 14
45 40
45 2
15
46 14
46 27
46 5
46 15
46 0
46 28
46 16
46 9
46 48
46 25
46 10
46 34
46 22
46 35
46 37
19
47 39
47 31
47 15
47 36
47 2
47 42
47 9
47 34
47 22
47 30
47 46
47 1
47 11
47 18
47 45
47 27
47 26
47 28
47 44
22
48 23
48 8
48 20
48 25
48 45
48 7
48 35
48 1
48 44
48 42
48 31
48 11
48 27
48 47
48 19
48 33
48 21
48 5
48 39
48 4
48 17
48 10
20
49 28
49 2
49 8
49 27
49 39
49 36
49 17
49 22
49 26
49 43
49 13
49 35
49 47
49 9
49 24
49 32
49 40
49 46
49 48
49 44
