50
0 "A14"
1 "A10"
2 "A33"
3 "A45"
4 "A24"
5 "A49"
6 "A6"
7 "A12"
8 "A28"
9 "A9"
10 "A11"
11 "A27"
12 "A32"
13 "A46"
14 "A48"
15 "A17"
16 "A40"
17 "A18"
18 "A2"
19 "A3"
20 "A8"
21 "A29"
22 "A43"
23 "A7"
24 "A42"
25 "A35"
26 "A36"
27 "A15"
28 "A16"
29 "A39"
30 "A0"
31 "A30"
32 "A23"
33 "A13"
34 "A34"
35 "A44"
36 "A38"
37 "A47"
38 "A1"
39 "A37"
40 "A19"
41 "A4"
42 "A41"
43 "A26"
44 "A5"
45 "A22"
46 "A25"
47 "A31"
48 "A20"
49 "A21"
19
0 47
0 26
0 18
0 11
0 33
0 30
0 22
0 43
0 19
0 12
0 3
0 7
0 49
0 31
0 38
0 14
0 35
0 34
0 40
21
1 39
1 11
1 7
1 34
1 20
1 31
1 2
1 0
1 42
1 48
1 26
1 19
1 14
1 6
1 4
1 21
1 33
1 15
1 32
1 9
1 30
21
2 13
2 46
2 4
2 39
2 3
2 0
2 24
2 9
2 5
2 22
2 7
2 15
2 34
2 32
2 36
2 30
2 31
2 11
2 41
2 16
2 23
17
3 1
3 30
3 48
3 38
3 9
3 19
3 8
3 6
3 25
3 42
3 5
3 39
3 17
3 12
3 49
3 15
3 7
22
4 13
4 31
4 44
4 36
4 26
4 20
4 24
4 17
4 14
4 8
4 34
4 19
4 16
4 35
4 28
4 3
4 9
4 43
4 6
4 27
4 39
4 33
19
5 23
5 11
5 31
5 26
5 47
5 42
5 27
5 41
5 0
5 48
5 7
5 4
5 25
5 6
5 39
5 38
5 19
5 46
5 34
22
6 12
6 21
6 24
6 13
6 14
6 30
6 11
6 7
6 48
6 20
6 19
6 49
6 0
6 33
6 25
6 9
6 46
6 44
6 37
6 43
6 35
6 26
13
7 28
7 46
7 42
7 14
7 21
7 25
7 4
7 22
7 26
7 11
7 30
7 10
7 16
20
8 26
8 41
8 45
8 9
8 5
8 38
8 35
8 6
8 12
8 37
8 0
8 25
8 17
8 28
8 31
8 36
8 2
8 10
8 21
8 15
19
9 37
9 28
9 44
9 18
9 22
9 40
9 49
9 13
9 30
9 35
9 31
9 5
9 15
9 41
9 10
9 7
9 23
9 32
9 29
20
10 16
10 32
10 1
10 17
10 14
10 38
10 41
10 47
10 0
10 33
10 48
10 40
10 49
10 13
10 31
10 39
10 29
10 28
10 34
10 18
18
11 40
11 16
11 36
11 24
11 32
11 45
11 44
11 27
11 23
11 31
11 4
11 9
11 17
11 29
11 42
11 47
11 15
11 10
17
12 11
12 19
12 9
12 33
12 5
12 39
12 15
12 2
12 46
12 14
12 27
12 36
12 13
12 16
12 7
12 10
12 28
20
13 47
13 37
13 35
13 5
13 7
13 17
13 45
13 1
13 23
13 41
13 8
13 29
13 26
13 36
13 22
13 49
13 28
13 42
13 11
13 16
19
14 5
14 9
14 24
14 48
14 21
14 38
14 28
14 13
14 39
14 36
14 18
14 42
14 2
14 3
14 16
14 49
14 23
14 35
14 11
16
15 40
15 45
15 26
15 24
15 4
15 10
15 27
15 44
15 16
15 0
15 14
15 5
15 20
15 18
15 35
15 25
18
16 47
16 31
16 0
16 6
16 21
16 37
16 41
16 9
16 42
16 8
16 5
16 32
16 1
16 22
16 48
16 20
16 18
16 3
21
17 46
17 21
17 15
17 41
17 7
17 20
17 16
17 12
17 42
17 5
17 49
17 31
17 34
17 33
17 2
17 32
17 18
17 0
17 24
17 1
17 47
15
18 12
18 22
18 1
18 8
18 38
18 20
18 44
18 42
18 36
18 7
18 40
18 5
18 13
18 4
18 2
21
19 8
19 14
19 43
19 11
19 33
19 7
19 37
19 2
19 26
19 27
19 18
19 17
19 16
19 9
19 34
19 31
19 29
19 32
19 28
19 10
19 49
20
20 9
20 14
20 26
20 25
20 11
20 21
20 22
20 10
20 0
20 2
20 30
20 8
20 34
20 49
20 7
20 31
20 37
20 12
20 3
20 46
26
21 43
21 10
21 49
21 35
21 48
21 41
21 45
21 33
21 32
21 39
21 37
21 29
21 5
21 12
21 24
21 15
21 22
21 2
21 4
21 36
21 11
21 34
21 18
21 3
21 9
21 13
23
22 25
22 12
22 48
22 23
22 41
22 11
22 8
22 6
22 39
22 17
22 15
22 32
22 10
22 42
22 45
22 5
22 26
22 38
22 1
22 37
22 46
22 4
22 29
21
23 42
23 0
23 7
23 27
23 45
23 28
23 41
23 4
23 39
23 34
23 15
23 17
23 6
23 20
23 1
23 3
23 18
23 19
23 12
23 35
23 26
24
24 37
24 19
24 1
24 8
24 48
24 3
24 47
24 28
24 9
24 5
24 46
24 45
24 38
24 20
24 7
24 32
24 12
24 30
24 23
24 31
24 33
24 26
24 25
24 16
17
25 1
25 45
25 9
25 31
25 28
25 16
25 29
25 14
25 0
25 23
25 18
25 27
25 17
25 43
25 30
25 2
25 21
15
26 3
26 35
26 12
26 10
26 17
26 37
26 9
26 34
26 16
26 14
26 18
26 11
26 45
26 21
26 42
21
27 8
27 38
27 31
27 20
27 18
27 9
27 21
27 24
27 49
27 47
27 39
27 0
27 26
27 6
27 30
27 1
27 34
27 43
27 22
27 46
27 10
17
28 11
28 1
28 17
28 0
28 47
28 21
28 36
28 33
28 20
28 35
28 5
28 15
28 49
28 37
28 16
28 3
28 45
25
29 30
29 6
29 15
29 14
29 24
29 8
29 36
29 42
29 0
29 17
29 16
29 44
29 18
29 2
29 12
29 27
29 4
29 23
29 1
29 26
29 7
29 35
29 3
29 28
29 33
19
30 33
30 19
30 44
30 11
30 26
30 22
30 34
30 23
30 17
30 48
30 37
30 13
30 18
30 32
30 5
30 39
30 28
30 16
30 14
18
31 33
31 28
31 26
31 7
31 18
31 41
31 32
31 34
31 23
31 6
31 45
31 43
31 30
31 22
31 15
31 49
31 39
31 46
16
32 25
32 46
32 18
32 3
32 37
32 6
32 26
32 12
32 4
32 13
32 28
32 42
32 7
32 29
32 14
32 33
17
33 41
33 11
33 16
33 13
33 22
33 46
33 48
33 7
33 44
33 38
33 2
33 35
33 18
33 43
33 37
33 25
33 26
20
34 3
34 33
34 37
34 25
34 8
34 28
34 29
34 39
34 47
34 13
34 32
34 14
34 40
34 6
34 22
34 11
34 18
34 9
34 38
34 16
17
35 10
35 11
35 22
35 27
35 42
35 3
35 16
35 1
35 17
35 12
35 34
35 32
35 18
35 45
35 37
35 5
35 19
19
36 33
36 41
36 17
36 44
36 32
36 35
36 30
36 22
36 34
36 45
36 24
36 15
36 23
36 27
36 1
36 20
36 0
36 46
36 10
17
37 41
37 11
37 39
37 7
37 38
37 10
37 47
37 2
37 17
37 14
37 18
37 25
37 23
37 48
37 43
37 15
37 0
22
38 6
38 16
38 32
38 12
38 35
38 26
38 41
38 31
38 17
38 30
38 45
38 39
38 9
38 21
38 25
38 15
38 20
38 28
38 43
38 47
38 36
38 1
12
39 47
39 6
39 44
39 26
39 9
39 15
39 7
39 46
39 24
39 33
39 29
39 49
21
40 32
40 33
40 28
40 12
40 21
40 6
40 30
40 17
40 3
40 22
40 7
40 4
40 16
40 43
40 36
40 31
40 20
40 5
40 38
40 48
40 2
17
41 14
41 29
41 18
41 12
41 32
41 11
41 6
41 45
41 48
41 46
41 30
41 20
41 19
41 25
41 1
41 35
41 39
23
42 39
42 45
42 37
42 20
42 30
42 31
42 33
42 21
42 2
42 34
42 40
42 6
42 15
42 27
42 24
42 8
42 9
42 44
42 46
42 25
42 10
42 4
42 36
26
43 28
43 20
43 3
43 29
43 14
43 42
43 15
43 41
43 30
43 26
43 35
43 5
43 16
43 23
43 34
43 7
43 11
43 46
43 9
43 24
43 32
43 18
43 36
43 48
43 22
43 13
20
44 2
44 38
44 12
44 35
44 21
44 24
44 14
44 16
44 7
44 31
44 49
44 25
44 48
44 37
44 1
44 34
44 17
44 0
44 46
44 20
21
45 43
45 37
45 6
45 5
45 3
45 1
45 18
45 9
45 32
45 29
45 7
45 14
45 30
45 39
45 33
45 40
45 27
45 10
45 17
45 49
45 16
22
46 34
46 45
46 49
46 0
46 29
46 16
46 21
46 37
46 11
46 30
46 13
46 47
46 23
46 35
46 40
46 25
46 38
46 18
46 10
46 19
46 4
46 9
25
47 21
47 14
47 19
47 44
47 42
47 40
47 1
47 41
47 4
47 36
47 45
47 33
47 29
47 35
47 32
47 43
47 3
47 23
47 20
47 7
47 15
47 25
47 9
47 49
47 22
21
48 19
48 26
48 38
48 47
48 23
48 4
48 39
48 32
48 28
48 2
48 46
48 42
48 0
48 9
48 25
48 15
48 13
48 8
48 17
48 49
48 12
20
49 36
49 38
49 43
49 25
49 40
49 12
49 33
49 22
49 30
49 37
49 23
49 24
49 29
49 11
49 2
49 18
49 41
49 35
49 34
49 8
