50
0 "A14"
1 "A10"
2 "A33"
3 "A45"
4 "A24"
5 "A49"
6 "A6"
7 "A12"
8 "A28"
9 "A9"
10 "A11"
11 "A27"
12 "A32"
13 "A46"
14 "A48"
15 "A17"
16 "A40"
17 "A18"
18 "A2"
19 "A3"
20 "A8"
21 "A29"
22 "A43"
23 "A7"
24 "A42"
25 "A35"
26 "A36"
27 "A15"
28 "A16"
29 "A39"
30 "A0"
31 "A30"
32 "A23"
33 "A13"
34 "A34"
35 "A44"
36 "A38"
37 "A47"
38 "A1"
39 "A37"
40 "A19"
41 "A4"
42 "A41"
43 "A26"
44 "A5"
45 "A22"
46 "A25"
47 "A31"
48 "A20"
49 "A21"
24
0 23
0 14
0 9
0 27
0 41
0 21
0 31
0 39
0 30
0 34
0 3
0 12
0 42
0 1
0 32
0 44
0 38
0 33
0 16
0 2
0 8
0 10
0 13
0 4
22
1 20
1 13
1 7
1 44
1 15
1 18
1 38
1 23
1 33
1 30
1 41
1 40
1 8
1 16
1 4
1 24
1 29
1 34
1 42
1 45
1 22
1 9
18
2 3
2 32
2 25
2 30
2 45
2 20
2 1
2 11
2 22
2 15
2 12
2 37
2 19
2 39
2 28
2 34
2 13
2 24
22
3 31
3 30
3 37
3 1
3 12
3 24
3 19
3 7
3 13
3 35
3 44
3 42
3 26
3 33
3 16
3 49
3 22
3 40
3 8
3 4
3 10
3 36
20
4 31
4 45
4 10
4 29
4 8
4 12
4 22
4 43
4 41
4 33
4 21
4 14
4 7
4 37
4 5
4 17
4 20
4 30
4 39
4 28
17
5 47
5 21
5 45
5 18
5 3
5 49
5 42
5 31
5 11
5 25
5 15
5 14
5 43
5 41
5 0
5 2
5 38
19
6 2
6 10
6 14
6 11
6 32
6 34
6 43
6 5
6 30
6 36
6 9
6 35
6 19
6 24
6 31
6 44
6 46
6 49
6 17
18
7 49
7 38
7 26
7 24
7 46
7 20
7 9
7 0
7 47
7 2
7 19
7 37
7 39
7 23
7 5
7 44
7 45
7 27
23
8 45
8 43
8 42
8 23
8 19
8 30
8 26
8 39
8 18
8 16
8 25
8 34
8 49
8 20
8 7
8 14
8 22
8 24
8 33
8 2
8 44
8 5
8 35
23
9 44
9 30
9 8
9 13
9 41
9 11
9 18
9 25
9 37
9 33
9 23
9 19
9 15
9 39
9 27
9 45
9 42
9 46
9 12
9 35
9 34
9 3
9 17
21
10 44
10 33
10 17
10 28
10 42
10 32
10 39
10 11
10 21
10 49
10 15
10 23
10 40
10 7
10 48
10 18
10 25
10 34
10 24
10 13
10 38
16
11 25
11 17
11 37
11 8
11 44
11 32
11 30
11 45
11 46
11 29
11 15
11 1
11 14
11 35
11 43
11 0
19
12 7
12 15
12 11
12 1
12 17
12 19
12 14
12 27
12 37
12 45
12 18
12 8
12 6
12 23
12 34
12 16
12 36
12 48
12 42
17
13 34
13 12
13 20
13 11
13 18
13 24
13 17
13 21
13 40
13 38
13 7
13 31
13 33
13 46
13 5
13 44
13 41
17
14 37
14 39
14 34
14 26
14 40
14 43
14 2
14 22
14 3
14 21
14 18
14 10
14 7
14 41
14 45
14 49
14 32
20
15 3
15 41
15 48
15 30
15 19
15 14
15 8
15 49
15 39
15 16
15 0
15 42
15 23
15 31
15 7
15 45
15 6
15 26
15 22
15 47
19
16 9
16 20
16 31
16 40
16 4
16 17
16 6
16 11
16 43
16 2
16 26
16 7
16 35
16 5
16 22
16 33
16 37
16 46
16 36
17
17 15
17 7
17 21
17 36
17 1
17 49
17 14
17 5
17 25
17 27
17 37
17 8
17 48
17 41
17 42
17 29
17 44
14
18 37
18 4
18 30
18 15
18 40
18 27
18 11
18 2
18 45
18 0
18 7
18 31
18 46
18 28
21
19 10
19 21
19 14
19 44
19 37
19 5
19 29
19 49
19 27
19 17
19 26
19 1
19 16
19 45
19 36
19 28
19 46
19 24
19 4
19 30
19 42
23
20 26
20 10
20 3
20 22
20 31
20 44
20 32
20 21
20 17
20 12
20 46
20 0
20 37
20 42
20 45
20 6
20 27
20 5
20 36
20 30
20 15
20 9
20 18
22
21 30
21 2
21 43
21 18
21 16
21 36
21 15
21 39
21 45
21 38
21 7
21 22
21 9
21 3
21 23
21 49
21 37
21 41
21 11
21 25
21 34
21 6
17
22 0
22 17
22 39
22 6
22 44
22 38
22 5
22 34
22 19
22 41
22 31
22 23
22 12
22 28
22 29
22 11
22 18
17
23 48
23 4
23 49
23 11
23 44
23 18
23 6
23 29
23 24
23 3
23 38
23 28
23 43
23 34
23 32
23 19
23 17
25
24 5
24 40
24 34
24 38
24 20
24 46
24 21
24 37
24 18
24 30
24 0
24 25
24 43
24 29
24 12
24 42
24 35
24 28
24 31
24 4
24 17
24 11
24 22
24 27
24 47
19
25 14
25 31
25 44
25 16
25 28
25 18
25 0
25 13
25 35
25 15
25 36
25 4
25 43
25 20
25 3
25 42
25 34
25 23
25 7
26
26 10
26 35
26 12
26 22
26 2
26 33
26 6
26 40
26 4
26 9
26 47
26 41
26 17
26 0
26 32
26 48
26 23
26 24
26 39
26 46
26 21
26 44
26 49
26 1
26 13
26 5
20
27 4
27 16
27 28
27 6
27 15
27 22
27 23
27 32
27 47
27 2
27 13
27 21
27 25
27 43
27 41
27 1
27 8
27 14
27 11
27 3
19
28 36
28 6
28 14
28 9
28 33
28 7
28 15
28 12
28 11
28 41
28 1
28 42
28 16
28 17
28 44
28 5
28 31
28 35
28 3
26
29 37
29 2
29 28
29 7
29 10
29 27
29 30
29 0
29 21
29 45
29 48
29 42
29 15
29 8
29 43
29 26
29 5
29 46
29 44
29 39
29 12
29 18
29 6
29 14
29 20
29 9
17
30 26
30 36
30 7
30 45
30 42
30 28
30 31
30 10
30 33
30 27
30 37
30 34
30 14
30 5
30 22
30 17
30 46
13
31 36
31 8
31 10
31 43
31 17
31 45
31 19
31 34
31 23
31 26
31 32
31 37
31 12
22
32 29
32 35
32 46
32 13
32 9
32 48
32 19
32 1
32 17
32 25
32 45
32 21
32 30
32 24
32 43
32 28
32 16
32 15
32 18
32 41
32 38
32 33
25
33 15
33 37
33 43
33 40
33 23
33 29
33 20
33 22
33 44
33 49
33 17
33 27
33 47
33 21
33 2
33 38
33 46
33 14
33 11
33 12
33 6
33 7
33 5
33 45
33 41
14
34 33
34 4
34 44
34 16
34 38
34 3
34 39
34 35
34 27
34 32
34 17
34 7
34 49
34 15
20
35 15
35 20
35 0
35 31
35 14
35 33
35 38
35 40
35 41
35 19
35 2
35 29
35 12
35 5
35 23
35 45
35 21
35 17
35 18
35 42
17
36 22
36 2
36 48
36 0
36 29
36 4
36 27
36 8
36 14
36 38
36 42
36 10
36 33
36 18
36 15
36 11
36 34
21
37 8
37 13
37 27
37 43
37 25
37 49
37 32
37 35
37 28
37 0
37 10
37 46
37 47
37 15
37 5
37 34
37 45
37 26
37 6
37 22
37 40
22
38 19
38 4
38 8
38 28
38 31
38 15
38 3
38 37
38 11
38 6
38 27
38 12
38 42
38 41
38 17
38 18
38 47
38 43
38 25
38 9
38 14
38 39
18
39 18
39 30
39 37
39 25
39 5
39 1
39 3
39 41
39 46
39 20
39 17
39 44
39 35
39 49
39 43
39 31
39 12
39 13
25
40 8
40 7
40 27
40 34
40 30
40 42
40 6
40 48
40 12
40 39
40 15
40 36
40 47
40 5
40 20
40 32
40 38
40 19
40 2
40 11
40 41
40 0
40 9
40 25
40 22
20
41 11
41 19
41 25
41 30
41 29
41 43
41 10
41 47
41 36
41 12
41 7
41 23
41 37
41 16
41 2
41 6
41 24
41 42
41 18
41 3
12
42 18
42 11
42 27
42 16
42 21
42 43
42 33
42 31
42 14
42 23
42 45
42 37
14
43 1
43 3
43 0
43 18
43 12
43 9
43 48
43 44
43 15
43 36
43 35
43 7
43 2
43 30
19
44 49
44 35
44 14
44 40
44 5
44 27
44 15
44 37
44 48
44 32
44 18
44 2
44 12
44 30
44 41
44 47
44 16
44 21
44 38
12
45 43
45 6
45 41
45 17
45 10
45 38
45 49
45 16
45 25
45 23
45 44
45 28
22
46 43
46 1
46 14
46 27
46 34
46 4
46 40
46 44
46 15
46 12
46 31
46 38
46 21
46 45
46 36
46 28
46 0
46 5
46 35
46 25
46 41
46 10
23
47 39
47 30
47 1
47 18
47 28
47 11
47 6
47 45
47 2
47 31
47 20
47 22
47 17
47 34
47 16
47 10
47 19
47 14
47 43
47 36
47 3
47 35
47 42
25
48 13
48 21
48 24
48 39
48 34
48 4
48 16
48 42
48 18
48 38
48 2
48 45
48 19
48 31
48 11
48 28
48 9
48 1
48 27
48 20
48 6
48 22
48 35
48 37
48 3
18
49 46
49 30
49 48
49 35
49 4
49 47
49 22
49 27
49 13
49 2
49 29
49 11
49 42
49 36
49 20
49 40
49 1
49 28
