50
0 "A26"
1 "A30"
2 "A5"
3 "A23"
4 "A34"
5 "A4"
6 "A2"
7 "A28"
8 "A39"
9 "A12"
10 "A44"
11 "A48"
12 "A24"
13 "A11"
14 "A45"
15 "A21"
16 "A38"
17 "A20"
18 "A22"
19 "A10"
20 "A7"
21 "A19"
22 "A41"
23 "A40"
24 "A47"
25 "A36"
26 "A37"
27 "A3"
28 "A15"
29 "A13"
30 "A32"
31 "A0"
32 "A8"
33 "A27"
34 "A33"
35 "A25"
36 "A17"
37 "A14"
38 "A18"
39 "A42"
40 "A6"
41 "A35"
42 "A43"
43 "A49"
44 "A16"
45 "A1"
46 "A46"
47 "A9"
48 "A31"
49 "A29"
12
0 38
0 20
0 14
0 22
0 13
0 44
0 48
0 25
0 42
0 30
0 41
0 8
17
1 13
1 24
1 12
1 44
1 7
1 9
1 0
1 15
1 39
1 8
1 3
1 45
1 21
1 10
1 5
1 46
1 4
16
2 45
2 13
2 19
2 12
2 16
2 0
2 9
2 43
2 33
2 20
2 21
2 47
2 5
2 41
2 42
2 17
22
3 14
3 9
3 26
3 27
3 37
3 44
3 31
3 6
3 33
3 32
3 2
3 35
3 30
3 25
3 10
3 41
3 49
3 18
3 28
3 42
3 46
3 24
17
4 15
4 2
4 42
4 18
4 30
4 22
4 41
4 3
4 34
4 25
4 45
4 29
4 0
4 12
4 14
4 31
4 20
15
5 30
5 15
5 0
5 4
5 27
5 10
5 8
5 47
5 40
5 9
5 21
5 34
5 16
5 39
5 46
15
6 2
6 37
6 43
6 1
6 10
6 21
6 23
6 46
6 35
6 17
6 0
6 15
6 22
6 4
6 14
16
7 3
7 30
7 37
7 12
7 4
7 43
7 2
7 10
7 6
7 39
7 5
7 19
7 38
7 36
7 33
7 18
21
8 6
8 39
8 19
8 16
8 9
8 13
8 10
8 30
8 14
8 32
8 15
8 28
8 23
8 37
8 7
8 25
8 4
8 36
8 44
8 49
8 43
18
9 12
9 27
9 36
9 31
9 45
9 29
9 44
9 49
9 13
9 39
9 41
9 25
9 17
9 0
9 33
9 30
9 4
9 48
17
10 9
10 19
10 37
10 34
10 11
10 26
10 16
10 32
10 38
10 2
10 31
10 44
10 14
10 20
10 48
10 49
10 17
21
11 33
11 1
11 44
11 41
11 15
11 24
11 18
11 2
11 8
11 42
11 19
11 21
11 31
11 3
11 4
11 9
11 27
11 40
11 7
11 28
11 14
25
12 26
12 21
12 40
12 28
12 43
12 3
12 8
12 17
12 36
12 23
12 0
12 29
12 47
12 35
12 31
12 5
12 6
12 10
12 24
12 49
12 39
12 37
12 33
12 48
12 45
22
13 4
13 27
13 40
13 5
13 10
13 23
13 7
13 11
13 14
13 44
13 43
13 39
13 6
13 47
13 29
13 16
13 12
13 41
13 17
13 30
13 46
13 37
14
14 48
14 20
14 9
14 38
14 22
14 40
14 31
14 1
14 7
14 17
14 28
14 35
14 36
14 5
21
15 40
15 48
15 45
15 20
15 18
15 16
15 49
15 47
15 28
15 13
15 43
15 14
15 32
15 38
15 3
15 9
15 37
15 36
15 35
15 7
15 12
20
16 38
16 26
16 21
16 35
16 9
16 17
16 42
16 45
16 25
16 48
16 37
16 19
16 40
16 34
16 6
16 14
16 23
16 30
16 7
16 33
18
17 36
17 41
17 3
17 48
17 11
17 32
17 35
17 33
17 15
17 5
17 0
17 19
17 45
17 8
17 30
17 39
17 49
17 1
25
18 0
18 5
18 2
18 20
18 12
18 19
18 29
18 13
18 22
18 32
18 17
18 6
18 9
18 16
18 1
18 30
18 47
18 27
18 36
18 38
18 44
18 23
18 42
18 40
18 34
18
19 47
19 15
19 25
19 0
19 33
19 6
19 9
19 20
19 30
19 42
19 23
19 45
19 29
19 4
19 34
19 31
19 36
19 13
20
20 28
20 36
20 8
20 9
20 1
20 3
20 40
20 13
20 17
20 30
20 35
20 12
20 38
20 43
20 6
20 7
20 37
20 27
20 11
20 44
21
21 40
21 34
21 7
21 30
21 0
21 45
21 42
21 31
21 15
21 19
21 20
21 46
21 26
21 33
21 25
21 18
21 36
21 14
21 23
21 32
21 48
18
22 25
22 23
22 3
22 7
22 19
22 30
22 5
22 16
22 43
22 34
22 39
22 12
22 42
22 27
22 10
22 11
22 8
22 35
27
23 2
23 38
23 15
23 42
23 24
23 10
23 27
23 5
23 0
23 28
23 41
23 44
23 37
23 45
23 40
23 4
23 17
23 48
23 1
23 33
23 29
23 3
23 20
23 49
23 46
23 7
23 30
26
24 9
24 47
24 22
24 45
24 27
24 44
24 36
24 16
24 19
24 49
24 15
24 18
24 30
24 37
24 8
24 5
24 33
24 7
24 31
24 13
24 6
24 0
24 32
24 35
24 4
24 48
26
25 23
25 12
25 26
25 33
25 44
25 36
25 15
25 5
25 41
25 11
25 18
25 27
25 24
25 40
25 20
25 13
25 43
25 1
25 2
25 46
25 14
25 17
25 29
25 45
25 37
25 7
24
26 5
26 38
26 9
26 23
26 32
26 49
26 6
26 2
26 35
26 43
26 24
26 17
26 22
26 20
26 19
26 47
26 1
26 14
26 18
26 0
26 11
26 8
26 27
26 13
21
27 39
27 32
27 47
27 17
27 21
27 38
27 0
27 15
27 42
27 46
27 30
27 16
27 1
27 31
27 6
27 12
27 41
27 36
27 14
27 8
27 19
23
28 7
28 25
28 34
28 5
28 10
28 35
28 26
28 27
28 40
28 6
28 48
28 9
28 36
28 19
28 18
28 22
28 1
28 21
28 0
28 24
28 2
28 31
28 30
22
29 44
29 36
29 39
29 43
29 30
29 35
29 2
29 49
29 6
29 15
29 10
29 5
29 40
29 17
29 42
29 16
29 1
29 14
29 46
29 8
29 26
29 0
12
30 11
30 25
30 1
30 6
30 12
30 43
30 2
30 42
30 34
30 26
30 14
30 10
20
31 47
31 0
31 32
31 25
31 18
31 15
31 6
31 22
31 16
31 48
31 8
31 35
31 2
31 49
31 42
31 38
31 44
31 37
31 26
31 45
19
32 12
32 23
32 13
32 48
32 16
32 42
32 9
32 0
32 14
32 44
32 49
32 38
32 20
32 5
32 7
32 39
32 30
32 19
32 36
21
33 20
33 4
33 28
33 29
33 6
33 39
33 15
33 47
33 48
33 14
33 43
33 13
33 10
33 40
33 45
33 34
33 31
33 49
33 30
33 8
33 27
24
34 3
34 24
34 35
34 9
34 49
34 6
34 40
34 23
34 43
34 29
34 46
34 7
34 48
34 14
34 0
34 39
34 15
34 41
34 12
34 20
34 1
34 2
34 13
34 47
17
35 4
35 18
35 9
35 48
35 8
35 45
35 25
35 5
35 39
35 23
35 13
35 11
35 33
35 36
35 19
35 32
35 10
16
36 6
36 3
36 43
36 1
36 22
36 26
36 38
36 33
36 42
36 10
36 2
36 48
36 13
36 5
36 11
36 49
21
37 47
37 18
37 27
37 32
37 39
37 35
37 41
37 28
37 14
37 26
37 2
37 43
37 4
37 33
37 19
37 5
37 0
37 1
37 21
37 38
37 17
22
38 6
38 39
38 35
38 28
38 17
38 29
38 43
38 1
38 33
38 11
38 2
38 44
38 4
38 13
38 3
38 19
38 48
38 45
38 42
38 21
38 34
38 5
17
39 28
39 6
39 41
39 30
39 48
39 3
39 36
39 24
39 49
39 18
39 19
39 20
39 0
39 16
39 43
39 15
39 42
16
40 3
40 31
40 2
40 19
40 9
40 38
40 39
40 41
40 44
40 8
40 24
40 27
40 37
40 17
40 26
40 35
20
41 18
41 12
41 38
41 5
41 14
41 49
41 19
41 16
41 43
41 6
41 1
41 44
41 35
41 33
41 26
41 32
41 42
41 24
41 10
41 31
21
42 37
42 28
42 10
42 24
42 1
42 14
42 44
42 6
42 40
42 35
42 9
42 8
42 33
42 25
42 49
42 12
42 13
42 15
42 47
42 5
42 34
17
43 23
43 28
43 10
43 14
43 45
43 48
43 31
43 27
43 5
43 16
43 11
43 0
43 24
43 1
43 18
43 32
43 3
20
44 7
44 30
44 14
44 22
44 34
44 17
44 16
44 45
44 27
44 2
44 33
44 35
44 49
44 43
44 46
44 12
44 5
44 4
44 26
44 37
24
45 22
45 41
45 37
45 18
45 6
45 20
45 29
45 10
45 49
45 34
45 11
45 27
45 14
45 5
45 13
45 36
45 39
45 8
45 46
45 0
45 48
45 7
45 40
45 3
19
46 2
46 30
46 40
46 38
46 9
46 43
46 31
46 19
46 47
46 4
46 7
46 36
46 11
46 42
46 28
46 12
46 49
46 32
46 18
23
47 8
47 20
47 6
47 9
47 28
47 22
47 44
47 39
47 4
47 25
47 16
47 14
47 21
47 3
47 1
47 29
47 38
47 35
47 11
47 41
47 7
47 23
47 45
16
48 19
48 49
48 2
48 6
48 26
48 27
48 37
48 25
48 5
48 46
48 20
48 47
48 18
48 42
48 30
48 29
17
49 20
49 37
49 5
49 19
49 28
49 16
49 21
49 27
49 18
49 38
49 11
49 6
49 43
49 0
49 7
49 40
49 35
