50
0 "A13"
1 "A26"
2 "A34"
3 "A31"
4 "A29"
5 "A16"
6 "A33"
7 "A37"
8 "A25"
9 "A32"
10 "A7"
11 "A1"
12 "A5"
13 "A23"
14 "A49"
15 "A43"
16 "A9"
17 "A44"
18 "A3"
19 "A2"
20 "A17"
21 "A39"
22 "A36"
23 "A15"
24 "A48"
25 "A6"
26 "A30"
27 "A41"
28 "A42"
29 "A40"
30 "A11"
31 "A27"
32 "A22"
33 "A46"
34 "A20"
35 "A8"
36 "A45"
37 "A19"
38 "A24"
39 "A14"
40 "A28"
41 "A4"
42 "A38"
43 "A21"
44 "A47"
45 "A10"
46 "A0"
47 "A35"
48 "A12"
49 "A18"
21
0 13
0 44
0 14
0 42
0 18
0 46
0 10
0 29
0 8
0 30
0 3
0 21
0 1
0 40
0 7
0 16
0 22
0 25
0 17
0 19
0 31
23
1 33
1 14
1 43
1 18
1 8
1 21
1 24
1 22
1 9
1 3
1 17
1 40
1 10
1 4
1 44
1 49
1 46
1 15
1 37
1 2
1 45
1 30
1 34
16
2 13
2 12
2 42
2 46
2 23
2 47
2 27
2 44
2 32
2 16
2 40
2 4
2 0
2 3
2 14
2 8
17
3 42
3 11
3 32
3 4
3 30
3 47
3 12
3 8
3 27
3 13
3 15
3 25
3 48
3 46
3 20
3 28
3 36
25
4 13
4 26
4 9
4 42
4 44
4 5
4 34
4 30
4 18
4 28
4 41
4 48
4 20
4 0
4 29
4 16
4 35
4 8
4 32
4 49
4 15
4 36
4 38
4 45
4 39
23
5 49
5 0
5 31
5 18
5 28
5 27
5 37
5 13
5 24
5 7
5 21
5 41
5 35
5 6
5 30
5 11
5 36
5 2
5 47
5 1
5 48
5 3
5 8
19
6 14
6 23
6 11
6 16
6 27
6 10
6 32
6 40
6 25
6 4
6 43
6 12
6 2
6 41
6 24
6 7
6 45
6 36
6 15
18
7 12
7 3
7 32
7 37
7 27
7 21
7 4
7 44
7 47
7 14
7 33
7 42
7 9
7 18
7 19
7 40
7 41
7 35
18
8 24
8 23
8 39
8 7
8 45
8 14
8 38
8 6
8 40
8 46
8 48
8 37
8 43
8 27
8 36
8 21
8 32
8 18
21
9 18
9 2
9 31
9 16
9 20
9 47
9 10
9 41
9 21
9 5
9 19
9 14
9 33
9 49
9 22
9 37
9 35
9 8
9 43
9 29
9 24
15
10 29
10 4
10 28
10 3
10 22
10 19
10 37
10 17
10 25
10 16
10 49
10 44
10 13
10 45
10 26
26
11 49
11 22
11 20
11 43
11 13
11 44
11 8
11 37
11 9
11 38
11 16
11 36
11 18
11 35
11 0
11 32
11 29
11 15
11 24
11 48
11 30
11 14
11 17
11 42
11 26
11 2
21
12 25
12 44
12 21
12 10
12 49
12 18
12 47
12 16
12 38
12 45
12 9
12 14
12 36
12 23
12 26
12 8
12 1
12 31
12 5
12 27
12 17
20
13 46
13 23
13 43
13 45
13 41
13 40
13 12
13 21
13 29
13 47
13 24
13 8
13 20
13 37
13 14
13 15
13 44
13 25
13 28
13 33
17
14 28
14 17
14 36
14 5
14 16
14 30
14 25
14 45
14 18
14 22
14 26
14 15
14 35
14 10
14 3
14 32
14 38
18
15 27
15 39
15 46
15 31
15 23
15 38
15 34
15 43
15 32
15 5
15 25
15 9
15 30
15 28
15 19
15 22
15 0
15 8
13
16 1
16 40
16 41
16 5
16 29
16 37
16 18
16 35
16 26
16 27
16 8
16 34
16 45
17
17 47
17 44
17 16
17 32
17 46
17 26
17 49
17 29
17 6
17 24
17 9
17 19
17 43
17 23
17 36
17 7
17 48
11
18 44
18 20
18 24
18 45
18 40
18 34
18 46
18 17
18 48
18 30
18 41
22
19 18
19 20
19 43
19 24
19 39
19 12
19 1
19 14
19 35
19 46
19 48
19 40
19 16
19 36
19 29
19 6
19 28
19 33
19 31
19 2
19 3
19 22
19
20 35
20 17
20 24
20 21
20 2
20 0
20 37
20 16
20 45
20 28
20 10
20 14
20 30
20 26
20 42
20 12
20 36
20 34
20 22
23
21 28
21 29
21 14
21 42
21 19
21 22
21 44
21 31
21 10
21 3
21 47
21 40
21 38
21 43
21 39
21 16
21 41
21 33
21 45
21 6
21 49
21 2
21 15
21
22 5
22 30
22 3
22 34
22 23
22 45
22 46
22 4
22 13
22 39
22 18
22 27
22 7
22 28
22 2
22 40
22 17
22 35
22 41
22 12
22 48
22
23 32
23 39
23 19
23 34
23 11
23 1
23 47
23 41
23 10
23 3
23 20
23 46
23 16
23 28
23 36
23 5
23 49
23 27
23 33
23 44
23 7
23 0
22
24 30
24 49
24 29
24 41
24 36
24 0
24 4
24 21
24 2
24 34
24 40
24 23
24 39
24 26
24 14
24 3
24 22
24 28
24 38
24 12
24 42
24 7
20
25 46
25 17
25 34
25 27
25 35
25 33
25 29
25 48
25 21
25 8
25 41
25 16
25 18
25 28
25 11
25 22
25 24
25 1
25 20
25 19
18
26 18
26 48
26 29
26 47
26 9
26 21
26 1
26 5
26 0
26 15
26 23
26 7
26 42
26 19
26 25
26 27
26 44
26 6
16
27 19
27 32
27 28
27 44
27 49
27 20
27 11
27 47
27 4
27 24
27 35
27 31
27 38
27 34
27 17
27 0
12
28 34
28 12
28 32
28 7
28 41
28 0
28 6
28 39
28 48
28 44
28 2
28 33
20
29 35
29 5
29 14
29 42
29 6
29 30
29 8
29 39
29 40
29 2
29 22
29 20
29 1
29 23
29 27
29 32
29 43
29 3
29 36
29 38
26
30 33
30 31
30 12
30 21
30 28
30 13
30 40
30 34
30 7
30 9
30 35
30 36
30 46
30 2
30 19
30 23
30 47
30 6
30 17
30 8
30 37
30 43
30 32
30 49
30 10
30 16
20
31 14
31 28
31 11
31 8
31 29
31 17
31 3
31 26
31 20
31 13
31 4
31 41
31 6
31 16
31 33
31 22
31 23
31 49
31 2
31 25
15
32 35
32 9
32 44
32 0
32 47
32 18
32 20
32 21
32 5
32 10
32 13
32 24
32 49
32 42
32 26
16
33 39
33 26
33 12
33 11
33 3
33 4
33 5
33 43
33 47
33 44
33 32
33 2
33 10
33 15
33 6
33 0
21
34 7
34 35
34 38
34 49
34 13
34 37
34 36
34 3
34 31
34 8
34 33
34 2
34 9
34 39
34 14
34 5
34 21
34 12
34 44
34 40
34 19
23
35 23
35 31
35 6
35 1
35 39
35 41
35 24
35 28
35 37
35 18
35 17
35 15
35 26
35 2
35 43
35 46
35 13
35 10
35 8
35 47
35 0
35 49
35 12
20
36 2
36 37
36 25
36 31
36 26
36 35
36 16
36 15
36 38
36 32
36 27
36 43
36 41
36 13
36 21
36 1
36 42
36 18
36 9
36 33
24
37 18
37 4
37 26
37 3
37 33
37 25
37 6
37 31
37 28
37 32
37 23
37 19
37 14
37 43
37 12
37 27
37 22
37 2
37 15
37 38
37 47
37 21
37 48
37 17
21
38 2
38 7
38 5
38 42
38 6
38 39
38 9
38 3
38 43
38 48
38 10
38 23
38 32
38 28
38 25
38 46
38 33
38 1
38 26
38 19
38 49
24
39 25
39 2
39 18
39 5
39 11
39 27
39 36
39 31
39 1
39 37
39 49
39 13
39 0
39 3
39 46
39 6
39 32
39 41
39 10
39 30
39 40
39 9
39 12
39 14
18
40 32
40 4
40 38
40 26
40 23
40 43
40 48
40 33
40 45
40 15
40 12
40 27
40 46
40 37
40 36
40 17
40 44
40 14
20
41 27
41 44
41 10
41 12
41 38
41 46
41 19
41 48
41 8
41 26
41 1
41 11
41 33
41 30
41 0
41 29
41 14
41 34
41 47
41 15
22
42 39
42 23
42 19
42 12
42 37
42 18
42 1
42 22
42 33
42 34
42 30
42 17
42 10
42 31
42 27
42 14
42 16
42 28
42 40
42 9
42 8
42 48
22
43 20
43 4
43 12
43 28
43 47
43 48
43 23
43 26
43 5
43 49
43 18
43 27
43 10
43 44
43 41
43 7
43 16
43 39
43 25
43 45
43 2
43 3
16
44 42
44 19
44 25
44 48
44 39
44 29
44 49
44 38
44 20
44 15
44 35
44 31
44 14
44 3
44 37
44 8
25
45 2
45 39
45 32
45 28
45 27
45 30
45 42
45 46
45 41
45 25
45 38
45 31
45 26
45 5
45 17
45 24
45 15
45 37
45 19
45 3
45 23
45 35
45 36
45 7
45 47
18
46 26
46 20
46 31
46 42
46 34
46 4
46 10
46 12
46 29
46 49
46 5
46 11
46 27
46 48
46 33
46 16
46 43
46 37
19
47 4
47 40
47 20
47 8
47 39
47 11
47 25
47 44
47 22
47 31
47 15
47 34
47 36
47 42
47 28
47 10
47 24
47 29
47 38
18
48 35
48 2
48 0
48 9
48 47
48 16
48 45
48 15
48 33
48 24
48 36
48 29
48 12
48 10
48 13
48 20
48 34
48 30
18
49 25
49 42
49 36
49 8
49 28
49 41
49 33
49 19
49 48
49 40
49 3
49 45
49 26
49 6
49 37
49 2
49 47
49 0
