50
0 "A13"
1 "A26"
2 "A34"
3 "A31"
4 "A29"
5 "A16"
6 "A33"
7 "A37"
8 "A25"
9 "A32"
10 "A7"
11 "A1"
12 "A5"
13 "A23"
14 "A49"
15 "A43"
16 "A9"
17 "A44"
18 "A3"
19 "A2"
20 "A17"
21 "A39"
22 "A36"
23 "A15"
24 "A48"
25 "A6"
26 "A30"
27 "A41"
28 "A42"
29 "A40"
30 "A11"
31 "A27"
32 "A22"
33 "A46"
34 "A20"
35 "A8"
36 "A45"
37 "A19"
38 "A24"
39 "A14"
40 "A28"
41 "A4"
42 "A38"
43 "A21"
44 "A47"
45 "A10"
46 "A0"
47 "A35"
48 "A12"
49 "A18"
21
0 49
0 31
0 41
0 19
0 36
0 32
0 3
0 37
0 14
0 10
0 16
0 48
0 39
0 17
0 4
0 5
0 38
0 23
0 13
0 42
0 40
21
1 20
1 0
1 34
1 42
1 10
1 19
1 45
1 2
1 36
1 29
1 28
1 23
1 8
1 18
1 37
1 7
1 32
1 44
1 25
1 47
1 16
13
2 40
2 48
2 17
2 33
2 41
2 26
2 22
2 35
2 34
2 21
2 0
2 24
2 11
21
3 28
3 32
3 29
3 14
3 24
3 47
3 44
3 11
3 6
3 13
3 41
3 5
3 35
3 1
3 43
3 17
3 36
3 2
3 37
3 7
3 20
26
4 48
4 29
4 33
4 38
4 11
4 18
4 31
4 9
4 22
4 12
4 28
4 21
4 8
4 15
4 34
4 14
4 39
4 49
4 46
4 40
4 41
4 36
4 1
4 25
4 45
4 35
19
5 49
5 17
5 42
5 44
5 25
5 29
5 14
5 1
5 24
5 10
5 9
5 30
5 16
5 31
5 13
5 33
5 48
5 37
5 40
19
6 19
6 36
6 32
6 4
6 1
6 39
6 21
6 29
6 26
6 22
6 5
6 17
6 37
6 15
6 27
6 44
6 0
6 10
6 14
21
7 11
7 4
7 8
7 40
7 24
7 33
7 34
7 26
7 27
7 25
7 39
7 41
7 47
7 46
7 5
7 29
7 0
7 2
7 49
7 48
7 28
17
8 26
8 30
8 14
8 43
8 37
8 35
8 38
8 0
8 27
8 45
8 11
8 3
8 19
8 18
8 5
8 29
8 9
23
9 16
9 26
9 41
9 28
9 11
9 34
9 27
9 30
9 7
9 17
9 6
9 14
9 43
9 3
9 18
9 49
9 12
9 31
9 22
9 0
9 40
9 38
9 32
15
10 45
10 15
10 47
10 41
10 35
10 21
10 7
10 42
10 2
10 34
10 17
10 43
10 29
10 14
10 4
19
11 36
11 25
11 24
11 49
11 30
11 45
11 1
11 43
11 6
11 14
11 17
11 18
11 47
11 32
11 27
11 42
11 34
11 29
11 5
23
12 21
12 31
12 6
12 48
12 42
12 15
12 26
12 32
12 36
12 19
12 39
12 1
12 41
12 28
12 44
12 35
12 10
12 20
12 22
12 46
12 49
12 16
12 18
19
13 19
13 38
13 15
13 7
13 34
13 37
13 33
13 43
13 9
13 40
13 20
13 27
13 6
13 49
13 12
13 25
13 46
13 16
13 42
10
14 39
14 7
14 13
14 15
14 19
14 12
14 33
14 48
14 32
14 28
20
15 18
15 49
15 31
15 40
15 27
15 41
15 39
15 28
15 11
15 9
15 0
15 1
15 7
15 42
15 25
15 2
15 35
15 38
15 5
15 32
18
16 29
16 23
16 3
16 2
16 43
16 11
16 46
16 37
16 8
16 24
16 35
16 4
16 6
16 45
16 27
16 19
16 40
16 21
21
17 12
17 37
17 26
17 7
17 41
17 48
17 28
17 46
17 32
17 22
17 44
17 49
17 39
17 14
17 13
17 15
17 40
17 16
17 8
17 1
17 35
24
18 7
18 33
18 41
18 19
18 27
18 42
18 2
18 34
18 5
18 22
18 3
18 23
18 43
18 32
18 44
18 29
18 20
18 24
18 14
18 16
18 13
18 6
18 40
18 0
18
19 46
19 42
19 17
19 30
19 10
19 27
19 3
19 29
19 2
19 47
19 49
19 33
19 38
19 15
19 37
19 26
19 32
19 9
21
20 0
20 35
20 38
20 24
20 29
20 48
20 41
20 21
20 42
20 30
20 9
20 10
20 22
20 28
20 44
20 11
20 43
20 5
20 8
20 47
20 4
25
21 49
21 3
21 1
21 34
21 11
21 40
21 0
21 14
21 5
21 39
21 37
21 36
21 7
21 17
21 31
21 33
21 18
21 43
21 27
21 32
21 45
21 9
21 23
21 48
21 8
15
22 36
22 45
22 44
22 13
22 46
22 39
22 5
22 10
22 31
22 11
22 35
22 0
22 3
22 37
22 34
28
23 5
23 31
23 10
23 17
23 15
23 30
23 36
23 11
23 46
23 37
23 26
23 4
23 28
23 8
23 14
23 44
23 41
23 40
23 3
23 13
23 48
23 47
23 38
23 45
23 39
23 22
23 33
23 12
28
24 37
24 32
24 31
24 12
24 49
24 9
24 42
24 28
24 23
24 19
24 35
24 14
24 34
24 8
24 1
24 21
24 10
24 39
24 25
24 27
24 6
24 13
24 44
24 30
24 15
24 0
24 29
24 17
18
25 18
25 19
25 22
25 14
25 9
25 30
25 46
25 8
25 10
25 27
25 6
25 0
25 43
25 28
25 20
25 2
25 21
25 49
21
26 41
26 35
26 29
26 1
26 47
26 36
26 22
26 15
26 21
26 5
26 40
26 42
26 18
26 25
26 16
26 10
26 24
26 3
26 48
26 46
26 44
17
27 5
27 2
27 1
27 43
27 17
27 10
27 35
27 31
27 32
27 23
27 14
27 38
27 39
27 26
27 22
27 20
27 44
15
28 33
28 47
28 6
28 11
28 13
28 18
28 19
28 5
28 26
28 27
28 29
28 45
28 30
28 21
28 16
15
29 22
29 13
29 25
29 47
29 14
29 15
29 23
29 0
29 45
29 34
29 17
29 21
29 42
29 49
29 27
19
30 29
30 38
30 1
30 47
30 15
30 12
30 14
30 41
30 27
30 39
30 4
30 42
30 17
30 46
30 6
30 36
30 48
30 18
30 21
17
31 2
31 17
31 46
31 44
31 26
31 18
31 41
31 8
31 19
31 16
31 38
31 13
31 29
31 47
31 20
31 11
31 43
12
32 28
32 22
32 5
32 8
32 10
32 13
32 25
32 7
32 26
32 4
32 31
32 47
22
33 10
33 22
33 12
33 37
33 8
33 16
33 3
33 24
33 42
33 32
33 1
33 0
33 30
33 25
33 11
33 34
33 27
33 40
33 45
33 9
33 26
33 17
16
34 31
34 28
34 26
34 15
34 25
34 12
34 3
34 30
34 45
34 19
34 0
34 47
34 16
34 14
34 8
34 32
15
35 46
35 44
35 25
35 7
35 6
35 23
35 11
35 18
35 29
35 28
35 0
35 9
35 32
35 19
35 13
21
36 25
36 39
36 14
36 29
36 5
36 27
36 46
36 34
36 43
36 32
36 41
36 13
36 45
36 15
36 33
36 9
36 10
36 18
36 35
36 44
36 7
19
37 48
37 30
37 4
37 25
37 38
37 18
37 27
37 10
37 41
37 47
37 15
37 49
37 11
37 7
37 20
37 31
37 28
37 12
37 9
20
38 21
38 26
38 33
38 40
38 10
38 18
38 6
38 16
38 24
38 25
38 2
38 34
38 43
38 1
38 29
38 28
38 17
38 22
38 11
38 42
19
39 19
39 25
39 13
39 1
39 34
39 31
39 9
39 46
39 8
39 44
39 26
39 5
39 10
39 35
39 20
39 2
39 29
39 32
39 11
15
40 35
40 19
40 29
40 28
40 1
40 22
40 39
40 34
40 14
40 6
40 37
40 31
40 36
40 3
40 24
19
41 39
41 25
41 33
41 43
41 1
41 22
41 24
41 27
41 42
41 11
41 8
41 14
41 35
41 19
41 5
41 28
41 46
41 32
41 48
20
42 43
42 14
42 47
42 39
42 7
42 36
42 34
42 2
42 9
42 31
42 4
42 22
42 28
42 25
42 40
42 17
42 32
42 23
42 3
42 37
21
43 33
43 15
43 2
43 47
43 7
43 22
43 32
43 35
43 6
43 40
43 37
43 26
43 12
43 30
43 17
43 5
43 44
43 39
43 34
43 19
43 29
21
44 0
44 30
44 32
44 37
44 25
44 21
44 13
44 29
44 16
44 47
44 19
44 38
44 10
44 34
44 41
44 45
44 4
44 2
44 14
44 15
44 40
22
45 40
45 25
45 20
45 30
45 6
45 27
45 48
45 14
45 24
45 26
45 18
45 42
45 41
45 7
45 43
45 19
45 2
45 37
45 31
45 39
45 9
45 17
26
46 0
46 29
46 2
46 45
46 11
46 15
46 14
46 47
46 9
46 43
46 38
46 34
46 8
46 1
46 37
46 18
46 6
46 44
46 48
46 40
46 20
46 49
46 32
46 27
46 3
46 10
19
47 9
47 13
47 17
47 22
47 6
47 27
47 25
47 36
47 8
47 0
47 45
47 39
47 33
47 5
47 15
47 41
47 4
47 2
47 21
22
48 38
48 42
48 40
48 6
48 22
48 39
48 43
48 33
48 18
48 34
48 11
48 36
48 47
48 8
48 44
48 3
48 28
48 13
48 9
48 27
48 32
48 19
24
49 8
49 41
49 31
49 2
49 33
49 16
49 40
49 30
49 35
49 38
49 3
49 27
49 32
49 34
49 6
49 42
49 23
49 47
49 43
49 14
49 26
49 44
49 10
49 20
