50
0 "A13"
1 "A26"
2 "A34"
3 "A31"
4 "A29"
5 "A16"
6 "A33"
7 "A37"
8 "A25"
9 "A32"
10 "A7"
11 "A1"
12 "A5"
13 "A23"
14 "A49"
15 "A43"
16 "A9"
17 "A44"
18 "A3"
19 "A2"
20 "A17"
21 "A39"
22 "A36"
23 "A15"
24 "A48"
25 "A6"
26 "A30"
27 "A41"
28 "A42"
29 "A40"
30 "A11"
31 "A27"
32 "A22"
33 "A46"
34 "A20"
35 "A8"
36 "A45"
37 "A19"
38 "A24"
39 "A14"
40 "A28"
41 "A4"
42 "A38"
43 "A21"
44 "A47"
45 "A10"
46 "A0"
47 "A35"
48 "A12"
49 "A18"
20
0 21
0 33
0 8
0 7
0 9
0 3
0 16
0 13
0 45
0 34
0 11
0 40
0 47
0 49
0 27
0 28
0 2
0 29
0 12
0 10
23
1 15
1 29
1 47
1 10
1 13
1 49
1 0
1 40
1 27
1 11
1 30
1 31
1 12
1 18
1 8
1 3
1 48
1 7
1 25
1 19
1 14
1 6
1 32
21
2 22
2 49
2 5
2 17
2 42
2 38
2 48
2 3
2 43
2 39
2 1
2 44
2 45
2 18
2 33
2 16
2 6
2 37
2 32
2 34
2 15
18
3 32
3 24
3 36
3 22
3 4
3 8
3 16
3 14
3 25
3 49
3 47
3 20
3 7
3 42
3 17
3 30
3 26
3 33
21
4 38
4 37
4 9
4 1
4 0
4 20
4 26
4 44
4 16
4 30
4 45
4 11
4 17
4 35
4 18
4 12
4 8
4 49
4 2
4 22
4 48
26
5 10
5 15
5 37
5 44
5 14
5 42
5 49
5 21
5 43
5 26
5 7
5 27
5 35
5 1
5 34
5 16
5 41
5 24
5 6
5 9
5 28
5 13
5 4
5 12
5 39
5 31
16
6 4
6 17
6 34
6 40
6 35
6 42
6 26
6 11
6 10
6 32
6 33
6 0
6 7
6 46
6 19
6 36
15
7 38
7 45
7 42
7 27
7 21
7 31
7 30
7 49
7 13
7 23
7 2
7 29
7 19
7 22
7 36
16
8 39
8 48
8 46
8 14
8 18
8 30
8 40
8 35
8 6
8 32
8 26
8 38
8 5
8 17
8 22
8 24
17
9 46
9 3
9 18
9 6
9 10
9 14
9 25
9 34
9 44
9 31
9 43
9 49
9 7
9 20
9 45
9 28
9 29
16
10 37
10 33
10 28
10 39
10 35
10 4
10 47
10 44
10 30
10 23
10 17
10 18
10 3
10 32
10 42
10 38
18
11 19
11 49
11 17
11 33
11 40
11 30
11 12
11 46
11 47
11 23
11 38
11 3
11 28
11 39
11 48
11 13
11 22
11 29
22
12 49
12 46
12 2
12 10
12 3
12 6
12 37
12 18
12 33
12 42
12 47
12 34
12 40
12 24
12 30
12 48
12 8
12 20
12 17
12 38
12 43
12 35
19
13 28
13 35
13 40
13 8
13 26
13 18
13 44
13 12
13 30
13 2
13 33
13 4
13 34
13 25
13 45
13 16
13 6
13 42
13 3
21
14 21
14 10
14 36
14 19
14 23
14 32
14 18
14 48
14 15
14 49
14 24
14 39
14 41
14 12
14 46
14 20
14 29
14 17
14 13
14 4
14 43
20
15 18
15 13
15 34
15 9
15 12
15 23
15 36
15 29
15 30
15 10
15 37
15 3
15 17
15 27
15 19
15 6
15 49
15 25
15 22
15 46
12
16 21
16 34
16 17
16 11
16 22
16 1
16 37
16 8
16 15
16 49
16 10
16 9
16
17 31
17 26
17 34
17 39
17 19
17 21
17 27
17 37
17 46
17 18
17 20
17 22
17 5
17 7
17 33
17 45
19
18 0
18 19
18 35
18 38
18 29
18 45
18 5
18 44
18 7
18 46
18 39
18 11
18 6
18 33
18 37
18 28
18 25
18 41
18 43
21
19 40
19 34
19 28
19 47
19 43
19 39
19 9
19 36
19 27
19 22
19 4
19 5
19 42
19 8
19 13
19 0
19 48
19 41
19 30
19 16
19 37
20
20 5
20 7
20 41
20 49
20 21
20 11
20 33
20 40
20 13
20 46
20 10
20 18
20 28
20 45
20 47
20 42
20 1
20 16
20 6
20 2
24
21 26
21 15
21 33
21 6
21 13
21 30
21 35
21 43
21 42
21 27
21 32
21 9
21 18
21 8
21 37
21 1
21 3
21 45
21 12
21 4
21 22
21 40
21 47
21 19
16
22 13
22 6
22 23
22 48
22 1
22 9
22 12
22 43
22 18
22 5
22 42
22 37
22 49
22 26
22 14
22 0
21
23 6
23 29
23 21
23 48
23 20
23 41
23 31
23 3
23 36
23 49
23 35
23 25
23 34
23 1
23 4
23 13
23 17
23 19
23 16
23 5
23 18
24
24 19
24 44
24 22
24 10
24 17
24 7
24 29
24 36
24 4
24 6
24 31
24 34
24 23
24 0
24 35
24 21
24 27
24 37
24 20
24 2
24 32
24 42
24 39
24 43
19
25 31
25 38
25 16
25 7
25 21
25 49
25 10
25 0
25 32
25 4
25 5
25 6
25 19
25 44
25 17
25 14
25 24
25 2
25 40
24
26 38
26 2
26 29
26 14
26 20
26 18
26 24
26 1
26 35
26 47
26 37
26 0
26 33
26 10
26 7
26 12
26 9
26 25
26 16
26 49
26 11
26 19
26 15
26 34
23
27 16
27 26
27 31
27 46
27 18
27 3
27 28
27 22
27 10
27 8
27 47
27 2
27 34
27 11
27 32
27 44
27 23
27 45
27 14
27 43
27 33
27 40
27 6
16
28 1
28 16
28 41
28 3
28 8
28 15
28 31
28 2
28 47
28 24
28 23
28 17
28 7
28 22
28 42
28 30
21
29 19
29 4
29 37
29 13
29 6
29 44
29 43
29 46
29 39
29 42
29 35
29 3
29 12
29 8
29 40
29 38
29 32
29 16
29 2
29 28
29 17
17
30 48
30 25
30 24
30 23
30 32
30 37
30 14
30 47
30 2
30 0
30 29
30 22
30 16
30 26
30 20
30 18
30 9
25
31 22
31 4
31 0
31 44
31 30
31 34
31 41
31 8
31 26
31 36
31 20
31 45
31 29
31 48
31 19
31 42
31 11
31 3
31 16
31 47
31 12
31 40
31 14
31 2
31 37
20
32 22
32 16
32 7
32 31
32 39
32 35
32 17
32 12
32 4
32 45
32 15
32 5
32 23
32 49
32 11
32 38
32 9
32 13
32 48
32 18
20
33 7
33 44
33 43
33 29
33 23
33 30
33 19
33 34
33 14
33 47
33 48
33 37
33 28
33 16
33 22
33 40
33 1
33 15
33 8
33 9
19
34 48
34 36
34 44
34 45
34 10
34 4
34 7
34 39
34 20
34 35
34 11
34 25
34 43
34 29
34 3
34 14
34 21
34 42
34 30
22
35 9
35 17
35 48
35 7
35 22
35 2
35 31
35 14
35 15
35 46
35 41
35 27
35 11
35 28
35 25
35 40
35 16
35 47
35 42
35 39
35 33
35 0
22
36 0
36 17
36 9
36 10
36 33
36 16
36 13
36 44
36 41
36 43
36 35
36 5
36 11
36 40
36 25
36 8
36 21
36 30
36 27
36 1
36 38
36 20
17
37 44
37 49
37 1
37 25
37 32
37 14
37 11
37 7
37 42
37 41
37 48
37 35
37 23
37 6
37 40
37 45
37 9
23
38 30
38 33
38 49
38 0
38 19
38 34
38 46
38 27
38 22
38 20
38 48
38 3
38 40
38 28
38 31
38 23
38 24
38 14
38 16
38 21
38 35
38 37
38 15
20
39 42
39 12
39 44
39 1
39 15
39 48
39 0
39 37
39 38
39 20
39 13
39 36
39 6
39 33
39 23
39 4
39 26
39 25
39 7
39 30
19
40 26
40 49
40 28
40 3
40 18
40 22
40 24
40 14
40 10
40 17
40 9
40 48
40 45
40 41
40 42
40 30
40 23
40 7
40 2
20
41 45
41 34
41 2
41 25
41 4
41 12
41 44
41 17
41 43
41 9
41 49
41 38
41 27
41 11
41 1
41 22
41 29
41 33
41 16
41 48
17
42 11
42 16
42 36
42 25
42 45
42 8
42 33
42 4
42 32
42 17
42 27
42 0
42 18
42 15
42 30
42 9
42 46
22
43 25
43 35
43 26
43 4
43 31
43 38
43 8
43 40
43 30
43 15
43 3
43 1
43 17
43 20
43 45
43 39
43 0
43 23
43 49
43 7
43 28
43 16
21
44 20
44 0
44 12
44 30
44 17
44 35
44 22
44 43
44 23
44 40
44 7
44 32
44 3
44 6
44 28
44 15
44 8
44 21
44 38
44 1
44 11
19
45 23
45 29
45 12
45 30
45 33
45 11
45 6
45 26
45 44
45 25
45 49
45 14
45 48
45 3
45 38
45 10
45 1
45 28
45 19
21
46 13
46 39
46 16
46 47
46 36
46 25
46 22
46 10
46 23
46 7
46 0
46 24
46 5
46 30
46 3
46 1
46 21
46 19
46 45
46 41
46 34
17
47 7
47 45
47 44
47 48
47 32
47 34
47 43
47 23
47 2
47 18
47 17
47 8
47 37
47 29
47 15
47 38
47 42
17
48 13
48 5
48 17
48 29
48 15
48 24
48 43
48 7
48 3
48 21
48 25
48 18
48 0
48 46
48 36
48 20
48 44
17
49 33
49 13
49 30
49 31
49 44
49 48
49 17
49 24
49 6
49 36
49 35
49 46
49 19
49 18
49 42
49 34
49 8
