50
0 "A13"
1 "A26"
2 "A34"
3 "A31"
4 "A29"
5 "A16"
6 "A33"
7 "A37"
8 "A25"
9 "A32"
10 "A7"
11 "A1"
12 "A5"
13 "A23"
14 "A49"
15 "A43"
16 "A9"
17 "A44"
18 "A3"
19 "A2"
20 "A17"
21 "A39"
22 "A36"
23 "A15"
24 "A48"
25 "A6"
26 "A30"
27 "A41"
28 "A42"
29 "A40"
30 "A11"
31 "A27"
32 "A22"
33 "A46"
34 "A20"
35 "A8"
36 "A45"
37 "A19"
38 "A24"
39 "A14"
40 "A28"
41 "A4"
42 "A38"
43 "A21"
44 "A47"
45 "A10"
46 "A0"
47 "A35"
48 "A12"
49 "A18"
20
0 21
0 32
0 49
0 15
0 3
0 20
0 31
0 9
0 39
0 22
0 11
0 1
0 26
0 35
0 19
0 14
0 10
0 18
0 33
0 43
12
1 9
1 30
1 25
1 38
1 32
1 2
1 16
1 36
1 15
1 27
1 49
1 37
16
2 29
2 28
2 17
2 46
2 45
2 41
2 15
2 13
2 26
2 48
2 19
2 36
2 10
2 43
2 4
2 16
14
3 12
3 32
3 45
3 4
3 21
3 6
3 1
3 11
3 41
3 39
3 22
3 33
3 18
3 2
21
4 23
4 39
4 1
4 24
4 10
4 22
4 44
4 0
4 49
4 48
4 28
4 43
4 14
4 8
4 33
4 35
4 11
4 32
4 37
4 9
4 21
23
5 24
5 22
5 13
5 35
5 3
5 25
5 45
5 49
5 47
5 11
5 33
5 41
5 7
5 4
5 44
5 15
5 10
5 0
5 18
5 2
5 1
5 29
5 40
19
6 20
6 0
6 28
6 12
6 18
6 33
6 2
6 19
6 42
6 44
6 32
6 4
6 16
6 13
6 41
6 36
6 26
6 35
6 1
28
7 30
7 41
7 37
7 9
7 2
7 36
7 17
7 1
7 6
7 31
7 35
7 40
7 34
7 20
7 15
7 44
7 24
7 29
7 3
7 0
7 19
7 43
7 25
7 8
7 39
7 46
7 32
7 11
21
8 37
8 35
8 6
8 30
8 5
8 17
8 26
8 3
8 20
8 23
8 14
8 1
8 16
8 9
8 43
8 18
8 22
8 25
8 46
8 44
8 31
21
9 42
9 47
9 27
9 11
9 36
9 21
9 30
9 5
9 39
9 2
9 34
9 26
9 16
9 45
9 24
9 10
9 28
9 23
9 20
9 49
9 14
19
10 33
10 1
10 48
10 24
10 30
10 34
10 8
10 3
10 26
10 38
10 15
10 12
10 35
10 14
10 32
10 41
10 21
10 6
10 42
16
11 17
11 28
11 29
11 10
11 41
11 48
11 35
11 23
11 46
11 30
11 31
11 32
11 26
11 2
11 13
11 47
26
12 20
12 36
12 24
12 42
12 21
12 49
12 13
12 7
12 0
12 18
12 29
12 48
12 46
12 14
12 39
12 23
12 2
12 41
12 5
12 1
12 45
12 43
12 9
12 35
12 25
12 19
20
13 47
13 33
13 48
13 42
13 24
13 41
13 9
13 14
13 32
13 19
13 16
13 30
13 3
13 4
13 45
13 20
13 38
13 35
13 28
13 39
19
14 11
14 49
14 31
14 20
14 38
14 36
14 32
14 47
14 16
14 46
14 26
14 37
14 45
14 1
14 34
14 33
14 6
14 29
14 48
19
15 41
15 45
15 14
15 6
15 46
15 30
15 16
15 22
15 40
15 3
15 4
15 9
15 17
15 23
15 29
15 12
15 11
15 13
15 8
20
16 39
16 10
16 41
16 17
16 42
16 23
16 26
16 32
16 0
16 12
16 4
16 44
16 25
16 11
16 21
16 30
16 22
16 46
16 24
16 28
16
17 29
17 0
17 25
17 35
17 32
17 20
17 22
17 34
17 23
17 41
17 9
17 10
17 1
17 31
17 43
17 30
21
18 1
18 31
18 20
18 11
18 46
18 48
18 22
18 26
18 38
18 36
18 7
18 28
18 4
18 10
18 21
18 15
18 14
18 23
18 9
18 37
18 30
17
19 33
19 4
19 40
19 1
19 3
19 36
19 47
19 15
19 16
19 14
19 10
19 42
19 45
19 25
19 32
19 39
19 11
20
20 40
20 11
20 2
20 31
20 1
20 41
20 32
20 19
20 43
20 44
20 4
20 27
20 37
20 5
20 30
20 39
20 16
20 28
20 25
20 3
18
21 46
21 1
21 15
21 7
21 28
21 19
21 6
21 48
21 25
21 33
21 31
21 37
21 13
21 47
21 42
21 5
21 39
21 34
18
22 46
22 19
22 27
22 14
22 11
22 21
22 33
22 39
22 9
22 10
22 49
22 48
22 36
22 20
22 6
22 28
22 13
22 29
26
23 43
23 10
23 49
23 46
23 36
23 7
23 3
23 29
23 24
23 22
23 38
23 20
23 14
23 44
23 37
23 13
23 28
23 42
23 35
23 21
23 31
23 19
23 33
23 34
23 47
23 25
21
24 0
24 28
24 49
24 27
24 6
24 17
24 34
24 46
24 14
24 1
24 47
24 41
24 3
24 19
24 26
24 11
24 39
24 45
24 37
24 15
24 2
19
25 10
25 15
25 13
25 33
25 38
25 28
25 3
25 36
25 2
25 45
25 35
25 14
25 40
25 0
25 11
25 18
25 29
25 9
25 44
18
26 42
26 47
26 17
26 3
26 1
26 7
26 12
26 45
26 46
26 19
26 30
26 21
26 33
26 4
26 25
26 28
26 20
26 15
21
27 28
27 2
27 6
27 11
27 0
27 16
27 45
27 31
27 21
27 46
27 5
27 39
27 32
27 13
27 33
27 3
27 42
27 30
27 23
27 10
27 37
19
28 0
28 7
28 19
28 44
28 10
28 38
28 15
28 8
28 42
28 14
28 39
28 34
28 1
28 17
28 45
28 32
28 48
28 3
28 47
21
29 32
29 1
29 46
29 31
29 26
29 3
29 4
29 41
29 0
29 45
29 27
29 21
29 19
29 9
29 48
29 18
29 20
29 34
29 16
29 44
29 13
18
30 32
30 36
30 42
30 19
30 3
30 6
30 21
30 33
30 49
30 41
30 29
30 5
30 23
30 45
30 14
30 25
30 4
30 24
21
31 45
31 10
31 15
31 16
31 47
31 44
31 5
31 35
31 22
31 37
31 4
31 6
31 26
31 2
31 25
31 12
31 9
31 24
31 13
31 19
31 40
15
32 37
32 33
32 42
32 5
32 12
32 34
32 35
32 22
32 26
32 8
32 15
32 48
32 31
32 9
32 21
16
33 8
33 34
33 43
33 31
33 24
33 16
33 9
33 7
33 28
33 15
33 20
33 12
33 35
33 40
33 39
33 46
21
34 20
34 30
34 37
34 40
34 22
34 19
34 16
34 49
34 1
34 12
34 5
34 43
34 38
34 15
34 25
34 2
34 8
34 0
34 47
34 45
34 31
23
35 9
35 49
35 24
35 45
35 26
35 14
35 15
35 44
35 34
35 29
35 19
35 20
35 16
35 21
35 1
35 27
35 2
35 30
35 28
35 41
35 48
35 18
35 3
20
36 38
36 42
36 17
36 10
36 49
36 33
36 4
36 8
36 27
36 29
36 32
36 24
36 46
36 34
36 13
36 41
36 21
36 20
36 16
36 31
16
37 6
37 40
37 2
37 9
37 33
37 35
37 3
37 30
37 10
37 19
37 17
37 13
37 15
37 29
37 44
37 16
20
38 27
38 16
38 19
38 15
38 26
38 5
38 9
38 11
38 24
38 8
38 35
38 29
38 20
38 3
38 12
38 22
38 2
38 30
38 0
38 21
16
39 2
39 43
39 32
39 36
39 17
39 5
39 40
39 11
39 25
39 34
39 37
39 15
39 10
39 44
39 18
39 31
24
40 24
40 4
40 23
40 30
40 9
40 16
40 12
40 3
40 26
40 22
40 8
40 10
40 29
40 2
40 43
40 46
40 35
40 11
40 38
40 36
40 32
40 14
40 6
40 1
20
41 39
41 18
41 1
41 45
41 31
41 27
41 46
41 21
41 8
41 32
41 0
41 34
41 38
41 25
41 14
41 9
41 26
41 47
41 4
41 42
22
42 15
42 33
42 34
42 35
42 48
42 2
42 5
42 17
42 40
42 22
42 4
42 20
42 1
42 25
42 14
42 0
42 11
42 39
42 47
42 45
42 7
42 8
26
43 21
43 11
43 44
43 38
43 19
43 49
43 9
43 15
43 48
43 16
43 1
43 30
43 27
43 26
43 5
43 18
43 14
43 6
43 22
43 24
43 10
43 28
43 36
43 46
43 37
43 45
18
44 3
44 18
44 30
44 49
44 40
44 27
44 0
44 13
44 19
44 22
44 1
44 45
44 36
44 48
44 12
44 24
44 38
44 17
16
45 33
45 0
45 32
45 18
45 10
45 17
45 40
45 6
45 39
45 49
45 4
45 16
45 36
45 8
45 38
45 23
17
46 17
46 5
46 30
46 35
46 39
46 20
46 28
46 31
46 45
46 4
46 44
46 3
46 38
46 34
46 37
46 32
46 19
22
47 33
47 45
47 15
47 2
47 48
47 44
47 32
47 43
47 36
47 40
47 7
47 27
47 20
47 3
47 6
47 12
47 35
47 1
47 39
47 8
47 22
47 0
18
48 3
48 30
48 7
48 24
48 25
48 41
48 31
48 37
48 17
48 36
48 5
48 15
48 26
48 45
48 6
48 40
48 27
48 46
22
49 47
49 15
49 38
49 18
49 11
49 20
49 13
49 19
49 31
49 3
49 7
49 26
49 2
49 39
49 41
49 16
49 25
49 6
49 8
49 21
49 28
49 48
