50
0 "A13"
1 "A26"
2 "A34"
3 "A31"
4 "A29"
5 "A16"
6 "A33"
7 "A37"
8 "A25"
9 "A32"
10 "A7"
11 "A1"
12 "A5"
13 "A23"
14 "A49"
15 "A43"
16 "A9"
17 "A44"
18 "A3"
19 "A2"
20 "A17"
21 "A39"
22 "A36"
23 "A15"
24 "A48"
25 "A6"
26 "A30"
27 "A41"
28 "A42"
29 "A40"
30 "A11"
31 "A27"
32 "A22"
33 "A46"
34 "A20"
35 "A8"
36 "A45"
37 "A19"
38 "A24"
39 "A14"
40 "A28"
41 "A4"
42 "A38"
43 "A21"
44 "A47"
45 "A10"
46 "A0"
47 "A35"
48 "A12"
49 "A18"
21
0 3
0 9
0 7
0 17
0 20
0 26
0 41
0 16
0 11
0 46
0 44
0 27
0 18
0 37
0 45
0 14
0 12
0 28
0 40
0 49
0 6
21
1 49
1 9
1 30
1 29
1 42
1 43
1 45
1 7
1 21
1 16
1 40
1 8
1 47
1 12
1 44
1 35
1 25
1 31
1 11
1 33
1 0
24
2 0
2 18
2 38
2 40
2 1
2 48
2 45
2 44
2 47
2 7
2 8
2 14
2 19
2 36
2 46
2 42
2 24
2 26
2 5
2 30
2 11
2 15
2 10
2 37
25
3 18
3 29
3 13
3 17
3 23
3 19
3 31
3 26
3 7
3 48
3 24
3 40
3 1
3 33
3 30
3 22
3 2
3 37
3 15
3 25
3 14
3 36
3 6
3 4
3 46
21
4 2
4 46
4 23
4 44
4 41
4 20
4 10
4 21
4 12
4 24
4 45
4 9
4 28
4 32
4 14
4 34
4 7
4 35
4 13
4 0
4 48
22
5 12
5 36
5 14
5 32
5 9
5 48
5 38
5 39
5 41
5 43
5 30
5 49
5 37
5 44
5 19
5 25
5 3
5 18
5 13
5 45
5 31
5 4
20
6 27
6 47
6 32
6 40
6 38
6 25
6 30
6 44
6 36
6 2
6 20
6 9
6 26
6 13
6 12
6 4
6 7
6 19
6 37
6 24
14
7 45
7 18
7 5
7 32
7 25
7 11
7 34
7 16
7 20
7 48
7 19
7 42
7 37
7 23
23
8 39
8 6
8 40
8 22
8 19
8 3
8 41
8 24
8 45
8 18
8 43
8 5
8 36
8 7
8 4
8 28
8 10
8 23
8 26
8 46
8 37
8 25
8 47
18
9 35
9 13
9 41
9 26
9 46
9 30
9 43
9 16
9 39
9 12
9 37
9 32
9 11
9 44
9 31
9 19
9 20
9 38
28
10 37
10 13
10 33
10 11
10 42
10 27
10 49
10 44
10 14
10 25
10 36
10 40
10 41
10 17
10 46
10 19
10 3
10 22
10 34
10 24
10 26
10 5
10 35
10 23
10 48
10 18
10 39
10 9
16
11 24
11 5
11 26
11 4
11 18
11 29
11 30
11 6
11 37
11 35
11 15
11 14
11 45
11 47
11 48
11 3
24
12 43
12 33
12 23
12 24
12 45
12 29
12 28
12 22
12 20
12 2
12 15
12 49
12 39
12 42
12 35
12 48
12 21
12 13
12 11
12 27
12 10
12 36
12 8
12 32
19
13 1
13 39
13 38
13 30
13 32
13 24
13 25
13 43
13 17
13 23
13 41
13 27
13 15
13 44
13 7
13 21
13 46
13 11
13 34
20
14 22
14 26
14 25
14 27
14 1
14 48
14 19
14 42
14 8
14 15
14 35
14 24
14 39
14 21
14 18
14 30
14 6
14 7
14 13
14 12
22
15 30
15 18
15 32
15 40
15 42
15 49
15 21
15 46
15 41
15 7
15 16
15 0
15 24
15 35
15 43
15 38
15 4
15 33
15 27
15 8
15 28
15 39
20
16 3
16 47
16 37
16 17
16 46
16 2
16 44
16 14
16 10
16 19
16 36
16 11
16 49
16 28
16 18
16 5
16 40
16 38
16 8
16 42
24
17 25
17 4
17 42
17 20
17 15
17 26
17 37
17 8
17 45
17 14
17 24
17 34
17 31
17 1
17 5
17 9
17 18
17 49
17 35
17 41
17 36
17 33
17 38
17 29
16
18 44
18 21
18 40
18 39
18 35
18 26
18 25
18 32
18 4
18 46
18 33
18 1
18 12
18 43
18 23
18 47
18
19 26
19 46
19 1
19 21
19 13
19 0
19 25
19 4
19 38
19 45
19 35
19 41
19 17
19 11
19 12
19 42
19 48
19 36
18
20 46
20 1
20 36
20 13
20 2
20 31
20 32
20 5
20 37
20 15
20 40
20 42
20 11
20 45
20 10
20 33
20 41
20 38
25
21 31
21 11
21 49
21 34
21 16
21 3
21 23
21 10
21 24
21 33
21 8
21 43
21 9
21 39
21 17
21 2
21 36
21 28
21 27
21 40
21 7
21 46
21 6
21 20
21 25
22
22 17
22 24
22 4
22 6
22 27
22 19
22 29
22 13
22 20
22 46
22 38
22 2
22 11
22 21
22 16
22 9
22 36
22 40
22 23
22 47
22 15
22 1
16
23 5
23 33
23 45
23 32
23 9
23 11
23 0
23 16
23 28
23 39
23 20
23 42
23 46
23 40
23 2
23 14
19
24 7
24 26
24 47
24 5
24 46
24 42
24 20
24 33
24 23
24 30
24 18
24 9
24 16
24 0
24 35
24 36
24 27
24 41
24 43
17
25 33
25 4
25 0
25 15
25 38
25 20
25 29
25 2
25 49
25 35
25 32
25 30
25 40
25 26
25 24
25 11
25 22
16
26 5
26 38
26 1
26 28
26 42
26 31
26 23
26 32
26 22
26 34
26 21
26 16
26 48
26 39
26 13
26 7
22
27 5
27 9
27 20
27 42
27 11
27 43
27 41
27 36
27 16
27 7
27 30
27 26
27 28
27 8
27 1
27 39
27 45
27 46
27 23
27 19
27 25
27 44
21
28 19
28 44
28 40
28 6
28 43
28 13
28 37
28 33
28 48
28 14
28 29
28 47
28 10
28 41
28 3
28 5
28 22
28 25
28 18
28 35
28 7
20
29 43
29 44
29 19
29 26
29 8
29 33
29 0
29 38
29 24
29 9
29 14
29 5
29 27
29 13
29 32
29 39
29 41
29 16
29 2
29 7
15
30 49
30 18
30 35
30 12
30 29
30 4
30 47
30 34
30 20
30 48
30 7
30 23
30 17
30 39
30 10
27
31 49
31 33
31 12
31 10
31 18
31 35
31 39
31 28
31 2
31 47
31 43
31 40
31 32
31 16
31 7
31 27
31 23
31 41
31 34
31 29
31 48
31 22
31 13
31 4
31 42
31 30
31 37
19
32 43
32 30
32 39
32 16
32 49
32 3
32 10
32 21
32 28
32 47
32 24
32 22
32 38
32 8
32 1
32 19
32 17
32 37
32 0
23
33 2
33 43
33 13
33 38
33 11
33 45
33 9
33 6
33 22
33 5
33 8
33 39
33 14
33 30
33 0
33 41
33 16
33 32
33 40
33 19
33 4
33 47
33 36
17
34 39
34 15
34 35
34 9
34 25
34 0
34 41
34 46
34 29
34 2
34 23
34 1
34 19
34 6
34 3
34 32
34 22
24
35 32
35 0
35 45
35 38
35 22
35 42
35 37
35 46
35 33
35 44
35 39
35 27
35 26
35 2
35 5
35 49
35 6
35 3
35 47
35 16
35 23
35 8
35 41
35 13
21
36 26
36 47
36 9
36 42
36 45
36 0
36 39
36 31
36 40
36 13
36 14
36 37
36 34
36 29
36 15
36 25
36 4
36 1
36 23
36 32
36 35
18
37 18
37 15
37 21
37 25
37 34
37 49
37 27
37 13
37 30
37 1
37 46
37 12
37 47
37 38
37 24
37 23
37 26
37 14
21
38 10
38 36
38 0
38 31
38 46
38 49
38 4
38 18
38 43
38 1
38 27
38 24
38 14
38 11
38 41
38 8
38 7
38 34
38 23
38 3
38 21
14
39 20
39 43
39 25
39 4
39 0
39 22
39 17
39 11
39 2
39 3
39 40
39 16
39 28
39 44
19
40 41
40 30
40 34
40 4
40 5
40 43
40 24
40 45
40 14
40 12
40 47
40 29
40 35
40 42
40 9
40 19
40 26
40 27
40 37
15
41 23
41 25
41 46
41 18
41 44
41 22
41 45
41 12
41 37
41 21
41 16
41 6
41 36
41 30
41 1
11
42 21
42 38
42 3
42 8
42 34
42 25
42 28
42 37
42 32
42 13
42 29
13
43 22
43 16
43 36
43 37
43 30
43 10
43 17
43 7
43 25
43 46
43 49
43 35
43 41
18
44 37
44 48
44 33
44 46
44 24
44 8
44 11
44 14
44 40
44 30
44 22
44 49
44 3
44 34
44 38
44 7
44 17
44 36
19
45 47
45 48
45 21
45 34
45 30
45 16
45 15
45 39
45 24
45 44
45 22
45 25
45 9
45 38
45 13
45 28
45 14
45 37
45 29
15
46 45
46 42
46 6
46 33
46 26
46 12
46 28
46 1
46 30
46 11
46 14
46 7
46 32
46 39
46 31
14
47 13
47 4
47 39
47 48
47 41
47 25
47 42
47 14
47 26
47 44
47 12
47 46
47 17
47 10
24
48 0
48 9
48 32
48 16
48 1
48 43
48 22
48 27
48 18
48 6
48 15
48 20
48 23
48 37
48 46
48 33
48 29
48 8
48 40
48 13
48 36
48 39
48 35
48 25
21
49 3
49 48
49 42
49 2
49 40
49 46
49 36
49 18
49 45
49 20
49 24
49 9
49 27
49 26
49 7
49 6
49 13
49 41
49 39
49 33
49 14
