50
0 "A34"
1 "A25"
2 "A9"
3 "A36"
4 "A4"
5 "A42"
6 "A43"
7 "A39"
8 "A6"
9 "A16"
10 "A10"
11 "A23"
12 "A45"
13 "A30"
14 "A47"
15 "A17"
16 "A44"
17 "A12"
18 "A31"
19 "A13"
20 "A18"
21 "A5"
22 "A3"
23 "A7"
24 "A15"
25 "A37"
26 "A29"
27 "A0"
28 "A41"
29 "A24"
30 "A49"
31 "A27"
32 "A1"
33 "A28"
34 "A19"
35 "A11"
36 "A38"
37 "A40"
38 "A14"
39 "A26"
40 "A32"
41 "A35"
42 "A20"
43 "A21"
44 "A8"
45 "A48"
46 "A2"
47 "A22"
48 "A46"
49 "A33"
20
0 9
0 40
0 48
0 23
0 42
0 45
0 7
0 35
0 39
0 38
0 3
0 17
0 25
0 33
0 6
0 18
0 16
0 10
0 20
0 14
21
1 34
1 14
1 24
1 42
1 19
1 36
1 5
1 6
1 41
1 44
1 3
1 23
1 26
1 43
1 49
1 46
1 29
1 32
1 37
1 0
1 8
23
2 37
2 44
2 38
2 8
2 20
2 4
2 32
2 23
2 19
2 0
2 26
2 30
2 9
2 1
2 10
2 24
2 47
2 11
2 5
2 33
2 25
2 12
2 7
24
3 2
3 38
3 42
3 18
3 23
3 26
3 31
3 16
3 13
3 11
3 12
3 27
3 17
3 7
3 4
3 8
3 29
3 39
3 40
3 9
3 37
3 44
3 49
3 30
19
4 40
4 37
4 35
4 30
4 34
4 1
4 31
4 9
4 0
4 26
4 48
4 24
4 16
4 17
4 7
4 14
4 19
4 13
4 21
25
5 28
5 3
5 24
5 12
5 29
5 30
5 19
5 41
5 14
5 18
5 16
5 44
5 7
5 25
5 31
5 47
5 15
5 9
5 21
5 4
5 6
5 0
5 13
5 48
5 20
15
6 22
6 39
6 30
6 34
6 43
6 41
6 46
6 37
6 7
6 32
6 2
6 28
6 14
6 24
6 19
18
7 42
7 48
7 41
7 10
7 44
7 45
7 24
7 29
7 31
7 43
7 40
7 27
7 21
7 35
7 47
7 36
7 25
7 33
25
8 49
8 35
8 17
8 36
8 19
8 0
8 10
8 31
8 28
8 13
8 44
8 45
8 38
8 11
8 22
8 37
8 39
8 41
8 9
8 34
8 20
8 4
8 30
8 25
8 6
20
9 28
9 7
9 45
9 33
9 20
9 12
9 22
9 49
9 35
9 38
9 29
9 41
9 42
9 47
9 34
9 6
9 37
9 48
9 1
9 10
18
10 4
10 41
10 45
10 6
10 3
10 11
10 5
10 42
10 37
10 18
10 22
10 48
10 16
10 49
10 35
10 29
10 34
10 38
23
11 22
11 26
11 44
11 20
11 38
11 40
11 16
11 0
11 34
11 29
11 47
11 1
11 17
11 7
11 28
11 27
11 45
11 6
11 31
11 4
11 14
11 33
11 18
15
12 6
12 32
12 23
12 45
12 1
12 48
12 4
12 34
12 7
12 8
12 11
12 13
12 43
12 38
12 46
21
13 39
13 44
13 11
13 24
13 42
13 28
13 17
13 10
13 33
13 14
13 45
13 21
13 1
13 40
13 34
13 35
13 23
13 9
13 7
13 6
13 31
22
14 15
14 38
14 41
14 39
14 20
14 31
14 29
14 40
14 27
14 23
14 35
14 7
14 36
14 21
14 44
14 47
14 17
14 30
14 2
14 18
14 48
14 45
26
15 8
15 19
15 2
15 31
15 1
15 33
15 11
15 34
15 42
15 4
15 26
15 28
15 44
15 23
15 46
15 9
15 37
15 43
15 7
15 10
15 18
15 20
15 6
15 32
15 13
15 22
15
16 33
16 7
16 34
16 22
16 40
16 6
16 42
16 32
16 48
16 27
16 8
16 45
16 12
16 17
16 46
16
17 43
17 15
17 10
17 2
17 6
17 26
17 34
17 7
17 35
17 24
17 37
17 23
17 12
17 39
17 46
17 38
18
18 9
18 44
18 37
18 27
18 1
18 8
18 19
18 38
18 30
18 16
18 33
18 32
18 7
18 2
18 40
18 46
18 21
18 17
17
19 33
19 13
19 7
19 27
19 32
19 31
19 46
19 40
19 3
19 47
19 37
19 22
19 14
19 43
19 21
19 0
19 23
25
20 35
20 24
20 30
20 29
20 17
20 6
20 45
20 13
20 1
20 41
20 18
20 43
20 44
20 28
20 49
20 16
20 46
20 47
20 10
20 12
20 40
20 19
20 3
20 4
20 36
20
21 23
21 17
21 11
21 32
21 3
21 2
21 41
21 8
21 16
21 9
21 39
21 33
21 12
21 26
21 0
21 47
21 6
21 38
21 25
21 49
16
22 0
22 7
22 24
22 34
22 13
22 43
22 49
22 18
22 5
22 47
22 2
22 39
22 31
22 38
22 14
22 1
22
23 5
23 28
23 7
23 16
23 40
23 48
23 43
23 6
23 4
23 36
23 49
23 29
23 35
23 26
23 41
23 33
23 9
23 37
23 27
23 45
23 24
23 46
19
24 19
24 33
24 32
24 8
24 14
24 42
24 28
24 16
24 31
24 11
24 0
24 48
24 39
24 45
24 9
24 21
24 26
24 3
24 27
22
25 1
25 37
25 27
25 12
25 23
25 18
25 11
25 30
25 28
25 9
25 13
25 29
25 15
25 19
25 39
25 47
25 20
25 10
25 46
25 33
25 24
25 3
19
26 0
26 16
26 10
26 40
26 43
26 20
26 9
26 19
26 30
26 22
26 47
26 28
26 8
26 18
26 13
26 7
26 14
26 38
26 32
17
27 39
27 15
27 41
27 32
27 13
27 28
27 10
27 4
27 38
27 26
27 37
27 8
27 5
27 46
27 47
27 0
27 44
17
28 47
28 2
28 21
28 19
28 43
28 42
28 3
28 49
28 18
28 17
28 35
28 34
28 22
28 32
28 12
28 48
28 14
20
29 18
29 2
29 30
29 0
29 28
29 6
29 13
29 26
29 45
29 49
29 27
29 37
29 43
29 39
29 38
29 47
29 15
29 16
29 36
29 4
24
30 42
30 40
30 37
30 7
30 38
30 16
30 48
30 0
30 47
30 9
30 1
30 36
30 19
30 27
30 41
30 24
30 28
30 23
30 10
30 13
30 45
30 43
30 11
30 31
21
31 23
31 12
31 21
31 9
31 25
31 10
31 45
31 39
31 27
31 35
31 2
31 6
31 20
31 47
31 43
31 0
31 26
31 29
31 1
31 36
31 28
23
32 8
32 7
32 4
32 11
32 5
32 17
32 14
32 23
32 39
32 13
32 25
32 3
32 34
32 9
32 10
32 49
32 30
32 46
32 42
32 33
32 43
32 35
32 22
20
33 1
33 8
33 44
33 22
33 12
33 17
33 30
33 14
33 3
33 27
33 10
33 47
33 26
33 5
33 4
33 42
33 28
33 38
33 37
33 41
18
34 41
34 5
34 7
34 14
34 0
34 24
34 35
34 33
34 2
34 48
34 44
34 26
34 23
34 45
34 21
34 19
34 25
34 43
18
35 26
35 24
35 49
35 2
35 29
35 27
35 3
35 25
35 19
35 39
35 30
35 6
35 41
35 22
35 18
35 12
35 38
35 33
19
36 24
36 4
36 26
36 15
36 28
36 0
36 5
36 32
36 44
36 33
36 13
36 17
36 25
36 10
36 3
36 22
36 19
36 38
36 2
19
37 24
37 42
37 34
37 11
37 49
37 31
37 16
37 43
37 20
37 40
37 35
37 36
37 7
37 32
37 12
37 28
37 26
37 0
37 13
19
38 45
38 28
38 16
38 34
38 43
38 13
38 6
38 31
38 37
38 41
38 19
38 23
38 25
38 5
38 32
38 1
38 15
38 42
38 20
21
39 5
39 1
39 49
39 41
39 48
39 16
39 47
39 12
39 36
39 2
39 45
39 4
39 11
39 20
39 19
39 37
39 44
39 33
39 42
39 34
39 43
21
40 15
40 5
40 39
40 10
40 44
40 49
40 33
40 21
40 29
40 8
40 48
40 12
40 43
40 25
40 17
40 22
40 36
40 1
40 24
40 28
40 2
19
41 22
41 4
41 19
41 29
41 12
41 13
41 26
41 36
41 0
41 24
41 42
41 37
41 18
41 15
41 47
41 49
41 28
41 46
41 11
13
42 4
42 43
42 12
42 36
42 20
42 31
42 11
42 27
42 2
42 40
42 17
42 25
42 18
13
43 41
43 5
43 45
43 25
43 0
43 2
43 33
43 11
43 13
43 4
43 48
43 3
43 36
18
44 42
44 43
44 17
44 35
44 25
44 6
44 23
44 28
44 4
44 31
44 19
44 41
44 29
44 16
44 24
44 45
44 10
44 22
18
45 3
45 4
45 49
45 18
45 32
45 41
45 22
45 15
45 6
45 28
45 2
45 19
45 25
45 21
45 17
45 1
45 46
45 37
24
46 37
46 4
46 33
46 5
46 35
46 21
46 40
46 0
46 10
46 43
46 26
46 34
46 9
46 28
46 38
46 11
46 13
46 2
46 8
46 39
46 22
46 7
46 30
46 14
17
47 10
47 37
47 13
47 1
47 15
47 43
47 48
47 4
47 16
47 40
47 42
47 17
47 0
47 34
47 23
47 38
47 45
19
48 19
48 35
48 6
48 27
48 3
48 2
48 15
48 29
48 41
48 42
48 13
48 8
48 44
48 33
48 45
48 32
48 18
48 21
48 11
18
49 46
49 4
49 42
49 19
49 34
49 11
49 44
49 27
49 30
49 15
49 13
49 24
49 26
49 7
49 2
49 16
49 18
49 17
