50
0 "A24"
1 "A3"
2 "A30"
3 "A14"
4 "A22"
5 "A25"
6 "A19"
7 "A6"
8 "A49"
9 "A29"
10 "A39"
11 "A42"
12 "A23"
13 "A16"
14 "A11"
15 "A8"
16 "A48"
17 "A5"
18 "A17"
19 "A9"
20 "A45"
21 "A28"
22 "A21"
23 "A20"
24 "A10"
25 "A40"
26 "A2"
27 "A31"
28 "A41"
29 "A1"
30 "A43"
31 "A46"
32 "A4"
33 "A44"
34 "A37"
35 "A38"
36 "A27"
37 "A32"
38 "A7"
39 "A18"
40 "A35"
41 "A47"
42 "A0"
43 "A15"
44 "A13"
45 "A26"
46 "A36"
47 "A34"
48 "A33"
49 "A12"
22
0 33
0 21
0 5
0 22
0 3
0 46
0 27
0 26
0 11
0 49
0 44
0 40
0 23
0 18
0 4
0 13
0 29
0 38
0 32
0 45
0 39
0 37
15
1 10
1 8
1 32
1 41
1 0
1 39
1 46
1 44
1 11
1 38
1 30
1 18
1 35
1 40
1 22
21
2 13
2 12
2 36
2 6
2 26
2 10
2 31
2 7
2 46
2 38
2 30
2 33
2 0
2 11
2 3
2 32
2 25
2 18
2 8
2 5
2 48
23
3 4
3 1
3 39
3 42
3 9
3 13
3 40
3 27
3 24
3 12
3 21
3 44
3 6
3 32
3 14
3 5
3 34
3 36
3 37
3 41
3 46
3 38
3 22
16
4 10
4 19
4 37
4 30
4 11
4 8
4 48
4 9
4 40
4 43
4 49
4 39
4 47
4 12
4 45
4 16
17
5 4
5 19
5 1
5 41
5 35
5 45
5 47
5 30
5 29
5 12
5 7
5 11
5 23
5 26
5 14
5 49
5 17
19
6 47
6 16
6 49
6 38
6 0
6 22
6 39
6 27
6 23
6 5
6 20
6 1
6 13
6 33
6 21
6 48
6 37
6 11
6 30
19
7 15
7 24
7 29
7 40
7 34
7 41
7 14
7 43
7 45
7 10
7 44
7 31
7 12
7 20
7 17
7 3
7 42
7 6
7 23
22
8 39
8 13
8 15
8 43
8 30
8 26
8 24
8 5
8 7
8 3
8 29
8 16
8 41
8 6
8 46
8 36
8 17
8 32
8 19
8 47
8 0
8 33
26
9 41
9 14
9 20
9 37
9 32
9 46
9 7
9 40
9 34
9 6
9 38
9 28
9 27
9 39
9 19
9 42
9 45
9 2
9 12
9 0
9 48
9 5
9 13
9 17
9 11
9 16
15
10 17
10 18
10 9
10 43
10 40
10 31
10 33
10 36
10 35
10 8
10 22
10 3
10 48
10 21
10 6
17
11 7
11 35
11 12
11 14
11 17
11 27
11 37
11 45
11 36
11 41
11 44
11 20
11 48
11 49
11 46
11 47
11 39
19
12 25
12 46
12 21
12 27
12 37
12 32
12 0
12 35
12 29
12 43
12 26
12 45
12 36
12 14
12 18
12 16
12 13
12 47
12 22
19
13 11
13 36
13 4
13 24
13 20
13 42
13 21
13 5
13 23
13 34
13 1
13 45
13 14
13 30
13 27
13 46
13 37
13 10
13 19
16
14 26
14 36
14 10
14 18
14 20
14 28
14 42
14 44
14 19
14 1
14 45
14 17
14 23
14 34
14 8
14 46
21
15 16
15 46
15 29
15 33
15 48
15 45
15 43
15 28
15 39
15 22
15 0
15 31
15 1
15 2
15 26
15 6
15 13
15 38
15 10
15 5
15 12
23
16 30
16 21
16 1
16 25
16 38
16 18
16 48
16 41
16 23
16 5
16 14
16 10
16 47
16 44
16 19
16 2
16 39
16 20
16 33
16 26
16 11
16 36
16 43
12
17 16
17 45
17 0
17 24
17 1
17 33
17 13
17 47
17 12
17 28
17 36
17 2
16
18 20
18 41
18 9
18 4
18 3
18 24
18 17
18 37
18 11
18 15
18 28
18 31
18 47
18 35
18 27
18 32
15
19 40
19 6
19 31
19 30
19 17
19 0
19 35
19 48
19 36
19 1
19 18
19 29
19 12
19 26
19 34
21
20 24
20 17
20 5
20 31
20 10
20 42
20 26
20 48
20 27
20 36
20 46
20 30
20 8
20 47
20 29
20 3
20 33
20 1
20 2
20 15
20 28
23
21 9
21 15
21 11
21 41
21 33
21 43
21 4
21 20
21 47
21 8
21 26
21 35
21 18
21 14
21 37
21 5
21 2
21 40
21 32
21 24
21 29
21 1
21 7
24
22 36
22 5
22 16
22 23
22 20
22 19
22 28
22 11
22 42
22 14
22 39
22 13
22 24
22 33
22 35
22 8
22 31
22 17
22 9
22 7
22 2
22 18
22 37
22 45
21
23 2
23 29
23 3
23 32
23 10
23 35
23 9
23 20
23 34
23 17
23 33
23 47
23 21
23 46
23 30
23 26
23 31
23 18
23 4
23 15
23 44
21
24 4
24 1
24 36
24 42
24 30
24 23
24 25
24 11
24 27
24 5
24 47
24 19
24 15
24 31
24 14
24 38
24 37
24 46
24 6
24 9
24 44
23
25 22
25 3
25 6
25 15
25 40
25 4
25 49
25 46
25 17
25 21
25 8
25 13
25 45
25 31
25 26
25 10
25 18
25 19
25 27
25 5
25 29
25 23
25 38
17
26 3
26 44
26 4
26 30
26 18
26 32
26 10
26 9
26 24
26 41
26 11
26 36
26 43
26 42
26 29
26 7
26 22
19
27 19
27 40
27 2
27 33
27 21
27 23
27 39
27 31
27 29
27 4
27 36
27 14
27 16
27 5
27 17
27 7
27 10
27 1
27 32
21
28 2
28 33
28 19
28 6
28 16
28 27
28 42
28 11
28 12
28 8
28 36
28 41
28 43
28 21
28 30
28 25
28 23
28 0
28 3
28 10
28 45
20
29 28
29 18
29 31
29 41
29 34
29 4
29 13
29 11
29 6
29 10
29 48
29 35
29 1
29 9
29 3
29 24
29 47
29 38
29 46
29 45
19
30 44
30 34
30 14
30 21
30 29
30 9
30 38
30 33
30 11
30 18
30 12
30 15
30 7
30 31
30 42
30 10
30 3
30 25
30 47
22
31 16
31 43
31 21
31 41
31 6
31 14
31 13
31 36
31 38
31 26
31 12
31 5
31 46
31 0
31 48
31 9
31 3
31 42
31 28
31 49
31 1
31 45
18
32 5
32 38
32 11
32 33
32 13
32 29
32 25
32 17
32 43
32 14
32 22
32 16
32 28
32 19
32 36
32 49
32 46
32 34
18
33 43
33 40
33 4
33 39
33 5
33 7
33 12
33 48
33 18
33 1
33 3
33 34
33 47
33 26
33 31
33 37
33 14
33 49
21
34 10
34 36
34 25
34 11
34 45
34 27
34 18
34 0
34 41
34 20
34 8
34 21
34 24
34 4
34 26
34 2
34 28
34 31
34 5
34 15
34 12
21
35 0
35 41
35 30
35 9
35 8
35 15
35 40
35 13
35 7
35 31
35 2
35 24
35 34
35 14
35 26
35 16
35 20
35 32
35 42
35 3
35 38
18
36 29
36 43
36 4
36 21
36 35
36 37
36 0
36 9
36 46
36 42
36 30
36 7
36 18
36 33
36 47
36 25
36 44
36 40
21
37 38
37 41
37 14
37 30
37 26
37 29
37 8
37 23
37 34
37 39
37 31
37 19
37 15
37 20
37 28
37 25
37 5
37 32
37 10
37 49
37 27
18
38 19
38 14
38 48
38 43
38 27
38 10
38 13
38 34
38 17
38 20
38 47
38 21
38 5
38 36
38 11
38 22
38 4
38 12
22
39 25
39 20
39 36
39 32
39 14
39 19
39 18
39 28
39 10
39 21
39 26
39 38
39 42
39 45
39 47
39 43
39 30
39 34
39 46
39 2
39 35
39 29
20
40 32
40 30
40 37
40 20
40 34
40 8
40 42
40 28
40 38
40 12
40 47
40 2
40 22
40 24
40 6
40 39
40 15
40 29
40 5
40 49
21
41 43
41 24
41 27
41 4
41 12
41 22
41 19
41 33
41 23
41 38
41 20
41 2
41 6
41 44
41 32
41 49
41 15
41 30
41 48
41 40
41 39
25
42 15
42 0
42 21
42 34
42 37
42 41
42 8
42 27
42 38
42 6
42 16
42 19
42 46
42 5
42 2
42 17
42 1
42 10
42 49
42 33
42 32
42 11
42 48
42 25
42 12
22
43 1
43 35
43 17
43 3
43 25
43 5
43 49
43 34
43 29
43 37
43 23
43 42
43 13
43 11
43 14
43 6
43 19
43 20
43 0
43 27
43 22
43 47
27
44 37
44 10
44 35
44 12
44 13
44 38
44 4
44 25
44 2
44 15
44 40
44 42
44 21
44 18
44 22
44 31
44 9
44 49
44 28
44 6
44 20
44 29
44 34
44 5
44 39
44 17
44 19
19
45 38
45 33
45 1
45 6
45 30
45 23
45 40
45 43
45 41
45 37
45 18
45 24
45 44
45 3
45 10
45 35
45 46
45 16
45 2
17
46 44
46 33
46 22
46 37
46 21
46 16
46 4
46 19
46 40
46 18
46 35
46 43
46 28
46 10
46 26
46 7
46 49
16
47 25
47 45
47 3
47 34
47 0
47 10
47 2
47 1
47 22
47 27
47 37
47 7
47 14
47 26
47 15
47 13
16
48 25
48 34
48 46
48 7
48 0
48 28
48 17
48 36
48 3
48 24
48 1
48 12
48 14
48 18
48 8
48 40
16
49 2
49 19
49 15
49 34
49 38
49 8
49 14
49 7
49 1
49 12
49 26
49 24
49 18
49 13
49 28
49 39
