50
0 "A24"
1 "A3"
2 "A30"
3 "A14"
4 "A22"
5 "A25"
6 "A19"
7 "A6"
8 "A49"
9 "A29"
10 "A39"
11 "A42"
12 "A23"
13 "A16"
14 "A11"
15 "A8"
16 "A48"
17 "A5"
18 "A17"
19 "A9"
20 "A45"
21 "A28"
22 "A21"
23 "A20"
24 "A10"
25 "A40"
26 "A2"
27 "A31"
28 "A41"
29 "A1"
30 "A43"
31 "A46"
32 "A4"
33 "A44"
34 "A37"
35 "A38"
36 "A27"
37 "A32"
38 "A7"
39 "A18"
40 "A35"
41 "A47"
42 "A0"
43 "A15"
44 "A13"
45 "A26"
46 "A36"
47 "A34"
48 "A33"
49 "A12"
13
0 14
0 18
0 5
0 49
0 27
0 42
0 37
0 46
0 13
0 4
0 45
0 1
0 17
16
1 10
1 38
1 46
1 44
1 33
1 37
1 24
1 26
1 6
1 2
1 27
1 25
1 3
1 16
1 13
1 19
19
2 6
2 44
2 10
2 49
2 16
2 19
2 43
2 36
2 0
2 4
2 40
2 30
2 5
2 26
2 21
2 32
2 3
2 34
2 14
14
3 14
3 4
3 22
3 13
3 42
3 35
3 40
3 8
3 0
3 29
3 34
3 9
3 36
3 33
19
4 27
4 47
4 16
4 38
4 42
4 39
4 31
4 18
4 19
4 20
4 5
4 13
4 8
4 28
4 35
4 33
4 6
4 40
4 43
24
5 25
5 14
5 30
5 43
5 26
5 15
5 29
5 9
5 35
5 12
5 49
5 38
5 22
5 42
5 37
5 33
5 47
5 44
5 23
5 36
5 11
5 13
5 7
5 16
22
6 12
6 23
6 31
6 37
6 18
6 3
6 34
6 25
6 13
6 27
6 48
6 41
6 7
6 39
6 11
6 16
6 30
6 40
6 38
6 5
6 44
6 10
21
7 40
7 11
7 32
7 25
7 27
7 48
7 31
7 3
7 2
7 0
7 17
7 1
7 46
7 43
7 9
7 41
7 47
7 38
7 37
7 10
7 33
20
8 39
8 45
8 37
8 38
8 12
8 26
8 6
8 10
8 11
8 33
8 7
8 41
8 28
8 1
8 36
8 43
8 27
8 49
8 29
8 2
25
9 32
9 37
9 19
9 17
9 33
9 39
9 31
9 4
9 12
9 43
9 45
9 22
9 1
9 11
9 38
9 44
9 27
9 35
9 10
9 21
9 15
9 26
9 14
9 49
9 6
21
10 18
10 3
10 13
10 17
10 23
10 27
10 34
10 28
10 22
10 30
10 24
10 16
10 38
10 25
10 4
10 5
10 46
10 39
10 20
10 26
10 11
22
11 20
11 25
11 21
11 27
11 19
11 13
11 39
11 37
11 38
11 36
11 1
11 15
11 33
11 34
11 3
11 0
11 2
11 16
11 4
11 29
11 31
11 42
18
12 46
12 43
12 40
12 19
12 1
12 13
12 27
12 0
12 4
12 14
12 22
12 23
12 2
12 29
12 21
12 7
12 44
12 36
21
13 37
13 49
13 22
13 36
13 2
13 20
13 25
13 8
13 46
13 35
13 47
13 28
13 14
13 7
13 44
13 38
13 43
13 23
13 42
13 9
13 26
26
14 48
14 25
14 44
14 46
14 43
14 31
14 37
14 27
14 19
14 17
14 10
14 8
14 24
14 49
14 18
14 45
14 34
14 1
14 20
14 7
14 40
14 22
14 4
14 6
14 28
14 30
27
15 44
15 1
15 0
15 42
15 38
15 46
15 14
15 12
15 18
15 36
15 29
15 6
15 39
15 21
15 20
15 31
15 49
15 35
15 17
15 4
15 43
15 19
15 16
15 48
15 7
15 34
15 40
19
16 46
16 31
16 18
16 24
16 36
16 12
16 27
16 28
16 8
16 21
16 32
16 33
16 19
16 47
16 26
16 13
16 9
16 14
16 0
18
17 12
17 6
17 3
17 1
17 2
17 35
17 13
17 25
17 27
17 18
17 33
17 21
17 32
17 28
17 4
17 34
17 5
17 8
14
18 34
18 2
18 8
18 35
18 1
18 5
18 24
18 36
18 48
18 3
18 38
18 29
18 42
18 13
20
19 20
19 13
19 8
19 10
19 42
19 6
19 32
19 31
19 33
19 17
19 23
19 41
19 28
19 46
19 7
19 18
19 22
19 36
19 26
19 5
22
20 17
20 23
20 34
20 28
20 5
20 49
20 0
20 3
20 31
20 42
20 45
20 8
20 12
20 6
20 48
20 1
20 2
20 9
20 7
20 35
20 47
20 30
20
21 44
21 27
21 38
21 36
21 5
21 35
21 20
21 37
21 24
21 46
21 0
21 48
21 4
21 14
21 28
21 19
21 1
21 18
21 30
21 42
22
22 6
22 18
22 1
22 20
22 15
22 27
22 7
22 16
22 36
22 17
22 26
22 45
22 2
22 11
22 8
22 23
22 30
22 24
22 48
22 4
22 21
22 25
21
23 47
23 45
23 18
23 8
23 0
23 43
23 33
23 34
23 49
23 27
23 2
23 29
23 41
23 26
23 48
23 35
23 17
23 4
23 42
23 14
23 38
22
24 17
24 48
24 19
24 13
24 23
24 7
24 4
24 3
24 41
24 32
24 5
24 2
24 20
24 31
24 39
24 34
24 33
24 27
24 43
24 11
24 38
24 6
22
25 4
25 40
25 23
25 31
25 47
25 16
25 9
25 2
25 0
25 43
25 39
25 42
25 46
25 20
25 3
25 41
25 37
25 49
25 30
25 45
25 15
25 12
19
26 42
26 11
26 38
26 48
26 24
26 47
26 31
26 29
26 27
26 17
26 7
26 14
26 30
26 37
26 4
26 15
26 18
26 3
26 20
18
27 37
27 40
27 20
27 42
27 19
27 13
27 35
27 5
27 33
27 15
27 43
27 29
27 48
27 45
27 18
27 39
27 49
27 34
16
28 3
28 6
28 45
28 5
28 9
28 0
28 22
28 37
28 2
28 40
28 24
28 46
28 1
28 48
28 33
28 29
14
29 7
29 32
29 41
29 24
29 46
29 13
29 0
29 6
29 2
29 49
29 47
29 1
29 4
29 14
26
30 12
30 3
30 7
30 32
30 37
30 19
30 48
30 1
30 36
30 17
30 46
30 4
30 43
30 39
30 35
30 23
30 8
30 34
30 29
30 45
30 9
30 24
30 11
30 27
30 41
30 13
11
31 18
31 34
31 22
31 33
31 2
31 39
31 12
31 8
31 23
31 30
31 10
21
32 40
32 5
32 3
32 34
32 38
32 15
32 49
32 20
32 44
32 11
32 14
32 18
32 39
32 46
32 4
32 8
32 47
32 28
32 6
32 45
32 43
22
33 42
33 25
33 46
33 40
33 14
33 22
33 48
33 0
33 10
33 2
33 44
33 45
33 36
33 49
33 6
33 29
33 32
33 13
33 26
33 21
33 39
33 43
18
34 5
34 39
34 1
34 44
34 41
34 35
34 13
34 28
34 22
34 19
34 47
34 4
34 16
34 46
34 42
34 25
34 36
34 33
20
35 22
35 26
35 7
35 24
35 33
35 29
35 6
35 43
35 14
35 19
35 8
35 16
35 11
35 28
35 36
35 49
35 31
35 42
35 2
35 32
17
36 48
36 27
36 29
36 39
36 17
36 14
36 6
36 1
36 46
36 42
36 20
36 31
36 7
36 32
36 44
36 9
36 24
20
37 46
37 23
37 44
37 17
37 42
37 45
37 32
37 39
37 33
37 16
37 24
37 18
37 49
37 22
37 35
37 10
37 34
37 31
37 19
37 2
16
38 48
38 19
38 28
38 22
38 33
38 12
38 40
38 49
38 0
38 14
38 34
38 25
38 17
38 42
38 27
38 47
18
39 20
39 21
39 40
39 13
39 47
39 41
39 7
39 42
39 23
39 44
39 12
39 22
39 38
39 46
39 18
39 19
39 43
39 14
21
40 19
40 10
40 20
40 47
40 36
40 23
40 46
40 31
40 24
40 0
40 30
40 22
40 49
40 16
40 5
40 21
40 11
40 26
40 35
40 41
40 42
21
41 4
41 38
41 18
41 21
41 16
41 17
41 0
41 15
41 32
41 22
41 14
41 35
41 1
41 13
41 20
41 47
41 27
41 3
41 10
41 12
41 5
20
42 10
42 24
42 46
42 17
42 6
42 45
42 22
42 7
42 1
42 31
42 29
42 16
42 14
42 9
42 8
42 12
42 49
42 28
42 32
42 44
18
43 10
43 41
43 34
43 18
43 22
43 20
43 40
43 17
43 19
43 11
43 36
43 1
43 49
43 42
43 31
43 46
43 26
43 0
20
44 8
44 10
44 26
44 7
44 4
44 19
44 43
44 38
44 17
44 16
44 11
44 20
44 18
44 40
44 23
44 31
44 24
44 27
44 0
44 30
23
45 40
45 11
45 13
45 17
45 39
45 2
45 15
45 35
45 36
45 38
45 4
45 10
45 12
45 7
45 46
45 6
45 19
45 21
45 41
45 29
45 31
45 47
45 5
15
46 49
46 23
46 22
46 38
46 6
46 35
46 31
46 4
46 24
46 18
46 11
46 26
46 9
46 2
46 44
22
47 48
47 12
47 44
47 0
47 11
47 33
47 28
47 37
47 3
47 19
47 1
47 10
47 43
47 17
47 15
47 36
47 8
47 21
47 6
47 30
47 42
47 9
22
48 25
48 40
48 46
48 9
48 17
48 11
48 37
48 12
48 19
48 42
48 49
48 45
48 41
48 13
48 39
48 8
48 10
48 43
48 32
48 16
48 3
48 0
14
49 11
49 36
49 45
49 39
49 44
49 28
49 47
49 18
49 41
49 22
49 21
49 34
49 31
49 10
