50
0 "A29"
1 "A32"
2 "A2"
3 "A30"
4 "A41"
5 "A9"
6 "A14"
7 "A26"
8 "A24"
9 "A13"
10 "A22"
11 "A19"
12 "A46"
13 "A11"
14 "A7"
15 "A20"
16 "A39"
17 "A44"
18 "A48"
19 "A45"
20 "A4"
21 "A28"
22 "A40"
23 "A34"
24 "A35"
25 "A15"
26 "A38"
27 "A17"
28 "A23"
29 "A37"
30 "A8"
31 "A42"
32 "A5"
33 "A3"
34 "A47"
35 "A25"
36 "A0"
37 "A33"
38 "A10"
39 "A43"
40 "A18"
41 "A1"
42 "A12"
43 "A36"
44 "A21"
45 "A6"
46 "A16"
47 "A31"
48 "A27"
49 "A49"
18
0 11
0 44
0 31
0 28
0 19
0 45
0 47
0 3
0 27
0 37
0 13
0 29
0 49
0 14
0 1
0 32
0 30
0 24
15
1 36
1 23
1 26
1 11
1 6
1 4
1 49
1 40
1 35
1 8
1 38
1 39
1 33
1 32
1 44
17
2 19
2 28
2 27
2 3
2 36
2 7
2 31
2 30
2 29
2 0
2 20
2 33
2 47
2 22
2 12
2 46
2 37
24
3 30
3 20
3 5
3 22
3 26
3 29
3 35
3 12
3 21
3 44
3 9
3 33
3 13
3 32
3 27
3 6
3 39
3 31
3 10
3 1
3 19
3 38
3 16
3 43
15
4 46
4 15
4 48
4 8
4 33
4 44
4 40
4 34
4 0
4 2
4 31
4 20
4 35
4 21
4 16
18
5 18
5 11
5 42
5 32
5 29
5 4
5 0
5 8
5 48
5 35
5 24
5 41
5 39
5 25
5 1
5 44
5 12
5 23
20
6 7
6 5
6 8
6 0
6 2
6 30
6 26
6 44
6 23
6 11
6 48
6 46
6 40
6 18
6 35
6 39
6 42
6 33
6 34
6 16
22
7 3
7 9
7 49
7 32
7 40
7 4
7 24
7 46
7 38
7 1
7 0
7 19
7 21
7 44
7 35
7 5
7 14
7 10
7 41
7 8
7 13
7 42
17
8 24
8 12
8 28
8 16
8 0
8 15
8 43
8 42
8 19
8 23
8 38
8 13
8 26
8 44
8 37
8 3
8 20
23
9 48
9 49
9 40
9 0
9 39
9 5
9 24
9 31
9 46
9 22
9 4
9 13
9 30
9 2
9 17
9 29
9 37
9 34
9 36
9 1
9 8
9 20
9 6
21
10 4
10 17
10 31
10 48
10 19
10 20
10 32
10 21
10 18
10 5
10 6
10 13
10 23
10 8
10 1
10 30
10 0
10 11
10 43
10 39
10 9
23
11 46
11 41
11 49
11 25
11 34
11 27
11 12
11 35
11 7
11 9
11 28
11 18
11 36
11 19
11 2
11 8
11 37
11 3
11 32
11 15
11 4
11 31
11 21
20
12 25
12 28
12 27
12 42
12 48
12 32
12 17
12 19
12 46
12 39
12 49
12 36
12 37
12 0
12 26
12 6
12 34
12 21
12 44
12 16
19
13 14
13 4
13 21
13 45
13 38
13 39
13 35
13 5
13 12
13 6
13 2
13 29
13 23
13 16
13 15
13 44
13 33
13 27
13 48
18
14 26
14 31
14 38
14 48
14 3
14 11
14 40
14 21
14 42
14 29
14 12
14 17
14 9
14 8
14 39
14 46
14 5
14 45
21
15 14
15 12
15 43
15 10
15 33
15 29
15 3
15 1
15 0
15 23
15 36
15 27
15 47
15 44
15 38
15 28
15 6
15 7
15 49
15 48
15 31
20
16 5
16 48
16 44
16 21
16 41
16 7
16 24
16 15
16 23
16 14
16 0
16 26
16 11
16 22
16 42
16 36
16 35
16 25
16 2
16 30
21
17 29
17 28
17 3
17 7
17 32
17 0
17 24
17 43
17 11
17 44
17 23
17 5
17 33
17 19
17 27
17 46
17 18
17 6
17 26
17 13
17 37
21
18 13
18 12
18 47
18 31
18 38
18 43
18 32
18 27
18 41
18 45
18 44
18 7
18 34
18 35
18 37
18 49
18 16
18 0
18 8
18 39
18 2
19
19 15
19 45
19 31
19 48
19 18
19 26
19 21
19 49
19 46
19 34
19 14
19 1
19 13
19 36
19 16
19 43
19 28
19 44
19 25
21
20 26
20 17
20 15
20 25
20 46
20 42
20 24
20 48
20 14
20 27
20 11
20 13
20 33
20 7
20 47
20 0
20 22
20 19
20 12
20 6
20 23
21
21 43
21 8
21 31
21 48
21 1
21 23
21 35
21 20
21 36
21 17
21 32
21 37
21 0
21 15
21 6
21 27
21 24
21 45
21 30
21 2
21 5
21
22 18
22 43
22 36
22 15
22 13
22 37
22 0
22 30
22 40
22 17
22 28
22 6
22 14
22 24
22 12
22 31
22 41
22 44
22 38
22 11
22 48
22
23 24
23 7
23 46
23 9
23 37
23 44
23 32
23 42
23 3
23 18
23 4
23 14
23 12
23 19
23 40
23 2
23 35
23 11
23 22
23 48
23 30
23 36
24
24 26
24 18
24 46
24 1
24 12
24 44
24 36
24 32
24 30
24 13
24 2
24 14
24 11
24 47
24 10
24 15
24 43
24 45
24 42
24 4
24 35
24 29
24 37
24 19
24
25 13
25 24
25 15
25 7
25 0
25 2
25 6
25 14
25 18
25 8
25 9
25 1
25 28
25 38
25 3
25 42
25 40
25 32
25 31
25 27
25 29
25 34
25 4
25 36
22
26 45
26 33
26 29
26 36
26 25
26 30
26 49
26 27
26 11
26 23
26 0
26 40
26 34
26 10
26 4
26 43
26 18
26 46
26 28
26 13
26 5
26 39
17
27 30
27 6
27 48
27 5
27 24
27 29
27 35
27 49
27 43
27 47
27 16
27 46
27 31
27 19
27 4
27 1
27 41
23
28 18
28 21
28 49
28 6
28 24
28 5
28 27
28 13
28 10
28 47
28 7
28 39
28 46
28 4
28 20
28 41
28 32
28 1
28 33
28 48
28 45
28 14
28 29
17
29 32
29 7
29 1
29 44
29 46
29 42
29 19
29 35
29 4
29 34
29 38
29 45
29 30
29 8
29 21
29 33
29 22
16
30 25
30 31
30 32
30 49
30 5
30 20
30 48
30 38
30 44
30 4
30 17
30 37
30 18
30 42
30 28
30 7
18
31 32
31 45
31 6
31 49
31 24
31 40
31 28
31 12
31 33
31 26
31 37
31 13
31 8
31 42
31 1
31 5
31 43
31 41
12
32 14
32 33
32 43
32 48
32 2
32 9
32 27
32 13
32 19
32 15
32 6
32 8
22
33 14
33 24
33 0
33 48
33 30
33 16
33 9
33 49
33 22
33 25
33 11
33 12
33 34
33 23
33 7
33 8
33 18
33 36
33 27
33 39
33 37
33 21
24
34 43
34 17
34 23
34 28
34 36
34 35
34 24
34 3
34 2
34 49
34 40
34 14
34 31
34 20
34 0
34 27
34 10
34 8
34 16
34 15
34 32
34 37
34 1
34 21
14
35 49
35 15
35 0
35 26
35 44
35 20
35 28
35 8
35 25
35 47
35 39
35 46
35 36
35 31
14
36 44
36 17
36 49
36 43
36 28
36 31
36 6
36 30
36 18
36 20
36 38
36 14
36 42
36 29
21
37 5
37 19
37 44
37 28
37 32
37 6
37 49
37 43
37 27
37 39
37 1
37 26
37 38
37 15
37 16
37 3
37 10
37 14
37 46
37 35
37 41
23
38 45
38 19
38 49
38 17
38 20
38 31
38 9
38 23
38 2
38 24
38 5
38 10
38 33
38 47
38 43
38 27
38 46
38 6
38 0
38 42
38 41
38 32
38 21
19
39 29
39 23
39 44
39 20
39 32
39 45
39 40
39 4
39 21
39 17
39 36
39 0
39 31
39 46
39 7
39 30
39 19
39 38
39 16
24
40 32
40 30
40 11
40 36
40 8
40 42
40 0
40 5
40 17
40 19
40 18
40 15
40 33
40 35
40 48
40 46
40 20
40 21
40 24
40 38
40 47
40 27
40 16
40 3
27
41 23
41 42
41 1
41 45
41 0
41 10
41 46
41 6
41 4
41 21
41 13
41 9
41 15
41 24
41 34
41 17
41 20
41 2
41 36
41 35
41 39
41 33
41 14
41 3
41 43
41 32
41 29
16
42 49
42 43
42 9
42 3
42 35
42 47
42 0
42 1
42 11
42 15
42 37
42 39
42 22
42 2
42 4
42 34
17
43 35
43 20
43 13
43 1
43 7
43 0
43 39
43 28
43 23
43 9
43 25
43 30
43 2
43 4
43 40
43 6
43 12
13
44 40
44 45
44 32
44 46
44 38
44 34
44 14
44 25
44 42
44 41
44 26
44 33
44 11
17
45 7
45 36
45 42
45 10
45 33
45 30
45 11
45 15
45 17
45 16
45 8
45 2
45 37
45 32
45 25
45 6
45 12
17
46 8
46 49
46 25
46 13
46 16
46 33
46 30
46 1
46 22
46 5
46 34
46 0
46 3
46 45
46 18
46 48
46 32
28
47 13
47 33
47 8
47 3
47 14
47 43
47 10
47 37
47 5
47 45
47 23
47 25
47 9
47 12
47 4
47 49
47 44
47 17
47 26
47 32
47 16
47 34
47 36
47 39
47 11
47 41
47 30
47 7
21
48 29
48 1
48 18
48 41
48 25
48 49
48 2
48 37
48 3
48 44
48 43
48 17
48 35
48 11
48 31
48 0
48 42
48 34
48 36
48 47
48 24
13
49 32
49 22
49 43
49 20
49 25
49 16
49 39
49 10
49 44
49 6
49 5
49 17
49 4
