50
0 "A22"
1 "A14"
2 "A5"
3 "A45"
4 "A19"
5 "A20"
6 "A34"
7 "A49"
8 "A8"
9 "A1"
10 "A48"
11 "A21"
12 "A13"
13 "A3"
14 "A16"
15 "A26"
16 "A11"
17 "A46"
18 "A0"
19 "A4"
20 "A24"
21 "A18"
22 "A27"
23 "A40"
24 "A44"
25 "A17"
26 "A9"
27 "A15"
28 "A12"
29 "A47"
30 "A33"
31 "A41"
32 "A32"
33 "A38"
34 "A25"
35 "A28"
36 "A36"
37 "A23"
38 "A10"
39 "A29"
40 "A30"
41 "A37"
42 "A35"
43 "A6"
44 "A39"
45 "A43"
46 "A42"
47 "A2"
48 "A31"
49 "A7"
19
0 45
0 13
0 1
0 21
0 11
0 10
0 18
0 49
0 3
0 25
0 36
0 5
0 33
0 23
0 22
0 17
0 28
0 2
0 6
23
1 24
1 25
1 13
1 44
1 43
1 7
1 26
1 6
1 46
1 9
1 41
1 39
1 16
1 22
1 4
1 45
1 48
1 30
1 35
1 19
1 40
1 11
1 18
18
2 20
2 25
2 45
2 48
2 31
2 12
2 5
2 3
2 36
2 39
2 1
2 28
2 9
2 19
2 11
2 24
2 7
2 44
18
3 26
3 39
3 29
3 46
3 41
3 31
3 42
3 38
3 20
3 1
3 23
3 24
3 37
3 5
3 33
3 32
3 34
3 15
24
4 14
4 2
4 13
4 24
4 39
4 18
4 32
4 25
4 23
4 9
4 3
4 7
4 36
4 47
4 48
4 20
4 29
4 33
4 10
4 8
4 17
4 49
4 6
4 46
18
5 18
5 19
5 37
5 17
5 46
5 47
5 7
5 10
5 31
5 27
5 32
5 13
5 4
5 16
5 41
5 6
5 26
5 38
16
6 22
6 12
6 37
6 24
6 19
6 38
6 43
6 31
6 41
6 14
6 28
6 15
6 27
6 3
6 39
6 26
16
7 23
7 33
7 16
7 22
7 18
7 42
7 44
7 15
7 31
7 6
7 38
7 27
7 46
7 20
7 47
7 25
22
8 27
8 1
8 22
8 28
8 34
8 11
8 2
8 29
8 19
8 38
8 0
8 23
8 16
8 42
8 41
8 32
8 24
8 9
8 47
8 6
8 40
8 49
23
9 38
9 29
9 34
9 37
9 49
9 13
9 25
9 11
9 45
9 19
9 5
9 24
9 21
9 28
9 18
9 46
9 20
9 16
9 22
9 30
9 7
9 33
9 42
22
10 25
10 19
10 9
10 31
10 39
10 40
10 26
10 42
10 32
10 18
10 7
10 44
10 22
10 3
10 46
10 21
10 1
10 2
10 6
10 16
10 43
10 8
18
11 17
11 14
11 42
11 36
11 40
11 25
11 12
11 39
11 3
11 41
11 45
11 4
11 33
11 20
11 38
11 29
11 6
11 44
22
12 39
12 15
12 38
12 13
12 36
12 28
12 23
12 25
12 10
12 34
12 8
12 29
12 4
12 40
12 9
12 19
12 49
12 3
12 14
12 42
12 43
12 1
17
13 18
13 41
13 6
13 3
13 39
13 11
13 32
13 31
13 30
13 7
13 40
13 8
13 2
13 27
13 20
13 10
13 23
21
14 7
14 20
14 40
14 1
14 13
14 16
14 0
14 30
14 10
14 9
14 27
14 48
14 45
14 36
14 23
14 37
14 35
14 21
14 22
14 8
14 26
23
15 14
15 48
15 47
15 27
15 44
15 33
15 4
15 28
15 10
15 42
15 13
15 49
15 36
15 31
15 39
15 20
15 11
15 18
15 1
15 23
15 9
15 8
15 45
25
16 23
16 48
16 49
16 15
16 12
16 24
16 19
16 2
16 11
16 35
16 6
16 22
16 32
16 43
16 42
16 37
16 40
16 4
16 30
16 29
16 31
16 3
16 0
16 41
16 36
18
17 7
17 14
17 3
17 9
17 1
17 8
17 37
17 21
17 16
17 6
17 48
17 43
17 30
17 22
17 13
17 45
17 46
17 44
16
18 27
18 49
18 41
18 11
18 30
18 29
18 21
18 3
18 12
18 32
18 45
18 44
18 2
18 37
18 46
18 39
20
19 39
19 34
19 21
19 0
19 4
19 25
19 30
19 14
19 13
19 47
19 33
19 37
19 28
19 31
19 48
19 35
19 23
19 29
19 15
19 11
20
20 0
20 47
20 39
20 16
20 37
20 42
20 23
20 43
20 21
20 25
20 41
20 36
20 6
20 45
20 49
20 17
20 35
20 19
20 32
20 46
16
21 31
21 24
21 15
21 46
21 6
21 23
21 11
21 45
21 4
21 30
21 42
21 28
21 8
21 1
21 16
21 27
18
22 20
22 43
22 19
22 49
22 18
22 26
22 33
22 11
22 5
22 32
22 4
22 37
22 2
22 3
22 24
22 23
22 21
22 13
18
23 48
23 31
23 43
23 25
23 18
23 29
23 6
23 42
23 2
23 26
23 35
23 9
23 17
23 27
23 39
23 10
23 5
23 1
20
24 43
24 41
24 0
24 18
24 14
24 26
24 10
24 30
24 25
24 34
24 13
24 46
24 5
24 36
24 40
24 37
24 17
24 19
24 27
24 20
18
25 21
25 22
25 3
25 29
25 16
25 47
25 44
25 32
25 34
25 14
25 18
25 6
25 49
25 38
25 5
25 13
25 36
25 17
26
26 21
26 15
26 4
26 30
26 45
26 39
26 13
26 18
26 33
26 36
26 41
26 19
26 8
26 20
26 47
26 11
26 25
26 42
26 0
26 17
26 12
26 28
26 2
26 9
26 48
26 31
16
27 11
27 22
27 12
27 41
27 26
27 9
27 39
27 10
27 19
27 25
27 45
27 16
27 2
27 42
27 1
27 3
20
28 18
28 14
28 42
28 23
28 33
28 43
28 13
28 40
28 32
28 1
28 48
28 41
28 16
28 35
28 17
28 11
28 5
28 38
28 3
28 45
19
29 14
29 42
29 7
29 1
29 6
29 30
29 20
29 35
29 10
29 37
29 21
29 13
29 44
29 34
29 38
29 0
29 17
29 26
29 15
17
30 49
30 10
30 36
30 2
30 5
30 20
30 44
30 7
30 28
30 8
30 15
30 25
30 0
30 38
30 12
30 11
30 3
17
31 22
31 38
31 14
31 33
31 46
31 41
31 39
31 11
31 17
31 28
31 4
31 35
31 47
31 29
31 18
31 44
31 49
12
32 15
32 43
32 27
32 30
32 26
32 21
32 29
32 19
32 1
32 23
32 42
32 9
20
33 5
33 13
33 8
33 17
33 25
33 1
33 34
33 36
33 16
33 45
33 46
33 12
33 35
33 24
33 29
33 18
33 44
33 14
33 2
33 41
23
34 14
34 44
34 10
34 2
34 47
34 21
34 6
34 23
34 5
34 26
34 30
34 7
34 18
34 45
34 41
34 20
34 39
34 0
34 1
34 16
34 37
34 17
34 36
19
35 11
35 42
35 26
35 22
35 21
35 34
35 3
35 43
35 9
35 24
35 48
35 17
35 4
35 38
35 15
35 30
35 18
35 10
35 6
14
36 18
36 10
36 27
36 7
36 31
36 43
36 37
36 35
36 3
36 28
36 22
36 1
36 9
36 6
20
37 28
37 10
37 25
37 35
37 27
37 7
37 15
37 13
37 12
37 32
37 26
37 48
37 42
37 30
37 40
37 33
37 11
37 49
37 21
37 45
22
38 13
38 24
38 34
38 26
38 40
38 37
38 23
38 19
38 16
38 2
38 49
38 15
38 33
38 32
38 20
38 36
38 39
38 14
38 22
38 41
38 10
38 4
19
39 8
39 17
39 16
39 29
39 22
39 30
39 32
39 41
39 40
39 0
39 47
39 48
39 35
39 9
39 44
39 25
39 28
39 24
39 33
25
40 27
40 3
40 4
40 25
40 48
40 43
40 30
40 31
40 32
40 49
40 23
40 18
40 2
40 15
40 41
40 21
40 34
40 22
40 33
40 26
40 19
40 5
40 35
40 9
40 45
20
41 9
41 36
41 29
41 48
41 7
41 22
41 14
41 4
41 25
41 19
41 30
41 17
41 12
41 35
41 32
41 43
41 46
41 37
41 10
41 2
17
42 5
42 19
42 6
42 24
42 44
42 39
42 0
42 2
42 25
42 48
42 36
42 22
42 4
42 33
42 14
42 38
42 30
24
43 0
43 42
43 25
43 46
43 15
43 8
43 26
43 7
43 2
43 9
43 5
43 14
43 39
43 37
43 31
43 13
43 3
43 27
43 38
43 30
43 29
43 19
43 4
43 48
20
44 13
44 36
44 22
44 46
44 9
44 5
44 4
44 27
44 43
44 47
44 35
44 21
44 40
44 24
44 48
44 32
44 12
44 19
44 14
44 45
17
45 4
45 42
45 19
45 41
45 12
45 3
45 22
45 38
45 25
45 29
45 48
45 13
45 36
45 39
45 8
45 6
45 10
20
46 29
46 12
46 16
46 39
46 25
46 15
46 26
46 0
46 42
46 28
46 34
46 32
46 35
46 6
46 22
46 47
46 23
46 27
46 38
46 11
24
47 27
47 35
47 21
47 40
47 0
47 38
47 43
47 33
47 32
47 6
47 17
47 48
47 11
47 22
47 37
47 24
47 36
47 45
47 14
47 41
47 3
47 18
47 12
47 16
21
48 33
48 21
48 5
48 31
48 29
48 27
48 8
48 25
48 11
48 30
48 0
48 32
48 6
48 10
48 49
48 13
48 24
48 7
48 34
48 12
48 18
19
49 29
49 41
49 45
49 42
49 33
49 39
49 14
49 43
49 36
49 2
49 11
49 47
49 32
49 44
49 1
49 23
49 24
49 46
49 34
