50
0 "A21"
1 "A0"
2 "A46"
3 "A22"
4 "A16"
5 "A15"
6 "A8"
7 "A49"
8 "A1"
9 "A42"
10 "A40"
11 "A4"
12 "A44"
13 "A9"
14 "A35"
15 "A30"
16 "A28"
17 "A39"
18 "A19"
19 "A45"
20 "A2"
21 "A10"
22 "A29"
23 "A20"
24 "A18"
25 "A14"
26 "A13"
27 "A26"
28 "A32"
29 "A41"
30 "A3"
31 "A12"
32 "A38"
33 "A6"
34 "A47"
35 "A27"
36 "A34"
37 "A33"
38 "A11"
39 "A5"
40 "A7"
41 "A48"
42 "A17"
43 "A43"
44 "A23"
45 "A37"
46 "A36"
47 "A24"
48 "A25"
49 "A31"
21
0 3
0 28
0 46
0 17
0 14
0 19
0 37
0 5
0 13
0 20
0 29
0 16
0 1
0 25
0 18
0 44
0 7
0 38
0 8
0 26
0 15
20
1 30
1 31
1 12
1 24
1 39
1 10
1 17
1 45
1 25
1 29
1 2
1 11
1 8
1 27
1 36
1 43
1 34
1 20
1 4
1 19
18
2 26
2 40
2 6
2 36
2 16
2 37
2 39
2 42
2 27
2 24
2 25
2 19
2 41
2 14
2 43
2 47
2 49
2 5
20
3 48
3 42
3 20
3 4
3 19
3 16
3 12
3 31
3 28
3 39
3 26
3 45
3 15
3 27
3 13
3 2
3 17
3 7
3 9
3 32
16
4 15
4 28
4 0
4 48
4 23
4 10
4 35
4 36
4 2
4 18
4 40
4 25
4 47
4 17
4 39
4 29
23
5 33
5 32
5 46
5 13
5 37
5 6
5 44
5 28
5 35
5 1
5 19
5 3
5 17
5 10
5 29
5 40
5 39
5 34
5 31
5 8
5 9
5 4
5 16
22
6 20
6 30
6 7
6 1
6 31
6 17
6 43
6 36
6 8
6 46
6 25
6 47
6 3
6 0
6 39
6 34
6 16
6 10
6 11
6 9
6 18
6 29
23
7 49
7 44
7 29
7 40
7 4
7 14
7 19
7 15
7 48
7 26
7 32
7 30
7 12
7 33
7 21
7 5
7 2
7 41
7 11
7 38
7 8
7 10
7 27
19
8 9
8 4
8 37
8 31
8 15
8 11
8 17
8 10
8 22
8 34
8 41
8 20
8 28
8 48
8 21
8 3
8 33
8 24
8 43
21
9 46
9 37
9 11
9 47
9 16
9 10
9 14
9 25
9 35
9 28
9 38
9 12
9 34
9 39
9 33
9 27
9 45
9 49
9 43
9 21
9 0
14
10 0
10 11
10 15
10 3
10 33
10 25
10 24
10 41
10 12
10 2
10 49
10 22
10 42
10 16
15
11 16
11 41
11 3
11 36
11 4
11 12
11 2
11 48
11 39
11 0
11 38
11 44
11 49
11 21
11 15
13
12 4
12 40
12 46
12 47
12 5
12 45
12 8
12 20
12 2
12 28
12 0
12 22
12 43
26
13 44
13 29
13 12
13 23
13 4
13 48
13 8
13 7
13 40
13 10
13 45
13 30
13 46
13 34
13 11
13 1
13 37
13 49
13 28
13 31
13 20
13 41
13 43
13 9
13 33
13 38
22
14 21
14 20
14 43
14 33
14 32
14 13
14 5
14 4
14 15
14 6
14 39
14 28
14 26
14 40
14 45
14 11
14 31
14 37
14 29
14 30
14 3
14 1
19
15 46
15 44
15 35
15 36
15 49
15 41
15 39
15 47
15 45
15 33
15 25
15 20
15 42
15 12
15 28
15 30
15 13
15 40
15 24
20
16 34
16 19
16 21
16 47
16 31
16 32
16 28
16 38
16 13
16 49
16 29
16 15
16 20
16 46
16 7
16 45
16 12
16 39
16 43
16 1
16
17 10
17 14
17 49
17 30
17 12
17 46
17 32
17 20
17 13
17 45
17 11
17 41
17 24
17 19
17 2
17 9
17
18 33
18 8
18 10
18 13
18 30
18 44
18 3
18 7
18 46
18 5
18 14
18 22
18 9
18 11
18 34
18 15
18 20
16
19 15
19 9
19 14
19 18
19 31
19 36
19 25
19 33
19 10
19 30
19 29
19 4
19 13
19 8
19 39
19 46
17
20 45
20 28
20 37
20 21
20 32
20 42
20 5
20 11
20 19
20 33
20 35
20 27
20 47
20 31
20 10
20 2
20 40
18
21 29
21 4
21 3
21 6
21 35
21 34
21 42
21 48
21 10
21 0
21 15
21 39
21 19
21 30
21 13
21 31
21 26
21 2
24
22 21
22 16
22 9
22 31
22 49
22 15
22 14
22 2
22 23
22 1
22 42
22 13
22 28
22 19
22 5
22 36
22 39
22 0
22 3
22 34
22 33
22 6
22 35
22 30
29
23 2
23 11
23 1
23 5
23 0
23 43
23 41
23 14
23 29
23 6
23 26
23 15
23 45
23 7
23 47
23 9
23 48
23 19
23 44
23 32
23 46
23 18
23 25
23 31
23 3
23 21
23 28
23 38
23 20
24
24 23
24 20
24 26
24 36
24 4
24 19
24 37
24 3
24 49
24 34
24 16
24 40
24 12
24 21
24 0
24 14
24 30
24 13
24 6
24 43
24 32
24 47
24 46
24 9
23
25 11
25 26
25 45
25 8
25 30
25 21
25 37
25 36
25 20
25 47
25 38
25 39
25 3
25 12
25 17
25 35
25 43
25 24
25 34
25 18
25 33
25 5
25 32
20
26 10
26 37
26 11
26 38
26 40
26 15
26 4
26 9
26 36
26 20
26 6
26 31
26 27
26 8
26 17
26 1
26 29
26 18
26 35
26 22
20
27 42
27 25
27 19
27 6
27 43
27 29
27 21
27 22
27 37
27 14
27 13
27 39
27 4
27 15
27 16
27 47
27 11
27 10
27 5
27 24
17
28 27
28 7
28 31
28 1
28 49
28 19
28 11
28 26
28 43
28 17
28 2
28 37
28 46
28 41
28 32
28 25
28 44
16
29 35
29 36
29 12
29 47
29 45
29 33
29 37
29 24
29 20
29 18
29 40
29 3
29 38
29 9
29 48
29 8
18
30 20
30 9
30 8
30 16
30 23
30 10
30 40
30 47
30 0
30 5
30 49
30 46
30 32
30 3
30 28
30 4
30 29
30 48
19
31 12
31 25
31 27
31 18
31 17
31 11
31 15
31 39
31 37
31 42
31 34
31 48
31 40
31 43
31 0
31 41
31 10
31 30
31 44
17
32 45
32 18
32 48
32 29
32 9
32 13
32 2
32 38
32 1
32 37
32 43
32 47
32 41
32 10
32 4
32 12
32 22
16
33 41
33 16
33 31
33 39
33 3
33 24
33 32
33 28
33 42
33 11
33 37
33 1
33 21
33 26
33 2
33 27
23
34 30
34 47
34 3
34 2
34 14
34 42
34 32
34 10
34 28
34 17
34 26
34 11
34 43
34 4
34 35
34 0
34 33
34 20
34 23
34 36
34 48
34 19
34 12
20
35 42
35 16
35 37
35 31
35 30
35 0
35 11
35 46
35 10
35 13
35 32
35 18
35 24
35 19
35 49
35 12
35 14
35 27
35 23
35 41
21
36 8
36 41
36 13
36 28
36 0
36 18
36 35
36 44
36 9
36 40
36 39
36 31
36 16
36 23
36 42
36 17
36 21
36 27
36 32
36 10
36 14
18
37 6
37 11
37 16
37 4
37 44
37 3
37 45
37 18
37 40
37 34
37 17
37 1
37 22
37 49
37 7
37 12
37 39
37 43
20
38 1
38 30
38 5
38 47
38 19
38 21
38 24
38 2
38 18
38 20
38 37
38 27
38 4
38 35
38 22
38 31
38 6
38 33
38 40
38 8
17
39 35
39 34
39 32
39 48
39 20
39 17
39 0
39 29
39 13
39 24
39 38
39 43
39 28
39 10
39 18
39 30
39 12
17
40 25
40 22
40 3
40 35
40 19
40 0
40 16
40 18
40 32
40 10
40 8
40 21
40 28
40 39
40 27
40 23
40 6
20
41 30
41 5
41 18
41 4
41 34
41 39
41 9
41 37
41 25
41 42
41 16
41 26
41 1
41 12
41 6
41 45
41 14
41 27
41 40
41 0
17
42 19
42 11
42 40
42 26
42 23
42 6
42 18
42 38
42 25
42 4
42 14
42 32
42 24
42 29
42 30
42 16
42 39
19
43 4
43 36
43 49
43 10
43 17
43 21
43 35
43 15
43 44
43 33
43 3
43 41
43 5
43 0
43 26
43 40
43 48
43 29
43 42
28
44 17
44 19
44 32
44 14
44 12
44 26
44 25
44 35
44 8
44 6
44 9
44 2
44 1
44 38
44 20
44 16
44 46
44 3
44 33
44 21
44 34
44 24
44 10
44 40
44 22
44 45
44 4
44 30
18
45 10
45 26
45 28
45 40
45 49
45 42
45 5
45 34
45 36
45 19
45 35
45 2
45 38
45 0
45 27
45 8
45 7
45 4
17
46 1
46 3
46 22
46 27
46 7
46 38
46 21
46 34
46 2
46 43
46 29
46 14
46 42
46 32
46 25
46 8
46 10
19
47 0
47 5
47 48
47 45
47 40
47 10
47 13
47 1
47 49
47 14
47 8
47 43
47 42
47 31
47 18
47 11
47 19
47 33
47 26
22
48 0
48 2
48 33
48 12
48 26
48 18
48 36
48 22
48 38
48 10
48 20
48 35
48 19
48 27
48 40
48 14
48 37
48 6
48 9
48 5
48 17
48 25
25
49 48
49 3
49 42
49 4
49 21
49 36
49 32
49 33
49 14
49 41
49 6
49 34
49 38
49 25
49 1
49 44
49 18
49 29
49 8
49 5
49 31
49 23
49 19
49 27
49 20
