50
0 "A34"
1 "A4"
2 "A28"
3 "A26"
4 "A43"
5 "A0"
6 "A23"
7 "A29"
8 "A15"
9 "A41"
10 "A13"
11 "A19"
12 "A40"
13 "A3"
14 "A42"
15 "A33"
16 "A37"
17 "A30"
18 "A11"
19 "A20"
20 "A31"
21 "A36"
22 "A48"
23 "A6"
24 "A18"
25 "A21"
26 "A24"
27 "A49"
28 "A16"
29 "A8"
30 "A45"
31 "A12"
32 "A46"
33 "A32"
34 "A44"
35 "A9"
36 "A17"
37 "A39"
38 "A7"
39 "A27"
40 "A47"
41 "A14"
42 "A35"
43 "A22"
44 "A5"
45 "A38"
46 "A10"
47 "A25"
48 "A1"
49 "A2"
20
0 13
0 14
0 28
0 25
0 5
0 34
0 4
0 12
0 32
0 47
0 33
0 19
0 16
0 10
0 35
0 31
0 26
0 49
0 24
0 27
20
1 10
1 19
1 0
1 27
1 36
1 21
1 25
1 31
1 43
1 23
1 14
1 24
1 9
1 13
1 2
1 45
1 49
1 26
1 47
1 22
21
2 7
2 12
2 9
2 39
2 13
2 19
2 30
2 14
2 44
2 28
2 3
2 36
2 35
2 18
2 41
2 47
2 45
2 20
2 33
2 31
2 8
18
3 31
3 12
3 39
3 16
3 27
3 22
3 23
3 24
3 0
3 14
3 38
3 29
3 5
3 41
3 32
3 43
3 37
3 26
15
4 30
4 36
4 47
4 6
4 37
4 9
4 12
4 32
4 8
4 29
4 26
4 1
4 23
4 3
4 2
21
5 32
5 26
5 14
5 40
5 34
5 25
5 9
5 2
5 47
5 19
5 4
5 44
5 11
5 48
5 27
5 28
5 43
5 35
5 45
5 33
5 49
27
6 49
6 11
6 10
6 8
6 18
6 25
6 32
6 43
6 44
6 33
6 46
6 40
6 28
6 3
6 29
6 45
6 2
6 5
6 24
6 21
6 27
6 19
6 35
6 20
6 1
6 39
6 42
27
7 3
7 12
7 49
7 19
7 33
7 40
7 11
7 20
7 43
7 46
7 37
7 5
7 1
7 17
7 44
7 38
7 35
7 47
7 0
7 32
7 45
7 21
7 26
7 31
7 6
7 23
7 24
20
8 23
8 18
8 44
8 15
8 3
8 26
8 25
8 39
8 41
8 29
8 17
8 9
8 49
8 37
8 30
8 13
8 0
8 7
8 11
8 22
18
9 28
9 45
9 49
9 18
9 34
9 47
9 26
9 7
9 14
9 12
9 42
9 48
9 20
9 23
9 38
9 27
9 22
9 3
20
10 28
10 20
10 40
10 15
10 21
10 17
10 29
10 9
10 19
10 2
10 22
10 5
10 49
10 47
10 13
10 36
10 45
10 7
10 26
10 37
20
11 4
11 2
11 3
11 18
11 40
11 0
11 10
11 46
11 14
11 9
11 19
11 36
11 35
11 43
11 24
11 45
11 1
11 47
11 23
11 49
17
12 16
12 46
12 42
12 36
12 25
12 26
12 31
12 13
12 20
12 40
12 45
12 6
12 37
12 8
12 11
12 39
12 24
19
13 18
13 27
13 23
13 42
13 17
13 44
13 20
13 25
13 45
13 48
13 7
13 5
13 4
13 22
13 32
13 6
13 21
13 14
13 3
15
14 40
14 10
14 24
14 16
14 18
14 39
14 4
14 48
14 6
14 31
14 20
14 8
14 32
14 12
14 37
23
15 40
15 4
15 34
15 18
15 2
15 7
15 45
15 39
15 5
15 35
15 19
15 1
15 32
15 26
15 27
15 14
15 13
15 30
15 20
15 3
15 43
15 31
15 23
17
16 33
16 45
16 6
16 35
16 32
16 5
16 48
16 4
16 10
16 19
16 15
16 47
16 37
16 18
16 26
16 36
16 41
19
17 35
17 23
17 14
17 20
17 22
17 28
17 39
17 16
17 5
17 46
17 48
17 44
17 33
17 15
17 41
17 3
17 27
17 2
17 42
23
18 38
18 4
18 32
18 25
18 7
18 34
18 39
18 48
18 17
18 46
18 22
18 12
18 1
18 41
18 0
18 23
18 31
18 29
18 42
18 35
18 3
18 5
18 24
17
19 47
19 44
19 14
19 39
19 3
19 26
19 17
19 9
19 27
19 45
19 32
19 29
19 21
19 18
19 40
19 4
19 41
16
20 38
20 1
20 48
20 0
20 16
20 37
20 47
20 4
20 33
20 43
20 21
20 18
20 3
20 45
20 39
20 28
17
21 48
21 12
21 42
21 36
21 43
21 18
21 46
21 44
21 2
21 5
21 33
21 8
21 28
21 24
21 39
21 11
21 4
18
22 31
22 11
22 24
22 21
22 39
22 40
22 23
22 44
22 26
22 6
22 29
22 37
22 7
22 19
22 12
22 4
22 34
22 15
12
23 37
23 39
23 28
23 16
23 2
23 0
23 10
23 19
23 36
23 41
23 6
23 21
15
24 35
24 23
24 5
24 42
24 36
24 49
24 33
24 19
24 8
24 40
24 17
24 16
24 9
24 46
24 31
23
25 47
25 36
25 20
25 35
25 48
25 19
25 17
25 4
25 49
25 33
25 26
25 24
25 9
25 29
25 11
25 3
25 23
25 22
25 7
25 46
25 2
25 45
25 14
16
26 23
26 27
26 48
26 20
26 18
26 46
26 6
26 30
26 47
26 36
26 49
26 32
26 31
26 13
26 14
26 40
21
27 12
27 46
27 22
27 25
27 40
27 44
27 11
27 2
27 4
27 42
27 10
27 7
27 21
27 49
27 41
27 24
27 33
27 47
27 38
27 43
27 20
23
28 48
28 8
28 40
28 43
28 3
28 45
28 1
28 15
28 24
28 16
28 14
28 31
28 11
28 25
28 37
28 7
28 18
28 22
28 29
28 42
28 26
28 19
28 27
19
29 7
29 1
29 39
29 9
29 11
29 40
29 24
29 13
29 45
29 2
29 27
29 41
29 23
29 0
29 36
29 20
29 16
29 21
29 35
29
30 14
30 13
30 1
30 5
30 3
30 41
30 36
30 35
30 48
30 37
30 21
30 18
30 46
30 11
30 9
30 24
30 6
30 42
30 28
30 20
30 45
30 38
30 49
30 23
30 12
30 22
30 25
30 17
30 39
17
31 19
31 39
31 32
31 46
31 11
31 37
31 29
31 27
31 8
31 21
31 10
31 13
31 6
31 4
31 20
31 47
31 42
17
32 22
32 25
32 42
32 23
32 24
32 17
32 48
32 1
32 49
32 43
32 20
32 35
32 27
32 11
32 12
32 9
32 2
15
33 43
33 14
33 3
33 13
33 29
33 31
33 28
33 8
33 18
33 9
33 22
33 23
33 30
33 10
33 11
24
34 45
34 31
34 2
34 19
34 37
34 33
34 27
34 20
34 13
34 40
34 21
34 3
34 7
34 28
34 30
34 11
34 32
34 29
34 24
34 35
34 48
34 23
34 26
34 16
21
35 13
35 22
35 8
35 43
35 31
35 36
35 3
35 4
35 42
35 46
35 12
35 48
35 19
35 27
35 40
35 45
35 39
35 37
35 9
35 10
35 1
22
36 38
36 42
36 5
36 49
36 18
36 22
36 3
36 47
36 28
36 9
36 44
36 31
36 37
36 15
36 13
36 6
36 17
36 7
36 19
36 33
36 34
36 48
22
37 26
37 40
37 5
37 13
37 29
37 11
37 49
37 24
37 27
37 6
37 33
37 2
37 38
37 47
37 21
37 41
37 17
37 39
37 9
37 43
37 1
37 15
26
38 46
38 45
38 8
38 1
38 0
38 19
38 25
38 5
38 16
38 41
38 44
38 33
38 11
38 29
38 35
38 23
38 43
38 15
38 28
38 17
38 32
38 21
38 4
38 14
38 2
38 24
19
39 5
39 32
39 44
39 43
39 0
39 27
39 11
39 26
39 28
39 34
39 41
39 9
39 36
39 49
39 1
39 42
39 24
39 38
39 4
18
40 23
40 9
40 21
40 43
40 13
40 39
40 8
40 3
40 31
40 44
40 17
40 49
40 48
40 32
40 42
40 2
40 46
40 25
23
41 7
41 13
41 15
41 26
41 46
41 34
41 47
41 31
41 5
41 4
41 1
41 24
41 21
41 33
41 25
41 42
41 40
41 36
41 22
41 45
41 48
41 35
41 20
18
42 25
42 37
42 10
42 7
42 4
42 5
42 44
42 23
42 1
42 19
42 3
42 26
42 0
42 15
42 29
42 20
42 33
42 34
17
43 26
43 23
43 13
43 22
43 16
43 44
43 34
43 41
43 31
43 17
43 36
43 30
43 8
43 12
43 4
43 10
43 19
19
44 18
44 24
44 28
44 32
44 29
44 35
44 4
44 15
44 26
44 14
44 9
44 1
44 23
44 47
44 12
44 34
44 37
44 33
44 25
20
45 27
45 3
45 37
45 36
45 0
45 4
45 33
45 47
45 32
45 18
45 24
45 8
45 14
45 42
45 26
45 39
45 44
45 46
45 21
45 31
19
46 47
46 23
46 22
46 9
46 33
46 3
46 19
46 43
46 15
46 28
46 44
46 42
46 14
46 39
46 36
46 2
46 8
46 34
46 16
13
47 39
47 21
47 29
47 13
47 28
47 17
47 38
47 30
47 18
47 42
47 22
47 23
47 12
22
48 2
48 6
48 11
48 24
48 12
48 7
48 23
48 15
48 22
48 1
48 46
48 42
48 10
48 29
48 44
48 0
48 8
48 4
48 43
48 38
48 39
48 47
22
49 21
49 33
49 14
49 47
49 45
49 42
49 13
49 16
49 20
49 29
49 23
49 28
49 19
49 4
49 18
49 48
49 17
49 31
49 3
49 2
49 12
49 41
