50
0 "A34"
1 "A4"
2 "A28"
3 "A26"
4 "A43"
5 "A0"
6 "A23"
7 "A29"
8 "A15"
9 "A41"
10 "A13"
11 "A19"
12 "A40"
13 "A3"
14 "A42"
15 "A33"
16 "A37"
17 "A30"
18 "A11"
19 "A20"
20 "A31"
21 "A36"
22 "A48"
23 "A6"
24 "A18"
25 "A21"
26 "A24"
27 "A49"
28 "A16"
29 "A8"
30 "A45"
31 "A12"
32 "A46"
33 "A32"
34 "A44"
35 "A9"
36 "A17"
37 "A39"
38 "A7"
39 "A27"
40 "A47"
41 "A14"
42 "A35"
43 "A22"
44 "A5"
45 "A38"
46 "A10"
47 "A25"
48 "A1"
49 "A2"
19
0 46
0 42
0 30
0 2
0 17
0 13
0 40
0 10
0 44
0 27
0 36
0 39
0 29
0 41
0 12
0 28
0 37
0 32
0 9
21
1 9
1 10
1 21
1 49
1 42
1 47
1 6
1 5
1 44
1 45
1 39
1 0
1 8
1 3
1 13
1 48
1 7
1 19
1 38
1 22
1 36
21
2 44
2 48
2 34
2 29
2 30
2 12
2 38
2 3
2 10
2 9
2 41
2 45
2 7
2 36
2 13
2 24
2 39
2 1
2 32
2 27
2 11
19
3 16
3 30
3 41
3 43
3 10
3 0
3 20
3 28
3 5
3 42
3 8
3 25
3 35
3 6
3 29
3 37
3 13
3 49
3 44
18
4 5
4 28
4 19
4 46
4 47
4 6
4 43
4 2
4 42
4 13
4 23
4 3
4 9
4 40
4 16
4 31
4 41
4 8
18
5 26
5 32
5 15
5 42
5 31
5 39
5 2
5 30
5 0
5 18
5 19
5 14
5 25
5 46
5 40
5 21
5 47
5 34
14
6 19
6 45
6 2
6 7
6 22
6 5
6 31
6 25
6 35
6 0
6 9
6 8
6 29
6 41
21
7 13
7 0
7 24
7 25
7 33
7 28
7 27
7 14
7 29
7 23
7 9
7 21
7 17
7 36
7 47
7 16
7 15
7 37
7 5
7 38
7 26
25
8 27
8 22
8 49
8 33
8 31
8 11
8 24
8 36
8 43
8 48
8 2
8 16
8 29
8 20
8 47
8 9
8 17
8 46
8 0
8 7
8 42
8 38
8 21
8 28
8 10
25
9 24
9 41
9 29
9 37
9 22
9 28
9 25
9 45
9 27
9 20
9 32
9 10
9 35
9 14
9 18
9 23
9 48
9 36
9 43
9 15
9 46
9 33
9 40
9 44
9 47
17
10 31
10 20
10 28
10 5
10 7
10 4
10 48
10 13
10 19
10 24
10 29
10 47
10 27
10 26
10 12
10 25
10 34
22
11 35
11 43
11 19
11 14
11 23
11 10
11 1
11 30
11 3
11 7
11 25
11 48
11 4
11 33
11 37
11 29
11 16
11 5
11 36
11 17
11 12
11 46
27
12 17
12 25
12 4
12 6
12 42
12 7
12 30
12 34
12 49
12 20
12 29
12 1
12 21
12 3
12 8
12 24
12 37
12 41
12 15
12 9
12 40
12 39
12 23
12 38
12 35
12 5
12 47
18
13 6
13 23
13 30
13 42
13 12
13 11
13 21
13 48
13 39
13 16
13 29
13 43
13 15
13 24
13 33
13 38
13 5
13 47
21
14 10
14 15
14 27
14 6
14 23
14 20
14 30
14 2
14 46
14 12
14 33
14 31
14 26
14 44
14 3
14 0
14 21
14 16
14 38
14 8
14 4
20
15 23
15 1
15 49
15 42
15 25
15 33
15 35
15 38
15 47
15 2
15 31
15 17
15 44
15 24
15 19
15 20
15 43
15 10
15 26
15 0
22
16 49
16 26
16 10
16 1
16 24
16 38
16 44
16 35
16 48
16 15
16 19
16 2
16 23
16 5
16 36
16 43
16 27
16 25
16 32
16 37
16 30
16 12
13
17 41
17 25
17 14
17 38
17 39
17 1
17 45
17 2
17 22
17 10
17 47
17 28
17 16
25
18 45
18 47
18 40
18 39
18 43
18 0
18 12
18 19
18 14
18 2
18 3
18 25
18 1
18 44
18 17
18 4
18 33
18 37
18 15
18 7
18 20
18 41
18 48
18 8
18 38
21
19 44
19 35
19 0
19 8
19 47
19 13
19 40
19 34
19 46
19 21
19 29
19 2
19 12
19 27
19 24
19 49
19 7
19 42
19 36
19 31
19 26
20
20 0
20 21
20 1
20 45
20 25
20 30
20 22
20 7
20 16
20 31
20 13
20 46
20 17
20 23
20 28
20 27
20 5
20 35
20 41
20 44
23
21 24
21 32
21 17
21 26
21 15
21 33
21 9
21 6
21 10
21 43
21 16
21 0
21 28
21 35
21 46
21 29
21 39
21 18
21 3
21 34
21 49
21 36
21 37
21
22 29
22 42
22 31
22 48
22 7
22 33
22 12
22 26
22 3
22 35
22 0
22 40
22 24
22 46
22 4
22 11
22 5
22 13
22 18
22 16
22 47
18
23 30
23 8
23 17
23 24
23 33
23 46
23 41
23 25
23 29
23 21
23 1
23 10
23 39
23 18
23 35
23 22
23 19
23 49
19
24 6
24 47
24 46
24 5
24 49
24 31
24 11
24 37
24 27
24 36
24 35
24 3
24 29
24 39
24 28
24 17
24 14
24 1
24 45
18
25 45
25 34
25 31
25 14
25 2
25 40
25 36
25 49
25 48
25 47
25 27
25 24
25 33
25 1
25 22
25 28
25 29
25 42
17
26 43
26 4
26 45
26 6
26 27
26 46
26 24
26 38
26 39
26 11
26 28
26 1
26 20
26 41
26 48
26 8
26 17
16
27 48
27 4
27 1
27 11
27 35
27 34
27 33
27 39
27 18
27 42
27 45
27 31
27 47
27 13
27 3
27 22
18
28 37
28 43
28 31
28 11
28 36
28 5
28 46
28 1
28 45
28 47
28 14
28 15
28 6
28 32
28 49
28 19
28 40
28 13
18
29 41
29 49
29 16
29 5
29 27
29 32
29 42
29 45
29 4
29 46
29 33
29 1
29 28
29 43
29 20
29 26
29 44
29 18
17
30 27
30 24
30 19
30 34
30 7
30 32
30 6
30 1
30 39
30 18
30 38
30 36
30 4
30 21
30 35
30 29
30 46
21
31 40
31 36
31 38
31 2
31 37
31 46
31 47
31 43
31 33
31 7
31 9
31 32
31 0
31 13
31 11
31 49
31 45
31 34
31 18
31 1
31 35
18
32 49
32 40
32 15
32 42
32 4
32 17
32 48
32 25
32 41
32 47
32 11
32 10
32 27
32 26
32 35
32 1
32 43
32 6
17
33 30
33 1
33 10
33 12
33 48
33 41
33 40
33 28
33 45
33 4
33 44
33 17
33 19
33 24
33 0
33 20
33 5
25
34 39
34 29
34 43
34 8
34 47
34 23
34 20
34 48
34 18
34 17
34 36
34 26
34 1
34 33
34 40
34 49
34 24
34 11
34 28
34 15
34 16
34 0
34 42
34 9
34 7
19
35 8
35 41
35 37
35 1
35 42
35 14
35 29
35 34
35 17
35 45
35 44
35 38
35 25
35 0
35 33
35 46
35 7
35 4
35 26
20
36 35
36 22
36 27
36 33
36 15
36 43
36 14
36 17
36 23
36 40
36 10
36 48
36 12
36 5
36 47
36 18
36 4
36 44
36 6
36 13
19
37 1
37 34
37 48
37 4
37 26
37 38
37 30
37 36
37 14
37 19
37 33
37 39
37 10
37 27
37 25
37 5
37 15
37 2
37 32
20
38 48
38 45
38 25
38 6
38 33
38 29
38 40
38 10
38 43
38 32
38 27
38 0
38 49
38 47
38 24
38 20
38 4
38 5
38 22
38 36
27
39 29
39 32
39 15
39 46
39 42
39 38
39 22
39 4
39 44
39 11
39 47
39 25
39 8
39 3
39 36
39 31
39 33
39 19
39 35
39 10
39 45
39 9
39 49
39 6
39 20
39 28
39 48
21
40 35
40 24
40 23
40 11
40 47
40 26
40 1
40 6
40 29
40 39
40 41
40 10
40 13
40 27
40 48
40 37
40 45
40 20
40 17
40 30
40 8
24
41 46
41 22
41 47
41 44
41 5
41 10
41 14
41 37
41 38
41 15
41 30
41 11
41 45
41 8
41 25
41 7
41 42
41 27
41 34
41 28
41 21
41 16
41 19
41 39
19
42 44
42 14
42 48
42 46
42 6
42 31
42 30
42 2
42 18
42 28
42 16
42 20
42 21
42 40
42 24
42 17
42 23
42 10
42 11
19
43 37
43 19
43 6
43 7
43 40
43 49
43 2
43 39
43 46
43 27
43 1
43 35
43 5
43 42
43 30
43 41
43 45
43 24
43 10
16
44 32
44 8
44 17
44 4
44 22
44 7
44 23
44 27
44 40
44 6
44 37
44 10
44 49
44 13
44 12
44 43
17
45 42
45 14
45 23
45 16
45 15
45 22
45 5
45 13
45 32
45 0
45 10
45 7
45 8
45 12
45 34
45 37
45 44
16
46 34
46 10
46 12
46 44
46 3
46 27
46 17
46 47
46 18
46 36
46 49
46 16
46 25
46 48
46 15
46 45
17
47 45
47 37
47 20
47 16
47 2
47 0
47 23
47 42
47 44
47 43
47 30
47 26
47 21
47 6
47 29
47 14
47 3
18
48 30
48 41
48 4
48 47
48 5
48 6
48 23
48 0
48 17
48 45
48 28
48 15
48 31
48 24
48 20
48 44
48 19
48 49
15
49 13
49 30
49 35
49 14
49 11
49 40
49 17
49 27
49 0
49 7
49 2
49 47
49 37
49 18
49 9
