50
0 "A34"
1 "A4"
2 "A28"
3 "A26"
4 "A43"
5 "A0"
6 "A23"
7 "A29"
8 "A15"
9 "A41"
10 "A13"
11 "A19"
12 "A40"
13 "A3"
14 "A42"
15 "A33"
16 "A37"
17 "A30"
18 "A11"
19 "A20"
20 "A31"
21 "A36"
22 "A48"
23 "A6"
24 "A18"
25 "A21"
26 "A24"
27 "A49"
28 "A16"
29 "A8"
30 "A45"
31 "A12"
32 "A46"
33 "A32"
34 "A44"
35 "A9"
36 "A17"
37 "A39"
38 "A7"
39 "A27"
40 "A47"
41 "A14"
42 "A35"
43 "A22"
44 "A5"
45 "A38"
46 "A10"
47 "A25"
48 "A1"
49 "A2"
20
0 13
0 44
0 5
0 29
0 10
0 21
0 23
0 20
0 4
0 24
0 9
0 47
0 46
0 26
0 27
0 6
0 1
0 17
0 28
0 32
19
1 14
1 32
1 25
1 18
1 22
1 29
1 49
1 27
1 19
1 31
1 23
1 4
1 7
1 6
1 12
1 15
1 13
1 2
1 10
28
2 9
2 0
2 39
2 41
2 4
2 30
2 44
2 34
2 5
2 33
2 16
2 40
2 13
2 14
2 21
2 36
2 15
2 48
2 22
2 3
2 46
2 24
2 17
2 31
2 26
2 12
2 38
2 23
23
3 0
3 18
3 22
3 29
3 25
3 20
3 40
3 14
3 47
3 11
3 46
3 44
3 42
3 13
3 1
3 23
3 35
3 33
3 8
3 49
3 5
3 28
3 45
21
4 40
4 38
4 13
4 5
4 8
4 36
4 3
4 15
4 18
4 47
4 19
4 42
4 48
4 16
4 26
4 21
4 49
4 46
4 41
4 11
4 6
26
5 32
5 30
5 43
5 35
5 11
5 48
5 12
5 15
5 19
5 1
5 9
5 39
5 38
5 34
5 18
5 7
5 21
5 6
5 28
5 20
5 36
5 23
5 41
5 17
5 31
5 45
19
6 25
6 32
6 48
6 10
6 28
6 45
6 20
6 2
6 39
6 19
6 41
6 29
6 24
6 18
6 37
6 14
6 33
6 16
6 7
18
7 14
7 13
7 48
7 4
7 27
7 20
7 47
7 41
7 0
7 3
7 19
7 30
7 29
7 9
7 28
7 11
7 38
7 16
28
8 24
8 2
8 25
8 47
8 21
8 18
8 19
8 42
8 20
8 22
8 43
8 38
8 5
8 0
8 7
8 35
8 41
8 33
8 27
8 45
8 40
8 31
8 44
8 1
8 36
8 10
8 37
8 46
26
9 42
9 37
9 16
9 48
9 46
9 26
9 23
9 43
9 15
9 13
9 20
9 25
9 10
9 31
9 1
9 45
9 27
9 17
9 24
9 49
9 6
9 18
9 34
9 38
9 4
9 14
19
10 15
10 24
10 7
10 12
10 31
10 32
10 2
10 28
10 5
10 3
10 29
10 48
10 27
10 35
10 37
10 41
10 30
10 13
10 47
20
11 38
11 14
11 6
11 39
11 22
11 40
11 2
11 31
11 16
11 13
11 9
11 29
11 28
11 47
11 42
11 26
11 10
11 37
11 17
11 0
13
12 48
12 34
12 13
12 0
12 41
12 23
12 6
12 36
12 30
12 29
12 43
12 11
12 7
16
13 49
13 34
13 42
13 22
13 47
13 15
13 19
13 6
13 31
13 23
13 25
13 28
13 38
13 29
13 32
13 37
20
14 15
14 23
14 8
14 20
14 28
14 43
14 0
14 49
14 44
14 37
14 16
14 48
14 10
14 4
14 22
14 13
14 40
14 36
14 12
14 25
18
15 33
15 30
15 3
15 27
15 12
15 36
15 45
15 6
15 48
15 26
15 0
15 23
15 7
15 32
15 25
15 18
15 49
15 8
19
16 3
16 45
16 12
16 25
16 29
16 27
16 28
16 48
16 20
16 38
16 23
16 5
16 1
16 8
16 10
16 40
16 0
16 36
16 26
16
17 24
17 22
17 4
17 48
17 3
17 49
17 20
17 13
17 10
17 30
17 35
17 25
17 15
17 28
17 14
17 8
18
18 42
18 11
18 23
18 22
18 16
18 21
18 31
18 17
18 36
18 38
18 14
18 12
18 13
18 39
18 0
18 7
18 10
18 2
19
19 2
19 25
19 17
19 14
19 12
19 42
19 36
19 20
19 29
19 3
19 41
19 16
19 32
19 31
19 44
19 49
19 0
19 15
19 9
20
20 2
20 1
20 4
20 25
20 10
20 49
20 38
20 44
20 33
20 12
20 11
20 35
20 26
20 46
20 27
20 22
20 37
20 24
20 18
20 45
22
21 16
21 34
21 25
21 7
21 49
21 19
21 24
21 43
21 31
21 47
21 9
21 45
21 10
21 48
21 26
21 11
21 6
21 1
21 14
21 30
21 17
21 13
18
22 47
22 27
22 21
22 40
22 19
22 45
22 7
22 35
22 4
22 38
22 15
22 6
22 43
22 37
22 10
22 16
22 31
22 42
13
23 7
23 32
23 10
23 17
23 21
23 22
23 6
23 8
23 38
23 37
23 49
23 19
23 30
22
24 3
24 25
24 12
24 49
24 45
24 27
24 39
24 30
24 16
24 13
24 7
24 32
24 29
24 46
24 47
24 19
24 5
24 36
24 48
24 34
24 44
24 15
19
25 10
25 36
25 38
25 11
25 41
25 35
25 34
25 22
25 43
25 47
25 27
25 48
25 0
25 5
25 18
25 33
25 30
25 42
25 12
15
26 48
26 7
26 34
26 5
26 33
26 45
26 23
26 43
26 37
26 13
26 19
26 44
26 24
26 32
26 46
18
27 13
27 28
27 2
27 3
27 26
27 42
27 36
27 14
27 6
27 33
27 5
27 49
27 11
27 4
27 12
27 31
27 30
27 19
17
28 9
28 46
28 45
28 15
28 43
28 2
28 25
28 49
28 18
28 42
28 8
28 32
28 48
28 24
28 21
28 40
28 33
18
29 41
29 43
29 28
29 31
29 21
29 8
29 14
29 18
29 44
29 17
29 9
29 27
29 2
29 34
29 22
29 48
29 49
29 40
22
30 6
30 32
30 36
30 31
30 4
30 29
30 43
30 28
30 18
30 34
30 37
30 42
30 8
30 13
30 48
30 0
30 3
30 38
30 22
30 11
30 20
30 1
18
31 26
31 17
31 3
31 28
31 24
31 38
31 46
31 4
31 36
31 37
31 6
31 20
31 48
31 34
31 35
31 14
31 23
31 15
23
32 4
32 12
32 18
32 14
32 20
32 3
32 48
32 47
32 8
32 43
32 22
32 31
32 34
32 7
32 2
32 42
32 44
32 41
32 35
32 9
32 27
32 17
32 25
19
33 4
33 46
33 17
33 0
33 10
33 37
33 23
33 30
33 11
33 40
33 9
33 42
33 49
33 34
33 7
33 18
33 24
33 29
33 39
22
34 20
34 39
34 44
34 4
34 1
34 16
34 11
34 15
34 49
34 40
34 8
34 23
34 35
34 42
34 47
34 7
34 28
34 6
34 3
34 22
34 17
34 19
22
35 4
35 30
35 49
35 40
35 21
35 7
35 0
35 29
35 9
35 18
35 16
35 36
35 26
35 42
35 46
35 27
35 2
35 6
35 11
35 12
35 33
35 43
15
36 34
36 1
36 49
36 0
36 38
36 48
36 6
36 13
36 32
36 21
36 26
36 20
36 9
36 11
36 28
14
37 18
37 36
37 45
37 17
37 1
37 39
37 15
37 5
37 16
37 19
37 21
37 38
37 34
37 41
21
38 42
38 19
38 26
38 27
38 14
38 28
38 21
38 35
38 3
38 43
38 10
38 41
38 39
38 34
38 1
38 12
38 24
38 6
38 40
38 49
38 17
21
39 3
39 25
39 21
39 35
39 7
39 27
39 36
39 30
39 32
39 19
39 4
39 16
39 15
39 8
39 1
39 10
39 31
39 12
39 17
39 40
39 14
20
40 6
40 13
40 15
40 0
40 5
40 24
40 37
40 10
40 32
40 1
40 23
40 25
40 45
40 44
40 46
40 7
40 9
40 20
40 26
40 47
23
41 42
41 14
41 21
41 18
41 30
41 33
41 0
41 3
41 17
41 43
41 46
41 15
41 13
41 28
41 24
41 34
41 9
41 1
41 16
41 11
41 35
41 22
41 27
14
42 40
42 12
42 26
42 21
42 29
42 31
42 10
42 6
42 43
42 39
42 23
42 0
42 37
42 44
21
43 40
43 19
43 6
43 46
43 49
43 3
43 13
43 0
43 23
43 15
43 1
43 7
43 17
43 10
43 11
43 39
43 34
43 44
43 48
43 2
43 24
22
44 39
44 7
44 11
44 37
44 21
44 35
44 23
44 22
44 1
44 49
44 13
44 30
44 25
44 18
44 47
44 17
44 15
44 46
44 27
44 36
44 31
44 4
25
45 11
45 10
45 36
45 39
45 33
45 41
45 23
45 49
45 38
45 30
45 7
45 44
45 0
45 42
45 14
45 47
45 43
45 34
45 32
45 4
45 46
45 13
45 19
45 18
45 29
24
46 27
46 34
46 48
46 10
46 25
46 23
46 47
46 22
46 7
46 6
46 32
46 1
46 12
46 36
46 37
46 29
46 49
46 17
46 16
46 42
46 15
46 19
46 18
46 14
20
47 33
47 17
47 12
47 16
47 37
47 23
47 28
47 26
47 20
47 42
47 2
47 29
47 41
47 14
47 27
47 18
47 6
47 49
47 30
47 5
15
48 40
48 41
48 39
48 37
48 20
48 8
48 38
48 45
48 23
48 19
48 3
48 18
48 27
48 35
48 0
11
49 41
49 0
49 26
49 40
49 2
49 39
49 37
49 48
49 6
49 7
49 30
