50
0 "A34"
1 "A4"
2 "A28"
3 "A26"
4 "A43"
5 "A0"
6 "A23"
7 "A29"
8 "A15"
9 "A41"
10 "A13"
11 "A19"
12 "A40"
13 "A3"
14 "A42"
15 "A33"
16 "A37"
17 "A30"
18 "A11"
19 "A20"
20 "A31"
21 "A36"
22 "A48"
23 "A6"
24 "A18"
25 "A21"
26 "A24"
27 "A49"
28 "A16"
29 "A8"
30 "A45"
31 "A12"
32 "A46"
33 "A32"
34 "A44"
35 "A9"
36 "A17"
37 "A39"
38 "A7"
39 "A27"
40 "A47"
41 "A14"
42 "A35"
43 "A22"
44 "A5"
45 "A38"
46 "A10"
47 "A25"
48 "A1"
49 "A2"
17
0 42
0 4
0 40
0 15
0 25
0 27
0 28
0 17
0 12
0 34
0 43
0 48
0 44
0 10
0 33
0 24
0 20
18
1 7
1 34
1 47
1 6
1 0
1 29
1 11
1 32
1 31
1 15
1 42
1 8
1 19
1 18
1 27
1 38
1 33
1 40
20
2 29
2 26
2 39
2 6
2 27
2 21
2 25
2 48
2 3
2 46
2 9
2 37
2 1
2 11
2 23
2 41
2 30
2 22
2 12
2 0
33
3 25
3 22
3 32
3 27
3 14
3 49
3 1
3 35
3 26
3 16
3 0
3 40
3 37
3 12
3 47
3 9
3 46
3 33
3 44
3 30
3 45
3 36
3 5
3 19
3 29
3 42
3 4
3 23
3 18
3 24
3 41
3 8
3 11
23
4 13
4 42
4 29
4 25
4 33
4 40
4 12
4 8
4 22
4 38
4 44
4 31
4 2
4 6
4 26
4 15
4 16
4 18
4 7
4 49
4 24
4 9
4 32
24
5 26
5 45
5 19
5 24
5 47
5 42
5 15
5 48
5 11
5 37
5 17
5 30
5 41
5 6
5 43
5 22
5 14
5 35
5 10
5 25
5 8
5 13
5 23
5 0
21
6 37
6 43
6 40
6 3
6 38
6 17
6 10
6 26
6 20
6 22
6 25
6 49
6 15
6 19
6 16
6 18
6 21
6 28
6 27
6 8
6 29
18
7 14
7 21
7 3
7 25
7 0
7 18
7 49
7 48
7 5
7 23
7 41
7 27
7 10
7 22
7 16
7 8
7 43
7 33
18
8 32
8 10
8 35
8 36
8 11
8 13
8 45
8 47
8 40
8 38
8 31
8 14
8 43
8 2
8 44
8 30
8 41
8 19
22
9 23
9 15
9 48
9 35
9 10
9 36
9 0
9 43
9 38
9 26
9 18
9 6
9 31
9 11
9 34
9 37
9 41
9 33
9 8
9 19
9 13
9 7
19
10 4
10 12
10 23
10 39
10 18
10 35
10 49
10 37
10 1
10 15
10 2
10 11
10 43
10 40
10 25
10 19
10 16
10 41
10 32
15
11 28
11 42
11 40
11 35
11 37
11 29
11 24
11 49
11 13
11 30
11 32
11 18
11 27
11 0
11 22
17
12 24
12 11
12 36
12 18
12 40
12 13
12 38
12 27
12 35
12 6
12 46
12 47
12 8
12 14
12 5
12 1
12 42
22
13 41
13 0
13 28
13 17
13 27
13 6
13 19
13 25
13 40
13 43
13 2
13 35
13 36
13 3
13 34
13 48
13 26
13 33
13 30
13 47
13 18
13 20
14
14 1
14 19
14 2
14 15
14 9
14 49
14 26
14 37
14 0
14 10
14 30
14 46
14 11
14 24
21
15 36
15 32
15 11
15 35
15 19
15 13
15 26
15 43
15 40
15 27
15 7
15 23
15 12
15 21
15 29
15 30
15 44
15 8
15 47
15 16
15 24
23
16 23
16 13
16 11
16 35
16 38
16 49
16 2
16 1
16 22
16 26
16 27
16 48
16 17
16 12
16 19
16 9
16 14
16 36
16 18
16 32
16 30
16 0
16 45
20
17 46
17 14
17 37
17 2
17 10
17 27
17 39
17 20
17 28
17 24
17 40
17 7
17 32
17 1
17 43
17 34
17 4
17 48
17 35
17 42
15
18 23
18 21
18 28
18 33
18 41
18 27
18 8
18 5
18 37
18 32
18 26
18 49
18 46
18 35
18 24
19
19 23
19 39
19 20
19 44
19 48
19 34
19 42
19 4
19 35
19 30
19 0
19 27
19 7
19 11
19 12
19 47
19 37
19 25
19 49
24
20 34
20 37
20 21
20 25
20 9
20 7
20 15
20 45
20 22
20 27
20 12
20 32
20 43
20 10
20 44
20 24
20 26
20 3
20 33
20 41
20 39
20 4
20 11
20 14
21
21 47
21 31
21 4
21 30
21 23
21 9
21 24
21 16
21 29
21 33
21 40
21 36
21 19
21 11
21 49
21 37
21 0
21 12
21 26
21 46
21 25
21
22 37
22 30
22 25
22 44
22 14
22 24
22 8
22 32
22 23
22 48
22 21
22 46
22 15
22 0
22 41
22 12
22 10
22 1
22 17
22 38
22 13
19
23 20
23 8
23 46
23 6
23 32
23 26
23 36
23 0
23 49
23 24
23 27
23 45
23 14
23 12
23 1
23 17
23 47
23 13
23 4
14
24 28
24 1
24 38
24 27
24 40
24 44
24 13
24 29
24 48
24 10
24 9
24 16
24 19
24 6
15
25 38
25 15
25 11
25 26
25 30
25 44
25 35
25 41
25 16
25 18
25 42
25 1
25 46
25 40
25 9
13
26 34
26 32
26 37
26 8
26 41
26 19
26 33
26 38
26 24
26 22
26 10
26 17
26 48
14
27 49
27 26
27 40
27 47
27 32
27 36
27 38
27 10
27 9
27 42
27 29
27 5
27 25
27 28
22
28 46
28 26
28 38
28 43
28 8
28 1
28 25
28 23
28 29
28 14
28 3
28 9
28 41
28 21
28 15
28 16
28 48
28 4
28 32
28 36
28 2
28 20
19
29 45
29 35
29 22
29 10
29 44
29 39
29 46
29 0
29 12
29 18
29 20
29 14
29 13
29 7
29 8
29 41
29 9
29 16
29 23
21
30 37
30 46
30 7
30 40
30 10
30 42
30 28
30 24
30 38
30 12
30 0
30 31
30 45
30 34
30 27
30 29
30 20
30 43
30 32
30 6
30 9
30
31 33
31 32
31 28
31 24
31 47
31 36
31 2
31 7
31 22
31 48
31 23
31 45
31 6
31 26
31 3
31 38
31 19
31 14
31 46
31 17
31 20
31 15
31 37
31 13
31 43
31 40
31 18
31 29
31 16
31 0
13
32 0
32 39
32 34
32 13
32 2
32 6
32 25
32 14
32 45
32 24
32 5
32 47
32 29
22
33 2
33 16
33 34
33 48
33 15
33 47
33 23
33 41
33 35
33 8
33 24
33 25
33 22
33 5
33 30
33 12
33 6
33 14
33 32
33 19
33 29
33 28
24
34 7
34 24
34 29
34 31
34 23
34 48
34 2
34 37
34 44
34 39
34 36
34 6
34 35
34 46
34 15
34 25
34 22
34 11
34 47
34 8
34 10
34 40
34 16
34 45
16
35 20
35 48
35 47
35 39
35 37
35 43
35 31
35 7
35 23
35 6
35 24
35 0
35 28
35 27
35 21
35 1
22
36 47
36 26
36 7
36 39
36 0
36 40
36 33
36 1
36 35
36 20
36 5
36 14
36 11
36 4
36 19
36 42
36 45
36 32
36 2
36 30
36 46
36 48
15
37 41
37 23
37 38
37 12
37 47
37 33
37 32
37 43
37 16
37 13
37 28
37 29
37 40
37 24
37 36
22
38 0
38 48
38 11
38 34
38 3
38 32
38 17
38 14
38 20
38 18
38 33
38 47
38 46
38 2
38 35
38 15
38 7
38 29
38 41
38 49
38 39
38 5
22
39 15
39 13
39 26
39 37
39 5
39 43
39 22
39 40
39 4
39 46
39 11
39 9
39 6
39 33
39 23
39 24
39 18
39 7
39 16
39 25
39 8
39 31
16
40 18
40 19
40 16
40 46
40 29
40 2
40 32
40 44
40 48
40 35
40 45
40 26
40 42
40 23
40 28
40 38
19
41 1
41 30
41 15
41 24
41 34
41 19
41 45
41 16
41 6
41 39
41 31
41 14
41 12
41 23
41 32
41 35
41 4
41 27
41 36
19
42 43
42 22
42 6
42 9
42 32
42 29
42 16
42 23
42 35
42 24
42 39
42 21
42 2
42 38
42 13
42 31
42 10
42 8
42 18
18
43 45
43 11
43 34
43 19
43 33
43 1
43 47
43 21
43 44
43 49
43 32
43 25
43 16
43 36
43 38
43 40
43 48
43 29
25
44 21
44 1
44 16
44 6
44 32
44 18
44 36
44 17
44 46
44 47
44 49
44 33
44 13
44 35
44 41
44 28
44 26
44 38
44 23
44 42
44 31
44 48
44 39
44 45
44 12
23
45 28
45 15
45 24
45 42
45 11
45 35
45 6
45 18
45 13
45 26
45 17
45 12
45 0
45 25
45 49
45 37
45 33
45 21
45 14
45 47
45 4
45 27
45 39
18
46 7
46 6
46 32
46 8
46 42
46 27
46 11
46 1
46 20
46 10
46 49
46 26
46 47
46 15
46 37
46 4
46 5
46 24
14
47 29
47 26
47 18
47 11
47 24
47 16
47 22
47 42
47 14
47 9
47 49
47 2
47 28
47 41
19
48 27
48 14
48 32
48 15
48 30
48 10
48 45
48 6
48 39
48 42
48 23
48 49
48 29
48 18
48 1
48 46
48 37
48 12
48 4
21
49 22
49 24
49 8
49 34
49 35
49 12
49 26
49 32
49 1
49 30
49 13
49 0
49 2
49 28
49 33
49 17
49 40
49 29
49 36
49 25
49 37
