50
0 "A34"
1 "A4"
2 "A28"
3 "A26"
4 "A43"
5 "A0"
6 "A23"
7 "A29"
8 "A15"
9 "A41"
10 "A13"
11 "A19"
12 "A40"
13 "A3"
14 "A42"
15 "A33"
16 "A37"
17 "A30"
18 "A11"
19 "A20"
20 "A31"
21 "A36"
22 "A48"
23 "A6"
24 "A18"
25 "A21"
26 "A24"
27 "A49"
28 "A16"
29 "A8"
30 "A45"
31 "A12"
32 "A46"
33 "A32"
34 "A44"
35 "A9"
36 "A17"
37 "A39"
38 "A7"
39 "A27"
40 "A47"
41 "A14"
42 "A35"
43 "A22"
44 "A5"
45 "A38"
46 "A10"
47 "A25"
48 "A1"
49 "A2"
24
0 13
0 3
0 46
0 36
0 33
0 6
0 19
0 20
0 2
0 41
0 28
0 42
0 16
0 1
0 4
0 48
0 9
0 47
0 34
0 14
0 21
0 45
0 49
0 31
22
1 38
1 13
1 41
1 29
1 32
1 46
1 10
1 18
1 6
1 16
1 3
1 39
1 37
1 22
1 45
1 4
1 19
1 47
1 14
1 49
1 15
1 11
22
2 24
2 35
2 41
2 8
2 15
2 6
2 23
2 40
2 25
2 32
2 12
2 5
2 17
2 16
2 48
2 39
2 44
2 46
2 1
2 47
2 19
2 10
21
3 36
3 43
3 27
3 26
3 29
3 33
3 46
3 41
3 48
3 49
3 7
3 47
3 20
3 12
3 4
3 2
3 14
3 8
3 32
3 19
3 38
21
4 20
4 25
4 31
4 18
4 29
4 37
4 48
4 36
4 43
4 27
4 11
4 19
4 45
4 46
4 34
4 7
4 41
4 22
4 6
4 9
4 15
19
5 44
5 39
5 10
5 37
5 23
5 9
5 31
5 38
5 22
5 47
5 6
5 12
5 43
5 36
5 0
5 26
5 49
5 15
5 1
20
6 7
6 24
6 49
6 12
6 33
6 17
6 22
6 30
6 14
6 47
6 10
6 37
6 43
6 34
6 26
6 8
6 9
6 21
6 13
6 20
18
7 34
7 41
7 21
7 38
7 5
7 24
7 14
7 8
7 29
7 48
7 0
7 22
7 10
7 27
7 11
7 37
7 31
7 1
17
8 0
8 43
8 4
8 45
8 39
8 23
8 27
8 26
8 29
8 11
8 5
8 33
8 28
8 17
8 9
8 16
8 1
17
9 13
9 43
9 36
9 18
9 17
9 30
9 14
9 29
9 31
9 2
9 47
9 1
9 41
9 7
9 38
9 15
9 44
20
10 19
10 12
10 25
10 14
10 44
10 11
10 45
10 40
10 32
10 33
10 38
10 13
10 8
10 4
10 24
10 49
10 27
10 22
10 35
10 39
24
11 28
11 27
11 2
11 17
11 32
11 9
11 41
11 5
11 31
11 43
11 30
11 25
11 47
11 22
11 3
11 6
11 16
11 46
11 14
11 12
11 36
11 29
11 34
11 24
20
12 47
12 16
12 26
12 13
12 40
12 1
12 23
12 25
12 14
12 0
12 7
12 4
12 28
12 18
12 39
12 33
12 46
12 9
12 48
12 15
19
13 7
13 36
13 20
13 3
13 43
13 39
13 27
13 14
13 41
13 2
13 42
13 5
13 24
13 47
13 44
13 11
13 40
13 16
13 26
11
14 4
14 17
14 28
14 2
14 43
14 40
14 46
14 42
14 26
14 30
14 44
22
15 47
15 14
15 41
15 17
15 21
15 40
15 42
15 31
15 44
15 3
15 37
15 7
15 10
15 27
15 11
15 25
15 8
15 0
15 20
15 28
15 13
15 33
19
16 38
16 32
16 9
16 15
16 30
16 17
16 4
16 14
16 19
16 6
16 5
16 35
16 7
16 47
16 10
16 3
16 31
16 27
16 25
10
17 37
17 3
17 47
17 10
17 49
17 1
17 7
17 19
17 35
17 4
25
18 32
18 29
18 49
18 26
18 37
18 39
18 19
18 14
18 2
18 46
18 40
18 22
18 10
18 13
18 44
18 15
18 0
18 27
18 42
18 30
18 5
18 16
18 41
18 17
18 7
22
19 40
19 38
19 27
19 44
19 21
19 41
19 12
19 34
19 5
19 24
19 48
19 20
19 23
19 7
19 45
19 49
19 14
19 15
19 9
19 8
19 11
19 35
20
20 23
20 30
20 46
20 42
20 16
20 8
20 24
20 45
20 17
20 11
20 7
20 37
20 10
20 25
20 21
20 31
20 12
20 41
20 34
20 35
15
21 29
21 27
21 23
21 11
21 9
21 45
21 4
21 12
21 17
21 2
21 32
21 25
21 10
21 37
21 5
24
22 35
22 15
22 3
22 12
22 28
22 49
22 40
22 31
22 41
22 14
22 20
22 2
22 26
22 19
22 23
22 0
22 9
22 47
22 17
22 8
22 34
22 16
22 43
22 33
21
23 35
23 3
23 0
23 33
23 48
23 13
23 43
23 26
23 36
23 31
23 37
23 1
23 6
23 10
23 24
23 9
23 41
23 15
23 4
23 17
23 14
16
24 15
24 36
24 17
24 43
24 3
24 33
24 28
24 25
24 29
24 30
24 31
24 40
24 35
24 4
24 8
24 27
21
25 47
25 19
25 3
25 22
25 7
25 31
25 5
25 39
25 9
25 23
25 8
25 45
25 28
25 17
25 37
25 0
25 26
25 38
25 1
25 14
25 40
20
26 20
26 9
26 47
26 1
26 48
26 7
26 32
26 37
26 21
26 38
26 11
26 17
26 19
26 30
26 4
26 46
26 42
26 16
26 24
26 28
16
27 35
27 2
27 14
27 20
27 17
27 33
27 49
27 22
27 41
27 1
27 12
27 0
27 23
27 40
27 31
27 5
22
28 21
28 4
28 33
28 10
28 6
28 17
28 44
28 16
28 5
28 3
28 48
28 29
28 39
28 35
28 31
28 23
28 2
28 47
28 9
28 38
28 27
28 40
18
29 25
29 6
29 27
29 32
29 45
29 38
29 14
29 19
29 16
29 47
29 23
29 36
29 2
29 26
29 37
29 10
29 42
29 44
23
30 7
30 41
30 34
30 29
30 31
30 10
30 21
30 19
30 2
30 8
30 35
30 22
30 3
30 43
30 1
30 42
30 15
30 12
30 37
30 38
30 36
30 25
30 40
17
31 32
31 45
31 12
31 1
31 44
31 10
31 2
31 3
31 34
31 21
31 6
31 42
31 38
31 8
31 29
31 40
31 19
18
32 30
32 24
32 15
32 23
32 19
32 12
32 0
32 40
32 28
32 35
32 25
32 4
32 49
32 42
32 43
32 14
32 44
32 17
17
33 31
33 47
33 5
33 25
33 1
33 2
33 29
33 7
33 26
33 13
33 45
33 34
33 9
33 42
33 40
33 21
33 48
21
34 36
34 25
34 8
34 45
34 42
34 28
34 32
34 18
34 17
34 16
34 47
34 2
34 10
34 5
34 12
34 41
34 24
34 44
34 37
34 14
34 26
21
35 41
35 18
35 39
35 31
35 15
35 21
35 14
35 33
35 5
35 6
35 45
35 26
35 11
35 12
35 25
35 38
35 13
35 4
35 34
35 7
35 9
23
36 35
36 33
36 15
36 1
36 44
36 25
36 47
36 6
36 43
36 18
36 37
36 2
36 20
36 8
36 19
36 10
36 22
36 41
36 28
36 7
36 21
36 12
36 31
23
37 22
37 42
37 0
37 9
37 46
37 41
37 24
37 12
37 49
37 16
37 39
37 35
37 2
37 38
37 3
37 27
37 28
37 13
37 14
37 31
37 43
37 33
37 8
18
38 47
38 34
38 46
38 17
38 22
38 40
38 23
38 0
38 15
38 11
38 32
38 8
38 6
38 24
38 4
38 20
38 42
38 33
21
39 22
39 33
39 31
39 15
39 30
39 38
39 34
39 43
39 32
39 42
39 45
39 16
39 46
39 40
39 17
39 21
39 0
39 24
39 19
39 26
39 4
16
40 7
40 44
40 8
40 16
40 17
40 36
40 9
40 43
40 11
40 23
40 0
40 4
40 6
40 5
40 35
40 29
18
41 49
41 26
41 8
41 31
41 32
41 39
41 43
41 33
41 10
41 17
41 48
41 24
41 46
41 12
41 38
41 14
41 25
41 5
26
42 19
42 1
42 3
42 45
42 46
42 22
42 40
42 49
42 4
42 5
42 24
42 6
42 48
42 47
42 12
42 36
42 41
42 27
42 7
42 2
42 23
42 8
42 9
42 10
42 21
42 11
14
43 10
43 0
43 7
43 16
43 27
43 45
43 2
43 28
43 1
43 48
43 42
43 18
43 19
43 21
17
44 7
44 47
44 39
44 11
44 38
44 42
44 21
44 24
44 35
44 0
44 17
44 30
44 8
44 6
44 20
44 46
44 37
18
45 49
45 17
45 11
45 14
45 3
45 30
45 41
45 12
45 18
45 37
45 15
45 40
45 6
45 38
45 27
45 46
45 9
45 13
24
46 17
46 31
46 30
46 7
46 21
46 5
46 29
46 10
46 25
46 9
46 24
46 27
46 35
46 13
46 28
46 16
46 19
46 23
46 40
46 33
46 8
46 36
46 43
46 6
16
47 40
47 19
47 41
47 8
47 21
47 27
47 18
47 30
47 48
47 35
47 4
47 39
47 14
47 10
47 7
47 43
25
48 45
48 27
48 49
48 46
48 8
48 44
48 14
48 38
48 39
48 34
48 10
48 24
48 18
48 22
48 20
48 16
48 35
48 37
48 13
48 9
48 17
48 30
48 40
48 29
48 11
18
49 36
49 46
49 15
49 16
49 21
49 14
49 7
49 12
49 39
49 11
49 47
49 44
49 24
49 43
49 4
49 40
49 13
49 31
