50
0 "A34"
1 "A4"
2 "A28"
3 "A26"
4 "A43"
5 "A0"
6 "A23"
7 "A29"
8 "A15"
9 "A41"
10 "A13"
11 "A19"
12 "A40"
13 "A3"
14 "A42"
15 "A33"
16 "A37"
17 "A30"
18 "A11"
19 "A20"
20 "A31"
21 "A36"
22 "A48"
23 "A6"
24 "A18"
25 "A21"
26 "A24"
27 "A49"
28 "A16"
29 "A8"
30 "A45"
31 "A12"
32 "A46"
33 "A32"
34 "A44"
35 "A9"
36 "A17"
37 "A39"
38 "A7"
39 "A27"
40 "A47"
41 "A14"
42 "A35"
43 "A22"
44 "A5"
45 "A38"
46 "A10"
47 "A25"
48 "A1"
49 "A2"
22
0 33
0 37
0 32
0 36
0 19
0 16
0 31
0 21
0 26
0 34
0 25
0 2
0 12
0 35
0 40
0 27
0 49
0 22
0 4
0 41
0 5
0 28
19
1 25
1 0
1 14
1 36
1 9
1 24
1 44
1 11
1 13
1 2
1 19
1 27
1 8
1 23
1 34
1 49
1 45
1 5
1 26
20
2 17
2 44
2 31
2 12
2 16
2 20
2 45
2 18
2 28
2 33
2 49
2 47
2 21
2 4
2 36
2 14
2 6
2 10
2 11
2 9
22
3 48
3 44
3 47
3 34
3 49
3 37
3 25
3 38
3 1
3 6
3 12
3 19
3 32
3 24
3 36
3 14
3 31
3 22
3 29
3 26
3 5
3 2
16
4 36
4 43
4 45
4 46
4 3
4 47
4 24
4 12
4 23
4 28
4 1
4 41
4 14
4 18
4 29
4 26
21
5 4
5 20
5 11
5 25
5 41
5 40
5 34
5 23
5 14
5 9
5 24
5 49
5 26
5 45
5 21
5 10
5 8
5 15
5 2
5 33
5 12
18
6 28
6 42
6 10
6 24
6 18
6 16
6 44
6 38
6 48
6 46
6 11
6 0
6 20
6 40
6 5
6 1
6 45
6 47
17
7 45
7 3
7 44
7 38
7 6
7 46
7 12
7 5
7 1
7 40
7 33
7 31
7 11
7 0
7 23
7 4
7 14
25
8 46
8 11
8 9
8 7
8 22
8 24
8 2
8 30
8 29
8 49
8 3
8 36
8 26
8 19
8 17
8 37
8 41
8 0
8 28
8 25
8 13
8 6
8 39
8 20
8 4
18
9 43
9 24
9 38
9 6
9 42
9 17
9 21
9 45
9 7
9 3
9 26
9 13
9 41
9 18
9 27
9 15
9 47
9 14
24
10 39
10 21
10 28
10 37
10 26
10 25
10 0
10 43
10 7
10 27
10 1
10 48
10 9
10 17
10 22
10 47
10 19
10 12
10 13
10 34
10 18
10 23
10 3
10 45
17
11 16
11 42
11 49
11 47
11 10
11 22
11 3
11 21
11 25
11 4
11 46
11 48
11 40
11 18
11 13
11 45
11 33
23
12 15
12 1
12 49
12 13
12 19
12 25
12 47
12 33
12 20
12 26
12 29
12 16
12 18
12 48
12 8
12 32
12 6
12 46
12 36
12 28
12 24
12 44
12 40
14
13 32
13 44
13 3
13 14
13 48
13 42
13 43
13 23
13 0
13 7
13 5
13 45
13 34
13 21
20
14 32
14 16
14 33
14 39
14 6
14 25
14 10
14 36
14 27
14 41
14 31
14 49
14 37
14 23
14 11
14 43
14 28
14 12
14 21
14 20
23
15 4
15 43
15 27
15 14
15 32
15 40
15 18
15 6
15 8
15 45
15 0
15 42
15 35
15 37
15 41
15 1
15 30
15 28
15 7
15 39
15 3
15 21
15 26
20
16 48
16 13
16 18
16 35
16 45
16 19
16 47
16 23
16 42
16 41
16 32
16 25
16 8
16 36
16 9
16 15
16 4
16 10
16 44
16 3
17
17 26
17 35
17 16
17 48
17 1
17 5
17 43
17 33
17 18
17 36
17 41
17 3
17 21
17 13
17 12
17 23
17 14
18
18 35
18 26
18 22
18 3
18 45
18 24
18 32
18 7
18 21
18 39
18 37
18 25
18 30
18 8
18 48
18 1
18 41
18 0
24
19 7
19 27
19 23
19 40
19 24
19 4
19 41
19 2
19 22
19 18
19 44
19 32
19 9
19 26
19 30
19 6
19 25
19 17
19 46
19 11
19 31
19 37
19 45
19 5
17
20 17
20 48
20 45
20 39
20 21
20 7
20 9
20 4
20 49
20 36
20 15
20 18
20 0
20 37
20 19
20 3
20 38
14
21 4
21 12
21 16
21 28
21 45
21 8
21 6
21 24
21 44
21 26
21 19
21 36
21 32
21 22
18
22 23
22 26
22 46
22 39
22 49
22 16
22 40
22 31
22 32
22 2
22 24
22 13
22 5
22 20
22 17
22 34
22 6
22 43
19
23 49
23 18
23 47
23 32
23 6
23 34
23 36
23 45
23 35
23 42
23 31
23 33
23 37
23 0
23 2
23 30
23 20
23 41
23 15
14
24 0
24 11
24 16
24 35
24 26
24 33
24 27
24 10
24 17
24 7
24 45
24 43
24 13
24 20
19
25 2
25 37
25 9
25 46
25 17
25 26
25 20
25 7
25 39
25 40
25 34
25 33
25 42
25 47
25 21
25 43
25 35
25 36
25 22
15
26 20
26 14
26 41
26 35
26 27
26 23
26 16
26 47
26 7
26 31
26 38
26 46
26 6
26 36
26 30
21
27 43
27 5
27 40
27 2
27 8
27 44
27 17
27 6
27 41
27 30
27 25
27 38
27 33
27 18
27 4
27 11
27 16
27 23
27 21
27 12
27 7
19
28 17
28 25
28 3
28 31
28 43
28 11
28 18
28 22
28 33
28 41
28 20
28 26
28 37
28 45
28 16
28 9
28 19
28 1
28 40
23
29 19
29 41
29 20
29 21
29 27
29 24
29 32
29 23
29 7
29 6
29 43
29 11
29 16
29 25
29 46
29 9
29 40
29 28
29 15
29 26
29 49
29 10
29 2
26
30 7
30 5
30 3
30 17
30 33
30 10
30 4
30 36
30 0
30 28
30 35
30 32
30 42
30 29
30 24
30 9
30 6
30 16
30 12
30 14
30 20
30 13
30 1
30 37
30 46
30 11
20
31 48
31 4
31 6
31 47
31 44
31 43
31 11
31 46
31 27
31 39
31 37
31 16
31 13
31 29
31 5
31 42
31 24
31 20
31 15
31 12
24
32 37
32 44
32 28
32 48
32 49
32 24
32 26
32 47
32 2
32 5
32 10
32 4
32 33
32 7
32 41
32 11
32 38
32 20
32 8
32 35
32 17
32 31
32 6
32 25
19
33 1
33 3
33 16
33 42
33 49
33 44
33 47
33 19
33 4
33 36
33 15
33 18
33 20
33 29
33 21
33 6
33 31
33 48
33 13
24
34 2
34 14
34 8
34 47
34 32
34 42
34 28
34 20
34 33
34 12
34 6
34 29
34 26
34 31
34 27
34 15
34 44
34 35
34 17
34 46
34 43
34 9
34 45
34 4
18
35 20
35 1
35 14
35 48
35 3
35 49
35 8
35 21
35 42
35 9
35 13
35 31
35 39
35 5
35 7
35 45
35 2
35 40
22
36 35
36 28
36 24
36 42
36 27
36 5
36 19
36 44
36 47
36 49
36 32
36 22
36 13
36 38
36 7
36 40
36 29
36 31
36 37
36 34
36 9
36 10
21
37 35
37 13
37 43
37 40
37 49
37 1
37 5
37 2
37 22
37 34
37 41
37 47
37 9
37 39
37 33
37 21
37 46
37 48
37 12
37 27
37 26
22
38 37
38 12
38 24
38 22
38 2
38 30
38 15
38 29
38 34
38 31
38 46
38 18
38 0
38 21
38 1
38 35
38 25
38 14
38 17
38 33
38 28
38 10
19
39 6
39 0
39 11
39 26
39 36
39 41
39 44
39 40
39 3
39 38
39 28
39 7
39 4
39 17
39 23
39 34
39 1
39 42
39 9
17
40 10
40 23
40 21
40 26
40 9
40 8
40 3
40 44
40 49
40 4
40 31
40 47
40 45
40 16
40 46
40 2
40 18
22
41 42
41 45
41 43
41 44
41 31
41 49
41 34
41 33
41 25
41 47
41 24
41 22
41 12
41 11
41 48
41 20
41 46
41 7
41 36
41 35
41 2
41 40
19
42 14
42 19
42 29
42 49
42 44
42 7
42 10
42 21
42 20
42 5
42 17
42 24
42 18
42 37
42 1
42 2
42 4
42 27
42 28
24
43 38
43 30
43 26
43 40
43 12
43 8
43 42
43 19
43 21
43 0
43 33
43 45
43 23
43 16
43 5
43 1
43 32
43 7
43 11
43 3
43 36
43 47
43 20
43 48
16
44 15
44 26
44 46
44 35
44 4
44 48
44 47
44 20
44 5
44 45
44 37
44 0
44 8
44 29
44 22
44 23
17
45 36
45 33
45 8
45 29
45 14
45 31
45 42
45 26
45 47
45 25
45 37
45 32
45 30
45 3
45 0
45 17
45 39
20
46 33
46 32
46 49
46 45
46 14
46 17
46 15
46 27
46 13
46 24
46 43
46 47
46 3
46 39
46 42
46 9
46 0
46 10
46 1
46 18
15
47 14
47 38
47 39
47 22
47 27
47 19
47 20
47 42
47 13
47 15
47 17
47 35
47 8
47 5
47 7
20
48 23
48 38
48 39
48 28
48 46
48 0
48 30
48 4
48 22
48 2
48 1
48 8
48 15
48 7
48 24
48 29
48 27
48 5
48 26
48 42
18
49 38
49 13
49 31
49 45
49 17
49 18
49 6
49 16
49 21
49 15
49 28
49 19
49 7
49 26
49 39
49 47
49 44
49 48
