50
0 "A34"
1 "A4"
2 "A28"
3 "A26"
4 "A43"
5 "A0"
6 "A23"
7 "A29"
8 "A15"
9 "A41"
10 "A13"
11 "A19"
12 "A40"
13 "A3"
14 "A42"
15 "A33"
16 "A37"
17 "A30"
18 "A11"
19 "A20"
20 "A31"
21 "A36"
22 "A48"
23 "A6"
24 "A18"
25 "A21"
26 "A24"
27 "A49"
28 "A16"
29 "A8"
30 "A45"
31 "A12"
32 "A46"
33 "A32"
34 "A44"
35 "A9"
36 "A17"
37 "A39"
38 "A7"
39 "A27"
40 "A47"
41 "A14"
42 "A35"
43 "A22"
44 "A5"
45 "A38"
46 "A10"
47 "A25"
48 "A1"
49 "A2"
13
0 24
0 43
0 31
0 22
0 48
0 21
0 10
0 15
0 12
0 30
0 13
0 27
0 4
23
1 43
1 3
1 47
1 31
1 5
1 16
1 26
1 8
1 41
1 30
1 38
1 21
1 14
1 42
1 23
1 9
1 15
1 32
1 25
1 39
1 45
1 0
1 7
19
2 24
2 33
2 31
2 11
2 5
2 7
2 22
2 44
2 4
2 49
2 16
2 37
2 20
2 27
2 45
2 30
2 28
2 36
2 12
19
3 45
3 19
3 31
3 24
3 17
3 21
3 0
3 2
3 34
3 5
3 28
3 39
3 7
3 35
3 33
3 23
3 13
3 27
3 15
19
4 45
4 38
4 19
4 47
4 10
4 30
4 12
4 42
4 8
4 35
4 28
4 22
4 31
4 39
4 1
4 49
4 44
4 7
4 36
21
5 49
5 21
5 43
5 47
5 33
5 18
5 29
5 13
5 23
5 4
5 11
5 46
5 26
5 0
5 40
5 25
5 39
5 14
5 30
5 20
5 48
22
6 10
6 5
6 13
6 0
6 23
6 45
6 39
6 11
6 34
6 47
6 12
6 28
6 15
6 24
6 1
6 18
6 25
6 41
6 49
6 36
6 42
6 2
22
7 26
7 25
7 5
7 8
7 22
7 23
7 27
7 15
7 6
7 10
7 34
7 12
7 17
7 0
7 44
7 38
7 30
7 46
7 49
7 24
7 37
7 33
17
8 6
8 34
8 37
8 10
8 3
8 46
8 12
8 45
8 13
8 20
8 32
8 23
8 38
8 48
8 25
8 0
8 31
23
9 18
9 40
9 7
9 8
9 13
9 49
9 3
9 14
9 0
9 29
9 31
9 26
9 35
9 41
9 23
9 21
9 32
9 30
9 45
9 33
9 4
9 43
9 48
20
10 43
10 21
10 1
10 17
10 11
10 42
10 5
10 41
10 37
10 33
10 28
10 39
10 45
10 22
10 19
10 13
10 14
10 32
10 40
10 15
19
11 7
11 1
11 38
11 41
11 15
11 32
11 34
11 21
11 24
11 47
11 13
11 46
11 9
11 28
11 42
11 8
11 25
11 16
11 39
17
12 27
12 37
12 48
12 1
12 34
12 9
12 31
12 3
12 26
12 11
12 39
12 35
12 14
12 36
12 30
12 10
12 5
14
13 24
13 36
13 29
13 1
13 2
13 25
13 23
13 37
13 46
13 30
13 12
13 42
13 7
13 43
21
14 11
14 32
14 31
14 19
14 36
14 29
14 48
14 39
14 24
14 45
14 6
14 38
14 16
14 37
14 21
14 47
14 4
14 23
14 35
14 34
14 0
20
15 2
15 26
15 46
15 4
15 38
15 22
15 16
15 45
15 29
15 21
15 37
15 5
15 34
15 18
15 41
15 14
15 9
15 32
15 17
15 28
28
16 46
16 23
16 28
16 42
16 32
16 27
16 47
16 41
16 7
16 33
16 0
16 4
16 5
16 25
16 30
16 10
16 49
16 22
16 38
16 21
16 3
16 26
16 44
16 6
16 18
16 13
16 12
16 8
30
17 4
17 13
17 5
17 43
17 33
17 18
17 27
17 29
17 32
17 44
17 9
17 20
17 35
17 8
17 11
17 28
17 23
17 34
17 24
17 22
17 1
17 48
17 46
17 37
17 0
17 38
17 26
17 39
17 21
17 47
20
18 39
18 37
18 29
18 14
18 8
18 7
18 24
18 22
18 33
18 13
18 0
18 26
18 12
18 31
18 1
18 30
18 4
18 2
18 41
18 32
24
19 1
19 21
19 0
19 17
19 9
19 23
19 41
19 25
19 44
19 48
19 18
19 22
19 8
19 39
19 2
19 5
19 40
19 36
19 43
19 6
19 15
19 45
19 11
19 12
15
20 21
20 39
20 0
20 28
20 16
20 15
20 41
20 6
20 23
20 4
20 34
20 10
20 19
20 29
20 30
13
21 44
21 46
21 6
21 47
21 42
21 27
21 23
21 28
21 7
21 13
21 43
21 18
21 36
12
22 47
22 32
22 8
22 5
22 49
22 43
22 40
22 21
22 34
22 9
22 12
22 46
20
23 2
23 38
23 45
23 42
23 30
23 0
23 49
23 12
23 24
23 44
23 41
23 26
23 18
23 37
23 4
23 25
23 22
23 34
23 11
23 46
21
24 40
24 16
24 20
24 30
24 10
24 35
24 21
24 38
24 25
24 22
24 28
24 29
24 27
24 9
24 39
24 5
24 1
24 4
24 43
24 15
24 8
18
25 12
25 36
25 3
25 4
25 39
25 42
25 9
25 37
25 34
25 38
25 27
25 35
25 17
25 0
25 20
25 43
25 40
25 21
20
26 40
26 33
26 47
26 0
26 8
26 21
26 6
26 31
26 29
26 13
26 14
26 3
26 25
26 30
26 41
26 45
26 11
26 46
26 37
26 10
19
27 47
27 33
27 26
27 23
27 45
27 19
27 13
27 41
27 40
27 14
27 15
27 29
27 31
27 28
27 44
27 34
27 1
27 37
27 5
20
28 25
28 33
28 37
28 35
28 42
28 38
28 5
28 13
28 19
28 43
28 44
28 40
28 30
28 1
28 22
28 26
28 31
28 9
28 47
28 7
22
29 47
29 0
29 25
29 40
29 8
29 23
29 6
29 16
29 34
29 7
29 21
29 12
29 11
29 3
29 33
29 28
29 19
29 49
29 38
29 41
29 10
29 35
19
30 38
30 14
30 3
30 34
30 37
30 42
30 46
30 21
30 25
30 29
30 44
30 36
30 32
30 27
30 45
30 39
30 19
30 48
30 10
22
31 37
31 44
31 6
31 10
31 48
31 29
31 16
31 46
31 47
31 15
31 23
31 22
31 42
31 20
31 13
31 36
31 41
31 5
31 21
31 33
31 32
31 25
19
32 25
32 48
32 19
32 7
32 26
32 12
32 24
32 0
32 47
32 44
32 20
32 42
32 21
32 43
32 29
32 27
32 4
32 23
32 37
16
33 20
33 1
33 14
33 39
33 42
33 32
33 25
33 0
33 8
33 43
33 4
33 21
33 36
33 24
33 48
33 19
21
34 18
34 31
34 46
34 45
34 5
34 32
34 16
34 48
34 47
34 10
34 41
34 43
34 13
34 2
34 42
34 40
34 4
34 21
34 28
34 36
34 49
21
35 0
35 33
35 42
35 19
35 39
35 2
35 34
35 5
35 21
35 6
35 15
35 22
35 45
35 7
35 32
35 20
35 23
35 30
35 27
35 38
35 41
24
36 3
36 24
36 10
36 15
36 0
36 39
36 38
36 32
36 11
36 47
36 9
36 18
36 43
36 22
36 26
36 46
36 17
36 28
36 1
36 7
36 5
36 42
36 48
36 16
17
37 22
37 16
37 11
37 38
37 43
37 5
37 47
37 44
37 35
37 4
37 40
37 21
37 42
37 29
37 6
37 36
37 3
15
38 6
38 42
38 27
38 12
38 3
38 10
38 31
38 20
38 33
38 26
38 32
38 2
38 34
38 22
38 9
19
39 0
39 16
39 21
39 8
39 13
39 22
39 29
39 2
39 41
39 15
39 28
39 34
39 23
39 47
39 40
39 26
39 44
39 37
39 9
18
40 32
40 16
40 48
40 47
40 36
40 4
40 20
40 30
40 44
40 13
40 35
40 21
40 0
40 31
40 33
40 12
40 23
40 7
18
41 49
41 33
41 37
41 12
41 0
41 48
41 32
41 28
41 40
41 44
41 30
41 17
41 7
41 13
41 42
41 38
41 36
41 14
19
42 15
42 8
42 12
42 0
42 9
42 7
42 20
42 45
42 14
42 49
42 24
42 40
42 3
42 22
42 19
42 29
42 39
42 46
42 18
19
43 3
43 16
43 11
43 18
43 6
43 26
43 38
43 27
43 42
43 23
43 41
43 30
43 44
43 40
43 15
43 7
43 2
43 14
43 4
15
44 5
44 42
44 12
44 25
44 36
44 18
44 15
44 48
44 45
44 6
44 13
44 9
44 34
44 8
44 38
22
45 31
45 49
45 24
45 5
45 13
45 48
45 16
45 39
45 18
45 17
45 20
45 25
45 22
45 0
45 11
45 40
45 38
45 41
45 29
45 33
45 37
45 32
25
46 0
46 9
46 4
46 45
46 41
46 25
46 28
46 47
46 19
46 35
46 44
46 10
46 48
46 12
46 38
46 6
46 33
46 49
46 18
46 29
46 20
46 3
46 24
46 43
46 40
20
47 20
47 10
47 9
47 2
47 3
47 13
47 23
47 24
47 43
47 12
47 8
47 25
47 38
47 42
47 30
47 19
47 35
47 18
47 45
47 33
20
48 6
48 43
48 10
48 47
48 2
48 7
48 23
48 24
48 13
48 39
48 20
48 21
48 25
48 35
48 15
48 11
48 16
48 28
48 42
48 37
20
49 1
49 31
49 48
49 32
49 25
49 15
49 37
49 44
49 10
49 12
49 38
49 13
49 20
49 18
49 17
49 43
49 36
49 8
49 11
49 27
