50
0 "A34"
1 "A4"
2 "A28"
3 "A26"
4 "A43"
5 "A0"
6 "A23"
7 "A29"
8 "A15"
9 "A41"
10 "A13"
11 "A19"
12 "A40"
13 "A3"
14 "A42"
15 "A33"
16 "A37"
17 "A30"
18 "A11"
19 "A20"
20 "A31"
21 "A36"
22 "A48"
23 "A6"
24 "A18"
25 "A21"
26 "A24"
27 "A49"
28 "A16"
29 "A8"
30 "A45"
31 "A12"
32 "A46"
33 "A32"
34 "A44"
35 "A9"
36 "A17"
37 "A39"
38 "A7"
39 "A27"
40 "A47"
41 "A14"
42 "A35"
43 "A22"
44 "A5"
45 "A38"
46 "A10"
47 "A25"
48 "A1"
49 "A2"
19
0 25
0 22
0 8
0 47
0 14
0 9
0 36
0 21
0 35
0 31
0 6
0 15
0 41
0 33
0 30
0 13
0 16
0 10
0 46
19
1 29
1 38
1 26
1 25
1 16
1 37
1 46
1 34
1 0
1 6
1 5
1 8
1 33
1 45
1 17
1 4
1 31
1 13
1 19
19
2 7
2 20
2 24
2 29
2 5
2 12
2 35
2 30
2 44
2 1
2 28
2 0
2 13
2 41
2 6
2 22
2 23
2 37
2 21
15
3 14
3 21
3 25
3 44
3 46
3 43
3 0
3 6
3 1
3 18
3 13
3 22
3 23
3 16
3 7
21
4 20
4 0
4 9
4 14
4 13
4 16
4 27
4 6
4 48
4 38
4 23
4 33
4 30
4 17
4 49
4 44
4 28
4 47
4 8
4 46
4 18
23
5 12
5 17
5 8
5 38
5 6
5 28
5 18
5 44
5 25
5 10
5 9
5 4
5 21
5 41
5 19
5 33
5 0
5 15
5 40
5 35
5 16
5 22
5 42
20
6 49
6 18
6 19
6 36
6 13
6 14
6 41
6 34
6 43
6 31
6 24
6 22
6 10
6 17
6 28
6 45
6 33
6 42
6 9
6 23
24
7 25
7 37
7 38
7 21
7 9
7 46
7 31
7 16
7 49
7 5
7 29
7 6
7 0
7 23
7 1
7 43
7 40
7 26
7 28
7 13
7 39
7 22
7 20
7 15
22
8 29
8 26
8 24
8 14
8 20
8 36
8 19
8 41
8 22
8 9
8 21
8 43
8 12
8 11
8 42
8 37
8 32
8 16
8 10
8 34
8 31
8 40
14
9 36
9 20
9 24
9 2
9 23
9 12
9 1
9 17
9 22
9 39
9 3
9 42
9 43
9 26
17
10 42
10 38
10 26
10 12
10 35
10 2
10 39
10 4
10 23
10 18
10 27
10 34
10 9
10 36
10 11
10 3
10 29
26
11 4
11 27
11 40
11 44
11 12
11 22
11 19
11 13
11 36
11 26
11 25
11 37
11 49
11 7
11 9
11 20
11 5
11 23
11 6
11 18
11 31
11 1
11 21
11 48
11 2
11 16
22
12 39
12 44
12 36
12 15
12 37
12 30
12 13
12 6
12 25
12 41
12 28
12 35
12 45
12 3
12 33
12 21
12 32
12 48
12 0
12 23
12 1
12 29
21
13 31
13 38
13 48
13 5
13 9
13 26
13 8
13 27
13 23
13 28
13 43
13 16
13 19
13 41
13 15
13 39
13 40
13 17
13 47
13 37
13 34
18
14 7
14 22
14 9
14 38
14 28
14 35
14 34
14 45
14 20
14 33
14 24
14 17
14 46
14 23
14 13
14 40
14 44
14 48
15
15 26
15 31
15 10
15 14
15 45
15 23
15 46
15 35
15 8
15 6
15 3
15 44
15 33
15 48
15 9
11
16 21
16 44
16 27
16 48
16 26
16 15
16 12
16 39
16 28
16 10
16 9
24
17 36
17 2
17 11
17 33
17 20
17 28
17 34
17 25
17 45
17 12
17 15
17 24
17 19
17 21
17 10
17 43
17 0
17 22
17 49
17 39
17 32
17 16
17 3
17 47
20
18 9
18 7
18 25
18 2
18 17
18 1
18 0
18 26
18 36
18 37
18 38
18 19
18 27
18 24
18 23
18 16
18 31
18 22
18 32
18 14
18
19 2
19 21
19 22
19 36
19 49
19 20
19 3
19 16
19 28
19 35
19 30
19 15
19 48
19 40
19 42
19 26
19 7
19 12
21
20 43
20 12
20 3
20 30
20 37
20 26
20 29
20 22
20 21
20 10
20 16
20 0
20 5
20 49
20 6
20 33
20 13
20 1
20 44
20 31
20 15
15
21 29
21 15
21 32
21 4
21 1
21 9
21 43
21 6
21 33
21 39
21 28
21 24
21 46
21 48
21 26
16
22 47
22 27
22 45
22 33
22 38
22 21
22 48
22 4
22 1
22 28
22 16
22 12
22 36
22 26
22 24
22 42
15
23 21
23 0
23 40
23 29
23 32
23 45
23 36
23 19
23 47
23 22
23 1
23 20
23 17
23 5
23 48
18
24 11
24 23
24 27
24 16
24 26
24 28
24 12
24 48
24 35
24 19
24 7
24 36
24 49
24 10
24 20
24 45
24 46
24 0
25
25 30
25 28
25 33
25 2
25 21
25 27
25 15
25 6
25 41
25 32
25 10
25 46
25 26
25 8
25 29
25 47
25 40
25 43
25 45
25 23
25 36
25 16
25 49
25 4
25 13
16
26 47
26 14
26 17
26 0
26 49
26 38
26 3
26 45
26 43
26 34
26 6
26 44
26 46
26 2
26 32
26 12
21
27 39
27 40
27 7
27 12
27 48
27 42
27 49
27 20
27 0
27 47
27 8
27 46
27 3
27 23
27 2
27 5
27 43
27 14
27 26
27 1
27 9
18
28 40
28 35
28 37
28 18
28 33
28 10
28 31
28 1
28 15
28 9
28 27
28 20
28 23
28 46
28 36
28 41
28 38
28 32
20
29 18
29 38
29 40
29 26
29 44
29 47
29 27
29 3
29 34
29 13
29 15
29 37
29 17
29 4
29 41
29 43
29 19
29 9
29 30
29 28
20
30 37
30 28
30 32
30 15
30 26
30 7
30 21
30 17
30 24
30 40
30 11
30 18
30 10
30 31
30 5
30 1
30 34
30 14
30 23
30 9
21
31 34
31 5
31 29
31 25
31 23
31 38
31 39
31 36
31 40
31 35
31 27
31 16
31 22
31 24
31 19
31 12
31 17
31 26
31 3
31 43
31 9
22
32 2
32 31
32 15
32 0
32 33
32 40
32 11
32 14
32 20
32 6
32 27
32 22
32 41
32 43
32 37
32 19
32 13
32 5
32 1
32 10
32 7
32 47
13
33 44
33 29
33 49
33 10
33 7
33 34
33 31
33 2
33 19
33 23
33 45
33 8
33 26
22
34 38
34 43
34 42
34 18
34 23
34 36
34 32
34 19
34 28
34 0
34 5
34 2
34 20
34 7
34 24
34 37
34 41
34 46
34 12
34 9
34 45
34 27
17
35 26
35 3
35 17
35 16
35 46
35 34
35 23
35 1
35 18
35 20
35 40
35 9
35 11
35 22
35 13
35 29
35 41
17
36 15
36 1
36 35
36 39
36 47
36 46
36 49
36 48
36 32
36 7
36 2
36 5
36 21
36 44
36 20
36 27
36 29
15
37 21
37 33
37 22
37 19
37 14
37 3
37 40
37 0
37 24
37 35
37 41
37 23
37 26
37 16
37 31
19
38 40
38 25
38 17
38 12
38 33
38 43
38 20
38 23
38 6
38 16
38 27
38 35
38 24
38 11
38 15
38 19
38 2
38 3
38 21
24
39 0
39 22
39 19
39 38
39 3
39 14
39 33
39 30
39 44
39 8
39 45
39 25
39 26
39 4
39 35
39 34
39 1
39 15
39 28
39 29
39 11
39 2
39 20
39 48
24
40 15
40 18
40 26
40 1
40 4
40 10
40 12
40 0
40 42
40 21
40 46
40 44
40 20
40 9
40 6
40 2
40 17
40 33
40 48
40 24
40 36
40 3
40 16
40 22
25
41 11
41 44
41 7
41 23
41 38
41 26
41 18
41 40
41 9
41 17
41 36
41 21
41 15
41 4
41 43
41 3
41 42
41 19
41 14
41 22
41 1
41 45
41 31
41 39
41 47
23
42 29
42 36
42 14
42 28
42 4
42 37
42 24
42 49
42 26
42 33
42 32
42 13
42 38
42 2
42 16
42 1
42 39
42 18
42 23
42 35
42 3
42 15
42 7
15
43 4
43 0
43 12
43 10
43 15
43 30
43 37
43 33
43 39
43 18
43 49
43 16
43 22
43 24
43 23
20
44 35
44 27
44 24
44 30
44 28
44 17
44 0
44 43
44 21
44 34
44 48
44 38
44 32
44 25
44 6
44 37
44 19
44 31
44 7
44 1
22
45 11
45 29
45 36
45 13
45 27
45 10
45 35
45 30
45 7
45 8
45 42
45 28
45 48
45 32
45 40
45 2
45 9
45 5
45 19
45 21
45 0
45 46
18
46 2
46 8
46 37
46 33
46 5
46 11
46 12
46 31
46 39
46 29
46 47
46 49
46 42
46 30
46 20
46 17
46 18
46 43
24
47 18
47 7
47 31
47 44
47 5
47 38
47 45
47 9
47 34
47 28
47 20
47 42
47 15
47 6
47 14
47 19
47 35
47 48
47 43
47 1
47 40
47 30
47 8
47 33
22
48 5
48 41
48 0
48 6
48 1
48 46
48 38
48 31
48 42
48 35
48 34
48 37
48 32
48 33
48 28
48 10
48 8
48 29
48 3
48 26
48 17
48 43
24
49 34
49 16
49 9
49 28
49 32
49 40
49 23
49 30
49 18
49 13
49 12
49 29
49 45
49 38
49 14
49 3
49 15
49 39
49 37
49 1
49 47
49 44
49 22
49 41
