50
0 "A34"
1 "A4"
2 "A28"
3 "A26"
4 "A43"
5 "A0"
6 "A23"
7 "A29"
8 "A15"
9 "A41"
10 "A13"
11 "A19"
12 "A40"
13 "A3"
14 "A42"
15 "A33"
16 "A37"
17 "A30"
18 "A11"
19 "A20"
20 "A31"
21 "A36"
22 "A48"
23 "A6"
24 "A18"
25 "A21"
26 "A24"
27 "A49"
28 "A16"
29 "A8"
30 "A45"
31 "A12"
32 "A46"
33 "A32"
34 "A44"
35 "A9"
36 "A17"
37 "A39"
38 "A7"
39 "A27"
40 "A47"
41 "A14"
42 "A35"
43 "A22"
44 "A5"
45 "A38"
46 "A10"
47 "A25"
48 "A1"
49 "A2"
12
0 43
0 2
0 44
0 3
0 25
0 19
0 5
0 45
0 22
0 15
0 6
0 20
19
1 39
1 43
1 45
1 14
1 31
1 21
1 17
1 19
1 13
1 40
1 32
1 42
1 29
1 37
1 25
1 10
1 0
1 23
1 34
21
2 28
2 13
2 23
2 15
2 34
2 3
2 9
2 18
2 26
2 30
2 21
2 17
2 49
2 41
2 45
2 11
2 38
2 44
2 5
2 22
2 4
19
3 41
3 1
3 31
3 35
3 44
3 22
3 42
3 8
3 29
3 11
3 39
3 10
3 47
3 19
3 40
3 48
3 38
3 36
3 33
25
4 18
4 49
4 19
4 20
4 23
4 37
4 40
4 30
4 28
4 8
4 16
4 11
4 41
4 44
4 10
4 45
4 6
4 29
4 32
4 33
4 9
4 13
4 27
4 43
4 24
23
5 3
5 48
5 43
5 39
5 31
5 14
5 36
5 33
5 12
5 32
5 17
5 35
5 40
5 13
5 42
5 20
5 16
5 22
5 4
5 47
5 10
5 23
5 45
26
6 28
6 37
6 17
6 32
6 26
6 2
6 46
6 40
6 15
6 18
6 14
6 30
6 10
6 29
6 9
6 3
6 33
6 22
6 1
6 23
6 41
6 27
6 31
6 34
6 21
6 38
16
7 39
7 31
7 16
7 26
7 9
7 30
7 18
7 5
7 48
7 37
7 44
7 41
7 1
7 2
7 21
7 20
25
8 16
8 14
8 7
8 25
8 36
8 45
8 26
8 43
8 31
8 35
8 21
8 38
8 48
8 23
8 42
8 20
8 19
8 2
8 30
8 1
8 46
8 34
8 6
8 22
8 29
21
9 43
9 26
9 34
9 18
9 17
9 25
9 36
9 42
9 3
9 39
9 40
9 8
9 47
9 31
9 15
9 16
9 1
9 0
9 35
9 41
9 48
19
10 2
10 32
10 19
10 29
10 46
10 22
10 45
10 23
10 0
10 28
10 20
10 35
10 14
10 37
10 48
10 25
10 9
10 39
10 8
22
11 28
11 41
11 9
11 19
11 1
11 42
11 5
11 45
11 26
11 15
11 0
11 40
11 34
11 37
11 13
11 32
11 24
11 7
11 8
11 10
11 21
11 6
27
12 14
12 28
12 32
12 24
12 31
12 7
12 29
12 1
12 13
12 40
12 10
12 49
12 11
12 15
12 18
12 0
12 8
12 4
12 3
12 36
12 22
12 44
12 21
12 33
12 37
12 6
12 35
16
13 42
13 41
13 34
13 10
13 6
13 8
13 38
13 29
13 48
13 7
13 44
13 16
13 0
13 43
13 21
13 47
18
14 2
14 26
14 28
14 33
14 41
14 3
14 46
14 34
14 48
14 40
14 13
14 31
14 11
14 19
14 49
14 22
14 9
14 27
19
15 14
15 39
15 1
15 30
15 26
15 33
15 43
15 7
15 31
15 3
15 5
15 47
15 13
15 29
15 49
15 21
15 42
15 4
15 8
13
16 19
16 14
16 2
16 11
16 43
16 3
16 12
16 0
16 25
16 36
16 48
16 45
16 23
23
17 44
17 28
17 48
17 19
17 21
17 36
17 35
17 24
17 26
17 42
17 31
17 4
17 15
17 11
17 32
17 40
17 10
17 3
17 39
17 30
17 49
17 34
17 0
21
18 20
18 41
18 11
18 28
18 39
18 21
18 49
18 32
18 37
18 26
18 17
18 46
18 16
18 3
18 8
18 36
18 43
18 48
18 33
18 1
18 0
19
19 46
19 42
19 47
19 5
19 25
19 9
19 48
19 38
19 15
19 6
19 30
19 32
19 43
19 36
19 33
19 24
19 28
19 37
19 45
18
20 12
20 6
20 13
20 9
20 3
20 23
20 28
20 45
20 39
20 38
20 33
20 24
20 26
20 19
20 15
20 25
20 29
20 2
21
21 20
21 36
21 0
21 42
21 46
21 3
21 5
21 28
21 16
21 14
21 47
21 35
21 19
21 32
21 10
21 9
21 49
21 48
21 41
21 27
21 24
14
22 41
22 38
22 36
22 9
22 7
22 25
22 39
22 21
22 32
22 24
22 13
22 45
22 15
22 48
22
23 43
23 12
23 0
23 11
23 34
23 13
23 15
23 27
23 22
23 36
23 7
23 26
23 3
23 32
23 41
23 29
23 19
23 14
23 45
23 48
23 37
23 17
20
24 39
24 27
24 45
24 8
24 31
24 2
24 29
24 9
24 6
24 7
24 33
24 13
24 1
24 15
24 30
24 40
24 0
24 14
24 5
24 10
20
25 43
25 2
25 12
25 49
25 46
25 3
25 15
25 37
25 17
25 23
25 35
25 13
25 4
25 38
25 45
25 32
25 14
25 7
25 11
25 5
16
26 1
26 21
26 33
26 49
26 3
26 42
26 34
26 22
26 19
26 48
26 25
26 0
26 10
26 5
26 37
26 13
22
27 32
27 15
27 8
27 2
27 41
27 25
27 9
27 22
27 7
27 0
27 49
27 36
27 18
27 45
27 17
27 3
27 5
27 13
27 30
27 39
27 38
27 40
13
28 37
28 15
28 16
28 26
28 42
28 33
28 40
28 25
28 3
28 8
28 46
28 27
28 0
19
29 47
29 14
29 11
29 39
29 32
29 43
29 16
29 9
29 26
29 18
29 2
29 27
29 38
29 7
29 0
29 48
29 19
29 28
29 35
24
30 16
30 38
30 36
30 25
30 47
30 23
30 1
30 28
30 26
30 12
30 49
30 9
30 40
30 21
30 48
30 32
30 10
30 46
30 22
30 0
30 29
30 5
30 3
30 34
18
31 4
31 43
31 28
31 13
31 11
31 16
31 40
31 45
31 26
31 20
31 37
31 29
31 23
31 10
31 21
31 25
31 22
31 0
17
32 40
32 20
32 46
32 15
32 2
32 14
32 41
32 28
32 44
32 48
32 9
32 7
32 16
32 31
32 24
32 0
32 37
15
33 2
33 29
33 32
33 48
33 49
33 16
33 13
33 7
33 31
33 43
33 0
33 44
33 47
33 1
33 37
25
34 21
34 12
34 43
34 15
34 39
34 28
34 20
34 24
34 47
34 4
34 46
34 16
34 18
34 5
34 3
34 36
34 19
34 10
34 7
34 27
34 35
34 42
34 25
34 32
34 29
25
35 33
35 47
35 31
35 15
35 19
35 20
35 46
35 11
35 49
35 28
35 27
35 24
35 22
35 0
35 7
35 26
35 14
35 36
35 4
35 40
35 39
35 32
35 44
35 1
35 6
18
36 2
36 28
36 33
36 31
36 25
36 1
36 20
36 15
36 10
36 7
36 13
36 26
36 32
36 14
36 0
36 42
36 4
36 6
21
37 36
37 21
37 22
37 39
37 15
37 49
37 46
37 2
37 17
37 3
37 38
37 43
37 34
37 35
37 13
37 30
37 16
37 44
37 41
37 8
37 9
24
38 17
38 34
38 7
38 26
38 14
38 15
38 24
38 31
38 42
38 48
38 35
38 5
38 9
38 41
38 4
38 28
38 18
38 21
38 44
38 12
38 36
38 33
38 23
38 0
23
39 38
39 43
39 47
39 31
39 16
39 6
39 30
39 19
39 25
39 26
39 28
39 42
39 46
39 4
39 14
39 48
39 40
39 12
39 2
39 36
39 13
39 23
39 49
10
40 25
40 15
40 45
40 38
40 21
40 48
40 19
40 18
40 37
40 16
18
41 36
41 44
41 16
41 30
41 15
41 40
41 19
41 5
41 0
41 10
41 1
41 24
41 39
41 8
41 28
41 35
41 12
41 34
20
42 40
42 20
42 29
42 14
42 41
42 16
42 2
42 27
42 22
42 10
42 37
42 32
42 33
42 44
42 47
42 23
42 43
42 4
42 24
42 18
19
43 7
43 47
43 28
43 17
43 44
43 32
43 11
43 3
43 36
43 2
43 27
43 21
43 12
43 38
43 41
43 46
43 30
43 40
43 14
20
44 6
44 16
44 31
44 23
44 34
44 1
44 25
44 39
44 14
44 8
44 40
44 10
44 18
44 5
44 29
44 46
44 26
44 47
44 22
44 30
20
45 21
45 14
45 35
45 13
45 7
45 39
45 43
45 48
45 46
45 32
45 49
45 17
45 26
45 9
45 30
45 37
45 6
45 36
45 44
45 29
16
46 23
46 16
46 5
46 3
46 22
46 24
46 17
46 9
46 0
46 41
46 31
46 15
46 4
46 49
46 38
46 36
23
47 17
47 40
47 1
47 4
47 27
47 28
47 14
47 25
47 11
47 7
47 12
47 46
47 23
47 38
47 2
47 48
47 22
47 45
47 31
47 8
47 6
47 24
47 41
15
48 1
48 4
48 25
48 20
48 24
48 0
48 2
48 28
48 12
48 46
48 37
48 15
48 41
48 27
48 35
20
49 8
49 6
49 23
49 3
49 24
49 11
49 40
49 48
49 29
49 47
49 7
49 20
49 34
49 13
49 31
49 19
49 0
49 10
49 5
49 1
