50
0 "A34"
1 "A4"
2 "A28"
3 "A26"
4 "A43"
5 "A0"
6 "A23"
7 "A29"
8 "A15"
9 "A41"
10 "A13"
11 "A19"
12 "A40"
13 "A3"
14 "A42"
15 "A33"
16 "A37"
17 "A30"
18 "A11"
19 "A20"
20 "A31"
21 "A36"
22 "A48"
23 "A6"
24 "A18"
25 "A21"
26 "A24"
27 "A49"
28 "A16"
29 "A8"
30 "A45"
31 "A12"
32 "A46"
33 "A32"
34 "A44"
35 "A9"
36 "A17"
37 "A39"
38 "A7"
39 "A27"
40 "A47"
41 "A14"
42 "A35"
43 "A22"
44 "A5"
45 "A38"
46 "A10"
47 "A25"
48 "A1"
49 "A2"
15
0 26
0 39
0 4
0 5
0 17
0 30
0 10
0 13
0 7
0 34
0 29
0 41
0 45
0 42
0 14
16
1 15
1 10
1 22
1 0
1 23
1 47
1 46
1 26
1 19
1 48
1 36
1 12
1 33
1 4
1 17
1 2
18
2 0
2 39
2 19
2 44
2 30
2 3
2 24
2 38
2 49
2 35
2 6
2 5
2 20
2 21
2 8
2 41
2 34
2 11
11
3 18
3 29
3 46
3 27
3 30
3 41
3 47
3 39
3 43
3 11
3 36
20
4 17
4 33
4 31
4 7
4 45
4 32
4 3
4 9
4 35
4 38
4 42
4 10
4 14
4 6
4 23
4 19
4 2
4 26
4 28
4 18
21
5 13
5 10
5 25
5 1
5 9
5 37
5 29
5 34
5 17
5 4
5 11
5 22
5 19
5 46
5 47
5 23
5 3
5 8
5 38
5 45
5 41
19
6 30
6 29
6 24
6 0
6 10
6 5
6 3
6 46
6 41
6 45
6 18
6 39
6 7
6 9
6 43
6 15
6 37
6 20
6 21
21
7 25
7 41
7 19
7 22
7 42
7 32
7 48
7 9
7 30
7 2
7 26
7 24
7 34
7 21
7 5
7 36
7 31
7 12
7 18
7 45
7 49
19
8 45
8 1
8 32
8 7
8 28
8 15
8 11
8 3
8 29
8 14
8 9
8 20
8 44
8 49
8 10
8 37
8 40
8 6
8 48
20
9 16
9 28
9 31
9 24
9 35
9 19
9 43
9 14
9 46
9 45
9 38
9 0
9 17
9 1
9 10
9 32
9 48
9 39
9 11
9 3
18
10 26
10 28
10 41
10 7
10 32
10 47
10 25
10 29
10 19
10 17
10 38
10 37
10 18
10 42
10 45
10 39
10 46
10 2
15
11 1
11 39
11 32
11 0
11 19
11 22
11 40
11 15
11 28
11 48
11 10
11 46
11 12
11 17
11 37
16
12 23
12 26
12 6
12 0
12 29
12 9
12 5
12 48
12 10
12 39
12 16
12 31
12 24
12 37
12 8
12 25
18
13 17
13 9
13 49
13 21
13 34
13 30
13 37
13 40
13 7
13 12
13 45
13 38
13 10
13 44
13 24
13 46
13 20
13 23
21
14 36
14 28
14 3
14 39
14 22
14 33
14 41
14 38
14 2
14 49
14 1
14 13
14 10
14 5
14 27
14 20
14 7
14 19
14 11
14 26
14 42
20
15 7
15 3
15 9
15 13
15 35
15 5
15 41
15 19
15 29
15 21
15 12
15 27
15 23
15 10
15 26
15 2
15 42
15 20
15 43
15 30
22
16 34
16 49
16 8
16 5
16 43
16 42
16 21
16 47
16 31
16 11
16 1
16 29
16 7
16 28
16 48
16 44
16 0
16 30
16 45
16 19
16 14
16 35
20
17 14
17 2
17 6
17 45
17 21
17 24
17 43
17 12
17 7
17 37
17 16
17 20
17 31
17 19
17 29
17 39
17 8
17 33
17 3
17 28
22
18 14
18 35
18 24
18 0
18 2
18 23
18 21
18 12
18 28
18 32
18 27
18 26
18 8
18 1
18 16
18 31
18 39
18 34
18 45
18 9
18 13
18 5
12
19 24
19 38
19 6
19 20
19 21
19 45
19 30
19 40
19 13
19 12
19 3
19 29
26
20 48
20 3
20 29
20 41
20 1
20 18
20 11
20 5
20 38
20 34
20 26
20 30
20 25
20 7
20 44
20 22
20 10
20 47
20 45
20 43
20 49
20 32
20 9
20 4
20 35
20 16
23
21 42
21 35
21 47
21 34
21 36
21 44
21 32
21 5
21 22
21 29
21 9
21 4
21 43
21 10
21 41
21 49
21 12
21 39
21 11
21 3
21 20
21 8
21 1
14
22 10
22 45
22 16
22 32
22 19
22 17
22 18
22 39
22 6
22 38
22 3
22 33
22 15
22 9
21
23 43
23 16
23 0
23 10
23 11
23 19
23 49
23 33
23 24
23 9
23 6
23 7
23 25
23 17
23 20
23 39
23 47
23 40
23 28
23 2
23 41
20
24 46
24 49
24 39
24 16
24 30
24 33
24 11
24 41
24 22
24 36
24 29
24 5
24 3
24 31
24 15
24 32
24 20
24 47
24 8
24 1
23
25 13
25 2
25 8
25 1
25 9
25 42
25 14
25 17
25 19
25 24
25 16
25 32
25 4
25 49
25 3
25 27
25 37
25 48
25 21
25 41
25 39
25 6
25 33
22
26 23
26 48
26 22
26 21
26 9
26 35
26 44
26 30
26 16
26 5
26 19
26 34
26 13
26 11
26 17
26 47
26 33
26 43
26 37
26 8
26 24
26 3
26
27 37
27 21
27 24
27 17
27 45
27 35
27 39
27 42
27 44
27 48
27 22
27 29
27 33
27 4
27 10
27 5
27 1
27 41
27 20
27 43
27 0
27 16
27 7
27 2
27 13
27 23
22
28 39
28 42
28 13
28 20
28 34
28 3
28 5
28 2
28 48
28 6
28 19
28 47
28 41
28 22
28 40
28 44
28 36
28 7
28 27
28 26
28 25
28 15
18
29 18
29 2
29 38
29 1
29 11
29 45
29 40
29 37
29 42
29 23
29 39
29 7
29 14
29 22
29 4
29 26
29 48
29 13
19
30 1
30 22
30 17
30 8
30 25
30 9
30 21
30 5
30 43
30 48
30 10
30 27
30 36
30 28
30 34
30 18
30 42
30 14
30 23
24
31 5
31 40
31 11
31 29
31 19
31 21
31 41
31 2
31 28
31 27
31 32
31 38
31 30
31 8
31 10
31 26
31 6
31 39
31 48
31 0
31 45
31 13
31 20
31 34
17
32 39
32 41
32 33
32 2
32 17
32 23
32 13
32 26
32 1
32 30
32 44
32 19
32 12
32 49
32 34
32 47
32 5
24
33 41
33 0
33 45
33 18
33 8
33 7
33 19
33 42
33 28
33 36
33 13
33 39
33 30
33 12
33 16
33 11
33 38
33 6
33 9
33 10
33 48
33 35
33 34
33 2
19
34 44
34 15
34 1
34 11
34 25
34 24
34 38
34 9
34 48
34 3
34 40
34 17
34 49
34 27
34 23
34 6
34 46
34 45
34 35
20
35 24
35 13
35 22
35 8
35 43
35 1
35 10
35 47
35 23
35 49
35 28
35 48
35 30
35 19
35 44
35 12
35 31
35 17
35 25
35 11
25
36 10
36 0
36 9
36 13
36 12
36 2
36 35
36 25
36 18
36 20
36 8
36 47
36 27
36 44
36 39
36 22
36 5
36 40
36 17
36 49
36 45
36 31
36 19
36 29
36 4
24
37 22
37 35
37 18
37 20
37 39
37 0
37 21
37 16
37 47
37 43
37 3
37 32
37 36
37 28
37 42
37 15
37 30
37 23
37 24
37 49
37 31
37 48
37 46
37 38
24
38 3
38 12
38 11
38 43
38 47
38 35
38 16
38 21
38 24
38 26
38 25
38 41
38 27
38 6
38 15
38 46
38 18
38 48
38 30
38 23
38 40
38 36
38 28
38 32
11
39 13
39 4
39 38
39 20
39 19
39 5
39 30
39 40
39 44
39 15
39 7
21
40 32
40 41
40 2
40 0
40 17
40 45
40 21
40 20
40 1
40 37
40 9
40 3
40 22
40 33
40 15
40 25
40 48
40 35
40 16
40 10
40 18
13
41 22
41 47
41 13
41 17
41 46
41 35
41 18
41 29
41 39
41 30
41 1
41 12
41 34
19
42 9
42 41
42 18
42 23
42 19
42 12
42 45
42 24
42 43
42 38
42 35
42 32
42 47
42 34
42 11
42 20
42 40
42 39
42 5
18
43 47
43 36
43 4
43 49
43 34
43 2
43 13
43 32
43 39
43 40
43 14
43 44
43 41
43 22
43 33
43 28
43 0
43 10
24
44 23
44 4
44 12
44 5
44 45
44 14
44 33
44 22
44 30
44 9
44 7
44 38
44 10
44 6
44 24
44 40
44 25
44 18
44 42
44 37
44 41
44 15
44 0
44 3
15
45 35
45 38
45 47
45 32
45 46
45 41
45 3
45 24
45 30
45 37
45 1
45 25
45 43
45 15
45 26
23
46 7
46 29
46 15
46 21
46 16
46 0
46 14
46 17
46 35
46 20
46 23
46 22
46 42
46 8
46 39
46 33
46 18
46 31
46 12
46 27
46 49
46 19
46 28
21
47 31
47 40
47 29
47 27
47 17
47 30
47 39
47 15
47 44
47 33
47 0
47 34
47 12
47 14
47 4
47 2
47 18
47 49
47 48
47 25
47 46
19
48 18
48 21
48 43
48 15
48 32
48 10
48 19
48 39
48 17
48 42
48 36
48 0
48 45
48 46
48 2
48 22
48 3
48 13
48 24
21
49 9
49 6
49 12
49 27
49 5
49 39
49 17
49 22
49 10
49 0
49 41
49 45
49 40
49 4
49 3
49 15
49 42
49 11
49 26
49 1
49 28
