50
0 "A34"
1 "A4"
2 "A28"
3 "A26"
4 "A43"
5 "A0"
6 "A23"
7 "A29"
8 "A15"
9 "A41"
10 "A13"
11 "A19"
12 "A40"
13 "A3"
14 "A42"
15 "A33"
16 "A37"
17 "A30"
18 "A11"
19 "A20"
20 "A31"
21 "A36"
22 "A48"
23 "A6"
24 "A18"
25 "A21"
26 "A24"
27 "A49"
28 "A16"
29 "A8"
30 "A45"
31 "A12"
32 "A46"
33 "A32"
34 "A44"
35 "A9"
36 "A17"
37 "A39"
38 "A7"
39 "A27"
40 "A47"
41 "A14"
42 "A35"
43 "A22"
44 "A5"
45 "A38"
46 "A10"
47 "A25"
48 "A1"
49 "A2"
21
0 12
0 48
0 25
0 21
0 2
0 49
0 47
0 30
0 43
0 26
0 34
0 18
0 36
0 24
0 33
0 3
0 44
0 29
0 15
0 4
0 14
23
1 18
1 4
1 0
1 44
1 2
1 15
1 14
1 23
1 49
1 32
1 37
1 40
1 34
1 39
1 31
1 8
1 28
1 24
1 27
1 19
1 3
1 36
1 12
10
2 29
2 22
2 35
2 38
2 44
2 37
2 23
2 43
2 46
2 41
19
3 43
3 35
3 12
3 44
3 24
3 47
3 28
3 49
3 13
3 37
3 26
3 6
3 29
3 27
3 30
3 5
3 8
3 32
3 38
17
4 45
4 19
4 46
4 40
4 10
4 11
4 3
4 7
4 20
4 18
4 43
4 14
4 5
4 29
4 34
4 44
4 37
18
5 20
5 18
5 25
5 34
5 10
5 12
5 24
5 13
5 45
5 9
5 1
5 35
5 33
5 2
5 28
5 40
5 44
5 37
19
6 29
6 5
6 34
6 16
6 15
6 26
6 45
6 0
6 4
6 39
6 35
6 44
6 11
6 31
6 1
6 38
6 19
6 22
6 10
19
7 8
7 10
7 1
7 6
7 27
7 41
7 0
7 38
7 23
7 5
7 15
7 34
7 18
7 26
7 30
7 45
7 43
7 25
7 14
16
8 49
8 24
8 0
8 28
8 29
8 19
8 22
8 36
8 13
8 42
8 4
8 45
8 41
8 14
8 38
8 2
20
9 17
9 38
9 8
9 0
9 28
9 16
9 15
9 24
9 45
9 41
9 42
9 1
9 7
9 20
9 22
9 10
9 35
9 37
9 19
9 25
15
10 31
10 39
10 26
10 42
10 19
10 46
10 49
10 11
10 43
10 0
10 33
10 8
10 41
10 34
10 45
25
11 1
11 45
11 13
11 21
11 48
11 36
11 0
11 24
11 23
11 26
11 39
11 8
11 25
11 27
11 35
11 49
11 43
11 14
11 3
11 42
11 41
11 44
11 31
11 30
11 2
24
12 18
12 37
12 46
12 19
12 32
12 48
12 10
12 2
12 17
12 38
12 33
12 14
12 28
12 22
12 44
12 36
12 45
12 4
12 24
12 35
12 8
12 23
12 26
12 40
25
13 26
13 47
13 31
13 49
13 0
13 33
13 43
13 29
13 6
13 24
13 1
13 12
13 7
13 23
13 18
13 35
13 45
13 22
13 48
13 19
13 16
13 30
13 41
13 4
13 27
21
14 25
14 27
14 17
14 43
14 19
14 45
14 30
14 44
14 29
14 41
14 16
14 10
14 3
14 13
14 37
14 40
14 24
14 46
14 9
14 2
14 5
19
15 45
15 36
15 12
15 41
15 3
15 47
15 18
15 40
15 10
15 4
15 17
15 2
15 35
15 37
15 19
15 42
15 26
15 8
15 13
19
16 22
16 12
16 45
16 19
16 34
16 1
16 7
16 4
16 42
16 18
16 31
16 26
16 11
16 10
16 48
16 17
16 25
16 49
16 29
23
17 18
17 42
17 33
17 34
17 30
17 1
17 44
17 43
17 2
17 11
17 20
17 3
17 10
17 0
17 19
17 13
17 21
17 5
17 37
17 47
17 31
17 26
17 8
19
18 43
18 31
18 46
18 27
18 20
18 8
18 22
18 30
18 3
18 47
18 2
18 33
18 42
18 21
18 34
18 44
18 29
18 6
18 45
17
19 0
19 39
19 43
19 23
19 32
19 7
19 33
19 37
19 30
19 36
19 2
19 49
19 22
19 47
19 3
19 34
19 18
22
20 35
20 14
20 16
20 2
20 32
20 41
20 45
20 27
20 11
20 0
20 28
20 40
20 1
20 47
20 12
20 23
20 22
20 13
20 38
20 19
20 33
20 26
26
21 10
21 1
21 22
21 19
21 47
21 34
21 31
21 7
21 30
21 16
21 9
21 14
21 32
21 49
21 45
21 6
21 3
21 46
21 44
21 12
21 2
21 40
21 20
21 48
21 33
21 4
21
22 23
22 45
22 43
22 29
22 7
22 26
22 34
22 11
22 14
22 4
22 41
22 40
22 27
22 0
22 39
22 35
22 1
22 46
22 10
22 5
22 17
16
23 32
23 5
23 35
23 6
23 30
23 38
23 16
23 0
23 49
23 14
23 25
23 29
23 21
23 10
23 39
23 9
20
24 33
24 41
24 44
24 23
24 16
24 36
24 17
24 2
24 20
24 32
24 15
24 40
24 27
24 25
24 42
24 45
24 29
24 37
24 6
24 21
22
25 2
25 8
25 13
25 20
25 18
25 4
25 43
25 49
25 41
25 1
25 30
25 48
25 45
25 3
25 21
25 28
25 39
25 15
25 6
25 17
25 32
25 19
14
26 8
26 14
26 39
26 21
26 27
26 19
26 24
26 32
26 18
26 48
26 1
26 25
26 9
26 44
15
27 2
27 29
27 10
27 19
27 47
27 8
27 41
27 43
27 17
27 15
27 49
27 44
27 42
27 23
27 6
26
28 17
28 21
28 14
28 0
28 27
28 23
28 38
28 13
28 46
28 18
28 2
28 37
28 16
28 36
28 42
28 22
28 48
28 15
28 49
28 6
28 4
28 10
28 7
28 24
28 19
28 45
18
29 17
29 38
29 31
29 48
29 43
29 33
29 19
29 9
29 11
29 39
29 1
29 7
29 26
29 47
29 15
29 40
29 35
29 5
17
30 1
30 12
30 24
30 48
30 16
30 5
30 8
30 10
30 22
30 29
30 35
30 6
30 47
30 49
30 28
30 20
30 45
21
31 0
31 7
31 28
31 37
31 15
31 8
31 23
31 20
31 49
31 40
31 43
31 35
31 26
31 5
31 2
31 45
31 12
31 25
31 33
31 47
31 9
20
32 42
32 4
32 5
32 48
32 30
32 11
32 7
32 2
32 15
32 27
32 44
32 16
32 40
32 18
32 14
32 22
32 28
32 8
32 13
32 35
19
33 2
33 39
33 32
33 8
33 28
33 36
33 34
33 14
33 38
33 15
33 43
33 40
33 3
33 30
33 9
33 45
33 22
33 26
33 4
18
34 31
34 29
34 8
34 15
34 2
34 48
34 27
34 28
34 26
34 44
34 41
34 9
34 24
34 39
34 46
34 49
34 3
34 13
19
35 49
35 4
35 26
35 19
35 40
35 21
35 1
35 17
35 27
35 46
35 28
35 7
35 33
35 8
35 48
35 41
35 34
35 14
35 37
23
36 34
36 45
36 4
36 5
36 27
36 35
36 6
36 13
36 38
36 14
36 9
36 46
36 37
36 2
36 30
36 29
36 40
36 22
36 41
36 23
36 49
36 3
36 42
22
37 44
37 49
37 48
37 33
37 0
37 32
37 11
37 40
37 21
37 6
37 20
37 13
37 47
37 22
37 26
37 16
37 43
37 30
37 29
37 45
37 42
37 23
22
38 21
38 44
38 11
38 17
38 35
38 16
38 4
38 5
38 27
38 24
38 14
38 30
38 45
38 18
38 46
38 22
38 1
38 15
38 0
38 25
38 19
38 31
23
39 31
39 3
39 20
39 35
39 13
39 7
39 21
39 46
39 49
39 30
39 47
39 0
39 17
39 5
39 27
39 9
39 15
39 37
39 41
39 28
39 24
39 45
39 12
19
40 45
40 30
40 7
40 2
40 11
40 26
40 19
40 0
40 18
40 48
40 39
40 47
40 43
40 17
40 46
40 34
40 27
40 25
40 9
23
41 43
41 0
41 45
41 4
41 30
41 49
41 40
41 29
41 31
41 5
41 23
41 33
41 6
41 44
41 37
41 48
41 17
41 19
41 28
41 3
41 46
41 47
41 38
19
42 33
42 35
42 48
42 40
42 26
42 19
42 22
42 39
42 29
42 43
42 34
42 20
42 46
42 47
42 23
42 5
42 4
42 1
42 3
18
43 23
43 34
43 21
43 6
43 46
43 49
43 8
43 1
43 5
43 36
43 15
43 24
43 44
43 48
43 16
43 30
43 47
43 20
18
44 35
44 29
44 13
44 10
44 30
44 22
44 20
44 7
44 45
44 42
44 23
44 25
44 16
44 39
44 9
44 15
44 36
44 28
10
45 26
45 42
45 48
45 29
45 23
45 19
45 17
45 32
45 35
45 43
21
46 1
46 20
46 32
46 13
46 25
46 5
46 24
46 0
46 44
46 3
46 48
46 6
46 29
46 8
46 19
46 27
46 9
46 11
46 31
46 23
46 7
20
47 22
47 8
47 4
47 35
47 12
47 5
47 23
47 16
47 36
47 38
47 24
47 32
47 9
47 2
47 25
47 7
47 34
47 46
47 44
47 1
20
48 44
48 39
48 18
48 19
48 10
48 17
48 2
48 47
48 36
48 1
48 49
48 15
48 24
48 22
48 9
48 27
48 31
48 5
48 33
48 20
19
49 38
49 2
49 44
49 14
49 7
49 32
49 6
49 17
49 15
49 42
49 12
49 26
49 18
49 46
49 22
49 4
49 5
49 20
49 45
