50
0 "A0"
1 "A45"
2 "A11"
3 "A21"
4 "A20"
5 "A46"
6 "A49"
7 "A31"
8 "A38"
9 "A9"
10 "A34"
11 "A12"
12 "A23"
13 "A8"
14 "A41"
15 "A44"
16 "A1"
17 "A3"
18 "A16"
19 "A22"
20 "A27"
21 "A37"
22 "A33"
23 "A39"
24 "A25"
25 "A13"
26 "A29"
27 "A14"
28 "A40"
29 "A19"
30 "A18"
31 "A4"
32 "A15"
33 "A17"
34 "A43"
35 "A2"
36 "A36"
37 "A35"
38 "A42"
39 "A24"
40 "A28"
41 "A32"
42 "A5"
43 "A10"
44 "A30"
45 "A7"
46 "A47"
47 "A6"
48 "A26"
49 "A48"
20
0 37
0 45
0 27
0 38
0 17
0 32
0 31
0 4
0 42
0 11
0 33
0 18
0 6
0 15
0 47
0 48
0 1
0 49
0 26
0 30
17
1 17
1 38
1 12
1 15
1 22
1 26
1 33
1 7
1 41
1 46
1 35
1 39
1 13
1 27
1 11
1 36
1 8
19
2 1
2 0
2 49
2 37
2 20
2 18
2 41
2 39
2 27
2 29
2 23
2 44
2 13
2 12
2 15
2 16
2 26
2 11
2 38
16
3 40
3 13
3 33
3 36
3 8
3 10
3 22
3 2
3 47
3 43
3 24
3 21
3 4
3 34
3 0
3 29
19
4 25
4 28
4 20
4 47
4 2
4 37
4 46
4 44
4 36
4 8
4 13
4 11
4 17
4 35
4 30
4 16
4 24
4 43
4 29
23
5 1
5 30
5 14
5 17
5 43
5 2
5 0
5 39
5 35
5 4
5 36
5 29
5 6
5 44
5 19
5 3
5 15
5 38
5 11
5 8
5 7
5 26
5 9
21
6 11
6 4
6 27
6 46
6 24
6 2
6 22
6 15
6 23
6 18
6 19
6 48
6 40
6 30
6 32
6 39
6 29
6 21
6 42
6 1
6 12
19
7 42
7 40
7 12
7 18
7 0
7 38
7 9
7 48
7 4
7 26
7 13
7 3
7 34
7 16
7 47
7 24
7 46
7 45
7 36
19
8 32
8 13
8 7
8 2
8 33
8 20
8 26
8 27
8 25
8 48
8 41
8 36
8 12
8 18
8 28
8 29
8 11
8 22
8 24
25
9 42
9 44
9 4
9 1
9 30
9 17
9 35
9 0
9 37
9 47
9 41
9 6
9 48
9 34
9 13
9 8
9 24
9 36
9 12
9 3
9 14
9 28
9 10
9 25
9 20
21
10 0
10 18
10 35
10 12
10 37
10 46
10 24
10 7
10 14
10 1
10 32
10 5
10 47
10 38
10 2
10 26
10 22
10 40
10 43
10 4
10 23
18
11 49
11 18
11 12
11 9
11 32
11 27
11 20
11 7
11 43
11 17
11 10
11 33
11 25
11 31
11 26
11 35
11 29
11 40
18
12 15
12 20
12 45
12 28
12 29
12 41
12 24
12 36
12 4
12 44
12 26
12 22
12 3
12 17
12 37
12 30
12 42
12 32
20
13 19
13 20
13 29
13 18
13 27
13 23
13 34
13 24
13 39
13 0
13 6
13 5
13 44
13 32
13 26
13 31
13 17
13 16
13 21
13 45
30
14 27
14 49
14 39
14 3
14 4
14 48
14 38
14 2
14 6
14 13
14 47
14 34
14 7
14 19
14 1
14 17
14 11
14 43
14 0
14 16
14 30
14 23
14 18
14 29
14 8
14 12
14 33
14 32
14 31
14 36
21
15 3
15 48
15 45
15 18
15 19
15 22
15 8
15 14
15 41
15 39
15 9
15 11
15 46
15 23
15 7
15 43
15 27
15 28
15 10
15 47
15 49
24
16 37
16 49
16 24
16 1
16 34
16 10
16 41
16 23
16 5
16 11
16 25
16 35
16 9
16 31
16 39
16 46
16 33
16 44
16 15
16 3
16 45
16 43
16 20
16 0
20
17 33
17 28
17 48
17 38
17 8
17 18
17 36
17 15
17 24
17 47
17 23
17 6
17 29
17 22
17 16
17 40
17 3
17 7
17 41
17 20
18
18 16
18 23
18 38
18 1
18 28
18 30
18 4
18 29
18 5
18 39
18 44
18 12
18 35
18 46
18 19
18 24
18 25
18 47
11
19 8
19 3
19 27
19 49
19 45
19 36
19 9
19 17
19 47
19 32
19 12
19
20 44
20 41
20 14
20 37
20 49
20 48
20 6
20 34
20 15
20 24
20 23
20 3
20 5
20 1
20 18
20 35
20 7
20 32
20 39
23
21 48
21 7
21 26
21 17
21 14
21 30
21 25
21 16
21 32
21 18
21 23
21 45
21 15
21 24
21 41
21 19
21 42
21 4
21 11
21 5
21 20
21 2
21 9
24
22 31
22 44
22 27
22 36
22 48
22 38
22 16
22 41
22 33
22 47
22 18
22 13
22 30
22 19
22 4
22 46
22 49
22 35
22 2
22 7
22 21
22 0
22 34
22 29
19
23 12
23 25
23 46
23 45
23 7
23 0
23 47
23 42
23 29
23 41
23 1
23 34
23 28
23 11
23 9
23 49
23 19
23 22
23 32
12
24 2
24 38
24 41
24 44
24 27
24 22
24 5
24 46
24 0
24 1
24 45
24 30
18
25 22
25 5
25 0
25 47
25 26
25 2
25 17
25 20
25 29
25 14
25 27
25 15
25 7
25 24
25 49
25 46
25 43
25 10
22
26 47
26 35
26 30
26 29
26 49
26 34
26 48
26 16
26 24
26 6
26 39
26 27
26 3
26 36
26 20
26 18
26 14
26 40
26 41
26 28
26 9
26 43
17
27 5
27 10
27 48
27 17
27 38
27 33
27 20
27 30
27 7
27 23
27 32
27 16
27 44
27 40
27 12
27 29
27 41
19
28 20
28 40
28 22
28 37
28 34
28 19
28 13
28 0
28 24
28 46
28 11
28 1
28 21
28 47
28 44
28 30
28 5
28 45
28 33
17
29 19
29 38
29 46
29 34
29 20
29 33
29 0
29 9
29 49
29 1
29 21
29 43
29 15
29 44
29 42
29 28
29 16
14
30 33
30 3
30 8
30 42
30 10
30 16
30 35
30 15
30 38
30 25
30 1
30 11
30 47
30 23
22
31 21
31 28
31 19
31 27
31 29
31 36
31 24
31 2
31 40
31 15
31 5
31 43
31 12
31 18
31 34
31 38
31 7
31 30
31 10
31 4
31 25
31 1
21
32 7
32 26
32 1
32 5
32 37
32 3
32 33
32 49
32 36
32 24
32 4
32 31
32 2
32 28
32 35
32 41
32 43
32 9
32 18
32 25
32 17
19
33 13
33 12
33 21
33 25
33 43
33 44
33 5
33 9
33 20
33 26
33 10
33 36
33 46
33 47
33 15
33 18
33 24
33 48
33 6
16
34 15
34 44
34 12
34 45
34 24
34 10
34 17
34 1
34 41
34 5
34 0
34 30
34 2
34 19
34 47
34 21
23
35 48
35 37
35 7
35 47
35 3
35 29
35 39
35 36
35 27
35 21
35 14
35 17
35 23
35 0
35 41
35 12
35 31
35 25
35 6
35 19
35 28
35 24
35 13
17
36 30
36 13
36 24
36 41
36 16
36 6
36 46
36 29
36 0
36 20
36 49
36 34
36 25
36 27
36 28
36 10
36 37
19
37 27
37 5
37 34
37 7
37 45
37 17
37 13
37 41
37 1
37 31
37 25
37 46
37 14
37 30
37 24
37 22
37 33
37 18
37 19
20
38 32
38 49
38 37
38 21
38 28
38 25
38 15
38 39
38 23
38 13
38 33
38 3
38 6
38 26
38 47
38 34
38 12
38 40
38 43
38 20
24
39 33
39 45
39 28
39 19
39 37
39 42
39 4
39 8
39 23
39 22
39 29
39 41
39 3
39 24
39 36
39 7
39 30
39 11
39 21
39 43
39 10
39 34
39 48
39 12
25
40 45
40 12
40 35
40 15
40 34
40 8
40 46
40 1
40 14
40 43
40 49
40 44
40 23
40 30
40 18
40 39
40 25
40 36
40 16
40 21
40 47
40 19
40 20
40 4
40 42
17
41 40
41 29
41 31
41 44
41 33
41 25
41 4
41 46
41 7
41 28
41 48
41 0
41 47
41 14
41 43
41 5
41 13
26
42 25
42 5
42 22
42 13
42 33
42 24
42 3
42 27
42 26
42 41
42 36
42 18
42 4
42 1
42 19
42 37
42 11
42 38
42 16
42 14
42 28
42 45
42 8
42 32
42 46
42 2
20
43 7
43 27
43 9
43 30
43 2
43 45
43 34
43 46
43 47
43 37
43 24
43 0
43 13
43 22
43 35
43 49
43 8
43 18
43 12
43 20
17
44 6
44 39
44 35
44 10
44 42
44 17
44 38
44 30
44 3
44 43
44 8
44 25
44 19
44 0
44 7
44 31
44 45
19
45 46
45 17
45 33
45 47
45 20
45 27
45 38
45 31
45 6
45 2
45 26
45 30
45 8
45 29
45 5
45 9
45 11
45 49
45 3
19
46 44
46 47
46 27
46 31
46 2
46 38
46 21
46 49
46 26
46 17
46 30
46 39
46 0
46 11
46 12
46 34
46 35
46 32
46 9
11
47 20
47 44
47 39
47 16
47 29
47 13
47 8
47 21
47 36
47 5
47 24
21
48 24
48 10
48 5
48 46
48 11
48 29
48 12
48 31
48 34
48 45
48 47
48 38
48 36
48 2
48 23
48 4
48 30
48 19
48 44
48 42
48 25
21
49 1
49 18
49 48
49 28
49 7
49 10
49 41
49 31
49 35
49 21
49 5
49 13
49 8
49 4
49 33
49 17
49 27
49 6
49 3
49 44
49 30
