50
0 "A0"
1 "A45"
2 "A11"
3 "A21"
4 "A20"
5 "A46"
6 "A49"
7 "A31"
8 "A38"
9 "A9"
10 "A34"
11 "A12"
12 "A23"
13 "A8"
14 "A41"
15 "A44"
16 "A1"
17 "A3"
18 "A16"
19 "A22"
20 "A27"
21 "A37"
22 "A33"
23 "A39"
24 "A25"
25 "A13"
26 "A29"
27 "A14"
28 "A40"
29 "A19"
30 "A18"
31 "A4"
32 "A15"
33 "A17"
34 "A43"
35 "A2"
36 "A36"
37 "A35"
38 "A42"
39 "A24"
40 "A28"
41 "A32"
42 "A5"
43 "A10"
44 "A30"
45 "A7"
46 "A47"
47 "A6"
48 "A26"
49 "A48"
20
0 9
0 25
0 27
0 7
0 31
0 1
0 28
0 43
0 2
0 32
0 23
0 24
0 44
0 37
0 29
0 46
0 48
0 40
0 20
0 21
20
1 5
1 24
1 14
1 34
1 40
1 41
1 28
1 16
1 37
1 20
1 46
1 44
1 19
1 39
1 9
1 32
1 48
1 15
1 31
1 22
26
2 21
2 4
2 7
2 34
2 32
2 45
2 1
2 41
2 46
2 38
2 36
2 44
2 25
2 30
2 47
2 14
2 8
2 24
2 43
2 37
2 9
2 26
2 16
2 27
2 22
2 28
23
3 42
3 48
3 1
3 8
3 6
3 46
3 32
3 18
3 7
3 33
3 47
3 38
3 30
3 4
3 16
3 27
3 10
3 37
3 5
3 22
3 9
3 35
3 29
22
4 21
4 16
4 22
4 40
4 46
4 31
4 39
4 45
4 17
4 42
4 47
4 18
4 9
4 44
4 28
4 25
4 34
4 23
4 37
4 29
4 26
4 12
28
5 15
5 45
5 27
5 26
5 8
5 25
5 31
5 14
5 16
5 43
5 42
5 24
5 38
5 39
5 17
5 29
5 30
5 48
5 11
5 35
5 28
5 2
5 44
5 12
5 0
5 6
5 49
5 21
15
6 12
6 38
6 23
6 16
6 11
6 2
6 48
6 29
6 47
6 27
6 30
6 7
6 0
6 31
6 20
21
7 32
7 38
7 13
7 29
7 46
7 4
7 43
7 21
7 41
7 31
7 33
7 27
7 11
7 17
7 34
7 15
7 5
7 26
7 25
7 44
7 9
14
8 38
8 48
8 39
8 37
8 17
8 4
8 35
8 10
8 32
8 47
8 14
8 41
8 28
8 40
15
9 42
9 26
9 12
9 14
9 19
9 10
9 24
9 38
9 28
9 33
9 5
9 36
9 34
9 44
9 23
23
10 13
10 1
10 35
10 18
10 0
10 28
10 7
10 26
10 36
10 14
10 21
10 19
10 6
10 16
10 43
10 5
10 39
10 45
10 25
10 11
10 29
10 4
10 2
19
11 3
11 13
11 14
11 35
11 46
11 18
11 37
11 27
11 16
11 45
11 49
11 41
11 2
11 42
11 36
11 8
11 32
11 40
11 15
26
12 36
12 28
12 17
12 0
12 10
12 8
12 34
12 38
12 11
12 43
12 45
12 32
12 33
12 41
12 7
12 23
12 40
12 2
12 19
12 18
12 20
12 46
12 47
12 1
12 3
12 25
16
13 33
13 36
13 3
13 39
13 24
13 1
13 8
13 4
13 2
13 31
13 18
13 12
13 35
13 9
13 44
13 41
23
14 41
14 45
14 42
14 28
14 30
14 12
14 20
14 21
14 16
14 0
14 4
14 7
14 49
14 35
14 15
14 3
14 43
14 18
14 47
14 33
14 38
14 17
14 6
21
15 0
15 45
15 29
15 13
15 36
15 27
15 43
15 4
15 8
15 30
15 32
15 34
15 10
15 20
15 31
15 37
15 18
15 47
15 9
15 28
15 42
15
16 43
16 45
16 29
16 17
16 28
16 23
16 32
16 21
16 12
16 13
16 37
16 18
16 20
16 0
16 42
16
17 45
17 47
17 19
17 20
17 22
17 15
17 6
17 9
17 24
17 10
17 32
17 31
17 1
17 21
17 3
17 46
18
18 9
18 31
18 8
18 46
18 45
18 29
18 42
18 0
18 49
18 28
18 1
18 17
18 34
18 6
18 23
18 22
18 44
18 33
25
19 47
19 11
19 0
19 5
19 30
19 37
19 24
19 15
19 13
19 34
19 7
19 32
19 2
19 6
19 23
19 43
19 33
19 21
19 16
19 46
19 29
19 44
19 14
19 41
19 31
15
20 39
20 7
20 3
20 35
20 10
20 9
20 25
20 19
20 46
20 26
20 45
20 36
20 48
20 18
20 4
16
21 13
21 31
21 24
21 38
21 3
21 25
21 42
21 46
21 48
21 43
21 1
21 40
21 39
21 36
21 41
21 29
22
22 47
22 44
22 43
22 7
22 32
22 38
22 46
22 8
22 5
22 31
22 34
22 19
22 11
22 9
22 41
22 15
22 16
22 20
22 39
22 0
22 10
22 26
15
23 39
23 21
23 17
23 3
23 42
23 11
23 5
23 8
23 31
23 13
23 27
23 20
23 7
23 1
23 26
18
24 35
24 45
24 36
24 30
24 46
24 3
24 10
24 37
24 8
24 22
24 33
24 23
24 14
24 31
24 49
24 39
24 11
24 41
18
25 3
25 9
25 17
25 32
25 18
25 28
25 41
25 16
25 14
25 23
25 11
25 33
25 26
25 43
25 1
25 36
25 39
25 19
20
26 43
26 6
26 18
26 28
26 1
26 44
26 3
26 17
26 19
26 48
26 8
26 35
26 11
26 0
26 42
26 30
26 39
26 15
26 34
26 21
16
27 24
27 43
27 28
27 44
27 32
27 8
27 9
27 41
27 19
27 13
27 40
27 14
27 16
27 22
27 37
27 17
19
28 23
28 22
28 11
28 30
28 29
28 13
28 17
28 49
28 43
28 42
28 21
28 3
28 47
28 19
28 24
28 46
28 20
28 44
28 38
18
29 2
29 24
29 11
29 49
29 45
29 31
29 38
29 13
29 35
29 8
29 12
29 27
29 23
29 17
29 1
29 20
29 42
29 46
19
30 22
30 34
30 31
30 9
30 1
30 20
30 25
30 44
30 45
30 12
30 10
30 41
30 32
30 17
30 18
30 40
30 49
30 37
30 7
16
31 27
31 25
31 3
31 28
31 8
31 35
31 42
31 34
31 9
31 16
31 39
31 26
31 45
31 2
31 10
31 11
17
32 26
32 36
32 6
32 47
32 40
32 5
32 21
32 18
32 29
32 14
32 24
32 23
32 13
32 20
32 28
32 9
32 42
21
33 31
33 6
33 4
33 26
33 1
33 2
33 47
33 17
33 42
33 23
33 15
33 46
33 10
33 20
33 21
33 27
33 28
33 5
33 29
33 30
33 22
20
34 25
34 27
34 3
34 8
34 17
34 33
34 10
34 29
34 24
34 41
34 37
34 20
34 0
34 28
34 11
34 14
34 13
34 38
34 16
34 32
20
35 0
35 25
35 39
35 2
35 27
35 17
35 15
35 18
35 48
35 4
35 45
35 21
35 1
35 19
35 9
35 30
35 12
35 33
35 49
35 16
24
36 16
36 40
36 29
36 18
36 1
36 39
36 35
36 30
36 34
36 28
36 8
36 27
36 5
36 42
36 19
36 0
36 22
36 26
36 41
36 49
36 4
36 46
36 6
36 37
18
37 29
37 20
37 46
37 21
37 43
37 14
37 33
37 23
37 45
37 7
37 22
37 17
37 38
37 12
37 5
37 31
37 13
37 42
22
38 1
38 19
38 44
38 32
38 39
38 13
38 36
38 33
38 25
38 24
38 49
38 17
38 23
38 15
38 0
38 18
38 31
38 10
38 35
38 26
38 42
38 16
15
39 0
39 11
39 6
39 45
39 9
39 14
39 2
39 17
39 15
39 3
39 46
39 37
39 19
39 34
39 18
24
40 17
40 13
40 5
40 24
40 14
40 25
40 22
40 44
40 23
40 15
40 34
40 6
40 39
40 33
40 16
40 3
40 10
40 35
40 48
40 18
40 37
40 38
40 31
40 41
19
41 35
41 23
41 46
41 10
41 16
41 48
41 9
41 49
41 28
41 6
41 45
41 5
41 32
41 33
41 29
41 20
41 26
41 38
41 44
16
42 40
42 6
42 35
42 47
42 25
42 7
42 20
42 12
42 27
42 34
42 1
42 39
42 22
42 30
42 43
42 48
18
43 30
43 17
43 20
43 40
43 38
43 23
43 49
43 11
43 46
43 8
43 1
43 47
43 3
43 45
43 18
43 36
43 9
43 13
21
44 42
44 21
44 46
44 49
44 34
44 24
44 17
44 14
44 43
44 31
44 29
44 37
44 32
44 23
44 33
44 6
44 10
44 16
44 20
44 47
44 36
17
45 26
45 36
45 19
45 23
45 7
45 34
45 49
45 1
45 21
45 9
45 28
45 38
45 3
45 13
45 44
45 47
45 0
18
46 10
46 34
46 32
46 8
46 45
46 9
46 14
46 38
46 42
46 15
46 13
46 5
46 6
46 31
46 30
46 40
46 26
46 16
25
47 36
47 10
47 38
47 25
47 34
47 29
47 27
47 31
47 30
47 23
47 7
47 5
47 24
47 40
47 26
47 46
47 0
47 21
47 1
47 48
47 16
47 20
47 13
47 39
47 49
23
48 23
48 15
48 44
48 12
48 43
48 14
48 22
48 18
48 19
48 25
48 13
48 9
48 4
48 30
48 24
48 28
48 27
48 33
48 31
48 7
48 29
48 46
48 36
24
49 7
49 12
49 16
49 2
49 6
49 8
49 20
49 34
49 19
49 21
49 15
49 22
49 27
49 46
49 48
49 9
49 42
49 31
49 10
49 17
49 26
49 0
49 1
49 40
