50
0 "A0"
1 "A45"
2 "A11"
3 "A21"
4 "A20"
5 "A46"
6 "A49"
7 "A31"
8 "A38"
9 "A9"
10 "A34"
11 "A12"
12 "A23"
13 "A8"
14 "A41"
15 "A44"
16 "A1"
17 "A3"
18 "A16"
19 "A22"
20 "A27"
21 "A37"
22 "A33"
23 "A39"
24 "A25"
25 "A13"
26 "A29"
27 "A14"
28 "A40"
29 "A19"
30 "A18"
31 "A4"
32 "A15"
33 "A17"
34 "A43"
35 "A2"
36 "A36"
37 "A35"
38 "A42"
39 "A24"
40 "A28"
41 "A32"
42 "A5"
43 "A10"
44 "A30"
45 "A7"
46 "A47"
47 "A6"
48 "A26"
49 "A48"
19
0 25
0 27
0 7
0 28
0 43
0 42
0 21
0 40
0 24
0 1
0 23
0 44
0 48
0 37
0 34
0 13
0 9
0 32
0 36
22
1 9
1 31
1 22
1 5
1 24
1 37
1 34
1 40
1 19
1 32
1 30
1 45
1 7
1 17
1 15
1 46
1 21
1 11
1 44
1 28
1 49
1 48
25
2 16
2 21
2 36
2 7
2 14
2 32
2 22
2 1
2 41
2 43
2 44
2 40
2 25
2 48
2 9
2 46
2 8
2 38
2 45
2 31
2 26
2 5
2 37
2 19
2 4
21
3 16
3 32
3 5
3 9
3 29
3 42
3 7
3 22
3 8
3 6
3 4
3 33
3 19
3 1
3 48
3 39
3 36
3 10
3 47
3 38
3 30
22
4 21
4 17
4 25
4 42
4 28
4 47
4 34
4 41
4 29
4 9
4 12
4 19
4 22
4 45
4 32
4 44
4 37
4 6
4 24
4 31
4 0
4 39
20
5 17
5 25
5 44
5 48
5 16
5 29
5 6
5 24
5 40
5 18
5 35
5 19
5 21
5 45
5 15
5 28
5 11
5 49
5 26
5 30
19
6 23
6 7
6 11
6 9
6 27
6 37
6 29
6 33
6 30
6 48
6 0
6 31
6 20
6 39
6 45
6 8
6 38
6 12
6 47
22
7 13
7 29
7 17
7 4
7 43
7 28
7 41
7 33
7 27
7 11
7 44
7 49
7 5
7 16
7 26
7 24
7 35
7 8
7 39
7 32
7 9
7 38
20
8 0
8 13
8 49
8 9
8 40
8 38
8 32
8 16
8 28
8 39
8 4
8 37
8 14
8 17
8 10
8 33
8 41
8 44
8 12
8 15
10
9 29
9 26
9 38
9 28
9 5
9 33
9 42
9 24
9 10
9 19
22
10 13
10 1
10 29
10 18
10 0
10 11
10 36
10 17
10 23
10 2
10 39
10 14
10 46
10 21
10 40
10 4
10 16
10 43
10 25
10 5
10 37
10 7
14
11 15
11 49
11 32
11 4
11 9
11 8
11 3
11 0
11 47
11 36
11 14
11 35
11 46
11 16
19
12 22
12 7
12 42
12 1
12 34
12 41
12 17
12 21
12 2
12 18
12 46
12 19
12 25
12 24
12 31
12 10
12 11
12 45
12 43
15
13 2
13 12
13 9
13 44
13 30
13 35
13 33
13 18
13 40
13 1
13 41
13 4
13 23
13 19
13 36
23
14 41
14 45
14 42
14 28
14 3
14 21
14 0
14 27
14 4
14 19
14 33
14 5
14 6
14 20
14 43
14 18
14 47
14 38
14 23
14 17
14 35
14 1
14 16
21
15 42
15 7
15 14
15 6
15 33
15 12
15 47
15 30
15 20
15 43
15 48
15 25
15 32
15 9
15 2
15 34
15 10
15 27
15 29
15 4
15 28
20
16 29
16 43
16 0
16 45
16 17
16 39
16 32
16 21
16 13
16 18
16 48
16 4
16 23
16 42
16 30
16 47
16 9
16 27
16 15
16 37
18
17 47
17 19
17 46
17 45
17 20
17 22
17 32
17 2
17 24
17 33
17 36
17 21
17 13
17 42
17 6
17 37
17 48
17 15
21
18 34
18 46
18 22
18 44
18 9
18 45
18 21
18 0
18 33
18 11
18 4
18 27
18 48
18 17
18 7
18 2
18 28
18 1
18 41
18 37
18 49
20
19 39
19 34
19 7
19 37
19 46
19 33
19 30
19 6
19 41
19 8
19 26
19 0
19 24
19 16
19 23
19 35
19 31
19 32
19 44
19 38
19
20 10
20 35
20 25
20 19
20 26
20 36
20 48
20 4
20 1
20 16
20 39
20 32
20 7
20 0
20 12
20 18
20 30
20 46
20 45
15
21 41
21 36
21 43
21 40
21 9
21 47
21 42
21 24
21 19
21 6
21 38
21 30
21 29
21 31
21 3
23
22 43
22 7
22 10
22 38
22 46
22 11
22 5
22 19
22 9
22 15
22 39
22 29
22 45
22 26
22 0
22 21
22 16
22 47
22 23
22 8
22 6
22 44
22 41
20
23 11
23 8
23 4
23 41
23 1
23 38
23 20
23 29
23 5
23 9
23 36
23 40
23 2
23 35
23 39
23 21
23 17
23 3
23 7
23 15
18
24 30
24 15
24 3
24 38
24 10
24 37
24 16
24 46
24 33
24 39
24 22
24 49
24 11
24 41
24 23
24 45
24 42
24 25
18
25 19
25 28
25 9
25 43
25 18
25 32
25 11
25 8
25 49
25 33
25 17
25 14
25 16
25 7
25 26
25 1
25 22
25 46
24
26 39
26 42
26 21
26 43
26 11
26 18
26 28
26 1
26 8
26 3
26 23
26 13
26 14
26 4
26 17
26 48
26 35
26 6
26 12
26 0
26 29
26 40
26 15
26 32
18
27 9
27 8
27 43
27 26
27 12
27 4
27 17
27 24
27 5
27 28
27 44
27 42
27 10
27 38
27 11
27 21
27 32
27 41
18
28 11
28 17
28 20
28 13
28 19
28 29
28 24
28 37
28 46
28 49
28 21
28 23
28 40
28 12
28 45
28 6
28 48
28 39
16
29 11
29 38
29 43
29 49
29 13
29 19
29 35
29 12
29 1
29 20
29 14
29 24
29 41
29 2
29 30
29 31
21
30 0
30 8
30 34
30 31
30 25
30 45
30 49
30 12
30 18
30 22
30 40
30 44
30 9
30 17
30 14
30 38
30 32
30 10
30 37
30 4
30 7
18
31 8
31 25
31 42
31 41
31 17
31 7
31 46
31 9
31 16
31 5
31 14
31 28
31 34
31 3
31 24
31 11
31 10
31 26
18
32 24
32 47
32 6
32 42
32 5
32 49
32 33
32 21
32 29
32 14
32 43
32 23
32 38
32 13
32 28
32 9
32 10
32 48
22
33 2
33 47
33 46
33 42
33 27
33 11
33 43
33 10
33 21
33 4
33 28
33 30
33 5
33 29
33 16
33 26
33 34
33 20
33 22
33 49
33 12
33 1
22
34 11
34 14
34 13
34 32
34 25
34 28
34 17
34 16
34 37
34 26
34 47
34 29
34 20
34 2
34 21
34 22
34 8
34 41
34 48
34 9
34 10
34 27
22
35 21
35 0
35 25
35 39
35 2
35 27
35 18
35 37
35 22
35 36
35 31
35 48
35 8
35 43
35 28
35 6
35 46
35 1
35 9
35 44
35 33
35 16
20
36 6
36 30
36 16
36 27
36 5
36 29
36 18
36 24
36 42
36 37
36 45
36 22
36 38
36 40
36 12
36 28
36 33
36 1
36 7
36 19
18
37 47
37 22
37 7
37 9
37 15
37 33
37 5
37 14
37 45
37 43
37 12
37 38
37 31
37 23
37 29
37 11
37 20
37 46
16
38 0
38 44
38 39
38 28
38 13
38 31
38 48
38 47
38 33
38 18
38 15
38 35
38 26
38 42
38 16
38 1
17
39 0
39 40
39 13
39 48
39 44
39 9
39 37
39 33
39 5
39 14
39 31
39 2
39 15
39 11
39 46
39 34
39 29
25
40 14
40 34
40 35
40 9
40 15
40 25
40 6
40 29
40 33
40 3
40 18
40 11
40 16
40 4
40 38
40 27
40 22
40 17
40 37
40 32
40 41
40 44
40 20
40 24
40 7
16
41 46
41 10
41 3
41 25
41 16
41 44
41 9
41 20
41 6
41 49
41 33
41 28
41 5
41 38
41 47
41 35
19
42 1
42 30
42 39
42 40
42 6
42 35
42 5
42 28
42 19
42 8
42 47
42 44
42 43
42 20
42 18
42 22
42 11
42 25
42 34
19
43 17
43 20
43 40
43 18
43 23
43 49
43 13
43 1
43 8
43 45
43 4
43 47
43 3
43 36
43 9
43 34
43 28
43 30
43 24
22
44 21
44 46
44 49
44 34
44 24
44 36
44 14
44 43
44 31
44 29
44 37
44 3
44 32
44 16
44 28
44 17
44 33
44 6
44 10
44 20
44 47
44 23
18
45 11
45 44
45 9
45 26
45 42
45 46
45 21
45 47
45 0
45 13
45 34
45 15
45 3
45 49
45 48
45 38
45 10
45 8
18
46 38
46 5
46 16
46 26
46 40
46 9
46 34
46 30
46 32
46 0
46 48
46 8
46 6
46 21
46 14
46 42
46 15
46 36
21
47 1
47 0
47 7
47 29
47 27
47 28
47 9
47 35
47 31
47 49
47 5
47 18
47 26
47 40
47 23
47 24
47 48
47 39
47 36
47 12
47 10
23
48 25
48 19
48 4
48 30
48 40
48 22
48 24
48 27
48 21
48 33
48 31
48 29
48 36
48 23
48 9
48 44
48 41
48 12
48 43
48 10
48 14
48 8
48 13
23
49 16
49 2
49 6
49 15
49 35
49 31
49 46
49 9
49 27
49 10
49 17
49 48
49 26
49 0
49 23
49 22
49 14
49 39
49 37
49 3
49 34
49 12
49 40
