50
0 "A0"
1 "A45"
2 "A11"
3 "A21"
4 "A20"
5 "A46"
6 "A49"
7 "A31"
8 "A38"
9 "A9"
10 "A34"
11 "A12"
12 "A23"
13 "A8"
14 "A41"
15 "A44"
16 "A1"
17 "A3"
18 "A16"
19 "A22"
20 "A27"
21 "A37"
22 "A33"
23 "A39"
24 "A25"
25 "A13"
26 "A29"
27 "A14"
28 "A40"
29 "A19"
30 "A18"
31 "A4"
32 "A15"
33 "A17"
34 "A43"
35 "A2"
36 "A36"
37 "A35"
38 "A42"
39 "A24"
40 "A28"
41 "A32"
42 "A5"
43 "A10"
44 "A30"
45 "A7"
46 "A47"
47 "A6"
48 "A26"
49 "A48"
21
0 5
0 2
0 13
0 26
0 30
0 45
0 34
0 28
0 36
0 29
0 18
0 6
0 9
0 4
0 33
0 31
0 19
0 11
0 16
0 27
0 17
23
1 25
1 15
1 42
1 14
1 40
1 5
1 3
1 13
1 6
1 31
1 18
1 28
1 17
1 47
1 21
1 27
1 9
1 0
1 35
1 32
1 11
1 45
1 8
22
2 47
2 41
2 48
2 24
2 3
2 23
2 31
2 37
2 46
2 12
2 33
2 16
2 13
2 20
2 10
2 6
2 26
2 45
2 25
2 32
2 5
2 8
21
3 33
3 30
3 15
3 11
3 26
3 21
3 7
3 38
3 35
3 0
3 29
3 49
3 27
3 39
3 22
3 9
3 24
3 37
3 42
3 18
3 5
21
4 27
4 2
4 24
4 45
4 13
4 23
4 44
4 1
4 34
4 46
4 49
4 48
4 33
4 15
4 21
4 43
4 10
4 25
4 14
4 7
4 36
20
5 38
5 15
5 41
5 49
5 35
5 4
5 30
5 10
5 6
5 36
5 48
5 11
5 37
5 25
5 24
5 31
5 12
5 18
5 8
5 44
19
6 16
6 38
6 47
6 22
6 20
6 7
6 45
6 48
6 36
6 29
6 34
6 18
6 37
6 30
6 25
6 46
6 28
6 23
6 17
17
7 21
7 32
7 47
7 9
7 36
7 40
7 28
7 41
7 33
7 15
7 44
7 8
7 13
7 1
7 18
7 16
7 34
19
8 6
8 37
8 28
8 9
8 33
8 4
8 26
8 46
8 19
8 42
8 3
8 21
8 23
8 13
8 49
8 40
8 29
8 14
8 39
24
9 47
9 44
9 27
9 30
9 15
9 46
9 29
9 28
9 33
9 39
9 11
9 4
9 26
9 13
9 6
9 14
9 36
9 16
9 17
9 5
9 42
9 40
9 24
9 49
20
10 49
10 32
10 7
10 48
10 29
10 40
10 38
10 3
10 19
10 47
10 36
10 31
10 22
10 13
10 18
10 8
10 6
10 16
10 20
10 0
13
11 2
11 12
11 43
11 16
11 4
11 23
11 49
11 31
11 6
11 48
11 20
11 45
11 14
22
12 8
12 43
12 30
12 28
12 35
12 14
12 19
12 9
12 44
12 1
12 7
12 4
12 40
12 3
12 21
12 24
12 39
12 6
12 47
12 10
12 18
12 17
12
13 6
13 5
13 26
13 3
13 21
13 33
13 20
13 36
13 41
13 24
13 44
13 17
22
14 5
14 17
14 47
14 19
14 33
14 26
14 41
14 3
14 32
14 38
14 49
14 29
14 36
14 7
14 0
14 34
14 46
14 25
14 39
14 13
14 18
14 23
20
15 0
15 14
15 34
15 40
15 10
15 27
15 6
15 30
15 37
15 12
15 11
15 13
15 21
15 47
15 19
15 24
15 42
15 2
15 45
15 28
16
16 36
16 13
16 35
16 3
16 39
16 1
16 4
16 29
16 25
16 12
16 28
16 21
16 18
16 47
16 38
16 14
18
17 26
17 33
17 22
17 8
17 2
17 48
17 20
17 5
17 19
17 30
17 29
17 16
17 11
17 43
17 49
17 39
17 10
17 37
13
18 22
18 46
18 49
18 30
18 2
18 11
18 34
18 47
18 23
18 13
18 44
18 43
18 36
16
19 34
19 11
19 4
19 13
19 37
19 43
19 5
19 16
19 44
19 26
19 2
19 18
19 6
19 3
19 41
19 9
21
20 31
20 23
20 7
20 48
20 1
20 41
20 30
20 9
20 12
20 4
20 49
20 18
20 45
20 24
20 5
20 27
20 26
20 0
20 36
20 16
20 38
20
21 24
21 19
21 9
21 28
21 0
21 2
21 39
21 44
21 48
21 29
21 38
21 17
21 14
21 34
21 42
21 27
21 11
21 20
21 10
21 37
24
22 47
22 21
22 48
22 37
22 45
22 9
22 8
22 20
22 43
22 19
22 25
22 24
22 7
22 4
22 0
22 1
22 13
22 15
22 30
22 26
22 39
22 33
22 29
22 46
16
23 21
23 33
23 17
23 3
23 19
23 13
23 24
23 45
23 48
23 28
23 10
23 46
23 22
23 49
23 42
23 43
20
24 18
24 19
24 14
24 0
24 49
24 10
24 44
24 11
24 1
24 29
24 34
24 47
24 46
24 6
24 38
24 17
24 36
24 16
24 26
24 7
20
25 33
25 11
25 31
25 36
25 0
25 29
25 48
25 21
25 9
25 34
25 24
25 35
25 38
25 17
25 20
25 8
25 40
25 12
25 18
25 47
19
26 39
26 11
26 31
26 21
26 41
26 6
26 7
26 32
26 30
26 44
26 46
26 40
26 36
26 29
26 4
26 33
26 10
26 5
26 23
20
27 41
27 29
27 48
27 13
27 19
27 22
27 24
27 26
27 32
27 44
27 7
27 12
27 5
27 23
27 25
27 43
27 8
27 14
27 17
27 35
23
28 5
28 35
28 18
28 46
28 33
28 13
28 10
28 48
28 32
28 47
28 45
28 19
28 24
28 26
28 37
28 11
28 38
28 42
28 41
28 14
28 30
28 2
28 39
16
29 42
29 41
29 11
29 15
29 38
29 35
29 36
29 32
29 19
29 2
29 1
29 18
29 20
29 45
29 44
29 5
21
30 38
30 16
30 10
30 49
30 35
30 27
30 47
30 7
30 13
30 24
30 40
30 42
30 11
30 19
30 2
30 44
30 14
30 45
30 37
30 25
30 4
24
31 28
31 15
31 16
31 13
31 14
31 48
31 12
31 22
31 7
31 6
31 8
31 29
31 27
31 38
31 33
31 18
31 9
31 3
31 24
31 45
31 4
31 34
31 21
31 30
26
32 39
32 25
32 45
32 23
32 42
32 18
32 31
32 47
32 15
32 38
32 19
32 24
32 5
32 22
32 4
32 13
32 16
32 40
32 3
32 0
32 21
32 12
32 30
32 17
32 34
32 8
16
33 10
33 39
33 6
33 49
33 21
33 16
33 5
33 20
33 11
33 34
33 19
33 1
33 18
33 30
33 38
33 15
22
34 29
34 37
34 43
34 26
34 12
34 22
34 8
34 45
34 28
34 47
34 42
34 5
34 23
34 17
34 30
34 49
34 36
34 3
34 1
34 13
34 2
34 41
23
35 44
35 39
35 10
35 34
35 18
35 14
35 31
35 21
35 13
35 9
35 38
35 8
35 32
35 7
35 48
35 26
35 2
35 4
35 23
35 33
35 20
35 19
35 22
20
36 2
36 17
36 38
36 27
36 35
36 40
36 19
36 1
36 12
36 39
36 49
36 21
36 3
36 30
36 32
36 33
36 8
36 22
36 31
36 47
18
37 26
37 23
37 31
37 42
37 38
37 35
37 9
37 36
37 47
37 11
37 46
37 16
37 43
37 14
37 20
37 40
37 27
37 29
17
38 8
38 9
38 19
38 41
38 17
38 22
38 45
38 18
38 15
38 0
38 40
38 44
38 1
38 47
38 27
38 43
38 7
14
39 4
39 42
39 6
39 18
39 11
39 19
39 13
39 37
39 41
39 40
39 25
39 5
39 7
39 48
23
40 35
40 11
40 13
40 22
40 4
40 0
40 47
40 24
40 23
40 43
40 6
40 48
40 28
40 16
40 3
40 5
40 19
40 33
40 14
40 20
40 29
40 27
40 21
19
41 16
41 10
41 35
41 18
41 31
41 11
41 1
41 24
41 48
41 33
41 15
41 9
41 36
41 12
41 45
41 25
41 40
41 23
41 17
24
42 38
42 24
42 7
42 20
42 44
42 27
42 49
42 35
42 41
42 10
42 17
42 36
42 6
42 16
42 40
42 4
42 33
42 13
42 26
42 45
42 5
42 19
42 11
42 47
25
43 28
43 26
43 16
43 29
43 33
43 48
43 45
43 30
43 25
43 36
43 9
43 0
43 14
43 20
43 3
43 13
43 8
43 1
43 35
43 5
43 6
43 39
43 7
43 15
43 46
16
44 25
44 8
44 45
44 10
44 15
44 22
44 20
44 47
44 0
44 33
44 40
44 17
44 11
44 43
44 14
44 16
16
45 9
45 8
45 49
45 3
45 27
45 18
45 19
45 24
45 14
45 36
45 13
45 10
45 5
45 26
45 39
45 17
21
46 36
46 32
46 5
46 11
46 34
46 47
46 33
46 31
46 27
46 0
46 41
46 15
46 19
46 12
46 38
46 10
46 45
46 39
46 25
46 16
46 42
17
47 41
47 13
47 5
47 3
47 33
47 8
47 20
47 23
47 26
47 45
47 21
47 4
47 19
47 49
47 35
47 17
47 43
20
48 13
48 38
48 26
48 12
48 0
48 7
48 14
48 45
48 9
48 8
48 19
48 29
48 18
48 16
48 32
48 37
48 15
48 24
48 1
48 30
20
49 7
49 46
49 40
49 41
49 0
49 38
49 48
49 22
49 13
49 2
49 16
49 28
49 27
49 43
49 21
49 32
49 31
49 37
49 44
49 29
