50
0 "A0"
1 "A45"
2 "A11"
3 "A21"
4 "A20"
5 "A46"
6 "A49"
7 "A31"
8 "A38"
9 "A9"
10 "A34"
11 "A12"
12 "A23"
13 "A8"
14 "A41"
15 "A44"
16 "A1"
17 "A3"
18 "A16"
19 "A22"
20 "A27"
21 "A37"
22 "A33"
23 "A39"
24 "A25"
25 "A13"
26 "A29"
27 "A14"
28 "A40"
29 "A19"
30 "A18"
31 "A4"
32 "A15"
33 "A17"
34 "A43"
35 "A2"
36 "A36"
37 "A35"
38 "A42"
39 "A24"
40 "A28"
41 "A32"
42 "A5"
43 "A10"
44 "A30"
45 "A7"
46 "A47"
47 "A6"
48 "A26"
49 "A48"
15
0 44
0 42
0 34
0 43
0 18
0 28
0 20
0 16
0 12
0 11
0 21
0 7
0 10
0 8
0 48
22
1 23
1 39
1 36
1 35
1 43
1 10
1 16
1 8
1 46
1 22
1 44
1 49
1 5
1 11
1 12
1 38
1 2
1 7
1 32
1 4
1 15
1 48
18
2 39
2 0
2 19
2 31
2 17
2 36
2 28
2 34
2 15
2 22
2 14
2 41
2 44
2 37
2 30
2 46
2 12
2 40
21
3 40
3 36
3 29
3 13
3 28
3 15
3 32
3 8
3 5
3 1
3 7
3 2
3 35
3 27
3 19
3 39
3 38
3 4
3 49
3 18
3 17
21
4 31
4 45
4 25
4 17
4 7
4 39
4 11
4 29
4 20
4 15
4 2
4 33
4 44
4 35
4 24
4 0
4 27
4 5
4 13
4 6
4 10
20
5 10
5 6
5 14
5 45
5 41
5 21
5 27
5 25
5 12
5 30
5 2
5 7
5 32
5 38
5 36
5 18
5 0
5 46
5 23
5 37
23
6 49
6 47
6 36
6 11
6 3
6 13
6 29
6 1
6 40
6 45
6 42
6 28
6 35
6 44
6 33
6 0
6 15
6 38
6 43
6 34
6 8
6 30
6 18
18
7 15
7 41
7 20
7 42
7 48
7 11
7 28
7 16
7 47
7 44
7 25
7 29
7 43
7 2
7 10
7 40
7 24
7 45
20
8 40
8 18
8 48
8 43
8 4
8 45
8 15
8 12
8 20
8 33
8 19
8 35
8 26
8 17
8 46
8 7
8 36
8 2
8 47
8 9
24
9 0
9 40
9 21
9 44
9 26
9 37
9 13
9 32
9 31
9 3
9 14
9 42
9 39
9 5
9 48
9 18
9 16
9 27
9 28
9 19
9 36
9 7
9 20
9 49
18
10 23
10 17
10 14
10 26
10 37
10 19
10 24
10 15
10 2
10 34
10 38
10 47
10 46
10 32
10 31
10 13
10 3
10 44
15
11 49
11 8
11 44
11 25
11 36
11 33
11 23
11 43
11 20
11 22
11 34
11 2
11 24
11 3
11 12
16
12 45
12 29
12 33
12 13
12 21
12 14
12 26
12 32
12 49
12 16
12 34
12 6
12 43
12 42
12 10
12 47
17
13 1
13 17
13 0
13 38
13 7
13 48
13 11
13 36
13 43
13 8
13 26
13 40
13 45
13 31
13 34
13 16
13 49
22
14 18
14 49
14 15
14 26
14 46
14 44
14 35
14 47
14 11
14 36
14 8
14 48
14 6
14 41
14 29
14 45
14 31
14 30
14 19
14 13
14 7
14 27
14
15 9
15 39
15 23
15 46
15 25
15 40
15 36
15 17
15 22
15 45
15 43
15 16
15 12
15 13
19
16 45
16 42
16 29
16 46
16 20
16 14
16 34
16 25
16 17
16 10
16 18
16 6
16 44
16 26
16 22
16 21
16 35
16 5
16 33
21
17 37
17 27
17 32
17 36
17 42
17 1
17 0
17 6
17 29
17 5
17 38
17 30
17 14
17 25
17 7
17 44
17 35
17 34
17 11
17 31
17 47
20
18 1
18 20
18 37
18 10
18 24
18 22
18 41
18 42
18 19
18 31
18 32
18 43
18 34
18 17
18 2
18 25
18 4
18 48
18 29
18 15
18
19 30
19 4
19 0
19 29
19 1
19 13
19 6
19 7
19 38
19 16
19 11
19 26
19 24
19 5
19 37
19 12
19 21
19 46
21
20 44
20 48
20 12
20 13
20 42
20 6
20 24
20 22
20 31
20 27
20 37
20 15
20 29
20 10
20 32
20 43
20 17
20 3
20 33
20 35
20 46
18
21 2
21 28
21 27
21 29
21 34
21 41
21 44
21 33
21 4
21 6
21 22
21 14
21 46
21 13
21 1
21 18
21 25
21 37
24
22 8
22 3
22 34
22 27
22 9
22 38
22 7
22 4
22 43
22 45
22 31
22 17
22 0
22 39
22 6
22 33
22 10
22 24
22 19
22 42
22 26
22 28
22 5
22 14
24
23 42
23 40
23 39
23 20
23 26
23 2
23 31
23 25
23 7
23 3
23 36
23 27
23 47
23 45
23 19
23 44
23 48
23 13
23 21
23 43
23 35
23 46
23 12
23 32
16
24 45
24 2
24 12
24 46
24 47
24 8
24 1
24 30
24 21
24 16
24 9
24 5
24 3
24 32
24 35
24 44
24
25 10
25 19
25 3
25 35
25 12
25 40
25 42
25 45
25 13
25 44
25 31
25 41
25 6
25 0
25 22
25 49
25 34
25 24
25 1
25 38
25 14
25 9
25 20
25 8
19
26 17
26 11
26 1
26 36
26 48
26 43
26 49
26 7
26 2
26 24
26 30
26 5
26 27
26 18
26 25
26 33
26 3
26 41
26 32
19
27 6
27 8
27 0
27 11
27 16
27 45
27 35
27 2
27 12
27 37
27 1
27 32
27 42
27 47
27 7
27 15
27 41
27 34
27 40
20
28 43
28 36
28 32
28 48
28 20
28 10
28 1
28 15
28 19
28 27
28 12
28 40
28 34
28 14
28 25
28 45
28 35
28 5
28 29
28 16
19
29 22
29 11
29 13
29 35
29 25
29 45
29 43
29 32
29 34
29 5
29 48
29 31
29 47
29 42
29 15
29 27
29 24
29 0
29 8
23
30 8
30 48
30 22
30 20
30 13
30 11
30 40
30 12
30 41
30 21
30 44
30 18
30 42
30 15
30 0
30 28
30 7
30 16
30 10
30 25
30 34
30 1
30 9
23
31 39
31 21
31 24
31 49
31 16
31 30
31 7
31 32
31 37
31 43
31 11
31 15
31 3
31 0
31 19
31 12
31 42
31 34
31 35
31 26
31 6
31 1
31 48
15
32 11
32 30
32 7
32 6
32 19
32 42
32 49
32 47
32 44
32 8
32 48
32 22
32 25
32 13
32 34
20
33 1
33 32
33 30
33 13
33 38
33 28
33 3
33 31
33 42
33 44
33 14
33 5
33 17
33 27
33 7
33 48
33 45
33 19
33 47
33 10
15
34 9
34 23
34 7
34 47
34 3
34 40
34 24
34 49
34 15
34 41
34 8
34 4
34 20
34 48
34 37
17
35 0
35 36
35 34
35 19
35 10
35 47
35 18
35 5
35 41
35 21
35 42
35 13
35 30
35 15
35 32
35 33
35 7
19
36 10
36 31
36 30
36 33
36 24
36 44
36 34
36 22
36 16
36 43
36 25
36 19
36 37
36 38
36 48
36 39
36 45
36 12
36 47
24
37 47
37 38
37 26
37 6
37 1
37 12
37 42
37 4
37 44
37 32
37 48
37 11
37 25
37 8
37 7
37 23
37 13
37 15
37 49
37 35
37 0
37 41
37 39
37 14
27
38 28
38 7
38 8
38 20
38 26
38 23
38 18
38 41
38 11
38 35
38 21
38 2
38 14
38 16
38 34
38 42
38 30
38 0
38 27
38 32
38 49
38 12
38 48
38 4
38 15
38 9
38 43
24
39 17
39 26
39 10
39 33
39 13
39 7
39 6
39 0
39 8
39 48
39 46
39 47
39 14
39 19
39 5
39 45
39 16
39 24
39 28
39 29
39 25
39 30
39 12
39 42
18
40 37
40 42
40 22
40 35
40 33
40 21
40 14
40 49
40 45
40 12
40 17
40 46
40 0
40 41
40 32
40 5
40 18
40 39
23
41 6
41 28
41 9
41 11
41 4
41 43
41 10
41 13
41 31
41 36
41 20
41 23
41 29
41 42
41 24
41 17
41 16
41 19
41 0
41 8
41 15
41 39
41 33
14
42 1
42 43
42 19
42 21
42 36
42 45
42 15
42 28
42 26
42 3
42 47
42 2
42 49
42 10
18
43 5
43 14
43 10
43 16
43 49
43 17
43 19
43 24
43 21
43 35
43 9
43 40
43 33
43 3
43 4
43 46
43 2
43 25
18
44 19
44 47
44 13
44 35
44 22
44 31
44 12
44 40
44 34
44 8
44 42
44 26
44 5
44 15
44 29
44 39
44 28
44 46
20
45 34
45 46
45 11
45 26
45 20
45 30
45 44
45 37
45 31
45 2
45 38
45 17
45 43
45 48
45 1
45 41
45 21
45 0
45 3
45 32
19
46 18
46 33
46 0
46 42
46 48
46 3
46 34
46 37
46 35
46 28
46 26
46 17
46 7
46 27
46 30
46 22
46 49
46 6
46 47
21
47 48
47 9
47 2
47 40
47 21
47 31
47 3
47 13
47 26
47 28
47 25
47 38
47 18
47 41
47 43
47 30
47 45
47 16
47 20
47 4
47 22
16
48 15
48 44
48 22
48 19
48 10
48 40
48 3
48 25
48 17
48 4
48 11
48 41
48 35
48 21
48 6
48 42
20
49 36
49 24
49 15
49 27
49 8
49 45
49 10
49 7
49 33
49 22
49 30
49 35
49 39
49 44
49 48
49 23
49 28
49 17
49 20
49 41
