50
0 "A48"
1 "A3"
2 "A25"
3 "A27"
4 "A30"
5 "A42"
6 "A4"
7 "A49"
8 "A16"
9 "A43"
10 "A45"
11 "A32"
12 "A19"
13 "A36"
14 "A22"
15 "A46"
16 "A47"
17 "A44"
18 "A7"
19 "A13"
20 "A8"
21 "A26"
22 "A28"
23 "A5"
24 "A40"
25 "A18"
26 "A6"
27 "A38"
28 "A2"
29 "A35"
30 "A1"
31 "A15"
32 "A14"
33 "A10"
34 "A31"
35 "A12"
36 "A20"
37 "A17"
38 "A24"
39 "A21"
40 "A9"
41 "A29"
42 "A37"
43 "A11"
44 "A41"
45 "A0"
46 "A34"
47 "A39"
48 "A23"
49 "A33"
15
0 1
0 48
0 33
0 3
0 14
0 17
0 28
0 36
0 26
0 29
0 45
0 16
0 40
0 25
0 23
15
1 35
1 36
1 8
1 3
1 43
1 47
1 45
1 49
1 40
1 33
1 13
1 9
1 44
1 18
1 19
19
2 20
2 43
2 24
2 45
2 44
2 10
2 8
2 26
2 13
2 35
2 37
2 16
2 9
2 0
2 29
2 39
2 30
2 34
2 46
19
3 13
3 32
3 8
3 10
3 2
3 34
3 49
3 29
3 45
3 27
3 6
3 46
3 38
3 22
3 40
3 31
3 24
3 48
3 44
22
4 26
4 10
4 7
4 45
4 39
4 31
4 34
4 38
4 49
4 33
4 32
4 44
4 40
4 27
4 17
4 0
4 6
4 25
4 19
4 42
4 1
4 11
17
5 21
5 13
5 43
5 33
5 48
5 16
5 45
5 27
5 0
5 3
5 6
5 17
5 22
5 47
5 32
5 1
5 28
22
6 0
6 18
6 20
6 35
6 32
6 36
6 11
6 14
6 21
6 9
6 37
6 10
6 2
6 39
6 19
6 16
6 25
6 27
6 28
6 44
6 17
6 38
19
7 12
7 15
7 48
7 24
7 3
7 18
7 17
7 2
7 19
7 6
7 9
7 13
7 37
7 26
7 38
7 32
7 16
7 5
7 34
17
8 41
8 9
8 15
8 10
8 27
8 33
8 6
8 37
8 45
8 11
8 18
8 25
8 19
8 24
8 5
8 46
8 26
20
9 0
9 33
9 24
9 28
9 34
9 44
9 26
9 49
9 38
9 5
9 27
9 37
9 16
9 13
9 4
9 20
9 39
9 23
9 22
9 18
20
10 30
10 9
10 7
10 20
10 40
10 24
10 22
10 41
10 49
10 42
10 27
10 48
10 19
10 11
10 12
10 1
10 32
10 33
10 21
10 5
21
11 5
11 31
11 44
11 22
11 46
11 18
11 30
11 43
11 27
11 41
11 2
11 24
11 33
11 45
11 7
11 9
11 36
11 0
11 3
11 39
11 34
19
12 0
12 40
12 3
12 17
12 48
12 33
12 9
12 18
12 44
12 32
12 31
12 38
12 6
12 22
12 20
12 42
12 19
12 41
12 8
19
13 36
13 32
13 12
13 10
13 41
13 0
13 11
13 14
13 25
13 35
13 16
13 8
13 29
13 30
13 33
13 18
13 4
13 6
13 27
25
14 1
14 40
14 15
14 37
14 46
14 2
14 36
14 9
14 8
14 7
14 5
14 47
14 24
14 45
14 34
14 29
14 12
14 30
14 10
14 31
14 44
14 3
14 48
14 33
14 25
23
15 48
15 12
15 38
15 4
15 28
15 3
15 11
15 17
15 21
15 10
15 16
15 13
15 0
15 37
15 44
15 45
15 1
15 30
15 32
15 23
15 5
15 20
15 27
20
16 19
16 12
16 37
16 32
16 8
16 35
16 3
16 38
16 20
16 27
16 47
16 34
16 45
16 42
16 48
16 10
16 28
16 30
16 43
16 49
15
17 45
17 43
17 40
17 28
17 16
17 35
17 25
17 10
17 3
17 2
17 8
17 13
17 14
17 18
17 47
15
18 19
18 37
18 40
18 32
18 20
18 0
18 2
18 28
18 3
18 46
18 39
18 45
18 43
18 14
18 16
21
19 32
19 30
19 0
19 13
19 2
19 14
19 15
19 41
19 35
19 3
19 17
19 48
19 39
19 20
19 25
19 24
19 5
19 22
19 23
19 9
19 21
25
20 14
20 42
20 38
20 29
20 35
20 7
20 8
20 27
20 4
20 17
20 34
20 23
20 40
20 28
20 22
20 3
20 0
20 30
20 44
20 25
20 24
20 13
20 11
20 45
20 21
23
21 48
21 26
21 12
21 8
21 35
21 17
21 24
21 25
21 27
21 13
21 39
21 23
21 3
21 28
21 9
21 38
21 43
21 1
21 0
21 4
21 22
21 2
21 7
19
22 34
22 18
22 6
22 16
22 33
22 35
22 48
22 47
22 17
22 49
22 37
22 2
22 44
22 36
22 8
22 38
22 32
22 45
22 25
26
23 45
23 37
23 7
23 39
23 8
23 32
23 4
23 22
23 38
23 16
23 18
23 44
23 48
23 3
23 2
23 11
23 47
23 30
23 13
23 28
23 35
23 1
23 24
23 10
23 6
23 5
16
24 12
24 6
24 39
24 44
24 18
24 17
24 0
24 26
24 1
24 13
24 42
24 4
24 16
24 27
24 34
24 35
15
25 1
25 23
25 26
25 24
25 2
25 34
25 35
25 12
25 43
25 45
25 44
25 40
25 47
25 38
25 5
21
26 49
26 18
26 16
26 19
26 17
26 40
26 27
26 33
26 1
26 22
26 6
26 41
26 23
26 35
26 31
26 20
26 28
26 14
26 3
26 44
26 37
19
27 1
27 14
27 39
27 38
27 41
27 49
27 12
27 17
27 40
27 37
27 2
27 35
27 47
27 42
27 19
27 33
27 23
27 18
27 32
18
28 1
28 44
28 3
28 12
28 4
28 36
28 13
28 7
28 10
28 22
28 8
28 27
28 19
28 47
28 24
28 42
28 48
28 14
26
29 19
29 37
29 36
29 18
29 11
29 44
29 48
29 23
29 47
29 40
29 22
29 32
29 41
29 17
29 8
29 15
29 24
29 10
29 9
29 6
29 1
29 34
29 42
29 26
29 45
29 7
20
30 29
30 24
30 27
30 18
30 12
30 32
30 28
30 40
30 1
30 4
30 36
30 37
30 6
30 5
30 25
30 26
30 21
30 0
30 49
30 39
26
31 30
31 10
31 41
31 37
31 22
31 24
31 27
31 47
31 23
31 16
31 44
31 8
31 42
31 19
31 21
31 28
31 29
31 9
31 2
31 38
31 6
31 18
31 48
31 7
31 1
31 25
14
32 33
32 21
32 17
32 1
32 2
32 9
32 14
32 37
32 34
32 0
32 28
32 35
32 24
32 8
15
33 24
33 19
33 16
33 39
33 43
33 23
33 30
33 46
33 7
33 40
33 18
33 17
33 3
33 6
33 15
17
34 36
34 0
34 28
34 31
34 45
34 41
34 30
34 15
34 35
34 27
34 12
34 23
34 42
34 5
34 43
34 1
34 39
20
35 28
35 29
35 4
35 15
35 31
35 46
35 37
35 42
35 18
35 47
35 36
35 7
35 8
35 45
35 33
35 48
35 11
35 5
35 9
35 30
21
36 4
36 7
36 31
36 26
36 3
36 16
36 47
36 49
36 2
36 43
36 18
36 10
36 40
36 41
36 15
36 23
36 8
36 20
36 21
36 44
36 24
15
37 21
37 40
37 10
37 11
37 24
37 20
37 28
37 3
37 48
37 13
37 42
37 5
37 0
37 41
37 19
20
38 36
38 41
38 18
38 1
38 5
38 10
38 11
38 29
38 34
38 37
38 39
38 19
38 30
38 35
38 43
38 48
38 45
38 13
38 44
38 2
18
39 40
39 31
39 7
39 14
39 46
39 45
39 12
39 1
39 20
39 10
39 17
39 35
39 29
39 26
39 13
39 43
39 15
39 42
15
40 9
40 34
40 41
40 43
40 22
40 5
40 16
40 24
40 28
40 11
40 38
40 32
40 6
40 7
40 49
17
41 1
41 25
41 6
41 35
41 0
41 30
41 18
41 39
41 28
41 33
41 22
41 23
41 17
41 20
41 15
41 45
41 14
26
42 43
42 33
42 41
42 6
42 32
42 48
42 18
42 45
42 11
42 30
42 2
42 47
42 19
42 21
42 22
42 1
42 13
42 15
42 7
42 38
42 40
42 5
42 23
42 36
42 25
42 14
21
43 24
43 49
43 9
43 8
43 22
43 45
43 23
43 20
43 48
43 30
43 41
43 35
43 3
43 13
43 29
43 32
43 7
43 31
43 28
43 10
43 0
13
44 40
44 30
44 41
44 0
44 17
44 27
44 19
44 8
44 21
44 42
44 35
44 33
44 37
14
45 31
45 28
45 40
45 10
45 7
45 21
45 27
45 32
45 33
45 44
45 49
45 48
45 19
45 30
23
46 22
46 49
46 5
46 0
46 37
46 7
46 21
46 41
46 6
46 15
46 20
46 13
46 19
46 1
46 26
46 38
46 48
46 44
46 9
46 12
46 43
46 45
46 31
27
47 48
47 37
47 39
47 3
47 6
47 41
47 7
47 24
47 46
47 11
47 19
47 9
47 4
47 45
47 44
47 40
47 21
47 12
47 34
47 38
47 26
47 15
47 10
47 0
47 13
47 2
47 20
22
48 32
48 4
48 13
48 40
48 18
48 36
48 11
48 17
48 34
48 27
48 20
48 1
48 6
48 33
48 41
48 44
48 49
48 30
48 25
48 24
48 26
48 39
25
49 39
49 2
49 23
49 8
49 14
49 21
49 7
49 18
49 0
49 12
49 34
49 19
49 31
49 15
49 11
49 5
49 38
49 33
49 25
49 6
49 20
49 32
49 37
49 29
49 47
