50
0 "A30"
1 "A43"
2 "A27"
3 "A17"
4 "A6"
5 "A46"
6 "A39"
7 "A41"
8 "A38"
9 "A15"
10 "A11"
11 "A32"
12 "A26"
13 "A25"
14 "A0"
15 "A4"
16 "A21"
17 "A48"
18 "A18"
19 "A1"
20 "A23"
21 "A22"
22 "A28"
23 "A5"
24 "A31"
25 "A24"
26 "A3"
27 "A7"
28 "A34"
29 "A36"
30 "A49"
31 "A33"
32 "A14"
33 "A16"
34 "A12"
35 "A42"
36 "A29"
37 "A45"
38 "A44"
39 "A20"
40 "A40"
41 "A47"
42 "A2"
43 "A19"
44 "A37"
45 "A13"
46 "A8"
47 "A35"
48 "A9"
49 "A10"
8
0 36
0 18
0 34
0 6
0 21
0 14
0 38
0 20
24
1 11
1 25
1 46
1 8
1 26
1 28
1 22
1 27
1 45
1 10
1 30
1 36
1 7
1 44
1 23
1 18
1 15
1 42
1 5
1 17
1 34
1 14
1 43
1 29
18
2 22
2 1
2 28
2 38
2 31
2 18
2 41
2 0
2 17
2 3
2 14
2 12
2 47
2 21
2 25
2 30
2 4
2 35
21
3 24
3 13
3 30
3 4
3 8
3 12
3 20
3 27
3 46
3 33
3 10
3 1
3 9
3 11
3 31
3 17
3 18
3 43
3 0
3 28
3 35
23
4 5
4 35
4 6
4 24
4 45
4 0
4 19
4 9
4 10
4 22
4 38
4 42
4 40
4 31
4 8
4 30
4 44
4 11
4 7
4 27
4 43
4 48
4 13
26
5 2
5 44
5 40
5 17
5 6
5 18
5 31
5 23
5 27
5 11
5 49
5 34
5 10
5 39
5 29
5 35
5 3
5 43
5 20
5 45
5 13
5 26
5 37
5 42
5 12
5 41
29
6 37
6 35
6 30
6 22
6 28
6 41
6 42
6 16
6 32
6 26
6 23
6 46
6 14
6 10
6 31
6 11
6 15
6 43
6 2
6 17
6 34
6 44
6 33
6 8
6 9
6 38
6 25
6 24
6 1
20
7 12
7 6
7 10
7 3
7 31
7 0
7 32
7 45
7 19
7 2
7 49
7 46
7 39
7 23
7 5
7 34
7 41
7 36
7 14
7 42
24
8 9
8 42
8 27
8 25
8 2
8 22
8 44
8 33
8 26
8 35
8 46
8 16
8 24
8 37
8 47
8 0
8 49
8 10
8 30
8 19
8 5
8 29
8 15
8 28
18
9 7
9 47
9 44
9 24
9 21
9 1
9 2
9 43
9 18
9 35
9 11
9 22
9 41
9 45
9 38
9 40
9 29
9 17
17
10 18
10 33
10 34
10 35
10 22
10 25
10 47
10 20
10 38
10 32
10 0
10 13
10 46
10 23
10 11
10 42
10 48
18
11 8
11 36
11 7
11 46
11 40
11 30
11 0
11 42
11 32
11 17
11 31
11 21
11 41
11 48
11 19
11 15
11 37
11 25
20
12 48
12 33
12 39
12 18
12 35
12 17
12 42
12 4
12 9
12 15
12 14
12 10
12 43
12 32
12 0
12 30
12 1
12 6
12 31
12 11
19
13 2
13 18
13 28
13 11
13 46
13 47
13 12
13 34
13 44
13 29
13 8
13 19
13 0
13 33
13 22
13 24
13 32
13 9
13 41
19
14 49
14 29
14 4
14 13
14 31
14 17
14 33
14 36
14 35
14 16
14 45
14 19
14 10
14 47
14 46
14 3
14 39
14 8
14 11
27
15 0
15 14
15 18
15 16
15 22
15 37
15 2
15 3
15 4
15 28
15 35
15 41
15 5
15 49
15 47
15 33
15 13
15 19
15 44
15 46
15 25
15 23
15 10
15 7
15 21
15 29
15 17
14
16 12
16 40
16 36
16 5
16 0
16 45
16 18
16 1
16 32
16 24
16 30
16 7
16 4
16 11
13
17 43
17 30
17 8
17 16
17 0
17 44
17 4
17 27
17 19
17 34
17 22
17 13
17 40
22
18 46
18 48
18 33
18 20
18 45
18 44
18 37
18 42
18 30
18 25
18 39
18 8
18 6
18 47
18 31
18 11
18 40
18 36
18 7
18 17
18 29
18 4
20
19 44
19 32
19 1
19 18
19 46
19 16
19 0
19 22
19 6
19 39
19 28
19 21
19 10
19 2
19 3
19 27
19 35
19 30
19 12
19 25
21
20 44
20 12
20 43
20 2
20 22
20 30
20 15
20 19
20 36
20 45
20 17
20 9
20 7
20 48
20 13
20 1
20 49
20 33
20 23
20 46
20 6
27
21 23
21 13
21 1
21 43
21 32
21 18
21 29
21 17
21 39
21 3
21 44
21 42
21 16
21 30
21 7
21 6
21 34
21 14
21 10
21 33
21 24
21 45
21 8
21 5
21 12
21 41
21 37
20
22 46
22 39
22 30
22 12
22 38
22 24
22 27
22 23
22 36
22 18
22 28
22 47
22 41
22 5
22 48
22 43
22 14
22 26
22 33
22 11
19
23 11
23 17
23 29
23 4
23 46
23 24
23 48
23 49
23 38
23 12
23 18
23 44
23 26
23 16
23 45
23 28
23 33
23 14
23 19
23
24 41
24 46
24 7
24 17
24 32
24 34
24 20
24 14
24 30
24 11
24 28
24 40
24 43
24 1
24 5
24 45
24 39
24 31
24 44
24 25
24 0
24 26
24 15
21
25 26
25 39
25 3
25 5
25 30
25 17
25 12
25 31
25 0
25 47
25 28
25 21
25 4
25 36
25 49
25 27
25 38
25 37
25 48
25 7
25 16
14
26 17
26 35
26 10
26 2
26 32
26 27
26 0
26 12
26 3
26 37
26 4
26 9
26 21
26 33
18
27 11
27 46
27 32
27 40
27 34
27 12
27 14
27 18
27 10
27 39
27 45
27 23
27 38
27 41
27 30
27 37
27 31
27 21
13
28 10
28 35
28 12
28 17
28 31
28 4
28 14
28 21
28 27
28 11
28 0
28 47
28 20
22
29 27
29 12
29 16
29 44
29 4
29 41
29 25
29 24
29 19
29 26
29 6
29 48
29 10
29 0
29 22
29 20
29 40
29 39
29 28
29 35
29 32
29 2
12
30 23
30 29
30 35
30 32
30 15
30 13
30 37
30 44
30 28
30 41
30 40
30 9
22
31 13
31 45
31 49
31 39
31 10
31 1
31 8
31 17
31 35
31 41
31 9
31 47
31 36
31 22
31 21
31 32
31 34
31 26
31 38
31 37
31 30
31 19
19
32 34
32 5
32 37
32 28
32 4
32 36
32 3
32 9
32 49
32 47
32 8
32 17
32 22
32 25
32 2
32 20
32 33
32 42
32 18
20
33 1
33 34
33 7
33 28
33 2
33 40
33 24
33 29
33 44
33 25
33 43
33 46
33 35
33 19
33 5
33 42
33 30
33 45
33 27
33 48
19
34 25
34 2
34 3
34 45
34 47
34 4
34 44
34 18
34 28
34 30
34 38
34 12
34 48
34 14
34 19
34 22
34 11
34 9
34 15
16
35 0
35 44
35 39
35 7
35 42
35 18
35 32
35 11
35 25
35 1
35 23
35 24
35 48
35 21
35 47
35 20
25
36 30
36 41
36 24
36 39
36 10
36 29
36 45
36 48
36 15
36 13
36 2
36 43
36 4
36 3
36 46
36 5
36 44
36 19
36 23
36 49
36 6
36 33
36 21
36 17
36 28
25
37 35
37 14
37 16
37 0
37 24
37 19
37 41
37 22
37 9
37 13
37 1
37 10
37 43
37 49
37 48
37 4
37 3
37 39
37 42
37 38
37 12
37 23
37 34
37 7
37 36
17
38 30
38 47
38 7
38 26
38 14
38 20
38 18
38 35
38 1
38 33
38 48
38 36
38 46
38 21
38 11
38 29
38 28
16
39 48
39 1
39 32
39 46
39 11
39 10
39 38
39 16
39 17
39 30
39 15
39 6
39 23
39 9
39 45
39 8
22
40 10
40 31
40 13
40 23
40 25
40 21
40 20
40 2
40 0
40 37
40 8
40 36
40 35
40 47
40 38
40 3
40 26
40 7
40 22
40 39
40 42
40 15
17
41 10
41 26
41 32
41 38
41 46
41 35
41 3
41 23
41 25
41 43
41 28
41 17
41 12
41 44
41 20
41 49
41 8
22
42 17
42 23
42 27
42 19
42 39
42 43
42 22
42 36
42 14
42 2
42 20
42 25
42 24
42 16
42 31
42 47
42 13
42 41
42 46
42 0
42 30
42 28
24
43 29
43 26
43 7
43 16
43 45
43 14
43 31
43 40
43 34
43 48
43 19
43 44
43 49
43 23
43 2
43 39
43 32
43 30
43 38
43 27
43 35
43 11
43 0
43 15
17
44 3
44 42
44 27
44 45
44 10
44 11
44 38
44 32
44 0
44 31
44 28
44 22
44 26
44 2
44 47
44 39
44 14
14
45 17
45 49
45 3
45 37
45 12
45 19
45 15
45 41
45 2
45 22
45 42
45 35
45 40
45 11
19
46 12
46 16
46 5
46 34
46 30
46 32
46 21
46 43
46 45
46 17
46 0
46 28
46 2
46 48
46 49
46 25
46 29
46 31
46 37
13
47 41
47 7
47 6
47 5
47 23
47 36
47 26
47 24
47 12
47 37
47 45
47 33
47 21
21
48 8
48 30
48 15
48 47
48 17
48 5
48 16
48 1
48 7
48 14
48 21
48 9
48 2
48 28
48 0
48 40
48 19
48 27
48 3
48 24
48 45
22
49 48
49 16
49 4
49 29
49 42
49 1
49 39
49 3
49 40
49 24
49 17
49 18
49 10
49 0
49 28
49 26
49 2
49 35
49 19
49 6
49 34
49 21
