50
0 "A45"
1 "A25"
2 "A6"
3 "A24"
4 "A15"
5 "A10"
6 "A46"
7 "A26"
8 "A3"
9 "A30"
10 "A2"
11 "A0"
12 "A1"
13 "A23"
14 "A22"
15 "A42"
16 "A47"
17 "A17"
18 "A29"
19 "A43"
20 "A8"
21 "A12"
22 "A4"
23 "A44"
24 "A13"
25 "A48"
26 "A49"
27 "A36"
28 "A38"
29 "A40"
30 "A18"
31 "A16"
32 "A21"
33 "A27"
34 "A31"
35 "A14"
36 "A33"
37 "A9"
38 "A39"
39 "A7"
40 "A28"
41 "A5"
42 "A32"
43 "A35"
44 "A41"
45 "A37"
46 "A11"
47 "A34"
48 "A19"
49 "A20"
21
0 48
0 36
0 44
0 11
0 3
0 30
0 33
0 49
0 42
0 5
0 13
0 34
0 40
0 16
0 43
0 2
0 38
0 17
0 22
0 4
0 23
16
1 9
1 39
1 8
1 38
1 42
1 2
1 7
1 4
1 41
1 17
1 33
1 12
1 43
1 21
1 5
1 49
22
2 12
2 19
2 40
2 21
2 14
2 3
2 44
2 41
2 31
2 45
2 17
2 32
2 24
2 39
2 4
2 7
2 10
2 9
2 43
2 20
2 18
2 15
22
3 9
3 4
3 45
3 18
3 47
3 29
3 10
3 44
3 17
3 30
3 37
3 15
3 24
3 26
3 20
3 14
3 34
3 1
3 35
3 19
3 27
3 6
23
4 36
4 8
4 43
4 21
4 25
4 40
4 7
4 30
4 23
4 31
4 45
4 9
4 14
4 29
4 19
4 41
4 27
4 11
4 13
4 42
4 38
4 5
4 15
18
5 36
5 37
5 3
5 34
5 33
5 14
5 2
5 15
5 32
5 38
5 7
5 13
5 12
5 18
5 47
5 27
5 45
5 30
19
6 11
6 47
6 49
6 40
6 0
6 2
6 8
6 5
6 13
6 30
6 25
6 46
6 37
6 7
6 17
6 4
6 43
6 1
6 39
19
7 39
7 9
7 8
7 43
7 27
7 21
7 14
7 13
7 17
7 45
7 29
7 42
7 44
7 28
7 12
7 16
7 0
7 25
7 41
18
8 15
8 2
8 35
8 29
8 25
8 5
8 19
8 32
8 42
8 20
8 36
8 13
8 44
8 40
8 27
8 9
8 0
8 3
16
9 47
9 29
9 34
9 40
9 35
9 6
9 42
9 20
9 45
9 16
9 15
9 5
9 14
9 31
9 37
9 32
24
10 9
10 32
10 49
10 5
10 24
10 4
10 0
10 16
10 1
10 41
10 27
10 15
10 13
10 6
10 11
10 35
10 29
10 28
10 25
10 37
10 31
10 42
10 46
10 8
21
11 35
11 45
11 18
11 9
11 5
11 42
11 13
11 19
11 46
11 37
11 3
11 14
11 34
11 24
11 30
11 48
11 2
11 1
11 26
11 8
11 40
14
12 35
12 11
12 4
12 26
12 14
12 27
12 49
12 9
12 18
12 47
12 15
12 44
12 3
12 19
17
13 33
13 35
13 46
13 48
13 38
13 12
13 41
13 21
13 3
13 31
13 18
13 32
13 14
13 39
13 40
13 1
13 17
13
14 18
14 30
14 43
14 40
14 31
14 1
14 0
14 23
14 8
14 15
14 17
14 37
14 10
14
15 23
15 24
15 11
15 43
15 39
15 40
15 26
15 47
15 17
15 19
15 45
15 30
15 13
15 16
21
16 25
16 32
16 47
16 26
16 18
16 36
16 12
16 27
16 49
16 37
16 46
16 11
16 6
16 3
16 43
16 39
16 2
16 8
16 48
16 19
16 29
13
17 27
17 16
17 32
17 35
17 12
17 11
17 5
17 47
17 31
17 37
17 40
17 38
17 20
24
18 37
18 38
18 4
18 15
18 40
18 8
18 20
18 21
18 32
18 10
18 41
18 33
18 42
18 46
18 9
18 45
18 6
18 49
18 0
18 34
18 1
18 17
18 29
18 19
21
19 17
19 48
19 9
19 47
19 39
19 14
19 10
19 29
19 46
19 27
19 24
19 41
19 7
19 6
19 13
19 28
19 22
19 30
19 0
19 43
19 34
18
20 21
20 42
20 1
20 12
20 7
20 31
20 11
20 6
20 30
20 39
20 33
20 45
20 0
20 27
20 43
20 37
20 47
20 44
22
21 45
21 28
21 48
21 23
21 25
21 19
21 3
21 47
21 14
21 34
21 38
21 15
21 30
21 12
21 24
21 33
21 5
21 9
21 0
21 37
21 11
21 6
26
22 36
22 44
22 2
22 26
22 15
22 31
22 14
22 32
22 12
22 30
22 6
22 40
22 37
22 38
22 42
22 7
22 3
22 25
22 47
22 11
22 10
22 49
22 35
22 9
22 5
22 23
23
23 2
23 35
23 34
23 7
23 10
23 16
23 1
23 8
23 6
23 19
23 13
23 18
23 17
23 12
23 33
23 44
23 9
23 3
23 20
23 31
23 46
23 47
23 5
18
24 42
24 25
24 36
24 14
24 4
24 34
24 26
24 46
24 6
24 30
24 17
24 47
24 0
24 13
24 27
24 16
24 22
24 29
22
25 45
25 37
25 38
25 11
25 5
25 15
25 9
25 12
25 23
25 3
25 0
25 13
25 27
25 49
25 40
25 1
25 31
25 41
25 34
25 30
25 36
25 2
23
26 2
26 33
26 27
26 29
26 6
26 23
26 14
26 1
26 48
26 20
26 44
26 28
26 25
26 30
26 42
26 18
26 36
26 31
26 21
26 49
26 39
26 8
26 37
14
27 36
27 29
27 13
27 33
27 18
27 23
27 6
27 34
27 0
27 44
27 28
27 21
27 15
27 2
19
28 3
28 4
28 49
28 29
28 1
28 24
28 32
28 8
28 14
28 11
28 17
28 16
28 23
28 2
28 41
28 12
28 33
28 18
28 13
20
29 20
29 5
29 34
29 45
29 6
29 44
29 48
29 38
29 17
29 11
29 39
29 2
29 25
29 13
29 14
29 1
29 43
29 32
29 31
29 22
16
30 32
30 10
30 27
30 31
30 49
30 28
30 29
30 17
30 35
30 42
30 43
30 13
30 16
30 41
30 47
30 18
16
31 19
31 7
31 37
31 36
31 32
31 6
31 47
31 11
31 45
31 21
31 15
31 18
31 3
31 8
31 28
31 34
16
32 45
32 23
32 14
32 11
32 42
32 3
32 12
32 20
32 7
32 27
32 34
32 36
32 38
32 47
32 25
32 1
25
33 47
33 15
33 8
33 9
33 17
33 40
33 38
33 22
33 10
33 36
33 12
33 19
33 42
33 29
33 3
33 30
33 7
33 34
33 37
33 2
33 32
33 46
33 4
33 16
33 25
19
34 1
34 37
34 43
34 40
34 16
34 7
34 26
34 14
34 36
34 2
34 8
34 42
34 10
34 17
34 45
34 47
34 41
34 30
34 15
21
35 33
35 38
35 29
35 18
35 32
35 0
35 21
35 1
35 5
35 25
35 48
35 40
35 45
35 26
35 15
35 27
35 24
35 7
35 4
35 16
35 28
24
36 2
36 35
36 10
36 41
36 40
36 48
36 15
36 20
36 42
36 43
36 14
36 44
36 19
36 17
36 3
36 30
36 11
36 12
36 7
36 18
36 47
36 13
36 23
36 29
18
37 13
37 36
37 2
37 45
37 42
37 28
37 0
37 24
37 35
37 8
37 49
37 43
37 30
37 32
37 12
37 7
37 27
37 19
21
38 40
38 3
38 10
38 15
38 14
38 30
38 11
38 43
38 23
38 20
38 34
38 31
38 7
38 2
38 39
38 36
38 28
38 6
38 16
38 27
38 9
28
39 9
39 47
39 12
39 27
39 10
39 21
39 4
39 31
39 24
39 33
39 37
39 5
39 3
39 42
39 32
39 18
39 25
39 11
39 22
39 45
39 0
39 28
39 40
39 34
39 17
39 23
39 44
39 8
15
40 26
40 49
40 12
40 27
40 31
40 10
40 21
40 1
40 32
40 43
40 16
40 3
40 42
40 29
40 5
18
41 23
41 16
41 9
41 17
41 42
41 40
41 27
41 31
41 45
41 35
41 37
41 20
41 22
41 29
41 32
41 0
41 15
41 3
14
42 48
42 2
42 13
42 21
42 45
42 28
42 6
42 23
42 31
42 16
42 19
42 15
42 47
42 38
18
43 3
43 22
43 46
43 11
43 23
43 8
43 26
43 12
43 10
43 17
43 5
43 49
43 28
43 25
43 32
43 9
43 31
43 27
22
44 33
44 16
44 35
44 15
44 18
44 34
44 9
44 6
44 5
44 38
44 14
44 40
44 30
44 32
44 24
44 19
44 17
44 13
44 4
44 43
44 1
44 25
16
45 22
45 0
45 12
45 1
45 19
45 27
45 14
45 24
45 17
45 48
45 49
45 44
45 40
45 38
45 28
45 30
24
46 37
46 48
46 5
46 29
46 34
46 44
46 12
46 17
46 14
46 38
46 0
46 41
46 4
46 7
46 15
46 42
46 40
46 2
46 3
46 1
46 8
46 35
46 39
46 30
19
47 10
47 38
47 13
47 2
47 14
47 27
47 48
47 40
47 35
47 18
47 8
47 45
47 29
47 26
47 49
47 4
47 0
47 7
47 25
26
48 20
48 38
48 9
48 40
48 7
48 6
48 23
48 30
48 1
48 37
48 49
48 5
48 15
48 17
48 14
48 41
48 24
48 2
48 12
48 27
48 10
48 4
48 25
48 32
48 33
48 39
23
49 5
49 41
49 24
49 42
49 31
49 39
49 2
49 33
49 11
49 7
49 46
49 13
49 21
49 35
49 3
49 15
49 29
49 32
49 27
49 8
49 38
49 44
49 36
