50
0 "A4"
1 "A13"
2 "A31"
3 "A34"
4 "A47"
5 "A5"
6 "A3"
7 "A16"
8 "A22"
9 "A33"
10 "A41"
11 "A38"
12 "A42"
13 "A15"
14 "A29"
15 "A21"
16 "A37"
17 "A48"
18 "A36"
19 "A46"
20 "A28"
21 "A7"
22 "A23"
23 "A1"
24 "A20"
25 "A32"
26 "A44"
27 "A40"
28 "A24"
29 "A0"
30 "A12"
31 "A45"
32 "A11"
33 "A19"
34 "A8"
35 "A2"
36 "A25"
37 "A18"
38 "A26"
39 "A43"
40 "A9"
41 "A14"
42 "A17"
43 "A49"
44 "A6"
45 "A39"
46 "A35"
47 "A27"
48 "A10"
49 "A30"
17
0 30
0 23
0 9
0 38
0 24
0 26
0 41
0 43
0 8
0 22
0 2
0 6
0 5
0 7
0 33
0 45
0 49
17
1 10
1 24
1 29
1 42
1 9
1 19
1 49
1 6
1 2
1 22
1 26
1 20
1 0
1 40
1 38
1 5
1 35
12
2 20
2 47
2 49
2 29
2 45
2 46
2 8
2 9
2 33
2 32
2 24
2 22
18
3 43
3 44
3 14
3 5
3 8
3 40
3 20
3 45
3 0
3 2
3 25
3 12
3 9
3 34
3 41
3 33
3 46
3 27
22
4 14
4 41
4 48
4 37
4 35
4 1
4 0
4 8
4 30
4 44
4 47
4 2
4 43
4 11
4 7
4 12
4 23
4 22
4 3
4 5
4 31
4 19
20
5 42
5 2
5 28
5 16
5 34
5 24
5 43
5 21
5 11
5 47
5 26
5 29
5 7
5 46
5 25
5 23
5 38
5 19
5 44
5 13
19
6 33
6 32
6 38
6 45
6 7
6 3
6 14
6 25
6 43
6 20
6 2
6 13
6 44
6 30
6 4
6 24
6 34
6 18
6 8
20
7 49
7 22
7 12
7 9
7 23
7 21
7 27
7 28
7 19
7 13
7 2
7 41
7 1
7 40
7 16
7 32
7 33
7 48
7 30
7 26
17
8 36
8 44
8 42
8 20
8 37
8 13
8 7
8 41
8 12
8 28
8 26
8 27
8 34
8 23
8 31
8 14
8 11
18
9 10
9 44
9 39
9 46
9 41
9 8
9 23
9 17
9 15
9 5
9 43
9 32
9 12
9 40
9 22
9 33
9 6
9 31
25
10 16
10 18
10 45
10 41
10 22
10 14
10 42
10 36
10 40
10 8
10 20
10 11
10 4
10 21
10 13
10 12
10 35
10 24
10 5
10 48
10 6
10 2
10 15
10 7
10 31
27
11 46
11 23
11 2
11 14
11 36
11 35
11 44
11 41
11 17
11 45
11 25
11 38
11 49
11 9
11 0
11 1
11 3
11 18
11 37
11 12
11 20
11 33
11 34
11 7
11 13
11 26
11 47
15
12 36
12 1
12 14
12 5
12 19
12 25
12 48
12 30
12 17
12 6
12 13
12 32
12 0
12 2
12 28
20
13 36
13 2
13 38
13 0
13 31
13 42
13 35
13 25
13 17
13 24
13 43
13 22
13 37
13 20
13 14
13 45
13 23
13 33
13 4
13 30
15
14 44
14 49
14 42
14 17
14 34
14 9
14 39
14 28
14 37
14 1
14 22
14 24
14 0
14 25
14 45
26
15 40
15 4
15 5
15 46
15 21
15 38
15 1
15 14
15 42
15 27
15 19
15 7
15 3
15 18
15 35
15 25
15 28
15 6
15 24
15 2
15 11
15 22
15 41
15 12
15 39
15 20
19
16 43
16 0
16 21
16 41
16 37
16 14
16 29
16 38
16 44
16 1
16 15
16 12
16 2
16 11
16 48
16 33
16 35
16 25
16 3
21
17 3
17 37
17 27
17 46
17 30
17 21
17 6
17 5
17 45
17 40
17 4
17 43
17 20
17 8
17 15
17 26
17 25
17 0
17 49
17 31
17 32
25
18 16
18 42
18 32
18 13
18 7
18 4
18 28
18 20
18 19
18 46
18 3
18 31
18 25
18 1
18 8
18 40
18 17
18 9
18 0
18 26
18 2
18 36
18 41
18 22
18 30
23
19 34
19 14
19 43
19 40
19 47
19 32
19 25
19 42
19 8
19 44
19 29
19 36
19 2
19 10
19 20
19 0
19 23
19 30
19 31
19 16
19 37
19 22
19 38
22
20 9
20 22
20 33
20 0
20 4
20 39
20 44
20 29
20 37
20 31
20 47
20 14
20 42
20 32
20 12
20 16
20 43
20 46
20 23
20 7
20 34
20 28
16
21 35
21 41
21 33
21 3
21 42
21 25
21 6
21 19
21 22
21 14
21 9
21 30
21 28
21 43
21 13
21 4
18
22 37
22 17
22 29
22 38
22 35
22 46
22 24
22 40
22 31
22 34
22 42
22 3
22 45
22 39
22 8
22 48
22 26
22 16
20
23 27
23 35
23 40
23 17
23 42
23 37
23 25
23 21
23 6
23 45
23 22
23 34
23 16
23 39
23 3
23 44
23 24
23 2
23 12
23 30
21
24 4
24 7
24 34
24 17
24 18
24 21
24 3
24 36
24 38
24 19
24 43
24 39
24 37
24 45
24 20
24 47
24 33
24 16
24 48
24 31
24 35
12
25 2
25 1
25 28
25 30
25 43
25 10
25 4
25 31
25 45
25 20
25 35
25 39
21
26 46
26 28
26 23
26 20
26 16
26 12
26 21
26 40
26 31
26 32
26 14
26 38
26 9
26 35
26 4
26 3
26 41
26 48
26 15
26 39
26 27
18
27 4
27 12
27 0
27 18
27 5
27 16
27 11
27 43
27 36
27 25
27 41
27 21
27 13
27 9
27 20
27 1
27 2
27 22
22
28 4
28 30
28 22
28 13
28 23
28 31
28 36
28 6
28 39
28 17
28 32
28 33
28 27
28 3
28 29
28 10
28 40
28 9
28 11
28 2
28 19
28 48
25
29 27
29 23
29 44
29 33
29 18
29 42
29 49
29 21
29 35
29 4
29 32
29 14
29 12
29 24
29 13
29 36
29 40
29 8
29 46
29 9
29 3
29 34
29 7
29 15
29 43
20
30 34
30 39
30 20
30 1
30 2
30 9
30 5
30 24
30 42
30 36
30 10
30 45
30 16
30 29
30 43
30 37
30 26
30 8
30 32
30 14
19
31 2
31 12
31 16
31 1
31 23
31 32
31 0
31 37
31 14
31 21
31 15
31 36
31 7
31 27
31 3
31 5
31 35
31 30
31 11
15
32 14
32 49
32 23
32 44
32 24
32 21
32 36
32 13
32 10
32 43
32 3
32 25
32 40
32 8
32 11
20
33 46
33 27
33 26
33 4
33 17
33 1
33 23
33 30
33 49
33 15
33 18
33 37
33 8
33 36
33 35
33 5
33 25
33 32
33 12
33 34
15
34 17
34 43
34 12
34 32
34 2
34 7
34 42
34 0
34 40
34 26
34 18
34 31
34 38
34 25
34 13
16
35 7
35 12
35 5
35 48
35 47
35 36
35 6
35 20
35 30
35 18
35 28
35 19
35 37
35 27
35 14
35 17
19
36 48
36 22
36 6
36 2
36 46
36 25
36 3
36 34
36 5
36 42
36 15
36 7
36 16
36 17
36 9
36 39
36 44
36 20
36 26
21
37 26
37 9
37 25
37 29
37 18
37 6
37 12
37 49
37 39
37 2
37 1
37 27
37 3
37 43
37 15
37 36
37 45
37 5
37 10
37 34
37 7
23
38 8
38 30
38 2
38 4
38 44
38 20
38 21
38 31
38 41
38 3
38 10
38 37
38 27
38 7
38 33
38 47
38 49
38 35
38 42
38 12
38 23
38 36
38 17
20
39 33
39 0
39 42
39 8
39 43
39 11
39 1
39 32
39 10
39 17
39 31
39 48
39 19
39 13
39 3
39 34
39 41
39 18
39 21
39 5
21
40 31
40 21
40 2
40 16
40 11
40 24
40 4
40 41
40 44
40 39
40 20
40 14
40 47
40 12
40 8
40 43
40 5
40 36
40 35
40 46
40 38
18
41 13
41 22
41 48
41 36
41 35
41 1
41 17
41 29
41 5
41 45
41 30
41 12
41 31
41 28
41 23
41 19
41 20
41 33
16
42 6
42 16
42 7
42 4
42 48
42 26
42 40
42 9
42 35
42 25
42 41
42 27
42 17
42 11
42 44
42 0
18
43 1
43 49
43 36
43 22
43 14
43 38
43 46
43 31
43 41
43 42
43 15
43 28
43 7
43 10
43 2
43 11
43 47
43 18
21
44 49
44 43
44 33
44 35
44 12
44 15
44 18
44 27
44 13
44 47
44 1
44 31
44 7
44 41
44 30
44 28
44 25
44 17
44 21
44 26
44 2
26
45 20
45 8
45 44
45 40
45 19
45 39
45 35
45 32
45 7
45 46
45 29
45 49
45 4
45 28
45 26
45 18
45 5
45 15
45 31
45 12
45 43
45 16
45 1
45 9
45 21
45 33
19
46 28
46 23
46 7
46 39
46 32
46 41
46 13
46 0
46 30
46 31
46 25
46 24
46 14
46 1
46 48
46 27
46 19
46 38
46 35
23
47 14
47 17
47 42
47 29
47 26
47 23
47 9
47 45
47 13
47 46
47 48
47 28
47 21
47 34
47 49
47 41
47 16
47 1
47 25
47 39
47 27
47 15
47 18
19
48 33
48 11
48 44
48 17
48 30
48 19
48 1
48 15
48 5
48 21
48 23
48 8
48 29
48 34
48 38
48 6
48 13
48 18
48 37
20
49 3
49 12
49 22
49 6
49 27
49 26
49 28
49 48
49 15
49 18
49 13
49 36
49 8
49 40
49 24
49 31
49 35
49 19
49 20
49 30
