50
0 "A4"
1 "A13"
2 "A31"
3 "A34"
4 "A47"
5 "A5"
6 "A3"
7 "A16"
8 "A22"
9 "A33"
10 "A41"
11 "A38"
12 "A42"
13 "A15"
14 "A29"
15 "A21"
16 "A37"
17 "A48"
18 "A36"
19 "A46"
20 "A28"
21 "A7"
22 "A23"
23 "A1"
24 "A20"
25 "A32"
26 "A44"
27 "A40"
28 "A24"
29 "A0"
30 "A12"
31 "A45"
32 "A11"
33 "A19"
34 "A8"
35 "A2"
36 "A25"
37 "A18"
38 "A26"
39 "A43"
40 "A9"
41 "A14"
42 "A17"
43 "A49"
44 "A6"
45 "A39"
46 "A35"
47 "A27"
48 "A10"
49 "A30"
20
0 38
0 37
0 26
0 5
0 17
0 10
0 31
0 47
0 2
0 43
0 29
0 13
0 12
0 30
0 28
0 14
0 34
0 36
0 40
0 1
24
1 9
1 34
1 17
1 43
1 24
1 39
1 21
1 31
1 4
1 36
1 3
1 23
1 38
1 11
1 44
1 19
1 28
1 29
1 42
1 10
1 14
1 6
1 25
1 35
21
2 45
2 35
2 46
2 34
2 22
2 44
2 36
2 8
2 6
2 47
2 21
2 10
2 30
2 14
2 41
2 12
2 13
2 24
2 18
2 20
2 29
18
3 11
3 41
3 40
3 25
3 38
3 30
3 21
3 7
3 33
3 2
3 44
3 28
3 18
3 14
3 10
3 29
3 13
3 12
21
4 3
4 41
4 45
4 37
4 16
4 18
4 36
4 30
4 33
4 23
4 0
4 34
4 48
4 6
4 39
4 12
4 2
4 43
4 44
4 31
4 5
21
5 21
5 1
5 47
5 13
5 36
5 12
5 14
5 16
5 39
5 2
5 46
5 3
5 37
5 25
5 23
5 48
5 8
5 34
5 7
5 43
5 28
25
6 10
6 34
6 43
6 7
6 37
6 27
6 30
6 23
6 18
6 28
6 0
6 24
6 48
6 22
6 41
6 32
6 42
6 20
6 8
6 21
6 39
6 5
6 46
6 13
6 12
18
7 45
7 1
7 0
7 27
7 4
7 14
7 44
7 35
7 23
7 29
7 30
7 47
7 40
7 8
7 17
7 20
7 9
7 48
21
8 20
8 14
8 28
8 36
8 21
8 40
8 4
8 24
8 38
8 35
8 48
8 44
8 39
8 30
8 45
8 42
8 23
8 26
8 34
8 3
8 13
21
9 44
9 6
9 17
9 8
9 4
9 16
9 10
9 23
9 31
9 27
9 37
9 2
9 46
9 14
9 49
9 34
9 19
9 42
9 21
9 25
9 20
18
10 40
10 41
10 4
10 21
10 16
10 48
10 26
10 15
10 31
10 29
10 20
10 18
10 14
10 36
10 37
10 35
10 42
10 5
18
11 17
11 18
11 42
11 5
11 34
11 38
11 9
11 10
11 45
11 6
11 0
11 48
11 4
11 2
11 39
11 37
11 15
11 7
18
12 7
12 39
12 22
12 37
12 32
12 44
12 21
12 41
12 14
12 40
12 33
12 30
12 17
12 27
12 13
12 38
12 36
12 24
21
13 42
13 46
13 9
13 18
13 48
13 40
13 11
13 31
13 23
13 45
13 19
13 35
13 15
13 36
13 44
13 4
13 33
13 30
13 20
13 41
13 28
16
14 15
14 13
14 28
14 35
14 6
14 31
14 11
14 17
14 4
14 26
14 22
14 29
14 19
14 42
14 48
14 44
20
15 7
15 38
15 4
15 42
15 9
15 0
15 33
15 3
15 2
15 8
15 6
15 1
15 18
15 30
15 19
15 17
15 25
15 34
15 5
15 29
21
16 35
16 28
16 34
16 22
16 6
16 24
16 19
16 48
16 8
16 14
16 31
16 1
16 18
16 11
16 44
16 42
16 13
16 25
16 21
16 15
16 32
15
17 13
17 43
17 32
17 20
17 19
17 24
17 22
17 33
17 34
17 27
17 8
17 39
17 29
17 5
17 4
17
18 39
18 44
18 31
18 36
18 38
18 5
18 17
18 40
18 43
18 42
18 34
18 12
18 24
18 19
18 7
18 25
18 49
14
19 4
19 43
19 49
19 37
19 2
19 20
19 36
19 41
19 38
19 24
19 8
19 6
19 46
19 33
20
20 49
20 43
20 33
20 32
20 42
20 41
20 46
20 31
20 0
20 29
20 1
20 3
20 16
20 18
20 34
20 23
20 4
20 26
20 14
20 15
17
21 30
21 4
21 38
21 0
21 22
21 26
21 13
21 39
21 29
21 31
21 14
21 7
21 40
21 23
21 18
21 37
21 17
20
22 46
22 7
22 11
22 48
22 18
22 4
22 24
22 9
22 37
22 13
22 8
22 45
22 35
22 29
22 42
22 3
22 40
22 15
22 43
22 10
18
23 25
23 32
23 14
23 18
23 29
23 10
23 39
23 44
23 3
23 26
23 43
23 19
23 27
23 22
23 12
23 2
23 17
23 49
22
24 4
24 10
24 38
24 40
24 36
24 32
24 37
24 25
24 11
24 21
24 42
24 28
24 46
24 20
24 47
24 9
24 30
24 35
24 7
24 3
24 13
24 15
24
25 28
25 6
25 17
25 0
25 45
25 21
25 35
25 32
25 11
25 10
25 20
25 43
25 7
25 4
25 30
25 34
25 8
25 29
25 19
25 33
25 36
25 48
25 26
25 38
21
26 47
26 46
26 13
26 33
26 15
26 38
26 30
26 16
26 48
26 37
26 4
26 39
26 18
26 19
26 11
26 41
26 27
26 29
26 1
26 9
26 12
20
27 47
27 11
27 19
27 32
27 38
27 39
27 25
27 35
27 2
27 5
27 20
27 10
27 22
27 28
27 0
27 48
27 8
27 46
27 15
27 14
18
28 20
28 17
28 11
28 22
28 19
28 21
28 29
28 7
28 35
28 23
28 30
28 26
28 47
28 33
28 38
28 2
28 39
28 15
16
29 11
29 48
29 49
29 32
29 5
29 46
29 37
29 41
29 40
29 18
29 13
29 9
29 8
29 6
29 19
29 27
20
30 32
30 45
30 9
30 29
30 10
30 16
30 41
30 5
30 20
30 34
30 1
30 22
30 23
30 37
30 11
30 27
30 47
30 33
30 48
30 14
24
31 28
31 26
31 7
31 12
31 47
31 48
31 33
31 32
31 41
31 17
31 29
31 40
31 8
31 27
31 46
31 19
31 25
31 37
31 23
31 30
31 36
31 6
31 15
31 49
18
32 9
32 28
32 14
32 26
32 36
32 10
32 21
32 5
32 40
32 2
32 7
32 46
32 38
32 48
32 3
32 34
32 15
32 11
23
33 32
33 7
33 18
33 8
33 9
33 49
33 0
33 14
33 29
33 22
33 41
33 6
33 1
33 2
33 44
33 39
33 5
33 38
33 10
33 21
33 24
33 16
33 36
19
34 23
34 24
34 35
34 31
34 14
34 3
34 46
34 42
34 13
34 29
34 44
34 48
34 45
34 49
34 10
34 26
34 21
34 19
34 27
22
35 19
35 3
35 11
35 32
35 36
35 49
35 23
35 38
35 5
35 12
35 9
35 33
35 40
35 26
35 37
35 18
35 44
35 0
35 41
35 17
35 15
35 43
16
36 20
36 17
36 21
36 11
36 14
36 23
36 9
36 37
36 49
36 15
36 16
36 22
36 6
36 40
36 29
36 7
15
37 7
37 38
37 16
37 45
37 17
37 27
37 3
37 48
37 2
37 14
37 33
37 28
37 1
37 42
37 25
21
38 5
38 42
38 47
38 30
38 29
38 14
38 17
38 7
38 23
38 20
38 44
38 4
38 43
38 40
38 49
38 9
38 39
38 34
38 10
38 6
38 45
20
39 43
39 29
39 10
39 25
39 3
39 9
39 35
39 42
39 14
39 36
39 20
39 32
39 16
39 19
39 47
39 40
39 37
39 15
39 48
39 7
21
40 30
40 43
40 6
40 11
40 5
40 16
40 1
40 4
40 20
40 45
40 17
40 48
40 27
40 37
40 46
40 2
40 26
40 28
40 14
40 19
40 15
23
41 37
41 17
41 9
41 47
41 21
41 34
41 42
41 39
41 1
41 32
41 24
41 46
41 28
41 5
41 27
41 22
41 15
41 48
41 8
41 0
41 40
41 14
41 23
19
42 33
42 27
42 31
42 23
42 35
42 0
42 29
42 28
42 19
42 25
42 2
42 40
42 30
42 48
42 49
42 32
42 46
42 26
42 21
16
43 11
43 26
43 3
43 2
43 42
43 15
43 12
43 14
43 27
43 47
43 13
43 31
43 9
43 34
43 30
43 41
24
44 47
44 42
44 21
44 27
44 48
44 24
44 40
44 17
44 41
44 45
44 36
44 28
44 20
44 15
44 43
44 6
44 25
44 31
44 10
44 30
44 29
44 22
44 32
44 0
18
45 24
45 41
45 9
45 32
45 46
45 31
45 26
45 0
45 20
45 42
45 19
45 21
45 35
45 23
45 29
45 39
45 43
45 16
22
46 21
46 16
46 7
46 23
46 33
46 12
46 18
46 15
46 48
46 35
46 44
46 39
46 11
46 43
46 25
46 37
46 17
46 14
46 28
46 8
46 0
46 1
19
47 9
47 33
47 6
47 35
47 21
47 20
47 48
47 3
47 16
47 45
47 4
47 49
47 25
47 32
47 13
47 8
47 34
47 23
47 14
15
48 9
48 33
48 23
48 43
48 2
48 20
48 49
48 12
48 0
48 35
48 45
48 1
48 19
48 24
48 28
21
49 22
49 5
49 1
49 7
49 12
49 46
49 26
49 11
49 44
49 16
49 25
49 27
49 32
49 21
49 41
49 40
49 15
49 43
49 2
49 28
49 3
