50
0 "A47"
1 "A14"
2 "A20"
3 "A6"
4 "A31"
5 "A7"
6 "A27"
7 "A43"
8 "A18"
9 "A39"
10 "A10"
11 "A33"
12 "A8"
13 "A44"
14 "A36"
15 "A21"
16 "A38"
17 "A29"
18 "A3"
19 "A13"
20 "A34"
21 "A19"
22 "A32"
23 "A1"
24 "A15"
25 "A49"
26 "A40"
27 "A35"
28 "A30"
29 "A11"
30 "A16"
31 "A4"
32 "A41"
33 "A24"
34 "A23"
35 "A9"
36 "A42"
37 "A2"
38 "A17"
39 "A28"
40 "A48"
41 "A25"
42 "A12"
43 "A22"
44 "A5"
45 "A46"
46 "A26"
47 "A45"
48 "A37"
49 "A0"
20
0 11
0 18
0 38
0 40
0 8
0 34
0 26
0 27
0 23
0 49
0 42
0 32
0 28
0 37
0 12
0 35
0 3
0 36
0 31
0 25
18
1 40
1 29
1 27
1 25
1 3
1 33
1 6
1 43
1 23
1 0
1 36
1 24
1 26
1 13
1 4
1 5
1 34
1 20
27
2 37
2 15
2 31
2 19
2 24
2 32
2 18
2 28
2 26
2 14
2 22
2 34
2 49
2 21
2 47
2 4
2 5
2 25
2 35
2 0
2 39
2 41
2 7
2 38
2 30
2 45
2 33
19
3 37
3 32
3 4
3 45
3 27
3 21
3 17
3 36
3 42
3 35
3 24
3 5
3 26
3 6
3 2
3 16
3 13
3 47
3 20
13
4 46
4 30
4 31
4 33
4 44
4 0
4 28
4 23
4 19
4 48
4 26
4 22
4 42
21
5 16
5 42
5 15
5 37
5 0
5 25
5 31
5 36
5 7
5 33
5 30
5 39
5 21
5 11
5 34
5 38
5 4
5 24
5 19
5 29
5 8
14
6 12
6 0
6 2
6 16
6 26
6 38
6 11
6 15
6 30
6 43
6 42
6 31
6 33
6 17
24
7 0
7 20
7 43
7 4
7 30
7 34
7 19
7 45
7 40
7 1
7 10
7 33
7 13
7 6
7 47
7 18
7 46
7 12
7 42
7 37
7 29
7 39
7 48
7 16
19
8 24
8 34
8 27
8 13
8 7
8 49
8 9
8 11
8 47
8 1
8 6
8 41
8 19
8 12
8 37
8 29
8 4
8 10
8 3
21
9 39
9 41
9 1
9 35
9 15
9 0
9 25
9 24
9 44
9 45
9 32
9 21
9 14
9 36
9 23
9 17
9 27
9 10
9 48
9 33
9 4
16
10 5
10 44
10 21
10 23
10 22
10 18
10 0
10 16
10 3
10 31
10 28
10 14
10 27
10 1
10 2
10 37
23
11 36
11 34
11 26
11 24
11 17
11 23
11 27
11 21
11 38
11 35
11 9
11 42
11 7
11 33
11 31
11 28
11 22
11 20
11 4
11 10
11 1
11 37
11 13
24
12 39
12 9
12 27
12 3
12 19
12 34
12 17
12 13
12 38
12 37
12 16
12 2
12 24
12 35
12 32
12 31
12 10
12 45
12 18
12 47
12 21
12 23
12 22
12 46
14
13 6
13 27
13 45
13 4
13 17
13 41
13 37
13 10
13 14
13 16
13 35
13 24
13 39
13 49
17
14 41
14 25
14 34
14 3
14 7
14 31
14 5
14 42
14 11
14 38
14 49
14 8
14 26
14 35
14 46
14 0
14 40
17
15 1
15 4
15 13
15 38
15 23
15 17
15 34
15 21
15 36
15 49
15 8
15 39
15 43
15 40
15 14
15 22
15 3
22
16 39
16 22
16 4
16 40
16 31
16 19
16 0
16 1
16 38
16 33
16 11
16 26
16 47
16 42
16 2
16 21
16 41
16 29
16 49
16 9
16 46
16 32
14
17 10
17 49
17 4
17 8
17 24
17 20
17 35
17 38
17 0
17 45
17 40
17 19
17 7
17 41
26
18 13
18 17
18 32
18 45
18 34
18 11
18 6
18 27
18 9
18 42
18 19
18 1
18 33
18 8
18 25
18 16
18 3
18 46
18 26
18 44
18 5
18 14
18 21
18 29
18 20
18 39
21
19 39
19 48
19 11
19 10
19 0
19 49
19 36
19 15
19 37
19 41
19 34
19 3
19 42
19 21
19 9
19 13
19 45
19 40
19 29
19 24
19 25
25
20 29
20 9
20 0
20 15
20 25
20 2
20 40
20 30
20 19
20 10
20 44
20 47
20 12
20 8
20 16
20 5
20 36
20 23
20 4
20 49
20 27
20 6
20 22
20 42
20 14
14
21 33
21 8
21 7
21 23
21 46
21 0
21 27
21 39
21 20
21 13
21 37
21 34
21 1
21 14
19
22 33
22 46
22 37
22 45
22 26
22 44
22 24
22 38
22 39
22 36
22 23
22 18
22 0
22 34
22 7
22 42
22 21
22 14
22 19
15
23 16
23 45
23 29
23 35
23 8
23 17
23 41
23 31
23 18
23 27
23 2
23 26
23 38
23 37
23 6
18
24 48
24 45
24 43
24 33
24 16
24 6
24 4
24 25
24 23
24 0
24 15
24 10
24 41
24 18
24 39
24 40
24 29
24 31
20
25 45
25 11
25 17
25 35
25 33
25 48
25 36
25 7
25 12
25 4
25 8
25 32
25 43
25 37
25 44
25 42
25 21
25 6
25 23
25 15
18
26 17
26 44
26 20
26 37
26 13
26 34
26 24
26 27
26 39
26 15
26 5
26 12
26 38
26 8
26 10
26 33
26 48
26 30
21
27 25
27 32
27 47
27 36
27 17
27 5
27 43
27 15
27 42
27 14
27 22
27 28
27 48
27 24
27 30
27 33
27 44
27 35
27 19
27 7
27 4
23
28 23
28 35
28 8
28 6
28 41
28 39
28 33
28 16
28 19
28 5
28 1
28 17
28 15
28 24
28 36
28 13
28 34
28 26
28 31
28 25
28 20
28 21
28 9
23
29 14
29 33
29 36
29 41
29 6
29 0
29 47
29 35
29 25
29 40
29 31
29 44
29 37
29 10
29 17
29 4
29 9
29 28
29 39
29 22
29 48
29 21
29 34
18
30 8
30 37
30 9
30 19
30 25
30 13
30 45
30 3
30 39
30 23
30 1
30 43
30 24
30 0
30 41
30 48
30 17
30 21
18
31 9
31 21
31 22
31 42
31 15
31 26
31 46
31 18
31 20
31 34
31 30
31 49
31 19
31 44
31 3
31 7
31 8
31 33
25
32 8
32 45
32 33
32 29
32 31
32 7
32 19
32 30
32 23
32 44
32 47
32 49
32 24
32 46
32 28
32 14
32 34
32 36
32 35
32 10
32 1
32 5
32 48
32 4
32 21
20
33 42
33 19
33 45
33 0
33 10
33 35
33 17
33 3
33 49
33 13
33 30
33 8
33 39
33 46
33 38
33 23
33 12
33 37
33 15
33 34
16
34 44
34 47
34 42
34 16
34 45
34 10
34 9
34 46
34 23
34 38
34 13
34 4
34 27
34 30
34 49
34 25
17
35 20
35 47
35 7
35 45
35 30
35 8
35 43
35 39
35 41
35 24
35 1
35 37
35 26
35 4
35 22
35 10
35 34
18
36 8
36 40
36 4
36 38
36 16
36 48
36 41
36 39
36 13
36 47
36 33
36 12
36 45
36 2
36 6
36 49
36 23
36 44
18
37 20
37 48
37 6
37 40
37 1
37 17
37 34
37 32
37 15
37 31
37 38
37 36
37 28
37 18
37 9
37 46
37 41
37 16
20
38 29
38 40
38 3
38 4
38 13
38 27
38 28
38 8
38 43
38 35
38 1
38 20
38 42
38 32
38 25
38 18
38 19
38 31
38 9
38 41
18
39 37
39 3
39 10
39 1
39 8
39 40
39 34
39 20
39 23
39 14
39 45
39 25
39 11
39 4
39 31
39 17
39 47
39 27
21
40 34
40 47
40 4
40 35
40 31
40 25
40 45
40 6
40 5
40 13
40 23
40 21
40 3
40 30
40 10
40 8
40 43
40 32
40 28
40 26
40 18
20
41 31
41 20
41 44
41 3
41 25
41 11
41 42
41 7
41 39
41 49
41 21
41 10
41 12
41 34
41 4
41 40
41 6
41 33
41 26
41 27
14
42 46
42 10
42 23
42 9
42 15
42 26
42 12
42 45
42 1
42 28
42 29
42 37
42 13
42 35
26
43 31
43 29
43 39
43 49
43 19
43 2
43 12
43 37
43 0
43 28
43 34
43 32
43 11
43 23
43 22
43 26
43 42
43 13
43 36
43 44
43 16
43 33
43 9
43 4
43 8
43 10
26
44 42
44 49
44 37
44 1
44 2
44 11
44 0
44 17
44 6
44 47
44 33
44 40
44 46
44 14
44 15
44 28
44 21
44 7
44 24
44 23
44 3
44 13
44 19
44 38
44 16
44 35
13
45 47
45 11
45 6
45 21
45 43
45 5
45 15
45 27
45 0
45 29
45 41
45 44
45 16
21
46 2
46 25
46 5
46 19
46 11
46 27
46 8
46 23
46 9
46 15
46 36
46 39
46 40
46 3
46 10
46 6
46 1
46 48
46 26
46 24
46 49
20
47 25
47 10
47 19
47 28
47 17
47 0
47 26
47 41
47 6
47 5
47 18
47 33
47 46
47 9
47 13
47 21
47 22
47 37
47 14
47 31
27
48 33
48 42
48 3
48 10
48 13
48 35
48 18
48 20
48 45
48 8
48 16
48 17
48 1
48 23
48 12
48 43
48 39
48 38
48 6
48 40
48 14
48 2
48 41
48 47
48 31
48 15
48 34
18
49 40
49 11
49 37
49 12
49 22
49 38
49 39
49 30
49 1
49 47
49 27
49 45
49 35
49 25
49 9
49 48
49 18
49 21
