50
0 "A47"
1 "A14"
2 "A20"
3 "A6"
4 "A31"
5 "A7"
6 "A27"
7 "A43"
8 "A18"
9 "A39"
10 "A10"
11 "A33"
12 "A8"
13 "A44"
14 "A36"
15 "A21"
16 "A38"
17 "A29"
18 "A3"
19 "A13"
20 "A34"
21 "A19"
22 "A32"
23 "A1"
24 "A15"
25 "A49"
26 "A40"
27 "A35"
28 "A30"
29 "A11"
30 "A16"
31 "A4"
32 "A41"
33 "A24"
34 "A23"
35 "A9"
36 "A42"
37 "A2"
38 "A17"
39 "A28"
40 "A48"
41 "A25"
42 "A12"
43 "A22"
44 "A5"
45 "A46"
46 "A26"
47 "A45"
48 "A37"
49 "A0"
15
0 24
0 48
0 7
0 32
0 13
0 25
0 18
0 19
0 17
0 30
0 10
0 46
0 14
0 23
0 2
21
1 49
1 4
1 26
1 13
1 16
1 37
1 5
1 43
1 6
1 48
1 19
1 11
1 35
1 15
1 39
1 36
1 45
1 47
1 32
1 22
1 25
23
2 18
2 36
2 10
2 49
2 46
2 7
2 38
2 6
2 32
2 21
2 8
2 27
2 20
2 39
2 14
2 26
2 33
2 45
2 13
2 23
2 9
2 22
2 4
22
3 4
3 13
3 32
3 2
3 25
3 7
3 43
3 27
3 49
3 36
3 14
3 40
3 33
3 23
3 38
3 22
3 26
3 28
3 17
3 35
3 19
3 12
20
4 11
4 8
4 12
4 25
4 41
4 27
4 38
4 18
4 28
4 46
4 24
4 40
4 5
4 42
4 19
4 45
4 32
4 0
4 6
4 34
22
5 39
5 40
5 32
5 12
5 35
5 27
5 30
5 8
5 23
5 44
5 7
5 46
5 48
5 36
5 18
5 11
5 16
5 3
5 33
5 10
5 0
5 49
23
6 24
6 49
6 18
6 23
6 10
6 38
6 37
6 13
6 35
6 25
6 40
6 15
6 14
6 28
6 33
6 45
6 43
6 41
6 5
6 22
6 16
6 19
6 26
21
7 48
7 20
7 42
7 22
7 38
7 6
7 19
7 18
7 39
7 23
7 17
7 14
7 30
7 43
7 28
7 1
7 11
7 4
7 24
7 46
7 15
20
8 49
8 11
8 0
8 20
8 29
8 3
8 36
8 18
8 9
8 47
8 38
8 45
8 35
8 17
8 14
8 33
8 42
8 15
8 31
8 26
22
9 10
9 21
9 35
9 7
9 43
9 18
9 6
9 36
9 33
9 0
9 26
9 17
9 45
9 47
9 38
9 11
9 32
9 1
9 5
9 23
9 49
9 3
16
10 34
10 35
10 14
10 28
10 49
10 30
10 7
10 19
10 4
10 24
10 21
10 48
10 44
10 27
10 26
10 8
22
11 3
11 40
11 42
11 26
11 2
11 17
11 19
11 6
11 10
11 39
11 47
11 44
11 34
11 16
11 31
11 25
11 12
11 27
11 36
11 23
11 38
11 24
17
12 1
12 31
12 37
12 30
12 15
12 44
12 7
12 9
12 42
12 35
12 10
12 0
12 45
12 6
12 8
12 25
12 24
20
13 10
13 42
13 8
13 26
13 5
13 18
13 23
13 9
13 12
13 44
13 40
13 37
13 4
13 22
13 21
13 49
13 47
13 43
13 28
13 14
23
14 1
14 36
14 33
14 19
14 37
14 47
14 29
14 23
14 43
14 4
14 16
14 41
14 11
14 9
14 12
14 48
14 17
14 20
14 42
14 35
14 15
14 46
14 28
19
15 47
15 0
15 42
15 44
15 9
15 26
15 5
15 32
15 31
15 38
15 48
15 35
15 20
15 13
15 3
15 28
15 4
15 10
15 2
20
16 9
16 15
16 10
16 23
16 28
16 8
16 30
16 12
16 17
16 40
16 47
16 31
16 26
16 35
16 48
16 0
16 29
16 2
16 42
16 45
16
17 27
17 29
17 33
17 13
17 36
17 5
17 20
17 2
17 26
17 34
17 10
17 44
17 15
17 25
17 35
17 42
16
18 39
18 15
18 3
18 1
18 12
18 27
18 43
18 17
18 37
18 34
18 10
18 35
18 29
18 31
18 14
18 38
15
19 17
19 36
19 47
19 13
19 39
19 2
19 43
19 12
19 33
19 27
19 22
19 20
19 15
19 8
19 40
17
20 18
20 28
20 0
20 38
20 4
20 25
20 42
20 30
20 35
20 37
20 45
20 12
20 3
20 16
20 11
20 29
20 43
22
21 3
21 11
21 23
21 47
21 7
21 26
21 49
21 32
21 12
21 19
21 0
21 38
21 37
21 48
21 15
21 14
21 1
21 43
21 34
21 30
21 8
21 36
24
22 26
22 17
22 12
22 20
22 9
22 30
22 15
22 37
22 5
22 16
22 47
22 10
22 4
22 33
22 11
22 45
22 27
22 41
22 38
22 0
22 18
22 35
22 48
22 8
16
23 43
23 45
23 12
23 1
23 17
23 8
23 37
23 19
23 40
23 15
23 30
23 22
23 10
23 18
23 4
23 42
19
24 9
24 19
24 3
24 15
24 14
24 35
24 22
24 27
24 1
24 37
24 5
24 44
24 39
24 29
24 23
24 21
24 25
24 16
24 2
15
25 13
25 16
25 7
25 10
25 30
25 40
25 37
25 18
25 32
25 22
25 5
25 15
25 35
25 33
25 23
16
26 23
26 30
26 24
26 33
26 18
26 7
26 34
26 5
26 49
26 19
26 31
26 37
26 25
26 44
26 45
26 4
21
27 37
27 13
27 16
27 48
27 12
27 25
27 34
27 31
27 28
27 38
27 1
27 41
27 35
27 46
27 0
27 7
27 29
27 33
27 9
27 23
27 20
15
28 37
28 32
28 22
28 25
28 12
28 2
28 11
28 35
28 21
28 38
28 47
28 9
28 23
28 44
28 45
23
29 35
29 21
29 3
29 22
29 6
29 38
29 15
29 28
29 4
29 10
29 41
29 19
29 32
29 23
29 39
29 40
29 1
29 13
29 0
29 12
29 44
29 34
29 26
18
30 49
30 4
30 34
30 13
30 8
30 32
30 46
30 29
30 36
30 11
30 6
30 37
30 19
30 14
30 24
30 28
30 3
30 1
23
31 19
31 7
31 6
31 5
31 41
31 2
31 29
31 21
31 1
31 36
31 33
31 10
31 45
31 14
31 42
31 39
31 37
31 40
31 44
31 13
31 49
31 32
31 28
21
32 46
32 7
32 24
32 49
32 41
32 20
32 22
32 43
32 44
32 6
32 27
32 18
32 11
32 13
32 12
32 10
32 34
32 47
32 23
32 14
32 16
23
33 20
33 39
33 44
33 12
33 32
33 1
33 49
33 18
33 38
33 7
33 21
33 29
33 48
33 23
33 4
33 11
33 10
33 45
33 13
33 37
33 16
33 28
33 47
21
34 19
34 8
34 0
34 16
34 12
34 49
34 22
34 9
34 24
34 42
34 20
34 1
34 44
34 40
34 33
34 5
34 28
34 14
34 31
34 25
34 3
15
35 2
35 19
35 40
35 36
35 41
35 33
35 13
35 38
35 23
35 34
35 21
35 45
35 11
35 26
35 42
17
36 7
36 34
36 22
36 13
36 47
36 40
36 46
36 38
36 26
36 29
36 43
36 4
36 18
36 10
36 28
36 27
36 0
19
37 16
37 40
37 43
37 19
37 39
37 5
37 0
37 17
37 35
37 10
37 3
37 29
37 38
37 2
37 15
37 11
37 36
37 8
37 9
18
38 14
38 19
38 31
38 25
38 47
38 46
38 12
38 17
38 13
38 34
38 16
38 49
38 26
38 39
38 1
38 5
38 30
38 10
21
39 8
39 40
39 28
39 27
39 43
39 34
39 22
39 0
39 6
39 14
39 47
39 42
39 35
39 26
39 17
39 49
39 3
39 13
39 21
39 23
39 36
14
40 38
40 0
40 22
40 24
40 18
40 30
40 14
40 41
40 28
40 27
40 9
40 1
40 33
40 46
16
41 38
41 5
41 10
41 44
41 2
41 49
41 37
41 42
41 11
41 12
41 8
41 13
41 1
41 21
41 23
41 34
18
42 30
42 5
42 22
42 19
42 38
42 47
42 26
42 33
42 49
42 21
42 24
42 32
42 27
42 0
42 36
42 44
42 1
42 10
20
43 38
43 41
43 16
43 10
43 35
43 24
43 48
43 40
43 17
43 5
43 2
43 28
43 0
43 30
43 46
43 31
43 34
43 22
43 4
43 45
20
44 47
44 20
44 6
44 1
44 19
44 48
44 37
44 4
44 43
44 49
44 21
44 7
44 27
44 0
44 22
44 2
44 9
44 40
44 39
44 14
24
45 10
45 17
45 37
45 30
45 41
45 18
45 19
45 38
45 7
45 0
45 3
45 36
45 29
45 32
45 46
45 14
45 27
45 42
45 24
45 5
45 34
45 15
45 40
45 21
28
46 13
46 39
46 42
46 35
46 48
46 41
46 24
46 15
46 26
46 47
46 34
46 49
46 1
46 19
46 28
46 37
46 18
46 3
46 25
46 22
46 8
46 6
46 16
46 10
46 29
46 21
46 17
46 20
21
47 10
47 18
47 4
47 31
47 3
47 45
47 43
47 41
47 27
47 7
47 12
47 20
47 5
47 34
47 0
47 30
47 35
47 2
47 24
47 40
47 17
23
48 35
48 40
48 8
48 26
48 30
48 6
48 2
48 4
48 9
48 45
48 25
48 28
48 18
48 31
48 17
48 20
48 37
48 32
48 13
48 41
48 11
48 29
48 12
19
49 20
49 36
49 16
49 40
49 15
49 27
49 11
49 45
49 37
49 35
49 28
49 4
49 47
49 22
49 29
49 0
49 19
49 18
49 24
