50
0 "A47"
1 "A14"
2 "A20"
3 "A6"
4 "A31"
5 "A7"
6 "A27"
7 "A43"
8 "A18"
9 "A39"
10 "A10"
11 "A33"
12 "A8"
13 "A44"
14 "A36"
15 "A21"
16 "A38"
17 "A29"
18 "A3"
19 "A13"
20 "A34"
21 "A19"
22 "A32"
23 "A1"
24 "A15"
25 "A49"
26 "A40"
27 "A35"
28 "A30"
29 "A11"
30 "A16"
31 "A4"
32 "A41"
33 "A24"
34 "A23"
35 "A9"
36 "A42"
37 "A2"
38 "A17"
39 "A28"
40 "A48"
41 "A25"
42 "A12"
43 "A22"
44 "A5"
45 "A46"
46 "A26"
47 "A45"
48 "A37"
49 "A0"
24
0 26
0 1
0 46
0 41
0 25
0 19
0 33
0 13
0 36
0 11
0 3
0 16
0 44
0 47
0 12
0 43
0 6
0 48
0 17
0 28
0 39
0 45
0 18
0 27
20
1 43
1 28
1 6
1 7
1 31
1 48
1 46
1 23
1 8
1 19
1 3
1 25
1 11
1 38
1 49
1 9
1 21
1 12
1 13
1 4
19
2 12
2 10
2 32
2 16
2 46
2 3
2 15
2 28
2 7
2 44
2 25
2 24
2 1
2 41
2 34
2 33
2 42
2 0
2 30
25
3 37
3 31
3 10
3 21
3 17
3 4
3 16
3 26
3 44
3 46
3 13
3 25
3 24
3 7
3 20
3 15
3 6
3 12
3 34
3 14
3 49
3 18
3 32
3 28
3 38
17
4 13
4 15
4 19
4 49
4 7
4 18
4 40
4 0
4 30
4 37
4 14
4 26
4 6
4 36
4 17
4 45
4 25
16
5 17
5 2
5 29
5 19
5 15
5 9
5 20
5 40
5 12
5 39
5 38
5 4
5 16
5 0
5 27
5 13
19
6 26
6 42
6 15
6 30
6 23
6 7
6 27
6 8
6 33
6 16
6 22
6 17
6 41
6 9
6 2
6 44
6 24
6 38
6 49
16
7 45
7 0
7 43
7 32
7 41
7 12
7 48
7 49
7 9
7 36
7 15
7 16
7 8
7 5
7 21
7 28
21
8 28
8 46
8 47
8 9
8 14
8 0
8 4
8 45
8 17
8 26
8 3
8 11
8 2
8 19
8 5
8 31
8 10
8 40
8 35
8 41
8 24
19
9 2
9 31
9 0
9 49
9 15
9 48
9 34
9 18
9 24
9 13
9 11
9 46
9 4
9 43
9 26
9 27
9 12
9 17
9 40
18
10 18
10 7
10 24
10 44
10 6
10 9
10 4
10 20
10 33
10 5
10 11
10 34
10 1
10 31
10 0
10 49
10 32
10 29
22
11 39
11 35
11 36
11 15
11 47
11 25
11 3
11 4
11 30
11 7
11 28
11 20
11 19
11 42
11 18
11 23
11 34
11 31
11 44
11 2
11 13
11 37
18
12 45
12 28
12 34
12 36
12 17
12 33
12 22
12 10
12 39
12 31
12 46
12 11
12 23
12 40
12 19
12 14
12 47
12 32
15
13 38
13 16
13 48
13 41
13 2
13 20
13 36
13 17
13 45
13 42
13 26
13 14
13 32
13 44
13 46
29
14 31
14 44
14 1
14 35
14 41
14 17
14 16
14 5
14 9
14 22
14 43
14 10
14 21
14 0
14 2
14 30
14 15
14 32
14 6
14 11
14 26
14 40
14 45
14 7
14 42
14 39
14 25
14 37
14 23
13
15 34
15 10
15 41
15 22
15 21
15 19
15 23
15 42
15 46
15 12
15 40
15 30
15 35
20
16 20
16 10
16 1
16 27
16 9
16 21
16 33
16 15
16 42
16 12
16 48
16 30
16 34
16 18
16 47
16 22
16 11
16 46
16 28
16 8
19
17 41
17 10
17 48
17 11
17 21
17 18
17 47
17 1
17 33
17 15
17 46
17 26
17 35
17 16
17 37
17 43
17 36
17 7
17 19
21
18 48
18 22
18 38
18 28
18 34
18 19
18 21
18 14
18 32
18 35
18 24
18 43
18 49
18 27
18 26
18 33
18 41
18 12
18 37
18 8
18 45
16
19 16
19 30
19 6
19 22
19 24
19 43
19 37
19 3
19 20
19 47
19 48
19 7
19 13
19 2
19 32
19 9
19
20 42
20 7
20 48
20 17
20 6
20 46
20 49
20 0
20 14
20 31
20 2
20 1
20 40
20 22
20 8
20 25
20 41
20 44
20 4
27
21 24
21 46
21 28
21 20
21 11
21 36
21 25
21 40
21 41
21 43
21 27
21 38
21 2
21 37
21 47
21 45
21 32
21 34
21 33
21 19
21 5
21 48
21 6
21 39
21 22
21 26
21 10
21
22 40
22 43
22 46
22 1
22 10
22 5
22 49
22 8
22 37
22 11
22 41
22 9
22 23
22 28
22 47
22 35
22 4
22 44
22 45
22 27
22 39
18
23 10
23 30
23 33
23 19
23 44
23 7
23 3
23 34
23 5
23 8
23 48
23 9
23 4
23 29
23 13
23 47
23 31
23 45
21
24 16
24 28
24 44
24 26
24 20
24 49
24 22
24 11
24 0
24 12
24 7
24 48
24 39
24 25
24 17
24 36
24 1
24 23
24 45
24 46
24 14
25
25 5
25 45
25 7
25 36
25 23
25 15
25 32
25 38
25 18
25 46
25 10
25 19
25 8
25 16
25 26
25 31
25 42
25 29
25 13
25 28
25 17
25 22
25 47
25 37
25 48
16
26 20
26 12
26 43
26 37
26 16
26 1
26 2
26 5
26 34
26 28
26 36
26 15
26 23
26 45
26 7
26 31
20
27 24
27 48
27 17
27 3
27 11
27 34
27 1
27 47
27 8
27 14
27 26
27 49
27 7
27 19
27 25
27 31
27 36
27 30
27 4
27 45
14
28 13
28 48
28 32
28 19
28 40
28 46
28 47
28 29
28 35
28 15
28 34
28 41
28 6
28 10
20
29 40
29 8
29 1
29 34
29 11
29 3
29 7
29 46
29 18
29 19
29 9
29 2
29 0
29 21
29 16
29 17
29 24
29 27
29 31
29 4
21
30 7
30 22
30 10
30 12
30 37
30 5
30 41
30 1
30 17
30 9
30 44
30 47
30 13
30 18
30 20
30 28
30 21
30 40
30 24
30 3
30 39
19
31 34
31 21
31 2
31 32
31 18
31 43
31 17
31 46
31 49
31 13
31 28
31 19
31 41
31 40
31 7
31 5
31 15
31 16
31 48
18
32 29
32 11
32 35
32 37
32 1
32 30
32 41
32 38
32 22
32 24
32 36
32 5
32 15
32 39
32 23
32 27
32 49
32 6
22
33 39
33 42
33 30
33 25
33 29
33 34
33 9
33 1
33 13
33 5
33 40
33 22
33 28
33 26
33 27
33 7
33 11
33 19
33 32
33 36
33 38
33 31
19
34 19
34 7
34 14
34 32
34 36
34 22
34 5
34 0
34 8
34 30
34 44
34 6
34 13
34 42
34 4
34 47
34 25
34 37
34 17
18
35 3
35 40
35 23
35 0
35 7
35 1
35 31
35 44
35 26
35 10
35 6
35 27
35 29
35 4
35 34
35 9
35 24
35 47
20
36 30
36 35
36 10
36 14
36 15
36 42
36 3
36 16
36 18
36 6
36 8
36 20
36 2
36 28
36 31
36 45
36 29
36 23
36 22
36 5
18
37 12
37 40
37 20
37 33
37 6
37 1
37 10
37 16
37 36
37 27
37 15
37 9
37 43
37 39
37 7
37 46
37 0
37 31
30
38 10
38 30
38 9
38 42
38 11
38 43
38 4
38 0
38 37
38 46
38 36
38 19
38 44
38 7
38 22
38 14
38 26
38 8
38 40
38 23
38 2
38 24
38 20
38 34
38 39
38 17
38 28
38 48
38 16
38 35
18
39 16
39 19
39 26
39 3
39 41
39 18
39 29
39 8
39 7
39 2
39 43
39 17
39 23
39 6
39 4
39 25
39 10
39 27
17
40 10
40 24
40 13
40 19
40 17
40 42
40 47
40 41
40 25
40 3
40 27
40 46
40 39
40 44
40 34
40 36
40 48
22
41 29
41 23
41 26
41 3
41 4
41 25
41 9
41 42
41 24
41 37
41 12
41 5
41 34
41 16
41 43
41 10
41 35
41 11
41 33
41 45
41 19
41 1
20
42 1
42 49
42 30
42 22
42 10
42 26
42 4
42 47
42 44
42 17
42 5
42 32
42 31
42 39
42 28
42 37
42 12
42 35
42 43
42 21
16
43 24
43 13
43 20
43 8
43 34
43 3
43 4
43 25
43 16
43 11
43 45
43 23
43 35
43 36
43 27
43 10
13
44 1
44 12
44 8
44 21
44 28
44 5
44 31
44 41
44 7
44 36
44 26
44 19
44 17
23
45 34
45 2
45 3
45 17
45 33
45 28
45 1
45 20
45 39
45 42
45 15
45 9
45 47
45 38
45 11
45 40
45 44
45 6
45 48
45 19
45 16
45 37
45 35
14
46 35
46 5
46 10
46 36
46 44
46 27
46 19
46 42
46 41
46 30
46 26
46 33
46 39
46 11
21
47 37
47 14
47 24
47 4
47 41
47 46
47 18
47 44
47 32
47 29
47 13
47 2
47 7
47 43
47 49
47 3
47 20
47 26
47 1
47 36
47 39
22
48 47
48 46
48 12
48 44
48 43
48 22
48 11
48 33
48 4
48 32
48 29
48 10
48 41
48 15
48 42
48 39
48 36
48 5
48 6
48 35
48 8
48 26
21
49 26
49 41
49 28
49 16
49 37
49 34
49 39
49 8
49 40
49 15
49 23
49 25
49 5
49 0
49 30
49 36
49 13
49 19
49 12
49 45
49 11
