50
0 "A47"
1 "A14"
2 "A20"
3 "A6"
4 "A31"
5 "A7"
6 "A27"
7 "A43"
8 "A18"
9 "A39"
10 "A10"
11 "A33"
12 "A8"
13 "A44"
14 "A36"
15 "A21"
16 "A38"
17 "A29"
18 "A3"
19 "A13"
20 "A34"
21 "A19"
22 "A32"
23 "A1"
24 "A15"
25 "A49"
26 "A40"
27 "A35"
28 "A30"
29 "A11"
30 "A16"
31 "A4"
32 "A41"
33 "A24"
34 "A23"
35 "A9"
36 "A42"
37 "A2"
38 "A17"
39 "A28"
40 "A48"
41 "A25"
42 "A12"
43 "A22"
44 "A5"
45 "A46"
46 "A26"
47 "A45"
48 "A37"
49 "A0"
15
0 3
0 11
0 49
0 24
0 20
0 45
0 27
0 35
0 32
0 29
0 1
0 41
0 26
0 39
0 4
18
1 37
1 3
1 16
1 5
1 4
1 44
1 18
1 21
1 25
1 47
1 31
1 7
1 45
1 27
1 15
1 11
1 28
1 2
21
2 46
2 24
2 13
2 28
2 21
2 20
2 11
2 30
2 12
2 34
2 7
2 41
2 4
2 31
2 47
2 6
2 44
2 39
2 8
2 48
2 14
18
3 49
3 13
3 9
3 30
3 25
3 7
3 12
3 26
3 21
3 24
3 44
3 6
3 48
3 39
3 29
3 2
3 27
3 28
20
4 44
4 16
4 3
4 10
4 43
4 7
4 17
4 22
4 34
4 24
4 6
4 38
4 19
4 23
4 37
4 31
4 42
4 13
4 41
4 12
21
5 14
5 44
5 10
5 4
5 31
5 45
5 28
5 8
5 37
5 24
5 6
5 27
5 9
5 20
5 21
5 32
5 40
5 30
5 12
5 36
5 0
13
6 16
6 35
6 23
6 29
6 25
6 31
6 15
6 21
6 28
6 11
6 32
6 37
6 19
23
7 31
7 22
7 10
7 24
7 40
7 42
7 19
7 28
7 49
7 33
7 15
7 14
7 41
7 0
7 17
7 45
7 38
7 8
7 13
7 29
7 48
7 30
7 6
22
8 0
8 4
8 33
8 48
8 9
8 3
8 13
8 47
8 40
8 41
8 36
8 21
8 44
8 6
8 23
8 14
8 43
8 17
8 22
8 49
8 18
8 39
23
9 35
9 37
9 41
9 18
9 4
9 0
9 28
9 26
9 14
9 39
9 49
9 44
9 13
9 6
9 36
9 20
9 1
9 24
9 15
9 38
9 23
9 34
9 31
13
10 36
10 6
10 37
10 38
10 40
10 3
10 34
10 17
10 1
10 28
10 39
10 23
10 8
20
11 36
11 23
11 42
11 8
11 4
11 32
11 26
11 16
11 19
11 34
11 43
11 24
11 49
11 12
11 15
11 37
11 29
11 25
11 10
11 21
17
12 8
12 27
12 38
12 14
12 37
12 22
12 49
12 1
12 6
12 39
12 48
12 9
12 7
12 24
12 45
12 40
12 10
17
13 21
13 38
13 14
13 18
13 33
13 1
13 0
13 43
13 49
13 48
13 42
13 27
13 45
13 29
13 5
13 44
13 11
19
14 1
14 43
14 27
14 6
14 3
14 10
14 21
14 20
14 39
14 4
14 31
14 32
14 15
14 18
14 19
14 25
14 30
14 0
14 34
20
15 46
15 5
15 17
15 20
15 0
15 43
15 35
15 40
15 13
15 12
15 25
15 49
15 3
15 19
15 10
15 23
15 18
15 41
15 8
15 4
22
16 26
16 44
16 2
16 5
16 14
16 12
16 30
16 9
16 32
16 24
16 21
16 23
16 28
16 15
16 46
16 36
16 27
16 18
16 20
16 29
16 37
16 17
22
17 5
17 37
17 6
17 9
17 13
17 35
17 22
17 29
17 20
17 39
17 2
17 1
17 28
17 12
17 48
17 44
17 11
17 3
17 31
17 18
17 26
17 27
17
18 19
18 37
18 10
18 36
18 20
18 32
18 47
18 3
18 44
18 21
18 2
18 46
18 5
18 4
18 40
18 28
18 6
24
19 30
19 1
19 48
19 33
19 23
19 39
19 2
19 37
19 10
19 9
19 12
19 47
19 27
19 40
19 35
19 43
19 44
19 16
19 34
19 13
19 5
19 8
19 0
19 28
22
20 8
20 4
20 13
20 40
20 42
20 26
20 3
20 35
20 33
20 11
20 12
20 41
20 28
20 34
20 36
20 24
20 37
20 39
20 32
20 47
20 38
20 19
21
21 34
21 20
21 29
21 28
21 7
21 40
21 30
21 44
21 38
21 37
21 47
21 43
21 24
21 15
21 31
21 41
21 12
21 0
21 26
21 4
21 49
23
22 49
22 13
22 5
22 33
22 45
22 14
22 40
22 28
22 16
22 18
22 32
22 23
22 10
22 20
22 46
22 27
22 3
22 29
22 11
22 30
22 41
22 24
22 0
19
23 2
23 30
23 35
23 49
23 17
23 31
23 12
23 21
23 43
23 5
23 25
23 42
23 7
23 0
23 48
23 18
23 36
23 37
23 14
14
24 49
24 34
24 30
24 18
24 6
24 48
24 23
24 33
24 15
24 45
24 13
24 19
24 10
24 17
19
25 19
25 7
25 39
25 9
25 36
25 24
25 45
25 41
25 18
25 16
25 8
25 0
25 4
25 34
25 43
25 12
25 10
25 32
25 2
21
26 13
26 6
26 5
26 33
26 8
26 49
26 28
26 12
26 7
26 22
26 37
26 23
26 15
26 19
26 1
26 14
26 10
26 46
26 35
26 25
26 48
16
27 9
27 35
27 41
27 4
27 11
27 43
27 2
27 34
27 29
27 21
27 40
27 26
27 7
27 18
27 25
27 48
17
28 48
28 11
28 0
28 38
28 46
28 29
28 30
28 45
28 33
28 15
28 12
28 36
28 14
28 8
28 23
28 47
28 4
18
29 19
29 4
29 45
29 2
29 5
29 20
29 26
29 35
29 40
29 8
29 1
29 47
29 23
29 39
29 31
29 24
29 18
29 37
21
30 48
30 13
30 4
30 20
30 27
30 46
30 1
30 25
30 41
30 39
30 47
30 18
30 8
30 11
30 42
30 0
30 17
30 32
30 35
30 15
30 6
22
31 22
31 13
31 20
31 34
31 18
31 0
31 38
31 47
31 33
31 8
31 15
31 16
31 39
31 27
31 28
31 26
31 24
31 3
31 40
31 10
31 11
31 12
21
32 31
32 33
32 4
32 43
32 39
32 27
32 2
32 40
32 7
32 19
32 48
32 29
32 8
32 12
32 21
32 49
32 17
32 10
32 28
32 1
32 24
21
33 23
33 39
33 49
33 1
33 11
33 12
33 0
33 17
33 9
33 25
33 21
33 30
33 42
33 48
33 18
33 46
33 6
33 2
33 5
33 3
33 16
22
34 1
34 0
34 13
34 30
34 29
34 32
34 35
34 22
34 16
34 48
34 8
34 44
34 37
34 26
34 28
34 12
34 40
34 38
34 15
34 3
34 43
34 18
20
35 13
35 14
35 47
35 31
35 24
35 22
35 28
35 2
35 40
35 21
35 48
35 3
35 10
35 12
35 36
35 25
35 11
35 49
35 5
35 8
19
36 32
36 29
36 13
36 34
36 14
36 2
36 44
36 49
36 3
36 43
36 7
36 1
36 12
36 42
36 24
36 0
36 17
36 39
36 31
15
37 27
37 0
37 8
37 2
37 15
37 35
37 31
37 24
37 25
37 13
37 40
37 43
37 36
37 33
37 48
25
38 5
38 11
38 32
38 8
38 24
38 39
38 45
38 23
38 37
38 2
38 17
38 16
38 30
38 15
38 6
38 49
38 36
38 3
38 26
38 35
38 19
38 46
38 44
38 1
38 25
25
39 40
39 41
39 5
39 47
39 35
39 13
39 27
39 4
39 18
39 21
39 1
39 15
39 11
39 24
39 22
39 49
39 16
39 28
39 7
39 45
39 46
39 23
39 37
39 42
39 6
17
40 41
40 9
40 13
40 36
40 30
40 47
40 6
40 26
40 44
40 2
40 45
40 42
40 43
40 16
40 24
40 49
40 0
18
41 23
41 24
41 14
41 42
41 3
41 19
41 13
41 47
41 35
41 17
41 5
41 16
41 34
41 29
41 18
41 38
41 31
41 45
23
42 45
42 12
42 34
42 32
42 14
42 21
42 38
42 27
42 24
42 29
42 10
42 8
42 19
42 17
42 2
42 37
42 35
42 44
42 25
42 46
42 31
42 18
42 22
19
43 9
43 33
43 10
43 1
43 47
43 3
43 0
43 22
43 41
43 31
43 5
43 18
43 30
43 24
43 6
43 20
43 29
43 42
43 12
17
44 48
44 12
44 27
44 11
44 47
44 22
44 41
44 28
44 35
44 39
44 32
44 31
44 7
44 26
44 29
44 43
44 37
24
45 49
45 44
45 2
45 46
45 43
45 9
45 35
45 17
45 31
45 14
45 10
45 21
45 19
45 16
45 26
45 11
45 34
45 15
45 8
45 36
45 37
45 4
45 32
45 20
18
46 13
46 36
46 3
46 19
46 7
46 8
46 6
46 10
46 44
46 11
46 1
46 29
46 9
46 27
46 37
46 40
46 4
46 35
18
47 7
47 11
47 37
47 34
47 26
47 25
47 10
47 17
47 3
47 32
47 15
47 14
47 9
47 6
47 24
47 42
47 22
47 5
21
48 39
48 10
48 0
48 47
48 11
48 40
48 41
48 21
48 6
48 15
48 31
48 36
48 5
48 42
48 45
48 4
48 20
48 16
48 43
48 18
48 38
19
49 27
49 14
49 43
49 28
49 6
49 19
49 37
49 47
49 16
49 1
49 48
49 46
49 44
49 18
49 10
49 42
49 31
49 25
49 2
