50
0 "A47"
1 "A14"
2 "A20"
3 "A6"
4 "A31"
5 "A7"
6 "A27"
7 "A43"
8 "A18"
9 "A39"
10 "A10"
11 "A33"
12 "A8"
13 "A44"
14 "A36"
15 "A21"
16 "A38"
17 "A29"
18 "A3"
19 "A13"
20 "A34"
21 "A19"
22 "A32"
23 "A1"
24 "A15"
25 "A49"
26 "A40"
27 "A35"
28 "A30"
29 "A11"
30 "A16"
31 "A4"
32 "A41"
33 "A24"
34 "A23"
35 "A9"
36 "A42"
37 "A2"
38 "A17"
39 "A28"
40 "A48"
41 "A25"
42 "A12"
43 "A22"
44 "A5"
45 "A46"
46 "A26"
47 "A45"
48 "A37"
49 "A0"
20
0 30
0 4
0 20
0 8
0 39
0 9
0 27
0 33
0 38
0 6
0 1
0 19
0 36
0 15
0 10
0 45
0 14
0 47
0 13
0 23
18
1 35
1 29
1 25
1 21
1 40
1 41
1 9
1 12
1 47
1 44
1 39
1 49
1 46
1 42
1 7
1 2
1 33
1 43
17
2 25
2 19
2 48
2 23
2 14
2 28
2 24
2 21
2 41
2 18
2 45
2 30
2 6
2 10
2 33
2 20
2 36
16
3 41
3 44
3 23
3 34
3 25
3 5
3 29
3 38
3 0
3 8
3 15
3 1
3 36
3 26
3 2
3 16
17
4 25
4 18
4 1
4 48
4 33
4 29
4 39
4 23
4 17
4 2
4 45
4 8
4 9
4 10
4 40
4 15
4 3
17
5 44
5 32
5 2
5 25
5 45
5 12
5 43
5 10
5 1
5 24
5 27
5 30
5 17
5 34
5 42
5 33
5 39
21
6 18
6 15
6 36
6 39
6 31
6 3
6 38
6 4
6 1
6 13
6 16
6 30
6 27
6 8
6 49
6 47
6 34
6 10
6 23
6 5
6 21
20
7 22
7 36
7 45
7 25
7 41
7 18
7 24
7 27
7 3
7 26
7 0
7 40
7 6
7 20
7 2
7 11
7 15
7 30
7 19
7 12
22
8 37
8 17
8 1
8 42
8 22
8 47
8 32
8 23
8 33
8 35
8 36
8 12
8 2
8 27
8 48
8 7
8 26
8 9
8 29
8 44
8 30
8 15
20
9 16
9 2
9 40
9 44
9 26
9 43
9 48
9 5
9 17
9 36
9 33
9 42
9 12
9 27
9 46
9 49
9 31
9 22
9 34
9 32
15
10 31
10 24
10 27
10 8
10 28
10 13
10 9
10 25
10 45
10 14
10 20
10 21
10 11
10 7
10 36
23
11 3
11 9
11 28
11 14
11 18
11 47
11 1
11 15
11 12
11 2
11 48
11 6
11 42
11 33
11 39
11 27
11 44
11 5
11 19
11 38
11 13
11 4
11 17
14
12 44
12 15
12 27
12 41
12 6
12 35
12 36
12 49
12 23
12 48
12 31
12 26
12 16
12 37
19
13 18
13 5
13 47
13 12
13 9
13 36
13 29
13 25
13 33
13 39
13 3
13 20
13 37
13 2
13 42
13 34
13 16
13 15
13 24
26
14 44
14 35
14 48
14 36
14 6
14 27
14 37
14 8
14 21
14 22
14 25
14 16
14 24
14 12
14 42
14 15
14 49
14 3
14 13
14 9
14 7
14 23
14 19
14 45
14 29
14 39
18
15 5
15 10
15 30
15 24
15 1
15 27
15 16
15 44
15 21
15 36
15 23
15 38
15 48
15 46
15 41
15 28
15 2
15 43
20
16 17
16 4
16 23
16 1
16 32
16 18
16 10
16 11
16 39
16 28
16 33
16 46
16 26
16 48
16 22
16 25
16 36
16 21
16 43
16 7
18
17 27
17 28
17 44
17 43
17 39
17 2
17 3
17 38
17 30
17 23
17 12
17 13
17 14
17 6
17 10
17 26
17 34
17 15
18
18 9
18 19
18 33
18 14
18 15
18 32
18 3
18 39
18 21
18 49
18 36
18 17
18 10
18 24
18 0
18 20
18 5
18 28
17
19 33
19 9
19 47
19 39
19 8
19 28
19 3
19 35
19 10
19 15
19 5
19 24
19 12
19 13
19 16
19 46
19 1
20
20 48
20 14
20 35
20 40
20 9
20 23
20 42
20 27
20 12
20 33
20 6
20 21
20 11
20 8
20 29
20 31
20 17
20 22
20 16
20 32
18
21 39
21 46
21 0
21 40
21 37
21 8
21 7
21 4
21 33
21 13
21 42
21 28
21 36
21 3
21 19
21 11
21 5
21 17
20
22 45
22 21
22 36
22 4
22 15
22 11
22 12
22 42
22 13
22 2
22 6
22 17
22 49
22 3
22 19
22 44
22 5
22 38
22 41
22 25
21
23 10
23 19
23 43
23 40
23 37
23 22
23 26
23 27
23 5
23 44
23 48
23 18
23 9
23 36
23 49
23 41
23 21
23 25
23 30
23 38
23 33
20
24 42
24 45
24 29
24 35
24 0
24 25
24 11
24 9
24 43
24 1
24 8
24 4
24 37
24 16
24 17
24 22
24 21
24 12
24 6
24 31
19
25 39
25 47
25 15
25 11
25 6
25 49
25 31
25 45
25 38
25 21
25 0
25 32
25 26
25 12
25 37
25 19
25 9
25 18
25 20
14
26 40
26 38
26 0
26 4
26 5
26 47
26 14
26 46
26 24
26 37
26 1
26 19
26 2
26 21
12
27 44
27 18
27 32
27 34
27 4
27 28
27 16
27 41
27 36
27 25
27 47
27 19
24
28 4
28 38
28 33
28 48
28 32
28 8
28 25
28 45
28 5
28 0
28 12
28 3
28 34
28 9
28 20
28 43
28 6
28 26
28 24
28 14
28 47
28 39
28 1
28 22
21
29 22
29 7
29 44
29 33
29 21
29 5
29 18
29 34
29 23
29 27
29 10
29 6
29 19
29 26
29 48
29 38
29 9
29 15
29 17
29 28
29 41
28
30 9
30 32
30 41
30 43
30 25
30 11
30 28
30 19
30 13
30 1
30 12
30 33
30 37
30 3
30 46
30 26
30 4
30 48
30 14
30 21
30 29
30 22
30 24
30 10
30 16
30 20
30 47
30 40
28
31 23
31 19
31 18
31 38
31 17
31 13
31 16
31 30
31 39
31 34
31 45
31 8
31 0
31 5
31 26
31 47
31 3
31 14
31 28
31 41
31 21
31 22
31 1
31 29
31 48
31 27
31 15
31 40
19
32 26
32 1
32 17
32 29
32 11
32 7
32 48
32 38
32 3
32 13
32 46
32 40
32 2
32 14
32 4
32 12
32 24
32 21
32 47
20
33 46
33 39
33 41
33 24
33 14
33 44
33 48
33 40
33 26
33 7
33 25
33 12
33 37
33 49
33 10
33 45
33 31
33 32
33 35
33 22
17
34 8
34 39
34 2
34 18
34 37
34 25
34 36
34 7
34 32
34 15
34 35
34 12
34 26
34 1
34 4
34 23
34 48
20
35 4
35 16
35 22
35 18
35 11
35 2
35 15
35 36
35 32
35 37
35 9
35 23
35 21
35 17
35 3
35 10
35 45
35 27
35 30
35 47
21
36 24
36 29
36 41
36 4
36 48
36 28
36 25
36 1
36 26
36 17
36 49
36 11
36 30
36 32
36 37
36 33
36 31
36 40
36 39
36 46
36 45
15
37 17
37 2
37 42
37 43
37 45
37 29
37 9
37 5
37 16
37 1
37 40
37 6
37 32
37 7
37 39
22
38 44
38 9
38 24
38 5
38 21
38 12
38 7
38 19
38 1
38 27
38 34
38 20
38 43
38 18
38 10
38 42
38 30
38 37
38 39
38 16
38 36
38 4
20
39 48
39 23
39 30
39 29
39 9
39 8
39 45
39 26
39 10
39 12
39 24
39 3
39 20
39 49
39 35
39 2
39 32
39 41
39 15
39 27
23
40 47
40 18
40 43
40 2
40 16
40 39
40 48
40 3
40 25
40 49
40 38
40 15
40 12
40 34
40 8
40 28
40 27
40 19
40 0
40 46
40 35
40 24
40 17
16
41 34
41 13
41 8
41 11
41 6
41 16
41 4
41 0
41 19
41 26
41 28
41 10
41 9
41 24
41 5
41 32
22
42 0
42 3
42 17
42 48
42 7
42 32
42 6
42 40
42 19
42 2
42 15
42 36
42 46
42 4
42 10
42 34
42 43
42 26
42 16
42 18
42 25
42 31
23
43 45
43 48
43 18
43 27
43 49
43 11
43 12
43 3
43 4
43 8
43 32
43 13
43 19
43 14
43 7
43 10
43 31
43 26
43 0
43 35
43 22
43 29
43 33
19
44 18
44 42
44 37
44 2
44 46
44 32
44 36
44 20
44 25
44 34
44 47
44 40
44 24
44 21
44 30
44 45
44 39
44 26
44 7
19
45 15
45 19
45 6
45 1
45 26
45 23
45 27
45 46
45 40
45 34
45 38
45 42
45 16
45 18
45 29
45 32
45 9
45 30
45 48
22
46 22
46 2
46 27
46 34
46 28
46 31
46 41
46 8
46 23
46 43
46 29
46 24
46 6
46 20
46 13
46 7
46 0
46 38
46 14
46 10
46 35
46 3
22
47 12
47 5
47 41
47 36
47 34
47 20
47 7
47 29
47 21
47 17
47 16
47 48
47 18
47 45
47 23
47 22
47 24
47 10
47 46
47 4
47 37
47 42
19
48 6
48 24
48 7
48 13
48 21
48 37
48 22
48 3
48 5
48 17
48 0
48 18
48 49
48 10
48 27
48 44
48 35
48 25
48 1
20
49 10
49 38
49 2
49 37
49 35
49 13
49 41
49 44
49 17
49 8
49 34
49 7
49 42
49 21
49 46
49 47
49 24
49 27
49 19
49 26
