50
0 "A47"
1 "A14"
2 "A20"
3 "A6"
4 "A31"
5 "A7"
6 "A27"
7 "A43"
8 "A18"
9 "A39"
10 "A10"
11 "A33"
12 "A8"
13 "A44"
14 "A36"
15 "A21"
16 "A38"
17 "A29"
18 "A3"
19 "A13"
20 "A34"
21 "A19"
22 "A32"
23 "A1"
24 "A15"
25 "A49"
26 "A40"
27 "A35"
28 "A30"
29 "A11"
30 "A16"
31 "A4"
32 "A41"
33 "A24"
34 "A23"
35 "A9"
36 "A42"
37 "A2"
38 "A17"
39 "A28"
40 "A48"
41 "A25"
42 "A12"
43 "A22"
44 "A5"
45 "A46"
46 "A26"
47 "A45"
48 "A37"
49 "A0"
18
0 39
0 23
0 2
0 8
0 45
0 3
0 35
0 17
0 20
0 37
0 47
0 16
0 49
0 34
0 4
0 7
0 33
0 13
25
1 16
1 36
1 7
1 4
1 42
1 18
1 47
1 27
1 33
1 38
1 44
1 6
1 17
1 9
1 12
1 30
1 39
1 40
1 23
1 0
1 43
1 15
1 41
1 49
1 14
15
2 28
2 5
2 33
2 8
2 48
2 30
2 44
2 10
2 7
2 41
2 27
2 42
2 12
2 17
2 29
16
3 27
3 19
3 2
3 12
3 44
3 30
3 20
3 1
3 10
3 16
3 8
3 21
3 23
3 39
3 18
3 38
20
4 5
4 16
4 15
4 39
4 6
4 10
4 3
4 8
4 41
4 48
4 19
4 2
4 9
4 42
4 47
4 37
4 24
4 12
4 44
4 45
22
5 46
5 34
5 20
5 1
5 33
5 24
5 12
5 45
5 21
5 32
5 47
5 6
5 11
5 17
5 36
5 38
5 26
5 9
5 31
5 0
5 8
5 10
25
6 39
6 33
6 47
6 49
6 19
6 10
6 46
6 31
6 15
6 21
6 36
6 26
6 18
6 37
6 43
6 23
6 38
6 24
6 34
6 0
6 3
6 8
6 2
6 14
6 9
18
7 28
7 12
7 4
7 45
7 15
7 31
7 41
7 46
7 21
7 30
7 27
7 6
7 36
7 24
7 47
7 18
7 25
7 13
15
8 7
8 31
8 45
8 37
8 16
8 25
8 26
8 9
8 32
8 40
8 24
8 1
8 44
8 15
8 20
23
9 17
9 24
9 48
9 7
9 38
9 3
9 28
9 42
9 45
9 32
9 16
9 33
9 41
9 0
9 12
9 44
9 26
9 21
9 29
9 46
9 43
9 11
9 49
18
10 13
10 40
10 27
10 45
10 24
10 28
10 23
10 19
10 7
10 26
10 48
10 33
10 29
10 36
10 8
10 25
10 21
10 44
21
11 2
11 14
11 44
11 27
11 17
11 1
11 8
11 30
11 16
11 4
11 7
11 35
11 34
11 20
11 45
11 47
11 26
11 3
11 19
11 12
11 10
22
12 42
12 31
12 27
12 41
12 44
12 26
12 6
12 38
12 43
12 49
12 0
12 10
12 18
12 8
12 48
12 25
12 34
12 22
12 47
12 14
12 36
12 16
29
13 48
13 4
13 2
13 39
13 23
13 24
13 20
13 1
13 12
13 3
13 45
13 37
13 19
13 34
13 6
13 40
13 26
13 18
13 41
13 25
13 43
13 15
13 9
13 35
13 11
13 28
13 47
13 29
13 27
22
14 27
14 19
14 48
14 49
14 41
14 3
14 45
14 10
14 25
14 0
14 7
14 44
14 9
14 18
14 2
14 38
14 28
14 37
14 8
14 21
14 24
14 17
17
15 49
15 11
15 35
15 3
15 5
15 30
15 10
15 9
15 41
15 22
15 0
15 38
15 28
15 24
15 36
15 2
15 40
15
16 14
16 23
16 15
16 17
16 6
16 33
16 5
16 36
16 13
16 20
16 42
16 7
16 10
16 45
16 18
23
17 6
17 33
17 24
17 45
17 19
17 38
17 35
17 7
17 29
17 30
17 12
17 15
17 41
17 13
17 46
17 34
17 10
17 32
17 21
17 18
17 3
17 43
17 8
21
18 46
18 9
18 0
18 31
18 19
18 15
18 2
18 39
18 24
18 38
18 5
18 33
18 36
18 10
18 28
18 47
18 29
18 22
18 49
18 11
18 21
16
19 5
19 9
19 1
19 31
19 42
19 12
19 2
19 0
19 44
19 15
19 16
19 24
19 27
19 8
19 46
19 29
19
20 41
20 7
20 31
20 6
20 21
20 29
20 19
20 9
20 1
20 22
20 33
20 2
20 17
20 14
20 27
20 49
20 4
20 26
20 23
16
21 26
21 22
21 38
21 1
21 36
21 2
21 8
21 13
21 46
21 45
21 48
21 39
21 12
21 15
21 0
21 16
26
22 41
22 8
22 31
22 19
22 39
22 5
22 7
22 49
22 6
22 40
22 4
22 43
22 38
22 36
22 16
22 25
22 11
22 14
22 26
22 0
22 13
22 17
22 10
22 35
22 9
22 1
23
23 43
23 35
23 26
23 34
23 36
23 19
23 38
23 33
23 8
23 18
23 31
23 44
23 17
23 49
23 4
23 27
23 32
23 12
23 15
23 5
23 48
23 21
23 22
18
24 21
24 31
24 0
24 46
24 11
24 1
24 37
24 42
24 23
24 45
24 44
24 16
24 47
24 29
24 35
24 3
24 34
24 25
19
25 30
25 6
25 27
25 0
25 4
25 38
25 26
25 20
25 18
25 49
25 11
25 29
25 33
25 21
25 40
25 44
25 19
25 16
25 15
14
26 44
26 2
26 7
26 40
26 37
26 14
26 1
26 38
26 47
26 48
26 17
26 0
26 3
26 30
10
27 6
27 8
27 42
27 18
27 28
27 47
27 32
27 21
27 4
27 9
21
28 12
28 41
28 44
28 32
28 8
28 24
28 17
28 47
28 25
28 0
28 5
28 43
28 40
28 38
28 34
28 6
28 39
28 21
28 45
28 22
28 23
22
29 21
29 23
29 41
29 12
29 44
29 15
29 11
29 26
29 8
29 38
29 42
29 40
29 22
29 7
29 27
29 48
29 16
29 5
29 31
29 0
29 30
29 6
19
30 21
30 5
30 28
30 0
30 24
30 9
30 46
30 34
30 10
30 33
30 14
30 47
30 40
30 6
30 4
30 22
30 20
30 43
30 18
23
31 14
31 25
31 13
31 15
31 4
31 0
31 9
31 37
31 21
31 1
31 35
31 41
31 17
31 11
31 44
31 3
31 49
31 27
31 28
31 26
31 33
31 48
31 2
20
32 10
32 13
32 44
32 12
32 3
32 18
32 37
32 26
32 48
32 0
32 7
32 11
32 14
32 15
32 19
32 16
32 46
32 1
32 21
32 29
17
33 46
33 12
33 15
33 27
33 42
33 26
33 37
33 22
33 29
33 7
33 32
33 45
33 48
33 35
33 8
33 28
33 44
21
34 4
34 18
34 48
34 20
34 36
34 7
34 16
34 33
34 32
34 40
34 31
34 25
34 15
34 9
34 35
34 1
34 26
34 21
34 14
34 8
34 2
18
35 38
35 30
35 7
35 48
35 40
35 36
35 27
35 26
35 4
35 14
35 41
35 8
35 32
35 3
35 28
35 2
35 47
35 10
17
36 14
36 37
36 27
36 31
36 30
36 3
36 44
36 26
36 45
36 2
36 41
36 24
36 19
36 0
36 11
36 17
36 32
22
37 19
37 21
37 2
37 43
37 20
37 12
37 1
37 45
37 7
37 17
37 16
37 39
37 29
37 47
37 3
37 11
37 9
37 30
37 38
37 42
37 49
37 28
19
38 19
38 8
38 44
38 33
38 0
38 16
38 31
38 24
38 20
38 49
38 27
38 32
38 10
38 11
38 47
38 48
38 4
38 42
38 30
15
39 2
39 29
39 32
39 10
39 30
39 8
39 44
39 9
39 36
39 43
39 45
39 34
39 23
39 27
39 41
20
40 4
40 16
40 0
40 48
40 47
40 12
40 41
40 17
40 2
40 3
40 33
40 14
40 39
40 18
40 43
40 21
40 31
40 49
40 32
40 5
19
41 10
41 33
41 30
41 19
41 11
41 46
41 0
41 3
41 6
41 23
41 34
41 25
41 47
41 26
41 21
41 18
41 38
41 5
41 16
21
42 13
42 17
42 0
42 14
42 35
42 18
42 7
42 44
42 41
42 6
42 36
42 43
42 15
42 32
42 26
42 25
42 40
42 20
42 22
42 5
42 47
24
43 47
43 45
43 34
43 3
43 44
43 29
43 5
43 24
43 2
43 11
43 36
43 4
43 20
43 18
43 7
43 26
43 35
43 25
43 49
43 8
43 31
43 41
43 48
43 14
14
44 16
44 27
44 13
44 7
44 17
44 45
44 21
44 34
44 0
44 20
44 22
44 47
44 48
44 18
17
45 48
45 6
45 26
45 18
45 25
45 15
45 32
45 2
45 38
45 29
45 42
45 1
45 30
45 41
45 19
45 49
45 34
27
46 0
46 36
46 14
46 42
46 20
46 12
46 26
46 2
46 27
46 10
46 34
46 15
46 8
46 16
46 47
46 23
46 3
46 44
46 11
46 49
46 43
46 31
46 38
46 35
46 40
46 39
46 28
18
47 10
47 16
47 25
47 20
47 32
47 15
47 31
47 39
47 17
47 9
47 29
47 2
47 22
47 21
47 48
47 33
47 36
47 34
20
48 42
48 7
48 18
48 19
48 25
48 37
48 22
48 6
48 3
48 24
48 49
48 11
48 0
48 1
48 5
48 30
48 36
48 8
48 39
48 46
20
49 44
49 34
49 4
49 39
49 47
49 16
49 28
49 41
49 33
49 17
49 10
49 35
49 5
49 8
49 2
49 29
49 11
49 32
49 42
49 13
