50
0 "A47"
1 "A14"
2 "A20"
3 "A6"
4 "A31"
5 "A7"
6 "A27"
7 "A43"
8 "A18"
9 "A39"
10 "A10"
11 "A33"
12 "A8"
13 "A44"
14 "A36"
15 "A21"
16 "A38"
17 "A29"
18 "A3"
19 "A13"
20 "A34"
21 "A19"
22 "A32"
23 "A1"
24 "A15"
25 "A49"
26 "A40"
27 "A35"
28 "A30"
29 "A11"
30 "A16"
31 "A4"
32 "A41"
33 "A24"
34 "A23"
35 "A9"
36 "A42"
37 "A2"
38 "A17"
39 "A28"
40 "A48"
41 "A25"
42 "A12"
43 "A22"
44 "A5"
45 "A46"
46 "A26"
47 "A45"
48 "A37"
49 "A0"
14
0 13
0 28
0 44
0 22
0 32
0 15
0 30
0 38
0 11
0 42
0 27
0 12
0 37
0 40
23
1 28
1 15
1 7
1 0
1 13
1 46
1 18
1 35
1 33
1 4
1 39
1 40
1 36
1 3
1 26
1 42
1 22
1 2
1 9
1 25
1 21
1 17
1 44
18
2 42
2 15
2 21
2 35
2 22
2 17
2 47
2 19
2 13
2 32
2 33
2 48
2 3
2 31
2 7
2 29
2 25
2 43
21
3 9
3 12
3 29
3 16
3 34
3 11
3 41
3 24
3 42
3 23
3 39
3 28
3 47
3 21
3 18
3 48
3 25
3 20
3 10
3 49
3 0
22
4 39
4 41
4 30
4 12
4 22
4 0
4 47
4 15
4 26
4 18
4 35
4 34
4 33
4 8
4 6
4 16
4 38
4 40
4 32
4 21
4 2
4 45
26
5 44
5 42
5 30
5 17
5 16
5 32
5 8
5 4
5 45
5 21
5 48
5 25
5 9
5 0
5 49
5 15
5 31
5 41
5 35
5 2
5 19
5 46
5 34
5 6
5 29
5 3
17
6 22
6 8
6 1
6 9
6 13
6 24
6 40
6 3
6 19
6 29
6 15
6 45
6 44
6 2
6 39
6 20
6 17
18
7 26
7 21
7 0
7 36
7 6
7 16
7 14
7 47
7 23
7 32
7 5
7 3
7 25
7 35
7 43
7 20
7 9
7 48
16
8 47
8 13
8 15
8 48
8 44
8 20
8 7
8 14
8 31
8 29
8 24
8 21
8 39
8 2
8 11
8 42
15
9 29
9 36
9 17
9 15
9 13
9 37
9 20
9 46
9 8
9 4
9 40
9 12
9 44
9 0
9 14
20
10 16
10 30
10 9
10 17
10 23
10 7
10 43
10 44
10 8
10 0
10 46
10 27
10 39
10 20
10 35
10 26
10 24
10 29
10 48
10 28
22
11 5
11 14
11 39
11 35
11 46
11 1
11 25
11 9
11 32
11 7
11 45
11 20
11 26
11 6
11 13
11 44
11 48
11 36
11 40
11 4
11 42
11 18
22
12 14
12 1
12 25
12 13
12 7
12 33
12 48
12 10
12 40
12 2
12 24
12 43
12 19
12 18
12 30
12 49
12 39
12 42
12 35
12 26
12 6
12 22
19
13 49
13 31
13 39
13 28
13 3
13 32
13 33
13 14
13 41
13 38
13 5
13 30
13 19
13 43
13 21
13 10
13 4
13 7
13 37
15
14 21
14 10
14 40
14 5
14 4
14 35
14 49
14 6
14 18
14 25
14 3
14 43
14 1
14 47
14 44
17
15 27
15 49
15 28
15 16
15 17
15 14
15 24
15 47
15 11
15 33
15 30
15 45
15 48
15 32
15 3
15 42
15 7
16
16 27
16 18
16 47
16 11
16 21
16 22
16 8
16 9
16 48
16 36
16 1
16 45
16 13
16 12
16 41
16 35
19
17 4
17 11
17 7
17 27
17 16
17 20
17 14
17 48
17 31
17 49
17 13
17 40
17 8
17 39
17 19
17 32
17 3
17 34
17 46
16
18 47
18 7
18 20
18 6
18 42
18 30
18 15
18 0
18 2
18 27
18 17
18 5
18 9
18 10
18 41
18 25
19
19 49
19 18
19 24
19 3
19 4
19 36
19 11
19 39
19 16
19 33
19 22
19 14
19 41
19 42
19 9
19 32
19 48
19 10
19 15
24
20 14
20 43
20 16
20 36
20 33
20 4
20 40
20 21
20 24
20 31
20 1
20 28
20 26
20 25
20 39
20 49
20 2
20 48
20 42
20 0
20 29
20 46
20 37
20 19
15
21 6
21 35
21 17
21 43
21 0
21 18
21 42
21 11
21 31
21 10
21 37
21 25
21 28
21 15
21 40
24
22 27
22 8
22 38
22 15
22 32
22 21
22 9
22 13
22 45
22 35
22 44
22 7
22 31
22 20
22 36
22 33
22 3
22 5
22 39
22 10
22 34
22 24
22 48
22 18
25
23 38
23 43
23 28
23 2
23 21
23 15
23 8
23 48
23 30
23 18
23 0
23 14
23 47
23 36
23 44
23 33
23 34
23 19
23 1
23 20
23 16
23 6
23 9
23 5
23 49
20
24 0
24 36
24 18
24 38
24 23
24 17
24 44
24 2
24 11
24 7
24 46
24 9
24 13
24 16
24 26
24 29
24 42
24 4
24 5
24 1
16
25 10
25 13
25 22
25 0
25 6
25 31
25 23
25 32
25 15
25 34
25 29
25 37
25 16
25 40
25 19
25 36
20
26 36
26 34
26 17
26 0
26 15
26 19
26 8
26 23
26 28
26 33
26 2
26 47
26 18
26 44
26 30
26 9
26 14
26 5
26 25
26 16
22
27 38
27 47
27 1
27 3
27 26
27 19
27 35
27 14
27 24
27 25
27 2
27 36
27 49
27 5
27 21
27 29
27 8
27 4
27 13
27 12
27 34
27 11
21
28 36
28 12
28 46
28 2
28 18
28 48
28 16
28 40
28 11
28 29
28 8
28 14
28 24
28 37
28 17
28 22
28 27
28 49
28 45
28 7
28 4
22
29 19
29 40
29 1
29 48
29 46
29 4
29 32
29 26
29 49
29 0
29 36
29 41
29 23
29 7
29 22
29 45
29 35
29 15
29 13
29 11
29 44
29 18
18
30 21
30 3
30 29
30 2
30 11
30 19
30 25
30 14
30 33
30 31
30 35
30 22
30 32
30 46
30 24
30 27
30 7
30 28
21
31 29
31 0
31 16
31 11
31 19
31 12
31 7
31 33
31 1
31 27
31 9
31 23
31 4
31 18
31 24
31 15
31 10
31 3
31 14
31 28
31 6
24
32 21
32 36
32 43
32 27
32 46
32 42
32 37
32 1
32 28
32 39
32 6
32 34
32 18
32 38
32 24
32 10
32 9
32 33
32 47
32 20
32 26
32 12
32 45
32 40
16
33 27
33 9
33 41
33 8
33 7
33 16
33 29
33 28
33 39
33 5
33 11
33 10
33 6
33 21
33 45
33 18
22
34 20
34 41
34 49
34 12
34 8
34 13
34 11
34 33
34 15
34 31
34 19
34 14
34 28
34 46
34 0
34 45
34 21
34 10
34 44
34 16
34 24
34 6
20
35 34
35 19
35 25
35 18
35 15
35 3
35 28
35 41
35 33
35 24
35 45
35 26
35 8
35 0
35 39
35 43
35 13
35 38
35 17
35 9
21
36 46
36 10
36 45
36 33
36 3
36 13
36 38
36 37
36 15
36 2
36 21
36 6
36 31
36 34
36 43
36 35
36 41
36 0
36 14
36 30
36 49
24
37 29
37 34
37 30
37 3
37 19
37 22
37 42
37 5
37 1
37 14
37 31
37 12
37 11
37 47
37 7
37 6
37 40
37 17
37 10
37 26
37 4
37 16
37 24
37 2
20
38 5
38 33
38 21
38 9
38 30
38 6
38 48
38 14
38 15
38 11
38 3
38 31
38 28
38 19
38 42
38 18
38 17
38 7
38 26
38 37
17
39 0
39 15
39 38
39 18
39 27
39 21
39 7
39 23
39 25
39 42
39 29
39 24
39 28
39 49
39 16
39 37
39 9
20
40 49
40 7
40 5
40 2
40 3
40 44
40 13
40 33
40 18
40 34
40 16
40 46
40 45
40 23
40 35
40 39
40 26
40 41
40 38
40 27
15
41 31
41 30
41 22
41 38
41 27
41 9
41 17
41 32
41 15
41 6
41 44
41 21
41 14
41 42
41 20
24
42 22
42 17
42 23
42 26
42 47
42 30
42 48
42 4
42 14
42 27
42 46
42 7
42 29
42 45
42 9
42 33
42 40
42 35
42 28
42 44
42 6
42 10
42 36
42 34
17
43 25
43 11
43 17
43 0
43 34
43 15
43 33
43 8
43 27
43 29
43 45
43 16
43 28
43 37
43 5
43 9
43 39
20
44 13
44 7
44 12
44 18
44 4
44 27
44 47
44 16
44 49
44 35
44 43
44 3
44 31
44 21
44 17
44 15
44 48
44 20
44 37
44 38
21
45 9
45 1
45 24
45 8
45 10
45 48
45 37
45 31
45 19
45 44
45 25
45 27
45 17
45 20
45 14
45 2
45 0
45 21
45 18
45 38
45 3
24
46 13
46 14
46 4
46 25
46 44
46 21
46 45
46 0
46 27
46 47
46 16
46 15
46 12
46 6
46 2
46 37
46 41
46 49
46 35
46 8
46 3
46 7
46 43
46 31
19
47 40
47 11
47 19
47 33
47 30
47 41
47 29
47 36
47 45
47 25
47 43
47 21
47 12
47 5
47 9
47 1
47 20
47 0
47 34
16
48 14
48 37
48 4
48 35
48 18
48 24
48 31
48 30
48 27
48 36
48 47
48 33
48 49
48 6
48 0
48 46
17
49 10
49 21
49 47
49 6
49 24
49 45
49 30
49 26
49 11
49 32
49 37
49 0
49 43
49 33
49 38
49 7
49 22
