50
0 "A36"
1 "A35"
2 "A33"
3 "A19"
4 "A20"
5 "A28"
6 "A29"
7 "A8"
8 "A31"
9 "A38"
10 "A43"
11 "A42"
12 "A17"
13 "A15"
14 "A39"
15 "A48"
16 "A34"
17 "A30"
18 "A44"
19 "A9"
20 "A27"
21 "A40"
22 "A5"
23 "A16"
24 "A18"
25 "A23"
26 "A2"
27 "A26"
28 "A37"
29 "A4"
30 "A10"
31 "A13"
32 "A45"
33 "A49"
34 "A22"
35 "A25"
36 "A3"
37 "A7"
38 "A47"
39 "A0"
40 "A1"
41 "A21"
42 "A32"
43 "A41"
44 "A12"
45 "A14"
46 "A46"
47 "A24"
48 "A11"
49 "A6"
17
0 29
0 43
0 42
0 21
0 22
0 16
0 19
0 20
0 11
0 28
0 2
0 36
0 44
0 38
0 40
0 26
0 6
15
1 46
1 13
1 45
1 3
1 30
1 31
1 43
1 22
1 9
1 17
1 26
1 44
1 12
1 48
1 5
22
2 23
2 24
2 8
2 17
2 35
2 48
2 49
2 40
2 15
2 13
2 46
2 41
2 43
2 25
2 30
2 6
2 20
2 1
2 47
2 27
2 11
2 44
21
3 24
3 14
3 6
3 8
3 20
3 7
3 11
3 0
3 15
3 42
3 18
3 35
3 26
3 38
3 49
3 32
3 19
3 48
3 31
3 39
3 34
23
4 42
4 27
4 20
4 0
4 1
4 7
4 18
4 3
4 25
4 34
4 10
4 44
4 15
4 24
4 31
4 17
4 2
4 9
4 41
4 14
4 22
4 30
4 19
22
5 48
5 7
5 25
5 38
5 35
5 9
5 2
5 22
5 46
5 31
5 45
5 33
5 41
5 19
5 20
5 43
5 44
5 0
5 24
5 23
5 36
5 37
24
6 19
6 35
6 18
6 17
6 28
6 23
6 8
6 39
6 5
6 37
6 9
6 27
6 32
6 45
6 20
6 7
6 33
6 44
6 14
6 26
6 25
6 46
6 1
6 34
28
7 40
7 0
7 21
7 27
7 25
7 17
7 22
7 28
7 24
7 34
7 30
7 43
7 1
7 36
7 41
7 45
7 20
7 2
7 39
7 49
7 35
7 23
7 46
7 8
7 38
7 33
7 37
7 18
22
8 26
8 12
8 28
8 4
8 19
8 17
8 20
8 0
8 37
8 43
8 25
8 5
8 33
8 40
8 27
8 34
8 22
8 45
8 49
8 48
8 42
8 1
13
9 44
9 3
9 2
9 19
9 49
9 0
9 15
9 46
9 39
9 24
9 32
9 12
9 38
23
10 19
10 12
10 5
10 42
10 47
10 18
10 29
10 38
10 46
10 24
10 3
10 25
10 45
10 23
10 9
10 22
10 7
10 35
10 43
10 49
10 13
10 16
10 27
18
11 25
11 5
11 23
11 17
11 18
11 4
11 44
11 28
11 41
11 29
11 34
11 35
11 26
11 40
11 27
11 22
11 47
11 12
20
12 43
12 45
12 42
12 16
12 29
12 21
12 4
12 36
12 0
12 25
12 47
12 6
12 22
12 44
12 20
12 7
12 41
12 2
12 28
12 15
26
13 39
13 14
13 25
13 28
13 9
13 43
13 41
13 5
13 3
13 8
13 4
13 21
13 30
13 11
13 33
13 34
13 24
13 7
13 42
13 32
13 17
13 0
13 20
13 45
13 47
13 46
17
14 26
14 44
14 15
14 0
14 34
14 47
14 36
14 29
14 22
14 28
14 9
14 12
14 16
14 27
14 39
14 42
14 8
20
15 10
15 33
15 1
15 25
15 23
15 17
15 30
15 7
15 42
15 18
15 20
15 0
15 35
15 13
15 24
15 43
15 6
15 36
15 46
15 31
21
16 1
16 44
16 15
16 42
16 5
16 4
16 3
16 21
16 27
16 23
16 17
16 49
16 2
16 34
16 11
16 8
16 9
16 6
16 48
16 37
16 47
18
17 45
17 32
17 47
17 28
17 18
17 43
17 23
17 39
17 37
17 14
17 34
17 35
17 9
17 22
17 38
17 21
17 12
17 25
13
18 5
18 43
18 28
18 8
18 19
18 0
18 2
18 45
18 14
18 1
18 38
18 48
18 49
15
19 27
19 34
19 16
19 2
19 29
19 48
19 32
19 7
19 23
19 26
19 31
19 13
19 14
19 1
19 11
19
20 32
20 44
20 17
20 46
20 9
20 43
20 16
20 25
20 42
20 48
20 11
20 18
20 36
20 1
20 23
20 19
20 31
20 37
20 14
24
21 14
21 27
21 36
21 1
21 41
21 5
21 23
21 18
21 33
21 4
21 10
21 8
21 30
21 37
21 44
21 19
21 42
21 6
21 3
21 38
21 24
21 32
21 39
21 46
18
22 32
22 3
22 38
22 9
22 21
22 2
22 18
22 42
22 40
22 41
22 43
22 47
22 15
22 20
22 49
22 39
22 26
22 24
15
23 46
23 31
23 25
23 28
23 9
23 49
23 40
23 0
23 37
23 44
23 13
23 34
23 8
23 18
23 27
14
24 11
24 44
24 41
24 27
24 39
24 48
24 38
24 47
24 43
24 23
24 8
24 36
24 0
24 46
17
25 35
25 3
25 33
25 18
25 28
25 0
25 36
25 14
25 26
25 32
25 19
25 24
25 9
25 21
25 30
25 43
25 49
20
26 44
26 13
26 16
26 18
26 42
26 24
26 20
26 10
26 38
26 9
26 37
26 17
26 23
26 28
26 21
26 31
26 29
26 30
26 27
26 2
18
27 47
27 32
27 29
27 15
27 36
27 17
27 12
27 25
27 28
27 42
27 48
27 22
27 18
27 20
27 37
27 34
27 30
27 35
26
28 29
28 1
28 21
28 20
28 45
28 4
28 41
28 34
28 10
28 49
28 33
28 5
28 22
28 42
28 19
28 40
28 46
28 39
28 47
28 15
28 9
28 16
28 43
28 31
28 38
28 3
22
29 17
29 13
29 36
29 9
29 6
29 39
29 22
29 4
29 18
29 40
29 30
29 46
29 43
29 35
29 5
29 37
29 20
29 34
29 15
29 3
29 23
29 24
23
30 43
30 16
30 19
30 6
30 14
30 3
30 9
30 45
30 38
30 31
30 20
30 23
30 48
30 12
30 11
30 35
30 49
30 44
30 28
30 39
30 17
30 8
30 24
16
31 49
31 24
31 45
31 17
31 11
31 47
31 38
31 35
31 9
31 13
31 46
31 32
31 22
31 0
31 27
31 6
21
32 48
32 0
32 28
32 37
32 43
32 49
32 35
32 8
32 47
32 18
32 33
32 2
32 14
32 34
32 4
32 15
32 29
32 30
32 1
32 38
32 23
26
33 27
33 47
33 44
33 45
33 39
33 37
33 23
33 31
33 4
33 22
33 14
33 1
33 20
33 12
33 19
33 38
33 48
33 0
33 10
33 3
33 17
33 26
33 16
33 11
33 41
33 34
20
34 0
34 2
34 40
34 41
34 43
34 10
34 26
34 39
34 47
34 12
34 9
34 22
34 5
34 18
34 24
34 20
34 31
34 49
34 46
34 15
18
35 45
35 24
35 1
35 21
35 34
35 14
35 22
35 9
35 23
35 49
35 28
35 26
35 33
35 38
35 47
35 42
35 20
35 0
19
36 34
36 35
36 45
36 19
36 2
36 32
36 9
36 11
36 30
36 28
36 40
36 41
36 23
36 13
36 31
36 8
36 17
36 22
36 1
19
37 2
37 25
37 38
37 9
37 30
37 11
37 14
37 40
37 39
37 48
37 31
37 19
37 28
37 35
37 34
37 13
37 1
37 44
37 18
13
38 2
38 25
38 6
38 16
38 12
38 47
38 19
38 23
38 11
38 8
38 49
38 20
38 1
21
39 31
39 18
39 0
39 8
39 23
39 16
39 5
39 38
39 19
39 27
39 36
39 10
39 1
39 44
39 20
39 45
39 15
39 12
39 46
39 43
39 4
23
40 18
40 14
40 21
40 46
40 38
40 3
40 30
40 1
40 5
40 31
40 39
40 33
40 26
40 20
40 32
40 43
40 16
40 12
40 9
40 6
40 13
40 35
40 10
17
41 20
41 8
41 40
41 16
41 32
41 27
41 18
41 15
41 29
41 25
41 14
41 35
41 10
41 19
41 1
41 48
41 37
20
42 5
42 49
42 39
42 33
42 7
42 38
42 36
42 25
42 46
42 30
42 17
42 9
42 34
42 23
42 29
42 18
42 31
42 19
42 6
42 11
17
43 9
43 36
43 27
43 37
43 21
43 14
43 16
43 41
43 26
43 3
43 35
43 48
43 44
43 33
43 23
43 19
43 31
16
44 49
44 3
44 17
44 46
44 29
44 25
44 31
44 18
44 42
44 32
44 34
44 38
44 15
44 27
44 40
44 47
17
45 49
45 32
45 3
45 43
45 25
45 34
45 27
45 46
45 47
45 20
45 14
45 4
45 37
45 38
45 44
45 0
45 15
21
46 16
46 19
46 38
46 3
46 36
46 22
46 37
46 27
46 30
46 48
46 14
46 26
46 17
46 0
46 41
46 25
46 43
46 8
46 4
46 18
46 35
20
47 15
47 8
47 48
47 6
47 23
47 43
47 1
47 37
47 5
47 0
47 21
47 25
47 36
47 30
47 26
47 20
47 9
47 19
47 41
47 46
22
48 35
48 45
48 40
48 0
48 28
48 22
48 6
48 29
48 21
48 10
48 36
48 31
48 15
48 25
48 11
48 13
48 42
48 17
48 34
48 44
48 26
48 38
20
49 1
49 6
49 40
49 5
49 29
49 36
49 47
49 26
49 46
49 48
49 33
49 12
49 37
49 13
49 4
49 24
49 14
49 19
49 21
49 41
