50
0 "A36"
1 "A35"
2 "A33"
3 "A19"
4 "A20"
5 "A28"
6 "A29"
7 "A8"
8 "A31"
9 "A38"
10 "A43"
11 "A42"
12 "A17"
13 "A15"
14 "A39"
15 "A48"
16 "A34"
17 "A30"
18 "A44"
19 "A9"
20 "A27"
21 "A40"
22 "A5"
23 "A16"
24 "A18"
25 "A23"
26 "A2"
27 "A26"
28 "A37"
29 "A4"
30 "A10"
31 "A13"
32 "A45"
33 "A49"
34 "A22"
35 "A25"
36 "A3"
37 "A7"
38 "A47"
39 "A0"
40 "A1"
41 "A21"
42 "A32"
43 "A41"
44 "A12"
45 "A14"
46 "A46"
47 "A24"
48 "A11"
49 "A6"
26
0 7
0 14
0 12
0 16
0 33
0 4
0 3
0 41
0 22
0 13
0 48
0 20
0 36
0 17
0 27
0 9
0 44
0 6
0 11
0 18
0 32
0 34
0 42
0 25
0 21
0 19
20
1 43
1 5
1 44
1 21
1 36
1 15
1 37
1 49
1 19
1 6
1 47
1 0
1 20
1 13
1 24
1 28
1 29
1 8
1 25
1 39
21
2 19
2 10
2 0
2 3
2 16
2 12
2 25
2 34
2 21
2 49
2 32
2 18
2 33
2 31
2 26
2 36
2 27
2 11
2 35
2 48
2 6
17
3 16
3 32
3 38
3 28
3 11
3 36
3 29
3 22
3 37
3 33
3 24
3 45
3 49
3 9
3 5
3 18
3 40
14
4 44
4 45
4 17
4 34
4 20
4 24
4 10
4 2
4 7
4 5
4 29
4 1
4 26
4 47
22
5 39
5 45
5 15
5 12
5 26
5 17
5 47
5 27
5 18
5 2
5 40
5 11
5 33
5 42
5 8
5 48
5 31
5 19
5 36
5 0
5 41
5 34
23
6 7
6 15
6 8
6 47
6 3
6 26
6 32
6 44
6 10
6 18
6 37
6 23
6 36
6 4
6 38
6 31
6 5
6 41
6 27
6 22
6 29
6 9
6 35
21
7 1
7 46
7 32
7 11
7 20
7 16
7 25
7 21
7 29
7 3
7 24
7 18
7 39
7 44
7 22
7 31
7 5
7 35
7 8
7 47
7 49
15
8 44
8 20
8 4
8 12
8 45
8 2
8 26
8 21
8 46
8 27
8 36
8 37
8 0
8 35
8 25
23
9 38
9 37
9 29
9 48
9 22
9 12
9 24
9 31
9 34
9 25
9 19
9 8
9 1
9 46
9 14
9 4
9 28
9 47
9 5
9 42
9 2
9 15
9 21
21
10 46
10 15
10 43
10 34
10 48
10 13
10 14
10 19
10 3
10 8
10 42
10 39
10 49
10 24
10 0
10 28
10 22
10 23
10 9
10 45
10 11
17
11 16
11 26
11 17
11 46
11 20
11 19
11 33
11 6
11 22
11 1
11 45
11 4
11 18
11 48
11 8
11 32
11 34
15
12 14
12 38
12 25
12 24
12 7
12 48
12 40
12 18
12 42
12 46
12 23
12 31
12 27
12 10
12 26
23
13 19
13 48
13 4
13 6
13 2
13 3
13 34
13 8
13 38
13 47
13 41
13 32
13 31
13 5
13 14
13 44
13 17
13 12
13 29
13 9
13 11
13 15
13 7
19
14 44
14 8
14 45
14 32
14 4
14 26
14 5
14 6
14 41
14 37
14 20
14 25
14 29
14 2
14 7
14 1
14 11
14 34
14 21
21
15 34
15 39
15 19
15 7
15 26
15 43
15 37
15 21
15 24
15 12
15 38
15 18
15 33
15 22
15 32
15 14
15 0
15 8
15 17
15 29
15 3
23
16 12
16 13
16 37
16 25
16 15
16 19
16 41
16 43
16 14
16 48
16 10
16 8
16 30
16 20
16 23
16 4
16 21
16 5
16 27
16 35
16 9
16 6
16 28
20
17 10
17 2
17 39
17 16
17 41
17 8
17 35
17 31
17 19
17 32
17 3
17 14
17 27
17 1
17 23
17 24
17 42
17 49
17 45
17 20
15
18 45
18 31
18 48
18 25
18 22
18 20
18 4
18 47
18 33
18 13
18 26
18 41
18 36
18 16
18 32
19
19 33
19 18
19 34
19 21
19 27
19 26
19 44
19 32
19 24
19 48
19 37
19 30
19 4
19 28
19 38
19 43
19 45
19 6
19 29
14
20 48
20 31
20 40
20 2
20 30
20 3
20 19
20 32
20 15
20 29
20 42
20 45
20 47
20 6
21
21 3
21 4
21 25
21 48
21 47
21 18
21 29
21 49
21 26
21 36
21 6
21 33
21 46
21 11
21 5
21 17
21 20
21 12
21 45
21 31
21 38
19
22 21
22 17
22 46
22 12
22 16
22 13
22 41
22 40
22 34
22 33
22 44
22 25
22 31
22 8
22 27
22 28
22 2
22 5
22 32
23
23 38
23 7
23 42
23 8
23 5
23 33
23 14
23 43
23 4
23 0
23 44
23 3
23 18
23 21
23 28
23 49
23 20
23 25
23 36
23 22
23 39
23 45
23 31
20
24 23
24 27
24 46
24 44
24 18
24 41
24 48
24 6
24 0
24 28
24 11
24 21
24 45
24 22
24 30
24 39
24 20
24 25
24 34
24 43
12
25 3
25 47
25 49
25 20
25 46
25 41
25 28
25 10
25 15
25 37
25 19
25 43
17
26 10
26 23
26 0
26 42
26 32
26 46
26 13
26 16
26 44
26 40
26 47
26 1
26 20
26 31
26 37
26 24
26 25
19
27 49
27 29
27 35
27 26
27 37
27 3
27 18
27 33
27 20
27 21
27 7
27 31
27 13
27 1
27 11
27 9
27 25
27 15
27 14
20
28 39
28 34
28 40
28 21
28 11
28 8
28 6
28 27
28 15
28 0
28 14
28 12
28 41
28 18
28 30
28 4
28 46
28 13
28 5
28 42
19
29 26
29 47
29 12
29 46
29 0
29 8
29 10
29 43
29 31
29 16
29 23
29 33
29 41
29 37
29 22
29 18
29 44
29 11
29 28
23
30 21
30 40
30 22
30 23
30 17
30 31
30 49
30 15
30 1
30 2
30 13
30 12
30 11
30 38
30 39
30 3
30 6
30 42
30 25
30 44
30 27
30 9
30 7
17
31 42
31 33
31 37
31 32
31 1
31 45
31 16
31 24
31 8
31 15
31 47
31 28
31 38
31 25
31 19
31 10
31 11
19
32 36
32 35
32 4
32 9
32 45
32 42
32 37
32 25
32 28
32 40
32 5
32 46
32 39
32 48
32 29
32 21
32 43
32 24
32 33
21
33 40
33 12
33 39
33 4
33 30
33 9
33 8
33 46
33 25
33 41
33 38
33 14
33 20
33 13
33 17
33 34
33 24
33 35
33 26
33 10
33 47
20
34 35
34 42
34 1
34 8
34 43
34 3
34 20
34 12
34 26
34 47
34 39
34 30
34 46
34 7
34 40
34 37
34 18
34 16
34 25
34 49
20
35 36
35 25
35 23
35 21
35 49
35 46
35 22
35 5
35 10
35 39
35 11
35 1
35 40
35 3
35 38
35 4
35 18
35 19
35 0
35 20
20
36 20
36 38
36 19
36 39
36 46
36 11
36 34
36 40
36 30
36 48
36 24
36 9
36 7
36 22
36 10
36 29
36 42
36 16
36 4
36 27
15
37 0
37 23
37 4
37 18
37 42
37 21
37 20
37 41
37 5
37 35
37 10
37 24
37 49
37 28
37 33
26
38 25
38 39
38 10
38 49
38 47
38 8
38 11
38 14
38 17
38 32
38 22
38 18
38 7
38 4
38 43
38 29
38 2
38 1
38 41
38 0
38 5
38 27
38 20
38 48
38 24
38 40
20
39 42
39 48
39 40
39 20
39 49
39 25
39 27
39 29
39 37
39 3
39 47
39 18
39 19
39 11
39 31
39 13
39 6
39 14
39 22
39 8
25
40 49
40 9
40 15
40 10
40 14
40 41
40 6
40 43
40 44
40 19
40 37
40 16
40 25
40 24
40 8
40 2
40 31
40 48
40 42
40 29
40 46
40 0
40 47
40 45
40 4
22
41 2
41 3
41 27
41 20
41 15
41 36
41 1
41 30
41 39
41 8
41 4
41 48
41 26
41 32
41 35
41 9
41 44
41 12
41 31
41 10
41 21
41 46
19
42 29
42 11
42 16
42 8
42 21
42 27
42 48
42 3
42 41
42 35
42 14
42 4
42 38
42 49
42 1
42 44
42 24
42 19
42 15
23
43 42
43 22
43 8
43 11
43 14
43 48
43 6
43 18
43 44
43 13
43 46
43 21
43 41
43 2
43 31
43 5
43 35
43 0
43 36
43 3
43 17
43 49
43 33
18
44 31
44 15
44 16
44 5
44 9
44 20
44 2
44 32
44 11
44 38
44 18
44 36
44 3
44 25
44 34
44 28
44 39
44 12
20
45 39
45 27
45 28
45 44
45 38
45 26
45 41
45 42
45 35
45 0
45 15
45 37
45 36
45 47
45 13
45 7
45 6
45 25
45 29
45 1
17
46 17
46 30
46 19
46 15
46 18
46 4
46 49
46 6
46 48
46 38
46 0
46 2
46 3
46 37
46 27
46 44
46 31
19
47 36
47 19
47 8
47 14
47 24
47 16
47 44
47 15
47 23
47 37
47 12
47 41
47 35
47 46
47 10
47 27
47 11
47 3
47 22
20
48 29
48 47
48 15
48 17
48 22
48 34
48 37
48 28
48 31
48 3
48 26
48 25
48 8
48 6
48 23
48 45
48 4
48 14
48 49
48 35
17
49 29
49 45
49 31
49 44
49 19
49 33
49 24
49 6
49 14
49 13
49 16
49 4
49 12
49 22
49 20
49 41
49 36
