50
0 "A36"
1 "A35"
2 "A33"
3 "A19"
4 "A20"
5 "A28"
6 "A29"
7 "A8"
8 "A31"
9 "A38"
10 "A43"
11 "A42"
12 "A17"
13 "A15"
14 "A39"
15 "A48"
16 "A34"
17 "A30"
18 "A44"
19 "A9"
20 "A27"
21 "A40"
22 "A5"
23 "A16"
24 "A18"
25 "A23"
26 "A2"
27 "A26"
28 "A37"
29 "A4"
30 "A10"
31 "A13"
32 "A45"
33 "A49"
34 "A22"
35 "A25"
36 "A3"
37 "A7"
38 "A47"
39 "A0"
40 "A1"
41 "A21"
42 "A32"
43 "A41"
44 "A12"
45 "A14"
46 "A46"
47 "A24"
48 "A11"
49 "A6"
17
0 12
0 29
0 3
0 44
0 6
0 5
0 4
0 39
0 26
0 36
0 31
0 10
0 20
0 14
0 18
0 42
0 16
21
1 42
1 24
1 28
1 16
1 25
1 49
1 47
1 37
1 40
1 46
1 39
1 7
1 26
1 15
1 29
1 34
1 41
1 20
1 48
1 32
1 0
19
2 26
2 47
2 12
2 7
2 25
2 44
2 27
2 35
2 43
2 45
2 22
2 32
2 0
2 41
2 8
2 49
2 13
2 3
2 34
14
3 42
3 34
3 38
3 28
3 20
3 4
3 44
3 31
3 37
3 6
3 48
3 30
3 29
3 5
17
4 16
4 10
4 32
4 41
4 37
4 49
4 44
4 35
4 40
4 45
4 30
4 14
4 2
4 24
4 20
4 8
4 23
16
5 6
5 16
5 1
5 8
5 39
5 49
5 29
5 36
5 31
5 23
5 43
5 26
5 4
5 15
5 30
5 37
18
6 36
6 23
6 34
6 8
6 10
6 35
6 32
6 13
6 12
6 25
6 38
6 19
6 21
6 33
6 4
6 2
6 49
6 27
23
7 49
7 12
7 27
7 48
7 4
7 23
7 24
7 43
7 16
7 25
7 5
7 47
7 44
7 20
7 41
7 22
7 29
7 46
7 10
7 0
7 14
7 3
7 19
13
8 29
8 42
8 3
8 46
8 36
8 20
8 33
8 45
8 26
8 44
8 37
8 19
8 21
26
9 3
9 24
9 14
9 25
9 18
9 44
9 2
9 7
9 43
9 1
9 41
9 32
9 4
9 28
9 27
9 5
9 15
9 49
9 11
9 38
9 31
9 19
9 45
9 17
9 6
9 29
22
10 42
10 19
10 31
10 11
10 15
10 14
10 22
10 36
10 34
10 2
10 32
10 45
10 17
10 1
10 49
10 8
10 28
10 16
10 18
10 9
10 3
10 5
23
11 46
11 12
11 33
11 8
11 16
11 35
11 17
11 37
11 24
11 0
11 22
11 2
11 5
11 40
11 39
11 1
11 15
11 45
11 7
11 20
11 6
11 18
11 30
17
12 1
12 24
12 40
12 9
12 32
12 49
12 8
12 38
12 42
12 3
12 47
12 34
12 10
12 23
12 37
12 16
12 33
20
13 35
13 27
13 3
13 4
13 43
13 12
13 20
13 14
13 48
13 33
13 40
13 8
13 5
13 7
13 1
13 21
13 34
13 9
13 11
13 23
21
14 36
14 47
14 49
14 1
14 40
14 22
14 28
14 41
14 5
14 24
14 32
14 37
14 19
14 3
14 38
14 21
14 16
14 42
14 8
14 48
14 30
21
15 20
15 27
15 33
15 7
15 45
15 28
15 44
15 30
15 23
15 6
15 16
15 12
15 22
15 32
15 43
15 41
15 8
15 48
15 3
15 37
15 14
19
16 32
16 9
16 46
16 39
16 2
16 25
16 6
16 37
16 13
16 43
16 17
16 27
16 36
16 47
16 20
16 29
16 34
16 28
16 8
23
17 23
17 48
17 12
17 19
17 34
17 32
17 14
17 30
17 25
17 8
17 22
17 27
17 35
17 6
17 39
17 44
17 2
17 1
17 5
17 18
17 24
17 29
17 49
24
18 26
18 21
18 5
18 42
18 45
18 20
18 14
18 46
18 48
18 35
18 44
18 13
18 27
18 31
18 22
18 4
18 12
18 34
18 25
18 6
18 32
18 29
18 3
18 16
22
19 28
19 0
19 24
19 13
19 42
19 11
19 23
19 29
19 49
19 26
19 37
19 1
19 25
19 27
19 18
19 34
19 33
19 22
19 12
19 4
19 48
19 45
18
20 27
20 5
20 32
20 42
20 14
20 17
20 43
20 23
20 45
20 25
20 47
20 21
20 9
20 10
20 12
20 31
20 29
20 2
16
21 12
21 4
21 31
21 49
21 40
21 7
21 5
21 1
21 3
21 36
21 28
21 2
21 15
21 33
21 10
21 27
17
22 3
22 20
22 4
22 28
22 24
22 42
22 37
22 29
22 16
22 34
22 0
22 46
22 40
22 31
22 12
22 39
22 1
27
23 29
23 9
23 24
23 11
23 45
23 0
23 41
23 46
23 8
23 10
23 14
23 44
23 32
23 34
23 47
23 16
23 21
23 22
23 38
23 27
23 1
23 26
23 43
23 3
23 39
23 2
23 35
16
24 48
24 25
24 18
24 26
24 0
24 8
24 40
24 6
24 16
24 2
24 42
24 47
24 10
24 27
24 5
24 29
17
25 41
25 13
25 28
25 34
25 15
25 22
25 8
25 49
25 4
25 3
25 31
25 33
25 21
25 23
25 37
25 5
25 46
17
26 11
26 14
26 13
26 45
26 49
26 10
26 12
26 30
26 9
26 46
26 44
26 32
26 34
26 15
26 22
26 40
26 41
20
27 1
27 48
27 0
27 11
27 49
27 40
27 42
27 44
27 30
27 33
27 46
27 29
27 8
27 35
27 10
27 4
27 41
27 28
27 25
27 22
17
28 2
28 35
28 5
28 12
28 39
28 11
28 38
28 0
28 7
28 24
28 18
28 37
28 6
28 17
28 34
28 44
28 8
16
29 47
29 48
29 37
29 26
29 30
29 38
29 11
29 15
29 49
29 41
29 25
29 34
29 6
29 14
29 12
29 13
23
30 23
30 28
30 43
30 18
30 40
30 22
30 42
30 9
30 1
30 25
30 8
30 36
30 12
30 47
30 2
30 24
30 21
30 33
30 46
30 19
30 6
30 20
30 10
18
31 6
31 19
31 37
31 11
31 38
31 24
31 16
31 34
31 29
31 7
31 46
31 35
31 49
31 13
31 4
31 47
31 26
31 33
16
32 0
32 21
32 43
32 3
32 42
32 13
32 34
32 24
32 49
32 36
32 25
32 19
32 22
32 40
32 45
32 37
22
33 23
33 26
33 43
33 24
33 16
33 22
33 10
33 14
33 20
33 0
33 40
33 7
33 32
33 38
33 28
33 2
33 4
33 34
33 45
33 1
33 48
33 17
17
34 38
34 30
34 0
34 5
34 45
34 7
34 14
34 41
34 35
34 8
34 24
34 9
34 47
34 27
34 42
34 11
34 49
20
35 38
35 42
35 10
35 30
35 0
35 1
35 19
35 32
35 5
35 25
35 3
35 21
35 44
35 45
35 14
35 48
35 40
35 33
35 7
35 24
25
36 25
36 31
36 46
36 1
36 29
36 4
36 45
36 2
36 26
36 24
36 12
36 43
36 19
36 28
36 34
36 44
36 49
36 9
36 18
36 15
36 27
36 20
36 42
36 40
36 35
17
37 44
37 21
37 24
37 18
37 43
37 42
37 41
37 26
37 2
37 36
37 34
37 23
37 7
37 6
37 0
37 35
37 10
28
38 13
38 37
38 41
38 2
38 24
38 22
38 18
38 5
38 17
38 40
38 30
38 27
38 48
38 15
38 39
38 20
38 21
38 8
38 0
38 11
38 43
38 16
38 1
38 10
38 4
38 49
38 19
38 25
18
39 37
39 36
39 4
39 43
39 18
39 15
39 45
39 7
39 24
39 47
39 9
39 21
39 25
39 35
39 29
39 31
39 41
39 48
21
40 19
40 34
40 28
40 18
40 7
40 6
40 17
40 29
40 9
40 25
40 20
40 23
40 15
40 10
40 49
40 5
40 37
40 41
40 8
40 0
40 39
21
41 18
41 36
41 8
41 0
41 24
41 6
41 44
41 32
41 33
41 19
41 16
41 47
41 3
41 22
41 30
41 45
41 28
41 35
41 20
41 31
41 11
19
42 39
42 6
42 16
42 41
42 44
42 29
42 47
42 9
42 4
42 13
42 26
42 49
42 40
42 45
42 28
42 7
42 48
42 33
42 2
21
43 48
43 45
43 25
43 34
43 29
43 18
43 26
43 11
43 12
43 46
43 1
43 19
43 17
43 47
43 49
43 8
43 27
43 42
43 22
43 31
43 21
20
44 1
44 38
44 6
44 10
44 48
44 25
44 13
44 21
44 32
44 34
44 39
44 40
44 19
44 12
44 29
44 20
44 11
44 24
44 16
44 43
20
45 7
45 6
45 16
45 37
45 3
45 12
45 0
45 28
45 25
45 24
45 17
45 31
45 27
45 49
45 1
45 47
45 44
45 5
45 14
45 38
23
46 20
46 33
46 24
46 2
46 42
46 13
46 17
46 28
46 4
46 35
46 19
46 48
46 34
46 41
46 29
46 3
46 6
46 15
46 12
46 49
46 32
46 5
46 45
18
47 15
47 46
47 44
47 3
47 32
47 37
47 6
47 36
47 5
47 21
47 0
47 10
47 49
47 33
47 25
47 17
47 4
47 18
20
48 23
48 9
48 8
48 34
48 37
48 49
48 41
48 36
48 30
48 40
48 47
48 22
48 32
48 16
48 2
48 20
48 11
48 10
48 0
48 12
16
49 44
49 41
49 8
49 11
49 20
49 37
49 16
49 23
49 0
49 22
49 13
49 18
49 28
49 33
49 24
49 30
