50
0 "A36"
1 "A35"
2 "A33"
3 "A19"
4 "A20"
5 "A28"
6 "A29"
7 "A8"
8 "A31"
9 "A38"
10 "A43"
11 "A42"
12 "A17"
13 "A15"
14 "A39"
15 "A48"
16 "A34"
17 "A30"
18 "A44"
19 "A9"
20 "A27"
21 "A40"
22 "A5"
23 "A16"
24 "A18"
25 "A23"
26 "A2"
27 "A26"
28 "A37"
29 "A4"
30 "A10"
31 "A13"
32 "A45"
33 "A49"
34 "A22"
35 "A25"
36 "A3"
37 "A7"
38 "A47"
39 "A0"
40 "A1"
41 "A21"
42 "A32"
43 "A41"
44 "A12"
45 "A14"
46 "A46"
47 "A24"
48 "A11"
49 "A6"
22
0 17
0 18
0 13
0 22
0 21
0 45
0 36
0 1
0 41
0 26
0 2
0 31
0 34
0 38
0 15
0 49
0 30
0 48
0 5
0 47
0 40
0 12
18
1 38
1 21
1 48
1 43
1 10
1 4
1 29
1 31
1 34
1 28
1 32
1 19
1 17
1 33
1 37
1 40
1 9
1 24
20
2 43
2 5
2 47
2 19
2 39
2 30
2 42
2 20
2 35
2 15
2 14
2 6
2 25
2 12
2 44
2 3
2 27
2 9
2 31
2 13
16
3 33
3 22
3 38
3 10
3 48
3 13
3 20
3 30
3 0
3 46
3 1
3 31
3 21
3 32
3 8
3 36
19
4 25
4 6
4 49
4 19
4 29
4 5
4 3
4 20
4 35
4 18
4 41
4 0
4 14
4 23
4 32
4 9
4 2
4 45
4 30
21
5 12
5 6
5 46
5 10
5 39
5 38
5 17
5 41
5 45
5 19
5 30
5 47
5 1
5 31
5 33
5 3
5 11
5 22
5 44
5 35
5 18
21
6 11
6 42
6 28
6 26
6 18
6 14
6 1
6 21
6 46
6 9
6 25
6 43
6 32
6 8
6 35
6 19
6 0
6 3
6 13
6 36
6 31
23
7 28
7 6
7 37
7 0
7 20
7 19
7 18
7 25
7 38
7 33
7 9
7 24
7 4
7 40
7 46
7 13
7 5
7 2
7 15
7 39
7 3
7 23
7 17
18
8 28
8 5
8 34
8 48
8 32
8 33
8 45
8 20
8 23
8 9
8 0
8 4
8 2
8 26
8 1
8 19
8 7
8 35
17
9 32
9 0
9 31
9 18
9 33
9 13
9 43
9 23
9 38
9 5
9 27
9 20
9 36
9 34
9 21
9 29
9 11
23
10 25
10 32
10 15
10 42
10 6
10 36
10 41
10 34
10 30
10 18
10 9
10 7
10 37
10 47
10 23
10 28
10 13
10 24
10 46
10 0
10 38
10 35
10 22
21
11 24
11 38
11 46
11 13
11 2
11 32
11 10
11 26
11 12
11 31
11 1
11 27
11 16
11 3
11 41
11 49
11 17
11 21
11 37
11 33
11 35
22
12 30
12 10
12 8
12 39
12 18
12 27
12 9
12 17
12 47
12 28
12 23
12 45
12 42
12 32
12 49
12 16
12 41
12 4
12 6
12 15
12 35
12 25
20
13 18
13 20
13 39
13 5
13 12
13 48
13 21
13 47
13 22
13 33
13 17
13 31
13 23
13 26
13 16
13 38
13 28
13 4
13 29
13 1
15
14 1
14 21
14 17
14 46
14 10
14 39
14 0
14 3
14 8
14 43
14 20
14 11
14 41
14 22
14 47
26
15 44
15 16
15 39
15 11
15 14
15 42
15 37
15 34
15 3
15 32
15 22
15 49
15 30
15 19
15 40
15 45
15 46
15 27
15 48
15 5
15 21
15 8
15 1
15 18
15 29
15 9
25
16 25
16 7
16 47
16 43
16 20
16 40
16 18
16 0
16 3
16 14
16 24
16 21
16 34
16 44
16 32
16 36
16 33
16 10
16 27
16 2
16 1
16 37
16 46
16 4
16 23
19
17 9
17 27
17 38
17 36
17 45
17 32
17 46
17 16
17 26
17 44
17 30
17 23
17 34
17 28
17 10
17 49
17 2
17 15
17 8
16
18 39
18 2
18 34
18 31
18 21
18 3
18 28
18 8
18 27
18 43
18 24
18 36
18 11
18 1
18 40
18 45
22
19 49
19 45
19 17
19 32
19 13
19 3
19 30
19 14
19 37
19 11
19 48
19 36
19 12
19 41
19 16
19 42
19 27
19 38
19 33
19 20
19 46
19 24
18
20 25
20 49
20 38
20 0
20 32
20 1
20 39
20 26
20 33
20 43
20 29
20 46
20 23
20 27
20 21
20 37
20 15
20 45
20
21 22
21 34
21 27
21 46
21 40
21 2
21 35
21 4
21 19
21 39
21 8
21 47
21 5
21 49
21 28
21 37
21 48
21 7
21 38
21 12
16
22 45
22 42
22 37
22 17
22 12
22 16
22 2
22 6
22 35
22 31
22 9
22 25
22 11
22 18
22 8
22 19
25
23 22
23 43
23 6
23 28
23 18
23 29
23 11
23 41
23 32
23 33
23 45
23 35
23 36
23 34
23 31
23 0
23 39
23 14
23 21
23 1
23 27
23 2
23 37
23 3
23 49
20
24 39
24 17
24 40
24 5
24 20
24 13
24 28
24 44
24 34
24 32
24 6
24 25
24 2
24 4
24 26
24 35
24 22
24 23
24 8
24 30
23
25 43
25 29
25 36
25 37
25 49
25 11
25 23
25 34
25 33
25 3
25 1
25 13
25 42
25 5
25 14
25 19
25 15
25 0
25 38
25 28
25 21
25 35
25 41
27
26 18
26 31
26 2
26 1
26 21
26 45
26 15
26 5
26 4
26 28
26 35
26 16
26 38
26 43
26 30
26 9
26 10
26 41
26 14
26 48
26 25
26 40
26 12
26 27
26 42
26 37
26 22
17
27 33
27 10
27 48
27 25
27 0
27 1
27 41
27 5
27 24
27 7
27 4
27 3
27 14
27 13
27 31
27 36
27 28
9
28 34
28 22
28 20
28 42
28 9
28 37
28 38
28 11
28 15
21
29 7
29 34
29 18
29 14
29 27
29 36
29 2
29 3
29 19
29 5
29 8
29 16
29 49
29 26
29 33
29 37
29 41
29 39
29 11
29 6
29 10
22
30 39
30 13
30 21
30 47
30 25
30 33
30 29
30 18
30 11
30 6
30 9
30 46
30 20
30 1
30 23
30 22
30 16
30 7
30 14
30 31
30 28
30 8
13
31 28
31 17
31 33
31 7
31 39
31 35
31 45
31 20
31 16
31 42
31 49
31 12
31 37
17
32 13
32 22
32 21
32 29
32 49
32 34
32 18
32 25
32 46
32 30
32 14
32 7
32 36
32 37
32 44
32 39
32 5
13
33 4
33 10
33 42
33 18
33 40
33 45
33 0
33 2
33 49
33 37
33 14
33 22
33 6
20
34 7
34 27
34 6
34 3
34 13
34 42
34 14
34 47
34 30
34 5
34 4
34 35
34 44
34 31
34 26
34 39
34 46
34 12
34 33
34 19
13
35 36
35 41
35 3
35 0
35 30
35 28
35 19
35 15
35 20
35 47
35 29
35 14
35 7
20
36 43
36 46
36 11
36 38
36 44
36 34
36 30
36 45
36 40
36 39
36 7
36 24
36 21
36 41
36 31
36 4
36 33
36 14
36 20
36 42
13
37 27
37 0
37 34
37 39
37 6
37 9
37 40
37 12
37 8
37 2
37 5
37 42
37 30
20
38 30
38 34
38 22
38 32
38 23
38 6
38 12
38 33
38 41
38 42
38 35
38 8
38 48
38 24
38 47
38 16
38 40
38 29
38 15
38 14
21
39 40
39 16
39 46
39 22
39 28
39 25
39 27
39 4
39 26
39 35
39 10
39 8
39 11
39 38
39 41
39 19
39 33
39 43
39 17
39 48
39 47
21
40 20
40 27
40 31
40 45
40 3
40 34
40 30
40 12
40 14
40 29
40 17
40 10
40 32
40 35
40 13
40 9
40 11
40 2
40 28
40 25
40 23
21
41 48
41 30
41 9
41 34
41 21
41 17
41 24
41 20
41 32
41 28
41 47
41 6
41 1
41 3
41 2
41 18
41 13
41 43
41 15
41 16
41 37
18
42 41
42 35
42 27
42 11
42 40
42 16
42 13
42 3
42 23
42 1
42 39
42 7
42 24
42 43
42 45
42 30
42 21
42 9
24
43 45
43 29
43 28
43 3
43 40
43 7
43 33
43 4
43 24
43 30
43 48
43 44
43 38
43 32
43 37
43 19
43 10
43 5
43 11
43 13
43 34
43 15
43 31
43 46
23
44 40
44 1
44 12
44 27
44 38
44 9
44 30
44 14
44 11
44 26
44 8
44 33
44 19
44 42
44 6
44 28
44 39
44 13
44 41
44 48
44 21
44 10
44 25
17
45 49
45 44
45 9
45 13
45 11
45 37
45 27
45 25
45 28
45 7
45 32
45 3
45 29
45 34
45 16
45 39
45 6
19
46 22
46 44
46 27
46 38
46 12
46 9
46 29
46 42
46 49
46 25
46 18
46 1
46 23
46 47
46 45
46 4
46 13
46 41
46 48
21
47 40
47 19
47 6
47 42
47 43
47 37
47 1
47 20
47 45
47 27
47 18
47 25
47 44
47 4
47 26
47 32
47 33
47 22
47 17
47 28
47 3
27
48 17
48 20
48 45
48 9
48 29
48 36
48 4
48 12
48 37
48 6
48 31
48 5
48 11
48 22
48 30
48 25
48 2
48 40
48 18
48 35
48 49
48 7
48 47
48 24
48 28
48 42
48 32
17
49 30
49 6
49 26
49 14
49 1
49 8
49 44
49 34
49 10
49 37
49 35
49 38
49 18
49 28
49 24
49 7
49 2
