50
0 "A36"
1 "A35"
2 "A33"
3 "A19"
4 "A20"
5 "A28"
6 "A29"
7 "A8"
8 "A31"
9 "A38"
10 "A43"
11 "A42"
12 "A17"
13 "A15"
14 "A39"
15 "A48"
16 "A34"
17 "A30"
18 "A44"
19 "A9"
20 "A27"
21 "A40"
22 "A5"
23 "A16"
24 "A18"
25 "A23"
26 "A2"
27 "A26"
28 "A37"
29 "A4"
30 "A10"
31 "A13"
32 "A45"
33 "A49"
34 "A22"
35 "A25"
36 "A3"
37 "A7"
38 "A47"
39 "A0"
40 "A1"
41 "A21"
42 "A32"
43 "A41"
44 "A12"
45 "A14"
46 "A46"
47 "A24"
48 "A11"
49 "A6"
17
0 5
0 13
0 44
0 45
0 7
0 20
0 49
0 4
0 15
0 34
0 10
0 21
0 47
0 29
0 33
0 25
0 22
19
1 39
1 40
1 7
1 8
1 24
1 49
1 6
1 9
1 17
1 2
1 32
1 22
1 43
1 21
1 10
1 31
1 28
1 5
1 23
23
2 36
2 41
2 15
2 34
2 24
2 5
2 16
2 13
2 0
2 37
2 18
2 30
2 28
2 44
2 33
2 4
2 45
2 14
2 42
2 31
2 40
2 23
2 17
19
3 27
3 31
3 38
3 43
3 19
3 18
3 39
3 20
3 14
3 5
3 49
3 12
3 44
3 25
3 24
3 41
3 42
3 13
3 23
19
4 29
4 44
4 42
4 32
4 28
4 39
4 40
4 30
4 38
4 31
4 33
4 22
4 48
4 17
4 1
4 43
4 23
4 21
4 11
21
5 19
5 47
5 12
5 15
5 42
5 46
5 9
5 23
5 6
5 30
5 17
5 44
5 16
5 4
5 26
5 40
5 49
5 28
5 13
5 7
5 36
23
6 15
6 42
6 7
6 17
6 19
6 34
6 3
6 10
6 12
6 0
6 13
6 14
6 25
6 32
6 2
6 33
6 46
6 21
6 38
6 20
6 44
6 4
6 8
19
7 35
7 22
7 19
7 9
7 20
7 44
7 3
7 47
7 29
7 27
7 42
7 16
7 48
7 45
7 13
7 4
7 2
7 25
7 12
21
8 2
8 39
8 20
8 10
8 38
8 28
8 24
8 5
8 0
8 36
8 33
8 45
8 4
8 16
8 32
8 25
8 19
8 35
8 40
8 14
8 3
18
9 13
9 14
9 35
9 43
9 3
9 44
9 25
9 8
9 26
9 19
9 48
9 37
9 29
9 16
9 47
9 11
9 6
9 2
16
10 46
10 3
10 27
10 32
10 39
10 41
10 48
10 23
10 31
10 21
10 42
10 38
10 2
10 49
10 12
10 13
25
11 40
11 35
11 29
11 1
11 3
11 6
11 2
11 48
11 47
11 26
11 33
11 22
11 12
11 45
11 41
11 31
11 0
11 34
11 23
11 27
11 15
11 43
11 13
11 8
11 5
21
12 16
12 15
12 33
12 19
12 44
12 39
12 23
12 2
12 1
12 45
12 29
12 9
12 35
12 38
12 25
12 34
12 30
12 0
12 4
12 21
12 46
19
13 17
13 45
13 23
13 26
13 36
13 41
13 42
13 35
13 38
13 12
13 34
13 15
13 43
13 21
13 4
13 22
13 8
13 48
13 47
16
14 26
14 27
14 48
14 39
14 12
14 4
14 25
14 30
14 0
14 36
14 41
14 31
14 24
14 5
14 7
14 20
22
15 41
15 7
15 4
15 22
15 39
15 32
15 16
15 49
15 34
15 26
15 24
15 20
15 25
15 1
15 31
15 9
15 42
15 14
15 10
15 35
15 43
15 18
23
16 40
16 26
16 38
16 29
16 30
16 6
16 35
16 17
16 18
16 31
16 0
16 43
16 42
16 28
16 4
16 24
16 33
16 25
16 13
16 32
16 3
16 41
16 11
20
17 15
17 9
17 8
17 20
17 18
17 22
17 48
17 0
17 24
17 14
17 44
17 12
17 46
17 35
17 27
17 26
17 39
17 25
17 7
17 33
19
18 25
18 11
18 19
18 38
18 45
18 48
18 49
18 37
18 28
18 29
18 42
18 39
18 43
18 7
18 10
18 6
18 8
18 0
18 44
22
19 14
19 13
19 30
19 15
19 36
19 0
19 10
19 17
19 4
19 24
19 47
19 42
19 48
19 33
19 34
19 38
19 29
19 28
19 40
19 2
19 11
19 27
14
20 32
20 9
20 29
20 38
20 12
20 16
20 10
20 4
20 47
20 45
20 37
20 5
20 13
20 18
28
21 46
21 25
21 39
21 14
21 20
21 45
21 33
21 18
21 29
21 32
21 19
21 26
21 5
21 24
21 17
21 36
21 41
21 49
21 38
21 7
21 31
21 3
21 9
21 2
21 8
21 16
21 23
21 37
20
22 27
22 36
22 28
22 3
22 29
22 9
22 18
22 23
22 44
22 2
22 40
22 47
22 46
22 31
22 34
22 20
22 6
22 10
22 21
22 25
20
23 43
23 39
23 37
23 20
23 47
23 18
23 33
23 15
23 32
23 35
23 9
23 29
23 27
23 31
23 44
23 7
23 49
23 42
23 25
23 26
21
24 39
24 27
24 22
24 49
24 35
24 20
24 48
24 37
24 26
24 4
24 30
24 46
24 12
24 10
24 47
24 6
24 42
24 38
24 9
24 0
24 33
14
25 33
25 24
25 19
25 20
25 43
25 32
25 2
25 34
25 38
25 13
25 49
25 29
25 28
25 4
15
26 34
26 20
26 49
26 7
26 32
26 10
26 36
26 12
26 38
26 30
26 3
26 48
26 4
26 1
26 8
21
27 20
27 6
27 12
27 15
27 33
27 21
27 0
27 36
27 13
27 26
27 25
27 41
27 18
27 47
27 8
27 2
27 39
27 29
27 37
27 44
27 4
23
28 23
28 49
28 27
28 37
28 36
28 21
28 14
28 30
28 7
28 9
28 34
28 32
28 10
28 44
28 20
28 24
28 40
28 31
28 11
28 3
28 17
28 43
28 12
15
29 13
29 37
29 2
29 35
29 14
29 40
29 26
29 31
29 34
29 15
29 36
29 24
29 1
29 10
29 39
17
30 1
30 8
30 29
30 22
30 37
30 25
30 3
30 27
30 6
30 21
30 49
30 39
30 13
30 33
30 0
30 31
30 10
20
31 26
31 0
31 18
31 44
31 34
31 12
31 25
31 49
31 47
31 46
31 7
31 24
31 9
31 13
31 19
31 43
31 6
31 36
31 8
31 39
16
32 42
32 46
32 17
32 18
32 12
32 30
32 11
32 2
32 37
32 3
32 39
32 41
32 36
32 22
32 27
32 29
18
33 22
33 29
33 20
33 7
33 47
33 14
33 37
33 15
33 39
33 26
33 31
33 32
33 13
33 36
33 10
33 49
33 5
33 1
19
34 47
34 21
34 20
34 5
34 44
34 24
34 43
34 8
34 23
34 41
34 18
34 14
34 30
34 10
34 32
34 4
34 45
34 33
34 7
19
35 2
35 6
35 37
35 43
35 10
35 47
35 31
35 0
35 45
35 5
35 26
35 21
35 49
35 34
35 3
35 33
35 41
35 18
35 27
23
36 20
36 17
36 48
36 18
36 23
36 15
36 16
36 24
36 35
36 47
36 42
36 9
36 1
36 38
36 30
36 6
36 12
36 11
36 39
36 10
36 3
36 7
36 46
21
37 10
37 44
37 14
37 8
37 4
37 16
37 25
37 5
37 36
37 40
37 26
37 1
37 7
37 39
37 11
37 47
37 17
37 6
37 15
37 45
37 22
18
38 14
38 48
38 49
38 31
38 0
38 29
38 34
38 35
38 27
38 33
38 41
38 43
38 37
38 7
38 15
38 22
38 5
38 17
14
39 13
39 20
39 0
39 35
39 48
39 6
39 25
39 43
39 38
39 7
39 26
39 11
39 2
39 40
23
40 9
40 10
40 47
40 12
40 13
40 32
40 27
40 36
40 20
40 0
40 17
40 7
40 38
40 34
40 46
40 23
40 31
40 15
40 14
40 3
40 26
40 21
40 30
22
41 25
41 17
41 31
41 7
41 9
41 5
41 42
41 4
41 20
41 12
41 33
41 23
41 6
41 1
41 30
41 36
41 24
41 37
41 8
41 26
41 29
41 19
19
42 20
42 37
42 30
42 40
42 34
42 22
42 27
42 39
42 38
42 43
42 25
42 0
42 8
42 28
42 9
42 45
42 35
42 33
42 14
14
43 44
43 14
43 22
43 7
43 33
43 5
43 32
43 12
43 49
43 30
43 6
43 40
43 2
43 19
21
44 24
44 47
44 8
44 29
44 14
44 13
44 15
44 36
44 46
44 39
44 10
44 25
44 42
44 35
44 30
44 32
44 33
44 16
44 21
44 41
44 19
20
45 3
45 33
45 30
45 31
45 6
45 10
45 39
45 17
45 25
45 19
45 4
45 29
45 32
45 27
45 40
45 24
45 5
45 28
45 48
45 41
25
46 35
46 18
46 43
46 37
46 13
46 48
46 20
46 30
46 33
46 45
46 39
46 8
46 14
46 2
46 1
46 23
46 38
46 29
46 34
46 42
46 19
46 3
46 7
46 41
46 15
19
47 12
47 1
47 46
47 49
47 10
47 6
47 17
47 32
47 8
47 18
47 21
47 29
47 3
47 43
47 15
47 25
47 45
47 4
47 39
20
48 43
48 47
48 16
48 1
48 2
48 40
48 32
48 6
48 5
48 25
48 22
48 3
48 49
48 33
48 21
48 37
48 41
48 29
48 12
48 27
19
49 41
49 44
49 11
49 20
49 32
49 46
49 9
49 14
49 6
49 7
49 16
49 27
49 36
49 12
49 34
49 22
49 40
49 37
49 29
