50
0 "A36"
1 "A35"
2 "A33"
3 "A19"
4 "A20"
5 "A28"
6 "A29"
7 "A8"
8 "A31"
9 "A38"
10 "A43"
11 "A42"
12 "A17"
13 "A15"
14 "A39"
15 "A48"
16 "A34"
17 "A30"
18 "A44"
19 "A9"
20 "A27"
21 "A40"
22 "A5"
23 "A16"
24 "A18"
25 "A23"
26 "A2"
27 "A26"
28 "A37"
29 "A4"
30 "A10"
31 "A13"
32 "A45"
33 "A49"
34 "A22"
35 "A25"
36 "A3"
37 "A7"
38 "A47"
39 "A0"
40 "A1"
41 "A21"
42 "A32"
43 "A41"
44 "A12"
45 "A14"
46 "A46"
47 "A24"
48 "A11"
49 "A6"
20
0 49
0 8
0 23
0 13
0 4
0 2
0 6
0 42
0 14
0 38
0 24
0 33
0 43
0 22
0 11
0 44
0 47
0 18
0 26
0 1
24
1 30
1 40
1 9
1 5
1 12
1 25
1 13
1 4
1 26
1 45
1 37
1 35
1 46
1 41
1 20
1 10
1 38
1 36
1 23
1 17
1 34
1 39
1 18
1 21
12
2 44
2 40
2 31
2 49
2 5
2 27
2 22
2 38
2 23
2 26
2 33
2 13
21
3 37
3 40
3 2
3 19
3 46
3 34
3 8
3 9
3 0
3 28
3 13
3 44
3 21
3 24
3 22
3 31
3 15
3 11
3 20
3 14
3 23
18
4 18
4 24
4 17
4 41
4 49
4 35
4 31
4 33
4 6
4 44
4 9
4 3
4 16
4 12
4 2
4 27
4 32
4 29
19
5 3
5 17
5 49
5 19
5 7
5 32
5 12
5 10
5 36
5 9
5 31
5 46
5 4
5 16
5 0
5 47
5 11
5 24
5 20
19
6 32
6 30
6 39
6 24
6 43
6 12
6 35
6 18
6 22
6 5
6 8
6 29
6 34
6 40
6 42
6 15
6 28
6 16
6 44
24
7 12
7 35
7 10
7 45
7 22
7 1
7 49
7 6
7 26
7 39
7 15
7 19
7 40
7 44
7 23
7 0
7 41
7 32
7 20
7 11
7 9
7 30
7 13
7 38
22
8 1
8 36
8 34
8 22
8 39
8 2
8 14
8 20
8 5
8 15
8 13
8 30
8 7
8 32
8 43
8 25
8 16
8 9
8 29
8 44
8 47
8 4
14
9 39
9 27
9 29
9 17
9 22
9 16
9 23
9 15
9 0
9 11
9 19
9 40
9 44
9 45
24
10 46
10 37
10 45
10 42
10 22
10 26
10 48
10 24
10 31
10 0
10 35
10 49
10 9
10 8
10 21
10 39
10 15
10 25
10 4
10 44
10 18
10 38
10 33
10 30
23
11 4
11 38
11 20
11 23
11 26
11 39
11 28
11 15
11 30
11 6
11 40
11 46
11 34
11 35
11 47
11 32
11 8
11 41
11 10
11 18
11 22
11 36
11 48
21
12 46
12 9
12 0
12 10
12 41
12 25
12 49
12 37
12 21
12 2
12 39
12 32
12 13
12 42
12 22
12 3
12 47
12 29
12 33
12 27
12 11
23
13 21
13 5
13 34
13 17
13 22
13 25
13 6
13 26
13 42
13 39
13 29
13 31
13 46
13 32
13 4
13 36
13 49
13 48
13 28
13 19
13 10
13 40
13 11
21
14 4
14 30
14 19
14 43
14 11
14 37
14 9
14 47
14 45
14 39
14 49
14 15
14 5
14 28
14 44
14 38
14 7
14 12
14 27
14 26
14 6
21
15 22
15 26
15 5
15 41
15 1
15 23
15 4
15 37
15 29
15 21
15 34
15 30
15 12
15 2
15 32
15 49
15 45
15 42
15 46
15 0
15 28
25
16 1
16 46
16 18
16 19
16 14
16 7
16 17
16 0
16 12
16 33
16 47
16 45
16 2
16 13
16 3
16 26
16 21
16 40
16 32
16 25
16 28
16 38
16 11
16 39
16 15
22
17 23
17 33
17 40
17 32
17 14
17 49
17 7
17 26
17 28
17 12
17 45
17 35
17 39
17 31
17 8
17 29
17 44
17 11
17 38
17 37
17 18
17 2
18
18 46
18 14
18 26
18 24
18 13
18 41
18 22
18 12
18 3
18 40
18 42
18 45
18 36
18 48
18 25
18 27
18 49
18 8
19
19 48
19 0
19 27
19 10
19 30
19 37
19 41
19 28
19 6
19 46
19 43
19 45
19 8
19 18
19 32
19 34
19 15
19 47
19 1
27
20 39
20 21
20 37
20 31
20 33
20 32
20 30
20 12
20 25
20 4
20 47
20 40
20 17
20 13
20 22
20 35
20 14
20 26
20 36
20 38
20 2
20 15
20 44
20 19
20 24
20 43
20 23
21
21 2
21 34
21 42
21 40
21 9
21 17
21 23
21 35
21 32
21 47
21 33
21 0
21 43
21 11
21 28
21 22
21 6
21 14
21 31
21 39
21 44
16
22 23
22 43
22 16
22 1
22 42
22 25
22 19
22 35
22 28
22 14
22 4
22 38
22 29
22 45
22 39
22 36
18
23 10
23 46
23 6
23 37
23 38
23 18
23 33
23 27
23 30
23 14
23 34
23 8
23 5
23 12
23 36
23 40
23 35
23 41
19
24 28
24 39
24 1
24 32
24 16
24 17
24 30
24 29
24 44
24 36
24 19
24 15
24 13
24 22
24 40
24 27
24 9
24 7
24 33
22
25 9
25 29
25 3
25 24
25 0
25 6
25 41
25 45
25 14
25 5
25 33
25 7
25 28
25 46
25 35
25 44
25 15
25 21
25 4
25 48
25 40
25 23
12
26 48
26 25
26 45
26 3
26 47
26 41
26 46
26 21
26 39
26 31
26 22
26 33
23
27 8
27 17
27 47
27 13
27 11
27 22
27 6
27 3
27 29
27 39
27 32
27 42
27 34
27 10
27 7
27 45
27 25
27 5
27 48
27 15
27 44
27 35
27 26
21
28 18
28 38
28 41
28 1
28 29
28 27
28 49
28 35
28 42
28 48
28 2
28 4
28 12
28 20
28 39
28 23
28 43
28 5
28 33
28 32
28 9
23
29 42
29 14
29 23
29 18
29 20
29 7
29 41
29 32
29 49
29 31
29 35
29 0
29 1
29 11
29 43
29 36
29 19
29 10
29 3
29 2
29 47
29 21
29 45
20
30 35
30 3
30 28
30 33
30 31
30 17
30 36
30 25
30 21
30 43
30 9
30 12
30 37
30 29
30 27
30 40
30 16
30 42
30 13
30 32
20
31 48
31 6
31 19
31 9
31 22
31 25
31 18
31 41
31 33
31 24
31 49
31 43
31 34
31 15
31 42
31 47
31 36
31 1
31 28
31 46
16
32 41
32 35
32 0
32 33
32 1
32 43
32 14
32 26
32 39
32 22
32 37
32 23
32 31
32 48
32 38
32 36
11
33 13
33 14
33 36
33 41
33 22
33 43
33 19
33 8
33 18
33 7
33 15
25
34 7
34 14
34 30
34 4
34 22
34 26
34 46
34 39
34 40
34 10
34 45
34 5
34 29
34 12
34 49
34 16
34 18
34 36
34 48
34 41
34 0
34 32
34 33
34 9
34 28
18
35 14
35 33
35 9
35 45
35 40
35 38
35 12
35 24
35 43
35 18
35 15
35 8
35 16
35 34
35 2
35 19
35 5
35 3
19
36 42
36 40
36 0
36 48
36 16
36 35
36 14
36 19
36 37
36 2
36 7
36 12
36 26
36 15
36 17
36 45
36 3
36 38
36 39
24
37 0
37 2
37 28
37 26
37 4
37 27
37 18
37 35
37 13
37 24
37 9
37 40
37 7
37 49
37 25
37 42
37 48
37 34
37 21
37 11
37 22
37 44
37 5
37 6
23
38 12
38 24
38 47
38 21
38 3
38 19
38 6
38 30
38 8
38 5
38 31
38 9
38 33
38 13
38 34
38 42
38 27
38 40
38 4
38 26
38 15
38 45
38 37
16
39 41
39 4
39 0
39 2
39 5
39 23
39 15
39 19
39 29
39 31
39 25
39 37
39 3
39 42
39 40
39 38
12
40 8
40 32
40 12
40 22
40 0
40 45
40 15
40 44
40 5
40 41
40 48
40 28
17
41 35
41 37
41 3
41 17
41 22
41 47
41 16
41 9
41 36
41 48
41 24
41 5
41 0
41 6
41 10
41 49
41 21
21
42 34
42 17
42 46
42 3
42 25
42 33
42 19
42 16
42 2
42 5
42 35
42 9
42 24
42 1
42 47
42 20
42 26
42 8
42 11
42 7
42 40
19
43 46
43 10
43 1
43 49
43 13
43 37
43 34
43 48
43 27
43 25
43 4
43 36
43 18
43 17
43 9
43 16
43 15
43 38
43 11
15
44 13
44 47
44 36
44 49
44 1
44 15
44 45
44 39
44 11
44 32
44 28
44 31
44 18
44 12
44 30
13
45 11
45 47
45 46
45 31
45 43
45 23
45 6
45 30
45 2
45 41
45 13
45 33
45 37
24
46 21
46 7
46 17
46 47
46 9
46 33
46 29
46 0
46 41
46 39
46 30
46 38
46 27
46 49
46 8
46 14
46 20
46 32
46 44
46 36
46 22
46 28
46 4
46 24
21
47 28
47 35
47 7
47 10
47 37
47 25
47 6
47 39
47 1
47 36
47 2
47 15
47 18
47 22
47 49
47 43
47 9
47 23
47 17
47 13
47 48
18
48 9
48 15
48 24
48 17
48 8
48 35
48 12
48 46
48 7
48 39
48 44
48 23
48 22
48 30
48 29
48 38
48 42
48 21
16
49 19
49 32
49 26
49 35
49 38
49 27
49 8
49 1
49 24
49 22
49 23
49 33
49 21
49 9
49 3
49 16
