50
0 "A36"
1 "A35"
2 "A33"
3 "A19"
4 "A20"
5 "A28"
6 "A29"
7 "A8"
8 "A31"
9 "A38"
10 "A43"
11 "A42"
12 "A17"
13 "A15"
14 "A39"
15 "A48"
16 "A34"
17 "A30"
18 "A44"
19 "A9"
20 "A27"
21 "A40"
22 "A5"
23 "A16"
24 "A18"
25 "A23"
26 "A2"
27 "A26"
28 "A37"
29 "A4"
30 "A10"
31 "A13"
32 "A45"
33 "A49"
34 "A22"
35 "A25"
36 "A3"
37 "A7"
38 "A47"
39 "A0"
40 "A1"
41 "A21"
42 "A32"
43 "A41"
44 "A12"
45 "A14"
46 "A46"
47 "A24"
48 "A11"
49 "A6"
16
0 13
0 4
0 43
0 31
0 34
0 26
0 42
0 22
0 44
0 38
0 29
0 49
0 33
0 48
0 47
0 9
22
1 18
1 17
1 30
1 46
1 20
1 5
1 12
1 35
1 13
1 4
1 26
1 14
1 45
1 48
1 29
1 21
1 33
1 6
1 0
1 9
1 36
1 10
20
2 46
2 26
2 33
2 9
2 44
2 40
2 31
2 49
2 5
2 10
2 27
2 45
2 35
2 34
2 30
2 23
2 41
2 17
2 22
2 14
22
3 34
3 40
3 2
3 28
3 1
3 33
3 15
3 29
3 22
3 43
3 0
3 47
3 13
3 23
3 21
3 44
3 11
3 37
3 20
3 32
3 38
3 14
18
4 14
4 49
4 2
4 41
4 31
4 6
4 33
4 48
4 44
4 13
4 3
4 9
4 27
4 43
4 47
4 28
4 36
4 29
15
5 16
5 26
5 47
5 10
5 7
5 22
5 12
5 17
5 49
5 19
5 40
5 32
5 0
5 3
5 4
23
6 39
6 24
6 8
6 41
6 16
6 42
6 3
6 28
6 22
6 32
6 34
6 48
6 36
6 7
6 40
6 47
6 18
6 12
6 49
6 17
6 46
6 43
6 30
22
7 35
7 38
7 45
7 32
7 20
7 49
7 19
7 23
7 13
7 15
7 27
7 30
7 3
7 29
7 42
7 12
7 34
7 40
7 0
7 11
7 22
7 9
21
8 4
8 1
8 30
8 12
8 22
8 5
8 45
8 24
8 2
8 14
8 48
8 35
8 7
8 28
8 26
8 13
8 9
8 39
8 42
8 25
8 44
14
9 19
9 23
9 22
9 33
9 26
9 13
9 15
9 36
9 37
9 32
9 45
9 49
9 17
9 16
22
10 26
10 20
10 24
10 4
10 9
10 15
10 36
10 47
10 6
10 7
10 8
10 30
10 0
10 33
10 27
10 31
10 46
10 42
10 35
10 3
10 40
10 38
24
11 5
11 40
11 35
11 6
11 8
11 39
11 28
11 15
11 30
11 36
11 19
11 18
11 2
11 47
11 9
11 42
11 34
11 10
11 32
11 48
11 41
11 24
11 22
11 4
22
12 43
12 13
12 0
12 29
12 22
12 11
12 3
12 37
12 47
12 10
12 41
12 33
12 2
12 19
12 48
12 21
12 31
12 9
12 32
12 24
12 39
12 38
19
13 49
13 6
13 5
13 34
13 11
13 22
13 25
13 17
13 32
13 31
13 10
13 21
13 42
13 29
13 14
13 46
13 30
13 28
13 19
18
14 39
14 47
14 45
14 48
14 28
14 44
14 6
14 38
14 5
14 7
14 29
14 19
14 27
14 43
14 11
14 9
14 30
14 37
23
15 21
15 34
15 32
15 49
15 37
15 46
15 0
15 42
15 26
15 5
15 41
15 1
15 28
15 4
15 12
15 6
15 14
15 13
15 29
15 2
15 19
15 30
15 8
17
16 45
16 1
16 46
16 18
16 25
16 33
16 7
16 26
16 0
16 11
16 40
16 35
16 29
16 32
16 3
16 39
16 17
20
17 38
17 39
17 32
17 40
17 11
17 25
17 23
17 26
17 7
17 3
17 18
17 28
17 49
17 44
17 42
17 14
17 19
17 29
17 35
17 4
24
18 5
18 20
18 13
18 48
18 33
18 27
18 40
18 39
18 14
18 41
18 37
18 4
18 30
18 34
18 49
18 10
18 31
18 9
18 3
18 0
18 12
18 7
18 35
18 21
18
19 20
19 30
19 8
19 21
19 25
19 46
19 6
19 32
19 43
19 41
19 48
19 16
19 47
19 18
19 0
19 33
19 27
19 10
24
20 12
20 25
20 5
20 37
20 15
20 13
20 27
20 9
20 4
20 44
20 22
20 0
20 47
20 21
20 39
20 14
20 28
20 26
20 11
20 16
20 24
20 31
20 6
20 30
24
21 47
21 7
21 32
21 31
21 34
21 10
21 39
21 9
21 17
21 23
21 44
21 6
21 0
21 2
21 11
21 40
21 22
21 8
21 43
21 28
21 14
21 27
21 41
21 26
17
22 41
22 25
22 28
22 1
22 39
22 19
22 45
22 48
22 42
22 36
22 10
22 23
22 14
22 15
22 43
22 29
22 38
20
23 40
23 14
23 27
23 10
23 46
23 6
23 37
23 35
23 19
23 5
23 33
23 38
23 8
23 30
23 11
23 18
23 48
23 42
23 44
23 41
24
24 9
24 32
24 16
24 17
24 43
24 45
24 0
24 30
24 36
24 2
24 39
24 15
24 13
24 27
24 34
24 4
24 21
24 22
24 18
24 7
24 28
24 1
24 19
24 5
26
25 39
25 33
25 48
25 40
25 4
25 3
25 24
25 0
25 6
25 41
25 45
25 14
25 5
25 7
25 46
25 44
25 42
25 12
25 28
25 32
25 11
25 49
25 37
25 30
25 36
25 23
17
26 22
26 47
26 3
26 25
26 11
26 45
26 19
26 44
26 23
26 32
26 30
26 36
26 24
26 40
26 7
26 27
26 29
19
27 15
27 3
27 5
27 29
27 39
27 16
27 25
27 34
27 6
27 8
27 17
27 12
27 30
27 40
27 49
27 47
27 11
27 36
27 0
19
28 42
28 1
28 29
28 27
28 49
28 35
28 5
28 16
28 43
28 26
28 41
28 0
28 12
28 9
28 23
28 2
28 33
28 18
28 38
17
29 32
29 8
29 49
29 42
29 2
29 6
29 43
29 25
29 47
29 19
29 18
29 45
29 10
29 41
29 23
29 20
29 31
16
30 36
30 43
30 12
30 40
30 29
30 3
30 32
30 9
30 49
30 4
30 37
30 33
30 21
30 16
30 0
30 39
12
31 24
31 9
31 25
31 47
31 42
31 8
31 5
31 23
31 46
31 14
31 1
31 39
22
32 41
32 48
32 0
32 27
32 2
32 33
32 38
32 43
32 14
32 1
32 37
32 23
32 18
32 31
32 10
32 45
32 22
32 20
32 40
32 44
32 36
32 8
16
33 13
33 22
33 7
33 26
33 44
33 14
33 6
33 20
33 29
33 41
33 8
33 40
33 39
33 24
33 48
33 5
23
34 10
34 32
34 41
34 5
34 4
34 29
34 48
34 39
34 31
34 36
34 46
34 43
34 49
34 9
34 45
34 14
34 35
34 17
34 16
34 33
34 28
34 25
34 20
17
35 19
35 44
35 12
35 3
35 33
35 5
35 15
35 14
35 38
35 27
35 32
35 9
35 6
35 24
35 25
35 26
35 29
16
36 45
36 13
36 19
36 7
36 49
36 48
36 35
36 16
36 15
36 28
36 31
36 0
36 46
36 38
36 2
36 42
21
37 48
37 29
37 22
37 35
37 5
37 0
37 24
37 28
37 26
37 6
37 27
37 40
37 47
37 13
37 11
37 19
37 42
37 38
37 31
37 46
37 10
21
38 6
38 24
38 47
38 34
38 15
38 19
38 31
38 9
38 1
38 27
38 29
38 13
38 18
38 21
38 48
38 42
38 30
38 33
38 40
38 5
38 4
20
39 1
39 7
39 28
39 38
39 41
39 45
39 32
39 2
39 23
39 48
39 4
39 29
39 0
39 37
39 19
39 26
39 10
39 5
39 15
39 9
16
40 20
40 41
40 13
40 48
40 35
40 24
40 45
40 29
40 12
40 34
40 15
40 14
40 36
40 39
40 19
40 8
23
41 35
41 36
41 5
41 49
41 47
41 31
41 9
41 16
41 24
41 42
41 13
41 20
41 14
41 7
41 10
41 38
41 0
41 30
41 8
41 45
41 17
41 27
41 1
18
42 40
42 24
42 44
42 19
42 16
42 2
42 20
42 5
42 21
42 35
42 3
42 47
42 4
42 14
42 34
42 26
42 9
42 18
24
43 23
43 46
43 10
43 37
43 49
43 15
43 8
43 27
43 17
43 41
43 25
43 31
43 39
43 36
43 7
43 9
43 20
43 5
43 44
43 11
43 48
43 38
43 40
43 26
17
44 38
44 13
44 47
44 49
44 40
44 1
44 9
44 11
44 18
44 30
44 24
44 5
44 36
44 12
44 28
44 19
44 6
18
45 37
45 31
45 43
45 30
45 23
45 42
45 5
45 47
45 38
45 28
45 46
45 44
45 10
45 27
45 15
45 35
45 17
45 33
25
46 14
46 0
46 27
46 28
46 21
46 7
46 24
46 47
46 42
46 20
46 29
46 4
46 41
46 44
46 11
46 48
46 32
46 22
46 38
46 30
46 49
46 17
46 26
46 8
46 33
19
47 8
47 1
47 25
47 34
47 35
47 36
47 32
47 49
47 17
47 28
47 9
47 30
47 48
47 2
47 24
47 15
47 23
47 33
47 22
12
48 17
48 3
48 21
48 30
48 5
48 16
48 42
48 15
48 44
48 35
48 28
48 20
17
49 24
49 26
49 35
49 38
49 32
49 33
49 1
49 21
49 39
49 3
49 14
49 20
49 22
49 11
49 31
49 23
49 19
