50
0 "A36"
1 "A35"
2 "A33"
3 "A19"
4 "A20"
5 "A28"
6 "A29"
7 "A8"
8 "A31"
9 "A38"
10 "A43"
11 "A42"
12 "A17"
13 "A15"
14 "A39"
15 "A48"
16 "A34"
17 "A30"
18 "A44"
19 "A9"
20 "A27"
21 "A40"
22 "A5"
23 "A16"
24 "A18"
25 "A23"
26 "A2"
27 "A26"
28 "A37"
29 "A4"
30 "A10"
31 "A13"
32 "A45"
33 "A49"
34 "A22"
35 "A25"
36 "A3"
37 "A7"
38 "A47"
39 "A0"
40 "A1"
41 "A21"
42 "A32"
43 "A41"
44 "A12"
45 "A14"
46 "A46"
47 "A24"
48 "A11"
49 "A6"
13
0 20
0 13
0 8
0 18
0 46
0 2
0 1
0 10
0 3
0 30
0 22
0 45
0 14
19
1 48
1 29
1 14
1 9
1 5
1 34
1 21
1 8
1 23
1 10
1 37
1 2
1 47
1 33
1 43
1 30
1 3
1 24
1 12
15
2 12
2 24
2 46
2 25
2 22
2 29
2 39
2 26
2 9
2 8
2 13
2 20
2 4
2 11
2 27
21
3 15
3 16
3 9
3 17
3 41
3 8
3 2
3 7
3 30
3 37
3 10
3 6
3 46
3 22
3 36
3 19
3 18
3 38
3 34
3 23
3 13
29
4 40
4 22
4 11
4 32
4 38
4 9
4 8
4 37
4 12
4 26
4 14
4 49
4 18
4 5
4 20
4 25
4 19
4 3
4 0
4 39
4 1
4 41
4 34
4 36
4 29
4 33
4 16
4 21
4 42
16
5 12
5 40
5 34
5 39
5 16
5 22
5 43
5 8
5 28
5 20
5 0
5 11
5 23
5 13
5 47
5 18
19
6 16
6 45
6 23
6 37
6 43
6 12
6 29
6 39
6 15
6 41
6 36
6 21
6 4
6 24
6 28
6 0
6 30
6 9
6 13
23
7 1
7 35
7 16
7 5
7 43
7 42
7 13
7 40
7 9
7 49
7 34
7 26
7 41
7 31
7 21
7 6
7 28
7 0
7 29
7 39
7 24
7 20
7 2
18
8 32
8 48
8 33
8 25
8 31
8 11
8 6
8 17
8 30
8 46
8 20
8 13
8 44
8 47
8 26
8 18
8 37
8 24
16
9 18
9 42
9 26
9 37
9 17
9 29
9 33
9 16
9 0
9 49
9 34
9 13
9 35
9 41
9 39
9 15
26
10 39
10 44
10 29
10 5
10 30
10 11
10 35
10 24
10 36
10 14
10 25
10 7
10 4
10 18
10 43
10 47
10 12
10 33
10 6
10 8
10 21
10 27
10 23
10 48
10 15
10 9
17
11 33
11 16
11 30
11 22
11 24
11 47
11 14
11 38
11 3
11 15
11 19
11 46
11 0
11 1
11 39
11 26
11 20
22
12 40
12 18
12 3
12 41
12 13
12 9
12 46
12 42
12 26
12 35
12 23
12 0
12 33
12 24
12 36
12 43
12 31
12 44
12 17
12 38
12 30
12 39
22
13 43
13 31
13 33
13 39
13 47
13 10
13 4
13 48
13 35
13 37
13 25
13 11
13 46
13 45
13 29
13 41
13 26
13 16
13 38
13 19
13 14
13 32
20
14 25
14 46
14 47
14 24
14 9
14 8
14 12
14 38
14 15
14 7
14 32
14 6
14 41
14 42
14 16
14 23
14 19
14 30
14 43
14 35
19
15 19
15 49
15 27
15 12
15 5
15 22
15 26
15 25
15 23
15 13
15 8
15 0
15 30
15 21
15 35
15 32
15 38
15 46
15 28
18
16 12
16 31
16 21
16 1
16 39
16 32
16 0
16 18
16 37
16 23
16 2
16 22
16 8
16 20
16 42
16 24
16 10
16 30
23
17 11
17 40
17 33
17 0
17 18
17 26
17 5
17 15
17 16
17 24
17 1
17 14
17 36
17 34
17 4
17 25
17 44
17 2
17 46
17 35
17 13
17 7
17 27
19
18 14
18 35
18 27
18 28
18 49
18 32
18 7
18 41
18 21
18 38
18 15
18 39
18 13
18 19
18 20
18 11
18 2
18 1
18 40
17
19 24
19 28
19 37
19 6
19 49
19 5
19 1
19 10
19 27
19 33
19 44
19 38
19 16
19 17
19 25
19 9
19 0
21
20 15
20 41
20 31
20 12
20 27
20 10
20 46
20 43
20 6
20 49
20 45
20 35
20 25
20 40
20 3
20 34
20 1
20 22
20 30
20 21
20 9
21
21 11
21 0
21 44
21 40
21 34
21 27
21 43
21 37
21 47
21 49
21 28
21 13
21 8
21 9
21 24
21 5
21 45
21 30
21 26
21 19
21 14
22
22 30
22 38
22 13
22 45
22 17
22 24
22 46
22 40
22 39
22 27
22 43
22 23
22 29
22 9
22 8
22 19
22 49
22 28
22 18
22 34
22 31
22 1
18
23 20
23 36
23 0
23 18
23 43
23 21
23 31
23 2
23 49
23 35
23 26
23 45
23 7
23 37
23 42
23 8
23 4
23 24
17
24 0
24 9
24 34
24 4
24 49
24 31
24 36
24 46
24 44
24 38
24 15
24 13
24 42
24 5
24 45
24 3
24 37
26
25 24
25 43
25 0
25 45
25 18
25 28
25 49
25 38
25 16
25 33
25 34
25 12
25 6
25 1
25 31
25 47
25 9
25 35
25 39
25 27
25 7
25 3
25 21
25 29
25 40
25 22
16
26 3
26 41
26 29
26 20
26 18
26 14
26 19
26 1
26 47
26 24
26 39
26 32
26 33
26 49
26 22
26 36
20
27 28
27 41
27 8
27 16
27 39
27 9
27 47
27 1
27 0
27 3
27 37
27 32
27 34
27 42
27 23
27 35
27 24
27 48
27 13
27 7
18
28 37
28 26
28 4
28 8
28 31
28 16
28 17
28 36
28 11
28 9
28 24
28 30
28 13
28 38
28 14
28 39
28 40
28 10
22
29 34
29 20
29 15
29 14
29 17
29 40
29 44
29 27
29 28
29 23
29 31
29 24
29 5
29 49
29 18
29 36
29 12
29 32
29 42
29 41
29 33
29 21
16
30 39
30 13
30 19
30 35
30 26
30 5
30 4
30 27
30 44
30 25
30 46
30 2
30 49
30 17
30 37
30 34
14
31 27
31 47
31 35
31 17
31 14
31 6
31 5
31 3
31 30
31 19
31 46
31 49
31 37
31 15
23
32 6
32 5
32 7
32 9
32 45
32 38
32 22
32 21
32 0
32 35
32 28
32 42
32 25
32 49
32 33
32 46
32 11
32 36
32 17
32 3
32 31
32 41
32 24
18
33 14
33 0
33 16
33 5
33 28
33 42
33 31
33 7
33 18
33 30
33 23
33 45
33 39
33 3
33 44
33 21
33 35
33 37
18
34 11
34 0
34 14
34 16
34 19
34 26
34 44
34 8
34 18
34 23
34 28
34 31
34 32
34 6
34 46
34 15
34 12
34 33
19
35 6
35 42
35 34
35 45
35 39
35 16
35 29
35 36
35 28
35 8
35 5
35 0
35 2
35 41
35 40
35 22
35 11
35 43
35 24
23
36 2
36 33
36 31
36 27
36 34
36 39
36 5
36 40
36 41
36 8
36 44
36 22
36 47
36 20
36 14
36 1
36 45
36 16
36 9
36 49
36 0
36 11
36 43
15
37 5
37 0
37 22
37 47
37 49
37 45
37 29
37 7
37 12
37 25
37 39
37 35
37 34
37 42
37 15
20
38 36
38 7
38 1
38 10
38 41
38 8
38 5
38 27
38 17
38 37
38 29
38 40
38 47
38 30
38 26
38 2
38 43
38 0
38 31
38 33
11
39 3
39 14
39 23
39 15
39 17
39 34
39 24
39 31
39 32
39 42
39 38
19
40 9
40 2
40 48
40 33
40 1
40 24
40 6
40 41
40 31
40 13
40 34
40 0
40 37
40 10
40 11
40 15
40 32
40 26
40 19
19
41 5
41 24
41 42
41 23
41 2
41 34
41 37
41 43
41 22
41 10
41 21
41 8
41 1
41 28
41 19
41 15
41 25
41 16
41 44
21
42 17
42 40
42 11
42 25
42 5
42 48
42 36
42 18
42 13
42 26
42 20
42 28
42 30
42 38
42 2
42 6
42 10
42 34
42 8
42 15
42 0
17
43 40
43 42
43 33
43 2
43 29
43 9
43 37
43 28
43 39
43 24
43 32
43 18
43 26
43 19
43 45
43 27
43 15
23
44 7
44 16
44 1
44 18
44 14
44 3
44 23
44 13
44 32
44 42
44 22
44 11
44 28
44 45
44 43
44 0
44 39
44 6
44 15
44 48
44 4
44 40
44 38
22
45 7
45 14
45 38
45 1
45 27
45 47
45 4
45 46
45 31
45 17
45 40
45 12
45 28
45 11
45 42
45 30
45 10
45 29
45 34
45 49
45 48
45 41
20
46 28
46 40
46 19
46 25
46 6
46 35
46 49
46 37
46 16
46 18
46 38
46 26
46 27
46 29
46 43
46 44
46 21
46 4
46 7
46 33
24
47 20
47 16
47 35
47 34
47 22
47 2
47 46
47 24
47 23
47 29
47 32
47 15
47 6
47 30
47 3
47 17
47 0
47 7
47 33
47 39
47 19
47 28
47 12
47 41
26
48 38
48 46
48 20
48 47
48 4
48 16
48 0
48 36
48 23
48 33
48 31
48 22
48 17
48 2
48 15
48 12
48 11
48 19
48 28
48 14
48 35
48 25
48 43
48 7
48 21
48 26
19
49 35
49 16
49 39
49 3
49 13
49 44
49 14
49 27
49 1
49 11
49 33
49 28
49 2
49 40
49 34
49 17
49 0
49 41
49 43
