50
0 "A36"
1 "A35"
2 "A33"
3 "A19"
4 "A20"
5 "A28"
6 "A29"
7 "A8"
8 "A31"
9 "A38"
10 "A43"
11 "A42"
12 "A17"
13 "A15"
14 "A39"
15 "A48"
16 "A34"
17 "A30"
18 "A44"
19 "A9"
20 "A27"
21 "A40"
22 "A5"
23 "A16"
24 "A18"
25 "A23"
26 "A2"
27 "A26"
28 "A37"
29 "A4"
30 "A10"
31 "A13"
32 "A45"
33 "A49"
34 "A22"
35 "A25"
36 "A3"
37 "A7"
38 "A47"
39 "A0"
40 "A1"
41 "A21"
42 "A32"
43 "A41"
44 "A12"
45 "A14"
46 "A46"
47 "A24"
48 "A11"
49 "A6"
21
0 18
0 5
0 15
0 19
0 47
0 14
0 30
0 39
0 10
0 16
0 11
0 31
0 36
0 45
0 9
0 24
0 6
0 43
0 29
0 2
0 3
21
1 21
1 42
1 48
1 11
1 26
1 32
1 22
1 41
1 16
1 23
1 14
1 0
1 44
1 45
1 2
1 9
1 4
1 37
1 13
1 47
1 33
13
2 41
2 37
2 28
2 43
2 25
2 20
2 21
2 46
2 26
2 32
2 42
2 15
2 3
26
3 39
3 44
3 11
3 49
3 47
3 7
3 15
3 28
3 10
3 43
3 18
3 41
3 37
3 45
3 33
3 36
3 5
3 9
3 12
3 48
3 32
3 34
3 1
3 46
3 6
3 42
26
4 35
4 28
4 6
4 8
4 23
4 20
4 46
4 13
4 39
4 45
4 44
4 17
4 25
4 43
4 24
4 36
4 3
4 26
4 14
4 0
4 18
4 10
4 12
4 7
4 48
4 22
21
5 19
5 48
5 47
5 42
5 36
5 7
5 29
5 12
5 39
5 15
5 34
5 30
5 37
5 27
5 23
5 4
5 2
5 14
5 1
5 35
5 33
14
6 45
6 1
6 37
6 34
6 27
6 26
6 11
6 5
6 38
6 49
6 14
6 20
6 33
6 43
22
7 15
7 13
7 48
7 29
7 41
7 33
7 47
7 36
7 37
7 28
7 43
7 35
7 19
7 2
7 25
7 23
7 49
7 1
7 6
7 39
7 24
7 0
22
8 37
8 5
8 45
8 18
8 40
8 28
8 35
8 25
8 24
8 16
8 27
8 2
8 17
8 19
8 30
8 21
8 6
8 20
8 47
8 49
8 44
8 38
24
9 47
9 29
9 6
9 5
9 30
9 32
9 24
9 26
9 33
9 12
9 36
9 35
9 43
9 2
9 22
9 37
9 8
9 34
9 45
9 17
9 15
9 13
9 4
9 27
16
10 11
10 36
10 29
10 7
10 38
10 5
10 15
10 48
10 14
10 16
10 18
10 49
10 35
10 47
10 26
10 8
21
11 2
11 22
11 45
11 5
11 15
11 7
11 37
11 8
11 40
11 4
11 31
11 36
11 46
11 28
11 27
11 39
11 41
11 14
11 24
11 43
11 23
15
12 1
12 21
12 46
12 27
12 0
12 32
12 30
12 26
12 10
12 7
12 41
12 23
12 8
12 38
12 45
19
13 34
13 26
13 47
13 46
13 14
13 10
13 30
13 31
13 11
13 21
13 35
13 33
13 39
13 12
13 15
13 16
13 3
13 49
13 48
14
14 7
14 17
14 30
14 49
14 45
14 34
14 27
14 32
14 40
14 8
14 41
14 39
14 28
14 33
16
15 25
15 49
15 21
15 14
15 35
15 39
15 36
15 22
15 6
15 4
15 1
15 17
15 16
15 8
15 12
15 33
21
16 43
16 44
16 39
16 49
16 24
16 48
16 7
16 11
16 22
16 20
16 35
16 36
16 2
16 42
16 19
16 37
16 31
16 29
16 14
16 4
16 27
22
17 13
17 3
17 39
17 24
17 47
17 38
17 5
17 1
17 21
17 49
17 7
17 33
17 12
17 25
17 42
17 37
17 18
17 6
17 10
17 2
17 30
17 31
15
18 2
18 13
18 24
18 14
18 25
18 15
18 42
18 5
18 12
18 45
18 49
18 44
18 22
18 6
18 31
23
19 45
19 46
19 21
19 17
19 6
19 34
19 27
19 25
19 23
19 4
19 48
19 15
19 39
19 13
19 3
19 11
19 10
19 22
19 44
19 12
19 38
19 31
19 49
22
20 10
20 25
20 39
20 14
20 18
20 38
20 47
20 7
20 3
20 13
20 48
20 9
20 0
20 29
20 36
20 41
20 21
20 12
20 23
20 24
20 46
20 32
21
21 36
21 30
21 26
21 35
21 0
21 48
21 11
21 10
21 3
21 40
21 14
21 46
21 4
21 44
21 41
21 16
21 39
21 25
21 42
21 31
21 9
14
22 30
22 31
22 17
22 37
22 13
22 7
22 46
22 25
22 5
22 21
22 48
22 2
22 35
22 0
17
23 10
23 33
23 9
23 39
23 6
23 16
23 22
23 14
23 3
23 0
23 17
23 43
23 8
23 44
23 32
23 46
23 31
21
24 5
24 41
24 15
24 36
24 10
24 26
24 1
24 34
24 48
24 19
24 35
24 6
24 27
24 42
24 12
24 40
24 45
24 29
24 44
24 23
24 31
18
25 6
25 24
25 12
25 9
25 5
25 33
25 44
25 13
25 35
25 47
25 45
25 23
25 3
25 0
25 36
25 39
25 34
25 11
23
26 25
26 31
26 15
26 43
26 35
26 0
26 16
26 30
26 22
26 19
26 7
26 44
26 23
26 18
26 48
26 3
26 17
26 29
26 47
26 36
26 37
26 27
26 14
19
27 1
27 32
27 3
27 38
27 10
27 48
27 33
27 23
27 30
27 13
27 46
27 49
27 42
27 22
27 20
27 4
27 2
27 37
27 17
26
28 17
28 34
28 21
28 10
28 44
28 1
28 23
28 32
28 0
28 38
28 22
28 24
28 46
28 19
28 15
28 13
28 37
28 40
28 9
28 42
28 6
28 27
28 45
28 16
28 12
28 47
16
29 23
29 41
29 14
29 13
29 1
29 21
29 18
29 2
29 48
29 27
29 4
29 3
29 22
29 17
29 49
29 31
18
30 15
30 19
30 28
30 35
30 47
30 4
30 10
30 48
30 11
30 44
30 25
30 24
30 2
30 41
30 3
30 40
30 46
30 39
23
31 43
31 8
31 44
31 30
31 37
31 46
31 20
31 2
31 15
31 10
31 7
31 34
31 14
31 38
31 48
31 3
31 36
31 47
31 42
31 27
31 9
31 1
31 39
18
32 0
32 19
32 30
32 4
32 48
32 34
32 8
32 5
32 18
32 7
32 13
32 47
32 35
32 26
32 33
32 31
32 17
32 24
17
33 42
33 36
33 4
33 29
33 34
33 26
33 47
33 28
33 24
33 16
33 12
33 19
33 41
33 18
33 11
33 21
33 38
16
34 22
34 7
34 27
34 30
34 42
34 10
34 48
34 18
34 26
34 36
34 29
34 4
34 12
34 15
34 17
34 1
24
35 11
35 1
35 29
35 6
35 23
35 45
35 40
35 31
35 28
35 18
35 3
35 46
35 33
35 43
35 2
35 27
35 36
35 34
35 12
35 39
35 17
35 37
35 38
35 20
14
36 17
36 43
36 28
36 18
36 27
36 22
36 12
36 14
36 48
36 23
36 13
36 2
36 6
36 1
21
37 15
37 43
37 30
37 41
37 39
37 21
37 13
37 44
37 36
37 29
37 32
37 47
37 25
37 20
37 24
37 33
37 14
37 46
37 45
37 4
37 18
24
38 0
38 37
38 30
38 21
38 24
38 15
38 14
38 18
38 48
38 43
38 36
38 23
38 46
38 29
38 1
38 13
38 16
38 2
38 49
38 44
38 11
38 45
38 34
38 26
17
39 12
39 34
39 18
39 27
39 33
39 43
39 10
39 48
39 36
39 6
39 44
39 8
39 28
39 32
39 2
39 26
39 40
26
40 25
40 23
40 22
40 4
40 0
40 17
40 29
40 34
40 41
40 5
40 18
40 38
40 10
40 36
40 9
40 12
40 44
40 27
40 2
40 37
40 31
40 7
40 32
40 42
40 6
40 15
18
41 43
41 13
41 45
41 31
41 44
41 42
41 39
41 35
41 16
41 32
41 34
41 49
41 28
41 10
41 27
41 48
41 22
41 15
22
42 11
42 38
42 47
42 26
42 36
42 23
42 22
42 10
42 13
42 39
42 4
42 37
42 46
42 15
42 49
42 48
42 43
42 6
42 0
42 25
42 8
42 45
17
43 13
43 12
43 5
43 20
43 48
43 25
43 19
43 28
43 44
43 34
43 40
43 22
43 17
43 18
43 29
43 21
43 27
17
44 22
44 5
44 15
44 47
44 42
44 6
44 10
44 48
44 32
44 0
44 34
44 46
44 7
44 17
44 12
44 35
44 29
21
45 36
45 27
45 43
45 15
45 44
45 31
45 34
45 48
45 26
45 7
45 16
45 10
45 30
45 40
45 47
45 13
45 32
45 39
45 20
45 22
45 46
21
46 16
46 39
46 8
46 47
46 41
46 43
46 17
46 7
46 49
46 34
46 40
46 33
46 15
46 25
46 10
46 18
46 6
46 0
46 36
46 29
46 48
18
47 39
47 24
47 4
47 16
47 35
47 36
47 14
47 19
47 23
47 12
47 34
47 18
47 41
47 22
47 43
47 38
47 11
47 49
14
48 9
48 12
48 8
48 37
48 28
48 47
48 6
48 23
48 35
48 11
48 15
48 2
48 18
48 0
25
49 1
49 21
49 33
49 37
49 30
49 28
49 40
49 12
49 20
49 31
49 36
49 5
49 35
49 9
49 25
49 24
49 4
49 45
49 39
49 44
49 0
49 2
49 43
49 48
49 11
