50
0 "A36"
1 "A35"
2 "A33"
3 "A19"
4 "A20"
5 "A28"
6 "A29"
7 "A8"
8 "A31"
9 "A38"
10 "A43"
11 "A42"
12 "A17"
13 "A15"
14 "A39"
15 "A48"
16 "A34"
17 "A30"
18 "A44"
19 "A9"
20 "A27"
21 "A40"
22 "A5"
23 "A16"
24 "A18"
25 "A23"
26 "A2"
27 "A26"
28 "A37"
29 "A4"
30 "A10"
31 "A13"
32 "A45"
33 "A49"
34 "A22"
35 "A25"
36 "A3"
37 "A7"
38 "A47"
39 "A0"
40 "A1"
41 "A21"
42 "A32"
43 "A41"
44 "A12"
45 "A14"
46 "A46"
47 "A24"
48 "A11"
49 "A6"
19
0 10
0 41
0 8
0 46
0 1
0 35
0 42
0 24
0 33
0 43
0 15
0 5
0 16
0 34
0 14
0 6
0 26
0 47
0 19
22
1 37
1 22
1 2
1 26
1 24
1 15
1 8
1 34
1 29
1 28
1 12
1 25
1 16
1 48
1 19
1 42
1 9
1 7
1 14
1 21
1 4
1 33
13
2 43
2 3
2 25
2 30
2 16
2 45
2 28
2 21
2 33
2 37
2 46
2 42
2 29
24
3 39
3 15
3 45
3 12
3 9
3 11
3 29
3 41
3 48
3 10
3 42
3 36
3 44
3 33
3 23
3 47
3 14
3 28
3 1
3 46
3 4
3 6
3 0
3 32
26
4 44
4 35
4 19
4 34
4 20
4 16
4 10
4 37
4 14
4 23
4 25
4 18
4 0
4 17
4 45
4 46
4 43
4 5
4 15
4 13
4 32
4 48
4 39
4 49
4 36
4 12
26
5 27
5 1
5 46
5 20
5 8
5 13
5 19
5 9
5 47
5 29
5 18
5 26
5 7
5 22
5 48
5 32
5 3
5 30
5 37
5 49
5 16
5 33
5 34
5 35
5 42
5 2
16
6 43
6 14
6 44
6 17
6 19
6 12
6 2
6 38
6 41
6 25
6 5
6 34
6 45
6 18
6 1
6 4
19
7 19
7 24
7 35
7 21
7 0
7 10
7 6
7 12
7 46
7 47
7 27
7 32
7 28
7 2
7 9
7 42
7 41
7 23
7 18
22
8 35
8 17
8 40
8 15
8 13
8 30
8 27
8 47
8 45
8 28
8 29
8 39
8 31
8 3
8 38
8 20
8 34
8 49
8 19
8 18
8 41
8 6
21
9 4
9 45
9 14
9 16
9 29
9 34
9 42
9 13
9 6
9 49
9 30
9 32
9 12
9 28
9 36
9 37
9 46
9 22
9 43
9 15
9 2
25
10 26
10 35
10 34
10 38
10 45
10 29
10 39
10 15
10 36
10 48
10 32
10 27
10 5
10 20
10 8
10 24
10 41
10 46
10 43
10 18
10 22
10 14
10 9
10 44
10 49
22
11 18
11 24
11 30
11 42
11 4
11 40
11 37
11 31
11 1
11 10
11 36
11 8
11 7
11 33
11 22
11 32
11 47
11 19
11 46
11 29
11 5
11 23
16
12 0
12 10
12 14
12 45
12 31
12 47
12 30
12 15
12 5
12 2
12 41
12 27
12 21
12 13
12 11
12 24
22
13 6
13 11
13 15
13 44
13 26
13 43
13 49
13 19
13 48
13 29
13 3
13 35
13 2
13 23
13 28
13 10
13 39
13 18
13 31
13 1
13 0
13 45
19
14 20
14 2
14 27
14 7
14 25
14 44
14 45
14 8
14 42
14 23
14 24
14 37
14 31
14 32
14 17
14 34
14 18
14 39
14 11
16
15 22
15 31
15 42
15 47
15 18
15 28
15 11
15 29
15 6
15 32
15 44
15 40
15 21
15 43
15 14
15 38
23
16 19
16 6
16 23
16 48
16 40
16 37
16 46
16 7
16 39
16 36
16 15
16 41
16 20
16 45
16 31
16 34
16 3
16 27
16 32
16 14
16 10
16 44
16 8
25
17 11
17 43
17 48
17 1
17 21
17 0
17 45
17 15
17 10
17 12
17 49
17 22
17 24
17 25
17 13
17 38
17 39
17 5
17 3
17 19
17 9
17 35
17 18
17 28
17 42
16
18 9
18 40
18 16
18 0
18 41
18 31
18 29
18 37
18 2
18 39
18 25
18 30
18 48
18 35
18 12
18 3
16
19 2
19 48
19 40
19 18
19 45
19 21
19 24
19 15
19 44
19 42
19 3
19 26
19 14
19 49
19 46
19 35
22
20 29
20 47
20 39
20 42
20 21
20 30
20 11
20 0
20 41
20 38
20 7
20 9
20 37
20 13
20 34
20 24
20 12
20 15
20 19
20 49
20 2
20 25
20
21 44
21 45
21 41
21 38
21 8
21 31
21 35
21 16
21 4
21 42
21 36
21 30
21 26
21 0
21 40
21 13
21 11
21 9
21 18
21 3
21
22 0
22 3
22 2
22 47
22 37
22 45
22 16
22 14
22 49
22 35
22 21
22 12
22 34
22 20
22 38
22 28
22 18
22 32
22 7
22 27
22 13
17
23 22
23 0
23 17
23 19
23 21
23 2
23 38
23 6
23 48
23 1
23 42
23 24
23 39
23 41
23 12
23 18
23 28
24
24 5
24 31
24 18
24 36
24 35
24 45
24 28
24 6
24 22
24 27
24 26
24 40
24 49
24 43
24 44
24 15
24 4
24 48
24 25
24 32
24 38
24 16
24 21
24 3
25
25 13
25 30
25 39
25 42
25 21
25 48
25 16
25 35
25 15
25 3
25 31
25 45
25 49
25 5
25 22
25 29
25 41
25 23
25 10
25 32
25 9
25 19
25 12
25 28
25 33
21
26 4
26 40
26 36
26 35
26 41
26 18
26 25
26 14
26 7
26 6
26 17
26 16
26 20
26 47
26 38
26 8
26 30
26 42
26 31
26 37
26 9
19
27 2
27 3
27 37
27 44
27 48
27 26
27 1
27 15
27 21
27 39
27 42
27 28
27 0
27 9
27 31
27 13
27 30
27 17
27 32
19
28 4
28 20
28 14
28 36
28 42
28 10
28 45
28 31
28 0
28 19
28 26
28 16
28 43
28 21
28 47
28 18
28 35
28 29
28 12
18
29 23
29 19
29 12
29 41
29 42
29 36
29 34
29 31
29 4
29 45
29 27
29 17
29 14
29 43
29 39
29 0
29 7
29 21
19
30 29
30 35
30 4
30 41
30 13
30 19
30 39
30 0
30 22
30 23
30 42
30 28
30 15
30 33
30 49
30 45
30 47
30 24
30 3
21
31 39
31 44
31 43
31 20
31 9
31 23
31 2
31 3
31 40
31 47
31 38
31 4
31 19
31 7
31 42
31 41
31 10
31 46
31 34
31 22
31 5
18
32 33
32 43
32 6
32 17
32 42
32 35
32 8
32 18
32 12
32 23
32 44
32 13
32 26
32 19
32 30
32 0
32 48
32 20
24
33 23
33 9
33 41
33 6
33 15
33 17
33 13
33 45
33 19
33 12
33 26
33 10
33 18
33 14
33 28
33 31
33 16
33 39
33 4
33 20
33 47
33 21
33 42
33 8
19
34 2
34 44
34 17
34 13
34 41
34 12
34 36
34 15
34 40
34 19
34 18
34 24
34 27
34 35
34 48
34 23
34 26
34 32
34 30
11
35 40
35 45
35 6
35 1
35 20
35 14
35 49
35 2
35 9
35 41
35 27
15
36 31
36 35
36 13
36 41
36 17
36 19
36 7
36 20
36 8
36 0
36 27
36 30
36 37
36 6
36 1
24
37 23
37 45
37 10
37 12
37 30
37 33
37 0
37 47
37 8
37 35
37 42
37 29
37 7
37 31
37 44
37 15
37 41
37 25
37 34
37 21
37 13
37 43
37 24
37 6
24
38 16
38 29
38 5
38 44
38 32
38 14
38 36
38 1
38 7
38 13
38 2
38 9
38 34
38 37
38 39
38 0
38 33
38 28
38 25
38 12
38 27
38 18
38 41
38 30
13
39 46
39 43
39 32
39 36
39 0
39 37
39 26
39 21
39 19
39 6
39 12
39 15
39 34
21
40 36
40 32
40 10
40 5
40 27
40 38
40 14
40 9
40 37
40 39
40 1
40 43
40 20
40 22
40 12
40 13
40 23
40 28
40 6
40 0
40 17
16
41 19
41 27
41 13
41 40
41 43
41 11
41 14
41 39
41 5
41 2
41 46
41 32
41 28
41 47
41 17
41 22
13
42 41
42 24
42 6
42 36
42 44
42 39
42 10
42 13
42 22
42 16
42 18
42 48
42 49
20
43 8
43 20
43 33
43 44
43 7
43 36
43 19
43 18
43 48
43 34
43 5
43 12
43 1
43 21
43 22
43 14
43 27
43 42
43 45
43 25
14
44 5
44 8
44 12
44 20
44 22
44 2
44 7
44 48
44 9
44 40
44 17
44 0
44 1
44 36
16
45 7
45 44
45 32
45 36
45 23
45 15
45 26
45 20
45 41
45 40
45 34
45 47
45 49
45 39
45 27
45 18
20
46 21
46 38
46 42
46 12
46 40
46 33
46 47
46 25
46 44
46 13
46 20
46 34
46 22
46 18
46 8
46 32
46 37
46 27
46 49
46 17
18
47 42
47 19
47 38
47 13
47 14
47 21
47 29
47 1
47 18
47 48
47 39
47 36
47 6
47 17
47 4
47 40
47 23
47 43
19
48 9
48 14
48 28
48 2
48 46
48 6
48 37
48 45
48 21
48 30
48 41
48 20
48 0
48 38
48 7
48 12
48 35
48 11
48 40
21
49 26
49 15
49 3
49 32
49 18
49 34
49 0
49 6
49 37
49 43
49 36
49 21
49 27
49 47
49 48
49 1
49 11
49 31
49 14
49 39
49 2
