50
0 "A36"
1 "A35"
2 "A33"
3 "A19"
4 "A20"
5 "A28"
6 "A29"
7 "A8"
8 "A31"
9 "A38"
10 "A43"
11 "A42"
12 "A17"
13 "A15"
14 "A39"
15 "A48"
16 "A34"
17 "A30"
18 "A44"
19 "A9"
20 "A27"
21 "A40"
22 "A5"
23 "A16"
24 "A18"
25 "A23"
26 "A2"
27 "A26"
28 "A37"
29 "A4"
30 "A10"
31 "A13"
32 "A45"
33 "A49"
34 "A22"
35 "A25"
36 "A3"
37 "A7"
38 "A47"
39 "A0"
40 "A1"
41 "A21"
42 "A32"
43 "A41"
44 "A12"
45 "A14"
46 "A46"
47 "A24"
48 "A11"
49 "A6"
17
0 45
0 21
0 27
0 19
0 28
0 3
0 6
0 32
0 38
0 43
0 10
0 47
0 42
0 23
0 40
0 8
0 1
18
1 25
1 39
1 5
1 3
1 44
1 23
1 9
1 42
1 32
1 34
1 17
1 46
1 8
1 40
1 33
1 45
1 43
1 27
24
2 20
2 35
2 42
2 3
2 31
2 45
2 27
2 7
2 48
2 36
2 16
2 41
2 0
2 6
2 26
2 17
2 44
2 25
2 10
2 43
2 5
2 1
2 23
2 12
16
3 7
3 10
3 22
3 31
3 28
3 6
3 35
3 9
3 47
3 30
3 48
3 44
3 26
3 27
3 25
3 16
22
4 16
4 45
4 39
4 28
4 46
4 35
4 18
4 49
4 8
4 1
4 25
4 48
4 10
4 23
4 31
4 29
4 26
4 0
4 3
4 2
4 30
4 21
16
5 49
5 29
5 36
5 32
5 10
5 0
5 23
5 26
5 17
5 4
5 20
5 16
5 22
5 15
5 30
5 7
17
6 24
6 23
6 5
6 29
6 1
6 37
6 19
6 34
6 49
6 43
6 7
6 46
6 18
6 20
6 30
6 27
6 4
14
7 4
7 34
7 19
7 47
7 1
7 9
7 37
7 43
7 10
7 17
7 44
7 39
7 35
7 27
18
8 35
8 10
8 33
8 22
8 31
8 5
8 19
8 11
8 16
8 43
8 6
8 47
8 42
8 3
8 26
8 25
8 9
8 20
23
9 31
9 44
9 32
9 23
9 2
9 4
9 21
9 0
9 5
9 36
9 15
9 43
9 20
9 22
9 45
9 40
9 24
9 10
9 26
9 41
9 35
9 12
9 18
19
10 11
10 27
10 13
10 41
10 25
10 24
10 1
10 38
10 46
10 14
10 32
10 12
10 47
10 35
10 44
10 34
10 49
10 36
10 40
21
11 20
11 45
11 12
11 40
11 26
11 48
11 18
11 37
11 5
11 23
11 49
11 3
11 7
11 0
11 17
11 19
11 21
11 1
11 2
11 4
11 28
17
12 16
12 40
12 19
12 24
12 3
12 13
12 18
12 14
12 25
12 4
12 0
12 43
12 38
12 17
12 5
12 46
12 37
26
13 6
13 44
13 4
13 16
13 41
13 30
13 20
13 48
13 9
13 29
13 47
13 1
13 35
13 31
13 2
13 24
13 5
13 32
13 7
13 8
13 11
13 3
13 33
13 43
13 46
13 22
29
14 28
14 41
14 32
14 27
14 48
14 35
14 31
14 19
14 4
14 5
14 7
14 3
14 40
14 22
14 1
14 42
14 9
14 2
14 20
14 25
14 16
14 11
14 45
14 47
14 37
14 49
14 8
14 0
14 15
21
15 0
15 6
15 18
15 21
15 3
15 1
15 11
15 34
15 2
15 25
15 42
15 33
15 22
15 4
15 36
15 12
15 37
15 20
15 38
15 17
15 7
17
16 6
16 41
16 48
16 27
16 0
16 24
16 21
16 45
16 17
16 40
16 7
16 1
16 20
16 15
16 44
16 30
16 23
22
17 18
17 8
17 0
17 40
17 49
17 4
17 30
17 44
17 34
17 43
17 35
17 45
17 32
17 3
17 14
17 38
17 42
17 13
17 9
17 22
17 27
17 20
22
18 13
18 27
18 37
18 2
18 7
18 3
18 47
18 45
18 16
18 39
18 38
18 43
18 42
18 31
18 1
18 23
18 33
18 20
18 24
18 21
18 0
18 29
21
19 49
19 3
19 29
19 1
19 42
19 37
19 22
19 2
19 18
19 39
19 30
19 45
19 36
19 5
19 15
19 4
19 9
19 13
19 10
19 40
19 16
19
20 35
20 36
20 42
20 47
20 45
20 21
20 1
20 23
20 39
20 31
20 32
20 0
20 28
20 3
20 49
20 41
20 12
20 26
20 10
21
21 47
21 28
21 14
21 27
21 33
21 2
21 3
21 19
21 7
21 49
21 10
21 13
21 22
21 12
21 48
21 38
21 44
21 26
21 46
21 35
21 8
19
22 26
22 20
22 2
22 33
22 49
22 28
22 38
22 32
22 11
22 40
22 34
22 36
22 10
22 0
22 6
22 30
22 4
22 1
22 7
16
23 21
23 8
23 7
23 26
23 34
23 25
23 43
23 22
23 33
23 12
23 19
23 40
23 48
23 30
23 14
23 38
19
24 32
24 15
24 48
24 2
24 14
24 4
24 7
24 3
24 21
24 19
24 29
24 45
24 41
24 17
24 5
24 40
24 8
24 11
24 42
21
25 44
25 6
25 42
25 36
25 20
25 24
25 47
25 17
25 13
25 46
25 45
25 29
25 19
25 33
25 35
25 41
25 16
25 0
25 27
25 18
25 40
18
26 25
26 32
26 45
26 15
26 18
26 38
26 12
26 47
26 30
26 40
26 1
26 6
26 36
26 42
26 16
26 14
26 35
26 17
21
27 15
27 35
27 34
27 8
27 20
27 4
27 40
27 43
27 13
27 39
27 22
27 26
27 46
27 23
27 30
27 29
27 41
27 47
27 49
27 11
27 24
26
28 16
28 26
28 34
28 39
28 17
28 25
28 27
28 47
28 38
28 32
28 24
28 35
28 43
28 18
28 33
28 10
28 23
28 49
28 36
28 29
28 46
28 7
28 37
28 19
28 2
28 13
19
29 33
29 21
29 31
29 22
29 44
29 15
29 2
29 14
29 9
29 3
29 1
29 43
29 36
29 47
29 10
29 7
29 8
29 49
29 16
19
30 43
30 20
30 14
30 37
30 33
30 25
30 29
30 36
30 1
30 11
30 49
30 2
30 39
30 24
30 21
30 35
30 10
30 48
30 32
26
31 23
31 46
31 10
31 19
31 30
31 0
31 17
31 12
31 15
31 43
31 41
31 11
31 25
31 6
31 32
31 27
31 45
31 49
31 35
31 16
31 47
31 26
31 39
31 7
31 36
31 1
15
32 21
32 25
32 35
32 45
32 19
32 4
32 18
32 2
32 16
32 29
32 39
32 3
32 43
32 36
32 15
22
33 26
33 49
33 24
33 2
33 9
33 35
33 36
33 19
33 31
33 41
33 32
33 34
33 14
33 5
33 6
33 7
33 11
33 46
33 4
33 12
33 27
33 48
22
34 47
34 41
34 30
34 2
34 18
34 9
34 40
34 14
34 11
34 3
34 39
34 32
34 5
34 20
34 21
34 26
34 48
34 0
34 31
34 16
34 42
34 8
13
35 42
35 22
35 37
35 48
35 5
35 11
35 40
35 6
35 18
35 47
35 44
35 46
35 29
21
36 12
36 8
36 14
36 3
36 11
36 48
36 18
36 47
36 24
36 43
36 44
36 35
36 17
36 39
36 27
36 23
36 40
36 49
36 6
36 0
36 37
19
37 9
37 4
37 38
37 20
37 2
37 34
37 33
37 16
37 29
37 44
37 10
37 1
37 47
37 26
37 22
37 13
37 27
37 32
37 23
21
38 13
38 29
38 44
38 39
38 27
38 46
38 4
38 19
38 36
38 25
38 33
38 3
38 16
38 7
38 43
38 34
38 9
38 24
38 5
38 35
38 32
15
39 10
39 42
39 3
39 24
39 14
39 15
39 5
39 21
39 29
39 6
39 2
39 9
39 41
39 33
39 8
16
40 21
40 48
40 44
40 43
40 3
40 6
40 29
40 37
40 4
40 32
40 20
40 41
40 8
40 30
40 28
40 31
21
41 28
41 23
41 4
41 38
41 7
41 21
41 29
41 6
41 35
41 5
41 18
41 30
41 15
41 32
41 26
41 37
41 45
41 19
41 11
41 43
41 17
22
42 13
42 23
42 9
42 11
42 6
42 32
42 7
42 4
42 43
42 36
42 3
42 37
42 47
42 45
42 27
42 30
42 31
42 5
42 22
42 12
42 29
42 41
15
43 4
43 15
43 25
43 45
43 37
43 26
43 14
43 10
43 46
43 22
43 33
43 5
43 39
43 21
43 49
18
44 31
44 28
44 18
44 27
44 26
44 12
44 19
44 34
44 4
44 24
44 0
44 45
44 20
44 33
44 5
44 32
44 42
44 41
17
45 27
45 22
45 33
45 13
45 3
45 5
45 49
45 8
45 29
45 15
45 10
45 6
45 48
45 36
45 23
45 37
45 38
20
46 8
46 34
46 36
46 32
46 7
46 23
46 2
46 22
46 37
46 20
46 44
46 14
46 45
46 9
46 3
46 42
46 30
46 29
46 11
46 40
19
47 44
47 46
47 38
47 32
47 39
47 24
47 16
47 2
47 43
47 1
47 40
47 11
47 23
47 17
47 9
47 5
47 33
47 15
47 49
21
48 44
48 10
48 49
48 42
48 8
48 47
48 26
48 12
48 5
48 1
48 15
48 31
48 18
48 20
48 6
48 0
48 17
48 46
48 28
48 43
48 39
19
49 16
49 44
49 35
49 13
49 46
49 18
49 7
49 9
49 32
49 40
49 41
49 2
49 26
49 25
49 23
49 37
49 42
49 3
49 0
