50
0 "A36"
1 "A35"
2 "A33"
3 "A19"
4 "A20"
5 "A28"
6 "A29"
7 "A8"
8 "A31"
9 "A38"
10 "A43"
11 "A42"
12 "A17"
13 "A15"
14 "A39"
15 "A48"
16 "A34"
17 "A30"
18 "A44"
19 "A9"
20 "A27"
21 "A40"
22 "A5"
23 "A16"
24 "A18"
25 "A23"
26 "A2"
27 "A26"
28 "A37"
29 "A4"
30 "A10"
31 "A13"
32 "A45"
33 "A49"
34 "A22"
35 "A25"
36 "A3"
37 "A7"
38 "A47"
39 "A0"
40 "A1"
41 "A21"
42 "A32"
43 "A41"
44 "A12"
45 "A14"
46 "A46"
47 "A24"
48 "A11"
49 "A6"
21
0 46
0 30
0 11
0 44
0 20
0 27
0 4
0 48
0 2
0 18
0 47
0 40
0 36
0 33
0 10
0 43
0 17
0 6
0 14
0 49
0 7
14
1 17
1 15
1 14
1 4
1 5
1 48
1 23
1 25
1 19
1 26
1 16
1 42
1 28
1 11
19
2 30
2 28
2 49
2 41
2 48
2 16
2 5
2 13
2 26
2 37
2 42
2 9
2 3
2 7
2 43
2 24
2 45
2 29
2 1
19
3 24
3 8
3 7
3 45
3 10
3 15
3 43
3 28
3 18
3 27
3 12
3 38
3 36
3 19
3 0
3 47
3 16
3 1
3 46
24
4 23
4 16
4 24
4 10
4 7
4 39
4 13
4 45
4 37
4 35
4 14
4 21
4 43
4 46
4 30
4 36
4 42
4 28
4 33
4 44
4 27
4 5
4 2
4 25
17
5 32
5 18
5 8
5 9
5 19
5 27
5 35
5 0
5 42
5 16
5 46
5 23
5 39
5 25
5 49
5 6
5 43
21
6 32
6 16
6 29
6 26
6 39
6 9
6 31
6 49
6 27
6 30
6 11
6 1
6 3
6 14
6 20
6 19
6 2
6 8
6 35
6 23
6 43
17
7 5
7 1
7 44
7 28
7 15
7 45
7 36
7 32
7 26
7 17
7 37
7 9
7 27
7 31
7 24
7 42
7 8
18
8 27
8 31
8 14
8 2
8 41
8 42
8 17
8 20
8 40
8 36
8 49
8 44
8 1
8 48
8 29
8 9
8 43
8 18
19
9 23
9 37
9 24
9 18
9 20
9 36
9 4
9 25
9 28
9 11
9 3
9 45
9 27
9 49
9 1
9 31
9 41
9 19
9 14
24
10 26
10 7
10 38
10 23
10 16
10 46
10 19
10 45
10 13
10 9
10 11
10 8
10 1
10 17
10 34
10 5
10 12
10 39
10 22
10 37
10 25
10 6
10 14
10 21
17
11 7
11 3
11 40
11 49
11 23
11 30
11 47
11 29
11 22
11 48
11 20
11 33
11 13
11 46
11 28
11 37
11 8
21
12 45
12 11
12 19
12 40
12 0
12 46
12 2
12 20
12 15
12 1
12 29
12 36
12 27
12 25
12 18
12 22
12 5
12 47
12 26
12 17
12 9
23
13 21
13 48
13 49
13 23
13 40
13 31
13 35
13 26
13 9
13 18
13 42
13 1
13 45
13 6
13 22
13 37
13 46
13 8
13 47
13 7
13 15
13 32
13 12
18
14 2
14 12
14 15
14 32
14 49
14 5
14 3
14 46
14 13
14 16
14 20
14 7
14 43
14 31
14 18
14 30
14 17
14 11
18
15 22
15 9
15 37
15 41
15 38
15 5
15 32
15 11
15 47
15 16
15 33
15 2
15 31
15 6
15 34
15 4
15 21
15 44
19
16 28
16 40
16 42
16 43
16 27
16 11
16 32
16 49
16 47
16 29
16 9
16 22
16 26
16 35
16 46
16 12
16 18
16 8
16 24
18
17 23
17 3
17 15
17 11
17 9
17 43
17 38
17 6
17 40
17 45
17 5
17 19
17 46
17 33
17 22
17 2
17 36
17 31
20
18 23
18 43
18 25
18 21
18 27
18 29
18 44
18 41
18 42
18 31
18 6
18 2
18 30
18 46
18 45
18 10
18 37
18 11
18 24
18 4
21
19 20
19 43
19 25
19 46
19 41
19 21
19 16
19 0
19 7
19 42
19 28
19 38
19 29
19 30
19 11
19 8
19 18
19 14
19 15
19 4
19 32
20
20 40
20 4
20 21
20 45
20 33
20 1
20 10
20 39
20 3
20 30
20 15
20 16
20 29
20 37
20 22
20 7
20 28
20 24
20 35
20 5
17
21 33
21 12
21 2
21 47
21 1
21 32
21 39
21 35
21 0
21 14
21 9
21 3
21 6
21 16
21 23
21 11
21 44
19
22 21
22 19
22 4
22 6
22 46
22 33
22 18
22 42
22 23
22 3
22 14
22 0
22 48
22 1
22 40
22 7
22 2
22 38
22 32
16
23 19
23 40
23 0
23 41
23 47
23 20
23 26
23 14
23 37
23 15
23 42
23 24
23 3
23 48
23 35
23 49
19
24 19
24 14
24 8
24 33
24 43
24 30
24 25
24 45
24 12
24 29
24 22
24 35
24 13
24 17
24 49
24 26
24 6
24 15
24 27
18
25 23
25 8
25 30
25 6
25 2
25 44
25 20
25 43
25 3
25 38
25 17
25 22
25 27
25 42
25 35
25 28
25 21
25 48
22
26 5
26 19
26 46
26 43
26 39
26 0
26 11
26 49
26 45
26 48
26 41
26 29
26 18
26 42
26 40
26 3
26 34
26 9
26 44
26 14
26 4
26 8
21
27 1
27 30
27 22
27 41
27 26
27 46
27 23
27 49
27 33
27 21
27 17
27 28
27 11
27 14
27 40
27 10
27 13
27 2
27 42
27 29
27 48
17
28 44
28 24
28 35
28 34
28 41
28 23
28 8
28 22
28 39
28 43
28 29
28 49
28 0
28 18
28 21
28 30
28 14
18
29 15
29 37
29 36
29 34
29 38
29 3
29 35
29 1
29 39
29 4
29 25
29 47
29 17
29 9
29 22
29 23
29 21
29 45
16
30 7
30 22
30 15
30 12
30 44
30 40
30 10
30 32
30 42
30 23
30 13
30 3
30 5
30 45
30 9
30 48
25
31 22
31 3
31 43
31 38
31 2
31 5
31 46
31 11
31 28
31 37
31 23
31 10
31 25
31 36
31 35
31 32
31 49
31 21
31 24
31 42
31 26
31 1
31 4
31 0
31 16
25
32 47
32 46
32 25
32 17
32 3
32 37
32 0
32 42
32 10
32 29
32 43
32 24
32 36
32 12
32 28
32 8
32 1
32 18
32 20
32 39
32 4
32 33
32 9
32 26
32 11
20
33 30
33 39
33 45
33 3
33 35
33 47
33 6
33 49
33 18
33 9
33 42
33 14
33 2
33 13
33 41
33 10
33 1
33 48
33 12
33 40
24
34 36
34 11
34 35
34 40
34 47
34 9
34 41
34 44
34 30
34 1
34 5
34 0
34 7
34 18
34 6
34 19
34 32
34 46
34 12
34 27
34 8
34 37
34 25
34 4
21
35 19
35 2
35 44
35 27
35 17
35 12
35 45
35 1
35 43
35 42
35 39
35 47
35 26
35 9
35 30
35 32
35 18
35 46
35 10
35 8
35 7
19
36 49
36 28
36 10
36 16
36 48
36 39
36 46
36 19
36 13
36 33
36 22
36 2
36 40
36 23
36 25
36 27
36 15
36 18
36 14
20
37 12
37 25
37 24
37 1
37 5
37 22
37 28
37 14
37 27
37 44
37 26
37 8
37 41
37 35
37 49
37 0
37 40
37 36
37 45
37 39
29
38 7
38 33
38 16
38 32
38 24
38 30
38 34
38 18
38 0
38 5
38 2
38 28
38 47
38 48
38 44
38 23
38 14
38 6
38 8
38 37
38 12
38 35
38 26
38 39
38 36
38 11
38 9
38 42
38 21
23
39 12
39 14
39 13
39 43
39 11
39 42
39 2
39 7
39 46
39 19
39 15
39 17
39 16
39 34
39 45
39 24
39 1
39 0
39 18
39 49
39 9
39 8
39 25
17
40 3
40 44
40 1
40 18
40 14
40 41
40 32
40 35
40 7
40 5
40 4
40 24
40 9
40 39
40 47
40 25
40 29
18
41 16
41 48
41 6
41 39
41 3
41 29
41 20
41 1
41 24
41 5
41 22
41 32
41 21
41 45
41 11
41 10
41 4
41 25
15
42 6
42 47
42 36
42 40
42 45
42 3
42 29
42 11
42 37
42 20
42 12
42 21
42 9
42 41
42 34
22
43 12
43 34
43 47
43 30
43 20
43 29
43 23
43 11
43 42
43 1
43 40
43 44
43 36
43 13
43 38
43 41
43 22
43 15
43 27
43 33
43 49
43 9
19
44 33
44 49
44 31
44 36
44 42
44 12
44 29
44 6
44 32
44 20
44 27
44 48
44 17
44 39
44 14
44 19
44 23
44 10
44 2
18
45 11
45 0
45 22
45 14
45 31
45 6
45 15
45 16
45 21
45 19
45 28
45 47
45 36
45 27
45 23
45 34
45 1
45 25
21
46 47
46 43
46 33
46 48
46 41
46 40
46 2
46 28
46 25
46 21
46 38
46 44
46 1
46 7
46 8
46 20
46 45
46 30
46 24
46 37
46 23
14
47 20
47 6
47 18
47 17
47 4
47 41
47 25
47 14
47 7
47 39
47 19
47 36
47 27
47 37
21
48 24
48 18
48 20
48 9
48 42
48 28
48 15
48 40
48 31
48 7
48 12
48 43
48 35
48 29
48 4
48 49
48 47
48 3
48 39
48 6
48 19
18
49 41
49 38
49 29
49 10
49 46
49 30
49 35
49 40
49 32
49 7
49 21
49 19
49 4
49 12
49 22
49 18
49 1
49 34
