50
0 "A36"
1 "A35"
2 "A33"
3 "A19"
4 "A20"
5 "A28"
6 "A29"
7 "A8"
8 "A31"
9 "A38"
10 "A43"
11 "A42"
12 "A17"
13 "A15"
14 "A39"
15 "A48"
16 "A34"
17 "A30"
18 "A44"
19 "A9"
20 "A27"
21 "A40"
22 "A5"
23 "A16"
24 "A18"
25 "A23"
26 "A2"
27 "A26"
28 "A37"
29 "A4"
30 "A10"
31 "A13"
32 "A45"
33 "A49"
34 "A22"
35 "A25"
36 "A3"
37 "A7"
38 "A47"
39 "A0"
40 "A1"
41 "A21"
42 "A32"
43 "A41"
44 "A12"
45 "A14"
46 "A46"
47 "A24"
48 "A11"
49 "A6"
22
0 40
0 42
0 10
0 4
0 25
0 43
0 48
0 22
0 34
0 32
0 2
0 12
0 15
0 3
0 27
0 18
0 13
0 31
0 44
0 29
0 7
0 33
18
1 16
1 34
1 0
1 49
1 3
1 8
1 35
1 48
1 36
1 38
1 31
1 26
1 15
1 4
1 9
1 5
1 47
1 33
19
2 8
2 49
2 15
2 32
2 24
2 1
2 48
2 13
2 38
2 40
2 3
2 36
2 28
2 10
2 6
2 33
2 35
2 39
2 41
19
3 15
3 27
3 29
3 24
3 22
3 36
3 40
3 49
3 8
3 28
3 42
3 33
3 43
3 35
3 45
3 6
3 20
3 39
3 16
21
4 7
4 15
4 3
4 18
4 28
4 33
4 35
4 6
4 37
4 2
4 31
4 46
4 48
4 43
4 44
4 30
4 12
4 23
4 42
4 29
4 13
24
5 18
5 30
5 31
5 25
5 40
5 36
5 47
5 2
5 43
5 39
5 0
5 12
5 49
5 28
5 7
5 4
5 3
5 44
5 23
5 32
5 20
5 11
5 26
5 16
21
6 16
6 21
6 39
6 0
6 38
6 26
6 44
6 1
6 33
6 36
6 15
6 19
6 30
6 13
6 18
6 28
6 45
6 25
6 47
6 35
6 27
18
7 1
7 39
7 20
7 40
7 2
7 3
7 22
7 37
7 6
7 35
7 25
7 17
7 33
7 16
7 48
7 45
7 31
7 44
17
8 38
8 34
8 15
8 10
8 25
8 4
8 19
8 36
8 37
8 12
8 23
8 0
8 11
8 14
8 45
8 5
8 7
21
9 27
9 15
9 4
9 36
9 0
9 3
9 20
9 10
9 49
9 2
9 5
9 17
9 41
9 31
9 13
9 19
9 48
9 21
9 43
9 22
9 30
15
10 42
10 11
10 41
10 26
10 25
10 46
10 20
10 27
10 24
10 17
10 39
10 3
10 5
10 30
10 1
22
11 45
11 0
11 44
11 16
11 29
11 40
11 24
11 14
11 36
11 27
11 38
11 4
11 25
11 48
11 7
11 41
11 12
11 6
11 9
11 2
11 19
11 35
21
12 42
12 45
12 39
12 41
12 48
12 24
12 27
12 19
12 20
12 23
12 10
12 7
12 18
12 29
12 26
12 9
12 32
12 30
12 28
12 2
12 22
25
13 16
13 45
13 20
13 1
13 49
13 42
13 30
13 5
13 11
13 21
13 29
13 46
13 48
13 38
13 40
13 10
13 44
13 43
13 34
13 17
13 36
13 19
13 7
13 18
13 15
22
14 34
14 24
14 39
14 10
14 26
14 4
14 22
14 15
14 7
14 2
14 23
14 40
14 46
14 38
14 21
14 37
14 17
14 9
14 6
14 35
14 27
14 32
20
15 45
15 17
15 32
15 31
15 10
15 48
15 27
15 37
15 49
15 40
15 35
15 22
15 24
15 5
15 25
15 7
15 42
15 11
15 33
15 39
15
16 49
16 2
16 15
16 4
16 42
16 8
16 37
16 9
16 48
16 32
16 17
16 19
16 29
16 20
16 10
24
17 1
17 2
17 38
17 0
17 12
17 21
17 18
17 8
17 44
17 48
17 4
17 11
17 29
17 19
17 26
17 31
17 25
17 46
17 6
17 34
17 28
17 5
17 3
17 30
16
18 30
18 7
18 21
18 10
18 47
18 8
18 9
18 38
18 16
18 11
18 46
18 48
18 2
18 43
18 41
18 1
18
19 18
19 47
19 34
19 36
19 37
19 31
19 49
19 30
19 27
19 4
19 3
19 28
19 44
19 15
19 23
19 21
19 5
19 26
24
20 17
20 11
20 31
20 1
20 41
20 18
20 34
20 35
20 6
20 0
20 15
20 23
20 45
20 38
20 33
20 30
20 28
20 47
20 27
20 8
20 32
20 24
20 14
20 4
23
21 3
21 10
21 49
21 22
21 37
21 1
21 8
21 42
21 24
21 16
21 0
21 32
21 45
21 40
21 5
21 35
21 30
21 7
21 12
21 44
21 15
21 28
21 20
18
22 23
22 27
22 17
22 34
22 5
22 35
22 19
22 40
22 1
22 49
22 41
22 11
22 8
22 6
22 29
22 16
22 10
22 18
22
23 39
23 40
23 32
23 28
23 38
23 2
23 6
23 24
23 0
23 18
23 7
23 43
23 30
23 29
23 27
23 45
23 3
23 33
23 31
23 35
23 15
23 13
22
24 8
24 19
24 7
24 32
24 6
24 34
24 26
24 22
24 5
24 13
24 18
24 17
24 9
24 49
24 46
24 16
24 36
24 48
24 1
24 40
24 47
24 4
16
25 27
25 2
25 43
25 29
25 21
25 1
25 4
25 30
25 33
25 44
25 13
25 38
25 3
25 34
25 20
25 18
23
26 39
26 9
26 0
26 20
26 15
26 3
26 47
26 27
26 35
26 8
26 46
26 22
26 16
26 38
26 43
26 28
26 11
26 21
26 4
26 44
26 25
26 40
26 29
9
27 16
27 40
27 7
27 2
27 8
27 44
27 13
27 4
27 28
13
28 9
28 31
28 25
28 11
28 32
28 0
28 43
28 36
28 46
28 8
28 18
28 44
28 13
18
29 7
29 45
29 24
29 15
29 18
29 9
29 27
29 42
29 10
29 2
29 46
29 34
29 38
29 8
29 40
29 49
29 19
29 43
16
30 16
30 36
30 40
30 3
30 2
30 42
30 15
30 28
30 14
30 26
30 24
30 49
30 29
30 44
30 32
30 31
18
31 37
31 38
31 34
31 14
31 16
31 18
31 21
31 22
31 11
31 10
31 32
31 46
31 47
31 12
31 27
31 48
31 26
31 29
19
32 11
32 9
32 27
32 8
32 13
32 43
32 42
32 39
32 17
32 6
32 19
32 4
32 10
32 35
32 1
32 3
32 47
32 26
32 29
23
33 14
33 28
33 16
33 39
33 46
33 11
33 13
33 30
33 8
33 5
33 10
33 40
33 44
33 27
33 42
33 12
33 31
33 18
33 26
33 19
33 29
33 24
33 45
20
34 10
34 30
34 7
34 5
34 6
34 18
34 36
34 4
34 42
34 3
34 47
34 32
34 39
34 2
34 26
34 15
34 43
34 33
34 38
34 40
17
35 28
35 27
35 16
35 19
35 45
35 17
35 9
35 42
35 24
35 0
35 13
35 31
35 10
35 12
35 38
35 49
35 8
22
36 10
36 46
36 25
36 33
36 20
36 47
36 29
36 0
36 4
36 27
36 40
36 23
36 14
36 32
36 48
36 16
36 35
36 44
36 17
36 43
36 7
36 38
28
37 22
37 13
37 43
37 20
37 6
37 11
37 39
37 27
37 30
37 38
37 3
37 48
37 35
37 12
37 0
37 40
37 24
37 41
37 25
37 28
37 36
37 23
37 33
37 26
37 5
37 2
37 34
37 42
12
38 22
38 7
38 21
38 3
38 0
38 39
38 44
38 30
38 19
38 41
38 24
38 33
21
39 20
39 44
39 29
39 9
39 28
39 48
39 27
39 49
39 21
39 17
39 1
39 16
39 13
39 24
39 8
39 18
39 19
39 36
39 45
39 4
39 30
16
40 8
40 19
40 10
40 39
40 17
40 20
40 12
40 46
40 4
40 32
40 35
40 41
40 16
40 48
40 44
40 42
23
41 25
41 21
41 17
41 7
41 35
41 13
41 23
41 33
41 42
41 26
41 32
41 28
41 0
41 24
41 1
41 31
41 49
41 39
41 14
41 29
41 3
41 48
41 47
19
42 2
42 31
42 47
42 5
42 6
42 48
42 14
42 24
42 7
42 17
42 23
42 11
42 1
42 9
42 19
42 25
42 45
42 18
42 20
21
43 39
43 6
43 16
43 41
43 47
43 10
43 38
43 31
43 11
43 24
43 7
43 22
43 35
43 21
43 49
43 1
43 40
43 20
43 19
43 12
43 27
14
44 9
44 14
44 1
44 31
44 22
44 32
44 37
44 49
44 8
44 12
44 29
44 43
44 48
44 15
19
45 0
45 19
45 48
45 26
45 18
45 24
45 2
45 31
45 16
45 30
45 28
45 1
45 40
45 10
45 5
45 44
45 25
45 46
45 27
26
46 15
46 3
46 16
46 1
46 6
46 41
46 35
46 48
46 22
46 25
46 34
46 19
46 42
46 30
46 27
46 9
46 8
46 43
46 44
46 23
46 5
46 39
46 12
46 20
46 47
46 2
22
47 15
47 39
47 23
47 37
47 27
47 48
47 33
47 21
47 44
47 40
47 2
47 49
47 28
47 0
47 45
47 38
47 30
47 11
47 9
47 8
47 16
47 7
13
48 27
48 34
48 3
48 38
48 35
48 6
48 33
48 26
48 30
48 23
48 43
48 10
48 5
25
49 38
49 26
49 48
49 23
49 7
49 25
49 0
49 10
49 37
49 32
49 40
49 36
49 20
49 6
49 46
49 14
49 28
49 12
49 42
49 11
49 8
49 27
49 33
49 4
49 31
