50
0 "A36"
1 "A35"
2 "A33"
3 "A19"
4 "A20"
5 "A28"
6 "A29"
7 "A8"
8 "A31"
9 "A38"
10 "A43"
11 "A42"
12 "A17"
13 "A15"
14 "A39"
15 "A48"
16 "A34"
17 "A30"
18 "A44"
19 "A9"
20 "A27"
21 "A40"
22 "A5"
23 "A16"
24 "A18"
25 "A23"
26 "A2"
27 "A26"
28 "A37"
29 "A4"
30 "A10"
31 "A13"
32 "A45"
33 "A49"
34 "A22"
35 "A25"
36 "A3"
37 "A7"
38 "A47"
39 "A0"
40 "A1"
41 "A21"
42 "A32"
43 "A41"
44 "A12"
45 "A14"
46 "A46"
47 "A24"
48 "A11"
49 "A6"
20
0 2
0 40
0 39
0 34
0 25
0 26
0 28
0 5
0 32
0 29
0 8
0 10
0 43
0 9
0 4
0 21
0 48
0 7
0 36
0 12
21
1 37
1 35
1 33
1 49
1 7
1 12
1 15
1 38
1 48
1 2
1 19
1 16
1 34
1 29
1 5
1 9
1 18
1 44
1 22
1 32
1 36
18
2 45
2 19
2 20
2 15
2 37
2 21
2 31
2 47
2 13
2 10
2 11
2 40
2 5
2 44
2 16
2 39
2 28
2 3
25
3 15
3 33
3 35
3 4
3 30
3 13
3 16
3 23
3 18
3 21
3 28
3 20
3 0
3 25
3 45
3 24
3 8
3 22
3 12
3 14
3 43
3 48
3 1
3 29
3 10
18
4 35
4 11
4 31
4 9
4 2
4 47
4 18
4 42
4 44
4 43
4 28
4 12
4 13
4 46
4 23
4 10
4 6
4 17
18
5 32
5 10
5 40
5 31
5 44
5 9
5 8
5 16
5 3
5 25
5 20
5 18
5 42
5 47
5 46
5 41
5 26
5 7
19
6 14
6 8
6 33
6 3
6 24
6 30
6 27
6 26
6 0
6 23
6 22
6 34
6 21
6 45
6 29
6 47
6 11
6 44
6 32
16
7 17
7 40
7 49
7 20
7 39
7 2
7 3
7 13
7 4
7 42
7 19
7 25
7 45
7 15
7 22
7 29
21
8 12
8 25
8 37
8 40
8 11
8 7
8 9
8 38
8 41
8 14
8 19
8 24
8 34
8 28
8 42
8 45
8 15
8 29
8 26
8 36
8 4
20
9 36
9 6
9 44
9 22
9 43
9 34
9 10
9 17
9 2
9 3
9 21
9 46
9 45
9 30
9 41
9 32
9 20
9 13
9 18
9 27
13
10 30
10 35
10 42
10 20
10 44
10 27
10 6
10 41
10 46
10 45
10 1
10 43
10 19
18
11 14
11 7
11 10
11 5
11 9
11 42
11 1
11 35
11 21
11 49
11 27
11 13
11 45
11 33
11 0
11 25
11 19
11 29
17
12 32
12 5
12 39
12 22
12 46
12 48
12 2
12 19
12 20
12 34
12 7
12 45
12 15
12 35
12 33
12 9
12 29
21
13 20
13 43
13 0
13 42
13 49
13 5
13 21
13 25
13 46
13 19
13 14
13 44
13 34
13 41
13 38
13 32
13 28
13 12
13 10
13 26
13 1
20
14 22
14 23
14 7
14 1
14 5
14 40
14 21
14 48
14 2
14 33
14 24
14 39
14 34
14 26
14 35
14 10
14 27
14 12
14 31
14 4
23
15 35
15 40
15 42
15 24
15 30
15 4
15 6
15 37
15 29
15 10
15 46
15 25
15 0
15 49
15 32
15 20
15 26
15 14
15 5
15 9
15 45
15 41
15 36
21
16 6
16 28
16 17
16 13
16 42
16 7
16 19
16 15
16 24
16 4
16 23
16 10
16 34
16 8
16 14
16 30
16 26
16 9
16 45
16 46
16 11
24
17 38
17 21
17 42
17 3
17 28
17 33
17 26
17 15
17 5
17 8
17 35
17 11
17 24
17 34
17 0
17 12
17 20
17 48
17 22
17 44
17 45
17 30
17 2
17 39
16
18 46
18 13
18 26
18 21
18 39
18 37
18 2
18 17
18 14
18 8
18 30
18 36
18 23
18 44
18 6
18 45
24
19 9
19 0
19 15
19 23
19 6
19 5
19 37
19 21
19 18
19 27
19 46
19 39
19 32
19 3
19 17
19 24
19 14
19 4
19 44
19 47
19 41
19 20
19 42
19 31
19
20 23
20 24
20 41
20 39
20 1
20 14
20 47
20 11
20 40
20 34
20 43
20 44
20 26
20 0
20 6
20 4
20 25
20 18
20 22
15
21 31
21 37
21 5
21 8
21 16
21 24
21 40
21 10
21 1
21 47
21 27
21 48
21 23
21 20
21 38
16
22 38
22 26
22 25
22 27
22 10
22 13
22 43
22 18
22 8
22 39
22 0
22 28
22 2
22 23
22 11
22 31
20
23 7
23 33
23 38
23 10
23 24
23 15
23 0
23 34
23 2
23 27
23 36
23 13
23 49
23 28
23 35
23 5
23 39
23 11
23 17
23 46
13
24 10
24 22
24 4
24 2
24 27
24 26
24 18
24 1
24 32
24 31
24 47
24 0
24 39
22
25 9
25 16
25 30
25 33
25 36
25 44
25 23
25 1
25 32
25 18
25 14
25 24
25 6
25 19
25 42
25 43
25 48
25 27
25 49
25 17
25 31
25 10
17
26 19
26 38
26 11
26 1
26 23
26 25
26 46
26 42
26 12
26 7
26 4
26 3
26 41
26 35
26 21
26 34
26 31
17
27 28
27 45
27 12
27 4
27 33
27 13
27 2
27 47
27 36
27 0
27 44
27 20
27 18
27 3
27 34
27 7
27 17
17
28 10
28 44
28 20
28 6
28 9
28 25
28 14
28 5
28 42
28 43
28 34
28 32
28 11
28 18
28 21
28 41
28 12
21
29 2
29 38
29 24
29 37
29 45
29 42
29 31
29 20
29 43
29 26
29 4
29 9
29 16
29 5
29 35
29 22
29 39
29 46
29 28
29 40
29 13
20
30 44
30 43
30 24
30 2
30 37
30 32
30 33
30 1
30 5
30 40
30 38
30 19
30 11
30 23
30 26
30 46
30 8
30 28
30 29
30 14
16
31 10
31 11
31 7
31 6
31 36
31 34
31 15
31 37
31 23
31 38
31 17
31 28
31 30
31 9
31 16
31 44
18
32 10
32 11
32 27
32 29
32 20
32 2
32 37
32 18
32 43
32 47
32 41
32 38
32 4
32 39
32 40
32 21
32 16
32 14
19
33 24
33 29
33 18
33 45
33 5
33 21
33 0
33 31
33 2
33 16
33 26
33 47
33 43
33 40
33 42
33 49
33 28
33 7
33 8
20
34 11
34 36
34 33
34 37
34 4
34 25
34 44
34 38
34 15
34 10
34 43
34 3
34 48
34 32
34 30
34 7
34 49
34 35
34 22
34 21
18
35 21
35 25
35 0
35 38
35 32
35 19
35 18
35 2
35 36
35 27
35 22
35 13
35 30
35 41
35 28
35 8
35 6
35 7
22
36 32
36 13
36 46
36 41
36 14
36 30
36 10
36 20
36 4
36 40
36 33
36 42
36 29
36 2
36 28
36 48
36 7
36 44
36 6
36 21
36 19
36 17
24
37 33
37 20
37 3
37 16
37 0
37 5
37 48
37 36
37 28
37 40
37 23
37 41
37 6
37 27
37 25
37 24
37 11
37 17
37 4
37 35
37 7
37 10
37 38
37 26
25
38 5
38 7
38 12
38 44
38 39
38 42
38 24
38 41
38 2
38 43
38 20
38 49
38 6
38 19
38 28
38 4
38 25
38 18
38 16
38 10
38 15
38 3
38 11
38 0
38 14
21
39 6
39 28
39 26
39 13
39 42
39 25
39 30
39 49
39 27
39 46
39 48
39 37
39 11
39 21
39 1
39 36
39 31
39 5
39 35
39 8
39 3
21
40 39
40 17
40 24
40 16
40 12
40 22
40 26
40 4
40 47
40 13
40 23
40 35
40 42
40 6
40 43
40 44
40 10
40 9
40 25
40 31
40 11
20
41 1
41 2
41 4
41 25
41 45
41 14
41 49
41 47
41 21
41 6
41 34
41 11
41 23
41 18
41 0
41 12
41 3
41 16
41 30
41 40
15
42 46
42 31
42 12
42 3
42 24
42 20
42 18
42 48
42 9
42 14
42 32
42 47
42 23
42 45
42 22
20
43 7
43 5
43 14
43 39
43 37
43 41
43 16
43 17
43 18
43 6
43 31
43 19
43 35
43 12
43 27
43 49
43 45
43 42
43 8
43 11
21
44 8
44 26
44 21
44 16
44 32
44 11
44 43
44 39
44 45
44 49
44 35
44 12
44 22
44 3
44 48
44 41
44 33
44 14
44 15
44 0
44 23
20
45 31
45 0
45 34
45 36
45 28
45 38
45 1
45 25
45 14
45 26
45 4
45 47
45 19
45 35
45 46
45 21
45 39
45 40
45 13
45 24
24
46 11
46 7
46 3
46 20
46 0
46 8
46 40
46 6
46 32
46 1
46 44
46 31
46 37
46 22
46 38
46 35
46 33
46 27
46 47
46 41
46 2
46 34
46 14
46 43
19
47 36
47 13
47 30
47 23
47 29
47 16
47 37
47 28
47 38
47 11
47 1
47 44
47 43
47 9
47 26
47 25
47 49
47 8
47 7
22
48 13
48 43
48 29
48 47
48 46
48 22
48 23
48 26
48 2
48 27
48 33
48 30
48 10
48 15
48 31
48 28
48 41
48 24
48 16
48 6
48 38
48 11
25
49 31
49 32
49 8
49 22
49 42
49 35
49 4
49 17
49 12
49 9
49 26
49 10
49 14
49 29
49 2
49 5
49 18
49 3
49 19
49 48
49 6
49 24
49 16
49 45
49 27
