50
0 "A12"
1 "A36"
2 "A37"
3 "A6"
4 "A39"
5 "A43"
6 "A35"
7 "A2"
8 "A23"
9 "A20"
10 "A41"
11 "A25"
12 "A40"
13 "A31"
14 "A45"
15 "A16"
16 "A42"
17 "A28"
18 "A24"
19 "A13"
20 "A48"
21 "A3"
22 "A49"
23 "A29"
24 "A32"
25 "A1"
26 "A4"
27 "A30"
28 "A18"
29 "A34"
30 "A46"
31 "A21"
32 "A44"
33 "A5"
34 "A26"
35 "A22"
36 "A11"
37 "A0"
38 "A7"
39 "A10"
40 "A15"
41 "A38"
42 "A47"
43 "A8"
44 "A19"
45 "A9"
46 "A17"
47 "A33"
48 "A14"
49 "A27"
15
0 34
0 20
0 17
0 24
0 49
0 8
0 10
0 33
0 11
0 28
0 4
0 14
0 41
0 9
0 32
17
1 16
1 19
1 32
1 48
1 31
1 47
1 8
1 24
1 30
1 29
1 20
1 27
1 17
1 11
1 49
1 33
1 5
21
2 45
2 20
2 4
2 9
2 16
2 34
2 18
2 12
2 23
2 44
2 24
2 19
2 26
2 49
2 13
2 11
2 37
2 10
2 31
2 5
2 48
17
3 37
3 20
3 0
3 21
3 4
3 1
3 27
3 26
3 44
3 17
3 38
3 32
3 49
3 10
3 15
3 2
3 29
15
4 28
4 44
4 40
4 37
4 36
4 11
4 46
4 16
4 17
4 38
4 26
4 49
4 1
4 24
4 14
25
5 9
5 40
5 30
5 26
5 38
5 23
5 25
5 6
5 47
5 4
5 8
5 45
5 3
5 44
5 20
5 41
5 10
5 36
5 34
5 15
5 11
5 17
5 49
5 16
5 13
19
6 48
6 12
6 9
6 39
6 1
6 0
6 32
6 43
6 3
6 49
6 10
6 16
6 2
6 17
6 14
6 4
6 36
6 15
6 19
18
7 33
7 29
7 38
7 49
7 25
7 1
7 22
7 10
7 19
7 15
7 6
7 4
7 40
7 34
7 20
7 9
7 17
7 14
23
8 13
8 18
8 46
8 29
8 30
8 16
8 17
8 49
8 37
8 41
8 15
8 32
8 36
8 6
8 7
8 42
8 19
8 23
8 39
8 3
8 43
8 2
8 10
16
9 48
9 41
9 17
9 47
9 18
9 29
9 32
9 36
9 13
9 19
9 22
9 26
9 20
9 16
9 46
9 1
19
10 43
10 15
10 22
10 44
10 32
10 42
10 41
10 35
10 18
10 38
10 12
10 9
10 45
10 4
10 48
10 27
10 1
10 21
10 31
26
11 33
11 27
11 10
11 8
11 43
11 44
11 35
11 16
11 37
11 42
11 47
11 41
11 34
11 25
11 12
11 31
11 7
11 14
11 36
11 13
11 26
11 38
11 45
11 22
11 6
11 24
17
12 33
12 4
12 46
12 0
12 40
12 30
12 28
12 42
12 48
12 43
12 20
12 7
12 3
12 49
12 17
12 9
12 21
21
13 0
13 33
13 15
13 21
13 41
13 38
13 12
13 32
13 39
13 6
13 30
13 16
13 4
13 34
13 37
13 3
13 31
13 1
13 24
13 23
13 47
18
14 38
14 29
14 10
14 9
14 20
14 26
14 28
14 12
14 17
14 48
14 34
14 36
14 40
14 8
14 25
14 46
14 47
14 30
21
15 20
15 36
15 35
15 29
15 2
15 45
15 38
15 28
15 47
15 9
15 49
15 25
15 37
15 22
15 43
15 33
15 30
15 1
15 40
15 26
15 0
22
16 37
16 47
16 31
16 27
16 46
16 35
16 10
16 22
16 15
16 42
16 49
16 18
16 20
16 0
16 14
16 7
16 44
16 32
16 28
16 33
16 12
16 36
14
17 32
17 48
17 24
17 13
17 20
17 37
17 19
17 46
17 2
17 30
17 10
17 28
17 27
17 45
21
18 4
18 46
18 20
18 11
18 21
18 45
18 5
18 15
18 23
18 13
18 6
18 42
18 14
18 48
18 33
18 36
18 22
18 19
18 3
18 44
18 49
22
19 46
19 16
19 13
19 32
19 41
19 38
19 30
19 44
19 28
19 31
19 21
19 10
19 39
19 26
19 4
19 11
19 12
19 27
19 5
19 35
19 36
19 34
16
20 11
20 48
20 4
20 45
20 36
20 23
20 44
20 10
20 8
20 28
20 33
20 34
20 30
20 37
20 38
20 32
21
21 7
21 48
21 23
21 37
21 16
21 28
21 9
21 31
21 6
21 4
21 36
21 17
21 1
21 8
21 22
21 20
21 30
21 14
21 47
21 0
21 41
25
22 26
22 37
22 3
22 19
22 47
22 35
22 8
22 27
22 49
22 12
22 29
22 5
22 1
22 30
22 32
22 2
22 0
22 39
22 6
22 14
22 48
22 17
22 40
22 25
22 44
21
23 44
23 36
23 1
23 16
23 38
23 15
23 28
23 7
23 10
23 0
23 11
23 22
23 19
23 30
23 48
23 41
23 3
23 4
23 6
23 46
23 43
22
24 9
24 15
24 5
24 26
24 40
24 47
24 22
24 8
24 44
24 23
24 10
24 43
24 12
24 48
24 20
24 21
24 41
24 49
24 19
24 34
24 32
24 16
23
25 45
25 13
25 19
25 33
25 23
25 2
25 18
25 8
25 42
25 6
25 17
25 32
25 20
25 12
25 29
25 3
25 39
25 4
25 16
25 47
25 28
25 0
25 36
24
26 10
26 48
26 37
26 0
26 6
26 17
26 39
26 27
26 32
26 7
26 35
26 20
26 43
26 18
26 25
26 8
26 21
26 44
26 28
26 29
26 34
26 1
26 12
26 16
20
27 13
27 6
27 37
27 40
27 7
27 4
27 21
27 34
27 18
27 33
27 35
27 25
27 43
27 42
27 15
27 2
27 41
27 20
27 31
27 32
26
28 7
28 13
28 43
28 44
28 5
28 49
28 3
28 36
28 27
28 18
28 22
28 37
28 40
28 9
28 10
28 24
28 30
28 29
28 11
28 6
28 8
28 45
28 35
28 32
28 38
28 47
18
29 16
29 23
29 39
29 12
29 30
29 24
29 11
29 18
29 0
29 27
29 6
29 35
29 10
29 48
29 4
29 38
29 33
29 13
17
30 6
30 0
30 42
30 40
30 27
30 3
30 44
30 18
30 4
30 36
30 16
30 38
30 33
30 9
30 45
30 25
30 43
20
31 9
31 18
31 0
31 39
31 43
31 28
31 3
31 29
31 17
31 6
31 25
31 8
31 12
31 30
31 38
31 37
31 49
31 23
31 22
31 24
15
32 21
32 30
32 18
32 29
32 39
32 49
32 4
32 23
32 37
32 33
32 41
32 5
32 46
32 12
32 31
19
33 19
33 31
33 4
33 6
33 44
33 5
33 49
33 3
33 9
33 28
33 24
33 2
33 23
33 47
33 39
33 21
33 43
33 17
33 8
22
34 15
34 4
34 44
34 16
34 32
34 42
34 18
34 25
34 28
34 29
34 37
34 21
34 31
34 17
34 1
34 49
34 40
34 30
34 10
34 45
34 9
34 22
21
35 1
35 37
35 17
35 33
35 23
35 4
35 21
35 5
35 39
35 18
35 7
35 45
35 20
35 36
35 42
35 44
35 0
35 9
35 12
35 34
35 31
17
36 33
36 22
36 10
36 38
36 24
36 34
36 2
36 48
36 26
36 32
36 13
36 43
36 29
36 0
36 45
36 3
36 49
14
37 18
37 6
37 33
37 41
37 48
37 7
37 40
37 14
37 43
37 49
37 39
37 36
37 19
37 12
20
38 43
38 25
38 8
38 2
38 22
38 35
38 44
38 34
38 0
38 1
38 21
38 9
38 41
38 17
38 42
38 26
38 33
38 16
38 48
38 32
24
39 3
39 4
39 40
39 17
39 41
39 28
39 9
39 30
39 27
39 12
39 34
39 38
39 11
39 2
39 1
39 23
39 47
39 24
39 0
39 36
39 16
39 14
39 46
39 10
19
40 19
40 26
40 21
40 48
40 8
40 25
40 1
40 20
40 6
40 38
40 13
40 35
40 29
40 44
40 11
40 46
40 16
40 3
40 45
20
41 26
41 29
41 30
41 16
41 43
41 31
41 15
41 36
41 35
41 25
41 6
41 48
41 1
41 2
41 20
41 22
41 33
41 4
41 12
41 18
23
42 3
42 15
42 7
42 4
42 5
42 32
42 19
42 24
42 21
42 46
42 40
42 2
42 44
42 14
42 9
42 33
42 36
42 31
42 28
42 17
42 23
42 6
42 13
17
43 40
43 7
43 1
43 42
43 17
43 32
43 48
43 22
43 3
43 19
43 14
43 39
43 20
43 9
43 18
43 25
43 35
15
44 32
44 12
44 0
44 41
44 43
44 17
44 9
44 48
44 39
44 29
44 25
44 15
44 14
44 21
44 31
23
45 19
45 42
45 41
45 27
45 26
45 0
45 29
45 33
45 9
45 47
45 32
45 22
45 31
45 16
45 46
45 3
45 6
45 7
45 1
45 38
45 43
45 21
45 39
20
46 28
46 6
46 1
46 34
46 37
46 49
46 20
46 33
46 31
46 27
46 10
46 2
46 15
46 25
46 29
46 36
46 5
46 41
46 30
46 0
19
47 46
47 4
47 17
47 18
47 32
47 36
47 30
47 10
47 37
47 12
47 49
47 27
47 31
47 3
47 42
47 6
47 35
47 40
47 8
16
48 49
48 7
48 8
48 34
48 19
48 47
48 31
48 15
48 39
48 45
48 27
48 30
48 4
48 33
48 16
48 46
16
49 38
49 14
49 35
49 30
49 13
49 25
49 20
49 11
49 23
49 44
49 27
49 45
49 42
49 41
49 29
49 21
