50
0 "A12"
1 "A36"
2 "A37"
3 "A6"
4 "A39"
5 "A43"
6 "A35"
7 "A2"
8 "A23"
9 "A20"
10 "A41"
11 "A25"
12 "A40"
13 "A31"
14 "A45"
15 "A16"
16 "A42"
17 "A28"
18 "A24"
19 "A13"
20 "A48"
21 "A3"
22 "A49"
23 "A29"
24 "A32"
25 "A1"
26 "A4"
27 "A30"
28 "A18"
29 "A34"
30 "A46"
31 "A21"
32 "A44"
33 "A5"
34 "A26"
35 "A22"
36 "A11"
37 "A0"
38 "A7"
39 "A10"
40 "A15"
41 "A38"
42 "A47"
43 "A8"
44 "A19"
45 "A9"
46 "A17"
47 "A33"
48 "A14"
49 "A27"
18
0 34
0 4
0 18
0 48
0 10
0 30
0 40
0 7
0 17
0 33
0 12
0 6
0 11
0 29
0 28
0 27
0 41
0 39
23
1 29
1 2
1 17
1 11
1 14
1 43
1 37
1 27
1 32
1 48
1 31
1 33
1 9
1 47
1 5
1 34
1 13
1 22
1 49
1 8
1 41
1 20
1 4
22
2 16
2 34
2 7
2 24
2 23
2 48
2 5
2 17
2 47
2 8
2 0
2 28
2 30
2 13
2 10
2 49
2 41
2 37
2 14
2 31
2 4
2 45
24
3 2
3 29
3 14
3 37
3 20
3 0
3 10
3 4
3 1
3 9
3 46
3 38
3 27
3 44
3 41
3 11
3 22
3 30
3 34
3 8
3 21
3 49
3 26
3 7
21
4 38
4 37
4 49
4 14
4 28
4 44
4 39
4 36
4 48
4 42
4 13
4 46
4 22
4 9
4 40
4 31
4 17
4 33
4 24
4 47
4 23
21
5 23
5 47
5 31
5 20
5 40
5 45
5 49
5 42
5 15
5 4
5 41
5 27
5 16
5 22
5 14
5 32
5 25
5 17
5 12
5 6
5 37
15
6 43
6 3
6 36
6 16
6 45
6 17
6 15
6 24
6 49
6 39
6 11
6 4
6 1
6 9
6 48
20
7 10
7 9
7 12
7 15
7 46
7 14
7 37
7 8
7 19
7 45
7 25
7 1
7 13
7 49
7 4
7 33
7 5
7 36
7 6
7 48
20
8 42
8 10
8 30
8 12
8 4
8 21
8 9
8 32
8 43
8 11
8 36
8 23
8 6
8 37
8 48
8 29
8 5
8 46
8 27
8 45
17
9 26
9 20
9 29
9 25
9 22
9 47
9 36
9 21
9 37
9 27
9 13
9 44
9 43
9 5
9 46
9 2
9 41
20
10 34
10 19
10 4
10 48
10 31
10 40
10 1
10 32
10 33
10 17
10 21
10 30
10 43
10 41
10 35
10 15
10 25
10 45
10 38
10 47
23
11 2
11 10
11 18
11 12
11 47
11 44
11 35
11 13
11 36
11 41
11 27
11 24
11 5
11 15
11 29
11 28
11 7
11 16
11 17
11 45
11 31
11 26
11 25
14
12 9
12 40
12 42
12 14
12 43
12 17
12 3
12 28
12 49
12 36
12 4
12 33
12 13
12 34
20
13 0
13 10
13 32
13 39
13 30
13 16
13 45
13 27
13 20
13 8
13 17
13 23
13 34
13 5
13 46
13 3
13 37
13 33
13 44
13 41
20
14 26
14 36
14 29
14 38
14 32
14 33
14 24
14 48
14 27
14 35
14 0
14 30
14 19
14 13
14 21
14 23
14 40
14 34
14 11
14 17
19
15 48
15 13
15 19
15 36
15 35
15 33
15 2
15 45
15 38
15 32
15 12
15 9
15 23
15 26
15 14
15 8
15 43
15 47
15 40
26
16 28
16 7
16 25
16 0
16 14
16 27
16 15
16 12
16 36
16 22
16 47
16 31
16 43
16 35
16 46
16 10
16 20
16 3
16 23
16 4
16 34
16 44
16 17
16 40
16 33
16 19
11
17 42
17 31
17 30
17 24
17 34
17 7
17 48
17 20
17 45
17 33
17 32
28
18 4
18 9
18 14
18 48
18 23
18 49
18 46
18 3
18 5
18 33
18 6
18 44
18 42
18 2
18 13
18 35
18 20
18 31
18 30
18 1
18 10
18 41
18 29
18 37
18 16
18 17
18 27
18 38
21
19 3
19 20
19 26
19 46
19 31
19 13
19 32
19 27
19 38
19 49
19 44
19 28
19 21
19 37
19 41
19 18
19 34
19 4
19 9
19 2
19 8
17
20 33
20 15
20 42
20 48
20 4
20 38
20 34
20 44
20 32
20 8
20 47
20 45
20 46
20 14
20 21
20 12
20 6
17
21 39
21 41
21 25
21 48
21 22
21 30
21 35
21 44
21 37
21 11
21 2
21 12
21 4
21 7
21 17
21 18
21 43
24
22 13
22 18
22 45
22 14
22 37
22 35
22 0
22 6
22 26
22 44
22 27
22 49
22 17
22 42
22 29
22 12
22 48
22 8
22 28
22 25
22 40
22 38
22 7
22 41
16
23 48
23 0
23 3
23 34
23 22
23 21
23 27
23 12
23 19
23 6
23 11
23 30
23 7
23 25
23 41
23 1
25
24 1
24 7
24 5
24 22
24 8
24 16
24 23
24 32
24 43
24 12
24 19
24 21
24 39
24 38
24 35
24 46
24 25
24 26
24 34
24 9
24 47
24 10
24 3
24 49
24 0
19
25 18
25 33
25 32
25 34
25 14
25 47
25 36
25 42
25 20
25 39
25 13
25 35
25 46
25 2
25 0
25 45
25 8
25 3
25 17
25
26 44
26 48
26 18
26 0
26 6
26 8
26 39
26 27
26 32
26 1
26 43
26 10
26 2
26 20
26 7
26 30
26 34
26 4
26 29
26 41
26 13
26 28
26 49
26 46
26 42
18
27 49
27 21
27 15
27 7
27 4
27 35
27 41
27 25
27 48
27 43
27 12
27 32
27 28
27 42
27 40
27 2
27 45
27 31
17
28 24
28 30
28 35
28 10
28 44
28 43
28 23
28 5
28 8
28 45
28 47
28 40
28 31
28 48
28 18
28 37
28 32
25
29 43
29 25
29 27
29 16
29 6
29 44
29 4
29 36
29 24
29 10
29 39
29 49
29 48
29 5
29 2
29 42
29 15
29 37
29 20
29 30
29 19
29 23
29 28
29 33
29 38
18
30 25
30 45
30 42
30 19
30 11
30 27
30 38
30 36
30 44
30 4
30 9
30 24
30 33
30 39
30 37
30 35
30 5
30 12
16
31 12
31 14
31 9
31 30
31 0
31 39
31 8
31 22
31 24
31 25
31 20
31 26
31 43
31 13
31 37
31 42
23
32 49
32 6
32 46
32 41
32 4
32 0
32 3
32 45
32 37
32 12
32 21
32 30
32 16
32 33
32 31
32 29
32 48
32 34
32 18
32 23
32 35
32 7
32 2
16
33 19
33 31
33 26
33 6
33 5
33 9
33 48
33 47
33 39
33 23
33 21
33 40
33 22
33 8
33 27
33 24
18
34 28
34 31
34 5
34 42
34 35
34 6
34 49
34 40
34 44
34 15
34 27
34 4
34 9
34 7
34 30
34 18
34 22
34 8
21
35 4
35 44
35 5
35 39
35 9
35 7
35 0
35 20
35 36
35 48
35 1
35 46
35 31
35 12
35 8
35 26
35 17
35 3
35 13
35 33
35 23
17
36 38
36 13
36 23
36 3
36 17
36 26
36 22
36 0
36 18
36 24
36 34
36 10
36 33
36 46
36 27
36 39
36 2
19
37 20
37 17
37 6
37 16
37 33
37 49
37 43
37 35
37 24
37 34
37 10
37 48
37 38
37 36
37 12
37 27
37 25
37 40
37 0
16
38 1
38 12
38 32
38 16
38 43
38 25
38 5
38 17
38 2
38 23
38 0
38 34
38 44
38 48
38 21
38 26
20
39 16
39 7
39 9
39 27
39 12
39 2
39 5
39 38
39 15
39 1
39 23
39 10
39 20
39 11
39 28
39 3
39 49
39 42
39 17
39 37
22
40 25
40 26
40 35
40 7
40 24
40 1
40 30
40 3
40 20
40 9
40 19
40 42
40 46
40 6
40 49
40 18
40 29
40 44
40 39
40 11
40 38
40 45
20
41 30
41 6
41 31
41 24
41 16
41 25
41 43
41 42
41 15
41 45
41 4
41 37
41 28
41 39
41 40
41 48
41 20
41 12
41 7
41 8
20
42 46
42 19
42 44
42 13
42 7
42 2
42 9
42 28
42 1
42 23
42 36
42 15
42 48
42 37
42 3
42 21
42 0
42 14
42 33
42 32
23
43 22
43 20
43 39
43 30
43 7
43 47
43 17
43 32
43 42
43 18
43 3
43 33
43 19
43 35
43 46
43 36
43 40
43 2
43 14
43 48
43 13
43 34
43 49
18
44 10
44 7
44 12
44 5
44 46
44 25
44 48
44 39
44 0
44 2
44 14
44 37
44 6
44 27
44 8
44 15
44 43
44 33
17
45 26
45 0
45 1
45 24
45 16
45 47
45 29
45 34
45 3
45 18
45 21
45 19
45 42
45 39
45 9
45 35
45 12
21
46 12
46 37
46 49
46 33
46 47
46 5
46 28
46 22
46 38
46 11
46 30
46 48
46 29
46 15
46 17
46 23
46 0
46 1
46 6
46 14
46 21
23
47 14
47 19
47 12
47 35
47 32
47 36
47 30
47 34
47 37
47 48
47 49
47 6
47 8
47 13
47 39
47 17
47 26
47 29
47 41
47 42
47 44
47 40
47 7
12
48 49
48 13
48 19
48 34
48 45
48 5
48 31
48 30
48 24
48 39
48 16
48 11
14
49 35
49 36
49 14
49 10
49 42
49 20
49 41
49 11
49 0
49 21
49 30
49 15
49 44
49 45
