50
0 "A12"
1 "A36"
2 "A37"
3 "A6"
4 "A39"
5 "A43"
6 "A35"
7 "A2"
8 "A23"
9 "A20"
10 "A41"
11 "A25"
12 "A40"
13 "A31"
14 "A45"
15 "A16"
16 "A42"
17 "A28"
18 "A24"
19 "A13"
20 "A48"
21 "A3"
22 "A49"
23 "A29"
24 "A32"
25 "A1"
26 "A4"
27 "A30"
28 "A18"
29 "A34"
30 "A46"
31 "A21"
32 "A44"
33 "A5"
34 "A26"
35 "A22"
36 "A11"
37 "A0"
38 "A7"
39 "A10"
40 "A15"
41 "A38"
42 "A47"
43 "A8"
44 "A19"
45 "A9"
46 "A17"
47 "A33"
48 "A14"
49 "A27"
16
0 45
0 8
0 49
0 44
0 34
0 23
0 31
0 46
0 24
0 38
0 27
0 7
0 32
0 20
0 39
0 42
18
1 37
1 49
1 19
1 8
1 41
1 2
1 22
1 28
1 42
1 45
1 0
1 35
1 15
1 26
1 23
1 39
1 32
1 18
22
2 27
2 49
2 6
2 48
2 17
2 20
2 9
2 11
2 44
2 19
2 29
2 16
2 42
2 18
2 3
2 4
2 47
2 22
2 41
2 7
2 32
2 0
22
3 26
3 32
3 34
3 0
3 6
3 8
3 22
3 29
3 14
3 43
3 5
3 27
3 44
3 38
3 30
3 13
3 15
3 45
3 7
3 19
3 1
3 48
20
4 30
4 44
4 18
4 35
4 10
4 43
4 36
4 0
4 16
4 21
4 29
4 11
4 22
4 8
4 3
4 46
4 25
4 28
4 13
4 19
18
5 23
5 35
5 40
5 9
5 32
5 7
5 48
5 4
5 1
5 20
5 30
5 45
5 38
5 2
5 36
5 16
5 26
5 44
19
6 21
6 19
6 41
6 36
6 29
6 30
6 0
6 24
6 39
6 12
6 40
6 45
6 28
6 46
6 26
6 8
6 10
6 37
6 4
16
7 30
7 21
7 23
7 18
7 38
7 37
7 42
7 39
7 25
7 16
7 15
7 44
7 35
7 14
7 1
7 6
20
8 37
8 24
8 2
8 26
8 12
8 9
8 41
8 45
8 18
8 20
8 36
8 22
8 21
8 5
8 35
8 42
8 44
8 15
8 31
8 7
21
9 15
9 25
9 31
9 22
9 27
9 4
9 47
9 41
9 0
9 49
9 23
9 32
9 1
9 10
9 34
9 40
9 28
9 19
9 36
9 30
9 46
16
10 26
10 33
10 15
10 3
10 14
10 16
10 30
10 42
10 22
10 11
10 13
10 35
10 8
10 1
10 7
10 23
23
11 7
11 22
11 3
11 49
11 40
11 32
11 24
11 20
11 33
11 0
11 48
11 5
11 19
11 30
11 41
11 6
11 21
11 18
11 12
11 25
11 38
11 9
11 35
19
12 28
12 15
12 7
12 33
12 39
12 32
12 22
12 14
12 34
12 0
12 44
12 46
12 17
12 27
12 26
12 1
12 2
12 19
12 36
28
13 31
13 6
13 37
13 2
13 12
13 46
13 22
13 49
13 9
13 0
13 44
13 19
13 14
13 7
13 25
13 21
13 48
13 47
13 29
13 17
13 33
13 27
13 45
13 5
13 39
13 26
13 43
13 40
26
14 9
14 44
14 49
14 19
14 43
14 28
14 6
14 48
14 8
14 34
14 5
14 36
14 4
14 1
14 26
14 42
14 0
14 11
14 38
14 21
14 33
14 2
14 27
14 37
14 22
14 17
12
15 19
15 5
15 21
15 46
15 43
15 39
15 4
15 25
15 16
15 30
15 0
15 27
23
16 0
16 27
16 9
16 1
16 12
16 46
16 40
16 42
16 35
16 17
16 19
16 8
16 6
16 28
16 24
16 29
16 11
16 32
16 13
16 18
16 21
16 14
16 47
15
17 24
17 32
17 39
17 31
17 42
17 22
17 3
17 20
17 34
17 29
17 15
17 4
17 9
17 23
17 0
16
18 23
18 14
18 38
18 21
18 17
18 48
18 46
18 30
18 10
18 3
18 12
18 6
18 13
18 34
18 33
18 49
17
19 40
19 26
19 24
19 47
19 43
19 17
19 33
19 5
19 27
19 37
19 30
19 0
19 7
19 48
19 38
19 18
19 25
19
20 1
20 33
20 18
20 21
20 34
20 45
20 43
20 26
20 9
20 48
20 25
20 15
20 6
20 23
20 14
20 49
20 41
20 27
20 36
19
21 33
21 10
21 48
21 27
21 44
21 1
21 35
21 19
21 32
21 25
21 36
21 42
21 30
21 40
21 22
21 3
21 9
21 17
21 2
16
22 31
22 16
22 47
22 20
22 0
22 30
22 48
22 5
22 35
22 28
22 29
22 26
22 7
22 15
22 33
22 18
22
23 13
23 16
23 27
23 47
23 37
23 2
23 8
23 21
23 6
23 44
23 3
23 28
23 32
23 29
23 22
23 30
23 46
23 45
23 40
23 43
23 15
23 12
20
24 21
24 7
24 2
24 36
24 42
24 26
24 37
24 12
24 4
24 13
24 10
24 15
24 48
24 1
24 41
24 49
24 3
24 14
24 23
24 20
19
25 10
25 27
25 39
25 1
25 46
25 23
25 22
25 38
25 45
25 24
25 26
25 6
25 18
25 48
25 0
25 14
25 47
25 37
25 2
21
26 36
26 37
26 11
26 44
26 33
26 30
26 17
26 48
26 28
26 39
26 4
26 47
26 15
26 23
26 42
26 35
26 7
26 16
26 21
26 34
26 0
18
27 4
27 26
27 39
27 17
27 29
27 42
27 46
27 10
27 34
27 28
27 33
27 22
27 44
27 49
27 37
27 31
27 36
27 24
20
28 3
28 8
28 11
28 15
28 30
28 24
28 2
28 44
28 34
28 21
28 32
28 35
28 37
28 20
28 17
28 25
28 0
28 43
28 19
28 7
22
29 9
29 39
29 25
29 49
29 5
29 47
29 14
29 43
29 40
29 20
29 8
29 24
29 45
29 46
29 1
29 28
29 33
29 21
29 11
29 36
29 35
29 18
19
30 29
30 27
30 41
30 17
30 36
30 12
30 46
30 25
30 37
30 2
30 0
30 16
30 20
30 24
30 42
30 8
30 1
30 49
30 47
25
31 37
31 42
31 15
31 41
31 33
31 26
31 30
31 28
31 7
31 16
31 11
31 25
31 20
31 49
31 4
31 19
31 21
31 38
31 45
31 5
31 18
31 1
31 29
31 24
31 40
19
32 49
32 46
32 7
32 18
32 37
32 38
32 30
32 22
32 15
32 43
32 31
32 4
32 6
32 27
32 20
32 48
32 13
32 24
32 26
20
33 4
33 37
33 15
33 48
33 0
33 46
33 30
33 45
33 47
33 8
33 44
33 3
33 42
33 43
33 2
33 32
33 9
33 24
33 23
33 28
23
34 21
34 49
34 4
34 8
34 48
34 24
34 33
34 37
34 16
34 1
34 15
34 36
34 19
34 41
34 38
34 7
34 43
34 40
34 6
34 42
34 25
34 47
34 31
21
35 25
35 18
35 34
35 27
35 12
35 44
35 23
35 32
35 36
35 30
35 43
35 14
35 39
35 31
35 9
35 6
35 47
35 0
35 15
35 13
35 24
21
36 25
36 44
36 1
36 39
36 49
36 2
36 23
36 32
36 13
36 47
36 10
36 7
36 37
36 19
36 46
36 11
36 17
36 43
36 45
36 41
36 31
21
37 39
37 10
37 41
37 0
37 5
37 20
37 2
37 15
37 12
37 46
37 4
37 38
37 49
37 21
37 35
37 42
37 22
37 3
37 18
37 29
37 44
20
38 13
38 16
38 12
38 36
38 29
38 43
38 15
38 24
38 46
38 39
38 1
38 42
38 2
38 40
38 26
38 22
38 27
38 48
38 4
38 30
16
39 24
39 43
39 16
39 48
39 22
39 4
39 21
39 18
39 44
39 19
39 33
39 32
39 31
39 3
39 14
39 10
23
40 8
40 15
40 33
40 49
40 22
40 4
40 7
40 18
40 14
40 48
40 41
40 26
40 3
40 0
40 24
40 30
40 17
40 32
40 1
40 37
40 46
40 2
40 44
14
41 27
41 38
41 7
41 0
41 22
41 12
41 19
41 16
41 5
41 25
41 28
41 32
41 35
41 33
20
42 36
42 49
42 4
42 11
42 28
42 39
42 6
42 47
42 25
42 22
42 32
42 44
42 45
42 13
42 5
42 15
42 18
42 41
42 12
42 19
20
43 44
43 27
43 2
43 49
43 18
43 6
43 42
43 41
43 40
43 21
43 7
43 22
43 30
43 48
43 0
43 31
43 17
43 5
43 37
43 9
19
44 46
44 11
44 31
44 19
44 10
44 25
44 18
44 34
44 29
44 32
44 1
44 15
44 17
44 47
44 6
44 30
44 48
44 20
44 9
23
45 24
45 30
45 49
45 39
45 47
45 27
45 14
45 9
45 26
45 4
45 41
45 7
45 21
45 18
45 16
45 2
45 34
45 44
45 10
45 46
45 19
45 35
45 28
19
46 1
46 35
46 17
46 22
46 3
46 11
46 21
46 7
46 49
46 19
46 2
46 34
46 48
46 8
46 14
46 20
46 26
46 28
46 41
21
47 37
47 15
47 1
47 10
47 41
47 4
47 8
47 7
47 48
47 24
47 17
47 27
47 40
47 6
47 0
47 11
47 20
47 12
47 43
47 18
47 38
18
48 30
48 9
48 23
48 10
48 31
48 42
48 37
48 0
48 29
48 28
48 41
48 35
48 7
48 27
48 6
48 36
48 4
48 8
15
49 5
49 25
49 33
49 39
49 17
49 21
49 6
49 38
49 12
49 3
49 16
49 48
49 10
49 7
49 26
