50
0 "A12"
1 "A36"
2 "A37"
3 "A6"
4 "A39"
5 "A43"
6 "A35"
7 "A2"
8 "A23"
9 "A20"
10 "A41"
11 "A25"
12 "A40"
13 "A31"
14 "A45"
15 "A16"
16 "A42"
17 "A28"
18 "A24"
19 "A13"
20 "A48"
21 "A3"
22 "A49"
23 "A29"
24 "A32"
25 "A1"
26 "A4"
27 "A30"
28 "A18"
29 "A34"
30 "A46"
31 "A21"
32 "A44"
33 "A5"
34 "A26"
35 "A22"
36 "A11"
37 "A0"
38 "A7"
39 "A10"
40 "A15"
41 "A38"
42 "A47"
43 "A8"
44 "A19"
45 "A9"
46 "A17"
47 "A33"
48 "A14"
49 "A27"
16
0 35
0 45
0 15
0 16
0 43
0 6
0 14
0 3
0 28
0 44
0 20
0 27
0 2
0 31
0 32
0 40
28
1 22
1 21
1 8
1 10
1 36
1 4
1 26
1 28
1 20
1 7
1 9
1 18
1 32
1 2
1 25
1 38
1 15
1 13
1 37
1 43
1 19
1 49
1 45
1 35
1 16
1 0
1 31
1 42
22
2 4
2 28
2 27
2 48
2 8
2 9
2 16
2 41
2 18
2 44
2 42
2 24
2 11
2 39
2 7
2 17
2 47
2 25
2 40
2 26
2 6
2 37
16
3 22
3 2
3 12
3 10
3 18
3 44
3 17
3 42
3 34
3 24
3 28
3 1
3 41
3 39
3 43
3 45
26
4 8
4 31
4 14
4 5
4 3
4 43
4 10
4 0
4 45
4 44
4 29
4 34
4 42
4 22
4 30
4 6
4 37
4 49
4 27
4 11
4 24
4 15
4 16
4 41
4 38
4 26
24
5 1
5 10
5 9
5 3
5 37
5 29
5 0
5 47
5 25
5 28
5 2
5 13
5 20
5 31
5 34
5 33
5 8
5 19
5 42
5 36
5 39
5 30
5 49
5 48
15
6 1
6 41
6 40
6 3
6 49
6 12
6 5
6 8
6 18
6 25
6 16
6 34
6 39
6 28
6 32
22
7 3
7 39
7 35
7 38
7 15
7 20
7 12
7 44
7 32
7 42
7 5
7 29
7 8
7 4
7 48
7 27
7 6
7 41
7 26
7 16
7 47
7 0
21
8 46
8 42
8 24
8 44
8 32
8 0
8 9
8 29
8 16
8 37
8 19
8 33
8 14
8 30
8 36
8 15
8 40
8 25
8 3
8 26
8 21
16
9 43
9 12
9 46
9 3
9 47
9 25
9 22
9 41
9 16
9 19
9 7
9 29
9 37
9 49
9 34
9 6
19
10 6
10 21
10 33
10 7
10 35
10 30
10 0
10 38
10 12
10 13
10 19
10 17
10 11
10 44
10 27
10 46
10 22
10 20
10 39
27
11 49
11 16
11 0
11 25
11 45
11 26
11 13
11 5
11 15
11 28
11 38
11 8
11 14
11 3
11 29
11 42
11 1
11 48
11 18
11 12
11 39
11 31
11 23
11 43
11 34
11 9
11 30
23
12 13
12 45
12 15
12 47
12 31
12 44
12 35
12 20
12 36
12 8
12 38
12 32
12 4
12 46
12 18
12 49
12 48
12 14
12 23
12 26
12 30
12 43
12 28
15
13 4
13 40
13 3
13 14
13 24
13 16
13 19
13 31
13 17
13 8
13 48
13 0
13 18
13 21
13 6
19
14 30
14 21
14 15
14 33
14 3
14 37
14 1
14 29
14 39
14 22
14 7
14 34
14 49
14 18
14 48
14 45
14 25
14 35
14 2
18
15 45
15 5
15 41
15 39
15 27
15 2
15 37
15 22
15 29
15 23
15 33
15 36
15 35
15 13
15 48
15 9
15 47
15 10
20
16 48
16 31
16 43
16 38
16 26
16 39
16 47
16 14
16 23
16 30
16 24
16 40
16 15
16 33
16 20
16 5
16 36
16 10
16 29
16 17
20
17 43
17 18
17 6
17 14
17 1
17 32
17 49
17 22
17 11
17 47
17 37
17 29
17 31
17 42
17 7
17 0
17 15
17 4
17 19
17 25
14
18 15
18 35
18 30
18 24
18 19
18 45
18 8
18 4
18 48
18 5
18 47
18 16
18 7
18 9
17
19 45
19 29
19 44
19 15
19 43
19 12
19 38
19 6
19 23
19 37
19 2
19 20
19 16
19 26
19 7
19 48
19 11
23
20 27
20 2
20 15
20 43
20 22
20 3
20 39
20 24
20 6
20 33
20 17
20 9
20 26
20 18
20 46
20 21
20 40
20 14
20 29
20 47
20 41
20 13
20 35
16
21 39
21 47
21 5
21 26
21 35
21 24
21 15
21 37
21 12
21 25
21 34
21 19
21 18
21 0
21 32
21 16
17
22 26
22 42
22 12
22 18
22 8
22 27
22 11
22 21
22 19
22 33
22 36
22 41
22 48
22 35
22 2
22 32
22 0
22
23 37
23 25
23 9
23 14
23 1
23 20
23 2
23 5
23 7
23 18
23 0
23 39
23 30
23 29
23 27
23 3
23 10
23 22
23 46
23 48
23 21
23 8
14
24 25
24 38
24 27
24 17
24 44
24 5
24 30
24 15
24 14
24 29
24 9
24 23
24 6
24 32
19
25 42
25 16
25 15
25 30
25 41
25 39
25 3
25 43
25 37
25 29
25 13
25 44
25 38
25 0
25 49
25 32
25 20
25 4
25 48
17
26 17
26 10
26 13
26 24
26 31
26 38
26 32
26 14
26 23
26 9
26 15
26 5
26 35
26 47
26 29
26 48
26 25
20
27 9
27 34
27 39
27 6
27 36
27 13
27 1
27 32
27 30
27 5
27 3
27 43
27 16
27 33
27 26
27 35
27 14
27 8
27 44
27 31
21
28 17
28 25
28 41
28 35
28 23
28 24
28 13
28 8
28 4
28 38
28 15
28 20
28 9
28 22
28 14
28 44
28 21
28 42
28 26
28 10
28 19
17
29 34
29 41
29 45
29 42
29 27
29 28
29 47
29 3
29 1
29 18
29 30
29 12
29 36
29 32
29 39
29 21
29 43
21
30 28
30 32
30 20
30 21
30 38
30 7
30 42
30 44
30 15
30 6
30 1
30 0
30 41
30 2
30 9
30 17
30 19
30 3
30 36
30 48
30 37
19
31 18
31 6
31 43
31 28
31 30
31 8
31 41
31 36
31 25
31 21
31 22
31 14
31 23
31 47
31 44
31 9
31 24
31 40
31 46
18
32 11
32 4
32 31
32 47
32 34
32 37
32 41
32 38
32 13
32 3
32 10
32 9
32 45
32 49
32 28
32 16
32 33
32 23
26
33 3
33 23
33 35
33 21
33 4
33 7
33 24
33 39
33 29
33 6
33 37
33 12
33 11
33 19
33 28
33 9
33 43
33 31
33 34
33 25
33 17
33 40
33 48
33 2
33 26
33 30
14
34 23
34 25
34 26
34 8
34 31
34 15
34 7
34 43
34 39
34 10
34 22
34 13
34 28
34 40
17
35 6
35 8
35 38
35 29
35 5
35 4
35 44
35 45
35 19
35 9
35 11
35 32
35 31
35 48
35 39
35 16
35 23
25
36 38
36 4
36 44
36 14
36 33
36 23
36 19
36 28
36 21
36 32
36 10
36 2
36 20
36 43
36 40
36 25
36 34
36 35
36 41
36 7
36 17
36 13
36 39
36 6
36 26
22
37 20
37 10
37 49
37 46
37 6
37 13
37 11
37 48
37 41
37 36
37 12
37 43
37 27
37 31
37 26
37 45
37 28
37 18
37 7
37 29
37 0
37 3
22
38 13
38 33
38 17
38 21
38 8
38 22
38 40
38 29
38 27
38 49
38 48
38 34
38 20
38 45
38 23
38 0
38 5
38 31
38 9
38 3
38 15
38 42
17
39 32
39 13
39 42
39 1
39 49
39 9
39 4
39 24
39 30
39 41
39 37
39 17
39 38
39 12
39 40
39 22
39 8
24
40 37
40 17
40 32
40 22
40 43
40 11
40 41
40 4
40 29
40 45
40 27
40 9
40 12
40 5
40 15
40 28
40 25
40 14
40 23
40 18
40 30
40 7
40 24
40 3
13
41 1
41 27
41 18
41 47
41 24
41 13
41 16
41 33
41 17
41 34
41 26
41 21
41 44
17
42 40
42 43
42 48
42 6
42 9
42 33
42 26
42 15
42 24
42 36
42 35
42 37
42 31
42 34
42 20
42 21
42 47
20
43 10
43 23
43 18
43 38
43 26
43 39
43 15
43 45
43 8
43 28
43 13
43 48
43 32
43 30
43 41
43 2
43 6
43 22
43 24
43 7
20
44 16
44 11
44 20
44 40
44 48
44 32
44 42
44 18
44 6
44 5
44 29
44 34
44 22
44 1
44 37
44 13
44 45
44 43
44 17
44 9
21
45 10
45 30
45 27
45 6
45 22
45 47
45 28
45 26
45 17
45 24
45 5
45 8
45 49
45 42
45 46
45 23
45 21
45 34
45 39
45 48
45 33
24
46 16
46 40
46 11
46 18
46 7
46 44
46 25
46 3
46 14
46 21
46 6
46 29
46 41
46 48
46 32
46 19
46 2
46 34
46 43
46 30
46 33
46 0
46 15
46 5
18
47 14
47 24
47 49
47 22
47 37
47 39
47 4
47 11
47 30
47 3
47 44
47 46
47 23
47 34
47 13
47 40
47 36
47 28
18
48 3
48 47
48 21
48 31
48 10
48 28
48 36
48 8
48 39
48 41
48 32
48 1
48 9
48 40
48 6
48 20
48 0
48 17
20
49 10
49 18
49 7
49 26
49 15
49 22
49 3
49 33
49 42
49 8
49 31
49 29
49 40
49 21
49 2
49 36
49 46
49 28
49 19
49 13
