50
0 "A12"
1 "A36"
2 "A37"
3 "A6"
4 "A39"
5 "A43"
6 "A35"
7 "A2"
8 "A23"
9 "A20"
10 "A41"
11 "A25"
12 "A40"
13 "A31"
14 "A45"
15 "A16"
16 "A42"
17 "A28"
18 "A24"
19 "A13"
20 "A48"
21 "A3"
22 "A49"
23 "A29"
24 "A32"
25 "A1"
26 "A4"
27 "A30"
28 "A18"
29 "A34"
30 "A46"
31 "A21"
32 "A44"
33 "A5"
34 "A26"
35 "A22"
36 "A11"
37 "A0"
38 "A7"
39 "A10"
40 "A15"
41 "A38"
42 "A47"
43 "A8"
44 "A19"
45 "A9"
46 "A17"
47 "A33"
48 "A14"
49 "A27"
16
0 16
0 43
0 31
0 3
0 27
0 2
0 20
0 32
0 40
0 14
0 18
0 24
0 44
0 21
0 1
0 28
22
1 20
1 7
1 9
1 18
1 35
1 19
1 25
1 27
1 16
1 43
1 42
1 22
1 21
1 8
1 38
1 13
1 37
1 4
1 15
1 26
1 34
1 28
19
2 16
2 41
2 18
2 37
2 42
2 7
2 47
2 25
2 29
2 48
2 35
2 17
2 4
2 28
2 27
2 6
2 24
2 8
2 39
21
3 28
3 39
3 43
3 45
3 22
3 41
3 34
3 42
3 16
3 18
3 1
3 32
3 9
3 26
3 48
3 24
3 17
3 44
3 5
3 36
3 12
18
4 30
4 45
4 44
4 24
4 34
4 38
4 6
4 42
4 27
4 11
4 8
4 31
4 14
4 37
4 5
4 3
4 43
4 22
25
5 10
5 9
5 36
5 37
5 29
5 0
5 48
5 33
5 28
5 2
5 41
5 13
5 47
5 16
5 34
5 8
5 12
5 19
5 42
5 26
5 30
5 22
5 49
5 1
5 27
16
6 34
6 40
6 0
6 39
6 1
6 5
6 14
6 8
6 47
6 3
6 27
6 19
6 25
6 12
6 16
6 18
22
7 15
7 20
7 12
7 44
7 6
7 42
7 27
7 29
7 26
7 0
7 24
7 41
7 5
7 47
7 21
7 3
7 32
7 8
7 39
7 35
7 38
7 31
19
8 21
8 46
8 42
8 24
8 26
8 32
8 0
8 9
8 36
8 16
8 14
8 44
8 29
8 33
8 30
8 15
8 25
8 3
8 28
18
9 49
9 43
9 12
9 46
9 6
9 34
9 25
9 2
9 16
9 10
9 13
9 41
9 7
9 29
9 37
9 4
9 33
9 22
19
10 44
10 27
10 22
10 39
10 6
10 21
10 33
10 23
10 1
10 7
10 35
10 30
10 48
10 20
10 38
10 46
10 31
10 40
10 12
27
11 49
11 16
11 0
11 25
11 45
11 26
11 13
11 5
11 15
11 28
11 43
11 8
11 9
11 3
11 29
11 42
11 1
11 48
11 18
11 39
11 31
11 14
11 35
11 12
11 7
11 34
11 30
21
12 35
12 20
12 36
12 44
12 30
12 16
12 18
12 34
12 49
12 14
12 32
12 28
12 2
12 43
12 15
12 45
12 13
12 4
12 31
12 38
12 1
18
13 21
13 17
13 4
13 14
13 29
13 3
13 24
13 48
13 19
13 28
13 40
13 34
13 8
13 2
13 0
13 25
13 18
13 10
14
14 48
14 7
14 18
14 25
14 45
14 39
14 15
14 1
14 34
14 3
14 21
14 2
14 29
14 9
19
15 29
15 23
15 5
15 13
15 27
15 47
15 45
15 22
15 3
15 33
15 25
15 41
15 36
15 39
15 32
15 4
15 35
15 40
15 37
11
16 23
16 24
16 40
16 33
16 13
16 14
16 35
16 36
16 19
16 4
16 31
19
17 0
17 15
17 19
17 43
17 25
17 4
17 14
17 1
17 11
17 49
17 29
17 37
17 20
17 47
17 35
17 22
17 27
17 31
17 7
19
18 15
18 35
18 8
18 24
18 19
18 17
18 45
18 10
18 42
18 4
18 28
18 48
18 5
18 47
18 33
18 36
18 16
18 7
18 9
22
19 48
19 45
19 23
19 44
19 15
19 43
19 12
19 27
19 2
19 38
19 31
19 9
19 35
19 39
19 29
19 34
19 11
19 32
19 37
19 4
19 26
19 7
19
20 13
20 39
20 2
20 15
20 43
20 22
20 47
20 24
20 14
20 37
20 6
20 9
20 18
20 46
20 45
20 35
20 8
20 40
20 42
19
21 19
21 24
21 16
21 15
21 47
21 5
21 33
21 4
21 39
21 35
21 12
21 2
21 22
21 6
21 25
21 37
21 34
21 45
21 17
18
22 42
22 12
22 18
22 8
22 27
22 11
22 2
22 36
22 29
22 41
22 7
22 23
22 32
22 34
22 26
22 35
22 19
22 46
24
23 3
23 39
23 21
23 37
23 2
23 48
23 14
23 1
23 20
23 5
23 7
23 44
23 4
23 47
23 12
23 18
23 0
23 6
23 30
23 8
23 24
23 27
23 26
23 11
14
24 27
24 22
24 41
24 38
24 43
24 15
24 9
24 17
24 14
24 48
24 19
24 46
24 1
24 29
24
25 49
25 20
25 48
25 42
25 16
25 0
25 29
25 41
25 39
25 27
25 22
25 46
25 32
25 5
25 37
25 10
25 23
25 18
25 7
25 3
25 4
25 24
25 44
25 12
22
26 14
26 25
26 9
26 38
26 29
26 6
26 12
26 48
26 40
26 45
26 17
26 13
26 4
26 15
26 24
26 18
26 37
26 47
26 31
26 41
26 32
26 16
18
27 8
27 35
27 32
27 30
27 3
27 43
27 26
27 33
27 11
27 34
27 21
27 39
27 12
27 20
27 44
27 36
27 16
27 14
22
28 26
28 10
28 15
28 17
28 25
28 41
28 35
28 23
28 24
28 42
28 22
28 4
28 38
28 9
28 16
28 34
28 29
28 20
28 14
28 44
28 49
28 21
18
29 34
29 41
29 45
29 42
29 27
29 32
29 3
29 1
29 20
29 30
29 10
29 46
29 23
29 12
29 21
29 47
29 37
29 43
18
30 9
30 17
30 19
30 37
30 28
30 32
30 20
30 48
30 38
30 7
30 2
30 44
30 3
30 6
30 14
30 1
30 0
30 15
20
31 47
31 44
31 18
31 40
31 43
31 46
31 30
31 9
31 41
31 36
31 24
31 21
31 28
31 1
31 22
31 6
31 2
31 14
31 23
31 29
24
32 11
32 9
32 45
32 28
32 23
32 42
32 49
32 16
32 39
32 4
32 5
32 14
32 31
32 33
32 20
32 47
32 10
32 1
32 34
32 18
32 13
32 41
32 38
32 37
23
33 6
33 3
33 23
33 35
33 2
33 4
33 7
33 24
33 39
33 29
33 28
33 37
33 0
33 11
33 44
33 31
33 14
33 22
33 25
33 17
33 1
33 30
33 48
15
34 20
34 2
34 39
34 40
34 24
34 7
34 33
34 23
34 25
34 26
34 8
34 0
34 31
34 15
34 43
17
35 29
35 5
35 31
35 44
35 49
35 43
35 4
35 39
35 9
35 32
35 8
35 45
35 6
35 48
35 37
35 34
35 38
28
36 25
36 41
36 20
36 4
36 44
36 14
36 13
36 35
36 19
36 28
36 21
36 39
36 10
36 2
36 0
36 30
36 42
36 11
36 1
36 46
36 33
36 9
36 23
36 43
36 7
36 17
36 34
36 45
18
37 49
37 46
37 36
37 45
37 11
37 48
37 41
37 12
37 43
37 31
37 34
37 3
37 13
37 7
37 0
37 18
37 6
37 10
23
38 0
38 31
38 3
38 13
38 33
38 9
38 21
38 8
38 42
38 40
38 29
38 5
38 49
38 48
38 34
38 6
38 45
38 47
38 2
38 23
38 14
38 11
38 36
19
39 12
39 40
39 41
39 8
39 42
39 1
39 49
39 9
39 22
39 24
39 0
39 13
39 16
39 30
39 5
39 37
39 17
39 38
39 46
19
40 3
40 37
40 17
40 32
40 22
40 43
40 28
40 41
40 27
40 29
40 9
40 18
40 4
40 12
40 25
40 2
40 5
40 30
40 7
20
41 17
41 13
41 44
41 1
41 27
41 18
41 19
41 48
41 42
41 47
41 12
41 21
41 16
41 43
41 49
41 38
41 8
41 33
41 14
41 4
17
42 9
42 33
42 26
42 34
42 14
42 23
42 21
42 37
42 35
42 40
42 47
42 48
42 30
42 0
42 6
42 19
42 16
19
43 48
43 10
43 8
43 18
43 38
43 22
43 39
43 15
43 45
43 42
43 13
43 44
43 7
43 16
43 30
43 2
43 5
43 6
43 28
20
44 16
44 11
44 20
44 40
44 1
44 45
44 42
44 13
44 34
44 2
44 46
44 5
44 29
44 49
44 22
44 37
44 18
44 17
44 32
44 9
16
45 6
45 22
45 42
45 8
45 48
45 17
45 40
45 0
45 1
45 24
45 46
45 5
45 34
45 10
45 30
45 27
22
46 0
46 34
46 3
46 14
46 21
46 6
46 48
46 41
46 42
46 19
46 33
46 43
46 15
46 40
46 11
46 32
46 2
46 13
46 26
46 18
46 5
46 7
21
47 36
47 28
47 14
47 24
47 11
47 22
47 37
47 39
47 4
47 10
47 30
47 0
47 3
47 44
47 46
47 45
47 27
47 34
47 13
47 49
47 35
18
48 8
48 28
48 4
48 49
48 12
48 39
48 31
48 27
48 40
48 29
48 32
48 1
48 9
48 15
48 34
48 7
48 20
48 6
20
49 8
49 31
49 7
49 21
49 15
49 22
49 3
49 29
49 40
49 2
49 36
49 0
49 46
49 26
49 43
49 19
49 45
49 13
49 14
49 23
