50
0 "A12"
1 "A36"
2 "A37"
3 "A6"
4 "A39"
5 "A43"
6 "A35"
7 "A2"
8 "A23"
9 "A20"
10 "A41"
11 "A25"
12 "A40"
13 "A31"
14 "A45"
15 "A16"
16 "A42"
17 "A28"
18 "A24"
19 "A13"
20 "A48"
21 "A3"
22 "A49"
23 "A29"
24 "A32"
25 "A1"
26 "A4"
27 "A30"
28 "A18"
29 "A34"
30 "A46"
31 "A21"
32 "A44"
33 "A5"
34 "A26"
35 "A22"
36 "A11"
37 "A0"
38 "A7"
39 "A10"
40 "A15"
41 "A38"
42 "A47"
43 "A8"
44 "A19"
45 "A9"
46 "A17"
47 "A33"
48 "A14"
49 "A27"
22
0 32
0 25
0 24
0 36
0 35
0 46
0 23
0 16
0 34
0 38
0 33
0 13
0 28
0 44
0 48
0 2
0 4
0 49
0 45
0 6
0 21
0 41
21
1 34
1 38
1 27
1 35
1 22
1 42
1 47
1 23
1 49
1 11
1 2
1 33
1 5
1 21
1 13
1 3
1 14
1 10
1 0
1 45
1 12
18
2 36
2 28
2 22
2 11
2 10
2 3
2 44
2 9
2 21
2 6
2 19
2 42
2 26
2 14
2 39
2 17
2 12
2 8
16
3 30
3 49
3 36
3 19
3 26
3 28
3 7
3 17
3 0
3 4
3 5
3 47
3 21
3 10
3 43
3 14
20
4 14
4 45
4 24
4 17
4 46
4 22
4 5
4 34
4 9
4 12
4 16
4 18
4 2
4 49
4 1
4 42
4 32
4 48
4 47
4 8
20
5 2
5 41
5 17
5 21
5 38
5 47
5 16
5 49
5 48
5 19
5 32
5 28
5 9
5 30
5 33
5 0
5 34
5 27
5 37
5 14
19
6 48
6 19
6 44
6 29
6 47
6 45
6 5
6 31
6 1
6 3
6 14
6 26
6 13
6 43
6 30
6 46
6 39
6 17
6 23
23
7 26
7 20
7 1
7 34
7 11
7 47
7 39
7 12
7 36
7 2
7 5
7 21
7 33
7 30
7 49
7 0
7 48
7 28
7 4
7 22
7 32
7 46
7 38
17
8 30
8 23
8 43
8 6
8 3
8 39
8 24
8 14
8 9
8 35
8 20
8 41
8 21
8 32
8 1
8 27
8 13
15
9 36
9 41
9 34
9 10
9 6
9 12
9 7
9 44
9 27
9 35
9 15
9 23
9 25
9 17
9 46
27
10 16
10 31
10 43
10 42
10 38
10 12
10 23
10 27
10 49
10 24
10 7
10 36
10 22
10 34
10 28
10 0
10 4
10 17
10 25
10 6
10 44
10 41
10 5
10 15
10 8
10 40
10 46
19
11 39
11 4
11 5
11 34
11 29
11 10
11 6
11 32
11 49
11 22
11 25
11 47
11 0
11 16
11 14
11 38
11 40
11 9
11 37
19
12 13
12 24
12 5
12 46
12 23
12 28
12 0
12 16
12 48
12 18
12 40
12 11
12 6
12 37
12 36
12 17
12 33
12 26
12 3
25
13 10
13 40
13 28
13 14
13 27
13 22
13 45
13 21
13 4
13 2
13 7
13 39
13 26
13 48
13 11
13 36
13 33
13 43
13 31
13 15
13 32
13 46
13 35
13 5
13 20
16
14 22
14 44
14 37
14 23
14 17
14 7
14 41
14 10
14 18
14 25
14 48
14 9
14 31
14 27
14 35
14 32
21
15 11
15 20
15 7
15 4
15 25
15 12
15 30
15 27
15 18
15 0
15 21
15 45
15 14
15 35
15 34
15 8
15 22
15 24
15 2
15 47
15 3
26
16 41
16 40
16 24
16 38
16 7
16 1
16 3
16 23
16 36
16 20
16 9
16 45
16 21
16 30
16 28
16 6
16 33
16 43
16 19
16 2
16 27
16 14
16 37
16 8
16 32
16 15
20
17 16
17 30
17 28
17 47
17 35
17 15
17 0
17 11
17 46
17 13
17 38
17 21
17 26
17 8
17 25
17 40
17 48
17 20
17 43
17 42
19
18 44
18 39
18 38
18 13
18 7
18 43
18 3
18 1
18 6
18 23
18 24
18 2
18 28
18 10
18 37
18 46
18 19
18 17
18 11
20
19 1
19 15
19 37
19 26
19 31
19 49
19 21
19 35
19 33
19 24
19 44
19 32
19 30
19 8
19 28
19 14
19 42
19 17
19 36
19 4
18
20 40
20 1
20 24
20 37
20 48
20 18
20 10
20 12
20 23
20 25
20 41
20 5
20 0
20 2
20 21
20 4
20 14
20 9
15
21 14
21 49
21 33
21 39
21 32
21 35
21 29
21 25
21 9
21 6
21 27
21 12
21 18
21 42
21 11
17
22 24
22 45
22 12
22 9
22 44
22 21
22 19
22 3
22 6
22 37
22 28
22 30
22 46
22 8
22 34
22 39
22 25
19
23 5
23 28
23 26
23 37
23 25
23 2
23 34
23 11
23 46
23 49
23 39
23 19
23 35
23 17
23 13
23 24
23 45
23 15
23 3
16
24 46
24 40
24 17
24 27
24 42
24 21
24 37
24 45
24 3
24 1
24 6
24 13
24 2
24 38
24 43
24 29
19
25 13
25 6
25 18
25 36
25 35
25 48
25 12
25 41
25 8
25 38
25 32
25 3
25 16
25 27
25 19
25 7
25 33
25 4
25 29
18
26 27
26 30
26 10
26 14
26 8
26 42
26 9
26 41
26 46
26 25
26 20
26 24
26 15
26 36
26 18
26 16
26 0
26 47
16
27 49
27 11
27 20
27 33
27 34
27 12
27 30
27 42
27 22
27 0
27 31
27 23
27 6
27 35
27 45
27 47
20
28 9
28 32
28 6
28 20
28 15
28 46
28 27
28 41
28 38
28 49
28 14
28 43
28 1
28 21
28 42
28 24
28 30
28 8
28 26
28 44
21
29 8
29 47
29 27
29 22
29 19
29 7
29 0
29 26
29 36
29 39
29 4
29 38
29 12
29 20
29 48
29 5
29 17
29 10
29 42
29 13
29 46
19
30 23
30 11
30 31
30 29
30 48
30 20
30 4
30 49
30 35
30 18
30 33
30 10
30 39
30 34
30 21
30 12
30 46
30 9
30 1
25
31 5
31 47
31 16
31 40
31 21
31 17
31 18
31 28
31 29
31 39
31 7
31 8
31 15
31 37
31 9
31 4
31 1
31 32
31 23
31 20
31 0
31 35
31 41
31 22
31 3
19
32 9
32 39
32 17
32 34
32 45
32 29
32 18
32 42
32 24
32 30
32 12
32 10
32 46
32 38
32 3
32 6
32 27
32 35
32 20
23
33 8
33 20
33 35
33 10
33 17
33 9
33 28
33 24
33 44
33 26
33 2
33 32
33 31
33 45
33 49
33 18
33 36
33 38
33 6
33 3
33 14
33 11
33 23
15
34 2
34 19
34 31
34 47
34 8
34 24
34 28
34 16
34 26
34 29
34 46
34 38
34 43
34 48
34 41
15
35 6
35 24
35 29
35 49
35 26
35 37
35 18
35 4
35 40
35 36
35 7
35 10
35 5
35 47
35 22
19
36 14
36 20
36 34
36 43
36 1
36 8
36 32
36 47
36 18
36 39
36 11
36 31
36 48
36 15
36 30
36 27
36 23
36 21
36 22
20
37 6
37 32
37 48
37 8
37 9
37 7
37 28
37 2
37 13
37 34
37 49
37 36
37 38
37 29
37 10
37 26
37 43
37 42
37 17
37 21
16
38 27
38 2
38 43
38 6
38 39
38 23
38 19
38 20
38 3
38 30
38 15
38 13
38 12
38 49
38 31
38 35
22
39 37
39 10
39 28
39 4
39 3
39 19
39 47
39 33
39 25
39 16
39 42
39 43
39 41
39 17
39 34
39 1
39 9
39 5
39 35
39 40
39 27
39 20
23
40 25
40 0
40 30
40 47
40 6
40 1
40 26
40 29
40 8
40 49
40 5
40 3
40 34
40 27
40 23
40 28
40 14
40 2
40 18
40 32
40 19
40 15
40 7
23
41 45
41 13
41 24
41 12
41 35
41 49
41 29
41 19
41 33
41 48
41 32
41 36
41 18
41 11
41 21
41 23
41 6
41 22
41 27
41 7
41 44
41 17
41 3
19
42 8
42 49
42 12
42 7
42 40
42 13
42 18
42 31
42 43
42 30
42 34
42 38
42 41
42 5
42 20
42 35
42 9
42 15
42 25
20
43 33
43 30
43 11
43 40
43 25
43 9
43 21
43 49
43 12
43 45
43 5
43 41
43 23
43 29
43 14
43 20
43 27
43 19
43 2
43 32
25
44 40
44 17
44 31
44 12
44 42
44 38
44 7
44 29
44 13
44 37
44 27
44 23
44 43
44 35
44 39
44 11
44 21
44 49
44 47
44 20
44 46
44 32
44 24
44 36
44 4
23
45 34
45 28
45 21
45 18
45 2
45 17
45 25
45 19
45 3
45 42
45 20
45 12
45 5
45 38
45 40
45 29
45 36
45 14
45 35
45 10
45 47
45 26
45 7
12
46 25
46 36
46 45
46 2
46 16
46 40
46 42
46 5
46 14
46 31
46 15
46 8
19
47 30
47 18
47 13
47 0
47 10
47 2
47 37
47 28
47 38
47 46
47 14
47 21
47 41
47 19
47 24
47 20
47 32
47 43
47 23
22
48 38
48 23
48 42
48 3
48 26
48 15
48 11
48 8
48 19
48 16
48 18
48 35
48 33
48 39
48 31
48 43
48 1
48 21
48 46
48 45
48 44
48 24
19
49 6
49 45
49 12
49 15
49 9
49 36
49 8
49 46
49 14
49 25
49 31
49 22
49 16
49 17
49 32
49 48
49 34
49 2
49 29
