50
0 "A23"
1 "A20"
2 "A40"
3 "A3"
4 "A1"
5 "A26"
6 "A46"
7 "A41"
8 "A7"
9 "A24"
10 "A13"
11 "A31"
12 "A19"
13 "A32"
14 "A5"
15 "A9"
16 "A14"
17 "A18"
18 "A43"
19 "A30"
20 "A28"
21 "A36"
22 "A17"
23 "A8"
24 "A27"
25 "A47"
26 "A35"
27 "A49"
28 "A15"
29 "A16"
30 "A44"
31 "A34"
32 "A6"
33 "A22"
34 "A21"
35 "A42"
36 "A48"
37 "A38"
38 "A0"
39 "A25"
40 "A37"
41 "A45"
42 "A10"
43 "A2"
44 "A4"
45 "A29"
46 "A39"
47 "A33"
48 "A11"
49 "A12"
17
0 27
0 26
0 35
0 10
0 4
0 3
0 41
0 18
0 40
0 33
0 44
0 31
0 43
0 48
0 12
0 11
0 25
26
1 45
1 2
1 9
1 26
1 18
1 42
1 20
1 34
1 22
1 33
1 28
1 21
1 10
1 12
1 43
1 23
1 27
1 15
1 48
1 6
1 49
1 19
1 39
1 44
1 25
1 37
16
2 9
2 26
2 5
2 32
2 24
2 39
2 8
2 40
2 36
2 47
2 3
2 25
2 35
2 6
2 7
2 22
24
3 48
3 1
3 5
3 11
3 20
3 9
3 26
3 39
3 44
3 25
3 17
3 12
3 43
3 28
3 24
3 36
3 7
3 33
3 22
3 27
3 8
3 34
3 40
3 46
30
4 24
4 19
4 22
4 46
4 38
4 23
4 28
4 44
4 2
4 35
4 27
4 12
4 8
4 9
4 37
4 18
4 5
4 48
4 3
4 32
4 41
4 34
4 21
4 30
4 25
4 43
4 15
4 45
4 20
4 47
16
5 20
5 41
5 18
5 27
5 0
5 19
5 8
5 22
5 14
5 23
5 17
5 25
5 34
5 48
5 38
5 13
15
6 16
6 32
6 46
6 47
6 24
6 9
6 22
6 20
6 34
6 38
6 36
6 3
6 28
6 33
6 23
21
7 4
7 13
7 27
7 25
7 34
7 45
7 11
7 6
7 9
7 23
7 30
7 33
7 20
7 18
7 26
7 1
7 0
7 29
7 46
7 40
7 43
17
8 6
8 1
8 45
8 34
8 32
8 7
8 0
8 22
8 20
8 9
8 48
8 39
8 26
8 31
8 17
8 44
8 21
17
9 40
9 19
9 49
9 38
9 35
9 0
9 5
9 45
9 37
9 12
9 44
9 14
9 46
9 20
9 31
9 27
9 28
16
10 25
10 48
10 20
10 6
10 8
10 5
10 44
10 16
10 42
10 28
10 3
10 24
10 22
10 26
10 2
10 7
25
11 12
11 28
11 16
11 25
11 36
11 18
11 26
11 40
11 48
11 6
11 13
11 34
11 21
11 8
11 35
11 32
11 4
11 24
11 44
11 9
11 42
11 10
11 46
11 2
11 22
20
12 39
12 34
12 45
12 49
12 29
12 47
12 14
12 36
12 42
12 5
12 10
12 31
12 23
12 40
12 16
12 19
12 2
12 24
12 26
12 6
21
13 45
13 33
13 31
13 37
13 23
13 3
13 48
13 8
13 32
13 18
13 19
13 14
13 10
13 21
13 38
13 30
13 12
13 27
13 15
13 26
13 2
24
14 4
14 39
14 20
14 15
14 0
14 10
14 6
14 34
14 32
14 48
14 47
14 23
14 8
14 45
14 49
14 3
14 1
14 19
14 40
14 24
14 17
14 22
14 37
14 26
24
15 31
15 41
15 32
15 12
15 21
15 49
15 20
15 10
15 5
15 29
15 9
15 6
15 7
15 8
15 2
15 24
15 3
15 44
15 0
15 22
15 46
15 18
15 19
15 35
18
16 35
16 9
16 1
16 39
16 26
16 27
16 15
16 8
16 3
16 29
16 5
16 36
16 0
16 13
16 22
16 42
16 45
16 19
25
17 39
17 26
17 9
17 47
17 46
17 25
17 28
17 18
17 10
17 11
17 34
17 0
17 48
17 44
17 16
17 1
17 24
17 45
17 23
17 43
17 49
17 19
17 32
17 12
17 4
21
18 27
18 30
18 32
18 26
18 25
18 19
18 3
18 36
18 44
18 20
18 47
18 40
18 16
18 24
18 45
18 2
18 37
18 6
18 10
18 43
18 9
15
19 25
19 26
19 43
19 33
19 2
19 39
19 31
19 48
19 28
19 11
19 8
19 10
19 21
19 29
19 6
17
20 29
20 21
20 13
20 24
20 22
20 47
20 38
20 12
20 44
20 35
20 41
20 39
20 31
20 11
20 26
20 23
20 30
19
21 40
21 43
21 38
21 41
21 45
21 18
21 9
21 17
21 42
21 14
21 25
21 36
21 44
21 29
21 10
21 32
21 33
21 7
21 49
14
22 42
22 28
22 7
22 26
22 38
22 17
22 12
22 19
22 18
22 39
22 23
22 0
22 13
22 48
24
23 15
23 36
23 0
23 28
23 32
23 25
23 49
23 44
23 46
23 35
23 33
23 27
23 47
23 37
23 3
23 48
23 42
23 10
23 29
23 26
23 41
23 11
23 30
23 2
11
24 42
24 23
24 40
24 28
24 0
24 32
24 1
24 31
24 45
24 26
24 35
20
25 20
25 37
25 24
25 14
25 15
25 12
25 34
25 27
25 46
25 13
25 36
25 26
25 22
25 28
25 6
25 49
25 31
25 32
25 30
25 9
8
26 4
26 6
26 36
26 37
26 38
26 45
26 21
26 35
24
27 6
27 10
27 38
27 11
27 43
27 12
27 45
27 26
27 8
27 39
27 49
27 47
27 22
27 35
27 28
27 19
27 42
27 46
27 14
27 32
27 17
27 31
27 2
27 41
15
28 5
28 38
28 30
28 0
28 2
28 16
28 18
28 43
28 37
28 14
28 7
28 41
28 29
28 39
28 21
19
29 1
29 30
29 17
29 44
29 14
29 33
29 3
29 48
29 11
29 9
29 2
29 4
29 5
29 0
29 22
29 6
29 40
29 49
29 31
20
30 17
30 15
30 26
30 10
30 5
30 14
30 27
30 38
30 8
30 11
30 6
30 46
30 43
30 0
30 16
30 42
30 2
30 40
30 21
30 48
20
31 44
31 30
31 3
31 41
31 4
31 47
31 16
31 33
31 11
31 48
31 38
31 26
31 10
31 1
31 34
31 22
31 21
31 46
31 49
31 28
18
32 33
32 3
32 30
32 19
32 9
32 35
32 0
32 5
32 31
32 43
32 28
32 20
32 7
32 39
32 22
32 26
32 40
32 38
21
33 27
33 46
33 17
33 24
33 10
33 18
33 15
33 11
33 35
33 5
33 8
33 37
33 14
33 43
33 25
33 42
33 20
33 22
33 28
33 4
33 49
24
34 36
34 27
34 24
34 28
34 16
34 46
34 22
34 29
34 30
34 21
34 9
34 37
34 40
34 32
34 2
34 43
34 26
34 48
34 42
34 18
34 41
34 0
34 10
34 38
23
35 22
35 47
35 12
35 17
35 28
35 18
35 21
35 44
35 5
35 43
35 37
35 13
35 30
35 25
35 8
35 3
35 34
35 1
35 7
35 41
35 49
35 19
35 31
20
36 43
36 5
36 47
36 37
36 44
36 28
36 20
36 15
36 13
36 9
36 33
36 10
36 24
36 4
36 29
36 27
36 8
36 1
36 48
36 35
17
37 27
37 7
37 3
37 5
37 0
37 16
37 31
37 32
37 11
37 47
37 24
37 21
37 22
37 40
37 45
37 38
37 20
23
38 25
38 42
38 18
38 2
38 23
38 15
38 36
38 49
38 14
38 43
38 48
38 17
38 8
38 12
38 3
38 46
38 40
38 0
38 35
38 1
38 33
38 29
38 7
17
39 45
39 47
39 18
39 15
39 26
39 46
39 33
39 24
39 37
39 38
39 11
39 7
39 4
39 0
39 25
39 9
39 34
16
40 45
40 27
40 1
40 19
40 39
40 41
40 25
40 16
40 33
40 42
40 4
40 23
40 35
40 44
40 6
40 36
20
41 16
41 44
41 1
41 37
41 8
41 6
41 38
41 13
41 36
41 47
41 2
41 43
41 3
41 17
41 7
41 30
41 24
41 11
41 14
41 32
25
42 31
42 26
42 47
42 46
42 39
42 25
42 36
42 44
42 20
42 0
42 29
42 3
42 7
42 32
42 2
42 5
42 48
42 15
42 4
42 17
42 35
42 9
42 18
42 43
42 8
16
43 16
43 5
43 23
43 15
43 31
43 37
43 22
43 47
43 13
43 49
43 8
43 29
43 25
43 40
43 2
43 6
22
44 33
44 19
44 32
44 46
44 7
44 38
44 49
44 34
44 48
44 2
44 45
44 14
44 13
44 22
44 27
44 25
44 26
44 5
44 30
44 43
44 24
44 6
25
45 43
45 6
45 28
45 0
45 32
45 42
45 19
45 48
45 36
45 30
45 31
45 10
45 46
45 20
45 23
45 29
45 41
45 11
45 49
45 5
45 2
45 22
45 34
45 3
45 33
15
46 20
46 12
46 29
46 48
46 41
46 37
46 35
46 26
46 5
46 24
46 22
46 18
46 8
46 28
46 36
23
47 7
47 38
47 33
47 5
47 0
47 16
47 3
47 8
47 44
47 25
47 32
47 30
47 26
47 40
47 10
47 9
47 1
47 22
47 34
47 11
47 29
47 48
47 21
16
48 24
48 49
48 41
48 26
48 43
48 35
48 18
48 7
48 12
48 27
48 25
48 39
48 6
48 16
48 2
48 21
20
49 10
49 4
49 19
49 16
49 46
49 8
49 7
49 0
49 2
49 24
49 47
49 36
49 3
49 37
49 5
49 30
49 20
49 11
49 40
49 18
