50
0 "A38"
1 "A9"
2 "A32"
3 "A47"
4 "A12"
5 "A26"
6 "A39"
7 "A49"
8 "A27"
9 "A0"
10 "A1"
11 "A29"
12 "A33"
13 "A44"
14 "A7"
15 "A45"
16 "A37"
17 "A35"
18 "A41"
19 "A24"
20 "A28"
21 "A40"
22 "A43"
23 "A14"
24 "A42"
25 "A25"
26 "A3"
27 "A16"
28 "A4"
29 "A11"
30 "A22"
31 "A17"
32 "A8"
33 "A5"
34 "A2"
35 "A18"
36 "A21"
37 "A13"
38 "A10"
39 "A30"
40 "A23"
41 "A6"
42 "A20"
43 "A19"
44 "A46"
45 "A15"
46 "A34"
47 "A36"
48 "A48"
49 "A31"
20
0 36
0 45
0 23
0 7
0 35
0 26
0 49
0 39
0 3
0 18
0 9
0 48
0 12
0 37
0 25
0 17
0 5
0 38
0 24
0 40
19
1 45
1 48
1 39
1 23
1 10
1 41
1 17
1 40
1 2
1 42
1 27
1 7
1 19
1 47
1 26
1 35
1 13
1 6
1 0
22
2 49
2 21
2 23
2 32
2 15
2 38
2 6
2 44
2 46
2 26
2 43
2 35
2 18
2 31
2 48
2 47
2 45
2 7
2 14
2 11
2 28
2 16
25
3 5
3 40
3 4
3 45
3 10
3 31
3 27
3 12
3 42
3 47
3 22
3 25
3 30
3 15
3 19
3 13
3 2
3 8
3 6
3 39
3 26
3 46
3 1
3 41
3 9
16
4 48
4 33
4 11
4 35
4 2
4 39
4 31
4 15
4 41
4 34
4 22
4 6
4 17
4 37
4 21
4 13
17
5 45
5 37
5 38
5 26
5 20
5 11
5 1
5 31
5 6
5 2
5 36
5 33
5 22
5 24
5 14
5 47
5 28
16
6 33
6 46
6 7
6 11
6 41
6 0
6 23
6 29
6 12
6 13
6 39
6 43
6 38
6 22
6 24
6 31
17
7 46
7 3
7 32
7 4
7 38
7 35
7 49
7 25
7 13
7 21
7 44
7 33
7 47
7 5
7 23
7 27
7 29
14
8 19
8 23
8 24
8 6
8 4
8 28
8 34
8 33
8 7
8 22
8 17
8 30
8 36
8 12
22
9 35
9 5
9 2
9 29
9 12
9 7
9 40
9 42
9 46
9 38
9 33
9 23
9 27
9 44
9 1
9 11
9 22
9 39
9 37
9 21
9 20
9 45
20
10 5
10 15
10 2
10 27
10 9
10 24
10 37
10 44
10 38
10 34
10 13
10 14
10 46
10 18
10 35
10 7
10 26
10 6
10 28
10 20
22
11 32
11 46
11 28
11 45
11 23
11 49
11 13
11 37
11 36
11 18
11 35
11 7
11 3
11 20
11 1
11 47
11 12
11 10
11 34
11 8
11 31
11 43
21
12 14
12 26
12 4
12 2
12 7
12 49
12 46
12 30
12 1
12 25
12 44
12 19
12 22
12 21
12 34
12 41
12 5
12 45
12 17
12 36
12 35
19
13 48
13 16
13 19
13 5
13 47
13 17
13 42
13 44
13 37
13 35
13 33
13 34
13 25
13 46
13 22
13 36
13 12
13 2
13 40
24
14 39
14 28
14 11
14 13
14 30
14 41
14 29
14 15
14 31
14 18
14 8
14 3
14 22
14 25
14 1
14 42
14 48
14 23
14 16
14 19
14 38
14 4
14 0
14 46
20
15 46
15 25
15 9
15 20
15 44
15 7
15 8
15 28
15 41
15 40
15 19
15 49
15 38
15 11
15 29
15 6
15 35
15 47
15 16
15 31
21
16 41
16 49
16 1
16 29
16 3
16 12
16 10
16 39
16 25
16 17
16 23
16 6
16 36
16 34
16 19
16 11
16 22
16 26
16 5
16 20
16 32
21
17 11
17 3
17 26
17 14
17 2
17 36
17 39
17 5
17 37
17 27
17 9
17 25
17 28
17 41
17 6
17 44
17 46
17 35
17 49
17 15
17 48
25
18 9
18 17
18 30
18 34
18 15
18 12
18 45
18 21
18 8
18 40
18 44
18 28
18 7
18 36
18 16
18 6
18 4
18 13
18 49
18 3
18 26
18 35
18 43
18 20
18 41
23
19 43
19 10
19 25
19 47
19 0
19 7
19 37
19 36
19 26
19 29
19 32
19 18
19 30
19 28
19 33
19 35
19 6
19 44
19 9
19 2
19 24
19 49
19 40
18
20 19
20 29
20 36
20 40
20 32
20 4
20 6
20 42
20 8
20 23
20 14
20 17
20 3
20 47
20 2
20 0
20 27
20 37
18
21 11
21 22
21 24
21 41
21 1
21 8
21 39
21 29
21 20
21 10
21 37
21 6
21 23
21 14
21 13
21 15
21 31
21 26
15
22 37
22 26
22 32
22 43
22 11
22 15
22 30
22 31
22 1
22 2
22 19
22 29
22 46
22 17
22 18
22
23 45
23 5
23 35
23 46
23 25
23 27
23 41
23 22
23 24
23 44
23 37
23 28
23 43
23 15
23 18
23 30
23 49
23 13
23 31
23 19
23 17
23 34
22
24 40
24 17
24 33
24 38
24 27
24 18
24 22
24 36
24 13
24 37
24 15
24 31
24 9
24 7
24 49
24 46
24 11
24 26
24 2
24 1
24 45
24 3
15
25 21
25 36
25 5
25 9
25 24
25 18
25 34
25 22
25 41
25 35
25 10
25 37
25 45
25 26
25 6
12
26 32
26 23
26 6
26 15
26 11
26 28
26 31
26 7
26 8
26 14
26 40
26 9
26
27 18
27 38
27 2
27 15
27 30
27 26
27 40
27 22
27 31
27 11
27 48
27 45
27 12
27 35
27 32
27 4
27 19
27 28
27 5
27 6
27 42
27 21
27 36
27 25
27 34
27 16
17
28 13
28 33
28 16
28 41
28 12
28 22
28 25
28 29
28 3
28 9
28 30
28 48
28 40
28 21
28 31
28 49
28 0
16
29 3
29 10
29 13
29 42
29 44
29 8
29 38
29 33
29 2
29 11
29 25
29 27
29 12
29 1
29 35
29 5
21
30 41
30 7
30 15
30 9
30 13
30 20
30 35
30 29
30 17
30 16
30 40
30 48
30 21
30 5
30 25
30 37
30 10
30 0
30 26
30 34
30 49
23
31 29
31 40
31 37
31 45
31 38
31 48
31 20
31 13
31 44
31 1
31 18
31 25
31 7
31 8
31 42
31 16
31 47
31 12
31 0
31 19
31 10
31 39
31 41
24
32 28
32 34
32 25
32 43
32 14
32 29
32 0
32 17
32 39
32 23
32 10
32 9
32 46
32 48
32 18
32 8
32 35
32 36
32 3
32 31
32 47
32 21
32 24
32 13
14
33 3
33 15
33 26
33 25
33 31
33 12
33 22
33 47
33 16
33 11
33 14
33 10
33 1
33 45
21
34 28
34 33
34 6
34 17
34 35
34 44
34 3
34 0
34 47
34 39
34 15
34 29
34 26
34 48
34 20
34 36
34 22
34 7
34 45
34 46
34 24
14
35 42
35 21
35 39
35 45
35 43
35 8
35 33
35 31
35 20
35 14
35 26
35 5
35 16
35 44
21
36 3
36 21
36 29
36 14
36 2
36 22
36 10
36 40
36 1
36 6
36 15
36 33
36 46
36 35
36 43
36 4
36 31
36 7
36 44
36 39
36 9
20
37 32
37 6
37 14
37 28
37 39
37 29
37 7
37 45
37 44
37 47
37 18
37 36
37 34
37 8
37 1
37 41
37 3
37 35
37 27
37 12
19
38 4
38 33
38 40
38 32
38 34
38 36
38 12
38 26
38 11
38 18
38 46
38 42
38 17
38 23
38 1
38 13
38 20
38 45
38 43
24
39 27
39 15
39 40
39 22
39 49
39 44
39 30
39 12
39 25
39 42
39 5
39 29
39 24
39 26
39 38
39 28
39 47
39 48
39 7
39 11
39 33
39 43
39 18
39 41
19
40 37
40 6
40 29
40 43
40 23
40 22
40 21
40 5
40 35
40 10
40 11
40 7
40 45
40 47
40 2
40 14
40 32
40 12
40 16
15
41 38
41 49
41 8
41 13
41 29
41 20
41 48
41 0
41 2
41 10
41 44
41 19
41 22
41 7
41 36
22
42 2
42 41
42 33
42 30
42 16
42 34
42 23
42 26
42 11
42 17
42 10
42 44
42 6
42 28
42 8
42 15
42 22
42 43
42 45
42 36
42 5
42 7
22
43 24
43 0
43 27
43 14
43 7
43 3
43 16
43 30
43 12
43 10
43 31
43 37
43 1
43 5
43 28
43 15
43 4
43 26
43 49
43 44
43 33
43 29
20
44 1
44 22
44 25
44 32
44 24
44 5
44 30
44 21
44 0
44 14
44 4
44 11
44 47
44 27
44 28
44 40
44 8
44 38
44 20
44 3
16
45 44
45 7
45 17
45 14
45 46
45 39
45 36
45 8
45 30
45 32
45 21
45 48
45 19
45 28
45 16
45 4
20
46 33
46 28
46 5
46 25
46 42
46 8
46 0
46 1
46 29
46 35
46 26
46 4
46 16
46 41
46 37
46 39
46 43
46 49
46 30
46 47
15
47 6
47 26
47 36
47 45
47 17
47 43
47 0
47 10
47 18
47 4
47 27
47 12
47 41
47 14
47 35
23
48 47
48 43
48 6
48 20
48 5
48 19
48 33
48 12
48 21
48 36
48 16
48 46
48 9
48 24
48 26
48 29
48 7
48 35
48 37
48 25
48 15
48 42
48 23
22
49 34
49 29
49 13
49 40
49 44
49 33
49 38
49 45
49 26
49 27
49 48
49 3
49 20
49 1
49 36
49 8
49 5
49 14
49 32
49 31
49 4
49 37
