50
0 "A14"
1 "A34"
2 "A28"
3 "A4"
4 "A36"
5 "A42"
6 "A48"
7 "A10"
8 "A29"
9 "A2"
10 "A11"
11 "A26"
12 "A7"
13 "A8"
14 "A5"
15 "A3"
16 "A44"
17 "A15"
18 "A16"
19 "A27"
20 "A35"
21 "A12"
22 "A25"
23 "A22"
24 "A13"
25 "A24"
26 "A32"
27 "A19"
28 "A21"
29 "A23"
30 "A39"
31 "A43"
32 "A47"
33 "A1"
34 "A46"
35 "A49"
36 "A31"
37 "A6"
38 "A45"
39 "A18"
40 "A38"
41 "A0"
42 "A33"
43 "A9"
44 "A20"
45 "A30"
46 "A17"
47 "A37"
48 "A41"
49 "A40"
20
0 21
0 22
0 40
0 45
0 14
0 29
0 34
0 36
0 12
0 49
0 9
0 11
0 26
0 38
0 30
0 19
0 6
0 4
0 13
0 25
17
1 35
1 29
1 30
1 32
1 43
1 24
1 15
1 31
1 23
1 7
1 34
1 36
1 9
1 3
1 20
1 27
1 2
19
2 0
2 43
2 34
2 49
2 13
2 21
2 5
2 37
2 30
2 14
2 9
2 22
2 16
2 27
2 19
2 11
2 29
2 20
2 46
18
3 32
3 47
3 46
3 26
3 29
3 8
3 2
3 40
3 5
3 37
3 44
3 15
3 0
3 21
3 7
3 22
3 9
3 33
16
4 19
4 37
4 17
4 3
4 18
4 30
4 11
4 35
4 40
4 9
4 22
4 47
4 48
4 46
4 1
4 5
17
5 31
5 47
5 42
5 14
5 40
5 41
5 37
5 35
5 23
5 44
5 19
5 49
5 11
5 9
5 13
5 12
5 24
21
6 45
6 2
6 41
6 4
6 19
6 48
6 28
6 3
6 8
6 15
6 18
6 21
6 1
6 5
6 43
6 44
6 46
6 9
6 36
6 47
6 32
22
7 15
7 32
7 8
7 43
7 5
7 28
7 26
7 22
7 2
7 44
7 13
7 48
7 0
7 19
7 25
7 20
7 14
7 38
7 21
7 49
7 9
7 27
20
8 33
8 32
8 17
8 4
8 47
8 5
8 30
8 22
8 40
8 14
8 42
8 49
8 34
8 48
8 41
8 20
8 19
8 1
8 24
8 0
22
9 48
9 21
9 25
9 47
9 49
9 28
9 19
9 44
9 16
9 11
9 15
9 17
9 31
9 35
9 27
9 40
9 45
9 18
9 13
9 12
9 39
9 30
23
10 32
10 22
10 33
10 9
10 25
10 47
10 6
10 2
10 11
10 42
10 5
10 3
10 23
10 15
10 12
10 19
10 43
10 26
10 0
10 48
10 1
10 41
10 7
19
11 38
11 27
11 31
11 30
11 18
11 21
11 17
11 36
11 23
11 28
11 8
11 12
11 48
11 3
11 19
11 39
11 14
11 32
11 45
22
12 3
12 35
12 24
12 34
12 17
12 47
12 36
12 33
12 20
12 23
12 4
12 8
12 16
12 40
12 30
12 25
12 45
12 22
12 6
12 7
12 32
12 19
21
13 24
13 34
13 48
13 1
13 3
13 49
13 16
13 11
13 4
13 26
13 29
13 14
13 23
13 33
13 22
13 47
13 17
13 15
13 6
13 19
13 18
14
14 3
14 4
14 41
14 45
14 47
14 24
14 1
14 26
14 15
14 33
14 23
14 16
14 38
14 48
17
15 26
15 25
15 33
15 4
15 24
15 29
15 12
15 5
15 0
15 44
15 31
15 45
15 41
15 34
15 35
15 46
15 40
18
16 20
16 15
16 45
16 6
16 37
16 8
16 41
16 17
16 40
16 23
16 10
16 11
16 0
16 19
16 38
16 36
16 44
16 5
23
17 10
17 36
17 41
17 25
17 39
17 29
17 32
17 18
17 45
17 40
17 38
17 2
17 5
17 47
17 24
17 14
17 33
17 6
17 43
17 44
17 37
17 3
17 31
24
18 28
18 10
18 37
18 39
18 25
18 21
18 40
18 42
18 49
18 15
18 7
18 8
18 43
18 19
18 46
18 5
18 12
18 31
18 16
18 27
18 33
18 1
18 30
18 20
19
19 46
19 30
19 1
19 37
19 33
19 42
19 23
19 40
19 14
19 32
19 47
19 15
19 44
19 17
19 22
19 34
19 27
19 38
19 36
21
20 19
20 46
20 5
20 14
20 44
20 10
20 9
20 39
20 21
20 38
20 23
20 11
20 27
20 33
20 17
20 35
20 49
20 3
20 29
20 43
20 40
22
21 17
21 35
21 4
21 26
21 13
21 8
21 24
21 15
21 47
21 37
21 40
21 28
21 31
21 30
21 49
21 25
21 38
21 19
21 27
21 23
21 48
21 16
19
22 21
22 20
22 9
22 33
22 42
22 43
22 25
22 11
22 23
22 36
22 31
22 44
22 14
22 37
22 15
22 24
22 38
22 5
22 17
11
23 0
23 15
23 37
23 32
23 2
23 3
23 8
23 7
23 6
23 9
23 42
22
24 16
24 19
24 11
24 39
24 29
24 6
24 28
24 20
24 41
24 30
24 25
24 42
24 10
24 3
24 37
24 4
24 40
24 9
24 43
24 36
24 7
24 18
17
25 5
25 8
25 43
25 13
25 34
25 16
25 14
25 49
25 1
25 19
25 20
25 4
25 40
25 45
25 48
25 29
25 6
25
26 30
26 6
26 8
26 2
26 20
26 37
26 9
26 25
26 12
26 1
26 27
26 45
26 41
26 31
26 17
26 48
26 19
26 5
26 33
26 28
26 11
26 4
26 44
26 22
26 23
17
27 28
27 22
27 29
27 36
27 39
27 25
27 31
27 0
27 40
27 4
27 6
27 10
27 16
27 15
27 23
27 5
27 48
25
28 8
28 33
28 2
28 14
28 25
28 45
28 44
28 29
28 1
28 0
28 4
28 22
28 30
28 12
28 41
28 38
28 31
28 19
28 13
28 15
28 47
28 16
28 20
28 36
28 5
21
29 5
29 38
29 33
29 40
29 32
29 22
29 31
29 23
29 7
29 47
29 6
29 4
29 41
29 12
29 19
29 21
29 11
29 26
29 10
29 9
29 36
20
30 27
30 34
30 13
30 15
30 38
30 25
30 46
30 17
30 29
30 40
30 22
30 47
30 16
30 14
30 44
30 7
30 5
30 23
30 49
30 20
17
31 49
31 30
31 38
31 34
31 0
31 16
31 12
31 8
31 6
31 2
31 4
31 19
31 23
31 43
31 41
31 13
31 24
25
32 28
32 18
32 14
32 20
32 30
32 25
32 33
32 5
32 21
32 4
32 24
32 0
32 31
32 26
32 42
32 16
32 39
32 36
32 49
32 13
32 27
32 37
32 40
32 9
32 15
17
33 4
33 16
33 37
33 23
33 46
33 0
33 7
33 38
33 21
33 39
33 5
33 6
33 11
33 45
33 9
33 47
33 30
19
34 26
34 23
34 39
34 22
34 18
34 11
34 29
34 48
34 9
34 40
34 20
34 16
34 49
34 38
34 36
34 28
34 14
34 35
34 7
21
35 19
35 39
35 3
35 38
35 2
35 32
35 27
35 36
35 17
35 0
35 13
35 25
35 33
35 37
35 42
35 29
35 31
35 6
35 44
35 49
35 8
17
36 33
36 23
36 39
36 10
36 8
36 5
36 30
36 13
36 7
36 26
36 14
36 15
36 31
36 48
36 37
36 4
36 25
22
37 48
37 29
37 13
37 20
37 30
37 9
37 10
37 41
37 1
37 0
37 12
37 28
37 49
37 14
37 40
37 46
37 25
37 43
37 6
37 15
37 39
37 27
19
38 45
38 8
38 10
38 42
38 23
38 18
38 2
38 32
38 9
38 36
38 39
38 4
38 3
38 26
38 37
38 49
38 47
38 25
38 15
17
39 1
39 30
39 48
39 43
39 5
39 4
39 45
39 16
39 8
39 7
39 12
39 14
39 42
39 23
39 28
39 10
39 29
14
40 41
40 33
40 45
40 48
40 1
40 39
40 23
40 7
40 11
40 47
40 22
40 28
40 13
40 6
16
41 12
41 20
41 30
41 35
41 32
41 36
41 38
41 25
41 33
41 22
41 44
41 0
41 45
41 19
41 7
41 43
21
42 9
42 26
42 16
42 2
42 40
42 0
42 3
42 12
42 34
42 28
42 37
42 6
42 27
42 7
42 36
42 43
42 14
42 47
42 41
42 17
42 4
20
43 4
43 29
43 35
43 23
43 38
43 27
43 15
43 44
43 12
43 32
43 14
43 45
43 21
43 3
43 0
43 26
43 30
43 34
43 16
43 36
16
44 27
44 34
44 31
44 38
44 32
44 21
44 42
44 33
44 1
44 4
44 0
44 2
44 36
44 10
44 29
44 23
18
45 10
45 21
45 32
45 22
45 47
45 37
45 30
45 8
45 13
45 19
45 5
45 42
45 27
45 7
45 24
45 31
45 2
45 29
24
46 38
46 11
46 9
46 34
46 22
46 21
46 17
46 5
46 7
46 8
46 13
46 10
46 45
46 41
46 27
46 26
46 16
46 12
46 40
46 35
46 36
46 0
46 43
46 1
18
47 32
47 41
47 11
47 16
47 2
47 15
47 7
47 44
47 20
47 24
47 46
47 26
47 18
47 22
47 36
47 0
47 1
47 25
23
48 16
48 5
48 22
48 47
48 35
48 15
48 49
48 2
48 23
48 41
48 32
48 20
48 43
48 24
48 33
48 18
48 31
48 17
48 3
48 30
48 29
48 44
48 46
24
49 24
49 47
49 46
49 42
49 26
49 12
49 6
49 19
49 14
49 10
49 16
49 11
49 27
49 33
49 17
49 39
49 29
49 15
49 36
49 22
49 45
49 44
49 23
49 3
