50
0 "A14"
1 "A34"
2 "A28"
3 "A4"
4 "A36"
5 "A42"
6 "A48"
7 "A10"
8 "A29"
9 "A2"
10 "A11"
11 "A26"
12 "A7"
13 "A8"
14 "A5"
15 "A3"
16 "A44"
17 "A15"
18 "A16"
19 "A27"
20 "A35"
21 "A12"
22 "A25"
23 "A22"
24 "A13"
25 "A24"
26 "A32"
27 "A19"
28 "A21"
29 "A23"
30 "A39"
31 "A43"
32 "A47"
33 "A1"
34 "A46"
35 "A49"
36 "A31"
37 "A6"
38 "A45"
39 "A18"
40 "A38"
41 "A0"
42 "A33"
43 "A9"
44 "A20"
45 "A30"
46 "A17"
47 "A37"
48 "A41"
49 "A40"
17
0 34
0 20
0 3
0 40
0 31
0 36
0 5
0 47
0 46
0 21
0 29
0 7
0 43
0 8
0 41
0 26
0 22
24
1 15
1 19
1 21
1 24
1 46
1 44
1 42
1 23
1 43
1 31
1 49
1 0
1 13
1 38
1 37
1 14
1 6
1 47
1 33
1 17
1 41
1 29
1 2
1 36
23
2 19
2 33
2 10
2 36
2 35
2 23
2 42
2 0
2 45
2 18
2 14
2 13
2 6
2 24
2 11
2 26
2 37
2 25
2 47
2 49
2 39
2 27
2 16
13
3 33
3 43
3 20
3 19
3 2
3 12
3 44
3 37
3 22
3 1
3 49
3 36
3 46
20
4 13
4 0
4 40
4 7
4 9
4 25
4 43
4 49
4 3
4 28
4 11
4 45
4 16
4 26
4 42
4 33
4 12
4 37
4 38
4 8
24
5 26
5 40
5 10
5 34
5 14
5 25
5 13
5 7
5 20
5 39
5 1
5 17
5 8
5 9
5 28
5 19
5 11
5 12
5 24
5 30
5 31
5 3
5 29
5 44
18
6 42
6 12
6 17
6 14
6 33
6 3
6 35
6 15
6 24
6 4
6 8
6 25
6 39
6 27
6 13
6 0
6 9
6 5
22
7 19
7 1
7 40
7 39
7 13
7 20
7 49
7 29
7 45
7 26
7 34
7 32
7 21
7 10
7 41
7 2
7 15
7 36
7 30
7 48
7 24
7 16
21
8 44
8 13
8 2
8 39
8 45
8 37
8 35
8 18
8 7
8 38
8 11
8 31
8 9
8 12
8 41
8 32
8 27
8 21
8 42
8 3
8 23
18
9 33
9 20
9 44
9 2
9 16
9 15
9 17
9 34
9 30
9 46
9 1
9 39
9 26
9 22
9 7
9 0
9 25
9 11
13
10 42
10 31
10 43
10 24
10 4
10 27
10 8
10 45
10 20
10 41
10 9
10 3
10 16
19
11 26
11 1
11 35
11 21
11 10
11 44
11 6
11 33
11 17
11 36
11 40
11 3
11 39
11 38
11 48
11 20
11 32
11 18
11 0
17
12 0
12 33
12 28
12 14
12 17
12 25
12 49
12 30
12 10
12 9
12 27
12 16
12 40
12 13
12 7
12 2
12 15
12
13 18
13 17
13 11
13 24
13 48
13 25
13 42
13 40
13 46
13 0
13 9
13 20
17
14 10
14 8
14 34
14 21
14 17
14 20
14 19
14 29
14 4
14 38
14 9
14 0
14 13
14 7
14 3
14 47
14 25
22
15 32
15 28
15 3
15 27
15 5
15 46
15 42
15 30
15 37
15 29
15 22
15 4
15 19
15 10
15 21
15 45
15 14
15 40
15 2
15 44
15 0
15 24
20
16 40
16 24
16 47
16 43
16 45
16 1
16 0
16 26
16 8
16 6
16 48
16 21
16 39
16 49
16 14
16 5
16 13
16 20
16 32
16 3
13
17 30
17 3
17 36
17 34
17 41
17 4
17 22
17 31
17 2
17 18
17 46
17 40
17 35
20
18 6
18 37
18 35
18 47
18 0
18 48
18 12
18 4
18 19
18 39
18 38
18 44
18 34
18 25
18 22
18 9
18 49
18 15
18 5
18 32
19
19 42
19 17
19 10
19 38
19 40
19 11
19 36
19 20
19 13
19 16
19 26
19 4
19 9
19 49
19 12
19 29
19 0
19 32
19 39
17
20 12
20 2
20 8
20 26
20 15
20 1
20 46
20 37
20 33
20 6
20 34
20 17
20 27
20 40
20 22
20 31
20 4
18
21 3
21 24
21 41
21 19
21 12
21 18
21 6
21 10
21 44
21 38
21 23
21 47
21 17
21 20
21 34
21 25
21 26
21 30
20
22 14
22 19
22 11
22 10
22 36
22 23
22 33
22 40
22 16
22 4
22 13
22 45
22 48
22 7
22 41
22 49
22 21
22 1
22 2
22 46
23
23 34
23 15
23 6
23 26
23 38
23 7
23 25
23 46
23 13
23 48
23 17
23 41
23 10
23 9
23 5
23 47
23 20
23 18
23 31
23 43
23 12
23 37
23 0
19
24 45
24 4
24 9
24 8
24 11
24 28
24 40
24 19
24 30
24 46
24 44
24 0
24 17
24 20
24 3
24 18
24 42
24 23
24 12
13
25 3
25 30
25 48
25 20
25 0
25 35
25 11
25 37
25 19
25 17
25 22
25 16
25 41
21
26 38
26 6
26 14
26 17
26 22
26 27
26 30
26 12
26 15
26 43
26 37
26 32
26 29
26 49
26 36
26 25
26 8
26 10
26 13
26 42
26 18
18
27 1
27 46
27 44
27 45
27 3
27 25
27 16
27 21
27 40
27 39
27 34
27 9
27 14
27 13
27 31
27 23
27 18
27 7
28
28 27
28 7
28 10
28 14
28 45
28 35
28 8
28 18
28 39
28 1
28 22
28 0
28 34
28 23
28 49
28 32
28 26
28 25
28 33
28 21
28 38
28 6
28 9
28 31
28 13
28 3
28 19
28 2
26
29 16
29 39
29 35
29 4
29 22
29 24
29 8
29 20
29 33
29 25
29 21
29 49
29 12
29 44
29 3
29 23
29 2
29 13
29 6
29 48
29 10
29 42
29 9
29 18
29 28
29 34
27
30 33
30 3
30 40
30 20
30 31
30 1
30 38
30 35
30 16
30 28
30 11
30 18
30 48
30 27
30 44
30 0
30 22
30 14
30 29
30 10
30 49
30 42
30 13
30 45
30 4
30 41
30 2
17
31 43
31 24
31 12
31 14
31 22
31 34
31 47
31 13
31 35
31 18
31 44
31 19
31 6
31 4
31 21
31 40
31 3
18
32 2
32 4
32 29
32 17
32 6
32 44
32 12
32 47
32 33
32 0
32 31
32 22
32 13
32 30
32 25
32 45
32 9
32 1
23
33 15
33 18
33 49
33 8
33 25
33 7
33 43
33 46
33 39
33 40
33 45
33 23
33 10
33 31
33 16
33 27
33 41
33 24
33 5
33 21
33 44
33 19
33 17
23
34 36
34 42
34 33
34 16
34 3
34 12
34 24
34 11
34 47
34 15
34 1
34 22
34 25
34 37
34 2
34 30
34 49
34 6
34 44
34 10
34 41
34 4
34 40
27
35 22
35 16
35 34
35 23
35 27
35 43
35 3
35 37
35 9
35 19
35 42
35 24
35 38
35 46
35 41
35 7
35 47
35 15
35 14
35 13
35 20
35 26
35 21
35 0
35 33
35 36
35 4
20
36 48
36 21
36 25
36 18
36 28
36 24
36 33
36 8
36 20
36 31
36 5
36 14
36 9
36 13
36 15
36 41
36 4
36 49
36 23
36 10
20
37 14
37 17
37 33
37 32
37 31
37 7
37 39
37 0
37 38
37 28
37 40
37 41
37 6
37 12
37 49
37 30
37 9
37 43
37 19
37 22
24
38 13
38 2
38 42
38 47
38 33
38 7
38 27
38 41
38 5
38 10
38 45
38 3
38 20
38 36
38 22
38 6
38 17
38 16
38 43
38 12
38 49
38 31
38 29
38 25
20
39 1
39 38
39 20
39 32
39 14
39 40
39 15
39 46
39 3
39 34
39 25
39 35
39 4
39 0
39 45
39 24
39 31
39 17
39 36
39 23
13
40 18
40 6
40 32
40 2
40 25
40 28
40 8
40 35
40 38
40 36
40 23
40 45
40 41
17
41 31
41 49
41 48
41 6
41 45
41 14
41 9
41 12
41 26
41 27
41 43
41 32
41 18
41 29
41 2
41 28
41 16
18
42 14
42 33
42 9
42 18
42 31
42 27
42 41
42 25
42 40
42 46
42 36
42 0
42 37
42 32
42 16
42 49
42 20
42 43
18
43 11
43 32
43 20
43 13
43 30
43 2
43 22
43 39
43 15
43 21
43 17
43 9
43 40
43 29
43 46
43 34
43 5
43 45
22
44 13
44 36
44 37
44 16
44 42
44 25
44 17
44 14
44 6
44 19
44 22
44 0
44 12
44 26
44 20
44 39
44 10
44 2
44 23
44 38
44 28
44 41
19
45 36
45 17
45 37
45 42
45 29
45 11
45 5
45 9
45 1
45 6
45 12
45 19
45 0
45 21
45 25
45 20
45 34
45 47
45 26
20
46 14
46 29
46 5
46 36
46 32
46 45
46 49
46 6
46 38
46 19
46 12
46 16
46 34
46 8
46 18
46 40
46 7
46 47
46 30
46 37
19
47 39
47 43
47 41
47 44
47 40
47 7
47 36
47 37
47 27
47 28
47 12
47 29
47 15
47 8
47 6
47 33
47 9
47 3
47 26
22
48 39
48 1
48 10
48 21
48 35
48 17
48 0
48 45
48 34
48 37
48 12
48 14
48 44
48 6
48 26
48 19
48 38
48 27
48 42
48 32
48 46
48 33
18
49 11
49 48
49 17
49 20
49 10
49 5
49 6
49 23
49 25
49 0
49 40
49 39
49 35
49 43
49 21
49 31
49 24
49 8
