50
0 "A14"
1 "A34"
2 "A28"
3 "A4"
4 "A36"
5 "A42"
6 "A48"
7 "A10"
8 "A29"
9 "A2"
10 "A11"
11 "A26"
12 "A7"
13 "A8"
14 "A5"
15 "A3"
16 "A44"
17 "A15"
18 "A16"
19 "A27"
20 "A35"
21 "A12"
22 "A25"
23 "A22"
24 "A13"
25 "A24"
26 "A32"
27 "A19"
28 "A21"
29 "A23"
30 "A39"
31 "A43"
32 "A47"
33 "A1"
34 "A46"
35 "A49"
36 "A31"
37 "A6"
38 "A45"
39 "A18"
40 "A38"
41 "A0"
42 "A33"
43 "A9"
44 "A20"
45 "A30"
46 "A17"
47 "A37"
48 "A41"
49 "A40"
16
0 32
0 37
0 2
0 47
0 14
0 10
0 48
0 13
0 35
0 45
0 49
0 20
0 23
0 16
0 1
0 46
22
1 22
1 15
1 33
1 48
1 7
1 25
1 24
1 13
1 23
1 2
1 12
1 14
1 29
1 40
1 34
1 45
1 16
1 32
1 3
1 28
1 37
1 8
20
2 41
2 13
2 25
2 28
2 36
2 5
2 22
2 20
2 21
2 6
2 46
2 9
2 17
2 39
2 35
2 8
2 30
2 18
2 3
2 4
23
3 0
3 36
3 16
3 15
3 43
3 44
3 22
3 4
3 21
3 45
3 7
3 27
3 31
3 5
3 28
3 12
3 38
3 24
3 8
3 40
3 34
3 18
3 46
13
4 32
4 21
4 14
4 40
4 27
4 46
4 42
4 23
4 19
4 1
4 41
4 39
4 49
16
5 34
5 4
5 47
5 28
5 49
5 39
5 19
5 35
5 48
5 12
5 45
5 0
5 29
5 11
5 20
5 9
24
6 48
6 3
6 0
6 1
6 35
6 21
6 25
6 46
6 30
6 8
6 16
6 14
6 20
6 45
6 22
6 10
6 41
6 5
6 17
6 37
6 12
6 40
6 24
6 44
23
7 16
7 33
7 30
7 6
7 17
7 18
7 10
7 43
7 0
7 36
7 49
7 24
7 31
7 27
7 42
7 32
7 23
7 47
7 5
7 35
7 40
7 4
7 2
15
8 5
8 10
8 12
8 48
8 44
8 20
8 36
8 7
8 41
8 11
8 30
8 19
8 17
8 9
8 15
20
9 42
9 0
9 22
9 6
9 35
9 31
9 1
9 19
9 30
9 34
9 15
9 27
9 43
9 40
9 25
9 49
9 36
9 17
9 39
9 26
19
10 49
10 11
10 36
10 42
10 2
10 24
10 19
10 20
10 44
10 46
10 18
10 5
10 3
10 14
10 27
10 15
10 22
10 38
10 41
23
11 4
11 24
11 26
11 23
11 45
11 2
11 0
11 14
11 1
11 38
11 28
11 47
11 40
11 36
11 13
11 7
11 41
11 33
11 21
11 48
11 3
11 39
11 29
22
12 23
12 24
12 14
12 45
12 44
12 16
12 7
12 38
12 13
12 33
12 22
12 17
12 39
12 30
12 4
12 0
12 19
12 2
12 43
12 40
12 42
12 18
24
13 39
13 19
13 38
13 4
13 17
13 18
13 3
13 34
13 26
13 7
13 40
13 5
13 49
13 15
13 20
13 8
13 9
13 37
13 14
13 21
13 25
13 10
13 33
13 45
19
14 23
14 34
14 36
14 37
14 9
14 18
14 43
14 32
14 27
14 3
14 8
14 31
14 7
14 5
14 29
14 30
14 39
14 33
14 20
14
15 5
15 40
15 27
15 43
15 22
15 42
15 16
15 34
15 26
15 11
15 4
15 49
15 7
15 2
17
16 11
16 5
16 36
16 13
16 20
16 39
16 43
16 46
16 33
16 35
16 28
16 29
16 47
16 45
16 24
16 22
16 9
23
17 39
17 5
17 10
17 21
17 22
17 23
17 25
17 44
17 27
17 32
17 35
17 16
17 4
17 48
17 0
17 11
17 28
17 24
17 47
17 40
17 14
17 19
17 34
24
18 8
18 27
18 49
18 42
18 5
18 6
18 24
18 48
18 31
18 16
18 17
18 29
18 15
18 41
18 28
18 23
18 35
18 11
18 22
18 38
18 34
18 4
18 43
18 1
17
19 28
19 15
19 33
19 49
19 46
19 22
19 40
19 3
19 18
19 0
19 48
19 2
19 34
19 20
19 7
19 11
19 26
15
20 23
20 17
20 46
20 40
20 49
20 22
20 7
20 43
20 11
20 26
20 30
20 31
20 12
20 35
20 1
25
21 37
21 10
21 14
21 45
21 47
21 39
21 25
21 16
21 24
21 19
21 28
21 12
21 1
21 43
21 7
21 20
21 41
21 32
21 5
21 33
21 36
21 38
21 35
21 29
21 9
17
22 30
22 13
22 34
22 47
22 44
22 0
22 31
22 21
22 33
22 7
22 40
22 48
22 45
22 43
22 49
22 4
22 37
18
23 28
23 33
23 10
23 19
23 16
23 44
23 22
23 38
23 2
23 6
23 15
23 45
23 9
23 25
23 37
23 27
23 13
23 3
19
24 39
24 23
24 2
24 38
24 28
24 33
24 43
24 14
24 9
24 8
24 0
24 4
24 22
24 49
24 20
24 32
24 46
24 13
24 5
22
25 30
25 15
25 45
25 3
25 36
25 0
25 29
25 7
25 19
25 14
25 4
25 5
25 12
25 42
25 11
25 49
25 24
25 18
25 35
25 8
25 10
25 41
21
26 39
26 17
26 49
26 12
26 47
26 18
26 23
26 4
26 16
26 22
26 48
26 10
26 30
26 14
26 5
26 2
26 25
26 32
26 0
26 28
26 31
20
27 1
27 24
27 47
27 5
27 33
27 30
27 11
27 41
27 35
27 20
27 38
27 8
27 6
27 13
27 21
27 28
27 39
27 49
27 22
27 48
21
28 43
28 37
28 7
28 12
28 49
28 31
28 29
28 8
28 20
28 15
28 6
28 44
28 47
28 45
28 10
28 38
28 4
28 36
28 39
28 0
28 41
19
29 42
29 23
29 22
29 8
29 15
29 10
29 7
29 26
29 9
29 49
29 39
29 17
29 3
29 34
29 19
29 27
29 13
29 46
29 24
22
30 43
30 37
30 36
30 3
30 21
30 31
30 29
30 1
30 44
30 47
30 42
30 45
30 39
30 4
30 35
30 34
30 10
30 28
30 16
30 11
30 13
30 17
20
31 0
31 10
31 19
31 21
31 33
31 35
31 2
31 17
31 15
31 40
31 43
31 23
31 8
31 13
31 29
31 16
31 42
31 11
31 24
31 32
20
32 47
32 45
32 15
32 19
32 11
32 12
32 13
32 43
32 33
32 35
32 48
32 30
32 27
32 22
32 23
32 10
32 18
32 39
32 16
32 29
15
33 18
33 2
33 9
33 26
33 45
33 43
33 3
33 44
33 48
33 30
33 35
33 4
33 5
33 28
33 42
20
34 42
34 16
34 47
34 36
34 39
34 32
34 26
34 45
34 24
34 6
34 4
34 40
34 8
34 12
34 10
34 20
34 27
34 31
34 28
34 33
16
35 4
35 22
35 15
35 11
35 34
35 1
35 23
35 47
35 28
35 14
35 13
35 46
35 38
35 10
35 8
35 43
21
36 5
36 42
36 35
36 12
36 32
36 24
36 39
36 40
36 31
36 15
36 13
36 19
36 38
36 49
36 4
36 18
36 27
36 17
36 0
36 26
36 20
24
37 42
37 18
37 48
37 7
37 33
37 8
37 26
37 45
37 17
37 10
37 36
37 46
37 25
37 11
37 3
37 19
37 24
37 43
37 35
37 27
37 41
37 20
37 39
37 38
20
38 45
38 14
38 2
38 5
38 0
38 8
38 46
38 34
38 25
38 15
38 39
38 19
38 26
38 31
38 20
38 7
38 32
38 9
38 33
38 6
9
39 41
39 7
39 47
39 31
39 48
39 43
39 10
39 20
39 35
18
40 27
40 35
40 16
40 29
40 8
40 2
40 14
40 26
40 49
40 30
40 39
40 0
40 38
40 37
40 21
40 33
40 25
40 32
27
41 26
41 19
41 24
41 22
41 32
41 20
41 43
41 12
41 38
41 23
41 16
41 44
41 0
41 7
41 40
41 48
41 14
41 15
41 35
41 9
41 33
41 29
41 30
41 5
41 31
41 36
41 1
21
42 43
42 16
42 24
42 22
42 5
42 35
42 1
42 46
42 14
42 20
42 26
42 39
42 2
42 21
42 32
42 0
42 41
42 38
42 27
42 13
42 8
14
43 10
43 4
43 8
43 29
43 27
43 1
43 49
43 40
43 19
43 2
43 0
43 6
43 25
43 17
22
44 9
44 39
44 31
44 37
44 32
44 19
44 40
44 0
44 36
44 16
44 21
44 5
44 15
44 38
44 42
44 35
44 29
44 4
44 43
44 2
44 26
44 1
16
45 43
45 26
45 2
45 44
45 39
45 49
45 8
45 17
45 35
45 24
45 7
45 10
45 15
45 48
45 19
45 18
26
46 47
46 44
46 36
46 15
46 18
46 43
46 12
46 9
46 22
46 30
46 14
46 25
46 32
46 45
46 7
46 33
46 13
46 41
46 5
46 40
46 1
46 28
46 49
46 11
46 17
46 39
19
47 25
47 33
47 8
47 43
47 9
47 12
47 18
47 6
47 45
47 15
47 10
47 19
47 38
47 23
47 3
47 24
47 29
47 1
47 40
20
48 43
48 23
48 29
48 10
48 35
48 30
48 44
48 31
48 9
48 42
48 38
48 2
48 40
48 47
48 3
48 25
48 21
48 46
48 14
48 20
19
49 37
49 11
49 23
49 2
49 35
49 41
49 38
49 21
49 33
49 47
49 12
49 42
49 17
49 1
49 32
49 16
49 3
49 39
49 14
