50
0 "A14"
1 "A34"
2 "A28"
3 "A4"
4 "A36"
5 "A42"
6 "A48"
7 "A10"
8 "A29"
9 "A2"
10 "A11"
11 "A26"
12 "A7"
13 "A8"
14 "A5"
15 "A3"
16 "A44"
17 "A15"
18 "A16"
19 "A27"
20 "A35"
21 "A12"
22 "A25"
23 "A22"
24 "A13"
25 "A24"
26 "A32"
27 "A19"
28 "A21"
29 "A23"
30 "A39"
31 "A43"
32 "A47"
33 "A1"
34 "A46"
35 "A49"
36 "A31"
37 "A6"
38 "A45"
39 "A18"
40 "A38"
41 "A0"
42 "A33"
43 "A9"
44 "A20"
45 "A30"
46 "A17"
47 "A37"
48 "A41"
49 "A40"
20
0 39
0 10
0 6
0 3
0 35
0 37
0 8
0 13
0 1
0 24
0 31
0 36
0 29
0 23
0 22
0 45
0 12
0 40
0 46
0 41
18
1 14
1 29
1 10
1 22
1 26
1 36
1 13
1 12
1 21
1 19
1 45
1 3
1 9
1 25
1 43
1 41
1 24
1 4
16
2 4
2 30
2 45
2 29
2 47
2 38
2 27
2 1
2 3
2 9
2 13
2 12
2 39
2 16
2 40
2 42
17
3 17
3 18
3 11
3 21
3 28
3 45
3 26
3 10
3 4
3 9
3 32
3 27
3 35
3 22
3 30
3 38
3 14
16
4 32
4 22
4 36
4 0
4 33
4 42
4 17
4 34
4 21
4 6
4 19
4 8
4 44
4 9
4 28
4 23
22
5 4
5 2
5 10
5 36
5 40
5 47
5 49
5 14
5 11
5 1
5 29
5 8
5 25
5 24
5 33
5 48
5 41
5 17
5 12
5 22
5 30
5 3
18
6 2
6 33
6 29
6 18
6 46
6 32
6 43
6 5
6 42
6 9
6 36
6 44
6 26
6 15
6 25
6 24
6 31
6 35
22
7 15
7 37
7 25
7 0
7 22
7 47
7 35
7 26
7 5
7 4
7 43
7 21
7 42
7 24
7 44
7 12
7 31
7 34
7 46
7 17
7 38
7 49
17
8 18
8 25
8 15
8 13
8 9
8 26
8 22
8 39
8 33
8 29
8 49
8 3
8 27
8 2
8 6
8 45
8 7
17
9 22
9 0
9 10
9 48
9 5
9 12
9 16
9 18
9 20
9 23
9 13
9 19
9 31
9 32
9 42
9 40
9 29
14
10 41
10 34
10 45
10 18
10 49
10 38
10 47
10 28
10 36
10 40
10 37
10 31
10 2
10 19
19
11 32
11 41
11 35
11 38
11 12
11 19
11 16
11 10
11 40
11 21
11 31
11 7
11 6
11 29
11 27
11 0
11 13
11 4
11 45
16
12 6
12 35
12 34
12 16
12 26
12 40
12 33
12 39
12 4
12 28
12 29
12 19
12 44
12 46
12 24
12 49
22
13 31
13 20
13 6
13 46
13 23
13 47
13 40
13 28
13 19
13 15
13 7
13 42
13 3
13 30
13 43
13 14
13 4
13 24
13 38
13 26
13 29
13 10
23
14 15
14 11
14 27
14 47
14 10
14 8
14 28
14 42
14 35
14 7
14 33
14 0
14 9
14 16
14 49
14 32
14 43
14 17
14 6
14 2
14 12
14 20
14 25
18
15 11
15 35
15 42
15 33
15 18
15 5
15 22
15 32
15 37
15 19
15 49
15 34
15 40
15 9
15 2
15 10
15 0
15 27
23
16 0
16 6
16 41
16 26
16 29
16 4
16 19
16 15
16 46
16 28
16 3
16 7
16 25
16 31
16 18
16 8
16 32
16 47
16 10
16 1
16 39
16 24
16 49
20
17 46
17 1
17 42
17 22
17 9
17 15
17 21
17 16
17 23
17 45
17 24
17 6
17 31
17 25
17 13
17 34
17 39
17 32
17 11
17 12
20
18 25
18 32
18 5
18 14
18 1
18 38
18 42
18 43
18 0
18 13
18 7
18 47
18 4
18 26
18 11
18 12
18 34
18 17
18 24
18 41
18
19 8
19 43
19 33
19 23
19 31
19 7
19 45
19 20
19 21
19 28
19 24
19 37
19 18
19 6
19 46
19 30
19 47
19 14
28
20 15
20 27
20 12
20 35
20 23
20 31
20 4
20 17
20 44
20 16
20 30
20 25
20 43
20 49
20 2
20 26
20 11
20 47
20 3
20 22
20 42
20 7
20 10
20 34
20 48
20 1
20 38
20 24
16
21 10
21 5
21 22
21 48
21 16
21 29
21 49
21 14
21 27
21 35
21 31
21 2
21 13
21 12
21 42
21 0
21
22 29
22 37
22 18
22 42
22 14
22 30
22 2
22 49
22 32
22 39
22 19
22 27
22 13
22 16
22 44
22 36
22 12
22 25
22 48
22 43
22 45
18
23 2
23 1
23 18
23 39
23 3
23 45
23 27
23 48
23 42
23 6
23 25
23 24
23 8
23 15
23 12
23 35
23 28
23 32
15
24 3
24 38
24 36
24 45
24 42
24 14
24 39
24 28
24 11
24 2
24 40
24 10
24 21
24 47
24 27
18
25 9
25 19
25 10
25 0
25 13
25 31
25 34
25 26
25 38
25 36
25 48
25 43
25 30
25 11
25 4
25 32
25 15
25 46
22
26 37
26 4
26 17
26 10
26 41
26 48
26 35
26 32
26 27
26 33
26 47
26 43
26 23
26 9
26 21
26 39
26 22
26 40
26 2
26 34
26 19
26 5
14
27 1
27 42
27 9
27 0
27 13
27 18
27 25
27 29
27 16
27 7
27 17
27 34
27 12
27 5
20
28 25
28 26
28 39
28 18
28 42
28 22
28 43
28 20
28 29
28 0
28 8
28 6
28 48
28 47
28 21
28 9
28 44
28 7
28 15
28 32
18
29 19
29 3
29 36
29 10
29 18
29 17
29 48
29 37
29 25
29 26
29 23
29 15
29 7
29 14
29 49
29 4
29 30
29 46
22
30 38
30 21
30 40
30 14
30 41
30 9
30 33
30 34
30 27
30 26
30 31
30 7
30 32
30 6
30 1
30 47
30 36
30 17
30 45
30 23
30 10
30 18
22
31 2
31 4
31 5
31 18
31 1
31 32
31 14
31 24
31 3
31 41
31 12
31 23
31 49
31 8
31 26
31 39
31 27
31 43
31 38
31 15
31 45
31 29
14
32 21
32 46
32 29
32 7
32 20
32 8
32 13
32 10
32 45
32 1
32 24
32 0
32 19
32 2
19
33 22
33 9
33 18
33 39
33 27
33 43
33 38
33 46
33 48
33 44
33 2
33 20
33 21
33 13
33 3
33 17
33 10
33 1
33 31
19
34 9
34 5
34 38
34 6
34 29
34 8
34 43
34 33
34 39
34 32
34 35
34 31
34 13
34 0
34 3
34 42
34 14
34 16
34 23
21
35 24
35 17
35 2
35 5
35 9
35 38
35 29
35 42
35 13
35 19
35 4
35 27
35 41
35 39
35 40
35 22
35 1
35 32
35 33
35 36
35 25
19
36 13
36 17
36 23
36 27
36 9
36 21
36 37
36 16
36 45
36 31
36 26
36 2
36 39
36 11
36 42
36 3
36 12
36 28
36 33
31
37 13
37 40
37 27
37 20
37 34
37 6
37 8
37 46
37 4
37 17
37 24
37 9
37 47
37 2
37 5
37 25
37 11
37 38
37 14
37 23
37 35
37 3
37 42
37 1
37 30
37 21
37 18
37 32
37 33
37 28
37 12
21
38 21
38 19
38 17
38 16
38 5
38 12
38 44
38 0
38 42
38 4
38 47
38 23
38 48
38 28
38 39
38 9
38 14
38 36
38 46
38 1
38 22
17
39 49
39 25
39 44
39 20
39 3
39 7
39 27
39 11
39 14
39 18
39 29
39 45
39 30
39 37
39 43
39 19
39 13
22
40 34
40 8
40 49
40 6
40 19
40 31
40 39
40 18
40 47
40 25
40 36
40 20
40 7
40 17
40 14
40 38
40 23
40 4
40 16
40 29
40 22
40 32
26
41 7
41 21
41 8
41 33
41 48
41 22
41 39
41 45
41 46
41 4
41 40
41 6
41 23
41 19
41 37
41 13
41 15
41 12
41 14
41 38
41 25
41 9
41 2
41 20
41 17
41 27
17
42 33
42 16
42 47
42 29
42 41
42 1
42 43
42 11
42 49
42 10
42 44
42 25
42 39
42 5
42 31
42 30
42 12
14
43 48
43 3
43 16
43 4
43 37
43 8
43 5
43 0
43 47
43 29
43 12
43 35
43 40
43 15
22
44 25
44 18
44 46
44 17
44 23
44 14
44 41
44 29
44 10
44 34
44 43
44 35
44 2
44 0
44 31
44 36
44 15
44 16
44 32
44 19
44 40
44 8
21
45 6
45 38
45 25
45 9
45 26
45 20
45 40
45 49
45 37
45 34
45 42
45 47
45 18
45 7
45 14
45 33
45 16
45 12
45 27
45 35
45 29
20
46 9
46 22
46 23
46 21
46 20
46 47
46 36
46 42
46 34
46 40
46 30
46 35
46 10
46 14
46 4
46 8
46 15
46 45
46 39
46 24
23
47 21
47 23
47 27
47 0
47 29
47 32
47 39
47 34
47 49
47 31
47 9
47 33
47 22
47 6
47 44
47 8
47 35
47 41
47 3
47 11
47 36
47 12
47 1
23
48 0
48 27
48 19
48 24
48 46
48 7
48 6
48 16
48 30
48 42
48 49
48 11
48 44
48 14
48 34
48 4
48 32
48 39
48 40
48 15
48 35
48 47
48 31
21
49 32
49 37
49 33
49 34
49 0
49 3
49 27
49 6
49 36
49 35
49 2
49 1
49 41
49 17
49 25
49 19
49 30
49 38
49 44
49 46
49 43
