50
0 "A14"
1 "A34"
2 "A28"
3 "A4"
4 "A36"
5 "A42"
6 "A48"
7 "A10"
8 "A29"
9 "A2"
10 "A11"
11 "A26"
12 "A7"
13 "A8"
14 "A5"
15 "A3"
16 "A44"
17 "A15"
18 "A16"
19 "A27"
20 "A35"
21 "A12"
22 "A25"
23 "A22"
24 "A13"
25 "A24"
26 "A32"
27 "A19"
28 "A21"
29 "A23"
30 "A39"
31 "A43"
32 "A47"
33 "A1"
34 "A46"
35 "A49"
36 "A31"
37 "A6"
38 "A45"
39 "A18"
40 "A38"
41 "A0"
42 "A33"
43 "A9"
44 "A20"
45 "A30"
46 "A17"
47 "A37"
48 "A41"
49 "A40"
15
0 14
0 30
0 18
0 35
0 49
0 31
0 46
0 7
0 6
0 5
0 43
0 36
0 16
0 22
0 4
15
1 22
1 26
1 6
1 41
1 31
1 8
1 28
1 32
1 39
1 42
1 33
1 9
1 48
1 4
1 11
21
2 3
2 32
2 15
2 34
2 45
2 48
2 4
2 39
2 13
2 42
2 19
2 49
2 29
2 24
2 5
2 1
2 38
2 20
2 35
2 11
2 47
21
3 14
3 9
3 1
3 4
3 15
3 48
3 5
3 29
3 27
3 49
3 30
3 41
3 7
3 25
3 40
3 19
3 17
3 45
3 21
3 20
3 0
18
4 45
4 35
4 19
4 25
4 28
4 32
4 23
4 27
4 6
4 15
4 31
4 11
4 43
4 41
4 21
4 39
4 44
4 17
19
5 49
5 29
5 12
5 48
5 13
5 35
5 18
5 8
5 36
5 30
5 37
5 39
5 16
5 47
5 11
5 44
5 4
5 20
5 32
19
6 8
6 27
6 18
6 39
6 22
6 38
6 31
6 42
6 15
6 36
6 28
6 32
6 17
6 5
6 7
6 9
6 21
6 19
6 2
19
7 39
7 25
7 33
7 18
7 49
7 24
7 41
7 35
7 26
7 5
7 30
7 1
7 34
7 16
7 23
7 13
7 48
7 11
7 43
14
8 40
8 21
8 22
8 37
8 49
8 31
8 28
8 19
8 32
8 3
8 23
8 0
8 33
8 44
18
9 11
9 27
9 48
9 28
9 39
9 2
9 26
9 7
9 19
9 30
9 25
9 16
9 4
9 37
9 34
9 8
9 36
9 5
20
10 8
10 21
10 0
10 29
10 20
10 12
10 47
10 35
10 11
10 15
10 5
10 48
10 4
10 27
10 13
10 43
10 49
10 2
10 37
10 17
19
11 12
11 40
11 14
11 8
11 48
11 19
11 31
11 6
11 26
11 33
11 49
11 22
11 20
11 39
11 28
11 32
11 16
11 27
11 23
17
12 7
12 28
12 22
12 23
12 40
12 8
12 32
12 9
12 6
12 24
12 49
12 1
12 3
12 0
12 34
12 20
12 46
18
13 8
13 4
13 24
13 41
13 3
13 0
13 9
13 36
13 1
13 17
13 23
13 46
13 11
13 12
13 15
13 39
13 26
13 49
25
14 10
14 49
14 34
14 2
14 38
14 48
14 44
14 21
14 24
14 16
14 33
14 4
14 39
14 23
14 8
14 32
14 6
14 42
14 43
14 47
14 12
14 28
14 26
14 37
14 1
15
15 25
15 27
15 47
15 8
15 21
15 12
15 42
15 1
15 48
15 0
15 9
15 49
15 44
15 7
15 34
19
16 48
16 30
16 1
16 35
16 31
16 13
16 28
16 24
16 38
16 4
16 27
16 12
16 42
16 10
16 6
16 29
16 15
16 17
16 47
16
17 35
17 46
17 8
17 38
17 1
17 22
17 5
17 26
17 0
17 30
17 33
17 11
17 39
17 41
17 14
17 15
18
18 46
18 3
18 2
18 42
18 41
18 9
18 15
18 16
18 40
18 11
18 26
18 37
18 29
18 10
18 39
18 4
18 13
18 14
18
19 26
19 17
19 7
19 47
19 44
19 16
19 13
19 36
19 34
19 40
19 33
19 12
19 22
19 15
19 10
19 25
19 38
19 1
18
20 9
20 17
20 0
20 24
20 45
20 22
20 34
20 35
20 14
20 44
20 7
20 15
20 27
20 19
20 6
20 1
20 36
20 49
25
21 49
21 7
21 48
21 39
21 0
21 31
21 27
21 47
21 2
21 18
21 9
21 35
21 46
21 25
21 11
21 16
21 17
21 44
21 29
21 19
21 1
21 26
21 34
21 32
21 20
18
22 16
22 5
22 3
22 49
22 18
22 2
22 29
22 25
22 35
22 21
22 7
22 38
22 28
22 15
22 48
22 9
22 10
22 41
18
23 25
23 20
23 43
23 29
23 17
23 36
23 19
23 6
23 18
23 45
23 26
23 3
23 21
23 28
23 39
23 5
23 2
23 0
23
24 0
24 21
24 39
24 11
24 27
24 9
24 23
24 15
24 37
24 19
24 36
24 26
24 43
24 10
24 46
24 3
24 49
24 45
24 29
24 30
24 6
24 22
24 8
22
25 5
25 47
25 8
25 14
25 16
25 38
25 17
25 12
25 2
25 34
25 43
25 11
25 18
25 20
25 0
25 35
25 40
25 6
25 10
25 39
25 31
25 13
18
26 3
26 42
26 49
26 34
26 43
26 45
26 12
26 22
26 25
26 16
26 4
26 48
26 10
26 47
26 6
26 36
26 0
26 38
24
27 26
27 30
27 47
27 7
27 22
27 48
27 39
27 35
27 19
27 5
27 2
27 44
27 12
27 0
27 1
27 13
27 25
27 45
27 36
27 17
27 14
27 38
27 43
27 37
19
28 5
28 47
28 19
28 36
28 18
28 3
28 37
28 43
28 27
28 21
28 26
28 33
28 29
28 10
28 44
28 32
28 45
28 48
28 0
19
29 48
29 19
29 13
29 41
29 44
29 33
29 31
29 14
29 0
29 17
29 1
29 9
29 8
29 49
29 27
29 20
29 39
29 38
29 30
17
30 19
30 25
30 31
30 40
30 14
30 49
30 46
30 20
30 33
30 35
30 28
30 26
30 6
30 37
30 4
30 47
30 13
18
31 14
31 41
31 43
31 39
31 38
31 19
31 12
31 36
31 22
31 10
31 26
31 2
31 17
31 27
31 20
31 44
31 13
31 9
21
32 27
32 29
32 19
32 0
32 37
32 42
32 18
32 9
32 48
32 24
32 15
32 22
32 38
32 13
32 20
32 41
32 17
32 31
32 10
32 43
32 34
23
33 22
33 3
33 21
33 31
33 20
33 32
33 5
33 15
33 43
33 6
33 44
33 13
33 38
33 37
33 0
33 36
33 26
33 27
33 47
33 10
33 16
33 46
33 41
15
34 24
34 5
34 28
34 3
34 4
34 29
34 39
34 30
34 31
34 46
34 16
34 27
34 0
34 43
34 6
26
35 8
35 44
35 40
35 39
35 3
35 32
35 34
35 26
35 45
35 41
35 28
35 12
35 14
35 37
35 29
35 33
35 15
35 49
35 38
35 9
35 1
35 43
35 18
35 13
35 11
35 42
25
36 12
36 43
36 7
36 4
36 16
36 30
36 17
36 8
36 35
36 18
36 15
36 49
36 10
36 2
36 42
36 14
36 45
36 1
36 32
36 3
36 21
36 29
36 48
36 25
36 11
18
37 29
37 26
37 6
37 25
37 46
37 40
37 0
37 20
37 15
37 1
37 12
37 22
37 19
37 34
37 47
37 23
37 21
37 36
21
38 1
38 18
38 9
38 30
38 48
38 12
38 5
38 28
38 41
38 23
38 13
38 44
38 47
38 8
38 4
38 20
38 46
38 24
38 37
38 34
38 11
16
39 15
39 3
39 30
39 12
39 0
39 45
39 46
39 44
39 10
39 47
39 26
39 33
39 32
39 40
39 20
39 38
26
40 26
40 0
40 23
40 1
40 49
40 7
40 13
40 4
40 44
40 10
40 33
40 5
40 22
40 20
40 2
40 27
40 48
40 15
40 28
40 17
40 41
40 42
40 45
40 14
40 6
40 34
24
41 5
41 46
41 39
41 37
41 6
41 26
41 42
41 49
41 16
41 43
41 0
41 19
41 9
41 25
41 15
41 11
41 36
41 28
41 14
41 44
41 21
41 2
41 10
41 27
26
42 4
42 31
42 12
42 30
42 22
42 19
42 34
42 7
42 37
42 21
42 13
42 8
42 9
42 39
42 23
42 3
42 33
42 49
42 38
42 25
42 17
42 29
42 5
42 47
42 10
42 43
20
43 20
43 1
43 46
43 18
43 3
43 16
43 13
43 5
43 21
43 9
43 17
43 2
43 8
43 15
43 29
43 39
43 12
43 47
43 6
43 44
21
44 9
44 25
44 46
44 24
44 32
44 0
44 18
44 45
44 2
44 10
44 1
44 16
44 3
44 49
44 23
44 36
44 12
44 11
44 17
44 26
44 37
27
45 18
45 33
45 30
45 42
45 15
45 14
45 16
45 41
45 13
45 7
45 8
45 10
45 21
45 34
45 1
45 49
45 11
45 5
45 12
45 47
45 9
45 0
45 32
45 29
45 19
45 22
45 25
22
46 23
46 8
46 1
46 48
46 45
46 20
46 28
46 15
46 10
46 35
46 9
46 25
46 29
46 3
46 42
46 4
46 22
46 19
46 11
46 7
46 32
46 40
15
47 36
47 9
47 29
47 18
47 40
47 17
47 13
47 44
47 31
47 6
47 46
47 20
47 49
47 4
47 3
19
48 0
48 43
48 37
48 44
48 42
48 20
48 39
48 30
48 4
48 41
48 13
48 45
48 6
48 17
48 8
48 31
48 34
48 35
48 12
12
49 6
49 18
49 43
49 37
49 9
49 23
49 17
49 34
49 25
49 16
49 46
49 48
