50
0 "A14"
1 "A34"
2 "A28"
3 "A4"
4 "A36"
5 "A42"
6 "A48"
7 "A10"
8 "A29"
9 "A2"
10 "A11"
11 "A26"
12 "A7"
13 "A8"
14 "A5"
15 "A3"
16 "A44"
17 "A15"
18 "A16"
19 "A27"
20 "A35"
21 "A12"
22 "A25"
23 "A22"
24 "A13"
25 "A24"
26 "A32"
27 "A19"
28 "A21"
29 "A23"
30 "A39"
31 "A43"
32 "A47"
33 "A1"
34 "A46"
35 "A49"
36 "A31"
37 "A6"
38 "A45"
39 "A18"
40 "A38"
41 "A0"
42 "A33"
43 "A9"
44 "A20"
45 "A30"
46 "A17"
47 "A37"
48 "A41"
49 "A40"
18
0 24
0 34
0 19
0 29
0 36
0 2
0 3
0 31
0 6
0 11
0 9
0 23
0 7
0 16
0 43
0 13
0 37
0 42
20
1 18
1 10
1 20
1 9
1 38
1 49
1 48
1 11
1 43
1 17
1 22
1 7
1 31
1 14
1 45
1 24
1 23
1 30
1 21
1 40
12
2 1
2 21
2 42
2 24
2 13
2 7
2 26
2 40
2 12
2 36
2 48
2 17
22
3 9
3 29
3 26
3 48
3 11
3 16
3 47
3 14
3 5
3 34
3 4
3 37
3 49
3 2
3 27
3 31
3 7
3 36
3 28
3 22
3 8
3 20
26
4 5
4 22
4 39
4 47
4 13
4 21
4 1
4 28
4 48
4 20
4 34
4 0
4 16
4 38
4 45
4 6
4 9
4 24
4 19
4 2
4 40
4 49
4 15
4 8
4 33
4 11
15
5 20
5 11
5 26
5 21
5 39
5 23
5 46
5 43
5 16
5 36
5 28
5 2
5 27
5 49
5 0
16
6 12
6 19
6 23
6 15
6 3
6 16
6 30
6 47
6 26
6 35
6 42
6 25
6 10
6 5
6 2
6 7
22
7 27
7 33
7 24
7 9
7 38
7 23
7 47
7 4
7 36
7 45
7 39
7 28
7 30
7 31
7 49
7 19
7 26
7 18
7 14
7 22
7 41
7 32
25
8 22
8 47
8 9
8 24
8 32
8 0
8 39
8 14
8 29
8 2
8 5
8 35
8 12
8 28
8 1
8 38
8 36
8 16
8 15
8 10
8 44
8 48
8 23
8 21
8 11
18
9 45
9 20
9 32
9 5
9 16
9 18
9 39
9 25
9 41
9 33
9 11
9 13
9 6
9 23
9 29
9 14
9 30
9 49
20
10 31
10 40
10 37
10 2
10 42
10 48
10 35
10 45
10 9
10 15
10 18
10 27
10 39
10 4
10 7
10 49
10 22
10 36
10 16
10 5
17
11 45
11 32
11 36
11 41
11 26
11 31
11 48
11 15
11 42
11 47
11 27
11 21
11 44
11 28
11 6
11 29
11 39
14
12 20
12 7
12 37
12 11
12 42
12 5
12 45
12 26
12 41
12 3
12 32
12 0
12 30
12 31
20
13 15
13 25
13 23
13 7
13 1
13 10
13 20
13 24
13 27
13 3
13 49
13 19
13 30
13 16
13 6
13 18
13 21
13 44
13 17
13 32
19
14 21
14 15
14 44
14 6
14 2
14 31
14 33
14 36
14 4
14 45
14 49
14 17
14 26
14 39
14 13
14 41
14 30
14 0
14 12
20
15 24
15 5
15 48
15 20
15 0
15 25
15 33
15 42
15 22
15 31
15 43
15 41
15 36
15 39
15 49
15 7
15 9
15 1
15 12
15 21
15
16 24
16 7
16 15
16 40
16 33
16 36
16 31
16 30
16 44
16 34
16 11
16 38
16 45
16 2
16 46
26
17 28
17 43
17 10
17 18
17 32
17 40
17 23
17 36
17 11
17 22
17 46
17 25
17 37
17 3
17 0
17 38
17 19
17 48
17 4
17 7
17 16
17 31
17 30
17 35
17 34
17 42
19
18 15
18 12
18 49
18 27
18 19
18 2
18 47
18 35
18 14
18 4
18 39
18 43
18 20
18 0
18 34
18 3
18 11
18 5
18 33
21
19 32
19 14
19 11
19 1
19 38
19 42
19 48
19 35
19 5
19 39
19 45
19 3
19 46
19 23
19 29
19 49
19 16
19 27
19 9
19 25
19 15
20
20 48
20 19
20 29
20 6
20 22
20 21
20 17
20 35
20 10
20 8
20 24
20 36
20 14
20 7
20 33
20 46
20 49
20 16
20 2
20 31
18
21 49
21 33
21 3
21 45
21 16
21 23
21 9
21 46
21 10
21 19
21 31
21 26
21 17
21 0
21 22
21 41
21 34
21 37
19
22 18
22 29
22 40
22 25
22 27
22 19
22 0
22 41
22 11
22 5
22 12
22 38
22 9
22 34
22 42
22 46
22 2
22 48
22 6
21
23 24
23 11
23 22
23 32
23 26
23 31
23 45
23 44
23 10
23 48
23 28
23 18
23 27
23 43
23 36
23 37
23 34
23 20
23 25
23 49
23 40
16
24 18
24 10
24 21
24 17
24 12
24 46
24 30
24 49
24 9
24 48
24 28
24 34
24 22
24 5
24 27
24 3
23
25 2
25 3
25 42
25 4
25 11
25 48
25 5
25 38
25 44
25 0
25 49
25 47
25 7
25 1
25 33
25 27
25 21
25 46
25 12
25 34
25 20
25 14
25 18
19
26 0
26 31
26 34
26 9
26 30
26 22
26 15
26 25
26 18
26 24
26 49
26 33
26 1
26 20
26 41
26 48
26 4
26 43
26 17
23
27 42
27 33
27 29
27 45
27 44
27 9
27 28
27 40
27 37
27 12
27 30
27 8
27 1
27 20
27 41
27 4
27 39
27 17
27 2
27 14
27 34
27 15
27 48
20
28 19
28 41
28 42
28 43
28 47
28 18
28 20
28 26
28 34
28 13
28 12
28 22
28 33
28 46
28 29
28 49
28 10
28 6
28 2
28 48
22
29 48
29 2
29 6
29 35
29 25
29 16
29 10
29 34
29 49
29 24
29 31
29 17
29 15
29 4
29 40
29 41
29 18
29 7
29 5
29 12
29 36
29 13
23
30 28
30 0
30 23
30 34
30 37
30 32
30 4
30 15
30 21
30 49
30 22
30 2
30 18
30 19
30 5
30 10
30 25
30 31
30 8
30 20
30 38
30 42
30 11
16
31 46
31 6
31 22
31 27
31 13
31 9
31 35
31 44
31 33
31 36
31 45
31 4
31 5
31 40
31 2
31 49
24
32 21
32 29
32 38
32 2
32 42
32 10
32 34
32 20
32 28
32 27
32 37
32 39
32 22
32 25
32 0
32 15
32 6
32 3
32 33
32 41
32 35
32 14
32 46
32 26
17
33 5
33 24
33 3
33 35
33 29
33 13
33 42
33 0
33 11
33 46
33 45
33 6
33 47
33 22
33 44
33 23
33 34
16
34 7
34 15
34 39
34 48
34 42
34 31
34 9
34 13
34 6
34 5
34 49
34 44
34 12
34 8
34 2
34 1
24
35 2
35 1
35 38
35 11
35 45
35 5
35 16
35 39
35 47
35 34
35 22
35 25
35 21
35 3
35 26
35 37
35 13
35 36
35 0
35 15
35 9
35 49
35 41
35 40
16
36 21
36 32
36 4
36 19
36 24
36 48
36 12
36 25
36 13
36 27
36 49
36 47
36 28
36 26
36 30
36 9
20
37 7
37 26
37 11
37 4
37 8
37 15
37 9
37 31
37 2
37 49
37 6
37 36
37 13
37 19
37 16
37 22
37 28
37 47
37 5
37 24
24
38 23
38 33
38 29
38 20
38 3
38 10
38 39
38 18
38 15
38 13
38 0
38 21
38 14
38 31
38 42
38 34
38 6
38 24
38 44
38 5
38 28
38 26
38 40
38 49
16
39 29
39 44
39 16
39 0
39 42
39 45
39 30
39 22
39 6
39 20
39 24
39 46
39 48
39 17
39 28
39 40
24
40 20
40 11
40 46
40 42
40 9
40 24
40 34
40 45
40 44
40 15
40 5
40 3
40 8
40 37
40 18
40 13
40 33
40 48
40 32
40 0
40 30
40 25
40 47
40 14
26
41 1
41 5
41 38
41 17
41 48
41 8
41 10
41 42
41 49
41 37
41 4
41 39
41 36
41 31
41 16
41 46
41 13
41 25
41 30
41 47
41 24
41 3
41 19
41 18
41 23
41 0
18
42 8
42 46
42 16
42 48
42 44
42 1
42 23
42 37
42 47
42 29
42 3
42 36
42 24
42 35
42 7
42 20
42 21
42 49
26
43 32
43 4
43 40
43 12
43 8
43 24
43 14
43 44
43 33
43 6
43 13
43 16
43 42
43 37
43 3
43 20
43 47
43 35
43 10
43 46
43 19
43 34
43 22
43 39
43 25
43 9
21
44 7
44 5
44 0
44 6
44 17
44 20
44 1
44 12
44 36
44 22
44 32
44 45
44 41
44 21
44 19
44 10
44 15
44 29
44 35
44 30
44 24
17
45 24
45 20
45 26
45 6
45 36
45 0
45 5
45 22
45 3
45 41
45 13
45 17
45 43
45 30
45 8
45 18
45 28
20
46 26
46 2
46 8
46 30
46 34
46 49
46 18
46 23
46 38
46 15
46 45
46 6
46 12
46 11
46 36
46 29
46 14
46 0
46 13
46 27
20
47 34
47 12
47 20
47 26
47 5
47 2
47 23
47 9
47 49
47 13
47 21
47 15
47 19
47 29
47 39
47 14
47 16
47 32
47 45
47 17
15
48 37
48 47
48 32
48 43
48 13
48 21
48 5
48 7
48 31
48 12
48 30
48 16
48 35
48 44
48 14
11
49 48
49 45
49 8
49 33
49 11
49 0
49 44
49 22
49 12
49 40
49 2
