50
0 "A14"
1 "A34"
2 "A28"
3 "A4"
4 "A36"
5 "A42"
6 "A48"
7 "A10"
8 "A29"
9 "A2"
10 "A11"
11 "A26"
12 "A7"
13 "A8"
14 "A5"
15 "A3"
16 "A44"
17 "A15"
18 "A16"
19 "A27"
20 "A35"
21 "A12"
22 "A25"
23 "A22"
24 "A13"
25 "A24"
26 "A32"
27 "A19"
28 "A21"
29 "A23"
30 "A39"
31 "A43"
32 "A47"
33 "A1"
34 "A46"
35 "A49"
36 "A31"
37 "A6"
38 "A45"
39 "A18"
40 "A38"
41 "A0"
42 "A33"
43 "A9"
44 "A20"
45 "A30"
46 "A17"
47 "A37"
48 "A41"
49 "A40"
16
0 14
0 5
0 4
0 3
0 22
0 18
0 24
0 17
0 25
0 31
0 15
0 8
0 33
0 19
0 29
0 10
22
1 31
1 28
1 9
1 30
1 32
1 22
1 47
1 45
1 21
1 0
1 3
1 33
1 46
1 37
1 25
1 29
1 11
1 18
1 16
1 2
1 4
1 23
21
2 16
2 0
2 34
2 48
2 3
2 39
2 25
2 44
2 5
2 35
2 31
2 38
2 43
2 28
2 20
2 33
2 46
2 19
2 22
2 8
2 29
19
3 28
3 44
3 9
3 48
3 13
3 34
3 24
3 4
3 38
3 19
3 36
3 14
3 32
3 15
3 8
3 45
3 46
3 41
3 18
18
4 10
4 2
4 37
4 35
4 41
4 47
4 20
4 6
4 25
4 48
4 23
4 22
4 7
4 49
4 26
4 18
4 13
4 8
17
5 42
5 47
5 45
5 19
5 37
5 1
5 26
5 13
5 41
5 28
5 4
5 29
5 46
5 38
5 40
5 18
5 39
22
6 38
6 8
6 12
6 14
6 37
6 5
6 49
6 48
6 39
6 18
6 0
6 10
6 2
6 15
6 47
6 11
6 1
6 13
6 3
6 23
6 29
6 17
23
7 3
7 24
7 49
7 16
7 31
7 11
7 33
7 41
7 42
7 9
7 18
7 29
7 6
7 15
7 34
7 5
7 45
7 47
7 21
7 44
7 0
7 14
7 35
19
8 35
8 1
8 16
8 28
8 26
8 39
8 12
8 18
8 19
8 21
8 25
8 45
8 27
8 10
8 24
8 20
8 36
8 9
8 43
14
9 23
9 40
9 4
9 11
9 6
9 31
9 21
9 22
9 17
9 2
9 0
9 38
9 25
9 41
20
10 35
10 16
10 1
10 41
10 25
10 2
10 23
10 31
10 45
10 48
10 9
10 21
10 13
10 39
10 11
10 32
10 22
10 44
10 5
10 33
20
11 26
11 0
11 35
11 40
11 12
11 32
11 24
11 49
11 15
11 29
11 39
11 21
11 4
11 45
11 27
11 44
11 37
11 34
11 22
11 41
20
12 44
12 43
12 39
12 2
12 17
12 33
12 37
12 32
12 5
12 28
12 14
12 31
12 3
12 9
12 29
12 26
12 35
12 27
12 13
12 10
21
13 25
13 7
13 8
13 9
13 32
13 11
13 36
13 42
13 21
13 22
13 29
13 31
13 28
13 33
13 30
13 26
13 41
13 43
13 23
13 18
13 47
19
14 2
14 11
14 44
14 41
14 33
14 5
14 19
14 45
14 46
14 24
14 42
14 37
14 4
14 17
14 1
14 28
14 27
14 9
14 8
20
15 42
15 10
15 13
15 43
15 27
15 39
15 5
15 38
15 44
15 18
15 22
15 8
15 36
15 25
15 31
15 34
15 24
15 9
15 30
15 41
17
16 18
16 0
16 4
16 6
16 29
16 38
16 14
16 48
16 26
16 9
16 47
16 41
16 13
16 37
16 25
16 40
16 11
19
17 28
17 21
17 31
17 23
17 10
17 16
17 4
17 30
17 1
17 42
17 13
17 38
17 3
17 26
17 39
17 24
17 11
17 29
17 7
17
18 30
18 47
18 29
18 24
18 20
18 17
18 22
18 12
18 14
18 2
18 23
18 10
18 44
18 9
18 34
18 11
18 49
17
19 33
19 4
19 28
19 35
19 41
19 39
19 18
19 24
19 22
19 37
19 44
19 40
19 13
19 7
19 1
19 11
19 42
29
20 5
20 24
20 14
20 22
20 16
20 7
20 43
20 41
20 9
20 10
20 33
20 49
20 17
20 6
20 28
20 42
20 48
20 44
20 25
20 15
20 3
20 19
20 47
20 21
20 12
20 13
20 40
20 30
20 11
19
21 16
21 0
21 37
21 6
21 32
21 48
21 18
21 39
21 14
21 44
21 41
21 34
21 12
21 15
21 4
21 25
21 38
21 2
21 46
19
22 44
22 35
22 14
22 26
22 41
22 45
22 47
22 42
22 29
22 21
22 7
22 6
22 40
22 16
22 43
22 49
22 27
22 30
22 5
26
23 43
23 42
23 11
23 24
23 19
23 0
23 47
23 49
23 22
23 40
23 34
23 44
23 48
23 14
23 32
23 2
23 16
23 8
23 5
23 27
23 21
23 31
23 7
23 20
23 12
23 3
16
24 2
24 13
24 5
24 22
24 46
24 42
24 9
24 12
24 6
24 1
24 37
24 39
24 10
24 25
24 33
24 21
22
25 47
25 14
25 11
25 49
25 42
25 43
25 48
25 12
25 40
25 5
25 22
25 3
25 23
25 46
25 17
25 34
25 30
25 32
25 33
25 44
25 6
25 27
22
26 10
26 21
26 41
26 42
26 18
26 3
26 2
26 43
26 36
26 15
26 44
26 40
26 28
26 29
26 6
26 23
26 46
26 0
26 25
26 20
26 37
26 48
20
27 6
27 18
27 7
27 46
27 30
27 4
27 31
27 0
27 20
27 24
27 19
27 2
27 10
27 32
27 1
27 44
27 17
27 16
27 3
27 21
17
28 11
28 16
28 37
28 24
28 22
28 18
28 40
28 47
28 35
28 32
28 25
28 31
28 46
28 30
28 15
28 49
28 38
17
29 10
29 21
29 23
29 9
29 24
29 27
29 3
29 41
29 44
29 48
29 49
29 46
29 8
29 36
29 47
29 43
29 38
20
30 12
30 36
30 35
30 19
30 5
30 47
30 29
30 43
30 4
30 7
30 37
30 0
30 10
30 16
30 42
30 26
30 2
30 34
30 14
30 9
20
31 6
31 30
31 4
31 11
31 34
31 48
31 26
31 39
31 8
31 47
31 25
31 21
31 33
31 41
31 5
31 24
31 45
31 29
31 14
31 20
18
32 33
32 14
32 29
32 36
32 44
32 34
32 26
32 2
32 24
32 16
32 46
32 37
32 0
32 20
32 40
32 31
32 39
32 9
19
33 41
33 22
33 16
33 28
33 11
33 38
33 45
33 6
33 3
33 46
33 49
33 9
33 26
33 21
33 23
33 4
33 39
33 44
33 42
21
34 6
34 26
34 29
34 8
34 22
34 39
34 13
34 0
34 33
34 4
34 5
34 47
34 20
34 14
34 48
34 10
34 16
34 27
34 24
34 9
34 28
17
35 9
35 17
35 27
35 3
35 25
35 1
35 20
35 36
35 26
35 31
35 45
35 29
35 23
35 14
35 5
35 41
35 37
28
36 24
36 16
36 22
36 2
36 27
36 28
36 21
36 38
36 14
36 5
36 31
36 40
36 17
36 37
36 23
36 6
36 33
36 46
36 11
36 10
36 9
36 12
36 20
36 7
36 45
36 47
36 4
36 25
19
37 22
37 20
37 25
37 47
37 34
37 2
37 0
37 10
37 17
37 29
37 42
37 46
37 9
37 23
37 38
37 18
37 33
37 31
37 8
16
38 40
38 4
38 18
38 26
38 46
38 31
38 23
38 22
38 13
38 8
38 41
38 10
38 27
38 30
38 24
38 19
18
39 18
39 9
39 48
39 36
39 3
39 37
39 22
39 25
39 49
39 30
39 4
39 47
39 42
39 14
39 13
39 0
39 26
39 28
19
40 48
40 30
40 29
40 18
40 13
40 46
40 31
40 21
40 7
40 4
40 42
40 12
40 14
40 3
40 44
40 34
40 1
40 47
40 8
19
41 46
41 44
41 32
41 8
41 24
41 23
41 17
41 6
41 47
41 37
41 1
41 18
41 28
41 40
41 49
41 12
41 39
41 25
41 34
16
42 38
42 3
42 29
42 27
42 0
42 16
42 12
42 21
42 32
42 36
42 10
42 11
42 6
42 9
42 18
42 1
19
43 16
43 10
43 24
43 47
43 31
43 18
43 35
43 41
43 21
43 42
43 37
43 19
43 33
43 28
43 17
43 38
43 14
43 27
43 48
17
44 8
44 9
44 37
44 39
44 24
44 43
44 0
44 30
44 38
44 5
44 16
44 47
44 35
44 31
44 45
44 34
44 13
25
45 26
45 30
45 17
45 16
45 48
45 38
45 47
45 29
45 9
45 4
45 27
45 34
45 32
45 2
45 6
45 23
45 40
45 25
45 43
45 37
45 39
45 28
45 20
45 41
45 18
24
46 34
46 11
46 39
46 8
46 44
46 47
46 20
46 15
46 18
46 23
46 0
46 13
46 4
46 19
46 17
46 6
46 22
46 12
46 35
46 30
46 16
46 45
46 42
46 7
16
47 42
47 33
47 9
47 10
47 48
47 14
47 15
47 21
47 26
47 19
47 38
47 17
47 35
47 27
47 24
47 0
21
48 35
48 30
48 19
48 1
48 27
48 41
48 33
48 7
48 12
48 17
48 28
48 22
48 37
48 32
48 15
48 36
48 42
48 14
48 0
48 13
48 5
20
49 36
49 30
49 1
49 32
49 47
49 3
49 37
49 15
49 24
49 46
49 48
49 26
49 19
49 13
49 17
49 12
49 40
49 42
49 8
49 0
