50
0 "A14"
1 "A34"
2 "A28"
3 "A4"
4 "A36"
5 "A42"
6 "A48"
7 "A10"
8 "A29"
9 "A2"
10 "A11"
11 "A26"
12 "A7"
13 "A8"
14 "A5"
15 "A3"
16 "A44"
17 "A15"
18 "A16"
19 "A27"
20 "A35"
21 "A12"
22 "A25"
23 "A22"
24 "A13"
25 "A24"
26 "A32"
27 "A19"
28 "A21"
29 "A23"
30 "A39"
31 "A43"
32 "A47"
33 "A1"
34 "A46"
35 "A49"
36 "A31"
37 "A6"
38 "A45"
39 "A18"
40 "A38"
41 "A0"
42 "A33"
43 "A9"
44 "A20"
45 "A30"
46 "A17"
47 "A37"
48 "A41"
49 "A40"
20
0 4
0 8
0 32
0 13
0 18
0 44
0 29
0 46
0 11
0 36
0 24
0 30
0 35
0 17
0 3
0 20
0 41
0 21
0 10
0 25
29
1 33
1 24
1 37
1 41
1 3
1 18
1 32
1 22
1 9
1 23
1 34
1 40
1 36
1 0
1 21
1 11
1 26
1 38
1 46
1 28
1 10
1 44
1 35
1 13
1 7
1 8
1 25
1 31
1 16
21
2 40
2 6
2 1
2 11
2 45
2 27
2 37
2 35
2 39
2 29
2 34
2 5
2 38
2 48
2 14
2 3
2 25
2 26
2 33
2 44
2 22
13
3 46
3 45
3 22
3 43
3 15
3 36
3 11
3 8
3 14
3 40
3 10
3 38
3 44
19
4 35
4 31
4 26
4 47
4 25
4 36
4 23
4 22
4 38
4 7
4 49
4 2
4 3
4 6
4 43
4 20
4 15
4 37
4 33
19
5 25
5 13
5 8
5 15
5 10
5 45
5 40
5 42
5 4
5 1
5 18
5 17
5 39
5 29
5 12
5 27
5 33
5 38
5 14
20
6 17
6 13
6 38
6 39
6 12
6 30
6 23
6 19
6 44
6 48
6 43
6 26
6 14
6 25
6 22
6 10
6 45
6 1
6 0
6 28
17
7 43
7 21
7 49
7 33
7 41
7 45
7 27
7 18
7 3
7 24
7 42
7 0
7 23
7 44
7 11
7 15
7 34
19
8 35
8 43
8 12
8 29
8 39
8 18
8 13
8 45
8 27
8 36
8 24
8 17
8 4
8 33
8 38
8 2
8 19
8 34
8 25
19
9 31
9 47
9 11
9 24
9 41
9 7
9 19
9 3
9 22
9 23
9 40
9 8
9 44
9 21
9 2
9 27
9 25
9 16
9 48
20
10 11
10 32
10 39
10 47
10 35
10 22
10 45
10 33
10 7
10 21
10 23
10 31
10 2
10 9
10 36
10 4
10 13
10 8
10 38
10 17
21
11 30
11 24
11 28
11 35
11 38
11 8
11 19
11 29
11 39
11 21
11 27
11 40
11 32
11 25
11 6
11 42
11 23
11 26
11 37
11 4
11 41
23
12 10
12 27
12 34
12 39
12 19
12 17
12 28
12 9
12 7
12 14
12 29
12 2
12 13
12 31
12 48
12 44
12 37
12 1
12 45
12 22
12 15
12 24
12 11
23
13 25
13 33
13 34
13 32
13 17
13 11
13 42
13 18
13 43
13 49
13 31
13 20
13 30
13 21
13 28
13 3
13 22
13 7
13 27
13 14
13 23
13 40
13 29
20
14 11
14 28
14 39
14 27
14 45
14 46
14 35
14 40
14 8
14 38
14 0
14 44
14 10
14 33
14 19
14 18
14 4
14 24
14 7
14 1
16
15 33
15 18
15 26
15 10
15 45
15 13
15 19
15 17
15 41
15 44
15 24
15 40
15 27
15 22
15 39
15 38
20
16 33
16 46
16 13
16 0
16 3
16 18
16 22
16 21
16 4
16 14
16 49
16 39
16 35
16 32
16 17
16 15
16 10
16 11
16 38
16 48
22
17 31
17 40
17 23
17 22
17 49
17 3
17 7
17 29
17 34
17 4
17 42
17 39
17 20
17 21
17 11
17 26
17 19
17 1
17 28
17 14
17 30
17 47
17
18 31
18 23
18 44
18 49
18 34
18 2
18 4
18 11
18 43
18 47
18 20
18 9
18 12
18 32
18 6
18 27
18 22
19
19 40
19 4
19 29
19 7
19 20
19 39
19 1
19 41
19 3
19 13
19 43
19 5
19 28
19 16
19 21
19 35
19 37
19 2
19 44
21
20 22
20 16
20 14
20 12
20 1
20 43
20 36
20 30
20 27
20 10
20 49
20 42
20 48
20 23
20 46
20 6
20 9
20 3
20 21
20 44
20 40
16
21 28
21 15
21 3
21 48
21 14
21 33
21 42
21 32
21 38
21 18
21 37
21 41
21 6
21 44
21 4
21 31
18
22 7
22 23
22 47
22 29
22 11
22 26
22 28
22 25
22 49
22 8
22 14
22 44
22 21
22 40
22 33
22 30
22 19
22 45
21
23 3
23 14
23 25
23 24
23 39
23 21
23 29
23 19
23 16
23 2
23 32
23 35
23 49
23 40
23 15
23 12
23 34
23 26
23 5
23 31
23 8
17
24 16
24 46
24 42
24 6
24 17
24 33
24 37
24 22
24 4
24 2
24 44
24 34
24 21
24 36
24 13
24 5
24 20
22
25 39
25 24
25 14
25 32
25 49
25 34
25 38
25 17
25 12
25 20
25 18
25 19
25 43
25 21
25 35
25 16
25 47
25 44
25 7
25 15
25 3
25 42
25
26 41
26 25
26 0
26 8
26 10
26 16
26 48
26 21
26 35
26 29
26 31
26 7
26 3
26 12
26 32
26 18
26 14
26 9
26 49
26 40
26 47
26 45
26 37
26 5
26 13
15
27 24
27 44
27 19
27 21
27 45
27 6
27 4
27 28
27 0
27 23
27 1
27 10
27 3
27 46
27 30
23
28 37
28 25
28 5
28 16
28 9
28 0
28 26
28 42
28 2
28 29
28 18
28 47
28 24
28 7
28 33
28 8
28 23
28 35
28 38
28 20
28 49
28 30
28 3
17
29 20
29 21
29 24
29 10
29 49
29 27
29 7
29 41
29 14
29 46
29 32
29 43
29 3
29 25
29 39
29 18
29 4
23
30 14
30 33
30 12
30 36
30 35
30 19
30 26
30 4
30 37
30 24
30 32
30 7
30 41
30 16
30 8
30 23
30 29
30 3
30 2
30 5
30 18
30 21
30 25
20
31 6
31 28
31 11
31 29
31 42
31 46
31 22
31 14
31 8
31 15
31 24
31 48
31 33
31 40
31 35
31 27
31 30
31 3
31 38
31 25
20
32 43
32 24
32 20
32 27
32 31
32 14
32 47
32 33
32 9
32 6
32 40
32 4
32 19
32 37
32 22
32 15
32 36
32 44
32 28
32 5
12
33 49
33 46
33 38
33 9
33 3
33 17
33 29
33 18
33 27
33 26
33 44
33 0
24
34 31
34 49
34 38
34 22
34 20
34 39
34 35
34 43
34 15
34 36
34 21
34 45
34 32
34 46
34 19
34 5
34 29
34 33
34 16
34 6
34 47
34 14
34 9
34 10
16
35 40
35 27
35 9
35 39
35 45
35 20
35 15
35 41
35 43
35 17
35 13
35 12
35 46
35 36
35 21
35 29
25
36 9
36 21
36 17
36 37
36 31
36 18
36 33
36 48
36 7
36 47
36 46
36 15
36 26
36 40
36 14
36 19
36 27
36 5
36 11
36 23
36 22
36 12
36 29
36 25
36 6
19
37 13
37 6
37 8
37 9
37 5
37 16
37 20
37 44
37 31
37 33
37 35
37 34
37 17
37 7
37 42
37 25
37 47
37 40
37 41
20
38 12
38 13
38 40
38 47
38 49
38 7
38 20
38 48
38 19
38 22
38 39
38 24
38 29
38 36
38 43
38 41
38 30
38 9
38 0
38 17
18
39 28
39 37
39 4
39 30
39 7
39 46
39 48
39 9
39 13
39 31
39 20
39 42
39 33
39 26
39 47
39 0
39 1
39 32
16
40 6
40 29
40 4
40 0
40 18
40 16
40 10
40 45
40 27
40 25
40 46
40 28
40 34
40 24
40 43
40 8
17
41 39
41 14
41 6
41 12
41 24
41 23
41 25
41 20
41 28
41 47
41 32
41 36
41 2
41 31
41 43
41 8
41 34
23
42 40
42 22
42 3
42 29
42 30
42 47
42 27
42 16
42 41
42 33
42 26
42 10
42 38
42 36
42 19
42 9
42 4
42 15
42 8
42 35
42 12
42 6
42 18
20
43 31
43 27
43 21
43 28
43 37
43 30
43 14
43 11
43 16
43 23
43 48
43 46
43 9
43 39
43 0
43 26
43 17
43 10
43 49
43 15
17
44 35
44 41
44 34
44 13
44 49
44 10
44 28
44 45
44 26
44 31
44 8
44 17
44 29
44 16
44 4
44 36
44 39
22
45 47
45 46
45 18
45 9
45 31
45 11
45 13
45 30
45 33
45 25
45 29
45 1
45 4
45 19
45 38
45 42
45 36
45 43
45 17
45 39
45 24
45 16
19
46 15
46 30
46 48
46 8
46 37
46 42
46 2
46 12
46 23
46 28
46 4
46 47
46 17
46 11
46 25
46 26
46 22
46 19
46 32
17
47 15
47 7
47 19
47 8
47 11
47 31
47 33
47 27
47 44
47 16
47 49
47 29
47 5
47 13
47 14
47 35
47 1
25
48 22
48 7
48 45
48 0
48 19
48 34
48 35
48 33
48 18
48 3
48 41
48 49
48 30
48 5
48 24
48 15
48 42
48 44
48 14
48 25
48 13
48 32
48 27
48 37
48 17
15
49 37
49 15
49 1
49 46
49 11
49 45
49 9
49 8
49 12
49 3
49 32
49 24
49 0
49 14
49 6
