50
0 "A14"
1 "A34"
2 "A28"
3 "A4"
4 "A36"
5 "A42"
6 "A48"
7 "A10"
8 "A29"
9 "A2"
10 "A11"
11 "A26"
12 "A7"
13 "A8"
14 "A5"
15 "A3"
16 "A44"
17 "A15"
18 "A16"
19 "A27"
20 "A35"
21 "A12"
22 "A25"
23 "A22"
24 "A13"
25 "A24"
26 "A32"
27 "A19"
28 "A21"
29 "A23"
30 "A39"
31 "A43"
32 "A47"
33 "A1"
34 "A46"
35 "A49"
36 "A31"
37 "A6"
38 "A45"
39 "A18"
40 "A38"
41 "A0"
42 "A33"
43 "A9"
44 "A20"
45 "A30"
46 "A17"
47 "A37"
48 "A41"
49 "A40"
14
0 25
0 44
0 40
0 42
0 27
0 26
0 4
0 46
0 3
0 43
0 29
0 38
0 30
0 20
22
1 20
1 23
1 17
1 35
1 33
1 39
1 8
1 49
1 16
1 32
1 22
1 24
1 29
1 34
1 2
1 28
1 46
1 10
1 36
1 11
1 38
1 42
21
2 34
2 41
2 45
2 8
2 38
2 27
2 46
2 6
2 14
2 20
2 35
2 47
2 11
2 33
2 49
2 21
2 15
2 30
2 12
2 44
2 37
14
3 20
3 28
3 22
3 23
3 1
3 17
3 40
3 6
3 27
3 12
3 9
3 34
3 26
3 7
23
4 35
4 36
4 7
4 46
4 32
4 21
4 3
4 14
4 26
4 34
4 49
4 10
4 30
4 5
4 43
4 12
4 29
4 31
4 13
4 9
4 8
4 39
4 2
25
5 35
5 49
5 8
5 2
5 29
5 45
5 20
5 18
5 30
5 46
5 33
5 44
5 31
5 34
5 15
5 23
5 0
5 38
5 42
5 16
5 3
5 14
5 36
5 26
5 43
17
6 23
6 43
6 35
6 28
6 0
6 42
6 11
6 14
6 10
6 18
6 25
6 13
6 37
6 32
6 31
6 19
6 45
18
7 42
7 8
7 22
7 33
7 49
7 43
7 47
7 27
7 41
7 18
7 46
7 28
7 48
7 44
7 6
7 0
7 5
7 1
17
8 33
8 34
8 32
8 13
8 9
8 19
8 37
8 12
8 6
8 38
8 45
8 25
8 3
8 0
8 31
8 18
8 41
20
9 23
9 34
9 22
9 16
9 15
9 11
9 20
9 40
9 5
9 45
9 10
9 12
9 36
9 46
9 13
9 30
9 7
9 26
9 44
9 21
14
10 41
10 19
10 7
10 15
10 13
10 36
10 20
10 28
10 29
10 12
10 2
10 8
10 21
10 26
19
11 42
11 43
11 21
11 17
11 4
11 41
11 0
11 13
11 33
11 7
11 37
11 30
11 31
11 14
11 20
11 5
11 28
11 22
11 38
15
12 20
12 43
12 45
12 32
12 5
12 42
12 0
12 30
12 37
12 34
12 24
12 22
12 1
12 7
12 11
16
13 15
13 19
13 3
13 14
13 47
13 35
13 30
13 7
13 0
13 12
13 18
13 1
13 36
13 39
13 21
13 46
19
14 37
14 15
14 10
14 43
14 1
14 16
14 40
14 21
14 31
14 35
14 29
14 3
14 17
14 48
14 47
14 12
14 23
14 8
14 7
14
15 11
15 32
15 7
15 19
15 20
15 16
15 44
15 35
15 3
15 23
15 24
15 26
15 28
15 36
25
16 10
16 34
16 28
16 31
16 8
16 4
16 27
16 39
16 30
16 0
16 47
16 11
16 41
16 6
16 49
16 36
16 23
16 20
16 37
16 33
16 24
16 45
16 2
16 3
16 12
18
17 25
17 10
17 0
17 31
17 16
17 8
17 12
17 47
17 48
17 6
17 44
17 13
17 33
17 45
17 2
17 49
17 24
17 7
18
18 42
18 22
18 3
18 12
18 35
18 2
18 28
18 4
18 14
18 33
18 40
18 19
18 36
18 41
18 1
18 0
18 9
18 17
19
19 36
19 16
19 38
19 4
19 39
19 32
19 31
19 49
19 23
19 48
19 41
19 35
19 14
19 11
19 46
19 27
19 45
19 43
19 37
15
20 4
20 38
20 8
20 27
20 26
20 41
20 14
20 7
20 47
20 37
20 6
20 13
20 39
20 28
20 18
25
21 20
21 25
21 29
21 47
21 23
21 39
21 3
21 17
21 31
21 5
21 15
21 34
21 45
21 24
21 0
21 6
21 36
21 12
21 35
21 37
21 7
21 42
21 33
21 22
21 27
19
22 20
22 16
22 15
22 14
22 0
22 49
22 35
22 40
22 6
22 13
22 26
22 39
22 17
22 2
22 4
22 30
22 31
22 32
22 33
23
23 30
23 12
23 17
23 18
23 25
23 20
23 31
23 10
23 8
23 41
23 27
23 46
23 22
23 47
23 35
23 11
23 45
23 7
23 33
23 24
23 26
23 2
23 4
17
24 19
24 10
24 25
24 22
24 49
24 34
24 31
24 13
24 6
24 46
24 3
24 20
24 42
24 4
24 30
24 39
24 7
21
25 32
25 18
25 38
25 40
25 7
25 2
25 35
25 20
25 45
25 41
25 42
25 46
25 14
25 49
25 16
25 31
25 19
25 13
25 1
25 30
25 44
23
26 24
26 32
26 28
26 14
26 39
26 13
26 17
26 36
26 35
26 2
26 31
26 46
26 33
26 19
26 6
26 48
26 1
26 44
26 34
26 25
26 8
26 16
26 37
23
27 39
27 5
27 18
27 13
27 14
27 10
27 11
27 22
27 46
27 48
27 37
27 35
27 34
27 6
27 32
27 15
27 25
27 41
27 9
27 8
27 31
27 29
27 4
22
28 24
28 44
28 36
28 5
28 39
28 40
28 46
28 42
28 4
28 23
28 12
28 13
28 27
28 34
28 25
28 14
28 8
28 30
28 47
28 21
28 0
28 33
20
29 31
29 38
29 20
29 17
29 49
29 8
29 13
29 28
29 15
29 25
29 11
29 2
29 19
29 42
29 26
29 35
29 18
29 33
29 24
29 22
17
30 14
30 21
30 26
30 29
30 36
30 3
30 47
30 40
30 8
30 20
30 42
30 43
30 34
30 6
30 10
30 37
30 19
9
31 7
31 41
31 44
31 3
31 9
31 39
31 0
31 10
31 20
20
32 48
32 36
32 24
32 34
32 28
32 31
32 5
32 38
32 14
32 10
32 30
32 29
32 2
32 11
32 43
32 3
32 16
32 9
32 0
32 7
20
33 3
33 6
33 27
33 14
33 9
33 40
33 24
33 20
33 25
33 13
33 4
33 37
33 30
33 41
33 19
33 43
33 31
33 10
33 15
33 42
17
34 29
34 25
34 0
34 36
34 10
34 33
34 15
34 17
34 6
34 42
34 14
34 18
34 45
34 19
34 20
34 37
34 43
18
35 28
35 46
35 17
35 12
35 16
35 43
35 34
35 7
35 24
35 8
35 10
35 41
35 11
35 20
35 33
35 48
35 32
35 30
17
36 3
36 35
36 22
36 25
36 7
36 24
36 14
36 23
36 0
36 11
36 20
36 8
36 45
36 41
36 33
36 17
36 12
21
37 5
37 25
37 32
37 23
37 43
37 15
37 38
37 18
37 9
37 13
37 10
37 3
37 1
37 49
37 28
37 44
37 40
37 0
37 29
37 7
37 36
21
38 27
38 39
38 12
38 18
38 47
38 4
38 42
38 26
38 43
38 16
38 22
38 28
38 7
38 10
38 36
38 17
38 35
38 33
38 24
38 44
38 30
20
39 45
39 12
39 18
39 36
39 23
39 32
39 10
39 0
39 29
39 30
39 44
39 43
39 9
39 3
39 8
39 33
39 35
39 15
39 11
39 7
20
40 36
40 10
40 35
40 47
40 44
40 23
40 31
40 5
40 46
40 11
40 13
40 12
40 26
40 4
40 38
40 7
40 24
40 29
40 27
40 15
25
41 24
41 40
41 14
41 13
41 32
41 9
41 0
41 38
41 3
41 28
41 43
41 15
41 39
41 4
41 42
41 1
41 26
41 17
41 6
41 37
41 47
41 29
41 44
41 34
41 49
21
42 16
42 3
42 10
42 4
42 45
42 43
42 2
42 31
42 19
42 27
42 13
42 8
42 39
42 17
42 9
42 36
42 26
42 15
42 32
42 47
42 40
20
43 29
43 13
43 36
43 15
43 28
43 1
43 40
43 22
43 2
43 25
43 21
43 26
43 24
43 3
43 27
43 23
43 48
43 16
43 8
43 18
20
44 8
44 21
44 24
44 42
44 1
44 22
44 48
44 49
44 30
44 32
44 19
44 3
44 4
44 14
44 13
44 43
44 20
44 23
44 29
44 35
22
45 44
45 43
45 48
45 18
45 26
45 20
45 13
45 29
45 10
45 28
45 30
45 11
45 27
45 3
45 40
45 37
45 49
45 31
45 32
45 15
45 38
45 41
25
46 14
46 39
46 44
46 21
46 41
46 30
46 36
46 37
46 42
46 22
46 20
46 6
46 47
46 38
46 32
46 10
46 17
46 49
46 29
46 31
46 45
46 3
46 43
46 11
46 18
24
47 34
47 49
47 39
47 32
47 9
47 6
47 4
47 5
47 1
47 24
47 22
47 3
47 25
47 48
47 18
47 11
47 45
47 35
47 36
47 43
47 8
47 12
47 33
47 29
27
48 18
48 10
48 34
48 5
48 39
48 28
48 24
48 37
48 13
48 33
48 36
48 9
48 16
48 0
48 29
48 42
48 46
48 3
48 30
48 25
48 1
48 8
48 2
48 38
48 21
48 40
48 6
20
49 15
49 31
49 18
49 12
49 8
49 11
49 32
49 0
49 48
49 39
49 33
49 27
49 21
49 3
49 28
49 14
49 43
49 36
49 9
49 38
