50
0 "A14"
1 "A34"
2 "A28"
3 "A4"
4 "A36"
5 "A42"
6 "A48"
7 "A10"
8 "A29"
9 "A2"
10 "A11"
11 "A26"
12 "A7"
13 "A8"
14 "A5"
15 "A3"
16 "A44"
17 "A15"
18 "A16"
19 "A27"
20 "A35"
21 "A12"
22 "A25"
23 "A22"
24 "A13"
25 "A24"
26 "A32"
27 "A19"
28 "A21"
29 "A23"
30 "A39"
31 "A43"
32 "A47"
33 "A1"
34 "A46"
35 "A49"
36 "A31"
37 "A6"
38 "A45"
39 "A18"
40 "A38"
41 "A0"
42 "A33"
43 "A9"
44 "A20"
45 "A30"
46 "A17"
47 "A37"
48 "A41"
49 "A40"
21
0 11
0 23
0 38
0 21
0 12
0 2
0 39
0 20
0 35
0 22
0 36
0 3
0 26
0 49
0 44
0 10
0 14
0 34
0 25
0 28
0 32
20
1 49
1 26
1 5
1 9
1 16
1 47
1 41
1 40
1 29
1 27
1 2
1 17
1 11
1 13
1 21
1 33
1 34
1 32
1 31
1 14
21
2 37
2 42
2 11
2 23
2 45
2 34
2 14
2 48
2 3
2 41
2 22
2 47
2 21
2 30
2 26
2 7
2 13
2 20
2 16
2 39
2 32
12
3 7
3 15
3 21
3 27
3 43
3 34
3 9
3 36
3 18
3 48
3 47
3 37
27
4 36
4 47
4 11
4 9
4 28
4 46
4 27
4 24
4 49
4 25
4 45
4 41
4 15
4 32
4 22
4 12
4 20
4 13
4 14
4 26
4 6
4 42
4 10
4 21
4 40
4 48
4 17
18
5 38
5 43
5 47
5 42
5 18
5 39
5 37
5 33
5 40
5 41
5 0
5 31
5 30
5 16
5 9
5 6
5 26
5 25
25
6 22
6 39
6 27
6 8
6 19
6 17
6 44
6 31
6 1
6 40
6 26
6 18
6 7
6 38
6 23
6 10
6 24
6 48
6 9
6 29
6 43
6 30
6 14
6 25
6 0
19
7 13
7 46
7 33
7 32
7 48
7 31
7 4
7 28
7 25
7 36
7 19
7 1
7 5
7 20
7 24
7 17
7 21
7 8
7 9
23
8 1
8 26
8 9
8 48
8 32
8 22
8 47
8 0
8 4
8 23
8 34
8 2
8 21
8 37
8 20
8 29
8 19
8 42
8 11
8 3
8 5
8 40
8 13
15
9 32
9 18
9 43
9 12
9 28
9 17
9 2
9 13
9 30
9 37
9 41
9 46
9 44
9 0
9 24
21
10 17
10 2
10 28
10 32
10 5
10 18
10 20
10 35
10 29
10 7
10 33
10 1
10 16
10 40
10 42
10 8
10 15
10 47
10 45
10 12
10 19
20
11 28
11 5
11 25
11 23
11 34
11 7
11 15
11 41
11 44
11 24
11 39
11 16
11 19
11 9
11 18
11 42
11 3
11 46
11 6
11 35
25
12 28
12 1
12 46
12 27
12 13
12 47
12 39
12 7
12 34
12 3
12 43
12 33
12 17
12 31
12 6
12 11
12 15
12 41
12 20
12 37
12 35
12 18
12 38
12 32
12 23
21
13 43
13 6
13 24
13 40
13 17
13 20
13 0
13 44
13 18
13 49
13 23
13 27
13 10
13 41
13 15
13 5
13 16
13 28
13 30
13 42
13 47
20
14 31
14 38
14 3
14 28
14 45
14 24
14 12
14 17
14 39
14 26
14 47
14 43
14 9
14 23
14 21
14 34
14 8
14 15
14 11
14 27
21
15 20
15 25
15 6
15 19
15 32
15 1
15 2
15 40
15 31
15 0
15 9
15 49
15 42
15 47
15 48
15 30
15 17
15 5
15 36
15 7
15 46
18
16 27
16 33
16 6
16 18
16 26
16 30
16 47
16 19
16 42
16 34
16 7
16 35
16 8
16 39
16 45
16 17
16 15
16 23
14
17 48
17 21
17 0
17 35
17 46
17 19
17 11
17 44
17 45
17 20
17 22
17 33
17 18
17 30
19
18 38
18 47
18 27
18 22
18 15
18 42
18 43
18 19
18 36
18 7
18 29
18 41
18 14
18 30
18 44
18 4
18 2
18 32
18 23
23
19 34
19 30
19 12
19 39
19 32
19 41
19 5
19 42
19 24
19 20
19 48
19 2
19 3
19 9
19 29
19 43
19 35
19 0
19 31
19 23
19 4
19 36
19 27
16
20 21
20 44
20 33
20 35
20 30
20 1
20 39
20 9
20 26
20 27
20 40
20 37
20 28
20 6
20 18
20 29
25
21 18
21 11
21 30
21 12
21 47
21 41
21 38
21 40
21 5
21 26
21 43
21 44
21 32
21 22
21 37
21 33
21 29
21 35
21 36
21 10
21 6
21 15
21 23
21 13
21 16
17
22 26
22 25
22 16
22 38
22 13
22 31
22 34
22 28
22 33
22 11
22 3
22 19
22 37
22 36
22 5
22 35
22 15
20
23 3
23 27
23 31
23 37
23 15
23 30
23 26
23 17
23 20
23 22
23 46
23 9
23 33
23 44
23 36
23 47
23 4
23 28
23 5
23 1
21
24 33
24 23
24 29
24 28
24 12
24 39
24 1
24 36
24 21
24 20
24 2
24 48
24 15
24 42
24 30
24 18
24 38
24 10
24 41
24 45
24 44
15
25 39
25 18
25 47
25 3
25 48
25 13
25 17
25 16
25 1
25 29
25 21
25 14
25 8
25 10
25 2
24
26 39
26 42
26 13
26 45
26 18
26 28
26 30
26 46
26 25
26 40
26 12
26 31
26 17
26 27
26 37
26 19
26 11
26 3
26 38
26 44
26 7
26 43
26 48
26 49
22
27 45
27 8
27 15
27 7
27 24
27 21
27 49
27 9
27 43
27 32
27 10
27 35
27 11
27 5
27 30
27 2
27 47
27 28
27 22
27 31
27 40
27 36
17
28 41
28 21
28 46
28 35
28 3
28 1
28 17
28 38
28 6
28 5
28 15
28 49
28 30
28 31
28 2
28 25
28 42
18
29 4
29 33
29 38
29 40
29 9
29 47
29 27
29 5
29 23
29 39
29 14
29 15
29 12
29 37
29 43
29 7
29 28
29 42
9
30 3
30 36
30 29
30 48
30 7
30 22
30 0
30 14
30 8
14
31 13
31 16
31 40
31 29
31 11
31 3
31 0
31 46
31 39
31 32
31 37
31 10
31 17
31 30
22
32 22
32 42
32 20
32 28
32 40
32 6
32 24
32 46
32 11
32 44
32 30
32 17
32 13
32 25
32 48
32 39
32 16
32 5
32 26
32 49
32 33
32 38
19
33 26
33 11
33 31
33 6
33 4
33 15
33 8
33 13
33 44
33 19
33 0
33 14
33 9
33 35
33 28
33 39
33 27
33 40
33 43
21
34 20
34 27
34 7
34 31
34 15
34 37
34 4
34 24
34 28
34 25
34 6
34 44
34 9
34 43
34 30
34 29
34 21
34 10
34 40
34 26
34 17
16
35 24
35 5
35 36
35 2
35 7
35 25
35 9
35 26
35 18
35 23
35 3
35 34
35 1
35 6
35 45
35 4
18
36 44
36 28
36 5
36 40
36 26
36 33
36 43
36 17
36 2
36 1
36 8
36 25
36 42
36 37
36 32
36 29
36 34
36 20
19
37 4
37 41
37 15
37 7
37 43
37 1
37 17
37 45
37 35
37 32
37 25
37 10
37 11
37 19
37 13
37 16
37 30
37 40
37 27
18
38 10
38 25
38 42
38 15
38 30
38 46
38 3
38 7
38 17
38 9
38 2
38 31
38 8
38 27
38 19
38 36
38 13
38 23
19
39 47
39 28
39 7
39 18
39 23
39 30
39 15
39 10
39 41
39 37
39 38
39 22
39 8
39 1
39 43
39 4
39 44
39 13
39 36
17
40 16
40 14
40 23
40 30
40 7
40 47
40 35
40 18
40 0
40 24
40 38
40 49
40 25
40 17
40 3
40 19
40 45
17
41 29
41 7
41 49
41 25
41 35
41 27
41 3
41 17
41 46
41 48
41 14
41 26
41 33
41 38
41 23
41 44
41 16
24
42 34
42 1
42 37
42 23
42 21
42 27
42 17
42 33
42 3
42 49
42 45
42 35
42 22
42 41
42 46
42 31
42 12
42 9
42 30
42 0
42 7
42 39
42 47
42 40
21
43 44
43 35
43 15
43 7
43 16
43 11
43 42
43 22
43 25
43 2
43 40
43 20
43 1
43 23
43 49
43 41
43 38
43 31
43 47
43 17
43 28
21
44 16
44 30
44 25
44 1
44 14
44 42
44 8
44 46
44 35
44 2
44 7
44 47
44 4
44 29
44 40
44 27
44 49
44 12
44 38
44 19
44 5
25
45 9
45 49
45 39
45 20
45 31
45 0
45 11
45 25
45 18
45 7
45 32
45 13
45 23
45 12
45 28
45 38
45 36
45 34
45 43
45 44
45 41
45 3
45 8
45 5
45 15
17
46 35
46 6
46 10
46 36
46 13
46 45
46 27
46 37
46 14
46 43
46 1
46 0
46 25
46 20
46 8
46 33
46 30
16
47 33
47 41
47 32
47 22
47 36
47 6
47 19
47 34
47 28
47 7
47 9
47 35
47 26
47 11
47 20
47 46
24
48 13
48 27
48 0
48 29
48 28
48 31
48 9
48 45
48 23
48 47
48 42
48 38
48 43
48 14
48 11
48 36
48 40
48 12
48 18
48 5
48 16
48 22
48 39
48 46
25
49 48
49 31
49 39
49 16
49 24
49 22
49 12
49 11
49 38
49 9
49 25
49 37
49 35
49 46
49 3
49 21
49 14
49 5
49 36
49 34
49 8
49 20
49 7
49 19
49 30
