50
0 "A14"
1 "A34"
2 "A28"
3 "A4"
4 "A36"
5 "A42"
6 "A48"
7 "A10"
8 "A29"
9 "A2"
10 "A11"
11 "A26"
12 "A7"
13 "A8"
14 "A5"
15 "A3"
16 "A44"
17 "A15"
18 "A16"
19 "A27"
20 "A35"
21 "A12"
22 "A25"
23 "A22"
24 "A13"
25 "A24"
26 "A32"
27 "A19"
28 "A21"
29 "A23"
30 "A39"
31 "A43"
32 "A47"
33 "A1"
34 "A46"
35 "A49"
36 "A31"
37 "A6"
38 "A45"
39 "A18"
40 "A38"
41 "A0"
42 "A33"
43 "A9"
44 "A20"
45 "A30"
46 "A17"
47 "A37"
48 "A41"
49 "A40"
22
0 40
0 2
0 9
0 33
0 19
0 39
0 25
0 47
0 31
0 14
0 32
0 48
0 20
0 38
0 16
0 12
0 46
0 23
0 3
0 41
0 7
0 5
18
1 45
1 43
1 17
1 15
1 44
1 28
1 39
1 46
1 18
1 21
1 10
1 9
1 3
1 25
1 49
1 32
1 29
1 14
20
2 6
2 12
2 39
2 23
2 38
2 13
2 45
2 9
2 30
2 26
2 14
2 46
2 31
2 42
2 16
2 18
2 11
2 29
2 20
2 8
12
3 28
3 15
3 8
3 34
3 5
3 37
3 2
3 27
3 4
3 45
3 23
3 6
27
4 49
4 45
4 6
4 30
4 5
4 28
4 1
4 27
4 18
4 11
4 37
4 8
4 20
4 42
4 24
4 14
4 23
4 34
4 19
4 31
4 35
4 12
4 41
4 21
4 15
4 36
4 10
21
5 24
5 34
5 7
5 18
5 27
5 33
5 26
5 38
5 23
5 16
5 19
5 28
5 2
5 42
5 20
5 46
5 9
5 48
5 40
5 39
5 45
14
6 38
6 43
6 37
6 46
6 36
6 15
6 18
6 24
6 32
6 0
6 1
6 49
6 48
6 34
21
7 11
7 4
7 26
7 35
7 38
7 9
7 25
7 17
7 30
7 23
7 19
7 46
7 10
7 1
7 2
7 14
7 18
7 33
7 22
7 3
7 39
21
8 44
8 30
8 46
8 39
8 22
8 33
8 19
8 15
8 6
8 23
8 7
8 18
8 27
8 9
8 21
8 5
8 29
8 32
8 28
8 10
8 48
21
9 6
9 40
9 4
9 24
9 22
9 25
9 45
9 20
9 42
9 17
9 49
9 15
9 10
9 28
9 39
9 13
9 48
9 3
9 26
9 11
9 46
22
10 14
10 0
10 19
10 12
10 47
10 17
10 29
10 48
10 18
10 2
10 21
10 31
10 46
10 34
10 49
10 45
10 23
10 3
10 27
10 35
10 15
10 26
20
11 46
11 22
11 15
11 19
11 10
11 8
11 29
11 16
11 43
11 18
11 0
11 25
11 6
11 35
11 42
11 36
11 30
11 12
11 26
11 41
20
12 27
12 40
12 20
12 41
12 21
12 9
12 19
12 35
12 37
12 1
12 18
12 31
12 34
12 8
12 48
12 5
12 45
12 3
12 24
12 13
21
13 16
13 4
13 29
13 19
13 36
13 1
13 6
13 49
13 5
13 11
13 0
13 31
13 42
13 8
13 46
13 10
13 25
13 48
13 14
13 22
13 3
16
14 21
14 43
14 8
14 11
14 3
14 36
14 28
14 17
14 24
14 49
14 31
14 18
14 48
14 16
14 12
14 42
13
15 13
15 2
15 27
15 46
15 49
15 5
15 36
15 14
15 29
15 34
15 40
15 30
15 20
22
16 40
16 39
16 49
16 29
16 33
16 25
16 6
16 24
16 30
16 15
16 9
16 8
16 38
16 4
16 7
16 3
16 42
16 10
16 36
16 44
16 1
16 47
20
17 8
17 15
17 33
17 41
17 34
17 22
17 25
17 28
17 0
17 2
17 21
17 6
17 24
17 12
17 5
17 31
17 47
17 4
17 29
17 36
18
18 26
18 13
18 31
18 0
18 9
18 29
18 44
18 16
18 36
18 38
18 30
18 32
18 46
18 25
18 19
18 23
18 43
18 45
20
19 9
19 23
19 42
19 2
19 46
19 31
19 34
19 24
19 20
19 14
19 28
19 37
19 35
19 15
19 17
19 1
19 45
19 40
19 16
19 36
16
20 16
20 27
20 10
20 47
20 29
20 39
20 8
20 13
20 7
20 6
20 25
20 35
20 36
20 38
20 31
20 24
16
21 30
21 2
21 20
21 43
21 7
21 35
21 28
21 46
21 3
21 29
21 39
21 18
21 48
21 19
21 13
21 15
22
22 10
22 6
22 2
22 36
22 18
22 0
22 27
22 16
22 4
22 26
22 49
22 19
22 40
22 33
22 34
22 15
22 14
22 48
22 3
22 20
22 12
22 5
16
23 6
23 11
23 16
23 22
23 26
23 14
23 17
23 28
23 38
23 12
23 15
23 13
23 33
23 36
23 34
23 21
18
24 15
24 23
24 8
24 46
24 22
24 43
24 35
24 11
24 49
24 3
24 7
24 10
24 38
24 13
24 39
24 42
24 26
24 34
20
25 48
25 19
25 2
25 36
25 43
25 33
25 12
25 37
25 3
25 26
25 29
25 40
25 30
25 38
25 31
25 14
25 28
25 41
25 27
25 24
20
26 1
26 41
26 12
26 45
26 38
26 13
26 44
26 21
26 27
26 17
26 36
26 31
26 34
26 3
26 49
26 42
26 15
26 29
26 48
26 0
20
27 40
27 13
27 24
27 7
27 43
27 9
27 29
27 39
27 18
27 30
27 14
27 42
27 11
27 21
27 46
27 19
27 38
27 17
27 41
27 35
12
28 40
28 12
28 11
28 24
28 13
28 27
28 39
28 31
28 26
28 6
28 34
28 22
18
29 19
29 47
29 6
29 4
29 49
29 34
29 9
29 28
29 40
29 7
29 45
29 0
29 12
29 3
29 22
29 14
29 46
29 38
24
30 42
30 39
30 22
30 3
30 1
30 31
30 5
30 9
30 37
30 26
30 6
30 12
30 35
30 40
30 48
30 0
30 44
30 13
30 10
30 20
30 17
30 24
30 38
30 45
17
31 39
31 36
31 3
31 22
31 9
31 46
31 27
31 11
31 33
31 8
31 24
31 6
31 29
31 41
31 5
31 47
31 7
27
32 43
32 28
32 29
32 9
32 40
32 49
32 22
32 34
32 23
32 21
32 25
32 13
32 5
32 16
32 17
32 19
32 41
32 7
32 12
32 27
32 4
32 38
32 37
32 20
32 14
32 11
32 45
19
33 12
33 44
33 39
33 48
33 18
33 9
33 2
33 6
33 28
33 15
33 30
33 13
33 1
33 24
33 32
33 10
33 14
33 29
33 4
14
34 14
34 20
34 11
34 36
34 0
34 21
34 8
34 25
34 48
34 13
34 9
34 16
34 42
34 37
23
35 47
35 8
35 6
35 48
35 2
35 3
35 36
35 5
35 43
35 28
35 17
35 18
35 26
35 1
35 34
35 23
35 22
35 32
35 41
35 31
35 38
35 14
35 0
20
36 44
36 49
36 2
36 28
36 21
36 30
36 0
36 46
36 7
36 32
36 12
36 9
36 38
36 33
36 24
36 27
36 40
36 37
36 1
36 29
25
37 47
37 17
37 15
37 16
37 0
37 13
37 22
37 48
37 10
37 28
37 38
37 5
37 42
37 31
37 29
37 21
37 18
37 7
37 35
37 26
37 9
37 27
37 11
37 33
37 46
16
38 4
38 43
38 11
38 44
38 33
38 8
38 17
38 34
38 19
38 9
38 21
38 14
38 10
38 12
38 49
38 39
20
39 48
39 19
39 4
39 18
39 3
39 26
39 6
39 23
39 46
39 41
39 13
39 34
39 17
39 14
39 37
39 25
39 36
39 15
39 35
39 45
16
40 8
40 17
40 47
40 7
40 13
40 37
40 39
40 6
40 43
40 45
40 35
40 4
40 18
40 24
40 38
40 10
23
41 43
41 44
41 29
41 15
41 20
41 23
41 40
41 7
41 38
41 33
41 36
41 19
41 30
41 14
41 24
41 21
41 49
41 3
41 42
41 18
41 47
41 46
41 16
22
42 8
42 40
42 49
42 39
42 47
42 35
42 31
42 25
42 22
42 28
42 20
42 1
42 15
42 7
42 21
42 3
42 0
42 44
42 18
42 23
42 43
42 12
20
43 13
43 15
43 16
43 9
43 36
43 33
43 34
43 31
43 22
43 23
43 47
43 39
43 7
43 19
43 2
43 12
43 8
43 26
43 10
43 20
24
44 4
44 35
44 40
44 17
44 31
44 22
44 34
44 48
44 10
44 37
44 21
44 46
44 3
44 28
44 23
44 27
44 2
44 6
44 0
44 7
44 13
44 14
44 11
44 15
18
45 21
45 17
45 28
45 13
45 7
45 16
45 6
45 34
45 42
45 14
45 25
45 22
45 36
45 43
45 8
45 37
45 44
45 47
19
46 33
46 32
46 38
46 47
46 35
46 4
46 14
46 22
46 45
46 42
46 17
46 43
46 3
46 12
46 25
46 48
46 23
46 40
46 16
22
47 30
47 49
47 22
47 9
47 12
47 33
47 5
47 27
47 14
47 19
47 7
47 26
47 3
47 38
47 28
47 13
47 6
47 15
47 8
47 44
47 25
47 23
18
48 36
48 18
48 3
48 2
48 16
48 40
48 45
48 20
48 42
48 43
48 15
48 47
48 1
48 11
48 29
48 49
48 19
48 38
26
49 20
49 35
49 28
49 12
49 19
49 37
49 27
49 21
49 30
49 23
49 18
49 34
49 2
49 0
49 31
49 45
49 7
49 11
49 17
49 33
49 25
49 5
49 3
49 40
49 44
49 46
