50
0 "A37"
1 "A8"
2 "A31"
3 "A43"
4 "A21"
5 "A6"
6 "A44"
7 "A27"
8 "A25"
9 "A45"
10 "A11"
11 "A32"
12 "A12"
13 "A26"
14 "A23"
15 "A39"
16 "A38"
17 "A2"
18 "A33"
19 "A13"
20 "A24"
21 "A20"
22 "A22"
23 "A46"
24 "A15"
25 "A29"
26 "A35"
27 "A28"
28 "A47"
29 "A36"
30 "A4"
31 "A18"
32 "A41"
33 "A10"
34 "A16"
35 "A49"
36 "A40"
37 "A14"
38 "A19"
39 "A17"
40 "A7"
41 "A1"
42 "A3"
43 "A9"
44 "A42"
45 "A0"
46 "A5"
47 "A34"
48 "A30"
49 "A48"
17
0 19
0 24
0 3
0 44
0 45
0 6
0 12
0 20
0 22
0 37
0 34
0 14
0 36
0 40
0 26
0 18
0 2
15
1 23
1 34
1 42
1 30
1 35
1 29
1 26
1 6
1 17
1 3
1 11
1 44
1 32
1 28
1 20
15
2 47
2 8
2 9
2 12
2 10
2 21
2 49
2 44
2 17
2 29
2 20
2 31
2 16
2 40
2 36
14
3 7
3 49
3 19
3 10
3 22
3 23
3 42
3 30
3 14
3 6
3 29
3 32
3 46
3 18
20
4 14
4 48
4 3
4 43
4 16
4 5
4 19
4 26
4 1
4 39
4 30
4 24
4 32
4 46
4 33
4 7
4 13
4 42
4 18
4 17
18
5 30
5 32
5 6
5 18
5 27
5 33
5 39
5 3
5 24
5 10
5 40
5 44
5 41
5 46
5 2
5 45
5 9
5 49
18
6 31
6 34
6 7
6 8
6 15
6 22
6 42
6 24
6 32
6 30
6 37
6 20
6 39
6 18
6 27
6 10
6 41
6 48
22
7 42
7 39
7 32
7 35
7 34
7 29
7 5
7 41
7 1
7 30
7 33
7 28
7 21
7 25
7 36
7 10
7 0
7 18
7 22
7 31
7 24
7 16
22
8 21
8 39
8 29
8 43
8 7
8 12
8 49
8 13
8 1
8 19
8 48
8 11
8 10
8 47
8 32
8 25
8 4
8 0
8 33
8 20
8 28
8 46
18
9 26
9 30
9 20
9 39
9 25
9 31
9 32
9 17
9 6
9 3
9 8
9 37
9 1
9 36
9 13
9 29
9 15
9 0
16
10 26
10 9
10 14
10 36
10 18
10 1
10 11
10 12
10 33
10 28
10 32
10 47
10 23
10 41
10 4
10 27
17
11 45
11 37
11 41
11 6
11 13
11 9
11 30
11 0
11 12
11 25
11 27
11 15
11 7
11 47
11 19
11 42
11 34
21
12 43
12 6
12 40
12 27
12 19
12 13
12 45
12 37
12 34
12 38
12 7
12 9
12 21
12 25
12 46
12 5
12 32
12 24
12 36
12 17
12 1
25
13 33
13 1
13 29
13 38
13 42
13 46
13 34
13 23
13 18
13 32
13 5
13 15
13 6
13 47
13 21
13 10
13 43
13 30
13 7
13 37
13 19
13 3
13 40
13 0
13 31
22
14 25
14 11
14 1
14 7
14 49
14 12
14 8
14 32
14 46
14 33
14 30
14 40
14 22
14 5
14 23
14 2
14 44
14 9
14 20
14 47
14 16
14 38
16
15 45
15 18
15 43
15 7
15 14
15 26
15 24
15 30
15 29
15 42
15 21
15 2
15 25
15 3
15 35
15 41
26
16 43
16 42
16 15
16 48
16 35
16 27
16 39
16 28
16 19
16 47
16 45
16 46
16 23
16 40
16 33
16 11
16 6
16 8
16 5
16 44
16 3
16 13
16 10
16 26
16 9
16 1
19
17 43
17 20
17 21
17 39
17 47
17 34
17 19
17 18
17 8
17 32
17 29
17 26
17 10
17 6
17 41
17 16
17 40
17 33
17 35
17
18 37
18 9
18 16
18 22
18 29
18 28
18 47
18 38
18 21
18 49
18 2
18 44
18 19
18 12
18 30
18 41
18 1
20
19 22
19 46
19 25
19 40
19 2
19 1
19 30
19 48
19 38
19 14
19 29
19 42
19 5
19 36
19 35
19 15
19 33
19 6
19 10
19 26
15
20 13
20 11
20 4
20 18
20 15
20 12
20 23
20 44
20 29
20 7
20 26
20 42
20 37
20 10
20 48
22
21 1
21 25
21 20
21 0
21 31
21 39
21 44
21 34
21 40
21 41
21 6
21 22
21 26
21 45
21 23
21 38
21 10
21 9
21 19
21 5
21 4
21 36
26
22 1
22 48
22 30
22 8
22 32
22 44
22 37
22 26
22 27
22 15
22 4
22 31
22 5
22 33
22 43
22 34
22 49
22 9
22 47
22 10
22 28
22 24
22 12
22 2
22 40
22 45
21
23 35
23 12
23 15
23 40
23 42
23 0
23 37
23 29
23 26
23 49
23 34
23 17
23 18
23 11
23 4
23 41
23 9
23 5
23 7
23 22
23 6
26
24 42
24 20
24 17
24 29
24 3
24 14
24 10
24 2
24 27
24 8
24 49
24 35
24 16
24 26
24 18
24 46
24 19
24 44
24 37
24 25
24 41
24 1
24 28
24 40
24 36
24 9
15
25 22
25 27
25 28
25 37
25 0
25 4
25 26
25 36
25 13
25 34
25 45
25 29
25 16
25 49
25 1
20
26 29
26 47
26 42
26 13
26 14
26 18
26 2
26 41
26 49
26 48
26 12
26 28
26 44
26 37
26 3
26 40
26 27
26 35
26 46
26 8
20
27 0
27 1
27 9
27 44
27 7
27 39
27 38
27 43
27 13
27 20
27 41
27 33
27 40
27 2
27 19
27 23
27 29
27 3
27 31
27 21
15
28 19
28 48
28 21
28 30
28 13
28 23
28 5
28 41
28 6
28 4
28 29
28 45
28 40
28 0
28 27
16
29 32
29 42
29 48
29 49
29 16
29 40
29 21
29 36
29 22
29 33
29 11
29 45
29 30
29 44
29 10
29 0
14
30 12
30 2
30 16
30 25
30 23
30 0
30 38
30 37
30 17
30 45
30 33
30 31
30 10
30 24
19
31 4
31 41
31 49
31 33
31 23
31 26
31 37
31 1
31 35
31 36
31 29
31 0
31 16
31 5
31 19
31 44
31 24
31 17
31 12
21
32 23
32 24
32 48
32 15
32 18
32 34
32 20
32 49
32 44
32 25
32 36
32 11
32 2
32 38
32 30
32 33
32 43
32 0
32 31
32 21
32 26
17
33 42
33 48
33 6
33 36
33 26
33 12
33 2
33 3
33 49
33 43
33 44
33 18
33 28
33 21
33 1
33 15
33 9
18
34 5
34 43
34 14
34 30
34 45
34 16
34 28
34 18
34 19
34 2
34 39
34 15
34 38
34 36
34 4
34 9
34 27
34 8
21
35 14
35 47
35 5
35 9
35 45
35 40
35 22
35 13
35 6
35 49
35 37
35 36
35 0
35 32
35 44
35 12
35 3
35 18
35 11
35 27
35 4
15
36 17
36 23
36 16
36 30
36 14
36 1
36 27
36 40
36 5
36 22
36 3
36 11
36 26
36 15
36 20
17
37 4
37 7
37 28
37 10
37 3
37 34
37 33
37 2
37 1
37 29
37 49
37 40
37 17
37 39
37 5
37 16
37 36
28
38 11
38 23
38 2
38 33
38 22
38 17
38 3
38 29
38 36
38 8
38 4
38 0
38 5
38 16
38 7
38 37
38 28
38 20
38 26
38 41
38 48
38 43
38 1
38 45
38 24
38 25
38 6
38 9
26
39 20
39 41
39 0
39 47
39 30
39 12
39 26
39 22
39 14
39 29
39 24
39 15
39 3
39 44
39 23
39 31
39 11
39 28
39 13
39 32
39 36
39 1
39 35
39 38
39 46
39 19
15
40 34
40 32
40 9
40 46
40 30
40 41
40 6
40 18
40 8
40 38
40 33
40 15
40 31
40 49
40 20
19
41 2
41 35
41 30
41 43
41 8
41 13
41 48
41 19
41 34
41 33
41 25
41 37
41 12
41 4
41 46
41 0
41 29
41 14
41 32
23
42 5
42 34
42 2
42 32
42 0
42 25
42 17
42 8
42 44
42 22
42 27
42 49
42 30
42 47
42 37
42 48
42 14
42 31
42 40
42 21
42 10
42 39
42 36
24
43 3
43 28
43 2
43 19
43 30
43 48
43 11
43 26
43 5
43 23
43 21
43 39
43 14
43 25
43 9
43 42
43 6
43 47
43 24
43 36
43 1
43 31
43 44
43 18
19
44 17
44 30
44 23
44 38
44 46
44 9
44 6
44 7
44 19
44 45
44 34
44 13
44 48
44 28
44 36
44 25
44 15
44 40
44 41
22
45 40
45 17
45 19
45 14
45 31
45 32
45 18
45 47
45 39
45 2
45 24
45 8
45 3
45 41
45 13
45 43
45 10
45 49
45 26
45 27
45 20
45 6
24
46 0
46 36
46 30
46 43
46 37
46 42
46 11
46 38
46 31
46 2
46 32
46 47
46 7
46 6
46 28
46 15
46 9
46 49
46 35
46 29
46 45
46 20
46 25
46 23
19
47 33
47 41
47 5
47 44
47 21
47 32
47 24
47 29
47 19
47 3
47 38
47 31
47 27
47 30
47 40
47 34
47 12
47 25
47 23
26
48 5
48 17
48 1
48 45
48 7
48 23
48 21
48 18
48 15
48 9
48 25
48 0
48 27
48 24
48 3
48 40
48 11
48 36
48 37
48 39
48 10
48 49
48 47
48 34
48 2
48 35
19
49 21
49 15
49 9
49 27
49 16
49 41
49 10
49 19
49 0
49 6
49 28
49 30
49 34
49 13
49 12
49 1
49 39
49 38
49 7
