50
0 "A18"
1 "A42"
2 "A12"
3 "A14"
4 "A49"
5 "A38"
6 "A21"
7 "A37"
8 "A20"
9 "A32"
10 "A24"
11 "A8"
12 "A5"
13 "A33"
14 "A16"
15 "A9"
16 "A46"
17 "A6"
18 "A4"
19 "A36"
20 "A39"
21 "A1"
22 "A41"
23 "A0"
24 "A30"
25 "A22"
26 "A44"
27 "A35"
28 "A31"
29 "A17"
30 "A15"
31 "A40"
32 "A48"
33 "A11"
34 "A26"
35 "A13"
36 "A10"
37 "A43"
38 "A47"
39 "A23"
40 "A28"
41 "A27"
42 "A19"
43 "A29"
44 "A3"
45 "A34"
46 "A2"
47 "A7"
48 "A25"
49 "A45"
19
0 15
0 13
0 16
0 29
0 47
0 19
0 38
0 12
0 40
0 44
0 48
0 3
0 36
0 30
0 24
0 22
0 4
0 27
0 49
16
1 14
1 47
1 40
1 12
1 24
1 33
1 4
1 26
1 32
1 7
1 41
1 25
1 30
1 6
1 20
1 28
22
2 16
2 23
2 36
2 29
2 32
2 13
2 42
2 25
2 9
2 31
2 15
2 45
2 19
2 6
2 12
2 20
2 40
2 30
2 27
2 47
2 26
2 3
18
3 28
3 46
3 34
3 40
3 42
3 11
3 29
3 36
3 30
3 8
3 12
3 37
3 23
3 4
3 1
3 19
3 22
3 15
22
4 34
4 19
4 36
4 37
4 11
4 43
4 24
4 16
4 23
4 41
4 2
4 15
4 13
4 39
4 9
4 31
4 44
4 30
4 49
4 25
4 22
4 12
18
5 20
5 43
5 17
5 12
5 33
5 34
5 29
5 14
5 41
5 1
5 49
5 2
5 8
5 11
5 18
5 42
5 16
5 13
24
6 39
6 5
6 10
6 24
6 15
6 11
6 28
6 26
6 46
6 32
6 45
6 35
6 18
6 20
6 3
6 23
6 7
6 43
6 19
6 14
6 40
6 49
6 0
6 37
15
7 47
7 18
7 4
7 11
7 20
7 28
7 2
7 26
7 0
7 12
7 3
7 34
7 32
7 41
7 22
20
8 10
8 47
8 27
8 29
8 24
8 35
8 32
8 30
8 42
8 12
8 28
8 19
8 2
8 26
8 0
8 1
8 11
8 48
8 31
8 15
21
9 8
9 40
9 41
9 5
9 10
9 20
9 42
9 0
9 12
9 45
9 25
9 49
9 44
9 26
9 21
9 7
9 14
9 6
9 18
9 1
9 32
15
10 47
10 31
10 40
10 25
10 41
10 18
10 5
10 36
10 32
10 16
10 7
10 37
10 44
10 34
10 19
18
11 24
11 47
11 40
11 41
11 22
11 36
11 30
11 43
11 39
11 1
11 10
11 34
11 46
11 0
11 42
11 9
11 16
11 38
20
12 17
12 23
12 41
12 21
12 37
12 24
12 38
12 40
12 19
12 42
12 31
12 32
12 30
12 11
12 43
12 46
12 45
12 36
12 27
12 48
17
13 1
13 38
13 25
13 47
13 45
13 9
13 44
13 15
13 24
13 12
13 10
13 7
13 6
13 42
13 16
13 41
13 46
25
14 12
14 18
14 39
14 32
14 48
14 42
14 25
14 29
14 0
14 13
14 2
14 11
14 8
14 30
14 27
14 45
14 19
14 3
14 43
14 36
14 15
14 24
14 7
14 49
14 26
20
15 10
15 18
15 11
15 26
15 17
15 24
15 1
15 40
15 38
15 9
15 45
15 20
15 12
15 27
15 36
15 32
15 37
15 47
15 42
15 5
23
16 44
16 7
16 3
16 48
16 30
16 47
16 29
16 40
16 1
16 36
16 9
16 32
16 42
16 21
16 34
16 45
16 12
16 28
16 6
16 49
16 14
16 8
16 18
19
17 10
17 6
17 19
17 1
17 43
17 30
17 18
17 32
17 21
17 25
17 44
17 11
17 37
17 28
17 3
17 4
17 9
17 7
17 48
11
18 8
18 39
18 26
18 13
18 45
18 44
18 35
18 36
18 25
18 27
18 40
20
19 43
19 40
19 41
19 11
19 36
19 37
19 49
19 34
19 28
19 16
19 20
19 9
19 7
19 5
19 23
19 15
19 48
19 33
19 1
19 39
18
20 44
20 0
20 46
20 45
20 18
20 11
20 23
20 14
20 13
20 8
20 37
20 10
20 30
20 4
20 43
20 12
20 3
20 16
22
21 1
21 45
21 20
21 32
21 2
21 37
21 8
21 47
21 6
21 35
21 31
21 11
21 5
21 3
21 30
21 41
21 10
21 15
21 36
21 22
21 14
21 24
25
22 48
22 28
22 30
22 23
22 26
22 14
22 33
22 19
22 6
22 18
22 43
22 17
22 35
22 12
22 5
22 37
22 8
22 15
22 45
22 9
22 32
22 1
22 29
22 10
22 16
21
23 28
23 24
23 8
23 37
23 7
23 16
23 21
23 33
23 48
23 41
23 43
23 44
23 5
23 10
23 13
23 32
23 47
23 0
23 35
23 27
23 11
20
24 17
24 9
24 31
24 42
24 34
24 41
24 2
24 20
24 10
24 43
24 44
24 33
24 26
24 39
24 3
24 45
24 5
24 40
24 28
24 7
16
25 11
25 6
25 20
25 5
25 8
25 36
25 49
25 46
25 38
25 12
25 3
25 30
25 32
25 41
25 19
25 7
18
26 36
26 4
26 34
26 21
26 5
26 27
26 23
26 45
26 3
26 12
26 37
26 10
26 42
26 31
26 0
26 25
26 16
26 39
16
27 9
27 16
27 46
27 35
27 1
27 21
27 5
27 32
27 25
27 7
27 20
27 17
27 47
27 34
27 38
27 45
21
28 49
28 15
28 18
28 13
28 47
28 39
28 11
28 5
28 12
28 48
28 43
28 4
28 10
28 40
28 2
28 14
28 9
28 20
28 36
28 25
28 21
22
29 47
29 9
29 44
29 24
29 1
29 20
29 40
29 7
29 10
29 28
29 19
29 49
29 37
29 38
29 13
29 15
29 25
29 6
29 23
29 18
29 27
29 17
17
30 5
30 7
30 38
30 37
30 33
30 45
30 49
30 24
30 23
30 40
30 9
30 15
30 48
30 35
30 26
30 41
30 10
27
31 42
31 41
31 19
31 1
31 49
31 3
31 44
31 5
31 18
31 0
31 17
31 25
31 27
31 11
31 14
31 22
31 9
31 6
31 47
31 7
31 29
31 23
31 16
31 28
31 15
31 30
31 37
19
32 3
32 41
32 19
32 48
32 4
32 42
32 39
32 13
32 24
32 30
32 43
32 0
32 20
32 28
32 31
32 5
32 18
32 46
32 40
19
33 29
33 25
33 4
33 45
33 32
33 10
33 6
33 35
33 21
33 27
33 15
33 7
33 2
33 39
33 44
33 26
33 8
33 16
33 0
21
34 20
34 49
34 17
34 40
34 21
34 28
34 36
34 39
34 18
34 15
34 0
34 9
34 6
34 29
34 35
34 32
34 13
34 31
34 38
34 44
34 8
17
35 12
35 17
35 47
35 9
35 15
35 24
35 26
35 29
35 5
35 7
35 28
35 48
35 3
35 25
35 19
35 0
35 13
17
36 9
36 31
36 6
36 13
36 7
36 33
36 30
36 22
36 20
36 5
36 38
36 8
36 39
36 46
36 1
36 37
36 29
18
37 42
37 28
37 47
37 5
37 9
37 18
37 33
37 7
37 13
37 2
37 32
37 16
37 34
37 27
37 35
37 46
37 44
37 1
28
38 5
38 44
38 17
38 20
38 28
38 39
38 6
38 33
38 24
38 40
38 22
38 19
38 3
38 10
38 14
38 48
38 9
38 26
38 21
38 18
38 49
38 47
38 7
38 31
38 37
38 4
38 35
38 42
18
39 2
39 15
39 37
39 0
39 29
39 12
39 25
39 45
39 5
39 20
39 30
39 13
39 43
39 17
39 9
39 3
39 7
39 40
19
40 17
40 37
40 26
40 25
40 46
40 4
40 20
40 35
40 48
40 49
40 5
40 36
40 41
40 31
40 23
40 13
40 7
40 8
40 27
23
41 3
41 22
41 20
41 49
41 6
41 14
41 38
41 35
41 45
41 27
41 26
41 34
41 37
41 18
41 42
41 8
41 29
41 28
41 17
41 47
41 33
41 36
41 39
20
42 28
42 22
42 30
42 43
42 7
42 0
42 6
42 40
42 33
42 36
42 4
42 25
42 10
42 20
42 21
42 44
42 48
42 39
42 35
42 1
20
43 9
43 26
43 31
43 40
43 8
43 35
43 21
43 7
43 18
43 10
43 33
43 0
43 30
43 3
43 15
43 2
43 37
43 44
43 29
43 25
22
44 19
44 39
44 49
44 45
44 1
44 28
44 5
44 3
44 21
44 8
44 40
44 6
44 7
44 32
44 35
44 22
44 47
44 12
44 25
44 15
44 26
44 30
16
45 4
45 28
45 48
45 23
45 40
45 3
45 32
45 7
45 19
45 5
45 37
45 8
45 42
45 17
45 10
45 11
21
46 10
46 30
46 16
46 2
46 4
46 43
46 28
46 1
46 42
46 44
46 24
46 26
46 9
46 33
46 47
46 35
46 45
46 31
46 8
46 22
46 48
18
47 32
47 20
47 26
47 45
47 30
47 5
47 33
47 3
47 22
47 25
47 18
47 43
47 19
47 4
47 40
47 48
47 39
47 12
16
48 41
48 26
48 21
48 24
48 39
48 6
48 33
48 20
48 36
48 15
48 2
48 31
48 13
48 5
48 4
48 7
22
49 2
49 47
49 26
49 48
49 39
49 21
49 22
49 18
49 32
49 36
49 3
49 11
49 12
49 17
49 42
49 10
49 33
49 8
49 37
49 45
49 24
49 46
