50
0 "A18"
1 "A42"
2 "A12"
3 "A14"
4 "A49"
5 "A38"
6 "A21"
7 "A37"
8 "A20"
9 "A32"
10 "A24"
11 "A8"
12 "A5"
13 "A33"
14 "A16"
15 "A9"
16 "A46"
17 "A6"
18 "A4"
19 "A36"
20 "A39"
21 "A1"
22 "A41"
23 "A0"
24 "A30"
25 "A22"
26 "A44"
27 "A35"
28 "A31"
29 "A17"
30 "A15"
31 "A40"
32 "A48"
33 "A11"
34 "A26"
35 "A13"
36 "A10"
37 "A43"
38 "A47"
39 "A23"
40 "A28"
41 "A27"
42 "A19"
43 "A29"
44 "A3"
45 "A34"
46 "A2"
47 "A7"
48 "A25"
49 "A45"
17
0 24
0 11
0 42
0 26
0 6
0 33
0 46
0 1
0 12
0 20
0 38
0 18
0 9
0 4
0 48
0 36
0 7
16
1 40
1 28
1 27
1 9
1 38
1 15
1 20
1 33
1 36
1 32
1 12
1 39
1 23
1 7
1 17
1 34
17
2 32
2 48
2 19
2 6
2 1
2 39
2 20
2 27
2 9
2 17
2 47
2 30
2 40
2 3
2 34
2 21
2 23
19
3 1
3 4
3 48
3 11
3 23
3 33
3 42
3 17
3 32
3 29
3 27
3 0
3 34
3 8
3 9
3 14
3 25
3 37
3 31
23
4 35
4 32
4 44
4 14
4 6
4 24
4 23
4 5
4 16
4 20
4 22
4 13
4 29
4 31
4 18
4 45
4 28
4 37
4 46
4 49
4 15
4 42
4 7
20
5 25
5 8
5 34
5 13
5 38
5 6
5 2
5 1
5 47
5 15
5 7
5 29
5 49
5 30
5 18
5 31
5 12
5 24
5 3
5 10
17
6 15
6 36
6 3
6 24
6 42
6 26
6 27
6 29
6 23
6 49
6 25
6 12
6 47
6 16
6 22
6 9
6 7
22
7 30
7 8
7 19
7 2
7 41
7 44
7 24
7 31
7 38
7 43
7 16
7 32
7 21
7 49
7 34
7 25
7 3
7 10
7 15
7 27
7 46
7 40
25
8 1
8 21
8 38
8 49
8 13
8 30
8 31
8 44
8 28
8 23
8 34
8 33
8 16
8 2
8 4
8 42
8 39
8 32
8 41
8 26
8 0
8 45
8 11
8 29
8 22
17
9 24
9 46
9 23
9 7
9 19
9 20
9 43
9 25
9 12
9 45
9 33
9 48
9 15
9 29
9 18
9 13
9 5
21
10 0
10 11
10 1
10 25
10 24
10 32
10 49
10 4
10 9
10 35
10 19
10 27
10 12
10 2
10 17
10 15
10 16
10 33
10 6
10 8
10 18
17
11 35
11 28
11 5
11 18
11 26
11 32
11 6
11 46
11 21
11 22
11 2
11 20
11 7
11 9
11 29
11 47
11 27
16
12 11
12 14
12 23
12 22
12 16
12 18
12 45
12 2
12 8
12 39
12 27
12 25
12 41
12 36
12 38
12 7
18
13 42
13 14
13 10
13 6
13 7
13 19
13 45
13 11
13 1
13 34
13 12
13 2
13 21
13 26
13 37
13 29
13 15
13 46
28
14 10
14 16
14 39
14 46
14 20
14 23
14 48
14 11
14 22
14 30
14 19
14 29
14 7
14 31
14 5
14 17
14 40
14 49
14 33
14 26
14 28
14 38
14 36
14 9
14 43
14 8
14 1
14 34
20
15 8
15 31
15 47
15 20
15 26
15 48
15 21
15 43
15 30
15 49
15 40
15 11
15 3
15 36
15 39
15 28
15 18
15 37
15 33
15 35
22
16 44
16 13
16 24
16 37
16 45
16 35
16 25
16 48
16 30
16 31
16 9
16 0
16 29
16 47
16 15
16 11
16 18
16 26
16 19
16 5
16 46
16 43
21
17 21
17 13
17 8
17 0
17 9
17 16
17 49
17 30
17 6
17 31
17 19
17 4
17 36
17 28
17 23
17 11
17 7
17 26
17 38
17 12
17 40
17
18 2
18 17
18 30
18 8
18 46
18 19
18 34
18 14
18 25
18 33
18 49
18 1
18 13
18 27
18 7
18 44
18 36
15
19 4
19 11
19 5
19 12
19 15
19 49
19 39
19 42
19 38
19 34
19 27
19 33
19 29
19 36
19 43
21
20 3
20 32
20 6
20 7
20 24
20 8
20 16
20 28
20 48
20 10
20 5
20 12
20 41
20 19
20 49
20 42
20 27
20 13
20 25
20 18
20 26
25
21 49
21 34
21 5
21 20
21 16
21 35
21 1
21 22
21 0
21 10
21 46
21 14
21 9
21 38
21 41
21 4
21 3
21 40
21 45
21 47
21 6
21 36
21 44
21 18
21 19
17
22 32
22 10
22 25
22 28
22 37
22 20
22 30
22 33
22 16
22 42
22 23
22 1
22 39
22 40
22 31
22 3
22 7
24
23 15
23 28
23 21
23 11
23 49
23 7
23 47
23 40
23 0
23 20
23 48
23 35
23 13
23 18
23 16
23 41
23 10
23 25
23 29
23 44
23 38
23 39
23 19
23 36
19
24 15
24 28
24 2
24 22
24 12
24 38
24 23
24 1
24 18
24 26
24 17
24 19
24 13
24 45
24 36
24 47
24 14
24 42
24 34
19
25 2
25 21
25 48
25 11
25 1
25 33
25 17
25 35
25 45
25 8
25 19
25 38
25 47
25 13
25 46
25 26
25 4
25 49
25 41
14
26 28
26 40
26 21
26 23
26 30
26 7
26 12
26 49
26 4
26 22
26 1
26 35
26 29
26 10
16
27 41
27 16
27 32
27 36
27 40
27 15
27 26
27 22
27 23
27 4
27 24
27 43
27 42
27 46
27 25
27 49
22
28 21
28 45
28 13
28 6
28 25
28 32
28 12
28 10
28 5
28 2
28 38
28 34
28 29
28 19
28 47
28 35
28 9
28 49
28 31
28 0
28 48
28 27
21
29 43
29 21
29 49
29 22
29 24
29 20
29 35
29 1
29 39
29 45
29 10
29 7
29 34
29 27
29 15
29 30
29 17
29 2
29 25
29 31
29 42
17
30 44
30 48
30 21
30 1
30 6
30 20
30 45
30 49
30 11
30 38
30 10
30 12
30 4
30 32
30 28
30 3
30 13
25
31 30
31 25
31 27
31 32
31 35
31 1
31 2
31 11
31 24
31 45
31 23
31 43
31 40
31 21
31 18
31 38
31 42
31 46
31 13
31 39
31 12
31 49
31 20
31 48
31 47
17
32 19
32 24
32 14
32 45
32 40
32 47
32 36
32 5
32 0
32 21
32 18
32 43
32 6
32 15
32 17
32 37
32 49
14
33 28
33 2
33 44
33 38
33 20
33 39
33 21
33 29
33 24
33 6
33 12
33 40
33 36
33 4
21
34 0
34 40
34 17
34 23
34 10
34 41
34 31
34 12
34 30
34 39
34 48
34 27
34 15
34 22
34 25
34 46
34 20
34 11
34 35
34 6
34 9
19
35 46
35 33
35 49
35 19
35 14
35 8
35 30
35 24
35 45
35 7
35 27
35 12
35 20
35 17
35 1
35 9
35 0
35 18
35 42
16
36 3
36 13
36 35
36 20
36 42
36 28
36 16
36 8
36 25
36 7
36 26
36 48
36 9
36 10
36 43
36 11
23
37 1
37 17
37 25
37 11
37 48
37 27
37 31
37 36
37 14
37 9
37 20
37 41
37 21
37 24
37 12
37 38
37 0
37 28
37 23
37 26
37 6
37 2
37 33
18
38 48
38 42
38 46
38 47
38 22
38 2
38 26
38 16
38 43
38 9
38 35
38 4
38 10
38 20
38 34
38 11
38 36
38 29
24
39 17
39 28
39 46
39 49
39 38
39 6
39 41
39 48
39 3
39 16
39 18
39 45
39 25
39 21
39 47
39 0
39 27
39 24
39 26
39 43
39 30
39 35
39 11
39 7
21
40 28
40 13
40 0
40 45
40 10
40 12
40 18
40 16
40 44
40 6
40 41
40 11
40 19
40 37
40 43
40 29
40 38
40 36
40 49
40 47
40 9
21
41 38
41 11
41 44
41 0
41 26
41 2
41 18
41 16
41 36
41 19
41 13
41 5
41 42
41 33
41 10
41 1
41 29
41 30
41 6
41 9
41 31
21
42 40
42 10
42 11
42 9
42 16
42 25
42 39
42 7
42 47
42 32
42 21
42 5
42 37
42 2
42 15
42 49
42 1
42 28
42 45
42 23
42 43
19
43 25
43 2
43 45
43 30
43 22
43 0
43 8
43 17
43 49
43 26
43 18
43 24
43 41
43 35
43 23
43 10
43 5
43 44
43 12
26
44 37
44 13
44 27
44 45
44 38
44 49
44 5
44 2
44 11
44 26
44 9
44 31
44 25
44 1
44 39
44 48
44 3
44 47
44 35
44 15
44 0
44 17
44 12
44 6
44 36
44 28
20
45 22
45 23
45 33
45 36
45 37
45 11
45 1
45 47
45 15
45 10
45 3
45 49
45 27
45 26
45 14
45 18
45 48
45 0
45 7
45 6
19
46 6
46 41
46 48
46 28
46 42
46 45
46 32
46 29
46 20
46 24
46 47
46 10
46 15
46 40
46 30
46 26
46 33
46 43
46 19
16
47 13
47 4
47 30
47 17
47 19
47 14
47 0
47 27
47 43
47 18
47 37
47 12
47 8
47 26
47 29
47 20
25
48 24
48 1
48 19
48 18
48 11
48 35
48 43
48 22
48 32
48 42
48 13
48 10
48 6
48 5
48 8
48 4
48 40
48 41
48 12
48 21
48 47
48 26
48 17
48 33
48 29
12
49 16
49 46
49 33
49 24
49 47
49 22
49 3
49 12
49 1
49 2
49 37
49 41
