50
0 "A18"
1 "A42"
2 "A12"
3 "A14"
4 "A49"
5 "A38"
6 "A21"
7 "A37"
8 "A20"
9 "A32"
10 "A24"
11 "A8"
12 "A5"
13 "A33"
14 "A16"
15 "A9"
16 "A46"
17 "A6"
18 "A4"
19 "A36"
20 "A39"
21 "A1"
22 "A41"
23 "A0"
24 "A30"
25 "A22"
26 "A44"
27 "A35"
28 "A31"
29 "A17"
30 "A15"
31 "A40"
32 "A48"
33 "A11"
34 "A26"
35 "A13"
36 "A10"
37 "A43"
38 "A47"
39 "A23"
40 "A28"
41 "A27"
42 "A19"
43 "A29"
44 "A3"
45 "A34"
46 "A2"
47 "A7"
48 "A25"
49 "A45"
18
0 30
0 44
0 21
0 38
0 33
0 39
0 10
0 35
0 7
0 40
0 18
0 14
0 32
0 31
0 20
0 16
0 47
0 28
18
1 12
1 36
1 22
1 34
1 43
1 14
1 33
1 7
1 11
1 5
1 45
1 24
1 49
1 40
1 41
1 13
1 8
1 4
24
2 41
2 42
2 10
2 3
2 31
2 47
2 27
2 46
2 1
2 28
2 5
2 36
2 35
2 38
2 4
2 26
2 30
2 0
2 17
2 32
2 37
2 6
2 44
2 33
20
3 1
3 6
3 34
3 29
3 26
3 18
3 19
3 46
3 4
3 5
3 45
3 24
3 41
3 12
3 27
3 43
3 0
3 47
3 10
3 13
16
4 15
4 44
4 6
4 12
4 21
4 25
4 28
4 20
4 18
4 49
4 41
4 43
4 32
4 33
4 36
4 37
14
5 22
5 23
5 11
5 14
5 47
5 13
5 25
5 43
5 20
5 49
5 18
5 46
5 24
5 31
15
6 45
6 25
6 0
6 8
6 23
6 38
6 35
6 26
6 22
6 7
6 36
6 12
6 1
6 5
6 34
20
7 9
7 8
7 5
7 47
7 3
7 44
7 24
7 2
7 16
7 20
7 42
7 22
7 18
7 15
7 29
7 28
7 17
7 19
7 30
7 27
17
8 37
8 3
8 18
8 38
8 10
8 36
8 22
8 2
8 19
8 20
8 0
8 34
8 28
8 9
8 21
8 29
8 49
25
9 12
9 42
9 40
9 31
9 3
9 36
9 1
9 23
9 47
9 16
9 39
9 24
9 30
9 28
9 4
9 18
9 2
9 26
9 32
9 38
9 17
9 22
9 20
9 48
9 35
20
10 20
10 18
10 4
10 23
10 29
10 48
10 47
10 9
10 24
10 6
10 45
10 41
10 7
10 35
10 17
10 31
10 25
10 44
10 37
10 16
16
11 19
11 45
11 14
11 13
11 49
11 10
11 9
11 3
11 27
11 23
11 39
11 24
11 31
11 34
11 7
11 8
17
12 2
12 30
12 44
12 46
12 33
12 25
12 0
12 36
12 5
12 15
12 11
12 7
12 31
12 39
12 41
12 8
12 18
18
13 40
13 35
13 29
13 18
13 17
13 24
13 32
13 9
13 26
13 10
13 48
13 4
13 27
13 21
13 46
13 20
13 49
13 0
23
14 49
14 2
14 16
14 27
14 35
14 39
14 25
14 6
14 3
14 31
14 30
14 21
14 42
14 10
14 48
14 40
14 32
14 36
14 4
14 20
14 24
14 44
14 13
28
15 30
15 13
15 24
15 14
15 38
15 34
15 29
15 20
15 9
15 18
15 46
15 11
15 36
15 48
15 6
15 10
15 2
15 45
15 37
15 5
15 28
15 21
15 17
15 3
15 26
15 49
15 1
15 22
18
16 25
16 26
16 4
16 41
16 42
16 5
16 30
16 40
16 43
16 2
16 31
16 3
16 29
16 13
16 49
16 35
16 44
16 32
18
17 20
17 46
17 22
17 29
17 3
17 25
17 23
17 45
17 35
17 14
17 40
17 26
17 38
17 5
17 1
17 8
17 6
17 44
17
18 36
18 25
18 46
18 11
18 14
18 33
18 19
18 17
18 44
18 28
18 26
18 20
18 48
18 2
18 38
18 6
18 42
24
19 12
19 47
19 36
19 4
19 32
19 9
19 28
19 23
19 0
19 40
19 2
19 21
19 13
19 10
19 39
19 17
19 46
19 45
19 6
19 34
19 43
19 31
19 38
19 14
17
20 48
20 41
20 38
20 39
20 49
20 11
20 35
20 24
20 1
20 2
20 19
20 29
20 43
20 34
20 37
20 12
20 32
28
21 49
21 45
21 33
21 48
21 27
21 20
21 24
21 40
21 18
21 10
21 29
21 28
21 31
21 37
21 3
21 11
21 9
21 36
21 30
21 41
21 12
21 39
21 26
21 43
21 17
21 23
21 5
21 22
19
22 39
22 27
22 34
22 14
22 23
22 4
22 11
22 18
22 49
22 2
22 19
22 37
22 12
22 43
22 41
22 0
22 40
22 24
22 30
22
23 26
23 37
23 28
23 1
23 43
23 40
23 2
23 25
23 30
23 41
23 45
23 46
23 33
23 29
23 14
23 24
23 42
23 3
23 34
23 38
23 15
23 13
16
24 40
24 29
24 37
24 19
24 38
24 18
24 49
24 12
24 27
24 35
24 41
24 43
24 45
24 39
24 16
24 0
23
25 3
25 11
25 27
25 47
25 30
25 46
25 29
25 1
25 32
25 20
25 21
25 24
25 28
25 19
25 7
25 13
25 8
25 26
25 35
25 37
25 43
25 9
25 2
19
26 10
26 31
26 24
26 12
26 40
26 19
26 47
26 7
26 4
26 46
26 44
26 38
26 49
26 48
26 11
26 28
26 1
26 8
26 22
19
27 18
27 8
27 10
27 46
27 42
27 5
27 17
27 37
27 30
27 19
27 16
27 15
27 12
27 20
27 36
27 43
27 1
27 4
27 29
14
28 6
28 16
28 5
28 40
28 10
28 39
28 34
28 22
28 27
28 17
28 11
28 13
28 30
28 29
19
29 44
29 4
29 30
29 45
29 36
29 1
29 48
29 38
29 2
29 43
29 9
29 47
29 34
29 6
29 18
29 14
29 5
29 41
29 22
19
30 31
30 11
30 44
30 5
30 8
30 6
30 4
30 26
30 3
30 18
30 33
30 36
30 19
30 38
30 13
30 34
30 24
30 42
30 10
16
31 17
31 36
31 23
31 24
31 25
31 8
31 15
31 40
31 4
31 32
31 13
31 29
31 27
31 28
31 20
31 6
19
32 18
32 41
32 24
32 39
32 7
32 42
32 17
32 22
32 26
32 10
32 30
32 12
32 27
32 1
32 29
32 3
32 15
32 8
32 38
23
33 40
33 35
33 9
33 32
33 13
33 31
33 19
33 15
33 46
33 5
33 11
33 6
33 36
33 16
33 25
33 37
33 10
33 14
33 17
33 49
33 26
33 42
33 24
16
34 35
34 32
34 49
34 4
34 12
34 0
34 27
34 44
34 21
34 5
34 16
34 47
34 13
34 10
34 43
34 39
18
35 3
35 11
35 27
35 44
35 5
35 31
35 26
35 49
35 21
35 30
35 22
35 45
35 29
35 12
35 1
35 8
35 23
35 15
15
36 48
36 32
36 17
36 16
36 22
36 37
36 23
36 0
36 25
36 24
36 11
36 3
36 46
36 44
36 13
19
37 3
37 18
37 35
37 14
37 32
37 0
37 44
37 6
37 31
37 5
37 12
37 7
37 28
37 26
37 29
37 41
37 13
37 49
37 40
21
38 44
38 36
38 5
38 1
38 21
38 43
38 16
38 4
38 7
38 31
38 37
38 41
38 10
38 28
38 35
38 3
38 22
38 13
38 34
38 27
38 14
19
39 43
39 18
39 10
39 27
39 30
39 33
39 1
39 17
39 23
39 49
39 4
39 31
39 13
39 38
39 16
39 36
39 29
39 2
39 8
18
40 10
40 4
40 27
40 32
40 12
40 39
40 44
40 36
40 6
40 8
40 46
40 3
40 18
40 45
40 15
40 5
40 7
40 34
21
41 48
41 8
41 0
41 6
41 31
41 11
41 44
41 25
41 30
41 26
41 19
41 27
41 42
41 39
41 36
41 28
41 17
41 33
41 13
41 40
41 14
24
42 21
42 38
42 26
42 11
42 15
42 29
42 40
42 35
42 37
42 8
42 19
42 17
42 6
42 20
42 39
42 36
42 0
42 24
42 22
42 31
42 3
42 25
42 12
42 5
22
43 33
43 35
43 12
43 18
43 37
43 15
43 30
43 14
43 10
43 26
43 31
43 40
43 6
43 8
43 36
43 17
43 42
43 41
43 48
43 49
43 32
43 0
21
44 8
44 46
44 6
44 23
44 45
44 22
44 24
44 1
44 32
44 28
44 11
44 15
44 19
44 3
44 39
44 25
44 20
44 31
44 33
44 49
44 48
23
45 41
45 43
45 39
45 13
45 5
45 37
45 12
45 48
45 26
45 4
45 9
45 14
45 33
45 31
45 18
45 47
45 42
45 22
45 2
45 32
45 0
45 20
45 7
15
46 38
46 8
46 45
46 4
46 32
46 37
46 14
46 43
46 49
46 24
46 34
46 7
46 42
46 11
46 21
26
47 36
47 38
47 35
47 13
47 22
47 1
47 40
47 37
47 27
47 6
47 42
47 39
47 31
47 28
47 17
47 14
47 32
47 24
47 43
47 23
47 16
47 48
47 4
47 12
47 44
47 8
21
48 32
48 2
48 8
48 35
48 28
48 39
48 42
48 5
48 37
48 46
48 23
48 38
48 3
48 7
48 40
48 1
48 25
48 24
48 6
48 0
48 30
22
49 27
49 23
49 29
49 45
49 2
49 41
49 9
49 18
49 6
49 32
49 25
49 7
49 31
49 19
49 36
49 10
49 17
49 3
49 38
49 0
49 40
49 28
