50
0 "A18"
1 "A42"
2 "A12"
3 "A14"
4 "A49"
5 "A38"
6 "A21"
7 "A37"
8 "A20"
9 "A32"
10 "A24"
11 "A8"
12 "A5"
13 "A33"
14 "A16"
15 "A9"
16 "A46"
17 "A6"
18 "A4"
19 "A36"
20 "A39"
21 "A1"
22 "A41"
23 "A0"
24 "A30"
25 "A22"
26 "A44"
27 "A35"
28 "A31"
29 "A17"
30 "A15"
31 "A40"
32 "A48"
33 "A11"
34 "A26"
35 "A13"
36 "A10"
37 "A43"
38 "A47"
39 "A23"
40 "A28"
41 "A27"
42 "A19"
43 "A29"
44 "A3"
45 "A34"
46 "A2"
47 "A7"
48 "A25"
49 "A45"
24
0 27
0 37
0 13
0 38
0 36
0 46
0 12
0 8
0 24
0 11
0 14
0 40
0 31
0 44
0 15
0 34
0 45
0 49
0 5
0 26
0 7
0 39
0 19
0 29
19
1 6
1 30
1 49
1 7
1 35
1 17
1 36
1 23
1 38
1 37
1 14
1 0
1 4
1 12
1 22
1 10
1 33
1 27
1 24
17
2 20
2 33
2 18
2 27
2 29
2 15
2 47
2 7
2 3
2 1
2 34
2 41
2 21
2 19
2 37
2 23
2 39
23
3 23
3 48
3 34
3 26
3 0
3 28
3 42
3 25
3 32
3 29
3 9
3 6
3 44
3 16
3 20
3 17
3 31
3 1
3 10
3 21
3 41
3 11
3 37
21
4 17
4 2
4 47
4 8
4 49
4 15
4 39
4 32
4 20
4 38
4 35
4 0
4 27
4 29
4 44
4 7
4 5
4 43
4 37
4 46
4 33
27
5 17
5 10
5 41
5 6
5 30
5 44
5 1
5 33
5 47
5 26
5 43
5 13
5 16
5 9
5 3
5 49
5 2
5 29
5 35
5 31
5 25
5 24
5 11
5 23
5 38
5 18
5 7
19
6 17
6 24
6 22
6 44
6 35
6 23
6 49
6 41
6 33
6 36
6 27
6 2
6 9
6 15
6 47
6 40
6 16
6 4
6 48
22
7 25
7 18
7 38
7 35
7 46
7 27
7 40
7 21
7 8
7 17
7 44
7 28
7 13
7 41
7 37
7 48
7 32
7 9
7 6
7 43
7 30
7 3
25
8 3
8 22
8 11
8 13
8 19
8 48
8 5
8 1
8 35
8 47
8 15
8 17
8 23
8 37
8 30
8 29
8 9
8 31
8 39
8 14
8 46
8 6
8 42
8 41
8 2
22
9 42
9 19
9 18
9 1
9 24
9 35
9 36
9 29
9 27
9 46
9 33
9 47
9 48
9 17
9 40
9 15
9 34
9 14
9 39
9 0
9 31
9 43
19
10 12
10 41
10 44
10 32
10 30
10 40
10 37
10 9
10 0
10 22
10 4
10 15
10 28
10 34
10 17
10 46
10 7
10 8
10 42
16
11 48
11 29
11 34
11 38
11 47
11 42
11 27
11 4
11 13
11 26
11 36
11 21
11 1
11 25
11 43
11 9
20
12 16
12 6
12 30
12 2
12 23
12 36
12 22
12 4
12 27
12 39
12 3
12 26
12 33
12 34
12 32
12 40
12 48
12 9
12 35
12 7
16
13 37
13 6
13 14
13 45
13 21
13 2
13 29
13 38
13 17
13 4
13 34
13 28
13 35
13 19
13 46
13 26
24
14 19
14 42
14 7
14 39
14 5
14 4
14 48
14 49
14 40
14 15
14 46
14 44
14 47
14 29
14 10
14 38
14 20
14 35
14 17
14 36
14 16
14 31
14 45
14 28
15
15 30
15 20
15 21
15 47
15 17
15 12
15 23
15 38
15 44
15 7
15 3
15 31
15 43
15 26
15 48
14
16 22
16 26
16 49
16 2
16 0
16 15
16 11
16 7
16 9
16 35
16 21
16 24
16 45
16 25
15
17 23
17 48
17 20
17 30
17 0
17 16
17 49
17 26
17 33
17 31
17 36
17 12
17 39
17 44
17 42
17
18 4
18 27
18 49
18 6
18 38
18 1
18 11
18 26
18 13
18 36
18 0
18 15
18 16
18 10
18 19
18 46
18 17
24
19 12
19 24
19 11
19 20
19 27
19 29
19 17
19 40
19 1
19 28
19 35
19 3
19 31
19 10
19 42
19 4
19 16
19 43
19 47
19 38
19 15
19 6
19 34
19 5
18
20 5
20 0
20 25
20 39
20 28
20 48
20 38
20 46
20 12
20 34
20 35
20 11
20 49
20 16
20 24
20 36
20 7
20 8
19
21 19
21 34
21 5
21 17
21 18
21 14
21 12
21 22
21 0
21 26
21 6
21 20
21 40
21 8
21 27
21 37
21 42
21 45
21 9
23
22 17
22 28
22 31
22 9
22 37
22 40
22 41
22 43
22 32
22 36
22 11
22 0
22 49
22 20
22 14
22 33
22 13
22 3
22 42
22 29
22 25
22 7
22 18
21
23 33
23 29
23 32
23 19
23 28
23 20
23 30
23 27
23 7
23 31
23 39
23 47
23 41
23 48
23 13
23 45
23 22
23 14
23 11
23 18
23 46
19
24 46
24 36
24 11
24 4
24 8
24 15
24 2
24 48
24 17
24 27
24 14
24 30
24 22
24 7
24 3
24 21
24 10
24 39
24 12
23
25 6
25 10
25 13
25 4
25 42
25 2
25 8
25 38
25 35
25 18
25 24
25 21
25 43
25 12
25 14
25 48
25 19
25 39
25 44
25 9
25 49
25 46
25 33
15
26 40
26 22
26 1
26 43
26 4
26 46
26 28
26 9
26 25
26 10
26 14
26 30
26 24
26 20
26 23
19
27 3
27 45
27 44
27 25
27 49
27 26
27 43
27 29
27 16
27 46
27 20
27 35
27 15
27 10
27 22
27 14
27 42
27 47
27 13
24
28 24
28 21
28 39
28 2
28 12
28 17
28 4
28 6
28 27
28 41
28 8
28 0
28 47
28 35
28 48
28 15
28 40
28 43
28 11
28 25
28 45
28 42
28 46
28 5
16
29 7
29 43
29 36
29 31
29 10
29 15
29 49
29 42
29 48
29 47
29 17
29 32
29 1
29 33
29 35
29 21
20
30 0
30 20
30 28
30 44
30 27
30 37
30 14
30 35
30 21
30 48
30 49
30 29
30 16
30 13
30 47
30 25
30 6
30 2
30 19
30 3
19
31 32
31 48
31 27
31 34
31 18
31 13
31 45
31 12
31 7
31 25
31 21
31 44
31 38
31 33
31 39
31 30
31 4
31 2
31 24
24
32 16
32 20
32 42
32 21
32 18
32 47
32 14
32 5
32 15
32 38
32 24
32 19
32 28
32 49
32 1
32 43
32 30
32 46
32 0
32 44
32 27
32 6
32 35
32 33
21
33 37
33 44
33 26
33 21
33 19
33 3
33 43
33 30
33 11
33 15
33 7
33 16
33 24
33 45
33 47
33 46
33 8
33 27
33 18
33 0
33 20
24
34 35
34 5
34 17
34 38
34 32
34 30
34 24
34 18
34 37
34 16
34 6
34 42
34 40
34 27
34 15
34 46
34 26
34 14
34 28
34 33
34 22
34 23
34 25
34 1
15
35 46
35 17
35 26
35 10
35 21
35 36
35 24
35 41
35 40
35 0
35 49
35 45
35 33
35 42
35 11
22
36 7
36 5
36 33
36 3
36 32
36 27
36 8
36 25
36 15
36 21
36 26
36 30
36 4
36 23
36 46
36 48
36 10
36 44
36 28
36 19
36 13
36 34
17
37 27
37 29
37 18
37 23
37 6
37 43
37 32
37 11
37 26
37 35
37 19
37 20
37 14
37 24
37 5
37 36
37 12
22
38 8
38 42
38 22
38 36
38 28
38 17
38 33
38 16
38 3
38 30
38 23
38 45
38 27
38 47
38 12
38 43
38 35
38 2
38 10
38 40
38 48
38 24
19
39 43
39 3
39 33
39 35
39 36
39 29
39 16
39 34
39 11
39 10
39 38
39 1
39 19
39 5
39 21
39 27
39 26
39 7
39 18
14
40 49
40 39
40 32
40 20
40 8
40 31
40 3
40 30
40 16
40 13
40 24
40 4
40 25
40 11
19
41 40
41 42
41 16
41 4
41 29
41 11
41 49
41 19
41 27
41 47
41 39
41 21
41 9
41 33
41 30
41 24
41 18
41 36
41 31
20
42 37
42 7
42 49
42 6
42 5
42 43
42 44
42 31
42 13
42 33
42 30
42 15
42 46
42 47
42 1
42 2
42 39
42 40
42 16
42 20
21
43 23
43 35
43 44
43 41
43 18
43 17
43 16
43 6
43 48
43 21
43 1
43 24
43 14
43 36
43 13
43 34
43 30
43 49
43 8
43 10
43 12
17
44 16
44 46
44 47
44 2
44 49
44 22
44 26
44 28
44 37
44 18
44 1
44 9
44 34
44 12
44 11
44 13
44 40
21
45 40
45 24
45 41
45 12
45 8
45 3
45 26
45 22
45 7
45 43
45 2
45 18
45 20
45 5
45 6
45 19
45 49
45 37
45 11
45 44
45 36
16
46 30
46 1
46 2
46 48
46 39
46 37
46 15
46 47
46 41
46 22
46 40
46 5
46 11
46 43
46 19
46 45
22
47 36
47 17
47 26
47 16
47 43
47 34
47 0
47 35
47 45
47 18
47 24
47 21
47 12
47 7
47 31
47 22
47 48
47 37
47 3
47 13
47 40
47 10
14
48 40
48 27
48 16
48 41
48 39
48 21
48 26
48 0
48 42
48 22
48 18
48 34
48 35
48 2
17
49 8
49 12
49 10
49 36
49 13
49 23
49 26
49 11
49 3
49 46
49 39
49 37
49 2
49 21
49 47
49 31
49 7
