50
0 "A18"
1 "A42"
2 "A12"
3 "A14"
4 "A49"
5 "A38"
6 "A21"
7 "A37"
8 "A20"
9 "A32"
10 "A24"
11 "A8"
12 "A5"
13 "A33"
14 "A16"
15 "A9"
16 "A46"
17 "A6"
18 "A4"
19 "A36"
20 "A39"
21 "A1"
22 "A41"
23 "A0"
24 "A30"
25 "A22"
26 "A44"
27 "A35"
28 "A31"
29 "A17"
30 "A15"
31 "A40"
32 "A48"
33 "A11"
34 "A26"
35 "A13"
36 "A10"
37 "A43"
38 "A47"
39 "A23"
40 "A28"
41 "A27"
42 "A19"
43 "A29"
44 "A3"
45 "A34"
46 "A2"
47 "A7"
48 "A25"
49 "A45"
17
0 6
0 9
0 31
0 10
0 26
0 33
0 40
0 21
0 7
0 45
0 8
0 46
0 28
0 36
0 32
0 43
0 19
25
1 15
1 35
1 11
1 47
1 14
1 21
1 0
1 24
1 31
1 34
1 6
1 37
1 3
1 9
1 4
1 40
1 48
1 12
1 38
1 30
1 26
1 16
1 41
1 22
1 23
21
2 49
2 13
2 42
2 0
2 15
2 25
2 1
2 11
2 38
2 33
2 21
2 26
2 43
2 3
2 19
2 46
2 17
2 6
2 36
2 27
2 8
22
3 18
3 10
3 32
3 11
3 19
3 25
3 45
3 42
3 14
3 12
3 29
3 4
3 0
3 5
3 38
3 35
3 21
3 6
3 47
3 8
3 13
3 41
22
4 49
4 42
4 19
4 39
4 5
4 23
4 2
4 47
4 24
4 18
4 7
4 29
4 0
4 31
4 41
4 33
4 21
4 34
4 32
4 25
4 20
4 15
22
5 31
5 10
5 22
5 43
5 23
5 8
5 35
5 9
5 32
5 39
5 49
5 11
5 30
5 27
5 12
5 26
5 34
5 0
5 19
5 2
5 41
5 16
15
6 5
6 21
6 4
6 33
6 23
6 24
6 45
6 7
6 29
6 8
6 26
6 10
6 35
6 16
6 43
20
7 24
7 22
7 28
7 19
7 30
7 44
7 39
7 42
7 26
7 8
7 5
7 14
7 23
7 41
7 1
7 3
7 2
7 9
7 46
7 21
15
8 10
8 18
8 42
8 39
8 21
8 46
8 11
8 22
8 26
8 32
8 38
8 37
8 16
8 33
8 30
15
9 32
9 18
9 39
9 31
9 8
9 24
9 43
9 10
9 41
9 48
9 17
9 49
9 26
9 27
9 25
18
10 32
10 46
10 4
10 23
10 27
10 2
10 19
10 11
10 37
10 47
10 34
10 13
10 49
10 40
10 24
10 31
10 22
10 38
21
11 34
11 14
11 15
11 7
11 13
11 19
11 27
11 33
11 32
11 16
11 38
11 6
11 49
11 37
11 17
11 39
11 26
11 4
11 20
11 28
11 0
21
12 21
12 18
12 48
12 28
12 7
12 29
12 15
12 10
12 17
12 36
12 20
12 13
12 0
12 40
12 34
12 32
12 47
12 38
12 14
12 19
12 43
23
13 20
13 15
13 0
13 8
13 29
13 25
13 45
13 33
13 47
13 4
13 30
13 19
13 41
13 27
13 38
13 17
13 40
13 16
13 6
13 48
13 31
13 24
13 26
20
14 37
14 21
14 5
14 36
14 41
14 9
14 15
14 31
14 6
14 4
14 45
14 2
14 29
14 0
14 13
14 40
14 18
14 49
14 16
14 35
21
15 16
15 31
15 32
15 8
15 30
15 38
15 46
15 9
15 44
15 5
15 48
15 28
15 34
15 27
15 36
15 0
15 22
15 17
15 37
15 39
15 10
21
16 26
16 18
16 21
16 0
16 32
16 36
16 37
16 45
16 46
16 49
16 25
16 9
16 39
16 43
16 42
16 33
16 22
16 2
16 31
16 4
16 47
22
17 33
17 36
17 32
17 31
17 37
17 0
17 16
17 3
17 47
17 45
17 1
17 23
17 22
17 44
17 46
17 27
17 21
17 7
17 29
17 39
17 30
17 35
21
18 38
18 35
18 0
18 31
18 1
18 26
18 32
18 41
18 10
18 49
18 45
18 44
18 48
18 20
18 19
18 40
18 29
18 7
18 13
18 46
18 39
17
19 43
19 45
19 35
19 15
19 14
19 8
19 1
19 16
19 31
19 30
19 21
19 20
19 40
19 17
19 28
19 26
19 6
23
20 6
20 16
20 3
20 29
20 1
20 44
20 25
20 7
20 17
20 49
20 9
20 45
20 2
20 0
20 8
20 31
20 37
20 22
20 26
20 39
20 32
20 46
20 43
14
21 35
21 20
21 18
21 30
21 11
21 43
21 40
21 42
21 46
21 9
21 10
21 37
21 47
21 15
20
22 47
22 4
22 3
22 35
22 13
22 34
22 21
22 43
22 12
22 9
22 45
22 11
22 23
22 38
22 44
22 26
22 46
22 18
22 2
22 27
20
23 12
23 3
23 9
23 34
23 27
23 30
23 40
23 16
23 14
23 19
23 49
23 2
23 32
23 46
23 33
23 13
23 21
23 8
23 0
23 38
19
24 14
24 2
24 3
24 42
24 19
24 17
24 5
24 15
24 23
24 20
24 47
24 12
24 18
24 16
24 25
24 43
24 22
24 8
24 41
18
25 11
25 22
25 48
25 49
25 12
25 44
25 0
25 1
25 21
25 10
25 17
25 19
25 23
25 18
25 7
25 14
25 34
25 8
19
26 28
26 4
26 44
26 29
26 42
26 21
26 45
26 40
26 14
26 38
26 43
26 24
26 15
26 3
26 31
26 25
26 34
26 23
26 17
22
27 28
27 18
27 35
27 26
27 8
27 25
27 3
27 16
27 21
27 42
27 20
27 24
27 46
27 14
27 41
27 12
27 7
27 49
27 0
27 45
27 47
27 48
22
28 16
28 20
28 5
28 42
28 21
28 14
28 35
28 47
28 1
28 3
28 24
28 8
28 30
28 6
28 39
28 22
28 37
28 2
28 38
28 4
28 25
28 29
20
29 41
29 27
29 32
29 42
29 15
29 11
29 1
29 37
29 5
29 23
29 22
29 35
29 30
29 2
29 40
29 21
29 10
29 19
29 24
29 31
20
30 0
30 46
30 16
30 36
30 4
30 2
30 44
30 18
30 11
30 10
30 14
30 39
30 9
30 12
30 45
30 25
30 35
30 22
30 33
30 42
15
31 12
31 7
31 25
31 27
31 40
31 46
31 6
31 30
31 47
31 44
31 2
31 22
31 33
31 24
31 38
18
32 7
32 13
32 44
32 43
32 1
32 42
32 46
32 49
32 26
32 24
32 25
32 21
32 28
32 22
32 30
32 6
32 36
32 45
18
33 49
33 41
33 20
33 15
33 22
33 34
33 48
33 28
33 18
33 5
33 44
33 10
33 45
33 36
33 19
33 46
33 35
33 14
20
34 18
34 40
34 27
34 31
34 9
34 3
34 39
34 45
34 13
34 14
34 19
34 0
34 20
34 35
34 30
34 24
34 29
34 32
34 7
34 41
19
35 47
35 8
35 40
35 12
35 4
35 0
35 31
35 15
35 16
35 36
35 2
35 25
35 11
35 41
35 46
35 43
35 10
35 9
35 24
23
36 45
36 21
36 48
36 3
36 20
36 5
36 8
36 23
36 26
36 19
36 13
36 39
36 42
36 4
36 34
36 41
36 7
36 47
36 31
36 11
36 24
36 46
36 27
20
37 32
37 4
37 36
37 48
37 9
37 43
37 0
37 46
37 35
37 40
37 25
37 33
37 12
37 49
37 26
37 18
37 31
37 3
37 42
37 24
12
38 5
38 46
38 45
38 30
38 20
38 14
38 24
38 6
38 0
38 32
38 7
38 21
24
39 38
39 32
39 22
39 27
39 43
39 2
39 21
39 25
39 41
39 19
39 31
39 42
39 1
39 0
39 35
39 3
39 37
39 10
39 23
39 14
39 40
39 48
39 47
39 46
20
40 27
40 24
40 5
40 9
40 3
40 15
40 7
40 30
40 32
40 36
40 4
40 38
40 17
40 25
40 28
40 45
40 44
40 22
40 49
40 11
23
41 20
41 12
41 8
41 28
41 30
41 25
41 21
41 44
41 10
41 26
41 0
41 46
41 32
41 37
41 23
41 6
41 48
41 19
41 49
41 40
41 22
41 16
41 11
24
42 0
42 41
42 44
42 34
42 20
42 33
42 12
42 5
42 31
42 22
42 25
42 14
42 19
42 10
42 15
42 13
42 11
42 35
42 38
42 17
42 9
42 43
42 40
42 6
19
43 49
43 4
43 23
43 30
43 29
43 10
43 17
43 3
43 7
43 28
43 11
43 14
43 46
43 41
43 48
43 40
43 25
43 34
43 31
18
44 23
44 9
44 24
44 38
44 3
44 47
44 8
44 14
44 6
44 13
44 29
44 1
44 46
44 4
44 19
44 12
44 39
44 11
20
45 31
45 11
45 7
45 15
45 43
45 28
45 47
45 21
45 24
45 1
45 2
45 9
45 23
45 42
45 8
45 29
45 37
45 44
45 35
45 10
15
46 48
46 34
46 25
46 9
46 26
46 5
46 24
46 6
46 45
46 19
46 28
46 40
46 42
46 13
46 14
21
47 7
47 40
47 20
47 41
47 23
47 46
47 18
47 0
47 37
47 25
47 11
47 5
47 49
47 15
47 29
47 42
47 6
47 9
47 33
47 38
47 2
17
48 2
48 14
48 20
48 3
48 40
48 35
48 24
48 44
48 4
48 38
48 26
48 29
48 8
48 42
48 31
48 23
48 34
18
49 28
49 44
49 38
49 48
49 39
49 36
49 19
49 45
49 6
49 12
49 7
49 21
49 46
49 22
49 24
49 29
49 17
49 35
