50
0 "A18"
1 "A42"
2 "A12"
3 "A14"
4 "A49"
5 "A38"
6 "A21"
7 "A37"
8 "A20"
9 "A32"
10 "A24"
11 "A8"
12 "A5"
13 "A33"
14 "A16"
15 "A9"
16 "A46"
17 "A6"
18 "A4"
19 "A36"
20 "A39"
21 "A1"
22 "A41"
23 "A0"
24 "A30"
25 "A22"
26 "A44"
27 "A35"
28 "A31"
29 "A17"
30 "A15"
31 "A40"
32 "A48"
33 "A11"
34 "A26"
35 "A13"
36 "A10"
37 "A43"
38 "A47"
39 "A23"
40 "A28"
41 "A27"
42 "A19"
43 "A29"
44 "A3"
45 "A34"
46 "A2"
47 "A7"
48 "A25"
49 "A45"
22
0 31
0 41
0 38
0 48
0 44
0 10
0 19
0 46
0 35
0 3
0 27
0 5
0 18
0 17
0 16
0 25
0 9
0 29
0 28
0 22
0 49
0 20
22
1 21
1 35
1 3
1 7
1 25
1 18
1 14
1 9
1 43
1 15
1 46
1 44
1 23
1 8
1 5
1 37
1 49
1 20
1 34
1 13
1 4
1 2
22
2 36
2 0
2 21
2 5
2 10
2 22
2 13
2 48
2 11
2 44
2 26
2 28
2 47
2 34
2 30
2 3
2 33
2 19
2 49
2 15
2 25
2 40
17
3 48
3 35
3 38
3 14
3 10
3 20
3 26
3 34
3 21
3 44
3 16
3 23
3 9
3 6
3 22
3 7
3 5
23
4 40
4 39
4 47
4 3
4 46
4 25
4 22
4 34
4 45
4 2
4 29
4 23
4 13
4 28
4 48
4 44
4 27
4 0
4 33
4 24
4 31
4 20
4 11
20
5 17
5 8
5 10
5 24
5 9
5 26
5 44
5 7
5 16
5 32
5 39
5 14
5 31
5 47
5 40
5 49
5 28
5 37
5 23
5 12
20
6 38
6 29
6 43
6 12
6 40
6 49
6 24
6 2
6 9
6 37
6 20
6 27
6 33
6 22
6 16
6 0
6 4
6 32
6 47
6 5
17
7 10
7 30
7 17
7 24
7 2
7 35
7 36
7 4
7 8
7 39
7 38
7 34
7 15
7 42
7 48
7 6
7 0
16
8 45
8 6
8 10
8 30
8 13
8 37
8 33
8 41
8 3
8 26
8 28
8 20
8 2
8 9
8 14
8 22
15
9 41
9 35
9 13
9 27
9 12
9 16
9 31
9 4
9 2
9 26
9 45
9 19
9 10
9 49
9 46
18
10 16
10 41
10 28
10 33
10 27
10 40
10 4
10 14
10 42
10 45
10 47
10 19
10 29
10 24
10 15
10 6
10 32
10 34
17
11 39
11 41
11 47
11 7
11 38
11 19
11 40
11 26
11 32
11 1
11 0
11 6
11 8
11 46
11 25
11 18
11 33
19
12 48
12 38
12 37
12 42
12 43
12 8
12 21
12 7
12 10
12 28
12 44
12 32
12 25
12 18
12 36
12 31
12 14
12 4
12 13
19
13 27
13 37
13 35
13 39
13 32
13 6
13 47
13 34
13 7
13 48
13 3
13 30
13 5
13 25
13 36
13 21
13 17
13 45
13 0
17
14 15
14 36
14 27
14 38
14 32
14 0
14 19
14 9
14 44
14 23
14 28
14 26
14 43
14 30
14 24
14 20
14 6
12
15 44
15 16
15 13
15 36
15 9
15 21
15 8
15 38
15 47
15 33
15 20
15 41
19
16 24
16 37
16 13
16 44
16 19
16 4
16 7
16 48
16 41
16 28
16 32
16 35
16 18
16 11
16 40
16 1
16 46
16 36
16 47
21
17 29
17 49
17 14
17 35
17 10
17 36
17 28
17 43
17 9
17 3
17 4
17 32
17 38
17 12
17 40
17 48
17 27
17 1
17 6
17 11
17 37
14
18 2
18 20
18 4
18 44
18 36
18 19
18 47
18 3
18 45
18 5
18 10
18 23
18 15
18 14
19
19 25
19 32
19 23
19 42
19 44
19 33
19 7
19 43
19 12
19 8
19 39
19 49
19 37
19 29
19 21
19 4
19 13
19 6
19 30
16
20 45
20 17
20 21
20 7
20 29
20 46
20 26
20 48
20 9
20 28
20 37
20 12
20 19
20 5
20 47
20 33
19
21 23
21 40
21 22
21 14
21 11
21 0
21 16
21 32
21 28
21 48
21 7
21 30
21 4
21 9
21 10
21 47
21 6
21 36
21 35
18
22 20
22 47
22 17
22 10
22 33
22 16
22 30
22 36
22 9
22 18
22 26
22 29
22 11
22 5
22 28
22 49
22 45
22 7
20
23 9
23 27
23 48
23 36
23 2
23 28
23 43
23 45
23 10
23 12
23 24
23 16
23 11
23 32
23 41
23 8
23 49
23 13
23 17
23 26
24
24 42
24 15
24 26
24 22
24 20
24 9
24 41
24 3
24 21
24 33
24 1
24 12
24 27
24 40
24 2
24 44
24 47
24 18
24 37
24 17
24 11
24 8
24 43
24 13
17
25 6
25 18
25 10
25 42
25 33
25 3
25 23
25 45
25 22
25 8
25 21
25 49
25 35
25 26
25 7
25 28
25 37
14
26 41
26 33
26 4
26 18
26 19
26 27
26 43
26 17
26 13
26 15
26 48
26 16
26 40
26 44
18
27 36
27 12
27 5
27 2
27 3
27 33
27 18
27 8
27 19
27 25
27 7
27 22
27 28
27 41
27 15
27 16
27 35
27 37
16
28 6
28 38
28 24
28 33
28 3
28 31
28 26
28 1
28 36
28 42
28 15
28 47
28 19
28 11
28 13
28 7
23
29 5
29 45
29 39
29 9
29 16
29 8
29 48
29 21
29 11
29 12
29 15
29 26
29 41
29 3
29 18
29 14
29 42
29 2
29 46
29 43
29 13
29 40
29 25
26
30 17
30 24
30 44
30 3
30 15
30 42
30 27
30 5
30 28
30 32
30 41
30 29
30 48
30 11
30 33
30 1
30 0
30 25
30 9
30 49
30 16
30 47
30 20
30 18
30 23
30 45
28
31 41
31 34
31 21
31 25
31 7
31 26
31 13
31 18
31 39
31 15
31 16
31 10
31 49
31 14
31 30
31 27
31 6
31 36
31 23
31 37
31 1
31 40
31 20
31 46
31 29
31 17
31 24
31 22
19
32 28
32 22
32 40
32 41
32 35
32 25
32 26
32 3
32 4
32 47
32 15
32 7
32 27
32 34
32 1
32 9
32 8
32 0
32 18
17
33 14
33 37
33 36
33 0
33 43
33 17
33 5
33 49
33 34
33 44
33 32
33 21
33 13
33 18
33 23
33 29
33 1
18
34 46
34 25
34 6
34 26
34 22
34 11
34 45
34 12
34 41
34 16
34 47
34 27
34 20
34 15
34 24
34 28
34 17
34 0
21
35 26
35 33
35 6
35 30
35 45
35 20
35 46
35 5
35 43
35 28
35 29
35 4
35 24
35 39
35 41
35 12
35 8
35 15
35 23
35 31
35 14
20
36 6
36 24
36 0
36 47
36 25
36 43
36 5
36 34
36 1
36 49
36 45
36 26
36 19
36 37
36 10
36 30
36 11
36 39
36 3
36 29
19
37 9
37 14
37 15
37 42
37 34
37 30
37 32
37 40
37 39
37 10
37 7
37 11
37 49
37 22
37 26
37 28
37 18
37 48
37 2
21
38 1
38 16
38 23
38 10
38 39
38 37
38 13
38 26
38 49
38 31
38 8
38 46
38 43
38 21
38 5
38 22
38 27
38 34
38 24
38 33
38 36
26
39 32
39 30
39 0
39 17
39 40
39 21
39 12
39 20
39 48
39 10
39 27
39 24
39 33
39 3
39 15
39 2
39 25
39 26
39 1
39 28
39 16
39 43
39 44
39 22
39 6
39 9
22
40 35
40 27
40 44
40 36
40 14
40 19
40 38
40 20
40 8
40 22
40 3
40 45
40 33
40 41
40 42
40 15
40 28
40 9
40 30
40 23
40 0
40 18
18
41 14
41 44
41 20
41 25
41 47
41 1
41 12
41 4
41 19
41 5
41 18
41 17
41 13
41 39
41 37
41 36
41 22
41 28
25
42 39
42 22
42 11
42 13
42 36
42 5
42 16
42 2
42 3
42 9
42 21
42 8
42 20
42 33
42 17
42 41
42 27
42 15
42 35
42 4
42 32
42 34
42 0
42 38
42 14
20
43 16
43 4
43 44
43 41
43 9
43 28
43 47
43 10
43 31
43 34
43 5
43 15
43 21
43 8
43 30
43 20
43 13
43 37
43 27
43 42
19
44 6
44 42
44 9
44 25
44 21
44 22
44 27
44 45
44 29
44 8
44 7
44 37
44 49
44 34
44 10
44 20
44 17
44 38
44 31
21
45 15
45 0
45 43
45 27
45 39
45 31
45 24
45 12
45 47
45 41
45 6
45 42
45 1
45 7
45 28
45 33
45 19
45 14
45 5
45 32
45 46
28
46 42
46 5
46 2
46 22
46 37
46 48
46 13
46 36
46 32
46 12
46 28
46 19
46 8
46 7
46 41
46 30
46 40
46 18
46 44
46 14
46 23
46 27
46 10
46 39
46 17
46 43
46 3
46 26
18
47 14
47 3
47 49
47 26
47 31
47 12
47 0
47 23
47 9
47 8
47 17
47 44
47 38
47 1
47 27
47 37
47 7
47 39
24
48 22
48 9
48 6
48 18
48 5
48 1
48 33
48 32
48 40
48 27
48 28
48 8
48 43
48 36
48 11
48 14
48 47
48 31
48 38
48 45
48 24
48 15
48 41
48 34
16
49 41
49 13
49 28
49 29
49 4
49 18
49 3
49 16
49 35
49 32
49 14
49 12
49 7
49 45
49 24
49 10
