50
0 "A18"
1 "A42"
2 "A12"
3 "A14"
4 "A49"
5 "A38"
6 "A21"
7 "A37"
8 "A20"
9 "A32"
10 "A24"
11 "A8"
12 "A5"
13 "A33"
14 "A16"
15 "A9"
16 "A46"
17 "A6"
18 "A4"
19 "A36"
20 "A39"
21 "A1"
22 "A41"
23 "A0"
24 "A30"
25 "A22"
26 "A44"
27 "A35"
28 "A31"
29 "A17"
30 "A15"
31 "A40"
32 "A48"
33 "A11"
34 "A26"
35 "A13"
36 "A10"
37 "A43"
38 "A47"
39 "A23"
40 "A28"
41 "A27"
42 "A19"
43 "A29"
44 "A3"
45 "A34"
46 "A2"
47 "A7"
48 "A25"
49 "A45"
17
0 11
0 15
0 5
0 39
0 47
0 17
0 45
0 21
0 38
0 13
0 4
0 36
0 8
0 20
0 40
0 44
0 9
16
1 34
1 11
1 12
1 14
1 23
1 4
1 17
1 5
1 49
1 20
1 37
1 10
1 48
1 24
1 16
1 6
19
2 12
2 15
2 26
2 23
2 17
2 35
2 47
2 16
2 49
2 46
2 0
2 30
2 45
2 19
2 10
2 20
2 18
2 43
2 28
22
3 40
3 6
3 14
3 13
3 12
3 31
3 38
3 8
3 36
3 28
3 44
3 32
3 34
3 25
3 37
3 26
3 43
3 42
3 23
3 30
3 0
3 9
24
4 20
4 17
4 22
4 44
4 5
4 31
4 18
4 37
4 19
4 29
4 40
4 32
4 35
4 27
4 15
4 43
4 24
4 10
4 16
4 39
4 45
4 26
4 28
4 33
24
5 20
5 26
5 22
5 25
5 19
5 31
5 37
5 8
5 48
5 6
5 28
5 40
5 2
5 11
5 9
5 45
5 47
5 12
5 43
5 32
5 27
5 23
5 35
5 36
23
6 40
6 47
6 2
6 42
6 7
6 13
6 4
6 9
6 37
6 29
6 19
6 20
6 45
6 36
6 23
6 27
6 21
6 38
6 28
6 43
6 46
6 18
6 14
20
7 43
7 42
7 9
7 41
7 47
7 5
7 12
7 16
7 25
7 23
7 8
7 32
7 39
7 29
7 10
7 24
7 1
7 4
7 27
7 37
17
8 25
8 12
8 28
8 35
8 9
8 27
8 1
8 22
8 33
8 49
8 6
8 48
8 43
8 41
8 46
8 21
8 4
17
9 15
9 39
9 2
9 4
9 28
9 27
9 47
9 18
9 21
9 45
9 36
9 30
9 49
9 42
9 23
9 46
9 29
20
10 8
10 40
10 38
10 39
10 27
10 9
10 46
10 44
10 34
10 49
10 13
10 35
10 42
10 19
10 45
10 3
10 30
10 5
10 6
10 22
20
11 27
11 39
11 22
11 40
11 21
11 30
11 32
11 28
11 4
11 2
11 26
11 37
11 19
11 10
11 44
11 15
11 18
11 49
11 35
11 8
18
12 9
12 26
12 35
12 38
12 37
12 4
12 11
12 39
12 42
12 0
12 27
12 31
12 46
12 47
12 22
12 19
12 10
12 45
26
13 21
13 30
13 41
13 9
13 48
13 1
13 42
13 4
13 8
13 38
13 31
13 49
13 39
13 35
13 26
13 7
13 14
13 5
13 37
13 22
13 45
13 23
13 12
13 2
13 46
13 47
23
14 7
14 26
14 36
14 31
14 30
14 40
14 12
14 37
14 0
14 24
14 45
14 19
14 9
14 10
14 27
14 18
14 16
14 46
14 35
14 44
14 2
14 5
14 11
24
15 26
15 22
15 16
15 20
15 35
15 28
15 12
15 1
15 17
15 13
15 24
15 8
15 36
15 3
15 38
15 23
15 33
15 6
15 25
15 21
15 34
15 45
15 46
15 30
21
16 11
16 35
16 26
16 47
16 38
16 29
16 0
16 30
16 6
16 48
16 20
16 12
16 39
16 24
16 37
16 8
16 13
16 34
16 18
16 3
16 32
21
17 11
17 45
17 18
17 25
17 13
17 31
17 12
17 40
17 3
17 35
17 16
17 34
17 32
17 9
17 49
17 38
17 33
17 47
17 8
17 37
17 43
15
18 23
18 8
18 10
18 12
18 1
18 46
18 0
18 15
18 5
18 41
18 20
18 44
18 28
18 7
18 33
24
19 46
19 13
19 15
19 24
19 9
19 3
19 38
19 32
19 27
19 28
19 21
19 20
19 17
19 34
19 25
19 37
19 0
19 39
19 31
19 8
19 40
19 33
19 16
19 29
15
20 45
20 8
20 17
20 40
20 39
20 13
20 41
20 28
20 37
20 9
20 10
20 29
20 38
20 30
20 34
24
21 38
21 26
21 46
21 14
21 36
21 5
21 22
21 4
21 18
21 49
21 1
21 29
21 30
21 44
21 20
21 12
21 2
21 48
21 7
21 41
21 16
21 3
21 28
21 23
18
22 24
22 6
22 2
22 36
22 45
22 9
22 19
22 7
22 32
22 25
22 26
22 16
22 18
22 20
22 49
22 0
22 43
22 29
16
23 41
23 17
23 30
23 20
23 31
23 40
23 33
23 19
23 37
23 28
23 43
23 29
23 10
23 25
23 27
23 4
22
24 41
24 20
24 23
24 48
24 11
24 8
24 2
24 3
24 0
24 31
24 39
24 40
24 43
24 12
24 30
24 21
24 42
24 6
24 46
24 18
24 45
24 27
22
25 10
25 30
25 39
25 49
25 16
25 27
25 48
25 6
25 4
25 38
25 46
25 36
25 14
25 29
25 32
25 11
25 26
25 35
25 40
25 24
25 2
25 45
22
26 20
26 41
26 23
26 0
26 33
26 29
26 6
26 18
26 38
26 8
26 27
26 1
26 47
26 19
26 35
26 17
26 9
26 40
26 36
26 44
26 7
26 34
14
27 33
27 13
27 34
27 35
27 47
27 0
27 48
27 21
27 20
27 17
27 43
27 16
27 3
27 42
17
28 31
28 16
28 39
28 36
28 48
28 43
28 33
28 32
28 24
28 47
28 13
28 0
28 10
28 25
28 14
28 1
28 22
19
29 36
29 42
29 13
29 27
29 14
29 47
29 43
29 0
29 46
29 31
29 48
29 15
29 5
29 30
29 18
29 38
29 45
29 8
29 41
21
30 12
30 27
30 26
30 33
30 0
30 37
30 34
30 46
30 47
30 32
30 49
30 4
30 5
30 48
30 38
30 17
30 22
30 28
30 6
30 45
30 7
26
31 45
31 42
31 26
31 30
31 37
31 22
31 18
31 7
31 6
31 48
31 10
31 49
31 2
31 8
31 47
31 36
31 1
31 25
31 16
31 11
31 9
31 43
31 27
31 21
31 41
31 38
21
32 48
32 18
32 24
32 2
32 23
32 1
32 31
32 39
32 45
32 26
32 38
32 41
32 35
32 44
32 14
32 10
32 13
32 12
32 0
32 42
32 6
27
33 7
33 0
33 40
33 16
33 1
33 38
33 9
33 35
33 36
33 29
33 24
33 43
33 10
33 47
33 49
33 42
33 13
33 31
33 5
33 39
33 14
33 22
33 41
33 21
33 44
33 12
33 2
19
34 23
34 25
34 8
34 28
34 6
34 37
34 4
34 47
34 44
34 40
34 11
34 14
34 13
34 22
34 2
34 38
34 31
34 35
34 5
17
35 3
35 39
35 9
35 19
35 38
35 46
35 29
35 20
35 21
35 0
35 28
35 7
35 6
35 48
35 31
35 37
35 22
17
36 32
36 23
36 18
36 35
36 27
36 30
36 2
36 20
36 17
36 7
36 12
36 47
36 1
36 42
36 11
36 10
36 34
14
37 24
37 18
37 49
37 25
37 28
37 45
37 29
37 33
37 41
37 40
37 46
37 10
37 47
37 22
16
38 14
38 7
38 44
38 43
38 2
38 27
38 8
38 24
38 23
38 39
38 46
38 37
38 22
38 36
38 4
38 45
13
39 30
39 26
39 22
39 42
39 14
39 36
39 6
39 27
39 46
39 23
39 41
39 17
39 3
18
40 48
40 29
40 22
40 12
40 45
40 13
40 16
40 9
40 1
40 41
40 38
40 15
40 7
40 31
40 43
40 2
40 30
40 39
19
41 2
41 10
41 28
41 22
41 30
41 4
41 5
41 0
41 19
41 42
41 6
41 34
41 15
41 25
41 49
41 14
41 38
41 35
41 3
21
42 25
42 16
42 14
42 17
42 15
42 23
42 2
42 40
42 28
42 26
42 11
42 46
42 38
42 48
42 5
42 43
42 1
42 34
42 30
42 35
42 18
21
43 15
43 48
43 45
43 41
43 39
43 14
43 16
43 46
43 35
43 25
43 26
43 20
43 49
43 18
43 0
43 30
43 36
43 19
43 13
43 9
43 12
22
44 19
44 24
44 25
44 29
44 8
44 42
44 46
44 20
44 41
44 23
44 12
44 9
44 13
44 17
44 48
44 37
44 30
44 2
44 49
44 15
44 27
44 28
13
45 26
45 28
45 41
45 19
45 23
45 3
45 44
45 42
45 48
45 35
45 27
45 11
45 33
15
46 20
46 28
46 17
46 40
46 23
46 34
46 5
46 11
46 31
46 27
46 7
46 3
46 32
46 41
46 26
21
47 19
47 1
47 40
47 45
47 14
47 21
47 18
47 24
47 48
47 20
47 42
47 22
47 3
47 38
47 35
47 44
47 23
47 10
47 11
47 15
47 43
19
48 12
48 2
48 22
48 34
48 41
48 9
48 15
48 0
48 49
48 20
48 33
48 46
48 14
48 37
48 10
48 39
48 3
48 36
48 4
20
49 35
49 3
49 20
49 32
49 40
49 14
49 26
49 12
49 16
49 39
49 7
49 38
49 23
49 47
49 34
49 4
49 29
49 15
49 36
49 5
