50
0 "A18"
1 "A42"
2 "A12"
3 "A14"
4 "A49"
5 "A38"
6 "A21"
7 "A37"
8 "A20"
9 "A32"
10 "A24"
11 "A8"
12 "A5"
13 "A33"
14 "A16"
15 "A9"
16 "A46"
17 "A6"
18 "A4"
19 "A36"
20 "A39"
21 "A1"
22 "A41"
23 "A0"
24 "A30"
25 "A22"
26 "A44"
27 "A35"
28 "A31"
29 "A17"
30 "A15"
31 "A40"
32 "A48"
33 "A11"
34 "A26"
35 "A13"
36 "A10"
37 "A43"
38 "A47"
39 "A23"
40 "A28"
41 "A27"
42 "A19"
43 "A29"
44 "A3"
45 "A34"
46 "A2"
47 "A7"
48 "A25"
49 "A45"
27
0 6
0 39
0 30
0 36
0 1
0 18
0 42
0 31
0 43
0 12
0 38
0 41
0 35
0 24
0 19
0 26
0 32
0 9
0 37
0 17
0 49
0 2
0 25
0 8
0 47
0 7
0 46
14
1 20
1 17
1 11
1 39
1 12
1 23
1 34
1 3
1 32
1 46
1 5
1 49
1 22
1 42
20
2 41
2 29
2 49
2 18
2 6
2 34
2 19
2 42
2 8
2 9
2 25
2 26
2 12
2 46
2 4
2 28
2 22
2 36
2 7
2 38
18
3 7
3 8
3 9
3 2
3 46
3 12
3 24
3 49
3 5
3 47
3 30
3 43
3 45
3 21
3 33
3 44
3 16
3 17
20
4 5
4 22
4 3
4 45
4 14
4 37
4 42
4 12
4 1
4 46
4 24
4 35
4 49
4 31
4 11
4 23
4 48
4 10
4 38
4 27
18
5 32
5 44
5 10
5 27
5 46
5 21
5 35
5 19
5 8
5 20
5 16
5 26
5 15
5 30
5 0
5 45
5 22
5 31
18
6 19
6 3
6 15
6 17
6 16
6 28
6 46
6 41
6 10
6 38
6 40
6 27
6 45
6 8
6 39
6 4
6 44
6 5
17
7 49
7 35
7 38
7 20
7 42
7 19
7 45
7 23
7 6
7 22
7 24
7 15
7 41
7 21
7 8
7 10
7 43
16
8 47
8 24
8 1
8 15
8 11
8 23
8 43
8 27
8 9
8 4
8 33
8 35
8 10
8 34
8 45
8 44
21
9 10
9 16
9 28
9 27
9 48
9 15
9 37
9 35
9 42
9 1
9 18
9 29
9 49
9 24
9 19
9 44
9 46
9 4
9 6
9 39
9 12
16
10 15
10 20
10 36
10 44
10 16
10 19
10 35
10 24
10 13
10 34
10 18
10 47
10 11
10 38
10 32
10 49
19
11 6
11 46
11 2
11 23
11 49
11 19
11 43
11 20
11 32
11 5
11 9
11 3
11 44
11 16
11 40
11 7
11 18
11 33
11 24
22
12 40
12 8
12 11
12 42
12 28
12 21
12 34
12 49
12 46
12 22
12 7
12 26
12 23
12 10
12 35
12 5
12 24
12 38
12 44
12 16
12 39
12 6
22
13 48
13 29
13 35
13 49
13 8
13 22
13 5
13 46
13 31
13 0
13 45
13 24
13 2
13 41
13 6
13 11
13 43
13 20
13 12
13 33
13 47
13 4
21
14 1
14 9
14 16
14 15
14 19
14 39
14 10
14 25
14 40
14 11
14 8
14 45
14 26
14 46
14 3
14 5
14 7
14 35
14 2
14 0
14 6
22
15 47
15 33
15 39
15 24
15 31
15 3
15 16
15 49
15 27
15 29
15 0
15 40
15 2
15 23
15 38
15 4
15 42
15 17
15 44
15 37
15 18
15 34
21
16 33
16 30
16 8
16 44
16 1
16 7
16 25
16 18
16 26
16 28
16 19
16 49
16 2
16 0
16 27
16 39
16 29
16 38
16 32
16 45
16 20
24
17 25
17 42
17 21
17 8
17 47
17 38
17 39
17 9
17 14
17 44
17 23
17 2
17 12
17 10
17 11
17 29
17 16
17 18
17 20
17 48
17 26
17 22
17 13
17 7
22
18 47
18 39
18 32
18 1
18 6
18 14
18 48
18 8
18 33
18 5
18 12
18 23
18 24
18 30
18 43
18 45
18 4
18 20
18 34
18 29
18 44
18 7
15
19 12
19 4
19 27
19 15
19 8
19 35
19 25
19 33
19 17
19 42
19 28
19 31
19 44
19 46
19 18
23
20 21
20 42
20 48
20 27
20 14
20 3
20 40
20 4
20 41
20 37
20 34
20 31
20 43
20 32
20 6
20 45
20 2
20 26
20 47
20 22
20 9
20 19
20 15
19
21 8
21 49
21 35
21 13
21 14
21 4
21 1
21 23
21 27
21 16
21 0
21 48
21 40
21 46
21 11
21 42
21 19
21 18
21 6
22
22 18
22 10
22 25
22 3
22 0
22 21
22 19
22 37
22 49
22 14
22 43
22 46
22 11
22 28
22 39
22 47
22 6
22 24
22 38
22 16
22 41
22 29
14
23 28
23 2
23 14
23 44
23 32
23 22
23 20
23 36
23 33
23 45
23 9
23 3
23 6
23 19
14
24 32
24 17
24 36
24 23
24 47
24 5
24 16
24 45
24 19
24 26
24 25
24 48
24 20
24 34
21
25 47
25 34
25 15
25 32
25 20
25 37
25 4
25 21
25 46
25 40
25 8
25 41
25 23
25 27
25 7
25 6
25 11
25 18
25 12
25 43
25 1
22
26 10
26 9
26 33
26 35
26 13
26 15
26 22
26 40
26 3
26 48
26 47
26 44
26 34
26 19
26 6
26 7
26 39
26 18
26 1
26 38
26 23
26 11
18
27 10
27 44
27 7
27 49
27 26
27 31
27 13
27 18
27 28
27 47
27 35
27 22
27 14
27 2
27 3
27 0
27 24
27 41
23
28 8
28 1
28 14
28 45
28 31
28 36
28 17
28 20
28 26
28 10
28 24
28 13
28 30
28 7
28 44
28 49
28 41
28 37
28 3
28 11
28 42
28 47
28 40
17
29 5
29 19
29 48
29 12
29 4
29 24
29 1
29 6
29 26
29 47
29 21
29 25
29 11
29 33
29 45
29 31
29 32
27
30 45
30 20
30 12
30 43
30 2
30 17
30 9
30 7
30 27
30 8
30 15
30 10
30 48
30 25
30 34
30 21
30 46
30 22
30 11
30 44
30 37
30 47
30 49
30 1
30 19
30 39
30 26
16
31 48
31 30
31 37
31 43
31 7
31 11
31 38
31 9
31 21
31 24
31 6
31 26
31 23
31 17
31 46
31 25
15
32 27
32 28
32 17
32 2
32 13
32 31
32 40
32 34
32 7
32 9
32 4
32 12
32 15
32 35
32 43
22
33 14
33 30
33 21
33 22
33 12
33 20
33 25
33 40
33 17
33 28
33 49
33 34
33 37
33 31
33 44
33 32
33 36
33 0
33 7
33 24
33 4
33 2
16
34 23
34 28
34 0
34 46
34 16
34 19
34 3
34 38
34 35
34 13
34 17
34 29
34 21
34 41
34 9
34 11
18
35 43
35 20
35 33
35 39
35 29
35 38
35 45
35 28
35 17
35 11
35 36
35 49
35 6
35 15
35 22
35 37
35 24
35 18
25
36 7
36 32
36 46
36 34
36 27
36 26
36 31
36 9
36 43
36 18
36 49
36 11
36 21
36 13
36 30
36 8
36 42
36 5
36 41
36 12
36 39
36 19
36 48
36 20
36 14
21
37 5
37 27
37 26
37 40
37 24
37 29
37 36
37 32
37 2
37 19
37 16
37 12
37 17
37 13
37 7
37 14
37 1
37 10
37 43
37 18
37 42
22
38 25
38 27
38 9
38 40
38 28
38 11
38 19
38 45
38 5
38 20
38 24
38 41
38 36
38 30
38 8
38 47
38 21
38 3
38 29
38 32
38 23
38 49
18
39 32
39 37
39 4
39 43
39 23
39 7
39 5
39 11
39 24
39 19
39 33
39 47
39 29
39 10
39 38
39 8
39 28
39 34
22
40 0
40 3
40 24
40 5
40 29
40 13
40 49
40 34
40 4
40 44
40 10
40 35
40 8
40 47
40 22
40 23
40 16
40 36
40 1
40 42
40 7
40 19
22
41 3
41 46
41 26
41 39
41 31
41 24
41 29
41 11
41 42
41 30
41 21
41 23
41 17
41 10
41 4
41 8
41 12
41 9
41 49
41 16
41 32
41 18
20
42 29
42 5
42 22
42 31
42 46
42 18
42 25
42 47
42 32
42 35
42 14
42 13
42 34
42 6
42 38
42 33
42 48
42 23
42 10
42 49
16
43 6
43 47
43 28
43 34
43 19
43 14
43 15
43 48
43 27
43 26
43 49
43 16
43 21
43 24
43 17
43 23
22
44 20
44 21
44 45
44 42
44 7
44 47
44 4
44 37
44 35
44 29
44 41
44 25
44 24
44 0
44 22
44 38
44 13
44 46
44 32
44 14
44 39
44 36
19
45 10
45 27
45 26
45 12
45 21
45 32
45 1
45 36
45 31
45 11
45 2
45 42
45 43
45 41
45 34
45 15
45 49
45 33
45 39
18
46 8
46 28
46 27
46 33
46 38
46 23
46 7
46 29
46 47
46 43
46 39
46 15
46 10
46 37
46 17
46 35
46 16
46 20
17
47 7
47 33
47 31
47 6
47 41
47 49
47 23
47 4
47 1
47 32
47 21
47 45
47 36
47 14
47 37
47 2
47 19
25
48 12
48 44
48 11
48 22
48 14
48 25
48 8
48 41
48 19
48 1
48 46
48 0
48 39
48 5
48 38
48 34
48 33
48 28
48 23
48 32
48 40
48 3
48 37
48 47
48 35
13
49 32
49 20
49 24
49 34
49 37
49 8
49 26
49 19
49 6
49 17
49 5
49 31
49 39
