50
0 "A38"
1 "A24"
2 "A43"
3 "A14"
4 "A19"
5 "A18"
6 "A2"
7 "A45"
8 "A42"
9 "A11"
10 "A9"
11 "A35"
12 "A31"
13 "A20"
14 "A7"
15 "A39"
16 "A0"
17 "A12"
18 "A46"
19 "A8"
20 "A36"
21 "A40"
22 "A10"
23 "A5"
24 "A34"
25 "A41"
26 "A16"
27 "A27"
28 "A28"
29 "A21"
30 "A6"
31 "A48"
32 "A47"
33 "A37"
34 "A29"
35 "A22"
36 "A3"
37 "A44"
38 "A23"
39 "A32"
40 "A1"
41 "A17"
42 "A33"
43 "A30"
44 "A13"
45 "A15"
46 "A49"
47 "A4"
48 "A25"
49 "A26"
20
0 44
0 15
0 25
0 43
0 39
0 14
0 21
0 1
0 42
0 29
0 32
0 41
0 9
0 30
0 13
0 4
0 8
0 36
0 28
0 35
23
1 22
1 36
1 20
1 46
1 27
1 13
1 16
1 4
1 24
1 29
1 28
1 2
1 10
1 21
1 25
1 35
1 14
1 49
1 43
1 48
1 19
1 8
1 47
19
2 18
2 43
2 44
2 36
2 34
2 0
2 45
2 37
2 30
2 23
2 13
2 10
2 3
2 47
2 32
2 12
2 40
2 24
2 31
23
3 7
3 5
3 18
3 10
3 30
3 19
3 46
3 0
3 33
3 28
3 31
3 23
3 41
3 44
3 11
3 17
3 8
3 20
3 21
3 12
3 24
3 29
3 14
22
4 9
4 47
4 22
4 49
4 40
4 37
4 5
4 44
4 45
4 28
4 16
4 14
4 36
4 41
4 24
4 26
4 39
4 20
4 17
4 19
4 31
4 32
21
5 1
5 22
5 41
5 37
5 25
5 32
5 40
5 42
5 18
5 47
5 20
5 13
5 11
5 6
5 17
5 28
5 35
5 9
5 27
5 30
5 12
26
6 18
6 42
6 12
6 7
6 1
6 13
6 3
6 4
6 22
6 15
6 37
6 10
6 35
6 46
6 0
6 33
6 2
6 30
6 48
6 25
6 14
6 41
6 43
6 26
6 34
6 47
24
7 45
7 4
7 47
7 29
7 0
7 23
7 46
7 2
7 21
7 40
7 1
7 5
7 42
7 49
7 34
7 37
7 9
7 18
7 35
7 25
7 8
7 48
7 24
7 19
20
8 34
8 5
8 45
8 43
8 46
8 48
8 33
8 31
8 26
8 44
8 14
8 23
8 38
8 17
8 24
8 15
8 37
8 2
8 47
8 9
13
9 35
9 23
9 40
9 38
9 34
9 11
9 33
9 27
9 45
9 3
9 47
9 17
9 36
20
10 30
10 16
10 34
10 37
10 32
10 5
10 11
10 28
10 9
10 8
10 7
10 38
10 36
10 45
10 26
10 44
10 20
10 25
10 0
10 39
22
11 36
11 0
11 12
11 13
11 30
11 28
11 40
11 32
11 48
11 20
11 47
11 27
11 6
11 33
11 38
11 44
11 23
11 45
11 49
11 46
11 18
11 21
18
12 29
12 42
12 49
12 43
12 40
12 18
12 9
12 27
12 14
12 46
12 17
12 1
12 35
12 25
12 34
12 0
12 7
12 41
17
13 33
13 32
13 17
13 45
13 35
13 31
13 21
13 14
13 41
13 39
13 27
13 49
13 10
13 43
13 38
13 40
13 9
20
14 5
14 10
14 21
14 37
14 30
14 11
14 17
14 18
14 34
14 48
14 44
14 26
14 28
14 22
14 25
14 47
14 49
14 31
14 35
14 9
20
15 2
15 40
15 38
15 30
15 43
15 12
15 25
15 46
15 20
15 7
15 1
15 4
15 31
15 3
15 9
15 22
15 44
15 34
15 39
15 42
22
16 28
16 27
16 2
16 8
16 23
16 21
16 22
16 46
16 12
16 5
16 26
16 31
16 11
16 38
16 24
16 42
16 0
16 37
16 14
16 32
16 6
16 48
17
17 43
17 46
17 7
17 0
17 39
17 16
17 36
17 27
17 28
17 32
17 15
17 41
17 37
17 47
17 24
17 42
17 38
27
18 4
18 23
18 9
18 38
18 0
18 27
18 10
18 30
18 26
18 13
18 19
18 47
18 48
18 16
18 24
18 46
18 43
18 20
18 42
18 49
18 1
18 32
18 17
18 15
18 41
18 28
18 35
21
19 2
19 14
19 33
19 45
19 39
19 34
19 13
19 44
19 26
19 35
19 23
19 8
19 9
19 11
19 17
19 20
19 6
19 21
19 25
19 29
19 0
21
20 0
20 36
20 47
20 30
20 39
20 13
20 17
20 21
20 16
20 8
20 7
20 6
20 44
20 43
20 48
20 28
20 14
20 32
20 23
20 9
20 2
22
21 33
21 15
21 4
21 32
21 46
21 8
21 39
21 27
21 25
21 6
21 18
21 34
21 42
21 31
21 38
21 12
21 29
21 23
21 2
21 30
21 9
21 41
17
22 24
22 19
22 17
22 12
22 29
22 42
22 33
22 21
22 8
22 48
22 41
22 35
22 9
22 39
22 18
22 7
22 2
18
23 48
23 10
23 17
23 31
23 5
23 46
23 1
23 15
23 25
23 27
23 12
23 6
23 49
23 32
23 33
23 39
23 22
23 14
17
24 19
24 47
24 37
24 34
24 44
24 21
24 9
24 14
24 31
24 6
24 5
24 10
24 13
24 0
24 32
24 25
24 40
15
25 22
25 47
25 8
25 32
25 18
25 9
25 2
25 28
25 17
25 30
25 4
25 39
25 34
25 16
25 42
22
26 3
26 1
26 21
26 47
26 49
26 40
26 28
26 24
26 36
26 38
26 43
26 25
26 39
26 22
26 11
26 48
26 9
26 2
26 29
26 13
26 20
26 15
18
27 24
27 39
27 20
27 4
27 7
27 30
27 15
27 26
27 6
27 8
27 41
27 48
27 25
27 22
27 10
27 14
27 19
27 36
21
28 23
28 8
28 6
28 44
28 38
28 30
28 36
28 12
28 24
28 13
28 19
28 7
28 29
28 40
28 49
28 32
28 41
28 47
28 48
28 15
28 45
22
29 38
29 36
29 2
29 27
29 9
29 23
29 49
29 44
29 18
29 24
29 5
29 20
29 14
29 17
29 33
29 31
29 10
29 8
29 32
29 6
29 13
29 35
15
30 26
30 40
30 24
30 33
30 23
30 37
30 1
30 45
30 41
30 22
30 12
30 35
30 7
30 29
30 17
17
31 46
31 20
31 10
31 32
31 42
31 35
31 26
31 0
31 25
31 36
31 12
31 7
31 17
31 22
31 30
31 19
31 9
13
32 14
32 48
32 3
32 12
32 47
32 41
32 1
32 15
32 43
32 6
32 34
32 26
32 35
18
33 0
33 28
33 27
33 12
33 25
33 16
33 20
33 10
33 5
33 15
33 43
33 31
33 18
33 2
33 36
33 7
33 1
33 14
24
34 39
34 41
34 13
34 30
34 37
34 49
34 33
34 5
34 1
34 11
34 42
34 36
34 28
34 17
34 18
34 0
34 35
34 29
34 43
34 45
34 3
34 40
34 47
34 16
16
35 42
35 16
35 8
35 33
35 27
35 28
35 49
35 25
35 17
35 10
35 23
35 4
35 2
35 15
35 26
35 11
11
36 32
36 39
36 16
36 12
36 25
36 43
36 49
36 14
36 19
36 35
36 23
23
37 25
37 26
37 40
37 32
37 43
37 18
37 27
37 31
37 36
37 9
37 19
37 22
37 3
37 44
37 15
37 0
37 12
37 29
37 49
37 23
37 21
37 20
37 42
23
38 27
38 25
38 40
38 31
38 45
38 12
38 44
38 41
38 22
38 33
38 3
38 4
38 19
38 30
38 35
38 32
38 37
38 20
38 24
38 6
38 23
38 14
38 2
15
39 3
39 18
39 28
39 38
39 24
39 33
39 14
39 47
39 12
39 9
39 16
39 6
39 29
39 7
39 31
24
40 45
40 22
40 17
40 27
40 16
40 10
40 6
40 0
40 32
40 20
40 44
40 29
40 8
40 35
40 31
40 23
40 21
40 25
40 39
40 33
40 42
40 36
40 3
40 19
22
41 15
41 26
41 45
41 23
41 39
41 16
41 47
41 1
41 46
41 20
41 2
41 40
41 8
41 29
41 31
41 7
41 14
41 48
41 11
41 9
41 25
41 33
19
42 43
42 8
42 36
42 29
42 30
42 33
42 3
42 39
42 24
42 14
42 49
42 38
42 27
42 11
42 46
42 41
42 10
42 20
42 9
20
43 4
43 10
43 9
43 46
43 11
43 24
43 29
43 44
43 27
43 48
43 28
43 23
43 7
43 40
43 22
43 25
43 14
43 5
43 35
43 41
17
44 22
44 33
44 5
44 30
44 47
44 6
44 49
44 17
44 32
44 41
44 7
44 25
44 35
44 18
44 31
44 36
44 9
22
45 44
45 12
45 37
45 17
45 33
45 31
45 15
45 29
45 16
45 23
45 6
45 27
45 42
45 21
45 3
45 26
45 5
45 43
45 1
45 0
45 39
45 47
22
46 36
46 27
46 39
46 35
46 44
46 45
46 10
46 30
46 40
46 32
46 33
46 49
46 29
46 38
46 28
46 2
46 24
46 20
46 0
46 4
46 37
46 14
20
47 27
47 16
47 13
47 37
47 40
47 12
47 38
47 19
47 42
47 29
47 23
47 3
47 22
47 0
47 10
47 33
47 36
47 31
47 35
47 30
19
48 46
48 3
48 10
48 30
48 39
48 31
48 17
48 47
48 29
48 37
48 34
48 42
48 4
48 24
48 0
48 36
48 25
48 40
48 13
12
49 2
49 41
49 24
49 33
49 19
49 47
49 45
49 0
49 21
49 9
49 10
49 43
