50
0 "A14"
1 "A42"
2 "A45"
3 "A48"
4 "A1"
5 "A5"
6 "A21"
7 "A24"
8 "A43"
9 "A0"
10 "A17"
11 "A31"
12 "A3"
13 "A8"
14 "A38"
15 "A40"
16 "A47"
17 "A22"
18 "A19"
19 "A23"
20 "A32"
21 "A27"
22 "A39"
23 "A9"
24 "A12"
25 "A13"
26 "A41"
27 "A25"
28 "A28"
29 "A49"
30 "A16"
31 "A46"
32 "A7"
33 "A35"
34 "A33"
35 "A18"
36 "A34"
37 "A20"
38 "A30"
39 "A37"
40 "A26"
41 "A11"
42 "A44"
43 "A36"
44 "A2"
45 "A4"
46 "A6"
47 "A29"
48 "A10"
49 "A15"
23
0 40
0 35
0 29
0 34
0 3
0 4
0 2
0 7
0 25
0 41
0 1
0 6
0 39
0 24
0 19
0 48
0 36
0 12
0 20
0 22
0 21
0 5
0 15
21
1 18
1 49
1 16
1 36
1 8
1 9
1 23
1 35
1 5
1 29
1 48
1 44
1 14
1 2
1 32
1 34
1 13
1 45
1 28
1 37
1 27
23
2 42
2 22
2 24
2 20
2 27
2 18
2 40
2 12
2 23
2 6
2 41
2 30
2 26
2 13
2 7
2 11
2 46
2 10
2 15
2 33
2 38
2 17
2 47
18
3 2
3 14
3 31
3 34
3 19
3 29
3 39
3 33
3 13
3 18
3 15
3 30
3 1
3 9
3 43
3 44
3 47
3 21
22
4 6
4 49
4 35
4 22
4 1
4 37
4 32
4 31
4 40
4 14
4 39
4 44
4 34
4 2
4 3
4 20
4 27
4 41
4 8
4 30
4 18
4 19
20
5 44
5 47
5 35
5 17
5 11
5 43
5 3
5 4
5 23
5 41
5 40
5 12
5 10
5 32
5 26
5 7
5 25
5 46
5 37
5 15
20
6 11
6 38
6 36
6 22
6 19
6 15
6 48
6 33
6 16
6 28
6 3
6 46
6 40
6 13
6 25
6 17
6 47
6 5
6 1
6 45
20
7 31
7 22
7 41
7 28
7 42
7 25
7 48
7 18
7 23
7 11
7 36
7 38
7 29
7 21
7 19
7 43
7 26
7 6
7 24
7 1
18
8 20
8 12
8 3
8 39
8 5
8 48
8 2
8 25
8 13
8 22
8 0
8 27
8 14
8 26
8 6
8 33
8 24
8 16
18
9 36
9 43
9 22
9 0
9 37
9 5
9 30
9 49
9 4
9 13
9 45
9 21
9 6
9 17
9 47
9 24
9 39
9 25
24
10 8
10 37
10 34
10 3
10 22
10 11
10 27
10 4
10 42
10 30
10 7
10 23
10 29
10 48
10 17
10 14
10 25
10 1
10 32
10 44
10 47
10 13
10 16
10 36
26
11 46
11 29
11 26
11 34
11 3
11 1
11 39
11 42
11 0
11 28
11 12
11 37
11 9
11 24
11 41
11 49
11 23
11 4
11 45
11 43
11 40
11 18
11 30
11 22
11 36
11 21
27
12 9
12 4
12 43
12 16
12 7
12 19
12 44
12 37
12 23
12 28
12 18
12 42
12 48
12 6
12 36
12 3
12 30
12 33
12 25
12 39
12 13
12 1
12 34
12 47
12 10
12 45
12 49
20
13 35
13 46
13 38
13 5
13 34
13 45
13 20
13 0
13 16
13 7
13 39
13 41
13 30
13 23
13 17
13 31
13 47
13 43
13 40
13 4
20
14 40
14 44
14 31
14 35
14 13
14 7
14 42
14 16
14 20
14 38
14 29
14 2
14 34
14 26
14 0
14 5
14 32
14 6
14 22
14 18
14
15 34
15 13
15 23
15 21
15 19
15 8
15 20
15 22
15 46
15 25
15 28
15 29
15 48
15 39
22
16 48
16 40
16 9
16 23
16 46
16 18
16 17
16 47
16 3
16 33
16 5
16 30
16 44
16 11
16 2
16 36
16 34
16 22
16 35
16 7
16 39
16 15
21
17 7
17 24
17 27
17 41
17 35
17 39
17 45
17 20
17 30
17 11
17 1
17 46
17 23
17 4
17 12
17 32
17 14
17 15
17 26
17 0
17 8
21
18 17
18 0
18 29
18 20
18 9
18 39
18 15
18 46
18 25
18 19
18 35
18 48
18 8
18 10
18 33
18 24
18 27
18 26
18 36
18 32
18 5
19
19 14
19 45
19 38
19 44
19 36
19 46
19 9
19 13
19 41
19 47
19 29
19 34
19 26
19 2
19 11
19 16
19 28
19 39
19 49
21
20 27
20 3
20 10
20 29
20 1
20 22
20 23
20 49
20 32
20 16
20 26
20 28
20 6
20 7
20 37
20 19
20 48
20 24
20 44
20 30
20 39
15
21 27
21 23
21 30
21 47
21 46
21 48
21 49
21 39
21 5
21 17
21 2
21 4
21 41
21 38
21 42
20
22 1
22 33
22 38
22 26
22 18
22 44
22 39
22 47
22 25
22 13
22 3
22 23
22 34
22 17
22 19
22 5
22 45
22 30
22 21
22 12
18
23 3
23 8
23 37
23 36
23 49
23 24
23 19
23 34
23 32
23 45
23 18
23 40
23 6
23 0
23 31
23 35
23 4
23 43
15
24 14
24 22
24 49
24 13
24 47
24 25
24 35
24 19
24 28
24 39
24 44
24 6
24 5
24 32
24 34
18
25 16
25 20
25 17
25 1
25 2
25 4
25 31
25 33
25 40
25 21
25 41
25 26
25 34
25 14
25 47
25 35
25 19
25 28
16
26 9
26 21
26 46
26 42
26 47
26 29
26 10
26 13
26 28
26 43
26 4
26 44
26 34
26 40
26 38
26 1
24
27 11
27 48
27 25
27 13
27 26
27 39
27 15
27 43
27 30
27 45
27 16
27 33
27 0
27 19
27 34
27 35
27 28
27 5
27 31
27 3
27 12
27 22
27 36
27 23
14
28 14
28 30
28 10
28 35
28 0
28 2
28 46
28 5
28 47
28 16
28 36
28 42
28 37
28 32
19
29 2
29 34
29 16
29 33
29 48
29 6
29 12
29 24
29 38
29 5
29 44
29 21
29 41
29 23
29 43
29 28
29 22
29 30
29 49
17
30 24
30 15
30 1
30 39
30 41
30 8
30 5
30 18
30 34
30 33
30 25
30 23
30 26
30 32
30 14
30 0
30 47
24
31 24
31 48
31 45
31 26
31 33
31 15
31 35
31 9
31 16
31 0
31 32
31 40
31 41
31 39
31 37
31 19
31 11
31 18
31 34
31 47
31 12
31 17
31 5
31 10
18
32 11
32 19
32 9
32 0
32 6
32 40
32 46
32 21
32 15
32 27
32 3
32 16
32 36
32 44
32 26
32 38
32 39
32 29
15
33 21
33 49
33 13
33 28
33 0
33 14
33 37
33 45
33 1
33 7
33 34
33 40
33 43
33 24
33 32
17
34 9
34 37
34 39
34 7
34 38
34 45
34 2
34 21
34 5
34 36
34 18
34 43
34 44
34 6
34 47
34 28
34 49
18
35 10
35 34
35 12
35 6
35 47
35 11
35 29
35 42
35 46
35 7
35 20
35 3
35 40
35 32
35 15
35 37
35 8
35 2
26
36 20
36 8
36 13
36 17
36 45
36 43
36 35
36 49
36 2
36 39
36 14
36 21
36 26
36 40
36 22
36 25
36 31
36 30
36 38
36 4
36 33
36 3
36 41
36 46
36 15
36 29
19
37 2
37 21
37 39
37 38
37 15
37 29
37 6
37 30
37 22
37 25
37 14
37 44
37 13
37 27
37 32
37 16
37 42
37 47
37 18
20
38 33
38 20
38 8
38 10
38 49
38 27
38 41
38 35
38 18
38 28
38 16
38 15
38 9
38 25
38 5
38 3
38 23
38 30
38 31
38 4
15
39 23
39 29
39 40
39 2
39 45
39 47
39 5
39 28
39 10
39 42
39 6
39 46
39 14
39 7
39 33
15
40 38
40 29
40 43
40 30
40 1
40 15
40 19
40 27
40 20
40 49
40 28
40 7
40 17
40 42
40 24
20
41 47
41 33
41 6
41 39
41 35
41 37
41 15
41 49
41 16
41 9
41 34
41 22
41 8
41 26
41 28
41 42
41 44
41 10
41 40
41 18
25
42 5
42 44
42 8
42 13
42 33
42 36
42 23
42 29
42 30
42 9
42 22
42 17
42 18
42 27
42 0
42 43
42 46
42 34
42 3
42 25
42 16
42 15
42 19
42 32
42 4
19
43 0
43 4
43 20
43 32
43 38
43 31
43 19
43 6
43 41
43 46
43 14
43 37
43 28
43 8
43 15
43 18
43 2
43 30
43 22
21
44 46
44 33
44 15
44 23
44 28
44 2
44 35
44 18
44 49
44 30
44 13
44 38
44 9
44 17
44 47
44 25
44 8
44 27
44 11
44 7
44 43
20
45 42
45 8
45 2
45 24
45 26
45 28
45 48
45 0
45 41
45 38
45 35
45 29
45 49
45 10
45 15
45 47
45 14
45 30
45 4
45 3
21
46 48
46 38
46 7
46 40
46 34
46 29
46 8
46 9
46 22
46 10
46 33
46 3
46 49
46 20
46 4
46 0
46 27
46 30
46 31
46 45
46 23
14
47 17
47 42
47 11
47 0
47 14
47 33
47 43
47 20
47 18
47 8
47 48
47 1
47 36
47 38
22
48 4
48 43
48 39
48 36
48 25
48 49
48 32
48 24
48 14
48 11
48 34
48 23
48 42
48 41
48 5
48 44
48 26
48 38
48 2
48 17
48 30
48 13
17
49 37
49 10
49 35
49 17
49 26
49 27
49 6
49 15
49 32
49 31
49 18
49 22
49 30
49 14
49 16
49 43
49 47
