50
0 "A14"
1 "A42"
2 "A45"
3 "A48"
4 "A1"
5 "A5"
6 "A21"
7 "A24"
8 "A43"
9 "A0"
10 "A17"
11 "A31"
12 "A3"
13 "A8"
14 "A38"
15 "A40"
16 "A47"
17 "A22"
18 "A19"
19 "A23"
20 "A32"
21 "A27"
22 "A39"
23 "A9"
24 "A12"
25 "A13"
26 "A41"
27 "A25"
28 "A28"
29 "A49"
30 "A16"
31 "A46"
32 "A7"
33 "A35"
34 "A33"
35 "A18"
36 "A34"
37 "A20"
38 "A30"
39 "A37"
40 "A26"
41 "A11"
42 "A44"
43 "A36"
44 "A2"
45 "A4"
46 "A6"
47 "A29"
48 "A10"
49 "A15"
21
0 33
0 5
0 46
0 10
0 11
0 7
0 36
0 12
0 26
0 34
0 2
0 16
0 21
0 4
0 41
0 6
0 22
0 43
0 45
0 44
0 27
16
1 9
1 38
1 10
1 33
1 28
1 12
1 36
1 43
1 47
1 17
1 23
1 11
1 6
1 5
1 39
1 0
17
2 8
2 10
2 4
2 30
2 14
2 29
2 1
2 34
2 26
2 43
2 38
2 48
2 7
2 22
2 33
2 41
2 18
15
3 29
3 23
3 27
3 19
3 26
3 13
3 35
3 10
3 11
3 20
3 48
3 8
3 41
3 12
3 7
19
4 1
4 46
4 5
4 18
4 26
4 3
4 28
4 25
4 35
4 24
4 12
4 7
4 48
4 38
4 30
4 11
4 37
4 10
4 9
26
5 36
5 33
5 2
5 34
5 28
5 30
5 48
5 17
5 29
5 37
5 42
5 11
5 6
5 32
5 10
5 16
5 27
5 19
5 40
5 31
5 25
5 15
5 3
5 41
5 22
5 44
23
6 21
6 20
6 35
6 45
6 16
6 38
6 26
6 19
6 23
6 18
6 29
6 3
6 24
6 22
6 2
6 33
6 13
6 10
6 37
6 47
6 9
6 36
6 40
18
7 41
7 12
7 30
7 20
7 5
7 1
7 49
7 6
7 27
7 32
7 16
7 37
7 25
7 47
7 23
7 38
7 46
7 15
23
8 14
8 7
8 5
8 35
8 1
8 29
8 48
8 15
8 9
8 43
8 33
8 49
8 4
8 25
8 41
8 26
8 45
8 34
8 0
8 37
8 27
8 28
8 40
21
9 43
9 14
9 41
9 2
9 0
9 24
9 26
9 28
9 20
9 32
9 47
9 31
9 25
9 38
9 30
9 13
9 29
9 48
9 15
9 7
9 5
19
10 33
10 19
10 16
10 35
10 21
10 48
10 42
10 15
10 20
10 17
10 11
10 8
10 32
10 28
10 13
10 36
10 27
10 46
10 22
20
11 8
11 29
11 49
11 39
11 22
11 28
11 47
11 20
11 37
11 25
11 9
11 16
11 34
11 24
11 17
11 7
11 12
11 18
11 38
11 15
27
12 24
12 19
12 5
12 30
12 49
12 25
12 28
12 40
12 17
12 32
12 43
12 48
12 47
12 16
12 35
12 9
12 20
12 37
12 38
12 14
12 39
12 6
12 23
12 22
12 21
12 10
12 8
22
13 18
13 38
13 40
13 32
13 2
13 36
13 12
13 16
13 8
13 34
13 27
13 37
13 4
13 48
13 7
13 35
13 29
13 26
13 1
13 21
13 41
13 31
24
14 40
14 38
14 33
14 10
14 35
14 32
14 18
14 37
14 44
14 15
14 17
14 1
14 47
14 28
14 43
14 34
14 13
14 0
14 20
14 26
14 4
14 23
14 49
14 46
21
15 6
15 38
15 12
15 46
15 29
15 30
15 3
15 49
15 1
15 41
15 0
15 48
15 24
15 32
15 45
15 13
15 2
15 23
15 4
15 42
15 39
20
16 48
16 46
16 20
16 2
16 33
16 27
16 4
16 1
16 45
16 42
16 36
16 28
16 41
16 8
16 37
16 40
16 30
16 9
16 34
16 18
17
17 3
17 18
17 38
17 41
17 19
17 0
17 45
17 27
17 35
17 23
17 16
17 6
17 33
17 4
17 46
17 2
17 37
13
18 38
18 35
18 0
18 41
18 21
18 10
18 12
18 9
18 22
18 3
18 15
18 40
18 32
22
19 36
19 15
19 47
19 18
19 34
19 44
19 38
19 48
19 2
19 40
19 49
19 9
19 27
19 4
19 7
19 46
19 16
19 42
19 13
19 23
19 11
19 8
18
20 47
20 45
20 0
20 35
20 1
20 30
20 23
20 43
20 18
20 17
20 15
20 13
20 2
20 21
20 4
20 25
20 37
20 5
18
21 5
21 37
21 9
21 16
21 3
21 42
21 24
21 45
21 34
21 11
21 48
21 23
21 15
21 27
21 22
21 26
21 33
21 29
25
22 36
22 8
22 27
22 19
22 35
22 1
22 9
22 43
22 47
22 7
22 17
22 24
22 20
22 23
22 46
22 28
22 4
22 3
22 30
22 44
22 42
22 40
22 32
22 14
22 33
18
23 48
23 44
23 8
23 2
23 18
23 43
23 35
23 41
23 24
23 9
23 42
23 28
23 47
23 4
23 34
23 31
23 10
23 0
20
24 3
24 14
24 8
24 2
24 5
24 16
24 36
24 25
24 1
24 10
24 13
24 45
24 48
24 17
24 33
24 0
24 41
24 44
24 43
24 30
18
25 16
25 0
25 13
25 48
25 18
25 35
25 28
25 6
25 36
25 32
25 47
25 41
25 21
25 34
25 15
25 26
25 44
25 31
15
26 17
26 41
26 20
26 23
26 19
26 47
26 15
26 22
26 10
26 7
26 46
26 44
26 12
26 18
26 38
13
27 2
27 18
27 9
27 43
27 20
27 1
27 42
27 34
27 6
27 44
27 47
27 12
27 33
14
28 35
28 26
28 45
28 19
28 44
28 20
28 48
28 18
28 7
28 38
28 42
28 6
28 2
28 49
23
29 48
29 7
29 40
29 14
29 38
29 18
29 17
29 36
29 31
29 33
29 28
29 26
29 1
29 10
29 27
29 23
29 20
29 34
29 12
29 25
29 39
29 30
29 42
18
30 0
30 27
30 10
30 13
30 28
30 6
30 17
30 33
30 21
30 32
30 11
30 18
30 14
30 1
30 3
30 25
30 34
30 45
27
31 2
31 8
31 1
31 18
31 32
31 38
31 42
31 46
31 6
31 12
31 36
31 27
31 7
31 19
31 37
31 35
31 24
31 20
31 34
31 17
31 26
31 21
31 40
31 28
31 4
31 3
31 14
21
32 0
32 39
32 45
32 20
32 19
32 1
32 44
32 49
32 16
32 6
32 29
32 3
32 35
32 8
32 26
32 48
32 2
32 11
32 41
32 24
32 42
22
33 7
33 49
33 25
33 4
33 35
33 32
33 44
33 11
33 37
33 31
33 3
33 13
33 45
33 43
33 9
33 42
33 15
33 41
33 28
33 48
33 18
33 34
15
34 20
34 22
34 26
34 1
34 7
34 9
34 39
34 38
34 12
34 24
34 6
34 45
34 37
34 10
34 44
18
35 21
35 39
35 9
35 30
35 36
35 43
35 29
35 34
35 24
35 49
35 7
35 2
35 19
35 38
35 16
35 45
35 46
35 26
23
36 30
36 12
36 17
36 8
36 3
36 37
36 4
36 41
36 11
36 7
36 44
36 15
36 23
36 21
36 18
36 45
36 20
36 39
36 2
36 9
36 34
36 26
36 27
20
37 3
37 43
37 18
37 10
37 23
37 26
37 29
37 2
37 42
37 25
37 24
37 49
37 9
37 32
37 0
37 28
37 30
37 48
37 35
37 22
17
38 42
38 5
38 20
38 36
38 3
38 8
38 32
38 43
38 49
38 47
38 27
38 37
38 0
38 30
38 39
38 10
38 21
22
39 24
39 48
39 7
39 3
39 16
39 42
39 26
39 5
39 19
39 22
39 2
39 23
39 0
39 27
39 6
39 18
39 13
39 33
39 9
39 14
39 10
39 28
27
40 17
40 34
40 43
40 44
40 48
40 33
40 38
40 20
40 15
40 39
40 46
40 27
40 21
40 2
40 1
40 28
40 36
40 4
40 47
40 9
40 30
40 32
40 35
40 10
40 25
40 42
40 26
16
41 14
41 35
41 44
41 34
41 30
41 1
41 20
41 6
41 12
41 4
41 21
41 46
41 39
41 10
41 29
41 19
19
42 49
42 14
42 4
42 36
42 17
42 2
42 0
42 3
42 25
42 43
42 47
42 12
42 7
42 11
42 30
42 48
42 45
42 26
42 18
18
43 29
43 7
43 16
43 5
43 4
43 28
43 17
43 25
43 11
43 36
43 34
43 6
43 3
43 10
43 44
43 31
43 49
43 32
17
44 7
44 42
44 6
44 17
44 49
44 39
44 48
44 18
44 4
44 2
44 9
44 37
44 31
44 8
44 12
44 10
44 15
20
45 10
45 37
45 11
45 12
45 19
45 18
45 9
45 49
45 2
45 31
45 1
45 7
45 39
45 44
45 23
45 26
45 46
45 29
45 47
45 14
20
46 39
46 1
46 23
46 3
46 44
46 36
46 48
46 43
46 34
46 18
46 21
46 37
46 29
46 28
46 33
46 49
46 27
46 42
46 24
46 25
21
47 35
47 36
47 48
47 41
47 10
47 2
47 24
47 34
47 46
47 31
47 4
47 43
47 30
47 37
47 21
47 16
47 29
47 17
47 15
47 39
47 8
16
48 43
48 17
48 38
48 11
48 6
48 35
48 27
48 7
48 18
48 14
48 30
48 1
48 22
48 36
48 49
48 20
17
49 13
49 25
49 27
49 5
49 3
49 31
49 34
49 4
49 41
49 36
49 6
49 39
49 9
49 40
49 26
49 17
49 47
