50
0 "A14"
1 "A42"
2 "A45"
3 "A48"
4 "A1"
5 "A5"
6 "A21"
7 "A24"
8 "A43"
9 "A0"
10 "A17"
11 "A31"
12 "A3"
13 "A8"
14 "A38"
15 "A40"
16 "A47"
17 "A22"
18 "A19"
19 "A23"
20 "A32"
21 "A27"
22 "A39"
23 "A9"
24 "A12"
25 "A13"
26 "A41"
27 "A25"
28 "A28"
29 "A49"
30 "A16"
31 "A46"
32 "A7"
33 "A35"
34 "A33"
35 "A18"
36 "A34"
37 "A20"
38 "A30"
39 "A37"
40 "A26"
41 "A11"
42 "A44"
43 "A36"
44 "A2"
45 "A4"
46 "A6"
47 "A29"
48 "A10"
49 "A15"
18
0 40
0 18
0 2
0 34
0 5
0 24
0 26
0 41
0 12
0 30
0 6
0 33
0 48
0 11
0 39
0 49
0 19
0 13
23
1 2
1 20
1 48
1 10
1 6
1 11
1 26
1 36
1 9
1 22
1 14
1 23
1 49
1 35
1 15
1 46
1 5
1 38
1 47
1 21
1 7
1 41
1 0
24
2 42
2 30
2 44
2 21
2 45
2 10
2 12
2 36
2 9
2 35
2 46
2 5
2 25
2 6
2 15
2 14
2 22
2 41
2 37
2 28
2 4
2 29
2 23
2 24
19
3 26
3 37
3 2
3 31
3 0
3 46
3 9
3 5
3 24
3 13
3 22
3 21
3 14
3 33
3 40
3 29
3 36
3 27
3 41
20
4 13
4 41
4 42
4 5
4 14
4 47
4 0
4 48
4 7
4 1
4 3
4 26
4 9
4 6
4 10
4 31
4 29
4 37
4 15
4 20
19
5 31
5 49
5 10
5 30
5 22
5 38
5 7
5 9
5 13
5 36
5 8
5 24
5 16
5 39
5 18
5 28
5 47
5 11
5 45
21
6 37
6 24
6 17
6 33
6 21
6 26
6 44
6 22
6 32
6 3
6 10
6 7
6 19
6 35
6 36
6 9
6 20
6 30
6 40
6 28
6 5
26
7 9
7 24
7 29
7 26
7 21
7 25
7 0
7 23
7 38
7 45
7 22
7 27
7 28
7 3
7 31
7 42
7 17
7 8
7 46
7 41
7 2
7 49
7 12
7 48
7 47
7 10
18
8 35
8 1
8 0
8 23
8 43
8 32
8 19
8 15
8 18
8 17
8 4
8 41
8 46
8 48
8 37
8 33
8 40
8 29
22
9 10
9 31
9 11
9 44
9 37
9 22
9 26
9 39
9 18
9 34
9 33
9 45
9 20
9 21
9 8
9 25
9 46
9 43
9 38
9 42
9 0
9 17
24
10 15
10 8
10 19
10 48
10 22
10 0
10 24
10 44
10 25
10 18
10 35
10 34
10 32
10 43
10 46
10 38
10 17
10 37
10 13
10 27
10 31
10 41
10 3
10 36
27
11 28
11 6
11 10
11 19
11 33
11 38
11 43
11 26
11 7
11 49
11 24
11 21
11 42
11 39
11 46
11 12
11 25
11 32
11 3
11 48
11 29
11 13
11 4
11 30
11 20
11 17
11 40
19
12 17
12 8
12 19
12 5
12 6
12 1
12 47
12 40
12 4
12 34
12 48
12 33
12 30
12 23
12 10
12 14
12 35
12 3
12 21
16
13 39
13 47
13 41
13 26
13 2
13 23
13 25
13 42
13 44
13 36
13 9
13 43
13 45
13 27
13 32
13 33
18
14 6
14 5
14 39
14 16
14 7
14 18
14 10
14 29
14 25
14 38
14 33
14 46
14 20
14 48
14 24
14 27
14 8
14 35
22
15 23
15 43
15 16
15 7
15 6
15 20
15 30
15 3
15 32
15 31
15 21
15 9
15 45
15 0
15 11
15 46
15 47
15 37
15 27
15 5
15 13
15 12
27
16 9
16 34
16 27
16 2
16 21
16 47
16 11
16 35
16 4
16 38
16 12
16 13
16 6
16 18
16 24
16 45
16 3
16 0
16 1
16 39
16 32
16 8
16 29
16 28
16 25
16 44
16 41
17
17 30
17 28
17 0
17 22
17 31
17 2
17 16
17 4
17 29
17 35
17 14
17 47
17 5
17 3
17 18
17 1
17 38
17
18 27
18 26
18 15
18 22
18 36
18 28
18 29
18 40
18 37
18 20
18 4
18 12
18 38
18 13
18 35
18 3
18 46
21
19 30
19 4
19 25
19 37
19 40
19 29
19 1
19 7
19 24
19 21
19 43
19 18
19 2
19 9
19 14
19 16
19 22
19 41
19 5
19 33
19 20
24
20 28
20 42
20 16
20 21
20 7
20 38
20 49
20 13
20 31
20 45
20 26
20 33
20 17
20 46
20 2
20 34
20 44
20 8
20 10
20 48
20 47
20 5
20 37
20 27
16
21 8
21 46
21 23
21 10
21 47
21 14
21 13
21 41
21 36
21 48
21 4
21 45
21 35
21 5
21 44
21 42
12
22 32
22 12
22 34
22 11
22 43
22 38
22 48
22 15
22 45
22 13
22 0
22 49
20
23 26
23 29
23 0
23 41
23 4
23 24
23 43
23 16
23 20
23 19
23 49
23 9
23 3
23 18
23 46
23 45
23 35
23 22
23 6
23 11
20
24 20
24 29
24 34
24 33
24 47
24 1
24 36
24 17
24 44
24 27
24 15
24 42
24 45
24 46
24 12
24 30
24 40
24 13
24 21
24 31
18
25 40
25 32
25 44
25 24
25 34
25 6
25 15
25 26
25 8
25 12
25 21
25 47
25 5
25 20
25 43
25 49
25 18
25 48
18
26 31
26 10
26 34
26 8
26 41
26 40
26 32
26 17
26 33
26 16
26 47
26 30
26 36
26 39
26 2
26 14
26 22
26 24
20
27 37
27 46
27 1
27 48
27 42
27 19
27 26
27 49
27 39
27 0
27 8
27 43
27 9
27 41
27 35
27 21
27 6
27 12
27 17
27 22
19
28 23
28 4
28 25
28 43
28 3
28 45
28 1
28 33
28 27
28 30
28 22
28 9
28 21
28 12
28 26
28 35
28 14
28 41
28 29
17
29 1
29 6
29 22
29 41
29 9
29 5
29 0
29 21
29 25
29 13
29 30
29 10
29 20
29 33
29 35
29 12
29 26
19
30 14
30 16
30 31
30 32
30 7
30 21
30 37
30 23
30 10
30 20
30 38
30 4
30 43
30 33
30 34
30 3
30 9
30 35
30 27
19
31 28
31 13
31 19
31 11
31 25
31 14
31 41
31 49
31 47
31 23
31 29
31 45
31 46
31 35
31 8
31 44
31 0
31 37
31 16
17
32 3
32 34
32 4
32 24
32 17
32 38
32 9
32 23
32 33
32 12
32 29
32 31
32 7
32 46
32 21
32 28
32 43
18
33 2
33 17
33 49
33 25
33 16
33 47
33 23
33 10
33 21
33 37
33 42
33 1
33 38
33 41
33 27
33 46
33 31
33 18
20
34 1
34 19
34 14
34 23
34 42
34 5
34 18
34 3
34 36
34 7
34 21
34 43
34 33
34 17
34 37
34 8
34 28
34 40
34 13
34 31
17
35 41
35 40
35 4
35 46
35 22
35 36
35 11
35 45
35 19
35 37
35 15
35 13
35 24
35 42
35 26
35 32
35 5
25
36 47
36 16
36 25
36 19
36 7
36 27
36 37
36 22
36 49
36 4
36 40
36 31
36 44
36 8
36 17
36 20
36 30
36 23
36 41
36 12
36 38
36 42
36 43
36 28
36 29
23
37 47
37 38
37 22
37 21
37 24
37 46
37 49
37 25
37 7
37 44
37 11
37 41
37 14
37 26
37 17
37 16
37 13
37 40
37 1
37 48
37 42
37 5
37 28
14
38 26
38 31
38 27
38 6
38 49
38 23
38 40
38 0
38 47
38 29
38 3
38 12
38 25
38 42
24
39 1
39 43
39 18
39 30
39 20
39 19
39 4
39 33
39 32
39 2
39 23
39 15
39 6
39 38
39 8
39 31
39 36
39 44
39 34
39 37
39 12
39 21
39 47
39 3
20
40 13
40 7
40 5
40 39
40 21
40 28
40 42
40 20
40 46
40 15
40 43
40 14
40 33
40 23
40 10
40 30
40 48
40 9
40 2
40 31
12
41 45
41 42
41 12
41 46
41 30
41 17
41 20
41 6
41 24
41 14
41 38
41 34
16
42 23
42 5
42 12
42 6
42 18
42 48
42 16
42 31
42 14
42 26
42 32
42 29
42 15
42 39
42 49
42 3
18
43 29
43 4
43 0
43 45
43 18
43 33
43 42
43 47
43 2
43 14
43 37
43 5
43 16
43 26
43 38
43 20
43 12
43 24
24
44 49
44 35
44 46
44 17
44 11
44 41
44 12
44 30
44 0
44 18
44 40
44 3
44 42
44 28
44 8
44 26
44 22
44 19
44 29
44 15
44 43
44 1
44 7
44 27
18
45 8
45 37
45 32
45 1
45 6
45 30
45 39
45 25
45 3
45 38
45 33
45 14
45 42
45 18
45 44
45 49
45 11
45 26
15
46 12
46 6
46 16
46 5
46 13
46 0
46 34
46 26
46 25
46 42
46 29
46 17
46 49
46 30
46 47
19
47 14
47 35
47 3
47 11
47 10
47 34
47 23
47 45
47 27
47 18
47 28
47 32
47 30
47 40
47 42
47 6
47 44
47 2
47 49
24
48 18
48 44
48 39
48 33
48 26
48 16
48 6
48 28
48 15
48 32
48 29
48 45
48 19
48 23
48 30
48 43
48 2
48 13
48 34
48 38
48 5
48 47
48 35
48 3
16
49 39
49 43
49 26
49 9
49 8
49 10
49 34
49 48
49 4
49 24
49 40
49 18
49 21
49 28
49 30
49 6
