50
0 "A14"
1 "A42"
2 "A45"
3 "A48"
4 "A1"
5 "A5"
6 "A21"
7 "A24"
8 "A43"
9 "A0"
10 "A17"
11 "A31"
12 "A3"
13 "A8"
14 "A38"
15 "A40"
16 "A47"
17 "A22"
18 "A19"
19 "A23"
20 "A32"
21 "A27"
22 "A39"
23 "A9"
24 "A12"
25 "A13"
26 "A41"
27 "A25"
28 "A28"
29 "A49"
30 "A16"
31 "A46"
32 "A7"
33 "A35"
34 "A33"
35 "A18"
36 "A34"
37 "A20"
38 "A30"
39 "A37"
40 "A26"
41 "A11"
42 "A44"
43 "A36"
44 "A2"
45 "A4"
46 "A6"
47 "A29"
48 "A10"
49 "A15"
14
0 40
0 33
0 47
0 36
0 44
0 2
0 17
0 21
0 10
0 45
0 6
0 24
0 20
0 25
18
1 34
1 13
1 44
1 41
1 2
1 15
1 36
1 8
1 23
1 20
1 30
1 25
1 0
1 5
1 49
1 35
1 32
1 21
23
2 31
2 42
2 36
2 32
2 13
2 11
2 10
2 33
2 47
2 6
2 29
2 9
2 20
2 7
2 35
2 28
2 40
2 41
2 44
2 16
2 45
2 46
2 48
20
3 18
3 8
3 7
3 2
3 29
3 0
3 15
3 10
3 1
3 19
3 35
3 22
3 40
3 21
3 36
3 9
3 46
3 33
3 47
3 42
27
4 34
4 22
4 21
4 28
4 27
4 14
4 18
4 2
4 16
4 10
4 23
4 30
4 9
4 19
4 42
4 39
4 0
4 20
4 47
4 15
4 48
4 6
4 38
4 26
4 37
4 35
4 29
17
5 34
5 25
5 33
5 44
5 3
5 32
5 43
5 30
5 19
5 46
5 48
5 18
5 17
5 15
5 28
5 16
5 37
20
6 11
6 48
6 49
6 28
6 41
6 27
6 3
6 17
6 46
6 44
6 19
6 1
6 29
6 47
6 40
6 35
6 43
6 42
6 36
6 10
20
7 44
7 11
7 29
7 31
7 28
7 26
7 16
7 6
7 36
7 20
7 48
7 5
7 25
7 24
7 1
7 37
7 9
7 10
7 42
7 46
20
8 22
8 37
8 30
8 6
8 43
8 38
8 42
8 31
8 32
8 25
8 16
8 10
8 5
8 13
8 29
8 17
8 0
8 2
8 21
8 20
20
9 6
9 8
9 26
9 14
9 22
9 12
9 46
9 32
9 41
9 38
9 23
9 35
9 27
9 19
9 13
9 34
9 33
9 48
9 39
9 5
18
10 19
10 30
10 40
10 1
10 28
10 29
10 45
10 42
10 23
10 33
10 22
10 48
10 24
10 49
10 47
10 5
10 17
10 14
21
11 18
11 42
11 32
11 34
11 24
11 3
11 44
11 8
11 21
11 1
11 13
11 0
11 39
11 10
11 26
11 48
11 28
11 17
11 31
11 22
11 20
21
12 28
12 42
12 11
12 46
12 34
12 1
12 25
12 18
12 47
12 8
12 24
12 7
12 23
12 14
12 27
12 3
12 0
12 15
12 13
12 6
12 5
18
13 35
13 25
13 10
13 43
13 32
13 3
13 18
13 30
13 41
13 6
13 4
13 48
13 33
13 31
13 44
13 26
13 40
13 47
15
14 33
14 3
14 44
14 15
14 34
14 5
14 1
14 26
14 46
14 27
14 47
14 24
14 31
14 0
14 21
20
15 21
15 40
15 2
15 18
15 38
15 36
15 20
15 23
15 13
15 31
15 9
15 10
15 29
15 24
15 8
15 22
15 48
15 42
15 6
15 47
22
16 23
16 15
16 48
16 11
16 9
16 44
16 0
16 28
16 47
16 45
16 1
16 3
16 14
16 35
16 38
16 22
16 20
16 32
16 17
16 10
16 26
16 30
17
17 14
17 20
17 35
17 47
17 45
17 1
17 43
17 30
17 3
17 38
17 23
17 46
17 15
17 13
17 49
17 41
17 12
19
18 9
18 48
18 21
18 25
18 24
18 2
18 0
18 16
18 29
18 1
18 17
18 14
18 26
18 37
18 6
18 35
18 7
18 41
18 19
23
19 0
19 47
19 49
19 36
19 14
19 24
19 1
19 32
19 48
19 33
19 11
19 37
19 40
19 16
19 12
19 28
19 44
19 8
19 2
19 38
19 45
19 17
19 39
23
20 6
20 24
20 22
20 29
20 45
20 30
20 27
20 23
20 42
20 37
20 13
20 43
20 46
20 3
20 12
20 34
20 48
20 35
20 5
20 18
20 21
20 10
20 36
23
21 24
21 42
21 35
21 46
21 7
21 9
21 26
21 28
21 27
21 34
21 32
21 49
21 44
21 30
21 45
21 19
21 17
21 23
21 36
21 5
21 2
21 12
21 29
18
22 12
22 0
22 5
22 49
22 29
22 30
22 24
22 14
22 18
22 34
22 1
22 23
22 41
22 31
22 47
22 44
22 6
22 19
13
23 30
23 45
23 26
23 32
23 18
23 41
23 0
23 35
23 48
23 29
23 24
23 3
23 6
16
24 49
24 34
24 16
24 46
24 5
24 26
24 8
24 6
24 17
24 27
24 38
24 32
24 9
24 40
24 28
24 13
21
25 9
25 14
25 16
25 36
25 21
25 4
25 42
25 43
25 45
25 26
25 2
25 23
25 20
25 11
25 46
25 44
25 3
25 49
25 40
25 22
25 34
18
26 15
26 10
26 28
26 38
26 1
26 49
26 39
26 48
26 34
26 17
26 30
26 6
26 43
26 5
26 0
26 20
26 22
26 41
24
27 19
27 16
27 23
27 5
27 26
27 33
27 43
27 2
27 30
27 7
27 22
27 11
27 45
27 0
27 13
27 38
27 32
27 8
27 34
27 47
27 18
27 36
27 40
27 1
14
28 8
28 20
28 0
28 33
28 46
28 15
28 32
28 9
28 27
28 23
28 25
28 37
28 30
28 35
22
29 13
29 0
29 49
29 41
29 12
29 37
29 38
29 34
29 19
29 14
29 44
29 5
29 16
29 26
29 24
29 25
29 43
29 27
29 9
29 32
29 28
29 40
23
30 36
30 49
30 48
30 19
30 7
30 14
30 47
30 42
30 25
30 44
30 41
30 12
30 32
30 9
30 24
30 0
30 29
30 15
30 46
30 34
30 39
30 6
30 18
27
31 10
31 41
31 45
31 5
31 21
31 4
31 18
31 37
31 24
31 25
31 36
31 19
31 27
31 40
31 16
31 38
31 28
31 34
31 1
31 29
31 47
31 9
31 20
31 6
31 0
31 30
31 12
14
32 40
32 14
32 46
32 6
32 18
32 26
32 36
32 0
32 42
32 44
32 12
32 25
32 22
32 34
18
33 4
33 29
33 17
33 6
33 24
33 32
33 25
33 11
33 30
33 7
33 26
33 15
33 37
33 8
33 21
33 22
33 42
33 36
16
34 17
34 33
34 38
34 7
34 16
34 6
34 43
34 44
34 3
34 0
34 15
34 23
34 39
34 37
34 10
34 19
17
35 12
35 5
35 25
35 19
35 11
35 48
35 10
35 7
35 29
35 32
35 14
35 0
35 15
35 26
35 30
35 31
35 34
24
36 34
36 5
36 11
36 8
36 43
36 46
36 22
36 4
36 28
36 12
36 49
36 18
36 40
36 17
36 14
36 42
36 29
36 44
36 13
36 47
36 24
36 10
36 39
36 23
20
37 17
37 15
37 48
37 9
37 24
37 14
37 6
37 35
37 25
37 36
37 26
37 13
37 10
37 1
37 22
37 21
37 43
37 16
37 0
37 3
21
38 33
38 30
38 45
38 0
38 14
38 23
38 35
38 6
38 10
38 41
38 3
38 21
38 13
38 36
38 11
38 18
38 12
38 2
38 28
38 5
38 1
25
39 10
39 28
39 47
39 14
39 35
39 40
39 12
39 22
39 17
39 24
39 42
39 23
39 1
39 29
39 21
39 5
39 20
39 31
39 27
39 7
39 49
39 16
39 3
39 45
39 6
20
40 28
40 38
40 21
40 12
40 43
40 9
40 5
40 18
40 1
40 7
40 41
40 48
40 35
40 23
40 8
40 37
40 16
40 22
40 49
40 30
21
41 39
41 20
41 4
41 12
41 10
41 21
41 0
41 25
41 37
41 35
41 16
41 8
41 11
41 44
41 24
41 3
41 14
41 5
41 34
41 27
41 15
18
42 38
42 26
42 9
42 22
42 34
42 17
42 46
42 5
42 28
42 43
42 23
42 44
42 27
42 19
42 18
42 48
42 41
42 13
22
43 2
43 41
43 35
43 45
43 49
43 12
43 24
43 10
43 1
43 14
43 44
43 4
43 22
43 18
43 46
43 38
43 9
43 23
43 28
43 0
43 31
43 32
17
44 24
44 31
44 15
44 28
44 8
44 18
44 23
44 9
44 3
44 20
44 39
44 17
44 38
44 45
44 33
44 37
44 49
16
45 5
45 32
45 42
45 18
45 3
45 26
45 40
45 14
45 47
45 6
45 49
45 12
45 29
45 1
45 9
45 28
20
46 48
46 18
46 47
46 40
46 4
46 29
46 8
46 27
46 11
46 22
46 33
46 10
46 26
46 15
46 38
46 41
46 16
46 34
46 0
46 44
16
47 43
47 33
47 20
47 5
47 26
47 1
47 11
47 38
47 18
47 42
47 48
47 9
47 40
47 25
47 32
47 44
19
48 8
48 3
48 44
48 17
48 32
48 12
48 38
48 39
48 27
48 24
48 41
48 34
48 43
48 0
48 49
48 14
48 45
48 22
48 36
21
49 42
49 13
49 31
49 27
49 14
49 7
49 15
49 37
49 5
49 35
49 4
49 18
49 38
49 41
49 46
49 47
49 23
49 0
49 12
49 2
49 34
