50
0 "A14"
1 "A42"
2 "A45"
3 "A48"
4 "A1"
5 "A5"
6 "A21"
7 "A24"
8 "A43"
9 "A0"
10 "A17"
11 "A31"
12 "A3"
13 "A8"
14 "A38"
15 "A40"
16 "A47"
17 "A22"
18 "A19"
19 "A23"
20 "A32"
21 "A27"
22 "A39"
23 "A9"
24 "A12"
25 "A13"
26 "A41"
27 "A25"
28 "A28"
29 "A49"
30 "A16"
31 "A46"
32 "A7"
33 "A35"
34 "A33"
35 "A18"
36 "A34"
37 "A20"
38 "A30"
39 "A37"
40 "A26"
41 "A11"
42 "A44"
43 "A36"
44 "A2"
45 "A4"
46 "A6"
47 "A29"
48 "A10"
49 "A15"
26
0 7
0 19
0 34
0 5
0 31
0 25
0 3
0 36
0 18
0 2
0 41
0 23
0 39
0 6
0 26
0 1
0 44
0 22
0 10
0 48
0 38
0 27
0 37
0 29
0 21
0 43
17
1 49
1 32
1 20
1 24
1 45
1 19
1 8
1 47
1 4
1 44
1 10
1 2
1 26
1 37
1 39
1 46
1 38
26
2 16
2 33
2 9
2 49
2 43
2 37
2 45
2 12
2 17
2 35
2 40
2 28
2 19
2 24
2 11
2 38
2 4
2 5
2 13
2 47
2 39
2 7
2 25
2 27
2 15
2 22
15
3 32
3 38
3 4
3 33
3 48
3 23
3 1
3 6
3 7
3 43
3 36
3 2
3 40
3 9
3 39
25
4 44
4 8
4 33
4 35
4 19
4 7
4 11
4 36
4 0
4 40
4 27
4 17
4 24
4 6
4 34
4 5
4 30
4 48
4 49
4 43
4 26
4 21
4 39
4 18
4 47
10
5 32
5 28
5 14
5 41
5 1
5 48
5 42
5 15
5 25
5 33
24
6 37
6 2
6 47
6 38
6 9
6 16
6 25
6 27
6 32
6 20
6 39
6 8
6 33
6 21
6 5
6 15
6 31
6 42
6 46
6 1
6 23
6 10
6 44
6 45
16
7 47
7 5
7 23
7 46
7 41
7 28
7 24
7 45
7 19
7 1
7 44
7 10
7 6
7 48
7 29
7 14
21
8 42
8 18
8 34
8 35
8 36
8 31
8 22
8 43
8 24
8 15
8 9
8 25
8 21
8 2
8 0
8 41
8 13
8 32
8 40
8 3
8 20
27
9 0
9 12
9 37
9 42
9 26
9 38
9 16
9 31
9 46
9 5
9 14
9 39
9 15
9 29
9 10
9 41
9 30
9 47
9 4
9 49
9 20
9 23
9 11
9 1
9 17
9 7
9 25
14
10 45
10 46
10 23
10 39
10 35
10 30
10 13
10 21
10 4
10 27
10 31
10 22
10 15
10 32
21
11 17
11 1
11 38
11 48
11 21
11 36
11 40
11 43
11 33
11 3
11 25
11 46
11 0
11 44
11 49
11 8
11 45
11 30
11 34
11 10
11 29
21
12 8
12 30
12 10
12 37
12 27
12 25
12 23
12 24
12 4
12 7
12 20
12 40
12 36
12 16
12 46
12 41
12 11
12 15
12 5
12 1
12 34
27
13 42
13 38
13 12
13 25
13 28
13 40
13 43
13 21
13 15
13 20
13 39
13 19
13 48
13 44
13 33
13 30
13 32
13 29
13 14
13 34
13 4
13 17
13 16
13 5
13 9
13 6
13 1
24
14 38
14 25
14 33
14 4
14 12
14 43
14 11
14 31
14 41
14 20
14 8
14 22
14 18
14 29
14 1
14 49
14 32
14 24
14 2
14 36
14 28
14 39
14 10
14 26
11
15 45
15 3
15 20
15 14
15 26
15 34
15 43
15 11
15 46
15 23
15 31
23
16 28
16 14
16 15
16 26
16 25
16 46
16 39
16 40
16 4
16 47
16 24
16 41
16 8
16 22
16 27
16 33
16 0
16 44
16 5
16 30
16 43
16 17
16 19
21
17 37
17 8
17 27
17 26
17 41
17 5
17 14
17 21
17 33
17 20
17 40
17 47
17 30
17 35
17 0
17 7
17 48
17 15
17 43
17 1
17 3
21
18 28
18 43
18 7
18 38
18 1
18 17
18 44
18 11
18 22
18 16
18 15
18 3
18 32
18 27
18 37
18 2
18 41
18 6
18 5
18 36
18 49
20
19 31
19 33
19 46
19 3
19 18
19 14
19 44
19 11
19 20
19 5
19 40
19 12
19 49
19 48
19 43
19 22
19 32
19 26
19 39
19 47
16
20 3
20 16
20 22
20 41
20 30
20 34
20 11
20 42
20 5
20 37
20 47
20 0
20 4
20 2
20 31
20 24
18
21 35
21 1
21 9
21 33
21 37
21 44
21 14
21 43
21 19
21 18
21 16
21 12
21 48
21 30
21 20
21 27
21 47
21 28
17
22 1
22 13
22 6
22 39
22 23
22 25
22 3
22 11
22 17
22 46
22 24
22 34
22 41
22 36
22 21
22 9
22 43
24
23 8
23 13
23 17
23 14
23 30
23 5
23 16
23 24
23 44
23 32
23 1
23 33
23 35
23 46
23 43
23 4
23 26
23 19
23 27
23 20
23 49
23 45
23 29
23 34
19
24 19
24 6
24 25
24 13
24 32
24 21
24 9
24 18
24 17
24 28
24 15
24 42
24 43
24 47
24 33
24 11
24 3
24 10
24 31
17
25 1
25 19
25 15
25 4
25 35
25 23
25 3
25 10
25 21
25 37
25 45
25 42
25 26
25 30
25 48
25 44
25 39
21
26 3
26 12
26 24
26 20
26 43
26 8
26 11
26 22
26 30
26 35
26 2
26 45
26 18
26 21
26 31
26 48
26 7
26 34
26 10
26 44
26 6
23
27 24
27 8
27 15
27 42
27 35
27 7
27 11
27 14
27 25
27 46
27 48
27 29
27 30
27 44
27 9
27 13
27 47
27 32
27 38
27 36
27 22
27 3
27 5
21
28 1
28 48
28 26
28 3
28 38
28 10
28 9
28 31
28 12
28 20
28 6
28 27
28 11
28 45
28 43
28 35
28 32
28 37
28 19
28 23
28 4
24
29 42
29 44
29 25
29 32
29 6
29 15
29 8
29 48
29 2
29 10
29 37
29 19
29 5
29 3
29 28
29 22
29 35
29 21
29 46
29 16
29 12
29 18
29 17
29 20
21
30 35
30 41
30 28
30 29
30 14
30 5
30 6
30 8
30 46
30 7
30 18
30 36
30 3
30 49
30 24
30 0
30 43
30 42
30 34
30 22
30 1
21
31 13
31 34
31 3
31 22
31 30
31 32
31 25
31 27
31 2
31 11
31 12
31 35
31 21
31 45
31 48
31 4
31 38
31 5
31 36
31 18
31 29
13
32 44
32 25
32 26
32 35
32 17
32 11
32 37
32 16
32 38
32 2
32 12
32 49
32 36
16
33 8
33 15
33 20
33 0
33 37
33 9
33 18
33 39
33 45
33 29
33 32
33 28
33 30
33 49
33 27
33 12
21
34 6
34 46
34 29
34 9
34 25
34 32
34 14
34 3
34 45
34 38
34 28
34 2
34 16
34 43
34 17
34 49
34 33
34 5
34 21
34 24
34 7
20
35 9
35 13
35 18
35 43
35 12
35 7
35 45
35 11
35 44
35 39
35 0
35 15
35 46
35 34
35 19
35 14
35 16
35 47
35 6
35 5
25
36 2
36 7
36 41
36 35
36 9
36 42
36 44
36 43
36 29
36 21
36 47
36 48
36 10
36 24
36 19
36 5
36 34
36 13
36 37
36 28
36 39
36 16
36 45
36 6
36 26
18
37 15
37 27
37 38
37 48
37 7
37 24
37 46
37 14
37 22
37 41
37 16
37 8
37 42
37 31
37 11
37 26
37 5
37 30
16
38 4
38 5
38 12
38 40
38 21
38 24
38 16
38 15
38 26
38 20
38 17
38 23
38 41
38 10
38 36
38 25
18
39 20
39 12
39 47
39 31
39 42
39 34
39 21
39 28
39 38
39 43
39 32
39 37
39 48
39 29
39 5
39 41
39 7
39 49
20
40 23
40 26
40 15
40 45
40 25
40 49
40 10
40 22
40 6
40 1
40 35
40 7
40 27
40 30
40 18
40 36
40 47
40 31
40 24
40 0
19
41 29
41 23
41 10
41 24
41 34
41 47
41 33
41 35
41 32
41 26
41 4
41 1
41 3
41 27
41 21
41 15
41 43
41 19
41 44
21
42 11
42 28
42 43
42 41
42 0
42 12
42 21
42 15
42 7
42 2
42 22
42 35
42 38
42 10
42 1
42 40
42 17
42 31
42 14
42 18
42 48
10
43 38
43 33
43 37
43 9
43 45
43 25
43 12
43 32
43 10
43 29
16
44 24
44 17
44 20
44 40
44 42
44 2
44 12
44 43
44 34
44 49
44 15
44 22
44 30
44 9
44 10
44 37
19
45 44
45 47
45 18
45 41
45 20
45 22
45 9
45 16
45 48
45 39
45 27
45 42
45 14
45 13
45 3
45 38
45 29
45 17
45 49
16
46 43
46 25
46 41
46 45
46 38
46 3
46 4
46 8
46 26
46 20
46 28
46 39
46 44
46 2
46 36
46 0
15
47 33
47 38
47 42
47 46
47 37
47 34
47 30
47 3
47 26
47 11
47 10
47 31
47 32
47 0
47 28
21
48 34
48 40
48 10
48 49
48 2
48 22
48 12
48 16
48 6
48 41
48 43
48 32
48 18
48 24
48 35
48 33
48 44
48 47
48 46
48 14
48 20
24
49 12
49 24
49 7
49 5
49 38
49 13
49 6
49 25
49 31
49 17
49 15
49 37
49 3
49 41
49 8
49 47
49 0
49 46
49 26
49 21
49 35
49 27
49 36
49 22
