50
0 "A14"
1 "A42"
2 "A45"
3 "A48"
4 "A1"
5 "A5"
6 "A21"
7 "A24"
8 "A43"
9 "A0"
10 "A17"
11 "A31"
12 "A3"
13 "A8"
14 "A38"
15 "A40"
16 "A47"
17 "A22"
18 "A19"
19 "A23"
20 "A32"
21 "A27"
22 "A39"
23 "A9"
24 "A12"
25 "A13"
26 "A41"
27 "A25"
28 "A28"
29 "A49"
30 "A16"
31 "A46"
32 "A7"
33 "A35"
34 "A33"
35 "A18"
36 "A34"
37 "A20"
38 "A30"
39 "A37"
40 "A26"
41 "A11"
42 "A44"
43 "A36"
44 "A2"
45 "A4"
46 "A6"
47 "A29"
48 "A10"
49 "A15"
17
0 9
0 6
0 1
0 29
0 10
0 23
0 12
0 38
0 19
0 49
0 34
0 24
0 2
0 4
0 41
0 32
0 43
25
1 41
1 23
1 21
1 8
1 49
1 42
1 13
1 14
1 16
1 27
1 7
1 6
1 26
1 22
1 44
1 36
1 43
1 28
1 37
1 33
1 34
1 25
1 15
1 10
1 12
16
2 31
2 7
2 47
2 45
2 33
2 13
2 30
2 46
2 17
2 37
2 24
2 27
2 40
2 35
2 8
2 42
18
3 2
3 49
3 1
3 34
3 40
3 18
3 13
3 31
3 0
3 32
3 42
3 23
3 21
3 36
3 41
3 25
3 47
3 30
14
4 44
4 13
4 43
4 41
4 47
4 26
4 19
4 18
4 34
4 10
4 16
4 28
4 38
4 48
22
5 27
5 0
5 14
5 39
5 26
5 12
5 4
5 3
5 19
5 25
5 28
5 17
5 44
5 31
5 20
5 43
5 48
5 15
5 33
5 1
5 2
5 18
21
6 22
6 30
6 3
6 31
6 42
6 18
6 49
6 14
6 11
6 26
6 25
6 34
6 4
6 48
6 9
6 13
6 5
6 21
6 12
6 39
6 47
17
7 17
7 8
7 10
7 38
7 6
7 43
7 28
7 15
7 9
7 20
7 19
7 21
7 29
7 14
7 34
7 22
7 24
25
8 6
8 16
8 43
8 36
8 26
8 29
8 42
8 3
8 33
8 46
8 41
8 32
8 48
8 17
8 20
8 38
8 21
8 39
8 19
8 45
8 0
8 31
8 5
8 23
8 49
23
9 29
9 13
9 42
9 20
9 43
9 26
9 48
9 17
9 41
9 22
9 49
9 15
9 35
9 31
9 2
9 4
9 12
9 28
9 44
9 1
9 16
9 30
9 45
23
10 26
10 3
10 5
10 41
10 13
10 47
10 24
10 45
10 17
10 18
10 29
10 6
10 27
10 8
10 32
10 21
10 43
10 49
10 15
10 40
10 36
10 23
10 46
31
11 22
11 21
11 23
11 45
11 29
11 14
11 32
11 38
11 13
11 37
11 20
11 44
11 40
11 24
11 4
11 43
11 8
11 36
11 15
11 48
11 1
11 47
11 7
11 2
11 10
11 25
11 9
11 3
11 16
11 26
11 0
15
12 11
12 35
12 29
12 15
12 47
12 19
12 25
12 16
12 34
12 38
12 3
12 37
12 33
12 2
12 7
14
13 33
13 5
13 46
13 37
13 42
13 25
13 23
13 36
13 49
13 44
13 18
13 16
13 8
13 0
17
14 49
14 10
14 21
14 3
14 15
14 12
14 32
14 25
14 41
14 4
14 8
14 13
14 20
14 2
14 19
14 24
14 28
21
15 36
15 31
15 22
15 48
15 18
15 4
15 13
15 30
15 21
15 38
15 0
15 44
15 23
15 2
15 25
15 34
15 20
15 6
15 40
15 47
15 19
17
16 47
16 48
16 5
16 33
16 30
16 14
16 32
16 37
16 20
16 10
16 15
16 39
16 25
16 24
16 43
16 45
16 35
19
17 12
17 18
17 49
17 0
17 34
17 3
17 35
17 40
17 14
17 21
17 6
17 4
17 11
17 45
17 20
17 42
17 13
17 29
17 41
21
18 35
18 0
18 41
18 1
18 33
18 24
18 37
18 8
18 16
18 49
18 31
18 46
18 32
18 38
18 7
18 11
18 2
18 47
18 12
18 45
18 29
18
19 9
19 35
19 6
19 23
19 30
19 13
19 40
19 17
19 47
19 48
19 25
19 32
19 2
19 1
19 11
19 16
19 21
19 28
18
20 44
20 29
20 46
20 18
20 35
20 30
20 2
20 36
20 32
20 13
20 45
20 47
20 24
20 6
20 0
20 3
20 10
20 23
19
21 30
21 4
21 40
21 43
21 5
21 39
21 2
21 25
21 26
21 0
21 45
21 31
21 49
21 42
21 22
21 9
21 20
21 41
21 38
17
22 4
22 41
22 47
22 26
22 31
22 8
22 40
22 12
22 14
22 24
22 29
22 5
22 13
22 2
22 46
22 27
22 28
18
23 30
23 46
23 33
23 17
23 44
23 25
23 24
23 5
23 27
23 6
23 9
23 2
23 41
23 22
23 14
23 18
23 49
23 21
17
24 15
24 28
24 12
24 13
24 45
24 25
24 37
24 17
24 26
24 4
24 35
24 8
24 5
24 9
24 44
24 38
24 19
22
25 45
25 30
25 43
25 34
25 10
25 4
25 36
25 39
25 9
25 0
25 17
25 28
25 46
25 41
25 7
25 20
25 48
25 22
25 40
25 18
25 29
25 27
17
26 25
26 3
26 28
26 7
26 46
26 0
26 31
26 33
26 16
26 38
26 18
26 17
26 49
26 36
26 12
26 13
26 45
28
27 19
27 6
27 42
27 14
27 20
27 7
27 41
27 32
27 13
27 9
27 24
27 8
27 36
27 28
27 30
27 38
27 37
27 33
27 26
27 4
27 16
27 21
27 45
27 34
27 15
27 17
27 0
27 11
20
28 17
28 37
28 12
28 34
28 38
28 45
28 41
28 10
28 0
28 2
28 29
28 8
28 40
28 39
28 23
28 15
28 49
28 21
28 11
28 31
23
29 26
29 2
29 3
29 6
29 4
29 49
29 21
29 14
29 19
29 24
29 41
29 1
29 44
29 47
29 15
29 5
29 27
29 46
29 39
29 33
29 32
29 38
29 23
18
30 13
30 22
30 8
30 7
30 47
30 37
30 11
30 4
30 24
30 49
30 17
30 46
30 18
30 48
30 38
30 34
30 29
30 44
16
31 19
31 25
31 10
31 11
31 17
31 12
31 45
31 30
31 49
31 1
31 47
31 16
31 13
31 20
31 38
31 27
18
32 23
32 7
32 21
32 48
32 1
32 38
32 40
32 12
32 33
32 36
32 15
32 9
32 24
32 26
32 42
32 5
32 17
32 13
23
33 43
33 6
33 25
33 4
33 9
33 10
33 28
33 7
33 22
33 44
33 35
33 14
33 20
33 15
33 19
33 0
33 42
33 30
33 3
33 11
33 46
33 21
33 40
18
34 45
34 9
34 5
34 20
34 32
34 19
34 2
34 26
34 43
34 49
34 21
34 29
34 11
34 42
34 16
34 38
34 8
34 33
23
35 29
35 6
35 14
35 39
35 1
35 30
35 34
35 10
35 28
35 4
35 48
35 25
35 32
35 44
35 11
35 31
35 38
35 45
35 21
35 8
35 46
35 13
35 0
22
36 47
36 21
36 33
36 7
36 18
36 24
36 14
36 22
36 40
36 2
36 38
36 30
36 9
36 4
36 19
36 46
36 16
36 28
36 48
36 29
36 41
36 12
25
37 31
37 23
37 43
37 25
37 14
37 41
37 29
37 10
37 48
37 33
37 4
37 42
37 15
37 0
37 7
37 8
37 19
37 3
37 26
37 21
37 17
37 20
37 39
37 45
37 49
17
38 33
38 37
38 48
38 25
38 14
38 23
38 2
38 47
38 17
38 19
38 49
38 1
38 39
38 43
38 22
38 16
38 13
23
39 46
39 23
39 24
39 32
39 26
39 30
39 43
39 33
39 27
39 19
39 44
39 34
39 36
39 7
39 11
39 18
39 12
39 0
39 22
39 14
39 15
39 1
39 42
16
40 8
40 27
40 26
40 13
40 12
40 9
40 29
40 37
40 6
40 31
40 0
40 23
40 18
40 30
40 39
40 49
19
41 20
41 32
41 31
41 39
41 13
41 30
41 6
41 19
41 24
41 5
41 7
41 34
41 33
41 48
41 16
41 40
41 2
41 15
41 26
19
42 14
42 36
42 12
42 28
42 30
42 18
42 19
42 25
42 7
42 35
42 11
42 5
42 10
42 16
42 24
42 38
42 47
42 22
42 26
17
43 19
43 24
43 12
43 13
43 48
43 15
43 26
43 27
43 35
43 45
43 32
43 29
43 14
43 36
43 20
43 22
43 6
22
44 14
44 21
44 19
44 7
44 8
44 12
44 0
44 31
44 10
44 27
44 3
44 48
44 22
44 40
44 43
44 18
44 32
44 49
44 16
44 17
44 45
44 46
13
45 22
45 32
45 30
45 12
45 1
45 36
45 41
45 5
45 42
45 38
45 47
45 48
45 13
21
46 28
46 12
46 11
46 43
46 34
46 38
46 1
46 24
46 42
46 16
46 4
46 27
46 47
46 5
46 41
46 21
46 40
46 9
46 45
46 17
46 0
23
47 26
47 33
47 21
47 34
47 37
47 5
47 28
47 43
47 23
47 13
47 44
47 7
47 35
47 0
47 1
47 14
47 27
47 24
47 32
47 49
47 25
47 40
47 17
17
48 39
48 28
48 10
48 34
48 12
48 23
48 40
48 14
48 26
48 17
48 20
48 18
48 22
48 42
48 2
48 24
48 47
17
49 5
49 4
49 19
49 43
49 27
49 15
49 46
49 20
49 41
49 11
49 2
49 7
49 12
49 48
49 32
49 33
49 16
