50
0 "A14"
1 "A42"
2 "A45"
3 "A48"
4 "A1"
5 "A5"
6 "A21"
7 "A24"
8 "A43"
9 "A0"
10 "A17"
11 "A31"
12 "A3"
13 "A8"
14 "A38"
15 "A40"
16 "A47"
17 "A22"
18 "A19"
19 "A23"
20 "A32"
21 "A27"
22 "A39"
23 "A9"
24 "A12"
25 "A13"
26 "A41"
27 "A25"
28 "A28"
29 "A49"
30 "A16"
31 "A46"
32 "A7"
33 "A35"
34 "A33"
35 "A18"
36 "A34"
37 "A20"
38 "A30"
39 "A37"
40 "A26"
41 "A11"
42 "A44"
43 "A36"
44 "A2"
45 "A4"
46 "A6"
47 "A29"
48 "A10"
49 "A15"
24
0 9
0 22
0 48
0 44
0 24
0 27
0 37
0 38
0 10
0 8
0 4
0 11
0 32
0 47
0 34
0 40
0 29
0 18
0 39
0 2
0 46
0 1
0 3
0 26
14
1 29
1 28
1 42
1 16
1 11
1 45
1 14
1 20
1 4
1 49
1 10
1 39
1 40
1 23
19
2 41
2 44
2 16
2 35
2 30
2 19
2 8
2 40
2 9
2 43
2 28
2 22
2 11
2 37
2 23
2 10
2 45
2 3
2 48
18
3 40
3 26
3 1
3 33
3 47
3 37
3 19
3 41
3 12
3 25
3 7
3 20
3 11
3 17
3 18
3 4
3 27
3 14
22
4 15
4 23
4 17
4 25
4 5
4 39
4 48
4 21
4 22
4 26
4 7
4 45
4 13
4 10
4 38
4 32
4 41
4 28
4 36
4 29
4 35
4 6
19
5 6
5 33
5 21
5 13
5 0
5 47
5 32
5 10
5 41
5 1
5 46
5 2
5 44
5 38
5 23
5 28
5 48
5 34
5 35
16
6 23
6 0
6 12
6 10
6 18
6 8
6 2
6 16
6 48
6 13
6 17
6 11
6 14
6 24
6 20
6 29
23
7 2
7 42
7 33
7 1
7 12
7 29
7 6
7 40
7 26
7 24
7 25
7 28
7 45
7 11
7 39
7 14
7 32
7 22
7 30
7 13
7 9
7 38
7 47
19
8 43
8 33
8 22
8 41
8 21
8 29
8 3
8 7
8 9
8 45
8 26
8 5
8 46
8 4
8 28
8 39
8 14
8 37
8 40
22
9 12
9 42
9 32
9 48
9 11
9 14
9 37
9 47
9 19
9 18
9 26
9 49
9 4
9 20
9 33
9 30
9 29
9 23
9 1
9 25
9 39
9 36
14
10 8
10 46
10 23
10 3
10 33
10 45
10 47
10 42
10 43
10 37
10 21
10 25
10 22
10 7
19
11 41
11 4
11 48
11 14
11 49
11 23
11 43
11 45
11 10
11 33
11 37
11 35
11 47
11 12
11 44
11 13
11 5
11 46
11 25
23
12 15
12 20
12 38
12 21
12 49
12 44
12 1
12 0
12 43
12 30
12 33
12 47
12 18
12 32
12 29
12 31
12 45
12 13
12 26
12 10
12 34
12 48
12 24
23
13 44
13 2
13 1
13 22
13 8
13 31
13 37
13 19
13 18
13 16
13 26
13 42
13 25
13 21
13 17
13 9
13 43
13 0
13 23
13 33
13 39
13 27
13 34
16
14 43
14 29
14 28
14 16
14 24
14 36
14 37
14 41
14 5
14 48
14 26
14 2
14 33
14 0
14 10
14 18
24
15 2
15 39
15 28
15 29
15 41
15 47
15 40
15 27
15 42
15 8
15 1
15 46
15 34
15 14
15 7
15 30
15 44
15 24
15 11
15 5
15 9
15 38
15 22
15 3
21
16 37
16 3
16 44
16 10
16 15
16 46
16 7
16 23
16 36
16 27
16 48
16 0
16 18
16 32
16 29
16 43
16 41
16 38
16 34
16 4
16 30
22
17 32
17 5
17 20
17 26
17 11
17 34
17 22
17 14
17 8
17 0
17 18
17 43
17 31
17 1
17 16
17 30
17 37
17 35
17 41
17 9
17 15
17 2
18
18 7
18 33
18 42
18 1
18 35
18 32
18 38
18 40
18 41
18 45
18 11
18 20
18 34
18 27
18 46
18 25
18 31
18 37
22
19 17
19 15
19 16
19 7
19 1
19 5
19 44
19 11
19 6
19 8
19 23
19 40
19 20
19 37
19 29
19 27
19 18
19 39
19 4
19 14
19 38
19 0
16
20 11
20 41
20 0
20 40
20 13
20 25
20 15
20 47
20 2
20 33
20 5
20 35
20 23
20 48
20 16
20 21
15
21 11
21 32
21 35
21 14
21 1
21 42
21 45
21 9
21 49
21 44
21 40
21 15
21 46
21 27
21 18
22
22 20
22 21
22 14
22 19
22 30
22 11
22 9
22 43
22 35
22 31
22 12
22 23
22 38
22 5
22 6
22 28
22 46
22 40
22 33
22 1
22 27
22 45
16
23 14
23 7
23 3
23 47
23 29
23 44
23 0
23 42
23 12
23 8
23 33
23 25
23 34
23 18
23 24
23 21
21
24 40
24 29
24 4
24 38
24 17
24 10
24 5
24 2
24 43
24 47
24 19
24 37
24 21
24 33
24 9
24 20
24 16
24 41
24 48
24 49
24 36
20
25 22
25 47
25 43
25 14
25 30
25 49
25 34
25 24
25 29
25 41
25 27
25 38
25 19
25 31
25 8
25 42
25 1
25 39
25 33
25 28
22
26 29
26 47
26 20
26 39
26 11
26 23
26 19
26 21
26 5
26 1
26 33
26 6
26 31
26 18
26 2
26 28
26 40
26 16
26 42
26 46
26 15
26 48
16
27 10
27 2
27 47
27 36
27 4
27 32
27 24
27 6
27 30
27 38
27 17
27 26
27 28
27 48
27 5
27 12
21
28 16
28 36
28 0
28 31
28 23
28 30
28 12
28 21
28 37
28 24
28 29
28 19
28 18
28 10
28 41
28 9
28 48
28 11
28 3
28 17
28 20
18
29 21
29 47
29 35
29 2
29 13
29 27
29 3
29 41
29 18
29 38
29 49
29 40
29 11
29 46
29 20
29 34
29 32
29 45
21
30 18
30 33
30 13
30 8
30 19
30 35
30 21
30 11
30 4
30 6
30 14
30 48
30 5
30 26
30 3
30 39
30 24
30 29
30 41
30 43
30 36
19
31 49
31 21
31 32
31 44
31 0
31 38
31 10
31 5
31 29
31 20
31 27
31 11
31 14
31 8
31 19
31 6
31 1
31 2
31 43
25
32 2
32 44
32 49
32 14
32 25
32 39
32 28
32 36
32 20
32 8
32 6
32 11
32 24
32 46
32 37
32 26
32 15
32 45
32 13
32 30
32 3
32 22
32 1
32 10
32 35
20
33 19
33 21
33 27
33 1
33 31
33 42
33 2
33 15
33 39
33 6
33 29
33 17
33 44
33 32
33 0
33 34
33 16
33 47
33 43
33 40
26
34 41
34 14
34 8
34 20
34 46
34 31
34 1
34 26
34 47
34 35
34 48
34 19
34 42
34 28
34 49
34 22
34 45
34 32
34 36
34 11
34 30
34 44
34 27
34 2
34 39
34 10
19
35 44
35 15
35 8
35 49
35 13
35 36
35 9
35 24
35 10
35 43
35 7
35 48
35 37
35 3
35 16
35 14
35 1
35 31
35 26
22
36 22
36 31
36 26
36 39
36 6
36 33
36 5
36 45
36 3
36 47
36 19
36 37
36 25
36 38
36 46
36 13
36 10
36 21
36 7
36 0
36 2
36 20
16
37 47
37 6
37 27
37 33
37 12
37 25
37 31
37 23
37 15
37 30
37 21
37 29
37 34
37 5
37 46
37 42
24
38 6
38 34
38 30
38 44
38 20
38 48
38 11
38 17
38 23
38 49
38 41
38 13
38 3
38 2
38 9
38 21
38 35
38 10
38 42
38 26
38 43
38 45
38 33
38 46
24
39 31
39 17
39 46
39 28
39 12
39 44
39 6
39 2
39 38
39 5
39 20
39 24
39 40
39 22
39 18
39 41
39 3
39 35
39 11
39 37
39 43
39 29
39 10
39 16
20
40 5
40 17
40 4
40 35
40 10
40 23
40 32
40 28
40 31
40 44
40 11
40 14
40 16
40 37
40 13
40 25
40 43
40 34
40 36
40 27
10
41 47
41 22
41 35
41 21
41 40
41 9
41 26
41 7
41 33
41 1
24
42 16
42 2
42 4
42 39
42 41
42 5
42 48
42 17
42 12
42 14
42 11
42 27
42 35
42 46
42 29
42 24
42 19
42 30
42 40
42 0
42 3
42 20
42 32
42 49
18
43 29
43 37
43 0
43 27
43 28
43 6
43 4
43 42
43 26
43 19
43 41
43 1
43 18
43 5
43 9
43 32
43 36
43 15
17
44 48
44 17
44 8
44 28
44 1
44 36
44 6
44 46
44 49
44 41
44 27
44 25
44 26
44 14
44 22
44 42
44 3
24
45 19
45 44
45 42
45 33
45 41
45 30
45 48
45 40
45 9
45 13
45 16
45 6
45 23
45 46
45 37
45 5
45 39
45 31
45 35
45 47
45 0
45 49
45 28
45 14
12
46 1
46 12
46 28
46 35
46 19
46 47
46 2
46 20
46 41
46 43
46 3
46 14
17
47 49
47 40
47 42
47 1
47 48
47 18
47 43
47 30
47 16
47 14
47 31
47 19
47 35
47 4
47 6
47 44
47 13
18
48 17
48 39
48 40
48 15
48 18
48 36
48 49
48 43
48 8
48 22
48 37
48 3
48 33
48 29
48 46
48 21
48 41
48 25
19
49 43
49 46
49 5
49 7
49 10
49 39
49 26
49 30
49 18
49 28
49 16
49 0
49 19
49 8
49 37
49 22
49 20
49 23
49 2
