50
0 "A14"
1 "A42"
2 "A45"
3 "A48"
4 "A1"
5 "A5"
6 "A21"
7 "A24"
8 "A43"
9 "A0"
10 "A17"
11 "A31"
12 "A3"
13 "A8"
14 "A38"
15 "A40"
16 "A47"
17 "A22"
18 "A19"
19 "A23"
20 "A32"
21 "A27"
22 "A39"
23 "A9"
24 "A12"
25 "A13"
26 "A41"
27 "A25"
28 "A28"
29 "A49"
30 "A16"
31 "A46"
32 "A7"
33 "A35"
34 "A33"
35 "A18"
36 "A34"
37 "A20"
38 "A30"
39 "A37"
40 "A26"
41 "A11"
42 "A44"
43 "A36"
44 "A2"
45 "A4"
46 "A6"
47 "A29"
48 "A10"
49 "A15"
13
0 11
0 28
0 5
0 12
0 31
0 24
0 14
0 19
0 23
0 10
0 49
0 7
0 6
17
1 16
1 46
1 40
1 21
1 23
1 8
1 49
1 9
1 12
1 35
1 44
1 45
1 10
1 32
1 5
1 22
1 19
21
2 6
2 22
2 39
2 23
2 17
2 10
2 30
2 48
2 8
2 26
2 43
2 14
2 33
2 42
2 9
2 11
2 24
2 29
2 28
2 3
2 25
19
3 0
3 14
3 47
3 23
3 28
3 44
3 35
3 11
3 6
3 10
3 27
3 37
3 18
3 20
3 26
3 45
3 12
3 40
3 25
19
4 13
4 20
4 29
4 41
4 11
4 25
4 33
4 37
4 38
4 34
4 3
4 1
4 2
4 27
4 0
4 21
4 24
4 46
4 47
17
5 25
5 30
5 47
5 3
5 22
5 40
5 31
5 43
5 11
5 18
5 45
5 9
5 37
5 26
5 35
5 49
5 10
18
6 49
6 10
6 15
6 12
6 22
6 43
6 39
6 4
6 46
6 45
6 25
6 13
6 40
6 17
6 36
6 47
6 9
6 34
23
7 32
7 30
7 17
7 8
7 46
7 31
7 37
7 5
7 26
7 12
7 38
7 40
7 47
7 3
7 28
7 34
7 21
7 1
7 2
7 16
7 13
7 48
7 14
26
8 41
8 22
8 6
8 17
8 46
8 42
8 33
8 36
8 3
8 28
8 27
8 14
8 47
8 38
8 35
8 34
8 21
8 44
8 18
8 20
8 0
8 23
8 15
8 10
8 25
8 39
24
9 12
9 36
9 14
9 17
9 32
9 4
9 24
9 26
9 3
9 23
9 37
9 44
9 30
9 39
9 41
9 13
9 0
9 28
9 7
9 10
9 35
9 31
9 20
9 33
11
10 30
10 33
10 40
10 31
10 44
10 7
10 27
10 11
10 23
10 41
10 45
22
11 1
11 29
11 43
11 27
11 14
11 46
11 33
11 45
11 32
11 26
11 36
11 48
11 12
11 17
11 6
11 21
11 35
11 8
11 42
11 39
11 47
11 13
17
12 13
12 10
12 24
12 15
12 22
12 2
12 40
12 39
12 19
12 5
12 4
12 28
12 21
12 37
12 27
12 32
12 47
19
13 32
13 17
13 5
13 16
13 8
13 10
13 0
13 1
13 20
13 45
13 34
13 3
13 19
13 26
13 25
13 24
13 47
13 22
13 30
19
14 6
14 29
14 4
14 22
14 12
14 21
14 17
14 13
14 36
14 33
14 10
14 27
14 38
14 24
14 42
14 44
14 45
14 49
14 30
20
15 9
15 19
15 25
15 36
15 7
15 5
15 40
15 33
15 10
15 30
15 47
15 42
15 38
15 18
15 2
15 32
15 43
15 4
15 0
15 23
23
16 40
16 30
16 11
16 6
16 3
16 23
16 26
16 39
16 17
16 10
16 4
16 48
16 31
16 18
16 5
16 41
16 27
16 12
16 22
16 46
16 29
16 38
16 44
19
17 30
17 1
17 12
17 29
17 46
17 40
17 15
17 49
17 3
17 23
17 20
17 0
17 38
17 31
17 10
17 47
17 35
17 34
17 39
23
18 29
18 48
18 27
18 31
18 34
18 2
18 10
18 39
18 17
18 25
18 35
18 12
18 11
18 44
18 0
18 6
18 47
18 19
18 13
18 4
18 38
18 45
18 9
20
19 6
19 22
19 5
19 8
19 32
19 47
19 24
19 16
19 17
19 27
19 38
19 11
19 9
19 26
19 34
19 44
19 46
19 25
19 39
19 14
20
20 22
20 0
20 21
20 1
20 26
20 2
20 41
20 15
20 11
20 10
20 49
20 6
20 7
20 36
20 29
20 5
20 30
20 40
20 12
20 37
19
21 18
21 38
21 15
21 19
21 32
21 16
21 36
21 43
21 39
21 37
21 41
21 46
21 0
21 13
21 34
21 33
21 17
21 44
21 2
15
22 31
22 41
22 36
22 30
22 25
22 0
22 28
22 48
22 7
22 3
22 21
22 34
22 40
22 18
22 15
15
23 26
23 19
23 37
23 4
23 12
23 42
23 7
23 14
23 45
23 44
23 11
23 5
23 29
23 22
23 33
25
24 8
24 32
24 34
24 44
24 41
24 5
24 3
24 29
24 23
24 1
24 17
24 15
24 42
24 16
24 10
24 7
24 40
24 31
24 20
24 26
24 18
24 28
24 48
24 47
24 21
17
25 14
25 35
25 10
25 11
25 0
25 29
25 9
25 44
25 48
25 23
25 17
25 34
25 38
25 12
25 20
25 21
25 31
19
26 33
26 6
26 28
26 14
26 1
26 8
26 4
26 47
26 35
26 17
26 36
26 31
26 18
26 49
26 15
26 10
26 43
26 48
26 21
15
27 15
27 0
27 25
27 23
27 20
27 1
27 33
27 26
27 37
27 17
27 44
27 13
27 45
27 2
27 21
23
28 5
28 32
28 36
28 38
28 44
28 4
28 31
28 27
28 14
28 37
28 1
28 29
28 25
28 23
28 30
28 33
28 49
28 6
28 18
28 13
28 40
28 34
28 21
13
29 49
29 8
29 0
29 5
29 6
29 3
29 47
29 44
29 9
29 31
29 19
29 34
29 15
20
30 29
30 23
30 27
30 33
30 26
30 38
30 42
30 4
30 46
30 12
30 32
30 0
30 49
30 11
30 6
30 40
30 21
30 8
30 1
30 18
15
31 14
31 46
31 4
31 34
31 21
31 1
31 49
31 19
31 20
31 37
31 30
31 48
31 6
31 27
31 39
22
32 16
32 47
32 41
32 8
32 6
32 25
32 10
32 42
32 3
32 35
32 0
32 23
32 17
32 29
32 5
32 4
32 2
32 18
32 34
32 27
32 14
32 31
24
33 18
33 12
33 43
33 20
33 32
33 36
33 1
33 5
33 48
33 49
33 22
33 6
33 40
33 19
33 25
33 31
33 41
33 7
33 13
33 3
33 42
33 0
33 17
33 24
19
34 44
34 11
34 26
34 20
34 42
34 30
34 39
34 40
34 10
34 1
34 38
34 0
34 16
34 33
34 12
34 23
34 15
34 14
34 5
26
35 29
35 20
35 30
35 36
35 37
35 22
35 12
35 13
35 27
35 2
35 10
35 4
35 46
35 7
35 21
35 16
35 40
35 47
35 19
35 44
35 41
35 0
35 31
35 33
35 28
35 6
21
36 1
36 49
36 23
36 4
36 42
36 43
36 45
36 12
36 18
36 27
36 10
36 31
36 44
36 2
36 16
36 5
36 34
36 19
36 38
36 30
36 47
16
37 32
37 1
37 46
37 30
37 34
37 36
37 6
37 13
37 2
37 22
37 11
37 14
37 40
37 43
37 10
37 19
22
38 46
38 42
38 41
38 26
38 33
38 29
38 35
38 2
38 49
38 20
38 11
38 24
38 48
38 37
38 22
38 12
38 3
38 1
38 5
38 0
38 47
38 27
24
39 37
39 5
39 0
39 32
39 29
39 40
39 26
39 43
39 46
39 36
39 23
39 10
39 30
39 28
39 33
39 45
39 42
39 1
39 4
39 25
39 44
39 13
39 48
39 38
19
40 11
40 27
40 26
40 47
40 44
40 43
40 4
40 29
40 38
40 13
40 14
40 9
40 19
40 41
40 46
40 25
40 18
40 36
40 2
24
41 0
41 17
41 12
41 29
41 31
41 14
41 13
41 23
41 44
41 49
41 11
41 1
41 3
41 7
41 37
41 18
41 39
41 25
41 6
41 28
41 2
41 5
41 15
41 34
18
42 29
42 1
42 9
42 12
42 17
42 16
42 41
42 13
42 37
42 19
42 20
42 6
42 3
42 45
42 10
42 27
42 21
42 28
24
43 10
43 38
43 28
43 41
43 0
43 35
43 25
43 44
43 17
43 19
43 16
43 24
43 34
43 12
43 27
43 3
43 30
43 49
43 29
43 45
43 9
43 14
43 13
43 23
17
44 46
44 30
44 37
44 4
44 5
44 26
44 42
44 2
44 49
44 22
44 11
44 31
44 33
44 0
44 48
44 47
44 6
21
45 34
45 31
45 12
45 15
45 40
45 37
45 7
45 41
45 8
45 44
45 0
45 29
45 19
45 48
45 4
45 32
45 21
45 22
45 35
45 38
45 28
17
46 32
46 24
46 41
46 27
46 33
46 9
46 15
46 43
46 10
46 28
46 12
46 13
46 42
46 25
46 23
46 2
46 36
16
47 14
47 49
47 10
47 0
47 37
47 23
47 33
47 1
47 27
47 22
47 43
47 42
47 31
47 21
47 20
47 45
22
48 35
48 8
48 3
48 46
48 9
48 43
48 14
48 4
48 17
48 5
48 1
48 49
48 15
48 0
48 21
48 27
48 12
48 47
48 20
48 23
48 29
48 42
22
49 46
49 7
49 37
49 27
49 39
49 34
49 42
49 21
49 3
49 45
49 18
49 35
49 4
49 13
49 32
49 2
49 16
49 10
49 40
49 22
49 12
49 8
