50
0 "A45"
1 "A46"
2 "A1"
3 "A3"
4 "A11"
5 "A20"
6 "A12"
7 "A48"
8 "A40"
9 "A14"
10 "A31"
11 "A38"
12 "A22"
13 "A29"
14 "A37"
15 "A28"
16 "A33"
17 "A2"
18 "A5"
19 "A10"
20 "A47"
21 "A15"
22 "A13"
23 "A21"
24 "A24"
25 "A32"
26 "A18"
27 "A27"
28 "A30"
29 "A6"
30 "A0"
31 "A39"
32 "A16"
33 "A8"
34 "A9"
35 "A44"
36 "A4"
37 "A26"
38 "A43"
39 "A42"
40 "A19"
41 "A41"
42 "A25"
43 "A17"
44 "A23"
45 "A35"
46 "A36"
47 "A34"
48 "A49"
49 "A7"
23
0 38
0 28
0 46
0 31
0 11
0 5
0 40
0 2
0 43
0 35
0 47
0 24
0 17
0 14
0 44
0 27
0 29
0 15
0 10
0 45
0 37
0 25
0 41
20
1 0
1 48
1 39
1 17
1 31
1 46
1 7
1 14
1 13
1 23
1 43
1 22
1 27
1 20
1 5
1 3
1 30
1 32
1 41
1 45
17
2 48
2 15
2 1
2 9
2 33
2 23
2 18
2 6
2 34
2 39
2 44
2 42
2 8
2 30
2 49
2 47
2 3
22
3 12
3 5
3 24
3 44
3 32
3 27
3 0
3 21
3 33
3 31
3 34
3 18
3 10
3 29
3 11
3 8
3 35
3 26
3 16
3 22
3 42
3 19
17
4 0
4 48
4 35
4 5
4 22
4 30
4 16
4 26
4 2
4 13
4 44
4 41
4 32
4 6
4 49
4 20
4 7
16
5 48
5 39
5 23
5 7
5 15
5 43
5 41
5 12
5 2
5 29
5 47
5 45
5 11
5 20
5 19
5 21
23
6 47
6 14
6 41
6 24
6 25
6 34
6 3
6 31
6 28
6 8
6 36
6 22
6 1
6 44
6 42
6 23
6 32
6 7
6 46
6 9
6 15
6 18
6 0
18
7 18
7 30
7 36
7 45
7 11
7 41
7 34
7 28
7 31
7 26
7 17
7 42
7 37
7 33
7 32
7 43
7 10
7 2
15
8 35
8 47
8 49
8 22
8 25
8 33
8 7
8 16
8 26
8 17
8 1
8 9
8 43
8 39
8 44
17
9 23
9 33
9 27
9 21
9 17
9 20
9 43
9 41
9 42
9 28
9 49
9 35
9 14
9 7
9 3
9 1
9 24
20
10 45
10 28
10 23
10 18
10 40
10 14
10 8
10 16
10 19
10 46
10 31
10 32
10 21
10 44
10 20
10 5
10 43
10 1
10 29
10 4
18
11 38
11 1
11 21
11 41
11 14
11 46
11 48
11 16
11 28
11 45
11 8
11 13
11 2
11 35
11 10
11 25
11 40
11 42
15
12 0
12 39
12 31
12 4
12 41
12 14
12 2
12 45
12 26
12 15
12 9
12 6
12 32
12 19
12 27
21
13 7
13 6
13 37
13 45
13 0
13 16
13 33
13 44
13 43
13 42
13 10
13 40
13 46
13 32
13 30
13 22
13 3
13 25
13 49
13 8
13 28
10
14 32
14 26
14 49
14 33
14 18
14 4
14 37
14 47
14 2
14 7
25
15 21
15 38
15 9
15 34
15 10
15 14
15 40
15 18
15 33
15 13
15 37
15 1
15 45
15 16
15 41
15 44
15 39
15 3
15 43
15 49
15 22
15 20
15 11
15 17
15 8
22
16 45
16 9
16 1
16 48
16 42
16 44
16 39
16 19
16 35
16 46
16 17
16 33
16 34
16 2
16 31
16 28
16 12
16 36
16 7
16 27
16 0
16 40
18
17 4
17 24
17 3
17 19
17 26
17 34
17 36
17 18
17 28
17 29
17 6
17 27
17 38
17 13
17 12
17 2
17 32
17 20
21
18 45
18 29
18 9
18 46
18 22
18 32
18 42
18 28
18 44
18 37
18 47
18 31
18 11
18 13
18 1
18 36
18 5
18 35
18 30
18 43
18 4
23
19 44
19 9
19 37
19 41
19 26
19 40
19 6
19 23
19 45
19 8
19 15
19 32
19 24
19 39
19 47
19 4
19 14
19 13
19 25
19 33
19 7
19 49
19 46
20
20 35
20 18
20 19
20 14
20 21
20 16
20 28
20 0
20 8
20 47
20 12
20 22
20 43
20 6
20 45
20 26
20 31
20 27
20 37
20 49
20
21 42
21 12
21 33
21 45
21 13
21 31
21 49
21 8
21 6
21 18
21 22
21 30
21 4
21 47
21 16
21 35
21 24
21 39
21 7
21 14
21
22 29
22 10
22 40
22 38
22 11
22 14
22 31
22 5
22 19
22 44
22 27
22 24
22 12
22 33
22 16
22 47
22 30
22 36
22 9
22 42
22 7
24
23 16
23 3
23 15
23 18
23 21
23 31
23 25
23 38
23 22
23 43
23 47
23 13
23 4
23 11
23 42
23 17
23 41
23 33
23 28
23 14
23 34
23 29
23 27
23 0
21
24 2
24 29
24 12
24 5
24 30
24 18
24 42
24 11
24 44
24 27
24 1
24 39
24 43
24 13
24 28
24 7
24 49
24 25
24 8
24 14
24 15
20
25 4
25 40
25 12
25 22
25 18
25 20
25 48
25 9
25 16
25 1
25 5
25 2
25 10
25 17
25 15
25 7
25 3
25 43
25 44
25 38
18
26 21
26 24
26 42
26 22
26 13
26 23
26 25
26 33
26 27
26 18
26 5
26 1
26 11
26 46
26 2
26 15
26 32
26 47
16
27 6
27 34
27 11
27 10
27 47
27 32
27 14
27 15
27 39
27 37
27 25
27 48
27 8
27 33
27 4
27 21
15
28 42
28 29
28 34
28 26
28 27
28 46
28 49
28 21
28 44
28 2
28 31
28 30
28 39
28 25
28 4
19
29 14
29 21
29 42
29 45
29 7
29 40
29 13
29 27
29 8
29 2
29 38
29 19
29 44
29 25
29 49
29 39
29 4
29 6
29 20
25
30 26
30 10
30 27
30 25
30 40
30 45
30 11
30 35
30 23
30 8
30 38
30 5
30 44
30 39
30 9
30 34
30 36
30 14
30 0
30 16
30 3
30 46
30 32
30 42
30 37
18
31 25
31 13
31 9
31 5
31 2
31 19
31 24
31 29
31 27
31 8
31 42
31 37
31 41
31 11
31 49
31 14
31 30
31 35
21
32 11
32 28
32 0
32 29
32 35
32 15
32 42
32 49
32 9
32 20
32 48
32 16
32 40
32 37
32 2
32 25
32 31
32 33
32 8
32 23
32 24
14
33 12
33 17
33 31
33 40
33 10
33 39
33 30
33 45
33 6
33 1
33 43
33 24
33 29
33 49
21
34 21
34 31
34 35
34 13
34 36
34 39
34 12
34 42
34 37
34 5
34 1
34 9
34 0
34 44
34 22
34 33
34 38
34 32
34 19
34 29
34 11
22
35 14
35 15
35 39
35 1
35 13
35 6
35 47
35 12
35 40
35 48
35 7
35 33
35 17
35 26
35 29
35 22
35 5
35 28
35 2
35 45
35 44
35 10
23
36 8
36 47
36 46
36 15
36 24
36 23
36 31
36 13
36 28
36 12
36 32
36 42
36 38
36 14
36 1
36 20
36 11
36 3
36 43
36 29
36 5
36 4
36 25
20
37 6
37 48
37 17
37 25
37 33
37 29
37 28
37 8
37 40
37 22
37 16
37 1
37 46
37 35
37 24
37 39
37 12
37 10
37 11
37 9
23
38 31
38 27
38 20
38 33
38 39
38 24
38 28
38 4
38 48
38 13
38 10
38 47
38 16
38 43
38 18
38 32
38 44
38 14
38 9
38 12
38 7
38 8
38 1
17
39 25
39 49
39 9
39 36
39 42
39 22
39 48
39 4
39 26
39 3
39 10
39 7
39 20
39 18
39 17
39 6
39 31
22
40 18
40 1
40 27
40 21
40 4
40 5
40 38
40 6
40 3
40 20
40 47
40 2
40 31
40 36
40 12
40 8
40 24
40 7
40 9
40 48
40 39
40 44
23
41 22
41 10
41 25
41 3
41 44
41 36
41 16
41 20
41 28
41 2
41 45
41 48
41 33
41 8
41 13
41 17
41 30
41 14
41 37
41 21
41 40
41 32
41 27
22
42 35
42 41
42 47
42 0
42 8
42 17
42 40
42 10
42 38
42 14
42 5
42 45
42 27
42 19
42 25
42 49
42 43
42 1
42 33
42 15
42 20
42 37
18
43 22
43 16
43 41
43 37
43 31
43 45
43 30
43 47
43 12
43 27
43 26
43 11
43 17
43 46
43 6
43 29
43 35
43 28
18
44 47
44 32
44 17
44 37
44 1
44 20
44 45
44 36
44 14
44 5
44 27
44 39
44 12
44 43
44 9
44 26
44 11
44 31
19
45 36
45 14
45 32
45 46
45 2
45 23
45 28
45 26
45 17
45 9
45 25
45 37
45 38
45 47
45 40
45 31
45 34
45 39
45 4
20
46 17
46 44
46 29
46 8
46 3
46 20
46 39
46 34
46 27
46 4
46 15
46 40
46 48
46 9
46 7
46 14
46 5
46 41
46 12
46 32
18
47 37
47 48
47 39
47 28
47 25
47 1
47 41
47 13
47 3
47 7
47 15
47 31
47 30
47 32
47 16
47 24
47 34
47 4
20
48 23
48 12
48 8
48 30
48 42
48 19
48 34
48 0
48 26
48 21
48 17
48 18
48 29
48 14
48 10
48 3
48 31
48 43
48 22
48 44
21
49 43
49 7
49 6
49 10
49 37
49 44
49 45
49 17
49 38
49 40
49 26
49 47
49 18
49 5
49 30
49 11
49 48
49 25
49 46
49 35
49 22
