50
0 "A45"
1 "A46"
2 "A1"
3 "A3"
4 "A11"
5 "A20"
6 "A12"
7 "A48"
8 "A40"
9 "A14"
10 "A31"
11 "A38"
12 "A22"
13 "A29"
14 "A37"
15 "A28"
16 "A33"
17 "A2"
18 "A5"
19 "A10"
20 "A47"
21 "A15"
22 "A13"
23 "A21"
24 "A24"
25 "A32"
26 "A18"
27 "A27"
28 "A30"
29 "A6"
30 "A0"
31 "A39"
32 "A16"
33 "A8"
34 "A9"
35 "A44"
36 "A4"
37 "A26"
38 "A43"
39 "A42"
40 "A19"
41 "A41"
42 "A25"
43 "A17"
44 "A23"
45 "A35"
46 "A36"
47 "A34"
48 "A49"
49 "A7"
23
0 36
0 28
0 29
0 2
0 12
0 49
0 43
0 47
0 15
0 14
0 37
0 42
0 4
0 31
0 18
0 41
0 3
0 21
0 24
0 16
0 5
0 44
0 46
16
1 18
1 7
1 27
1 25
1 8
1 46
1 12
1 28
1 43
1 37
1 0
1 23
1 14
1 47
1 33
1 5
14
2 21
2 33
2 5
2 32
2 49
2 28
2 44
2 4
2 20
2 29
2 27
2 11
2 1
2 26
19
3 38
3 40
3 28
3 25
3 34
3 36
3 39
3 12
3 42
3 30
3 21
3 20
3 45
3 8
3 29
3 44
3 16
3 2
3 17
18
4 30
4 37
4 36
4 29
4 19
4 31
4 20
4 28
4 44
4 22
4 9
4 35
4 40
4 26
4 33
4 1
4 5
4 41
21
5 47
5 6
5 18
5 45
5 3
5 19
5 12
5 22
5 13
5 14
5 7
5 9
5 25
5 16
5 23
5 27
5 26
5 36
5 44
5 49
5 33
16
6 27
6 32
6 24
6 18
6 1
6 19
6 42
6 10
6 30
6 0
6 8
6 49
6 7
6 40
6 15
6 41
21
7 26
7 33
7 38
7 29
7 4
7 45
7 14
7 28
7 34
7 20
7 13
7 48
7 11
7 17
7 47
7 0
7 16
7 3
7 15
7 44
7 21
20
8 48
8 4
8 11
8 29
8 5
8 43
8 32
8 24
8 31
8 41
8 7
8 27
8 12
8 20
8 17
8 34
8 2
8 45
8 36
8 16
22
9 31
9 36
9 34
9 35
9 45
9 2
9 28
9 13
9 18
9 20
9 8
9 21
9 0
9 42
9 3
9 33
9 11
9 7
9 37
9 10
9 17
9 38
22
10 29
10 32
10 5
10 0
10 48
10 8
10 13
10 14
10 1
10 12
10 7
10 49
10 33
10 27
10 20
10 23
10 35
10 15
10 3
10 34
10 2
10 38
24
11 35
11 20
11 14
11 37
11 6
11 18
11 31
11 3
11 5
11 34
11 23
11 22
11 41
11 33
11 10
11 47
11 42
11 28
11 36
11 16
11 27
11 17
11 19
11 25
16
12 42
12 24
12 49
12 38
12 6
12 27
12 25
12 15
12 47
12 11
12 33
12 17
12 7
12 4
12 14
12 9
16
13 48
13 40
13 20
13 33
13 22
13 41
13 17
13 28
13 1
13 19
13 34
13 6
13 4
13 35
13 3
13 37
11
14 44
14 38
14 46
14 20
14 17
14 15
14 27
14 40
14 26
14 34
14 13
22
15 20
15 40
15 23
15 4
15 22
15 9
15 19
15 39
15 46
15 32
15 30
15 26
15 36
15 38
15 5
15 35
15 44
15 47
15 41
15 2
15 17
15 48
20
16 22
16 29
16 15
16 25
16 44
16 36
16 19
16 1
16 49
16 33
16 21
16 40
16 23
16 12
16 4
16 13
16 38
16 17
16 10
16 24
17
17 19
17 1
17 0
17 34
17 2
17 49
17 18
17 45
17 25
17 38
17 41
17 47
17 36
17 10
17 44
17 24
17 40
16
18 7
18 2
18 46
18 24
18 12
18 34
18 15
18 38
18 26
18 19
18 4
18 36
18 8
18 37
18 13
18 16
14
19 36
19 33
19 38
19 0
19 26
19 25
19 30
19 1
19 21
19 46
19 10
19 34
19 8
19 42
20
20 18
20 21
20 33
20 49
20 28
20 35
20 34
20 25
20 22
20 1
20 17
20 0
20 6
20 19
20 43
20 24
20 12
20 39
20 42
20 36
21
21 17
21 6
21 38
21 22
21 1
21 25
21 26
21 4
21 24
21 40
21 14
21 46
21 8
21 34
21 30
21 32
21 42
21 35
21 23
21 13
21 18
23
22 17
22 49
22 10
22 2
22 29
22 7
22 34
22 38
22 9
22 1
22 36
22 19
22 0
22 12
22 41
22 8
22 47
22 23
22 18
22 45
22 14
22 28
22 42
23
23 32
23 18
23 17
23 20
23 28
23 49
23 46
23 38
23 14
23 47
23 9
23 2
23 4
23 12
23 44
23 6
23 3
23 19
23 7
23 34
23 0
23 8
23 43
19
24 26
24 13
24 23
24 31
24 25
24 49
24 36
24 40
24 7
24 10
24 2
24 4
24 33
24 27
24 19
24 3
24 1
24 42
24 5
22
25 48
25 33
25 44
25 34
25 40
25 9
25 41
25 14
25 43
25 32
25 10
25 2
25 29
25 31
25 0
25 6
25 35
25 7
25 37
25 47
25 23
25 39
22
26 22
26 42
26 28
26 23
26 8
26 41
26 40
26 34
26 17
26 13
26 30
26 20
26 46
26 3
26 1
26 25
26 36
26 11
26 33
26 6
26 0
26 43
22
27 34
27 20
27 46
27 45
27 0
27 38
27 26
27 15
27 25
27 39
27 17
27 4
27 29
27 19
27 13
27 9
27 48
27 18
27 30
27 3
27 21
27 23
19
28 42
28 40
28 38
28 48
28 30
28 33
28 8
28 45
28 41
28 37
28 27
28 18
28 19
28 25
28 10
28 21
28 46
28 39
28 6
27
29 13
29 48
29 11
29 1
29 44
29 15
29 43
29 14
29 21
29 12
29 47
29 5
29 38
29 42
29 28
29 17
29 6
29 46
29 24
29 49
29 20
29 36
29 23
29 19
29 35
29 9
29 18
21
30 47
30 33
30 35
30 8
30 43
30 10
30 36
30 2
30 23
30 44
30 37
30 12
30 13
30 0
30 31
30 9
30 17
30 11
30 1
30 42
30 16
30
31 12
31 37
31 29
31 10
31 42
31 15
31 22
31 21
31 26
31 36
31 6
31 39
31 40
31 17
31 20
31 1
31 16
31 14
31 33
31 7
31 47
31 34
31 5
31 45
31 27
31 23
31 48
31 49
31 46
31 19
24
32 4
32 37
32 16
32 0
32 29
32 9
32 30
32 17
32 28
32 24
32 46
32 5
32 44
32 43
32 18
32 20
32 42
32 19
32 14
32 7
32 13
32 40
32 26
32 41
18
33 17
33 8
33 27
33 32
33 14
33 48
33 39
33 0
33 21
33 22
33 29
33 40
33 6
33 46
33 38
33 36
33 23
33 15
12
34 6
34 29
34 1
34 40
34 12
34 45
34 4
34 5
34 24
34 48
34 15
34 16
21
35 5
35 18
35 49
35 46
35 7
35 23
35 40
35 8
35 45
35 28
35 26
35 16
35 24
35 6
35 38
35 48
35 31
35 34
35 33
35 19
35 3
15
36 41
36 39
36 23
36 42
36 44
36 48
36 14
36 32
36 28
36 12
36 27
36 13
36 2
36 21
36 7
24
37 14
37 34
37 16
37 22
37 42
37 20
37 35
37 3
37 26
37 38
37 29
37 23
37 24
37 21
37 46
37 48
37 8
37 5
37 49
37 15
37 33
37 10
37 19
37 44
17
38 45
38 32
38 47
38 40
38 4
38 34
38 8
38 13
38 46
38 11
38 6
38 36
38 0
38 30
38 44
38 1
38 31
30
39 13
39 45
39 8
39 19
39 17
39 29
39 4
39 18
39 44
39 40
39 9
39 10
39 46
39 0
39 47
39 21
39 42
39 11
39 34
39 12
39 5
39 23
39 32
39 38
39 7
39 1
39 22
39 16
39 14
39 48
8
40 2
40 43
40 9
40 5
40 20
40 36
40 22
40 42
20
41 9
41 7
41 10
41 42
41 19
41 24
41 1
41 37
41 3
41 31
41 44
41 14
41 23
41 39
41 30
41 5
41 38
41 16
41 21
41 2
17
42 27
42 7
42 49
42 25
42 34
42 35
42 4
42 2
42 43
42 33
42 38
42 18
42 17
42 46
42 10
42 16
42 13
22
43 10
43 13
43 22
43 28
43 27
43 33
43 41
43 24
43 34
43 17
43 21
43 39
43 11
43 2
43 37
43 35
43 3
43 12
43 38
43 4
43 14
43 6
21
44 42
44 26
44 34
44 45
44 10
44 9
44 27
44 31
44 33
44 13
44 46
44 12
44 11
44 35
44 24
44 20
44 47
44 28
44 40
44 8
44 43
22
45 0
45 2
45 1
45 48
45 43
45 19
45 30
45 29
45 11
45 42
45 14
45 36
45 12
45 18
45 25
45 32
45 10
45 46
45 41
45 37
45 33
45 40
13
46 12
46 4
46 13
46 7
46 41
46 3
46 16
46 43
46 6
46 8
46 40
46 36
46 2
18
47 41
47 6
47 4
47 45
47 21
47 42
47 27
47 20
47 33
47 8
47 37
47 28
47 16
47 10
47 24
47 35
47 19
47 3
24
48 47
48 38
48 41
48 43
48 1
48 22
48 18
48 19
48 12
48 44
48 16
48 49
48 24
48 11
48 42
48 17
48 2
48 6
48 26
48 46
48 9
48 32
48 14
48 0
17
49 9
49 43
49 19
49 32
49 7
49 25
49 14
49 18
49 33
49 41
49 27
49 40
49 45
49 28
49 34
49 26
49 4
