50
0 "A45"
1 "A46"
2 "A1"
3 "A3"
4 "A11"
5 "A20"
6 "A12"
7 "A48"
8 "A40"
9 "A14"
10 "A31"
11 "A38"
12 "A22"
13 "A29"
14 "A37"
15 "A28"
16 "A33"
17 "A2"
18 "A5"
19 "A10"
20 "A47"
21 "A15"
22 "A13"
23 "A21"
24 "A24"
25 "A32"
26 "A18"
27 "A27"
28 "A30"
29 "A6"
30 "A0"
31 "A39"
32 "A16"
33 "A8"
34 "A9"
35 "A44"
36 "A4"
37 "A26"
38 "A43"
39 "A42"
40 "A19"
41 "A41"
42 "A25"
43 "A17"
44 "A23"
45 "A35"
46 "A36"
47 "A34"
48 "A49"
49 "A7"
16
0 46
0 6
0 28
0 34
0 29
0 22
0 42
0 11
0 16
0 18
0 5
0 15
0 20
0 44
0 41
0 4
18
1 25
1 0
1 15
1 26
1 37
1 8
1 33
1 49
1 27
1 30
1 9
1 12
1 3
1 10
1 40
1 17
1 47
1 46
11
2 34
2 6
2 11
2 27
2 8
2 13
2 5
2 28
2 49
2 10
2 33
22
3 0
3 22
3 25
3 16
3 40
3 31
3 37
3 36
3 6
3 29
3 41
3 17
3 26
3 2
3 48
3 39
3 21
3 44
3 4
3 35
3 28
3 33
17
4 21
4 33
4 41
4 12
4 20
4 6
4 9
4 36
4 11
4 7
4 35
4 13
4 1
4 18
4 40
4 27
4 31
19
5 39
5 19
5 10
5 8
5 33
5 42
5 26
5 30
5 18
5 14
5 27
5 1
5 49
5 11
5 43
5 44
5 17
5 12
5 20
19
6 30
6 22
6 16
6 33
6 28
6 24
6 40
6 37
6 1
6 19
6 10
6 5
6 14
6 32
6 7
6 8
6 15
6 49
6 17
17
7 10
7 8
7 11
7 44
7 21
7 42
7 47
7 32
7 45
7 9
7 1
7 40
7 48
7 14
7 46
7 0
7 33
18
8 24
8 32
8 43
8 10
8 35
8 11
8 19
8 25
8 48
8 0
8 20
8 36
8 4
8 34
8 3
8 17
8 18
8 33
24
9 3
9 30
9 14
9 17
9 36
9 45
9 10
9 6
9 18
9 21
9 20
9 15
9 24
9 34
9 22
9 32
9 33
9 27
9 13
9 35
9 28
9 31
9 47
9 19
18
10 14
10 18
10 38
10 13
10 20
10 49
10 27
10 21
10 30
10 29
10 11
10 19
10 12
10 3
10 28
10 46
10 17
10 43
19
11 41
11 35
11 27
11 15
11 23
11 47
11 42
11 37
11 13
11 16
11 1
11 20
11 31
11 3
11 33
11 9
11 18
11 6
11 32
17
12 29
12 11
12 14
12 3
12 16
12 37
12 32
12 22
12 27
12 42
12 33
12 8
12 34
12 43
12 6
12 38
12 15
18
13 17
13 1
13 23
13 43
13 5
13 0
13 29
13 19
13 16
13 3
13 34
13 35
13 8
13 7
13 20
13 12
13 39
13 6
19
14 41
14 15
14 44
14 2
14 46
14 0
14 49
14 28
14 19
14 17
14 35
14 34
14 13
14 24
14 27
14 26
14 39
14 4
14 16
26
15 39
15 32
15 37
15 2
15 25
15 27
15 10
15 5
15 40
15 38
15 41
15 20
15 30
15 13
15 44
15 4
15 16
15 19
15 43
15 34
15 36
15 24
15 3
15 8
15 21
15 45
17
16 20
16 21
16 10
16 47
16 9
16 29
16 26
16 17
16 49
16 38
16 5
16 4
16 7
16 1
16 8
16 42
16 24
14
17 41
17 0
17 38
17 11
17 28
17 37
17 12
17 43
17 18
17 21
17 45
17 49
17 15
17 19
20
18 1
18 15
18 13
18 12
18 14
18 24
18 7
18 16
18 27
18 38
18 36
18 6
18 28
18 41
18 35
18 26
18 34
18 46
18 45
18 3
16
19 22
19 12
19 3
19 7
19 42
19 30
19 4
19 37
19 0
19 11
19 33
19 27
19 36
19 40
19 16
19 26
22
20 32
20 33
20 25
20 23
20 43
20 28
20 19
20 1
20 17
20 21
20 26
20 39
20 38
20 35
20 29
20 7
20 30
20 36
20 22
20 6
20 12
20 27
17
21 6
21 33
21 8
21 13
21 18
21 12
21 35
21 32
21 38
21 5
21 26
21 1
21 2
21 44
21 30
21 47
21 34
20
22 23
22 5
22 17
22 21
22 29
22 27
22 8
22 47
22 11
22 1
22 40
22 36
22 49
22 18
22 33
22 10
22 2
22 25
22 41
22 35
22
23 0
23 7
23 21
23 4
23 5
23 44
23 45
23 18
23 30
23 26
23 1
23 28
23 15
23 19
23 2
23 6
23 48
23 8
23 36
23 3
23 12
23 29
17
24 21
24 2
24 44
24 39
24 13
24 19
24 12
24 10
24 27
24 26
24 17
24 36
24 20
24 30
24 7
24 38
24 0
21
25 33
25 48
25 32
25 36
25 31
25 35
25 14
25 43
25 16
25 12
25 5
25 10
25 6
25 0
25 47
25 17
25 44
25 13
25 30
25 2
25 29
20
26 13
26 6
26 37
26 11
26 41
26 17
26 22
26 48
26 9
26 7
26 0
26 12
26 28
26 15
26 36
26 10
26 25
26 34
26 43
26 29
17
27 17
27 47
27 26
27 3
27 25
27 46
27 29
27 8
27 39
27 41
27 40
27 28
27 13
27 33
27 16
27 0
27 23
18
28 13
28 21
28 4
28 37
28 15
28 30
28 19
28 46
28 45
28 25
28 41
28 39
28 31
28 16
28 5
28 24
28 1
28 40
21
29 49
29 35
29 6
29 15
29 31
29 41
29 47
29 33
29 7
29 1
29 42
29 40
29 4
29 11
29 17
29 36
29 14
29 30
29 19
29 21
29 48
19
30 42
30 47
30 4
30 38
30 35
30 0
30 12
30 7
30 2
30 22
30 13
30 26
30 37
30 43
30 33
30 8
30 17
30 16
30 39
30
31 19
31 36
31 22
31 45
31 0
31 37
31 23
31 15
31 34
31 7
31 1
31 41
31 43
31 38
31 40
31 6
31 5
31 17
31 14
31 8
31 46
31 10
31 12
31 27
31 48
31 24
31 26
31 13
31 20
31 30
23
32 14
32 24
32 16
32 0
32 10
32 44
32 40
32 35
32 28
32 19
32 46
32 29
32 22
32 4
32 42
32 23
32 41
32 39
32 18
32 43
32 26
32 2
32 31
13
33 13
33 14
33 10
33 39
33 24
33 35
33 17
33 15
33 18
33 26
33 23
33 38
33 0
20
34 27
34 40
34 22
34 45
34 5
34 20
34 36
34 29
34 10
34 11
34 25
34 23
34 39
34 7
34 44
34 6
34 30
34 4
34 19
34 1
17
35 6
35 42
35 23
35 36
35 26
35 1
35 47
35 39
35 28
35 34
35 15
35 44
35 10
35 5
35 43
35 45
35 2
17
36 16
36 37
36 32
36 40
36 30
36 12
36 17
36 2
36 11
36 7
36 14
36 45
36 41
36 21
36 1
36 10
36 33
25
37 40
37 0
37 35
37 24
37 16
37 45
37 20
37 34
37 18
37 44
37 10
37 46
37 5
37 9
37 4
37 21
37 8
37 29
37 23
37 13
37 33
37 48
37 14
37 27
37 2
24
38 40
38 25
38 4
38 3
38 8
38 13
38 23
38 43
38 28
38 19
38 11
38 5
38 37
38 7
38 0
38 46
38 22
38 26
38 1
38 49
38 36
38 29
38 34
38 2
22
39 48
39 0
39 37
39 6
39 23
39 4
39 18
39 7
39 9
39 21
39 22
39 25
39 36
39 29
39 38
39 8
39 17
39 1
39 11
39 12
39 10
39 47
19
40 41
40 2
40 14
40 13
40 5
40 11
40 21
40 0
40 25
40 26
40 9
40 18
40 30
40 42
40 33
40 39
40 49
40 23
40 20
25
41 33
41 12
41 7
41 10
41 42
41 45
41 8
41 24
41 30
41 20
41 19
41 2
41 49
41 5
41 6
41 25
41 23
41 16
41 34
41 38
41 37
41 21
41 48
41 9
41 44
20
42 33
42 31
42 45
42 43
42 13
42 25
42 28
42 17
42 38
42 26
42 46
42 49
42 22
42 37
42 14
42 36
42 4
42 24
42 10
42 2
21
43 2
43 24
43 39
43 27
43 7
43 21
43 29
43 41
43 3
43 40
43 0
43 36
43 28
43 16
43 6
43 22
43 1
43 14
43 19
43 23
43 34
22
44 30
44 20
44 45
44 6
44 42
44 29
44 11
44 36
44 33
44 13
44 8
44 16
44 43
44 4
44 19
44 9
44 40
44 48
44 38
44 26
44 39
44 12
21
45 6
45 13
45 33
45 39
45 48
45 46
45 25
45 22
45 12
45 21
45 2
45 14
45 10
45 32
45 16
45 8
45 3
45 0
45 38
45 26
45 5
19
46 8
46 5
46 13
46 47
46 2
46 25
46 30
46 43
46 9
46 12
46 15
46 11
46 44
46 21
46 41
46 23
46 26
46 33
46 29
22
47 48
47 19
47 40
47 33
47 42
47 36
47 20
47 10
47 6
47 45
47 23
47 8
47 31
47 34
47 15
47 28
47 4
47 32
47 37
47 24
47 49
47 26
23
48 46
48 13
48 10
48 9
48 20
48 32
48 16
48 43
48 22
48 12
48 1
48 19
48 18
48 15
48 36
48 28
48 5
48 24
48 4
48 33
48 49
48 30
48 34
18
49 27
49 43
49 45
49 9
49 32
49 7
49 18
49 36
49 34
49 37
49 28
49 21
49 13
49 19
49 15
49 24
49 20
49 25
