50
0 "A45"
1 "A46"
2 "A1"
3 "A3"
4 "A11"
5 "A20"
6 "A12"
7 "A48"
8 "A40"
9 "A14"
10 "A31"
11 "A38"
12 "A22"
13 "A29"
14 "A37"
15 "A28"
16 "A33"
17 "A2"
18 "A5"
19 "A10"
20 "A47"
21 "A15"
22 "A13"
23 "A21"
24 "A24"
25 "A32"
26 "A18"
27 "A27"
28 "A30"
29 "A6"
30 "A0"
31 "A39"
32 "A16"
33 "A8"
34 "A9"
35 "A44"
36 "A4"
37 "A26"
38 "A43"
39 "A42"
40 "A19"
41 "A41"
42 "A25"
43 "A17"
44 "A23"
45 "A35"
46 "A36"
47 "A34"
48 "A49"
49 "A7"
21
0 29
0 43
0 10
0 40
0 33
0 32
0 41
0 49
0 2
0 4
0 1
0 47
0 19
0 44
0 11
0 28
0 37
0 26
0 3
0 13
0 22
16
1 13
1 40
1 16
1 49
1 22
1 24
1 4
1 25
1 47
1 11
1 41
1 17
1 15
1 3
1 33
1 14
17
2 37
2 41
2 25
2 13
2 49
2 5
2 24
2 32
2 27
2 47
2 7
2 15
2 9
2 23
2 8
2 30
2 40
18
3 7
3 41
3 21
3 17
3 5
3 36
3 45
3 43
3 2
3 48
3 44
3 29
3 33
3 47
3 19
3 25
3 20
3 27
18
4 22
4 2
4 29
4 17
4 11
4 18
4 37
4 14
4 24
4 8
4 46
4 9
4 42
4 48
4 44
4 13
4 6
4 39
21
5 19
5 45
5 4
5 26
5 29
5 42
5 31
5 38
5 1
5 28
5 16
5 10
5 6
5 8
5 11
5 13
5 25
5 49
5 22
5 39
5 33
20
6 23
6 16
6 48
6 10
6 15
6 37
6 3
6 25
6 14
6 13
6 7
6 32
6 29
6 24
6 27
6 9
6 0
6 46
6 40
6 2
18
7 40
7 39
7 11
7 17
7 43
7 22
7 0
7 19
7 46
7 41
7 48
7 16
7 49
7 32
7 44
7 24
7 12
7 1
19
8 11
8 34
8 25
8 38
8 29
8 43
8 16
8 31
8 0
8 49
8 3
8 6
8 19
8 1
8 13
8 12
8 10
8 28
8 41
22
9 0
9 5
9 28
9 35
9 17
9 26
9 7
9 8
9 10
9 40
9 49
9 33
9 45
9 34
9 13
9 14
9 39
9 3
9 24
9 23
9 16
9 44
17
10 13
10 2
10 44
10 43
10 35
10 46
10 49
10 31
10 40
10 16
10 23
10 15
10 32
10 19
10 38
10 29
10 30
19
11 41
11 23
11 17
11 32
11 18
11 30
11 44
11 22
11 27
11 29
11 46
11 24
11 36
11 3
11 47
11 43
11 37
11 35
11 38
22
12 17
12 18
12 10
12 44
12 4
12 40
12 42
12 43
12 47
12 41
12 3
12 39
12 26
12 32
12 14
12 11
12 37
12 49
12 2
12 9
12 45
12 16
19
13 28
13 43
13 26
13 3
13 32
13 20
13 45
13 17
13 18
13 19
13 47
13 11
13 49
13 46
13 37
13 23
13 15
13 12
13 14
19
14 19
14 22
14 8
14 16
14 28
14 0
14 7
14 35
14 37
14 33
14 15
14 44
14 47
14 23
14 3
14 42
14 17
14 2
14 5
26
15 9
15 3
15 19
15 43
15 12
15 8
15 4
15 22
15 38
15 27
15 37
15 34
15 42
15 32
15 0
15 28
15 47
15 46
15 48
15 44
15 17
15 36
15 40
15 7
15 20
15 16
17
16 37
16 31
16 13
16 25
16 36
16 2
16 46
16 24
16 33
16 42
16 3
16 29
16 43
16 11
16 4
16 0
16 35
21
17 37
17 0
17 18
17 22
17 5
17 34
17 41
17 6
17 29
17 21
17 23
17 45
17 47
17 43
17 10
17 31
17 30
17 16
17 20
17 38
17 28
18
18 14
18 26
18 46
18 5
18 19
18 6
18 3
18 32
18 2
18 38
18 40
18 45
18 20
18 43
18 8
18 7
18 22
18 0
20
19 17
19 43
19 29
19 27
19 47
19 44
19 46
19 25
19 33
19 16
19 11
19 1
19 22
19 45
19 20
19 12
19 30
19 49
19 41
19 4
25
20 47
20 38
20 12
20 2
20 27
20 6
20 22
20 48
20 7
20 8
20 9
20 24
20 10
20 23
20 43
20 49
20 40
20 0
20 5
20 31
20 1
20 44
20 14
20 39
20 4
26
21 47
21 18
21 28
21 8
21 6
21 22
21 2
21 33
21 16
21 4
21 15
21 20
21 7
21 37
21 30
21 32
21 11
21 31
21 1
21 5
21 27
21 23
21 26
21 9
21 12
21 10
21
22 16
22 12
22 13
22 23
22 49
22 31
22 28
22 26
22 38
22 40
22 10
22 36
22 44
22 27
22 35
22 37
22 9
22 41
22 6
22 47
22 39
20
23 1
23 16
23 39
23 25
23 49
23 42
23 28
23 8
23 24
23 45
23 35
23 3
23 4
23 36
23 43
23 46
23 19
23 5
23 12
23 37
20
24 49
24 17
24 25
24 3
24 33
24 38
24 48
24 0
24 32
24 46
24 41
24 12
24 19
24 36
24 10
24 31
24 14
24 26
24 43
24 44
19
25 22
25 42
25 36
25 17
25 28
25 0
25 26
25 32
25 38
25 18
25 4
25 13
25 14
25 9
25 20
25 10
25 44
25 29
25 15
21
26 43
26 48
26 14
26 20
26 15
26 3
26 37
26 8
26 7
26 39
26 38
26 17
26 33
26 11
26 45
26 49
26 30
26 44
26 16
26 29
26 23
20
27 36
27 35
27 10
27 30
27 47
27 40
27 23
27 0
27 14
27 4
27 37
27 38
27 28
27 44
27 43
27 13
27 16
27 17
27 33
27 12
18
28 42
28 33
28 24
28 3
28 7
28 30
28 4
28 2
28 16
28 20
28 12
28 11
28 26
28 39
28 49
28 31
28 37
28 10
21
29 2
29 13
29 27
29 35
29 24
29 7
29 15
29 46
29 12
29 18
29 1
29 22
29 21
29 37
29 34
29 23
29 49
29 39
29 20
29 44
29 28
19
30 7
30 8
30 15
30 24
30 42
30 4
30 5
30 16
30 23
30 0
30 46
30 3
30 49
30 29
30 48
30 38
30 45
30 6
30 12
21
31 48
31 14
31 3
31 44
31 26
31 0
31 32
31 7
31 2
31 23
31 1
31 27
31 12
31 11
31 41
31 15
31 13
31 19
31 25
31 36
31 49
13
32 29
32 27
32 46
32 36
32 1
32 26
32 20
32 45
32 17
32 23
32 37
32 9
32 19
22
33 36
33 12
33 29
33 20
33 2
33 30
33 10
33 13
33 18
33 32
33 4
33 37
33 43
33 47
33 41
33 6
33 44
33 48
33 42
33 7
33 17
33 15
34
34 22
34 49
34 14
34 32
34 35
34 24
34 46
34 7
34 33
34 30
34 3
34 21
34 36
34 16
34 31
34 13
34 12
34 38
34 5
34 27
34 40
34 42
34 0
34 6
34 2
34 25
34 26
34 23
34 41
34 19
34 4
34 10
34 11
34 28
20
35 5
35 37
35 25
35 30
35 4
35 36
35 12
35 1
35 48
35 15
35 7
35 3
35 18
35 6
35 19
35 46
35 39
35 0
35 8
35 26
25
36 2
36 41
36 1
36 39
36 21
36 47
36 18
36 26
36 20
36 19
36 14
36 9
36 28
36 13
36 30
36 7
36 49
36 29
36 45
36 40
36 8
36 17
36 10
36 12
36 0
17
37 18
37 45
37 24
37 30
37 10
37 40
37 31
37 42
37 7
37 20
37 36
37 49
37 38
37 5
37 46
37 44
37 25
19
38 36
38 48
38 14
38 31
38 44
38 13
38 3
38 43
38 1
38 32
38 39
38 40
38 33
38 29
38 41
38 4
38 2
38 23
38 35
20
39 3
39 45
39 37
39 27
39 19
39 47
39 17
39 49
39 31
39 40
39 34
39 43
39 8
39 1
39 6
39 41
39 24
39 32
39 25
39 10
16
40 26
40 14
40 8
40 32
40 42
40 25
40 28
40 19
40 29
40 30
40 33
40 49
40 4
40 21
40 41
40 11
11
41 16
41 14
41 23
41 5
41 18
41 4
41 32
41 25
41 15
41 10
41 35
21
42 47
42 3
42 32
42 22
42 11
42 43
42 35
42 1
42 21
42 41
42 9
42 0
42 6
42 18
42 20
42 36
42 39
42 13
42 45
42 17
42 19
17
43 45
43 25
43 28
43 6
43 31
43 29
43 44
43 5
43 21
43 32
43 9
43 49
43 22
43 37
43 30
43 14
43 46
19
44 6
44 35
44 2
44 28
44 23
44 42
44 36
44 40
44 30
44 49
44 32
44 8
44 18
44 39
44 48
44 41
44 1
44 34
44 17
21
45 28
45 33
45 24
45 41
45 15
45 11
45 40
45 21
45 25
45 7
45 8
45 44
45 31
45 27
45 47
45 4
45 2
45 35
45 29
45 1
45 0
20
46 1
46 17
46 0
46 21
46 25
46 8
46 31
46 3
46 14
46 36
46 38
46 22
46 39
46 9
46 12
46 42
46 41
46 45
46 2
46 20
13
47 43
47 25
47 30
47 9
47 23
47 29
47 46
47 31
47 5
47 6
47 40
47 37
47 38
20
48 12
48 1
48 14
48 37
48 42
48 5
48 32
48 13
48 22
48 21
48 39
48 29
48 41
48 17
48 9
48 16
48 40
48 27
48 2
48 43
13
49 32
49 33
49 18
49 21
49 41
49 38
49 17
49 3
49 15
49 45
49 48
49 16
49 42
