50
0 "A27"
1 "A19"
2 "A43"
3 "A24"
4 "A2"
5 "A4"
6 "A1"
7 "A14"
8 "A38"
9 "A40"
10 "A45"
11 "A5"
12 "A32"
13 "A11"
14 "A41"
15 "A28"
16 "A47"
17 "A16"
18 "A25"
19 "A48"
20 "A6"
21 "A39"
22 "A15"
23 "A10"
24 "A12"
25 "A8"
26 "A23"
27 "A20"
28 "A35"
29 "A29"
30 "A31"
31 "A18"
32 "A34"
33 "A0"
34 "A3"
35 "A37"
36 "A44"
37 "A36"
38 "A7"
39 "A49"
40 "A9"
41 "A22"
42 "A42"
43 "A26"
44 "A17"
45 "A21"
46 "A33"
47 "A46"
48 "A30"
49 "A13"
14
0 48
0 23
0 32
0 14
0 37
0 45
0 34
0 43
0 10
0 17
0 1
0 8
0 30
0 40
18
1 36
1 27
1 26
1 45
1 43
1 13
1 9
1 18
1 2
1 11
1 48
1 7
1 44
1 16
1 24
1 6
1 12
1 21
23
2 44
2 32
2 17
2 27
2 0
2 45
2 24
2 15
2 38
2 26
2 6
2 43
2 35
2 36
2 16
2 41
2 34
2 31
2 20
2 48
2 11
2 7
2 19
16
3 34
3 31
3 1
3 41
3 19
3 11
3 44
3 22
3 4
3 30
3 23
3 13
3 42
3 28
3 7
3 5
22
4 18
4 41
4 42
4 7
4 16
4 6
4 0
4 17
4 32
4 27
4 2
4 26
4 43
4 36
4 38
4 30
4 19
4 24
4 15
4 28
4 37
4 5
18
5 21
5 44
5 27
5 48
5 37
5 30
5 1
5 25
5 39
5 42
5 45
5 31
5 43
5 23
5 18
5 33
5 2
5 0
18
6 5
6 40
6 46
6 8
6 25
6 45
6 30
6 16
6 42
6 33
6 44
6 47
6 48
6 20
6 43
6 37
6 38
6 23
13
7 6
7 41
7 26
7 18
7 27
7 12
7 48
7 32
7 49
7 45
7 23
7 0
7 37
16
8 18
8 4
8 5
8 49
8 24
8 35
8 3
8 17
8 37
8 27
8 38
8 10
8 41
8 16
8 9
8 23
23
9 7
9 13
9 28
9 3
9 12
9 23
9 29
9 14
9 0
9 49
9 15
9 35
9 10
9 4
9 25
9 2
9 39
9 11
9 32
9 6
9 5
9 38
9 18
18
10 17
10 46
10 14
10 49
10 6
10 1
10 45
10 27
10 25
10 13
10 12
10 3
10 19
10 29
10 33
10 4
10 36
10 34
20
11 46
11 26
11 15
11 35
11 43
11 12
11 36
11 19
11 24
11 29
11 13
11 42
11 31
11 5
11 6
11 8
11 7
11 47
11 39
11 0
19
12 4
12 25
12 13
12 35
12 6
12 16
12 39
12 22
12 23
12 24
12 41
12 43
12 27
12 30
12 8
12 49
12 0
12 3
12 42
19
13 28
13 20
13 47
13 46
13 23
13 16
13 5
13 40
13 27
13 36
13 49
13 2
13 33
13 24
13 6
13 41
13 43
13 22
13 35
19
14 30
14 18
14 11
14 35
14 21
14 25
14 22
14 4
14 39
14 13
14 15
14 27
14 16
14 1
14 5
14 31
14 41
14 26
14 49
21
15 31
15 6
15 8
15 12
15 37
15 43
15 19
15 39
15 40
15 10
15 28
15 16
15 34
15 29
15 47
15 38
15 7
15 3
15 20
15 30
15 13
16
16 20
16 48
16 7
16 34
16 0
16 11
16 31
16 46
16 25
16 21
16 9
16 28
16 39
16 36
16 32
16 47
17
17 12
17 41
17 7
17 33
17 24
17 49
17 30
17 21
17 22
17 5
17 3
17 14
17 16
17 13
17 28
17 6
17 37
17
18 15
18 3
18 31
18 16
18 13
18 30
18 43
18 39
18 22
18 11
18 0
18 44
18 6
18 23
18 48
18 10
18 37
20
19 34
19 0
19 24
19 29
19 44
19 1
19 26
19 48
19 13
19 36
19 9
19 14
19 21
19 8
19 23
19 12
19 46
19 7
19 6
19 5
24
20 1
20 0
20 5
20 21
20 32
20 44
20 30
20 19
20 31
20 41
20 17
20 42
20 23
20 4
20 34
20 3
20 39
20 12
20 35
20 22
20 24
20 9
20 14
20 11
20
21 37
21 35
21 46
21 24
21 34
21 13
21 47
21 11
21 48
21 38
21 7
21 45
21 49
21 0
21 44
21 18
21 8
21 15
21 42
21 10
21
22 1
22 6
22 36
22 16
22 41
22 35
22 0
22 19
22 5
22 44
22 8
22 31
22 7
22 46
22 45
22 33
22 38
22 21
22 48
22 9
22 32
14
23 31
23 37
23 15
23 28
23 1
23 25
23 29
23 14
23 44
23 16
23 11
23 43
23 49
23 17
18
24 46
24 16
24 26
24 38
24 45
24 3
24 22
24 27
24 25
24 23
24 14
24 18
24 6
24 10
24 0
24 44
24 7
24 15
19
25 20
25 2
25 1
25 26
25 11
25 18
25 49
25 4
25 35
25 22
25 8
25 47
25 46
25 19
25 13
25 17
25 3
25 21
25 41
18
26 0
26 31
26 3
26 38
26 42
26 28
26 39
26 12
26 43
26 5
26 21
26 45
26 27
26 10
26 22
26 41
26 32
26 23
17
27 21
27 33
27 46
27 30
27 9
27 11
27 19
27 6
27 0
27 48
27 47
27 3
27 16
27 35
27 18
27 22
27 29
24
28 8
28 24
28 7
28 11
28 0
28 27
28 22
28 6
28 12
28 46
28 38
28 2
28 14
28 25
28 31
28 1
28 34
28 21
28 20
28 49
28 18
28 48
28 10
28 42
21
29 18
29 20
29 40
29 16
29 31
29 33
29 6
29 21
29 1
29 43
29 45
29 0
29 2
29 5
29 13
29 28
29 38
29 14
29 3
29 8
29 4
20
30 33
30 41
30 11
30 7
30 32
30 29
30 10
30 2
30 43
30 49
30 16
30 9
30 39
30 44
30 22
30 19
30 8
30 13
30 28
30 46
19
31 35
31 27
31 32
31 34
31 44
31 1
31 42
31 17
31 9
31 8
31 6
31 36
31 49
31 43
31 37
31 25
31 12
31 13
31 48
18
32 5
32 46
32 33
32 35
32 28
32 41
32 17
32 40
32 6
32 29
32 39
32 37
32 8
32 15
32 24
32 13
32 25
32 21
27
33 36
33 12
33 8
33 26
33 15
33 11
33 46
33 4
33 31
33 23
33 16
33 0
33 14
33 3
33 28
33 37
33 7
33 21
33 9
33 48
33 43
33 2
33 1
33 38
33 19
33 45
33 25
22
34 12
34 11
34 6
34 43
34 37
34 24
34 27
34 42
34 17
34 22
34 29
34 47
34 18
34 26
34 8
34 13
34 49
34 1
34 4
34 35
34 5
34 25
17
35 42
35 15
35 40
35 26
35 10
35 4
35 43
35 45
35 3
35 30
35 0
35 24
35 5
35 7
35 29
35 46
35 48
19
36 17
36 12
36 21
36 8
36 18
36 24
36 25
36 9
36 48
36 20
36 26
36 6
36 34
36 27
36 35
36 0
36 3
36 41
36 28
24
37 19
37 44
37 16
37 28
37 30
37 12
37 14
37 9
37 10
37 29
37 1
37 11
37 13
37 22
37 49
37 26
37 2
37 45
37 35
37 25
37 27
37 36
37 20
37 3
16
38 5
38 20
38 11
38 37
38 36
38 31
38 34
38 7
38 25
38 30
38 1
38 19
38 18
38 32
38 16
38 0
20
39 37
39 1
39 45
39 28
39 7
39 4
39 0
39 19
39 36
39 23
39 48
39 3
39 41
39 24
39 17
39 25
39 8
39 6
39 43
39 42
32
40 19
40 39
40 10
40 24
40 12
40 43
40 25
40 34
40 22
40 21
40 8
40 27
40 7
40 38
40 9
40 5
40 42
40 31
40 48
40 11
40 2
40 16
40 28
40 33
40 4
40 14
40 36
40 37
40 44
40 49
40 1
40 3
20
41 23
41 0
41 9
41 6
41 18
41 15
41 38
41 37
41 1
41 28
41 40
41 11
41 35
41 5
41 44
41 29
41 19
41 49
41 42
41 33
21
42 29
42 33
42 27
42 37
42 2
42 9
42 23
42 46
42 22
42 48
42 38
42 0
42 17
42 16
42 19
42 1
42 15
42 25
42 14
42 8
42 44
19
43 38
43 21
43 37
43 42
43 16
43 8
43 24
43 3
43 32
43 41
43 9
43 7
43 27
43 45
43 19
43 28
43 10
43 22
43 25
20
44 34
44 33
44 29
44 12
44 45
44 11
44 15
44 43
44 27
44 38
44 10
44 28
44 26
44 7
44 4
44 36
44 0
44 46
44 25
44 16
21
45 8
45 41
45 16
45 11
45 13
45 12
45 40
45 31
45 30
45 42
45 32
45 14
45 3
45 20
45 49
45 18
45 27
45 28
45 23
45 4
45 25
24
46 29
46 7
46 39
46 36
46 40
46 26
46 37
46 43
46 31
46 1
46 18
46 23
46 17
46 14
46 45
46 2
46 47
46 8
46 5
46 15
46 12
46 0
46 9
46 41
24
47 39
47 0
47 23
47 10
47 44
47 8
47 37
47 24
47 42
47 4
47 19
47 12
47 45
47 29
47 41
47 40
47 5
47 18
47 35
47 9
47 32
47 3
47 26
47 48
17
48 43
48 20
48 12
48 38
48 23
48 45
48 9
48 4
48 49
48 29
48 32
48 17
48 3
48 25
48 11
48 10
48 24
17
49 29
49 4
49 1
49 38
49 18
49 26
49 22
49 39
49 24
49 0
49 15
49 36
49 47
49 35
49 44
49 33
49 32
