50
0 "A27"
1 "A19"
2 "A43"
3 "A24"
4 "A2"
5 "A4"
6 "A1"
7 "A14"
8 "A38"
9 "A40"
10 "A45"
11 "A5"
12 "A32"
13 "A11"
14 "A41"
15 "A28"
16 "A47"
17 "A16"
18 "A25"
19 "A48"
20 "A6"
21 "A39"
22 "A15"
23 "A10"
24 "A12"
25 "A8"
26 "A23"
27 "A20"
28 "A35"
29 "A29"
30 "A31"
31 "A18"
32 "A34"
33 "A0"
34 "A3"
35 "A37"
36 "A44"
37 "A36"
38 "A7"
39 "A49"
40 "A9"
41 "A22"
42 "A42"
43 "A26"
44 "A17"
45 "A21"
46 "A33"
47 "A46"
48 "A30"
49 "A13"
17
0 43
0 3
0 47
0 1
0 8
0 46
0 20
0 15
0 17
0 28
0 30
0 41
0 36
0 2
0 23
0 45
0 42
18
1 24
1 20
1 38
1 5
1 18
1 14
1 35
1 44
1 42
1 31
1 13
1 11
1 33
1 32
1 34
1 30
1 25
1 19
22
2 22
2 1
2 31
2 37
2 18
2 7
2 11
2 8
2 32
2 4
2 5
2 40
2 13
2 24
2 39
2 46
2 16
2 48
2 49
2 41
2 3
2 45
21
3 33
3 32
3 28
3 27
3 29
3 36
3 44
3 19
3 20
3 11
3 30
3 10
3 17
3 46
3 5
3 43
3 13
3 15
3 14
3 24
3 25
18
4 17
4 13
4 38
4 23
4 45
4 27
4 1
4 47
4 46
4 9
4 33
4 31
4 6
4 29
4 22
4 8
4 18
4 3
20
5 23
5 14
5 4
5 46
5 19
5 8
5 34
5 6
5 42
5 32
5 12
5 29
5 11
5 25
5 27
5 33
5 49
5 28
5 13
5 36
16
6 34
6 2
6 36
6 23
6 33
6 46
6 11
6 15
6 29
6 17
6 28
6 16
6 1
6 25
6 41
6 14
18
7 38
7 27
7 6
7 0
7 20
7 49
7 16
7 11
7 46
7 44
7 47
7 4
7 23
7 12
7 42
7 18
7 3
7 30
19
8 31
8 42
8 38
8 40
8 1
8 6
8 9
8 22
8 21
8 25
8 44
8 18
8 19
8 7
8 24
8 3
8 29
8 14
8 16
22
9 49
9 44
9 1
9 21
9 34
9 42
9 10
9 30
9 33
9 37
9 11
9 17
9 36
9 27
9 39
9 3
9 24
9 40
9 46
9 31
9 45
9 32
23
10 2
10 49
10 14
10 11
10 26
10 22
10 1
10 29
10 5
10 7
10 12
10 23
10 13
10 46
10 41
10 48
10 8
10 38
10 25
10 18
10 4
10 33
10 44
17
11 25
11 34
11 12
11 26
11 42
11 17
11 39
11 22
11 14
11 49
11 35
11 21
11 8
11 47
11 16
11 19
11 4
18
12 22
12 25
12 6
12 15
12 44
12 8
12 9
12 0
12 35
12 17
12 20
12 29
12 1
12 36
12 49
12 4
12 33
12 26
18
13 45
13 41
13 35
13 6
13 17
13 0
13 36
13 24
13 38
13 34
13 37
13 12
13 7
13 44
13 46
13 31
13 28
13 48
21
14 27
14 23
14 16
14 26
14 39
14 47
14 9
14 43
14 18
14 33
14 17
14 25
14 15
14 4
14 2
14 34
14 31
14 13
14 12
14 0
14 30
13
15 27
15 49
15 9
15 40
15 44
15 43
15 35
15 10
15 5
15 20
15 24
15 41
15 31
27
16 33
16 47
16 30
16 34
16 23
16 32
16 36
16 24
16 1
16 9
16 0
16 3
16 48
16 49
16 26
16 17
16 4
16 37
16 28
16 10
16 21
16 46
16 25
16 29
16 5
16 12
16 39
12
17 40
17 39
17 23
17 5
17 18
17 22
17 33
17 29
17 19
17 49
17 15
17 37
18
18 16
18 44
18 24
18 37
18 11
18 28
18 9
18 13
18 30
18 43
18 41
18 5
18 15
18 6
18 3
18 12
18 20
18 25
22
19 29
19 24
19 28
19 12
19 43
19 10
19 31
19 7
19 13
19 9
19 35
19 16
19 46
19 44
19 15
19 48
19 4
19 18
19 14
19 6
19 21
19 49
25
20 2
20 48
20 13
20 19
20 27
20 44
20 30
20 11
20 6
20 5
20 45
20 23
20 35
20 22
20 42
20 9
20 31
20 10
20 41
20 47
20 26
20 21
20 14
20 29
20 16
25
21 48
21 38
21 31
21 49
21 7
21 6
21 30
21 14
21 34
21 15
21 13
21 17
21 27
21 0
21 46
21 36
21 3
21 2
21 5
21 10
21 28
21 22
21 43
21 39
21 26
18
22 23
22 37
22 1
22 15
22 49
22 26
22 6
22 48
22 43
22 38
22 14
22 3
22 35
22 19
22 5
22 0
22 16
22 9
17
23 31
23 43
23 13
23 36
23 12
23 42
23 40
23 9
23 18
23 34
23 3
23 38
23 41
23 26
23 15
23 37
23 11
20
24 21
24 36
24 46
24 32
24 7
24 4
24 39
24 31
24 14
24 11
24 5
24 49
24 12
24 30
24 25
24 17
24 23
24 34
24 29
24 22
18
25 2
25 37
25 30
25 32
25 26
25 48
25 9
25 21
25 4
25 23
25 0
25 19
25 38
25 36
25 17
25 13
25 7
25 22
19
26 13
26 33
26 44
26 32
26 15
26 43
26 2
26 8
26 29
26 5
26 42
26 7
26 36
26 4
26 40
26 48
26 47
26 24
26 9
22
27 49
27 31
27 0
27 29
27 13
27 23
27 40
27 2
27 6
27 10
27 1
27 11
27 16
27 36
27 38
27 25
27 22
27 41
27 33
27 26
27 24
27 17
21
28 40
28 17
28 8
28 10
28 30
28 4
28 43
28 31
28 26
28 38
28 11
28 25
28 24
28 12
28 1
28 15
28 37
28 20
28 33
28 41
28 22
17
29 0
29 11
29 38
29 34
29 31
29 44
29 18
29 14
29 25
29 15
29 32
29 21
29 2
29 7
29 13
29 30
29 36
17
30 27
30 12
30 17
30 22
30 35
30 10
30 8
30 43
30 11
30 2
30 19
30 4
30 23
30 46
30 32
30 38
30 45
14
31 35
31 12
31 17
31 45
31 46
31 7
31 44
31 25
31 10
31 30
31 5
31 0
31 26
31 38
23
32 15
32 8
32 36
32 6
32 23
32 40
32 21
32 19
32 38
32 37
32 20
32 45
32 27
32 10
32 22
32 18
32 43
32 49
32 11
32 41
32 14
32 48
32 0
21
33 24
33 0
33 31
33 22
33 7
33 37
33 46
33 29
33 48
33 32
33 40
33 18
33 42
33 38
33 13
33 25
33 21
33 15
33 20
33 30
33 19
15
34 26
34 3
34 17
34 19
34 28
34 33
34 49
34 35
34 12
34 15
34 27
34 20
34 45
34 30
34 25
19
35 33
35 28
35 5
35 45
35 23
35 17
35 0
35 3
35 44
35 16
35 24
35 49
35 37
35 18
35 25
35 29
35 10
35 27
35 6
15
36 28
36 14
36 18
36 31
36 35
36 37
36 34
36 15
36 43
36 45
36 4
36 22
36 39
36 19
36 17
23
37 14
37 26
37 30
37 27
37 11
37 1
37 0
37 31
37 12
37 19
37 10
37 38
37 42
37 45
37 3
37 5
37 21
37 39
37 43
37 44
37 8
37 46
37 15
15
38 35
38 9
38 26
38 14
38 17
38 47
38 45
38 18
38 24
38 2
38 6
38 44
38 19
38 12
38 16
23
39 12
39 20
39 31
39 19
39 30
39 25
39 29
39 32
39 33
39 10
39 3
39 38
39 40
39 44
39 15
39 1
39 35
39 5
39 22
39 28
39 6
39 23
39 48
26
40 20
40 22
40 29
40 12
40 3
40 47
40 31
40 18
40 48
40 43
40 6
40 44
40 21
40 1
40 24
40 37
40 4
40 25
40 35
40 0
40 14
40 16
40 36
40 19
40 11
40 13
22
41 1
41 21
41 9
41 7
41 49
41 5
41 12
41 24
41 39
41 46
41 4
41 40
41 36
41 43
41 37
41 3
41 35
41 17
41 22
41 11
41 14
41 31
26
42 30
42 10
42 41
42 31
42 46
42 27
42 28
42 2
42 13
42 16
42 14
42 19
42 17
42 22
42 6
42 24
42 38
42 18
42 45
42 40
42 12
42 29
42 21
42 39
42 35
42 4
14
43 45
43 17
43 27
43 33
43 13
43 48
43 38
43 39
43 49
43 35
43 9
43 42
43 5
43 12
18
44 5
44 11
44 32
44 21
44 4
44 43
44 17
44 36
44 23
44 41
44 6
44 28
44 34
44 49
44 0
44 48
44 33
44 16
25
45 5
45 49
45 44
45 7
45 6
45 40
45 24
45 8
45 29
45 15
45 28
45 23
45 16
45 1
45 17
45 25
45 19
45 26
45 33
45 41
45 39
45 22
45 27
45 47
45 12
21
46 20
46 8
46 36
46 12
46 28
46 18
46 17
46 34
46 14
46 35
46 38
46 26
46 49
46 23
46 39
46 40
46 22
46 1
46 32
46 44
46 15
22
47 34
47 17
47 18
47 32
47 48
47 41
47 6
47 19
47 29
47 23
47 28
47 2
47 36
47 39
47 37
47 27
47 25
47 8
47 5
47 30
47 12
47 44
23
48 27
48 37
48 38
48 6
48 36
48 9
48 3
48 23
48 29
48 45
48 15
48 4
48 28
48 24
48 41
48 11
48 17
48 12
48 18
48 5
48 31
48 0
48 7
16
49 1
49 13
49 47
49 6
49 26
49 0
49 14
49 33
49 4
49 37
49 31
49 38
49 48
49 29
49 30
49 40
