50
0 "A38"
1 "A35"
2 "A13"
3 "A14"
4 "A47"
5 "A0"
6 "A16"
7 "A15"
8 "A36"
9 "A25"
10 "A17"
11 "A5"
12 "A10"
13 "A39"
14 "A41"
15 "A11"
16 "A22"
17 "A8"
18 "A21"
19 "A3"
20 "A24"
21 "A33"
22 "A4"
23 "A32"
24 "A45"
25 "A19"
26 "A6"
27 "A27"
28 "A31"
29 "A2"
30 "A42"
31 "A26"
32 "A34"
33 "A37"
34 "A12"
35 "A49"
36 "A28"
37 "A46"
38 "A30"
39 "A40"
40 "A18"
41 "A20"
42 "A43"
43 "A23"
44 "A9"
45 "A29"
46 "A44"
47 "A48"
48 "A1"
49 "A7"
19
0 35
0 39
0 9
0 34
0 11
0 2
0 45
0 8
0 13
0 12
0 15
0 41
0 10
0 36
0 28
0 31
0 43
0 26
0 7
16
1 41
1 48
1 24
1 46
1 22
1 36
1 3
1 32
1 14
1 30
1 42
1 2
1 0
1 16
1 11
1 18
16
2 12
2 14
2 13
2 42
2 48
2 28
2 16
2 10
2 29
2 26
2 23
2 31
2 18
2 24
2 22
2 49
16
3 19
3 22
3 25
3 10
3 34
3 8
3 21
3 45
3 7
3 17
3 49
3 15
3 31
3 36
3 46
3 0
19
4 47
4 2
4 22
4 10
4 23
4 1
4 5
4 20
4 11
4 40
4 37
4 30
4 35
4 6
4 36
4 48
4 19
4 15
4 16
18
5 31
5 36
5 9
5 7
5 34
5 45
5 29
5 19
5 13
5 37
5 1
5 35
5 33
5 39
5 43
5 3
5 28
5 0
22
6 48
6 37
6 28
6 29
6 0
6 22
6 2
6 43
6 17
6 33
6 20
6 1
6 32
6 7
6 25
6 3
6 24
6 5
6 13
6 44
6 42
6 31
21
7 45
7 8
7 1
7 19
7 33
7 10
7 36
7 11
7 17
7 42
7 18
7 2
7 32
7 29
7 39
7 20
7 13
7 24
7 44
7 30
7 46
23
8 47
8 33
8 45
8 18
8 36
8 31
8 12
8 10
8 21
8 4
8 39
8 43
8 26
8 44
8 6
8 41
8 40
8 25
8 1
8 5
8 30
8 13
8 38
23
9 33
9 23
9 48
9 2
9 8
9 16
9 20
9 37
9 12
9 25
9 28
9 30
9 1
9 21
9 43
9 4
9 49
9 34
9 39
9 10
9 6
9 41
9 14
21
10 31
10 17
10 40
10 49
10 42
10 36
10 21
10 45
10 6
10 19
10 33
10 15
10 24
10 46
10 22
10 34
10 12
10 28
10 35
10 26
10 44
25
11 44
11 32
11 34
11 29
11 38
11 47
11 33
11 19
11 16
11 31
11 3
11 5
11 22
11 24
11 6
11 21
11 36
11 18
11 25
11 35
11 28
11 30
11 9
11 8
11 48
16
12 40
12 1
12 3
12 26
12 20
12 43
12 18
12 47
12 34
12 5
12 46
12 24
12 23
12 22
12 4
12 16
23
13 30
13 40
13 39
13 4
13 29
13 34
13 19
13 38
13 23
13 14
13 36
13 10
13 15
13 43
13 28
13 12
13 26
13 44
13 41
13 9
13 42
13 11
13 1
25
14 3
14 42
14 29
14 48
14 30
14 5
14 46
14 21
14 34
14 40
14 17
14 25
14 10
14 4
14 8
14 6
14 26
14 28
14 32
14 19
14 0
14 16
14 22
14 7
14 35
16
15 12
15 29
15 36
15 16
15 11
15 23
15 6
15 26
15 20
15 27
15 32
15 1
15 46
15 48
15 9
15 24
20
16 43
16 27
16 7
16 26
16 31
16 5
16 37
16 28
16 39
16 3
16 44
16 13
16 10
16 46
16 17
16 18
16 32
16 21
16 6
16 0
19
17 47
17 34
17 39
17 13
17 44
17 15
17 37
17 45
17 12
17 1
17 21
17 19
17 9
17 29
17 38
17 4
17 0
17 36
17 31
21
18 23
18 13
18 10
18 36
18 42
18 5
18 4
18 14
18 27
18 22
18 47
18 3
18 30
18 38
18 20
18 9
18 41
18 37
18 39
18 15
18 6
13
19 30
19 47
19 0
19 12
19 20
19 25
19 8
19 33
19 34
19 1
19 35
19 21
19 36
16
20 44
20 5
20 2
20 45
20 16
20 32
20 47
20 48
20 27
20 13
20 29
20 1
20 14
20 17
20 21
20 11
22
21 6
21 26
21 34
21 42
21 29
21 4
21 31
21 38
21 12
21 0
21 13
21 25
21 37
21 28
21 40
21 15
21 47
21 7
21 49
21 2
21 24
21 22
12
22 15
22 28
22 23
22 9
22 31
22 17
22 0
22 45
22 20
22 48
22 19
22 39
19
23 35
23 14
23 49
23 21
23 28
23 32
23 40
23 10
23 24
23 0
23 8
23 6
23 44
23 47
23 19
23 30
23 42
23 7
23 17
20
24 35
24 8
24 13
24 41
24 5
24 20
24 26
24 39
24 33
24 9
24 14
24 0
24 40
24 28
24 38
24 4
24 3
24 17
24 44
24 19
21
25 28
25 18
25 12
25 17
25 46
25 41
25 31
25 47
25 13
25 29
25 15
25 2
25 20
25 39
25 5
25 32
25 34
25 40
25 10
25 1
25 27
21
26 47
26 41
26 31
26 22
26 30
26 29
26 4
26 17
26 7
26 28
26 1
26 33
26 6
26 9
26 38
26 40
26 34
26 11
26 23
26 5
26 19
29
27 7
27 6
27 49
27 26
27 45
27 13
27 10
27 43
27 17
27 2
27 35
27 39
27 14
27 41
27 24
27 11
27 34
27 46
27 9
27 8
27 0
27 4
27 19
27 23
27 3
27 22
27 37
27 12
27 29
11
28 39
28 27
28 41
28 3
28 19
28 15
28 8
28 7
28 20
28 12
28 44
16
29 22
29 19
29 10
29 43
29 41
29 4
29 48
29 32
29 38
29 34
29 40
29 12
29 3
29 28
29 49
29 24
17
30 43
30 24
30 21
30 42
30 20
30 0
30 6
30 10
30 47
30 45
30 48
30 44
30 37
30 40
30 33
30 22
30 27
18
31 7
31 34
31 1
31 28
31 9
31 23
31 14
31 15
31 27
31 41
31 29
31 48
31 42
31 37
31 30
31 33
31 32
31 46
17
32 8
32 18
32 26
32 19
32 13
32 3
32 21
32 5
32 46
32 40
32 0
32 12
32 47
32 4
32 17
32 33
32 24
23
33 13
33 41
33 34
33 20
33 27
33 23
33 3
33 1
33 22
33 49
33 25
33 0
33 39
33 21
33 16
33 12
33 18
33 46
33 37
33 44
33 36
33 28
33 14
16
34 28
34 8
34 32
34 35
34 7
34 15
34 46
34 36
34 1
34 24
34 42
34 40
34 4
34 6
34 39
34 18
23
35 26
35 31
35 18
35 45
35 12
35 25
35 3
35 39
35 2
35 28
35 40
35 13
35 46
35 17
35 49
35 1
35 42
35 8
35 20
35 16
35 47
35 30
35 21
19
36 48
36 40
36 35
36 42
36 45
36 32
36 30
36 46
36 27
36 16
36 23
36 37
36 14
36 2
36 20
36 22
36 26
36 6
36 39
23
37 23
37 24
37 7
37 14
37 0
37 35
37 12
37 28
37 44
37 47
37 49
37 3
37 10
37 25
37 26
37 2
37 15
37 42
37 32
37 38
37 39
37 34
37 19
23
38 30
38 23
38 25
38 36
38 1
38 48
38 2
38 14
38 40
38 10
38 27
38 3
38 15
38 19
38 35
38 46
38 42
38 7
38 20
38 45
38 31
38 44
38 5
19
39 10
39 23
39 20
39 44
39 38
39 29
39 6
39 30
39 32
39 19
39 45
39 1
39 40
39 42
39 31
39 43
39 48
39 12
39 15
20
40 27
40 7
40 16
40 3
40 45
40 20
40 2
40 11
40 22
40 37
40 33
40 9
40 44
40 48
40 15
40 18
40 19
40 5
40 49
40 46
24
41 6
41 40
41 3
41 34
41 49
41 4
41 20
41 45
41 12
41 23
41 15
41 43
41 44
41 16
41 32
41 7
41 47
41 5
41 48
41 19
41 10
41 30
41 11
41 14
14
42 32
42 0
42 17
42 3
42 15
42 11
42 20
42 19
42 22
42 8
42 26
42 27
42 28
42 24
21
43 48
43 36
43 17
43 3
43 20
43 33
43 38
43 19
43 23
43 11
43 1
43 35
43 40
43 10
43 32
43 4
43 24
43 7
43 44
43 28
43 26
18
44 4
44 34
44 42
44 45
44 2
44 21
44 22
44 48
44 14
44 26
44 0
44 31
44 27
44 19
44 36
44 15
44 29
44 3
22
45 15
45 49
45 16
45 2
45 25
45 42
45 33
45 29
45 19
45 6
45 26
45 12
45 48
45 31
45 11
45 34
45 47
45 24
45 13
45 9
45 37
45 21
19
46 28
46 23
46 18
46 11
46 45
46 41
46 13
46 44
46 8
46 0
46 19
46 26
46 37
46 9
46 21
46 5
46 24
46 22
46 30
21
47 49
47 15
47 36
47 6
47 10
47 1
47 22
47 40
47 28
47 38
47 0
47 7
47 5
47 42
47 14
47 29
47 44
47 39
47 24
47 3
47 46
19
48 27
48 24
48 10
48 13
48 12
48 47
48 25
48 34
48 46
48 18
48 8
48 32
48 3
48 5
48 7
48 37
48 19
48 33
48 35
25
49 20
49 43
49 48
49 7
49 6
49 14
49 32
49 28
49 12
49 11
49 31
49 19
49 5
49 22
49 1
49 36
49 42
49 30
49 0
49 13
49 34
49 4
49 39
49 8
49 44
