50
0 "A38"
1 "A35"
2 "A13"
3 "A14"
4 "A47"
5 "A0"
6 "A16"
7 "A15"
8 "A36"
9 "A25"
10 "A17"
11 "A5"
12 "A10"
13 "A39"
14 "A41"
15 "A11"
16 "A22"
17 "A8"
18 "A21"
19 "A3"
20 "A24"
21 "A33"
22 "A4"
23 "A32"
24 "A45"
25 "A19"
26 "A6"
27 "A27"
28 "A31"
29 "A2"
30 "A42"
31 "A26"
32 "A34"
33 "A37"
34 "A12"
35 "A49"
36 "A28"
37 "A46"
38 "A30"
39 "A40"
40 "A18"
41 "A20"
42 "A43"
43 "A23"
44 "A9"
45 "A29"
46 "A44"
47 "A48"
48 "A1"
49 "A7"
21
0 26
0 45
0 49
0 3
0 8
0 16
0 40
0 17
0 48
0 47
0 7
0 10
0 27
0 9
0 21
0 23
0 13
0 29
0 34
0 30
0 25
23
1 11
1 22
1 33
1 13
1 20
1 36
1 19
1 43
1 24
1 37
1 21
1 9
1 28
1 47
1 49
1 0
1 40
1 42
1 2
1 4
1 17
1 8
1 31
21
2 49
2 15
2 45
2 20
2 5
2 35
2 46
2 0
2 40
2 8
2 22
2 44
2 24
2 39
2 37
2 25
2 7
2 3
2 32
2 41
2 17
17
3 36
3 13
3 43
3 18
3 11
3 26
3 44
3 1
3 9
3 27
3 47
3 30
3 33
3 37
3 42
3 12
3 6
21
4 6
4 32
4 42
4 0
4 10
4 39
4 13
4 19
4 2
4 3
4 41
4 40
4 8
4 28
4 18
4 44
4 24
4 46
4 25
4 48
4 38
16
5 11
5 16
5 44
5 26
5 1
5 20
5 24
5 29
5 12
5 45
5 36
5 3
5 10
5 32
5 14
5 42
23
6 27
6 44
6 33
6 30
6 17
6 26
6 43
6 36
6 5
6 25
6 2
6 28
6 31
6 40
6 0
6 8
6 13
6 24
6 19
6 16
6 42
6 15
6 29
20
7 33
7 32
7 35
7 27
7 3
7 46
7 10
7 16
7 37
7 25
7 31
7 30
7 29
7 21
7 41
7 34
7 39
7 6
7 1
7 15
21
8 13
8 12
8 37
8 45
8 34
8 3
8 44
8 26
8 48
8 38
8 43
8 46
8 41
8 33
8 36
8 25
8 7
8 49
8 35
8 40
8 22
17
9 20
9 16
9 14
9 29
9 18
9 2
9 45
9 38
9 39
9 17
9 49
9 4
9 23
9 15
9 6
9 25
9 12
21
10 1
10 45
10 6
10 27
10 2
10 8
10 26
10 48
10 34
10 25
10 28
10 9
10 3
10 22
10 49
10 12
10 23
10 17
10 18
10 14
10 42
22
11 36
11 40
11 46
11 23
11 12
11 6
11 0
11 8
11 45
11 38
11 2
11 42
11 49
11 37
11 31
11 7
11 19
11 13
11 41
11 22
11 15
11 4
15
12 43
12 40
12 1
12 0
12 7
12 17
12 27
12 2
12 31
12 25
12 14
12 19
12 26
12 46
12 45
16
13 37
13 23
13 12
13 39
13 22
13 33
13 21
13 9
13 25
13 48
13 10
13 15
13 41
13 44
13 45
13 2
20
14 40
14 18
14 47
14 1
14 45
14 24
14 0
14 33
14 30
14 2
14 49
14 22
14 8
14 38
14 37
14 20
14 27
14 42
14 11
14 6
19
15 12
15 3
15 44
15 5
15 8
15 28
15 14
15 0
15 1
15 10
15 25
15 19
15 47
15 42
15 20
15 4
15 16
15 37
15 43
19
16 3
16 32
16 31
16 8
16 13
16 48
16 17
16 22
16 43
16 28
16 25
16 23
16 35
16 34
16 11
16 41
16 40
16 47
16 26
17
17 46
17 39
17 25
17 3
17 44
17 35
17 31
17 19
17 45
17 49
17 11
17 30
17 26
17 40
17 4
17 5
17 14
15
18 27
18 28
18 5
18 33
18 6
18 16
18 7
18 2
18 34
18 38
18 24
18 17
18 31
18 22
18 11
22
19 5
19 29
19 16
19 13
19 9
19 39
19 10
19 28
19 44
19 20
19 23
19 42
19 37
19 2
19 45
19 48
19 14
19 46
19 38
19 8
19 43
19 31
19
20 27
20 32
20 33
20 44
20 10
20 24
20 6
20 13
20 42
20 0
20 39
20 23
20 17
20 3
20 26
20 28
20 47
20 11
20 22
22
21 3
21 14
21 17
21 15
21 5
21 12
21 18
21 32
21 28
21 26
21 19
21 2
21 16
21 27
21 20
21 37
21 9
21 4
21 47
21 11
21 44
21 23
20
22 17
22 34
22 19
22 0
22 39
22 44
22 5
22 26
22 24
22 38
22 31
22 41
22 6
22 40
22 49
22 4
22 43
22 15
22 47
22 9
19
23 22
23 46
23 28
23 25
23 32
23 18
23 42
23 43
23 15
23 3
23 47
23 17
23 6
23 41
23 27
23 1
23 39
23 4
23 35
17
24 41
24 26
24 15
24 28
24 8
24 7
24 45
24 12
24 0
24 47
24 27
24 36
24 48
24 39
24 10
24 31
24 37
17
25 22
25 5
25 36
25 19
25 42
25 24
25 31
25 3
25 20
25 11
25 18
25 33
25 49
25 26
25 28
25 41
25 35
18
26 18
26 32
26 38
26 1
26 40
26 2
26 31
26 19
26 4
26 46
26 28
26 14
26 15
26 9
26 44
26 49
26 42
26 30
15
27 13
27 8
27 17
27 5
27 34
27 45
27 32
27 33
27 48
27 15
27 25
27 29
27 30
27 4
27 37
18
28 35
28 22
28 13
28 30
28 47
28 14
28 0
28 45
28 7
28 36
28 2
28 44
28 17
28 40
28 48
28 8
28 3
28 12
27
29 1
29 22
29 43
29 31
29 12
29 36
29 13
29 4
29 44
29 2
29 3
29 47
29 30
29 33
29 35
29 26
29 34
29 39
29 17
29 18
29 21
29 10
29 15
29 14
29 20
29 48
29 28
21
30 21
30 32
30 37
30 31
30 24
30 5
30 8
30 10
30 36
30 13
30 34
30 18
30 22
30 33
30 15
30 46
30 2
30 12
30 23
30 16
30 1
19
31 46
31 27
31 42
31 37
31 32
31 28
31 9
31 3
31 45
31 48
31 8
31 47
31 20
31 33
31 34
31 15
31 21
31 39
31 43
22
32 24
32 0
32 49
32 37
32 13
32 33
32 9
32 44
32 12
32 17
32 28
32 15
32 38
32 3
32 39
32 45
32 29
32 6
32 22
32 14
32 11
32 25
20
33 11
33 47
33 9
33 22
33 21
33 19
33 17
33 49
33 36
33 28
33 44
33 40
33 24
33 45
33 12
33 16
33 0
33 38
33 10
33 4
21
34 26
34 24
34 5
34 2
34 15
34 41
34 21
34 20
34 9
34 3
34 39
34 42
34 37
34 38
34 28
34 40
34 14
34 4
34 17
34 6
34 13
23
35 42
35 9
35 13
35 15
35 12
35 1
35 33
35 19
35 18
35 10
35 0
35 43
35 32
35 34
35 30
35 27
35 6
35 3
35 4
35 46
35 21
35 22
35 24
21
36 46
36 14
36 17
36 16
36 12
36 21
36 35
36 10
36 48
36 26
36 43
36 39
36 27
36 45
36 13
36 23
36 0
36 15
36 20
36 32
36 2
19
37 36
37 6
37 22
37 40
37 25
37 26
37 28
37 38
37 0
37 16
37 17
37 9
37 43
37 35
37 23
37 42
37 33
37 10
37 4
18
38 2
38 12
38 5
38 28
38 45
38 30
38 31
38 1
38 36
38 46
38 10
38 0
38 24
38 16
38 6
38 29
38 17
38 20
19
39 18
39 42
39 40
39 16
39 43
39 15
39 44
39 12
39 26
39 30
39 5
39 1
39 3
39 33
39 35
39 11
39 14
39 41
39 8
16
40 20
40 49
40 19
40 13
40 31
40 48
40 10
40 15
40 9
40 18
40 7
40 29
40 36
40 32
40 38
40 25
24
41 31
41 26
41 44
41 1
41 30
41 6
41 27
41 0
41 40
41 15
41 35
41 49
41 20
41 29
41 36
41 12
41 10
41 33
41 37
41 38
41 46
41 47
41 32
41 42
18
42 7
42 12
42 30
42 43
42 24
42 27
42 17
42 49
42 28
42 47
42 9
42 32
42 2
42 29
42 40
42 38
42 16
42 44
21
43 14
43 33
43 5
43 40
43 28
43 34
43 48
43 49
43 20
43 9
43 7
43 26
43 46
43 47
43 18
43 41
43 32
43 21
43 45
43 13
43 38
18
44 45
44 7
44 27
44 30
44 10
44 11
44 24
44 16
44 23
44 46
44 34
44 0
44 14
44 31
44 25
44 18
44 40
44 9
17
45 42
45 30
45 34
45 25
45 22
45 48
45 40
45 37
45 1
45 15
45 20
45 41
45 29
45 26
45 4
45 46
45 6
18
46 5
46 29
46 37
46 42
46 22
46 47
46 39
46 6
46 34
46 25
46 16
46 18
46 10
46 1
46 48
46 15
46 27
46 13
22
47 10
47 18
47 19
47 49
47 6
47 27
47 2
47 39
47 48
47 37
47 11
47 45
47 12
47 32
47 9
47 34
47 13
47 36
47 5
47 4
47 38
47 44
21
48 42
48 12
48 20
48 5
48 25
48 35
48 17
48 26
48 2
48 23
48 15
48 9
48 32
48 14
48 11
48 33
48 22
48 21
48 41
48 39
48 38
24
49 4
49 46
49 16
49 21
49 38
49 30
49 35
49 37
49 13
49 3
49 12
49 18
49 36
49 15
49 7
49 34
49 31
49 27
49 48
49 23
49 6
49 28
49 45
49 24
