50
0 "A38"
1 "A35"
2 "A13"
3 "A14"
4 "A47"
5 "A0"
6 "A16"
7 "A15"
8 "A36"
9 "A25"
10 "A17"
11 "A5"
12 "A10"
13 "A39"
14 "A41"
15 "A11"
16 "A22"
17 "A8"
18 "A21"
19 "A3"
20 "A24"
21 "A33"
22 "A4"
23 "A32"
24 "A45"
25 "A19"
26 "A6"
27 "A27"
28 "A31"
29 "A2"
30 "A42"
31 "A26"
32 "A34"
33 "A37"
34 "A12"
35 "A49"
36 "A28"
37 "A46"
38 "A30"
39 "A40"
40 "A18"
41 "A20"
42 "A43"
43 "A23"
44 "A9"
45 "A29"
46 "A44"
47 "A48"
48 "A1"
49 "A7"
18
0 40
0 30
0 20
0 38
0 18
0 5
0 17
0 36
0 13
0 16
0 29
0 9
0 34
0 11
0 19
0 26
0 15
0 31
23
1 14
1 36
1 38
1 46
1 18
1 12
1 45
1 7
1 28
1 39
1 43
1 15
1 32
1 5
1 16
1 21
1 48
1 25
1 42
1 9
1 26
1 0
1 4
24
2 21
2 27
2 42
2 46
2 5
2 36
2 9
2 47
2 16
2 8
2 18
2 15
2 12
2 6
2 39
2 43
2 26
2 49
2 24
2 48
2 0
2 40
2 20
2 33
17
3 15
3 2
3 25
3 0
3 30
3 10
3 1
3 27
3 36
3 4
3 31
3 33
3 45
3 32
3 14
3 44
3 37
13
4 21
4 16
4 8
4 44
4 47
4 18
4 37
4 46
4 6
4 49
4 48
4 23
4 24
16
5 40
5 15
5 18
5 32
5 14
5 27
5 11
5 26
5 38
5 21
5 48
5 16
5 3
5 22
5 33
5 36
19
6 19
6 0
6 21
6 28
6 47
6 36
6 3
6 34
6 11
6 44
6 5
6 9
6 25
6 17
6 16
6 8
6 26
6 46
6 27
21
7 11
7 4
7 37
7 21
7 10
7 36
7 48
7 43
7 13
7 6
7 49
7 19
7 14
7 27
7 35
7 3
7 25
7 42
7 32
7 20
7 12
22
8 17
8 32
8 36
8 40
8 12
8 31
8 30
8 7
8 49
8 22
8 5
8 9
8 27
8 11
8 26
8 0
8 35
8 10
8 34
8 3
8 14
8 37
20
9 25
9 24
9 13
9 3
9 17
9 31
9 4
9 7
9 47
9 41
9 36
9 27
9 18
9 43
9 34
9 29
9 39
9 49
9 38
9 32
21
10 26
10 22
10 17
10 1
10 14
10 48
10 41
10 9
10 19
10 6
10 2
10 25
10 5
10 45
10 0
10 15
10 31
10 33
10 28
10 13
10 20
19
11 1
11 46
11 15
11 38
11 2
11 10
11 21
11 13
11 25
11 35
11 31
11 44
11 26
11 29
11 37
11 36
11 49
11 14
11 40
25
12 18
12 4
12 33
12 41
12 20
12 6
12 34
12 5
12 40
12 32
12 22
12 27
12 25
12 30
12 48
12 16
12 36
12 9
12 11
12 47
12 42
12 24
12 19
12 3
12 14
19
13 45
13 46
13 12
13 17
13 47
13 23
13 22
13 26
13 8
13 4
13 38
13 1
13 35
13 24
13 3
13 33
13 6
13 49
13 2
20
14 9
14 6
14 24
14 4
14 17
14 22
14 18
14 0
14 40
14 2
14 36
14 42
14 29
14 23
14 20
14 19
14 21
14 48
14 27
14 34
26
15 6
15 21
15 13
15 9
15 44
15 40
15 32
15 48
15 41
15 20
15 47
15 37
15 49
15 30
15 46
15 34
15 29
15 23
15 4
15 8
15 12
15 22
15 36
15 24
15 7
15 43
22
16 29
16 21
16 9
16 43
16 13
16 8
16 39
16 33
16 35
16 10
16 22
16 42
16 11
16 15
16 3
16 40
16 14
16 26
16 7
16 20
16 46
16 45
24
17 47
17 43
17 41
17 26
17 25
17 39
17 30
17 3
17 29
17 4
17 22
17 32
17 2
17 42
17 16
17 20
17 5
17 12
17 46
17 40
17 37
17 38
17 7
17 28
17
18 3
18 19
18 39
18 37
18 27
18 10
18 8
18 22
18 47
18 26
18 11
18 32
18 44
18 13
18 43
18 7
18 29
22
19 44
19 13
19 22
19 3
19 49
19 32
19 2
19 39
19 24
19 9
19 1
19 11
19 30
19 38
19 8
19 4
19 23
19 27
19 46
19 34
19 21
19 36
14
20 1
20 34
20 13
20 11
20 22
20 45
20 42
20 32
20 18
20 6
20 25
20 4
20 27
20 41
17
21 45
21 42
21 22
21 48
21 13
21 33
21 17
21 20
21 3
21 47
21 37
21 41
21 8
21 35
21 44
21 10
21 18
21
22 2
22 1
22 32
22 27
22 9
22 11
22 3
22 6
22 0
22 31
22 40
22 24
22 30
22 44
22 7
22 45
22 33
22 39
22 48
22 41
22 49
14
23 8
23 34
23 3
23 48
23 20
23 10
23 7
23 12
23 43
23 24
23 0
23 39
23 18
23 36
19
24 26
24 31
24 35
24 8
24 47
24 44
24 28
24 42
24 27
24 20
24 45
24 3
24 5
24 43
24 10
24 18
24 17
24 16
24 11
17
25 15
25 29
25 5
25 0
25 44
25 47
25 16
25 22
25 23
25 2
25 38
25 13
25 8
25 14
25 37
25 4
25 42
17
26 33
26 20
26 3
26 39
26 31
26 43
26 22
26 30
26 14
26 36
26 32
26 46
26 15
26 19
26 35
26 25
26 4
11
27 33
27 45
27 37
27 42
27 25
27 1
27 13
27 49
27 11
27 4
27 17
28
28 7
28 38
28 16
28 11
28 0
28 49
28 40
28 36
28 45
28 35
28 39
28 15
28 12
28 19
28 5
28 41
28 27
28 2
28 33
28 8
28 3
28 22
28 42
28 25
28 9
28 44
28 31
28 14
23
29 22
29 19
29 24
29 7
29 6
29 13
29 49
29 28
29 30
29 20
29 12
29 23
29 5
29 10
29 39
29 8
29 32
29 26
29 44
29 27
29 37
29 41
29 35
16
30 25
30 7
30 9
30 44
30 23
30 13
30 45
30 21
30 11
30 4
30 28
30 32
30 1
30 16
30 20
30 39
25
31 45
31 49
31 18
31 40
31 43
31 20
31 38
31 13
31 4
31 37
31 15
31 14
31 5
31 16
31 36
31 17
31 25
31 7
31 29
31 47
31 21
31 42
31 46
31 12
31 34
16
32 4
32 10
32 0
32 49
32 25
32 48
32 47
32 6
32 2
32 31
32 41
32 16
32 24
32 42
32 13
32 39
24
33 6
33 15
33 25
33 38
33 24
33 40
33 9
33 23
33 45
33 19
33 4
33 20
33 44
33 37
33 31
33 0
33 18
33 46
33 49
33 36
33 7
33 11
33 41
33 35
23
34 41
34 28
34 24
34 16
34 26
34 11
34 48
34 29
34 1
34 25
34 21
34 7
34 30
34 45
34 13
34 5
34 49
34 17
34 32
34 4
34 47
34 38
34 3
18
35 12
35 18
35 10
35 0
35 22
35 44
35 38
35 2
35 17
35 40
35 43
35 20
35 45
35 6
35 46
35 15
35 14
35 5
15
36 38
36 27
36 49
36 32
36 29
36 20
36 10
36 44
36 37
36 48
36 18
36 21
36 4
36 13
36 25
23
37 42
37 39
37 5
37 35
37 9
37 14
37 22
37 2
37 32
37 43
37 1
37 44
37 24
37 28
37 12
37 49
37 26
37 19
37 41
37 13
37 34
37 30
37 20
19
38 48
38 16
38 24
38 44
38 40
38 30
38 43
38 3
38 14
38 22
38 23
38 37
38 32
38 27
38 46
38 21
38 6
38 39
38 47
20
39 3
39 45
39 46
39 13
39 20
39 34
39 15
39 7
39 5
39 25
39 4
39 11
39 0
39 27
39 33
39 36
39 6
39 8
39 35
39 31
19
40 10
40 19
40 26
40 20
40 9
40 6
40 30
40 48
40 18
40 47
40 46
40 1
40 37
40 42
40 7
40 39
40 27
40 13
40 4
23
41 1
41 36
41 27
41 16
41 13
41 44
41 40
41 4
41 31
41 14
41 47
41 7
41 0
41 18
41 8
41 45
41 24
41 11
41 6
41 2
41 48
41 19
41 39
16
42 13
42 19
42 10
42 6
42 15
42 26
42 49
42 30
42 4
42 9
42 41
42 36
42 8
42 29
42 34
42 18
23
43 42
43 40
43 5
43 12
43 30
43 22
43 6
43 0
43 14
43 21
43 3
43 19
43 11
43 45
43 20
43 33
43 25
43 36
43 39
43 8
43 32
43 29
43 49
16
44 42
44 16
44 0
44 23
44 32
44 13
44 39
44 48
44 31
44 34
44 5
44 7
44 10
44 43
44 40
44 1
16
45 17
45 37
45 7
45 38
45 6
45 11
45 0
45 18
45 15
45 9
45 29
45 25
45 46
45 44
45 40
45 12
22
46 49
46 14
46 27
46 48
46 8
46 29
46 32
46 47
46 36
46 28
46 25
46 30
46 7
46 37
46 12
46 21
46 44
46 24
46 42
46 10
46 34
46 41
19
47 7
47 16
47 42
47 37
47 35
47 44
47 11
47 8
47 30
47 36
47 33
47 0
47 27
47 10
47 19
47 26
47 20
47 28
47 23
20
48 3
48 28
48 43
48 24
48 37
48 31
48 25
48 20
48 9
48 19
48 39
48 29
48 16
48 6
48 27
48 47
48 33
48 0
48 49
48 35
18
49 6
49 44
49 14
49 30
49 45
49 16
49 24
49 1
49 38
49 17
49 18
49 26
49 3
49 21
49 20
49 10
49 5
49 47
