50
0 "A38"
1 "A35"
2 "A13"
3 "A14"
4 "A47"
5 "A0"
6 "A16"
7 "A15"
8 "A36"
9 "A25"
10 "A17"
11 "A5"
12 "A10"
13 "A39"
14 "A41"
15 "A11"
16 "A22"
17 "A8"
18 "A21"
19 "A3"
20 "A24"
21 "A33"
22 "A4"
23 "A32"
24 "A45"
25 "A19"
26 "A6"
27 "A27"
28 "A31"
29 "A2"
30 "A42"
31 "A26"
32 "A34"
33 "A37"
34 "A12"
35 "A49"
36 "A28"
37 "A46"
38 "A30"
39 "A40"
40 "A18"
41 "A20"
42 "A43"
43 "A23"
44 "A9"
45 "A29"
46 "A44"
47 "A48"
48 "A1"
49 "A7"
19
0 41
0 23
0 22
0 1
0 18
0 43
0 28
0 31
0 5
0 25
0 35
0 13
0 30
0 39
0 19
0 48
0 12
0 33
0 37
20
1 16
1 24
1 31
1 11
1 38
1 6
1 43
1 15
1 20
1 27
1 42
1 36
1 29
1 9
1 46
1 18
1 40
1 49
1 41
1 25
21
2 34
2 19
2 49
2 41
2 35
2 20
2 46
2 0
2 30
2 42
2 4
2 18
2 6
2 32
2 9
2 5
2 22
2 16
2 44
2 38
2 21
19
3 5
3 25
3 13
3 34
3 19
3 48
3 46
3 0
3 23
3 22
3 11
3 28
3 15
3 20
3 42
3 16
3 4
3 2
3 26
19
4 47
4 25
4 19
4 1
4 24
4 9
4 43
4 39
4 32
4 42
4 20
4 37
4 26
4 28
4 5
4 46
4 16
4 29
4 49
20
5 10
5 17
5 46
5 33
5 8
5 6
5 9
5 48
5 1
5 22
5 32
5 14
5 47
5 26
5 28
5 31
5 16
5 13
5 42
5 7
18
6 32
6 46
6 48
6 35
6 11
6 0
6 44
6 24
6 33
6 47
6 27
6 41
6 22
6 49
6 18
6 4
6 20
6 31
26
7 20
7 35
7 39
7 49
7 14
7 48
7 34
7 26
7 17
7 47
7 9
7 36
7 44
7 46
7 10
7 37
7 41
7 22
7 6
7 12
7 15
7 2
7 1
7 43
7 24
7 4
21
8 48
8 9
8 28
8 34
8 0
8 39
8 38
8 32
8 42
8 20
8 4
8 44
8 45
8 6
8 21
8 43
8 2
8 31
8 22
8 26
8 13
16
9 46
9 36
9 13
9 48
9 6
9 28
9 27
9 22
9 11
9 12
9 26
9 20
9 30
9 40
9 44
9 41
19
10 29
10 0
10 3
10 4
10 8
10 6
10 45
10 24
10 26
10 48
10 44
10 15
10 46
10 28
10 23
10 49
10 33
10 35
10 36
19
11 2
11 40
11 42
11 41
11 18
11 49
11 26
11 27
11 0
11 39
11 25
11 31
11 7
11 8
11 29
11 13
11 19
11 16
11 28
22
12 10
12 16
12 6
12 2
12 39
12 32
12 29
12 22
12 30
12 8
12 48
12 34
12 43
12 24
12 1
12 5
12 18
12 44
12 3
12 25
12 27
12 11
14
13 12
13 36
13 34
13 22
13 26
13 18
13 44
13 7
13 41
13 1
13 25
13 2
13 39
13 21
20
14 13
14 12
14 36
14 49
14 30
14 48
14 28
14 27
14 17
14 44
14 6
14 11
14 25
14 37
14 9
14 21
14 47
14 39
14 8
14 4
16
15 4
15 5
15 31
15 35
15 39
15 49
15 40
15 14
15 23
15 38
15 11
15 6
15 8
15 45
15 9
15 0
18
16 48
16 45
16 0
16 6
16 8
16 32
16 27
16 31
16 33
16 13
16 9
16 10
16 44
16 22
16 7
16 46
16 43
16 14
23
17 18
17 39
17 44
17 16
17 23
17 3
17 10
17 29
17 46
17 11
17 24
17 2
17 12
17 20
17 9
17 33
17 0
17 40
17 13
17 49
17 45
17 6
17 8
13
18 31
18 22
18 10
18 45
18 4
18 5
18 40
18 36
18 35
18 48
18 33
18 46
18 15
19
19 8
19 27
19 1
19 30
19 7
19 49
19 33
19 13
19 43
19 6
19 16
19 28
19 17
19 29
19 18
19 41
19 10
19 12
19 42
16
20 46
20 44
20 25
20 29
20 11
20 10
20 37
20 15
20 40
20 45
20 13
20 47
20 18
20 5
20 28
20 35
23
21 9
21 7
21 35
21 24
21 11
21 32
21 17
21 37
21 31
21 40
21 5
21 15
21 20
21 47
21 30
21 19
21 0
21 10
21 25
21 29
21 6
21 1
21 26
17
22 20
22 19
22 10
22 33
22 23
22 41
22 24
22 1
22 15
22 40
22 37
22 27
22 14
22 17
22 25
22 31
22 29
18
23 41
23 12
23 32
23 33
23 49
23 46
23 20
23 21
23 14
23 18
23 7
23 6
23 19
23 16
23 5
23 11
23 39
23 36
19
24 9
24 35
24 40
24 11
24 36
24 30
24 43
24 19
24 46
24 15
24 14
24 5
24 8
24 45
24 47
24 13
24 2
24 38
24 18
19
25 5
25 10
25 29
25 38
25 26
25 34
25 33
25 16
25 47
25 48
25 49
25 42
25 9
25 28
25 6
25 39
25 37
25 17
25 2
19
26 0
26 17
26 46
26 48
26 19
26 29
26 30
26 16
26 14
26 18
26 38
26 24
26 22
26 15
26 12
26 20
26 41
26 23
26 44
22
27 40
27 47
27 20
27 8
27 4
27 23
27 42
27 7
27 43
27 30
27 49
27 45
27 18
27 38
27 36
27 31
27 26
27 17
27 0
27 5
27 25
27 21
22
28 18
28 22
28 47
28 49
28 17
28 26
28 23
28 27
28 13
28 2
28 6
28 16
28 34
28 7
28 12
28 24
28 37
28 44
28 46
28 21
28 32
28 1
17
29 18
29 16
29 23
29 49
29 44
29 28
29 13
29 2
29 15
29 8
29 38
29 7
29 3
29 6
29 24
29 43
29 5
19
30 38
30 32
30 6
30 22
30 28
30 1
30 18
30 34
30 37
30 11
30 13
30 7
30 40
30 16
30 10
30 46
30 5
30 31
30 29
15
31 24
31 49
31 17
31 9
31 36
31 33
31 37
31 3
31 12
31 19
31 35
31 20
31 28
31 2
31 7
23
32 11
32 13
32 26
32 1
32 24
32 41
32 40
32 14
32 47
32 3
32 9
32 49
32 25
32 19
32 33
32 10
32 35
32 46
32 0
32 17
32 31
32 37
32 7
19
33 45
33 37
33 8
33 42
33 30
33 27
33 41
33 14
33 20
33 12
33 49
33 21
33 13
33 46
33 26
33 28
33 44
33 47
33 1
24
34 5
34 10
34 42
34 19
34 17
34 27
34 31
34 6
34 23
34 4
34 29
34 9
34 21
34 44
34 48
34 24
34 38
34 32
34 40
34 22
34 39
34 33
34 37
34 46
18
35 29
35 11
35 39
35 16
35 25
35 30
35 28
35 17
35 9
35 14
35 33
35 8
35 41
35 40
35 48
35 3
35 22
35 46
26
36 38
36 3
36 0
36 40
36 19
36 11
36 49
36 17
36 32
36 26
36 41
36 30
36 42
36 20
36 35
36 22
36 34
36 39
36 4
36 5
36 25
36 28
36 29
36 16
36 6
36 37
16
37 40
37 18
37 6
37 2
37 26
37 13
37 17
37 29
37 10
37 19
37 38
37 46
37 8
37 15
37 9
37 3
21
38 18
38 12
38 28
38 0
38 19
38 35
38 40
38 22
38 23
38 10
38 13
38 3
38 32
38 44
38 7
38 4
38 33
38 21
38 20
38 16
38 39
21
39 45
39 41
39 33
39 10
39 27
39 32
39 9
39 30
39 31
39 40
39 2
39 43
39 1
39 6
39 18
39 19
39 48
39 26
39 46
39 49
39 24
16
40 13
40 16
40 31
40 2
40 5
40 12
40 14
40 33
40 7
40 46
40 29
40 8
40 26
40 23
40 10
40 25
19
41 47
41 20
41 34
41 17
41 30
41 28
41 5
41 15
41 8
41 46
41 3
41 31
41 12
41 10
41 27
41 29
41 40
41 18
41 49
26
42 45
42 12
42 30
42 9
42 10
42 17
42 0
42 6
42 29
42 16
42 13
42 7
42 18
42 40
42 23
42 48
42 31
42 21
42 37
42 20
42 35
42 39
42 38
42 26
42 41
42 28
23
43 41
43 28
43 2
43 5
43 49
43 18
43 40
43 14
43 30
43 48
43 23
43 17
43 26
43 34
43 38
43 31
43 13
43 25
43 33
43 37
43 9
43 35
43 10
20
44 40
44 0
44 30
44 22
44 41
44 11
44 4
44 21
44 27
44 15
44 32
44 5
44 19
44 45
44 37
44 18
44 43
44 31
44 36
44 3
22
45 11
45 6
45 37
45 13
45 12
45 26
45 3
45 0
45 36
45 34
45 1
45 38
45 9
45 7
45 19
45 41
45 47
45 23
45 43
45 35
45 40
45 32
16
46 13
46 31
46 44
46 12
46 42
46 36
46 14
46 25
46 19
46 11
46 0
46 43
46 15
46 45
46 27
46 29
23
47 3
47 11
47 8
47 22
47 36
47 34
47 13
47 9
47 1
47 44
47 39
47 23
47 15
47 19
47 42
47 40
47 35
47 18
47 16
47 37
47 0
47 48
47 31
19
48 37
48 32
48 21
48 17
48 20
48 28
48 40
48 13
48 19
48 11
48 4
48 22
48 38
48 2
48 46
48 45
48 31
48 1
48 41
20
49 34
49 45
49 42
49 13
49 22
49 0
49 20
49 44
49 26
49 12
49 16
49 48
49 18
49 24
49 47
49 46
49 8
49 9
49 5
49 30
