50
0 "A38"
1 "A35"
2 "A13"
3 "A14"
4 "A47"
5 "A0"
6 "A16"
7 "A15"
8 "A36"
9 "A25"
10 "A17"
11 "A5"
12 "A10"
13 "A39"
14 "A41"
15 "A11"
16 "A22"
17 "A8"
18 "A21"
19 "A3"
20 "A24"
21 "A33"
22 "A4"
23 "A32"
24 "A45"
25 "A19"
26 "A6"
27 "A27"
28 "A31"
29 "A2"
30 "A42"
31 "A26"
32 "A34"
33 "A37"
34 "A12"
35 "A49"
36 "A28"
37 "A46"
38 "A30"
39 "A40"
40 "A18"
41 "A20"
42 "A43"
43 "A23"
44 "A9"
45 "A29"
46 "A44"
47 "A48"
48 "A1"
49 "A7"
21
0 17
0 19
0 14
0 32
0 18
0 49
0 16
0 27
0 31
0 45
0 44
0 12
0 43
0 25
0 11
0 34
0 41
0 20
0 7
0 46
0 33
19
1 43
1 36
1 34
1 35
1 28
1 27
1 42
1 20
1 26
1 25
1 30
1 0
1 9
1 3
1 39
1 40
1 32
1 2
1 31
23
2 33
2 31
2 20
2 38
2 4
2 8
2 34
2 32
2 42
2 29
2 47
2 7
2 13
2 5
2 35
2 24
2 44
2 18
2 30
2 21
2 22
2 26
2 36
22
3 19
3 42
3 4
3 26
3 27
3 20
3 46
3 23
3 38
3 13
3 41
3 45
3 6
3 24
3 29
3 28
3 2
3 17
3 0
3 25
3 49
3 33
22
4 16
4 19
4 39
4 0
4 25
4 12
4 5
4 47
4 15
4 42
4 33
4 28
4 45
4 44
4 10
4 11
4 1
4 24
4 6
4 40
4 14
4 13
17
5 39
5 33
5 11
5 26
5 16
5 19
5 9
5 47
5 45
5 46
5 31
5 14
5 21
5 0
5 43
5 20
5 8
17
6 47
6 38
6 27
6 2
6 11
6 12
6 17
6 8
6 37
6 44
6 1
6 39
6 35
6 16
6 15
6 49
6 36
19
7 48
7 25
7 15
7 1
7 37
7 34
7 49
7 26
7 18
7 9
7 3
7 42
7 28
7 5
7 47
7 43
7 35
7 39
7 38
19
8 39
8 24
8 14
8 21
8 33
8 29
8 28
8 47
8 26
8 46
8 40
8 32
8 37
8 7
8 20
8 25
8 41
8 1
8 4
18
9 20
9 49
9 32
9 40
9 35
9 44
9 46
9 26
9 43
9 30
9 21
9 37
9 12
9 27
9 28
9 19
9 16
9 2
23
10 16
10 30
10 42
10 24
10 38
10 40
10 5
10 23
10 3
10 31
10 19
10 12
10 39
10 2
10 47
10 22
10 1
10 48
10 14
10 9
10 7
10 46
10 18
20
11 42
11 34
11 22
11 47
11 8
11 32
11 45
11 17
11 49
11 37
11 31
11 7
11 9
11 44
11 46
11 39
11 12
11 3
11 1
11 2
23
12 32
12 44
12 23
12 34
12 18
12 5
12 21
12 25
12 24
12 29
12 7
12 27
12 1
12 41
12 20
12 8
12 13
12 15
12 45
12 43
12 22
12 31
12 37
18
13 28
13 34
13 30
13 48
13 26
13 45
13 6
13 22
13 35
13 33
13 10
13 8
13 19
13 1
13 36
13 31
13 11
13 40
25
14 22
14 23
14 34
14 13
14 29
14 46
14 18
14 7
14 20
14 39
14 49
14 35
14 6
14 38
14 42
14 45
14 19
14 9
14 2
14 44
14 31
14 12
14 1
14 28
14 25
23
15 3
15 38
15 23
15 14
15 34
15 29
15 11
15 49
15 24
15 31
15 9
15 18
15 13
15 1
15 32
15 2
15 46
15 10
15 37
15 5
15 0
15 39
15 36
18
16 21
16 13
16 19
16 48
16 1
16 23
16 25
16 49
16 45
16 22
16 14
16 41
16 11
16 26
16 42
16 30
16 15
16 35
19
17 8
17 13
17 21
17 30
17 4
17 2
17 36
17 48
17 10
17 14
17 7
17 37
17 12
17 43
17 24
17 5
17 9
17 45
17 33
19
18 16
18 31
18 20
18 22
18 8
18 25
18 24
18 9
18 28
18 41
18 23
18 19
18 45
18 6
18 21
18 49
18 17
18 13
18 46
16
19 32
19 21
19 2
19 35
19 30
19 41
19 43
19 45
19 11
19 39
19 17
19 7
19 27
19 46
19 25
19 47
14
20 41
20 13
20 34
20 24
20 40
20 29
20 17
20 31
20 39
20 19
20 21
20 4
20 33
20 11
18
21 30
21 7
21 4
21 11
21 13
21 0
21 40
21 49
21 43
21 42
21 34
21 33
21 47
21 31
21 35
21 27
21 15
21 26
19
22 19
22 31
22 8
22 38
22 40
22 36
22 20
22 25
22 1
22 43
22 21
22 15
22 35
22 47
22 3
22 24
22 45
22 6
22 28
17
23 1
23 13
23 0
23 8
23 2
23 38
23 7
23 19
23 26
23 9
23 25
23 5
23 46
23 30
23 22
23 11
23 17
16
24 26
24 21
24 34
24 46
24 5
24 37
24 44
24 0
24 42
24 39
24 7
24 40
24 11
24 1
24 6
24 13
19
25 28
25 9
25 32
25 15
25 21
25 2
25 45
25 11
25 20
25 46
25 35
25 27
25 43
25 17
25 38
25 48
25 6
25 26
25 47
19
26 32
26 48
26 40
26 49
26 6
26 10
26 37
26 20
26 4
26 11
26 17
26 22
26 38
26 35
26 14
26 0
26 30
26 15
26 28
22
27 43
27 28
27 47
27 15
27 40
27 36
27 48
27 4
27 30
27 11
27 29
27 23
27 2
27 13
27 14
27 37
27 16
27 22
27 5
27 46
27 24
27 17
15
28 49
28 43
28 16
28 40
28 19
28 30
28 31
28 46
28 11
28 24
28 5
28 41
28 12
28 23
28 0
25
29 18
29 25
29 9
29 30
29 22
29 16
29 43
29 31
29 11
29 23
29 0
29 28
29 44
29 24
29 4
29 1
29 6
29 48
29 37
29 21
29 7
29 42
29 32
29 33
29 10
15
30 37
30 14
30 33
30 3
30 46
30 0
30 22
30 18
30 31
30 8
30 41
30 20
30 34
30 7
30 12
16
31 19
31 24
31 41
31 38
31 45
31 46
31 32
31 8
31 3
31 23
31 42
31 9
31 33
31 25
31 35
31 16
18
32 14
32 16
32 24
32 48
32 17
32 45
32 5
32 30
32 3
32 27
32 40
32 28
32 34
32 20
32 37
32 10
32 7
32 6
22
33 24
33 34
33 38
33 25
33 7
33 42
33 6
33 41
33 32
33 15
33 37
33 36
33 27
33 26
33 35
33 11
33 12
33 48
33 22
33 9
33 23
33 45
16
34 43
34 23
34 4
34 19
34 22
34 48
34 44
34 38
34 16
34 5
34 26
34 47
34 36
34 29
34 37
34 31
20
35 41
35 4
35 40
35 30
35 11
35 12
35 42
35 15
35 27
35 3
35 46
35 8
35 34
35 45
35 0
35 20
35 28
35 29
35 39
35 18
23
36 46
36 10
36 42
36 41
36 28
36 49
36 40
36 4
36 21
36 47
36 14
36 37
36 26
36 7
36 9
36 31
36 35
36 24
36 3
36 20
36 19
36 16
36 32
15
37 5
37 13
37 16
37 25
37 10
37 31
37 49
37 38
37 14
37 22
37 20
37 19
37 23
37 18
37 2
23
38 4
38 43
38 21
38 1
38 9
38 17
38 48
38 24
38 13
38 12
38 28
38 35
38 16
38 27
38 44
38 20
38 11
38 42
38 0
38 5
38 30
38 40
38 47
22
39 17
39 22
39 9
39 30
39 47
39 48
39 16
39 13
39 21
39 38
39 36
39 23
39 26
39 25
39 34
39 12
39 0
39 2
39 43
39 37
39 18
39 28
22
40 7
40 6
40 0
40 31
40 5
40 18
40 39
40 12
40 17
40 30
40 29
40 34
40 11
40 49
40 23
40 14
40 47
40 2
40 44
40 46
40 15
40 3
16
41 38
41 27
41 22
41 24
41 25
41 42
41 26
41 23
41 2
41 39
41 46
41 5
41 34
41 21
41 11
41 7
22
42 9
42 17
42 30
42 39
42 26
42 6
42 32
42 8
42 15
42 45
42 22
42 5
42 18
42 37
42 12
42 13
42 0
42 40
42 19
42 28
42 25
42 23
21
43 20
43 16
43 32
43 6
43 37
43 8
43 4
43 36
43 44
43 42
43 48
43 15
43 45
43 10
43 30
43 26
43 3
43 41
43 13
43 14
43 46
20
44 3
44 19
44 7
44 27
44 28
44 26
44 13
44 8
44 23
44 35
44 25
44 45
44 37
44 17
44 18
44 10
44 16
44 20
44 41
44 31
22
45 9
45 28
45 46
45 1
45 10
45 29
45 26
45 47
45 21
45 7
45 6
45 34
45 23
45 39
45 41
45 20
45 2
45 37
45 48
45 15
45 30
45 38
15
46 34
46 4
46 1
46 20
46 32
46 7
46 22
46 29
46 2
46 37
46 12
46 6
46 26
46 38
46 13
21
47 41
47 31
47 9
47 24
47 46
47 26
47 42
47 12
47 33
47 43
47 3
47 1
47 15
47 37
47 23
47 44
47 32
47 17
47 18
47 16
47 48
19
48 12
48 0
48 19
48 36
48 6
48 1
48 49
48 20
48 31
48 15
48 21
48 40
48 28
48 37
48 22
48 8
48 18
48 42
48 24
27
49 4
49 19
49 5
49 29
49 38
49 25
49 30
49 27
49 34
49 2
49 13
49 8
49 12
49 45
49 17
49 35
49 42
49 33
49 20
49 39
49 43
49 10
49 46
49 1
49 44
49 32
49 41
