50
0 "A38"
1 "A35"
2 "A13"
3 "A14"
4 "A47"
5 "A0"
6 "A16"
7 "A15"
8 "A36"
9 "A25"
10 "A17"
11 "A5"
12 "A10"
13 "A39"
14 "A41"
15 "A11"
16 "A22"
17 "A8"
18 "A21"
19 "A3"
20 "A24"
21 "A33"
22 "A4"
23 "A32"
24 "A45"
25 "A19"
26 "A6"
27 "A27"
28 "A31"
29 "A2"
30 "A42"
31 "A26"
32 "A34"
33 "A37"
34 "A12"
35 "A49"
36 "A28"
37 "A46"
38 "A30"
39 "A40"
40 "A18"
41 "A20"
42 "A43"
43 "A23"
44 "A9"
45 "A29"
46 "A44"
47 "A48"
48 "A1"
49 "A7"
21
0 1
0 24
0 44
0 25
0 45
0 6
0 46
0 41
0 16
0 5
0 26
0 35
0 33
0 42
0 20
0 22
0 7
0 10
0 21
0 17
0 4
18
1 23
1 48
1 30
1 28
1 7
1 33
1 13
1 31
1 8
1 49
1 26
1 11
1 47
1 32
1 29
1 39
1 44
1 36
16
2 26
2 46
2 29
2 7
2 44
2 4
2 17
2 40
2 22
2 33
2 30
2 1
2 42
2 38
2 8
2 9
22
3 2
3 0
3 45
3 24
3 47
3 30
3 46
3 36
3 13
3 6
3 19
3 27
3 39
3 10
3 4
3 16
3 48
3 1
3 41
3 42
3 49
3 32
22
4 36
4 37
4 17
4 28
4 8
4 43
4 33
4 21
4 6
4 12
4 13
4 7
4 29
4 26
4 18
4 45
4 25
4 48
4 1
4 24
4 10
4 41
24
5 14
5 44
5 36
5 42
5 49
5 27
5 31
5 1
5 26
5 4
5 16
5 47
5 46
5 25
5 2
5 39
5 9
5 33
5 22
5 35
5 3
5 10
5 21
5 24
14
6 39
6 2
6 32
6 49
6 12
6 34
6 45
6 9
6 48
6 46
6 40
6 1
6 36
6 28
15
7 30
7 33
7 42
7 15
7 11
7 16
7 34
7 38
7 46
7 17
7 37
7 3
7 12
7 25
7 10
25
8 23
8 24
8 7
8 32
8 6
8 28
8 35
8 47
8 44
8 30
8 17
8 37
8 46
8 31
8 16
8 42
8 33
8 3
8 13
8 38
8 39
8 40
8 5
8 12
8 48
21
9 36
9 12
9 24
9 33
9 3
9 4
9 30
9 0
9 25
9 44
9 40
9 23
9 22
9 8
9 19
9 35
9 1
9 32
9 42
9 27
9 15
24
10 33
10 45
10 48
10 42
10 44
10 39
10 8
10 2
10 14
10 1
10 47
10 36
10 19
10 13
10 32
10 25
10 12
10 43
10 17
10 31
10 37
10 16
10 27
10 23
22
11 0
11 45
11 31
11 12
11 27
11 48
11 39
11 10
11 37
11 2
11 24
11 25
11 26
11 33
11 43
11 34
11 8
11 3
11 47
11 35
11 46
11 42
22
12 34
12 25
12 35
12 27
12 38
12 0
12 16
12 14
12 32
12 2
12 15
12 48
12 3
12 24
12 49
12 31
12 21
12 46
12 39
12 22
12 47
12 19
21
13 5
13 20
13 35
13 12
13 9
13 2
13 22
13 38
13 28
13 6
13 33
13 11
13 19
13 27
13 21
13 0
13 25
13 23
13 16
13 30
13 14
21
14 17
14 48
14 29
14 20
14 9
14 31
14 16
14 45
14 8
14 33
14 41
14 27
14 44
14 0
14 36
14 15
14 26
14 1
14 4
14 2
14 3
22
15 13
15 43
15 6
15 8
15 1
15 23
15 30
15 49
15 37
15 11
15 48
15 0
15 28
15 42
15 5
15 26
15 22
15 24
15 10
15 44
15 16
15 29
18
16 30
16 29
16 45
16 48
16 22
16 25
16 46
16 6
16 9
16 26
16 36
16 4
16 11
16 1
16 39
16 41
16 43
16 21
14
17 9
17 19
17 1
17 5
17 15
17 31
17 16
17 21
17 11
17 40
17 44
17 28
17 42
17 6
25
18 3
18 27
18 24
18 29
18 25
18 14
18 32
18 17
18 43
18 7
18 20
18 41
18 8
18 15
18 1
18 10
18 34
18 44
18 13
18 0
18 33
18 46
18 2
18 28
18 16
17
19 33
19 16
19 32
19 26
19 15
19 5
19 1
19 7
19 22
19 2
19 11
19 39
19 0
19 38
19 21
19 45
19 47
19
20 4
20 43
20 30
20 24
20 29
20 9
20 45
20 3
20 40
20 17
20 16
20 46
20 27
20 48
20 28
20 10
20 31
20 19
20 41
19
21 42
21 20
21 18
21 27
21 40
21 49
21 1
21 36
21 11
21 32
21 38
21 8
21 9
21 14
21 23
21 45
21 7
21 43
21 6
21
22 4
22 20
22 24
22 7
22 10
22 49
22 46
22 8
22 33
22 26
22 38
22 47
22 36
22 21
22 14
22 25
22 35
22 43
22 18
22 6
22 41
17
23 44
23 39
23 3
23 12
23 47
23 0
23 45
23 41
23 14
23 35
23 18
23 48
23 40
23 34
23 22
23 16
23 36
19
24 39
24 49
24 45
24 14
24 47
24 16
24 29
24 10
24 2
24 17
24 21
24 23
24 31
24 38
24 7
24 30
24 33
24 46
24 41
19
25 14
25 1
25 42
25 3
25 32
25 20
25 17
25 48
25 23
25 19
25 2
25 21
25 29
25 34
25 15
25 24
25 49
25 6
25 45
16
26 6
26 20
26 17
26 41
26 27
26 13
26 12
26 9
26 24
26 35
26 21
26 44
26 8
26 39
26 37
26 30
19
27 17
27 24
27 37
27 19
27 22
27 4
27 1
27 49
27 28
27 2
27 42
27 23
27 43
27 34
27 35
27 16
27 32
27 40
27 15
22
28 36
28 0
28 43
28 48
28 40
28 32
28 42
28 34
28 35
28 14
28 2
28 19
28 21
28 49
28 3
28 10
28 44
28 45
28 24
28 26
28 22
28 29
25
29 39
29 6
29 7
29 47
29 45
29 0
29 5
29 26
29 8
29 38
29 42
29 27
29 19
29 43
29 22
29 35
29 37
29 12
29 10
29 23
29 17
29 34
29 13
29 31
29 48
18
30 33
30 31
30 0
30 46
30 47
30 41
30 12
30 49
30 29
30 18
30 22
30 43
30 23
30 5
30 10
30 19
30 34
30 14
28
31 16
31 19
31 21
31 36
31 18
31 25
31 34
31 40
31 38
31 6
31 27
31 22
31 46
31 7
31 49
31 41
31 28
31 32
31 48
31 0
31 39
31 15
31 45
31 3
31 4
31 2
31 47
31 43
19
32 33
32 35
32 43
32 17
32 20
32 14
32 11
32 16
32 24
32 15
32 49
32 45
32 38
32 30
32 29
32 36
32 7
32 22
32 13
17
33 15
33 28
33 6
33 3
33 42
33 31
33 34
33 17
33 46
33 26
33 43
33 21
33 25
33 35
33 16
33 27
33 29
19
34 19
34 32
34 8
34 14
34 2
34 16
34 38
34 36
34 1
34 26
34 5
34 22
34 4
34 20
34 10
34 24
34 13
34 48
34 17
15
35 39
35 19
35 10
35 4
35 20
35 21
35 17
35 3
35 18
35 25
35 15
35 31
35 16
35 36
35 34
15
36 45
36 17
36 8
36 24
36 47
36 49
36 0
36 2
36 33
36 30
36 7
36 20
36 40
36 18
36 11
22
37 25
37 16
37 17
37 48
37 19
37 47
37 22
37 24
37 35
37 3
37 20
37 18
37 33
37 28
37 0
37 31
37 32
37 40
37 12
37 23
37 30
37 21
20
38 27
38 16
38 6
38 28
38 23
38 26
38 5
38 36
38 11
38 33
38 10
38 9
38 30
38 49
38 35
38 37
38 4
38 1
38 18
38 46
21
39 18
39 17
39 27
39 7
39 4
39 32
39 15
39 41
39 25
39 40
39 14
39 49
39 45
39 0
39 37
39 9
39 30
39 36
39 42
39 28
39 34
20
40 30
40 45
40 15
40 4
40 46
40 16
40 26
40 25
40 22
40 32
40 29
40 33
40 14
40 3
40 34
40 0
40 1
40 13
40 7
40 18
21
41 2
41 11
41 7
41 48
41 49
41 1
41 47
41 38
41 35
41 42
41 40
41 36
41 8
41 45
41 17
41 33
41 13
41 25
41 15
41 12
41 34
18
42 14
42 26
42 24
42 43
42 6
42 1
42 37
42 20
42 12
42 38
42 46
42 22
42 30
42 18
42 31
42 23
42 34
42 13
18
43 14
43 25
43 40
43 26
43 41
43 12
43 1
43 23
43 3
43 5
43 9
43 37
43 35
43 38
43 24
43 8
43 47
43 36
22
44 24
44 40
44 37
44 35
44 31
44 21
44 34
44 46
44 20
44 39
44 29
44 42
44 38
44 12
44 16
44 32
44 27
44 30
44 3
44 6
44 19
44 22
16
45 43
45 33
45 42
45 49
45 9
45 37
45 1
45 8
45 47
45 44
45 30
45 34
45 26
45 38
45 5
45 22
18
46 19
46 1
46 43
46 36
46 17
46 29
46 21
46 13
46 48
46 25
46 32
46 14
46 26
46 35
46 45
46 41
46 28
46 47
16
47 32
47 17
47 33
47 16
47 44
47 27
47 18
47 35
47 7
47 21
47 9
47 39
47 40
47 34
47 6
47 42
19
48 21
48 27
48 44
48 33
48 17
48 9
48 43
48 30
48 22
48 18
48 39
48 24
48 26
48 45
48 47
48 40
48 49
48 35
48 0
18
49 18
49 33
49 26
49 40
49 17
49 37
49 9
49 42
49 43
49 10
49 23
49 13
49 44
49 46
49 47
49 0
49 8
49 29
