50
0 "A38"
1 "A35"
2 "A13"
3 "A14"
4 "A47"
5 "A0"
6 "A16"
7 "A15"
8 "A36"
9 "A25"
10 "A17"
11 "A5"
12 "A10"
13 "A39"
14 "A41"
15 "A11"
16 "A22"
17 "A8"
18 "A21"
19 "A3"
20 "A24"
21 "A33"
22 "A4"
23 "A32"
24 "A45"
25 "A19"
26 "A6"
27 "A27"
28 "A31"
29 "A2"
30 "A42"
31 "A26"
32 "A34"
33 "A37"
34 "A12"
35 "A49"
36 "A28"
37 "A46"
38 "A30"
39 "A40"
40 "A18"
41 "A20"
42 "A43"
43 "A23"
44 "A9"
45 "A29"
46 "A44"
47 "A48"
48 "A1"
49 "A7"
18
0 3
0 17
0 44
0 31
0 41
0 8
0 40
0 26
0 6
0 43
0 29
0 28
0 47
0 34
0 2
0 11
0 15
0 25
18
1 46
1 20
1 2
1 7
1 47
1 32
1 43
1 38
1 8
1 30
1 45
1 26
1 39
1 35
1 9
1 23
1 0
1 31
19
2 26
2 3
2 14
2 44
2 40
2 47
2 11
2 45
2 7
2 22
2 49
2 42
2 25
2 24
2 48
2 4
2 12
2 43
2 8
23
3 10
3 47
3 4
3 16
3 6
3 1
3 13
3 32
3 19
3 29
3 15
3 30
3 43
3 42
3 21
3 8
3 9
3 37
3 35
3 7
3 36
3 45
3 41
23
4 24
4 45
4 48
4 36
4 29
4 1
4 18
4 44
4 17
4 26
4 5
4 11
4 12
4 9
4 6
4 13
4 0
4 32
4 43
4 16
4 8
4 10
4 21
19
5 43
5 1
5 28
5 49
5 25
5 19
5 27
5 26
5 40
5 14
5 33
5 8
5 20
5 42
5 3
5 0
5 31
5 17
5 35
20
6 2
6 44
6 14
6 45
6 29
6 42
6 7
6 5
6 46
6 18
6 20
6 36
6 38
6 13
6 27
6 16
6 32
6 12
6 30
6 34
22
7 13
7 48
7 39
7 37
7 0
7 34
7 35
7 43
7 14
7 30
7 4
7 32
7 41
7 5
7 9
7 49
7 22
7 16
7 17
7 36
7 8
7 44
17
8 47
8 23
8 18
8 28
8 16
8 29
8 13
8 25
8 42
8 44
8 10
8 46
8 33
8 48
8 24
8 20
8 30
19
9 20
9 46
9 6
9 17
9 0
9 2
9 24
9 44
9 30
9 8
9 36
9 40
9 49
9 32
9 29
9 23
9 35
9 25
9 37
27
10 23
10 43
10 12
10 0
10 41
10 33
10 39
10 6
10 16
10 26
10 28
10 2
10 1
10 5
10 29
10 31
10 14
10 9
10 49
10 15
10 42
10 46
10 17
10 27
10 37
10 45
10 7
19
11 49
11 29
11 8
11 18
11 9
11 46
11 37
11 13
11 24
11 42
11 36
11 39
11 12
11 17
11 7
11 3
11 31
11 43
11 48
26
12 16
12 30
12 20
12 7
12 25
12 1
12 35
12 0
12 34
12 31
12 15
12 38
12 24
12 48
12 42
12 39
12 43
12 37
12 8
12 47
12 46
12 33
12 18
12 5
12 17
12 3
19
13 36
13 45
13 14
13 5
13 47
13 9
13 23
13 41
13 21
13 26
13 10
13 44
13 38
13 27
13 12
13 24
13 40
13 37
13 17
18
14 17
14 47
14 4
14 1
14 11
14 9
14 8
14 27
14 40
14 26
14 29
14 31
14 32
14 38
14 16
14 37
14 48
14 18
20
15 41
15 20
15 29
15 23
15 5
15 43
15 49
15 26
15 14
15 19
15 30
15 25
15 13
15 9
15 4
15 24
15 8
15 48
15 34
15 6
18
16 21
16 1
16 46
16 0
16 11
16 18
16 41
16 30
16 25
16 40
16 43
16 13
16 26
16 27
16 45
16 47
16 22
16 5
15
17 21
17 46
17 30
17 44
17 22
17 1
17 18
17 15
17 3
17 6
17 16
17 8
17 34
17 28
17 40
18
18 33
18 44
18 15
18 10
18 13
18 3
18 2
18 30
18 1
18 41
18 45
18 5
18 27
18 48
18 20
18 32
18 22
18 46
23
19 22
19 7
19 26
19 39
19 2
19 6
19 38
19 18
19 36
19 32
19 10
19 1
19 41
19 14
19 4
19 29
19 8
19 16
19 28
19 0
19 11
19 44
19 20
18
20 28
20 17
20 30
20 40
20 48
20 24
20 29
20 3
20 33
20 47
20 4
20 0
20 41
20 7
20 14
20 31
20 16
20 45
22
21 12
21 15
21 1
21 43
21 42
21 14
21 37
21 45
21 27
21 7
21 0
21 6
21 41
21 20
21 9
21 2
21 10
21 33
21 11
21 18
21 32
21 38
23
22 25
22 21
22 6
22 46
22 48
22 4
22 26
22 33
22 43
22 14
22 10
22 20
22 23
22 24
22 0
22 8
22 42
22 15
22 30
22 35
22 12
22 38
22 1
22
23 30
23 6
23 40
23 41
23 16
23 12
23 5
23 26
23 11
23 0
23 49
23 35
23 18
23 48
23 24
23 3
23 7
23 44
23 31
23 33
23 25
23 29
14
24 38
24 19
24 7
24 27
24 40
24 45
24 47
24 16
24 31
24 0
24 48
24 39
24 3
24 5
21
25 30
25 4
25 17
25 47
25 7
25 36
25 10
25 6
25 20
25 13
25 14
25 42
25 34
25 21
25 38
25 26
25 49
25 31
25 44
25 18
25 48
20
26 47
26 39
26 20
26 29
26 3
26 7
26 30
26 21
26 36
26 9
26 40
26 12
26 8
26 27
26 18
26 6
26 17
26 31
26 11
26 43
23
27 15
27 19
27 11
27 23
27 32
27 17
27 29
27 9
27 37
27 33
27 12
27 4
27 49
27 34
27 22
27 25
27 3
27 42
27 28
27 46
27 48
27 45
27 40
25
28 33
28 45
28 24
28 26
28 7
28 15
28 12
28 36
28 43
28 22
28 29
28 35
28 23
28 21
28 14
28 2
28 4
28 48
28 3
28 1
28 16
28 40
28 13
28 30
28 6
16
29 17
29 5
29 42
29 34
29 48
29 38
29 21
29 30
29 25
29 7
29 13
29 22
29 37
29 35
29 47
29 44
14
30 47
30 5
30 2
30 10
30 35
30 13
30 46
30 21
30 24
30 19
30 14
30 27
30 37
30 41
18
31 21
31 45
31 4
31 18
31 48
31 22
31 35
31 7
31 27
31 2
31 28
31 34
31 36
31 3
31 13
31 32
31 8
31 41
17
32 41
32 30
32 12
32 38
32 26
32 29
32 11
32 33
32 22
32 49
32 10
32 16
32 20
32 35
32 8
32 0
32 23
23
33 34
33 2
33 6
33 41
33 19
33 44
33 0
33 31
33 3
33 29
33 38
33 48
33 13
33 43
33 46
33 36
33 37
33 4
33 25
33 14
33 17
33 15
33 26
25
34 5
34 4
34 23
34 32
34 26
34 21
34 24
34 19
34 11
34 8
34 20
34 2
34 16
34 13
34 47
34 48
34 45
34 1
34 46
34 49
34 9
34 22
34 18
34 30
34 36
21
35 38
35 17
35 18
35 16
35 47
35 11
35 21
35 49
35 36
35 6
35 13
35 24
35 15
35 4
35 2
35 45
35 41
35 14
35 19
35 42
35 10
15
36 2
36 45
36 24
36 12
36 20
36 29
36 47
36 23
36 17
36 27
36 18
36 42
36 15
36 44
36 16
22
37 25
37 23
37 4
37 35
37 0
37 31
37 24
37 15
37 22
37 46
37 36
37 6
37 8
37 2
37 32
37 17
37 34
37 16
37 1
37 20
37 40
37 26
18
38 23
38 18
38 27
38 8
38 40
38 30
38 0
38 5
38 16
38 9
38 26
38 15
38 39
38 20
38 11
38 4
38 31
38 37
19
39 37
39 13
39 46
39 35
39 23
39 42
39 14
39 0
39 16
39 40
39 34
39 18
39 41
39 30
39 15
39 25
39 36
39 21
39 5
20
40 3
40 22
40 19
40 30
40 18
40 4
40 29
40 7
40 34
40 36
40 41
40 31
40 46
40 43
40 10
40 42
40 25
40 8
40 45
40 35
18
41 38
41 45
41 25
41 14
41 48
41 47
41 11
41 29
41 26
41 34
41 46
41 9
41 27
41 8
41 2
41 43
41 4
41 37
22
42 32
42 31
42 26
42 38
42 30
42 37
42 1
42 43
42 20
42 34
42 17
42 33
42 0
42 13
42 7
42 46
42 16
42 4
42 15
42 24
42 9
42 41
15
43 18
43 23
43 35
43 6
43 17
43 32
43 8
43 13
43 34
43 14
43 20
43 24
43 36
43 39
43 31
21
44 30
44 16
44 14
44 5
44 26
44 48
44 39
44 15
44 38
44 49
44 27
44 40
44 28
44 24
44 42
44 12
44 46
44 21
44 37
44 35
44 20
18
45 26
45 7
45 44
45 49
45 42
45 15
45 37
45 17
45 0
45 19
45 12
45 46
45 39
45 5
45 47
45 23
45 30
45 33
16
46 36
46 47
46 2
46 24
46 32
46 48
46 43
46 29
46 15
46 28
46 26
46 4
46 21
46 31
46 13
46 20
16
47 49
47 15
47 40
47 23
47 21
47 17
47 38
47 27
47 18
47 44
47 31
47 33
47 42
47 28
47 5
47 4
16
48 19
48 43
48 38
48 49
48 21
48 39
48 45
48 17
48 32
48 0
48 42
48 40
48 36
48 9
48 10
48 30
21
49 14
49 38
49 42
49 3
49 33
49 29
49 12
49 37
49 20
49 21
49 43
49 46
49 36
49 17
49 18
49 13
49 24
49 39
49 26
49 8
49 6
