50
0 "A3"
1 "A20"
2 "A17"
3 "A19"
4 "A46"
5 "A26"
6 "A25"
7 "A49"
8 "A37"
9 "A11"
10 "A21"
11 "A31"
12 "A24"
13 "A38"
14 "A15"
15 "A42"
16 "A18"
17 "A41"
18 "A35"
19 "A1"
20 "A29"
21 "A0"
22 "A48"
23 "A13"
24 "A45"
25 "A6"
26 "A2"
27 "A14"
28 "A22"
29 "A12"
30 "A16"
31 "A28"
32 "A30"
33 "A47"
34 "A39"
35 "A9"
36 "A33"
37 "A36"
38 "A27"
39 "A7"
40 "A23"
41 "A4"
42 "A8"
43 "A32"
44 "A5"
45 "A10"
46 "A34"
47 "A44"
48 "A40"
49 "A43"
18
0 17
0 7
0 6
0 21
0 45
0 36
0 43
0 14
0 19
0 10
0 32
0 13
0 40
0 3
0 48
0 12
0 42
0 16
21
1 23
1 28
1 49
1 36
1 6
1 39
1 24
1 5
1 18
1 20
1 29
1 14
1 37
1 35
1 0
1 3
1 11
1 4
1 8
1 13
1 32
21
2 6
2 26
2 9
2 24
2 4
2 8
2 21
2 0
2 1
2 19
2 22
2 41
2 48
2 32
2 12
2 44
2 10
2 25
2 28
2 11
2 13
23
3 42
3 36
3 37
3 31
3 2
3 10
3 7
3 18
3 14
3 29
3 8
3 4
3 46
3 35
3 22
3 26
3 34
3 13
3 40
3 28
3 38
3 45
3 6
16
4 21
4 23
4 18
4 19
4 22
4 36
4 28
4 44
4 20
4 41
4 8
4 16
4 24
4 37
4 49
4 17
20
5 19
5 38
5 4
5 49
5 22
5 30
5 40
5 28
5 26
5 13
5 16
5 45
5 3
5 20
5 11
5 43
5 31
5 23
5 35
5 42
16
6 44
6 17
6 14
6 18
6 15
6 16
6 7
6 24
6 45
6 36
6 37
6 5
6 13
6 10
6 42
6 19
19
7 10
7 31
7 42
7 21
7 12
7 4
7 36
7 2
7 17
7 1
7 14
7 19
7 29
7 39
7 33
7 22
7 8
7 18
7 45
16
8 13
8 9
8 17
8 6
8 39
8 32
8 18
8 14
8 44
8 48
8 27
8 33
8 43
8 28
8 42
8 10
18
9 45
9 5
9 44
9 7
9 4
9 0
9 38
9 6
9 19
9 22
9 13
9 3
9 46
9 11
9 49
9 30
9 24
9 33
14
10 23
10 22
10 13
10 28
10 44
10 12
10 9
10 46
10 31
10 4
10 25
10 41
10 5
10 29
17
11 49
11 4
11 20
11 25
11 27
11 21
11 0
11 44
11 7
11 42
11 16
11 23
11 15
11 3
11 37
11 24
11 32
20
12 23
12 3
12 21
12 41
12 16
12 18
12 32
12 13
12 46
12 1
12 35
12 4
12 22
12 14
12 11
12 40
12 27
12 38
12 5
12 29
16
13 7
13 49
13 27
13 40
13 48
13 45
13 14
13 4
13 16
13 30
13 35
13 11
13 31
13 28
13 21
13 17
14
14 25
14 10
14 16
14 5
14 23
14 47
14 31
14 48
14 9
14 35
14 34
14 39
14 44
14 19
24
15 48
15 27
15 10
15 29
15 2
15 23
15 3
15 32
15 41
15 22
15 5
15 20
15 42
15 7
15 33
15 37
15 31
15 28
15 30
15 35
15 9
15 8
15 13
15 4
16
16 9
16 10
16 41
16 19
16 47
16 26
16 1
16 35
16 37
16 8
16 2
16 44
16 43
16 15
16 7
16 18
25
17 33
17 26
17 25
17 48
17 22
17 1
17 42
17 15
17 20
17 9
17 28
17 11
17 47
17 46
17 49
17 35
17 30
17 40
17 5
17 27
17 16
17 18
17 10
17 41
17 3
20
18 10
18 13
18 40
18 11
18 31
18 47
18 24
18 9
18 34
18 23
18 19
18 27
18 42
18 5
18 37
18 46
18 39
18 33
18 15
18 2
20
19 35
19 26
19 37
19 39
19 46
19 17
19 1
19 29
19 47
19 45
19 11
19 21
19 31
19 24
19 10
19 13
19 15
19 33
19 30
19 3
18
20 38
20 31
20 40
20 3
20 27
20 33
20 45
20 18
20 16
20 44
20 28
20 12
20 42
20 25
20 8
20 34
20 14
20 29
18
21 41
21 29
21 1
21 32
21 24
21 10
21 49
21 47
21 38
21 33
21 9
21 35
21 20
21 16
21 14
21 17
21 31
21 5
21
22 0
22 41
22 13
22 37
22 27
22 8
22 1
22 28
22 19
22 44
22 46
22 16
22 20
22 6
22 23
22 32
22 38
22 29
22 49
22 35
22 31
26
23 32
23 28
23 44
23 13
23 43
23 9
23 42
23 6
23 20
23 37
23 30
23 46
23 38
23 17
23 41
23 7
23 36
23 3
23 0
23 21
23 26
23 2
23 49
23 16
23 39
23 8
20
24 13
24 15
24 46
24 8
24 10
24 34
24 26
24 29
24 37
24 22
24 49
24 30
24 40
24 7
24 36
24 20
24 48
24 39
24 16
24 12
24
25 24
25 15
25 33
25 48
25 30
25 21
25 5
25 27
25 19
25 6
25 38
25 7
25 28
25 45
25 8
25 32
25 18
25 9
25 46
25 1
25 44
25 22
25 36
25 3
24
26 1
26 30
26 6
26 11
26 4
26 45
26 48
26 22
26 31
26 0
26 20
26 8
26 32
26 36
26 29
26 15
26 21
26 34
26 39
26 25
26 40
26 43
26 13
26 18
19
27 4
27 30
27 38
27 42
27 31
27 0
27 6
27 1
27 9
27 49
27 2
27 29
27 37
27 36
27 3
27 7
27 23
27 10
27 28
18
28 9
28 24
28 48
28 49
28 6
28 7
28 0
28 39
28 30
28 16
28 40
28 14
28 37
28 46
28 19
28 26
28 18
28 35
17
29 41
29 46
29 30
29 13
29 16
29 5
29 32
29 48
29 2
29 14
29 9
29 28
29 36
29 42
29 23
29 25
29 45
20
30 39
30 21
30 4
30 8
30 2
30 48
30 18
30 36
30 10
30 22
30 38
30 34
30 7
30 16
30 20
30 11
30 0
30 35
30 49
30 40
19
31 9
31 25
31 34
31 46
31 16
31 1
31 12
31 30
31 44
31 17
31 45
31 38
31 4
31 47
31 8
31 11
31 23
31 24
31 6
18
32 34
32 7
32 5
32 14
32 35
32 18
32 10
32 40
32 30
32 19
32 44
32 33
32 27
32 9
32 20
32 17
32 24
32 42
18
33 26
33 5
33 13
33 31
33 24
33 29
33 0
33 30
33 43
33 3
33 6
33 36
33 27
33 23
33 16
33 12
33 10
33 4
25
34 4
34 23
34 0
34 29
34 1
34 49
34 19
34 38
34 36
34 21
34 48
34 7
34 22
34 39
34 27
34 37
34 17
34 43
34 6
34 33
34 5
34 10
34 15
34 2
34 16
19
35 31
35 24
35 45
35 38
35 2
35 7
35 11
35 23
35 40
35 8
35 36
35 46
35 44
35 4
35 34
35 0
35 26
35 43
35 6
12
36 8
36 40
36 17
36 9
36 49
36 2
36 13
36 31
36 12
36 11
36 18
36 43
18
37 44
37 36
37 32
37 45
37 39
37 20
37 29
37 38
37 13
37 2
37 12
37 25
37 26
37 33
37 7
37 30
37 14
37 31
20
38 7
38 42
38 13
38 48
38 28
38 14
38 26
38 49
38 16
38 4
38 17
38 0
38 46
38 18
38 44
38 24
38 1
38 29
38 15
38 2
28
39 47
39 5
39 11
39 40
39 32
39 41
39 49
39 10
39 22
39 12
39 27
39 3
39 6
39 33
39 21
39 31
39 2
39 36
39 4
39 29
39 20
39 17
39 13
39 9
39 16
39 35
39 15
39 38
18
40 6
40 33
40 42
40 37
40 22
40 19
40 31
40 9
40 7
40 47
40 38
40 23
40 49
40 11
40 29
40 45
40 10
40 25
25
41 37
41 38
41 36
41 18
41 30
41 9
41 14
41 0
41 31
41 24
41 45
41 3
41 13
41 27
41 7
41 11
41 25
41 32
41 8
41 5
41 1
41 19
41 26
41 35
41 40
18
42 12
42 33
42 28
42 14
42 13
42 4
42 35
42 46
42 49
42 24
42 43
42 48
42 9
42 10
42 41
42 25
42 30
42 1
28
43 2
43 7
43 41
43 12
43 9
43 27
43 24
43 39
43 4
43 31
43 29
43 13
43 28
43 14
43 49
43 40
43 18
43 15
43 3
43 48
43 22
43 37
43 47
43 20
43 21
43 11
43 17
43 30
18
44 40
44 46
44 5
44 7
44 42
44 0
44 26
44 30
44 12
44 47
44 29
44 43
44 33
44 21
44 18
44 36
44 41
44 34
19
45 42
45 23
45 34
45 14
45 18
45 38
45 43
45 11
45 36
45 17
45 4
45 49
45 15
45 12
45 28
45 27
45 30
45 46
45 48
17
46 21
46 27
46 39
46 37
46 15
46 13
46 11
46 41
46 6
46 5
46 16
46 40
46 48
46 2
46 0
46 30
46 43
26
47 8
47 45
47 6
47 26
47 3
47 4
47 41
47 38
47 12
47 28
47 5
47 42
47 10
47 24
47 27
47 22
47 1
47 2
47 15
47 34
47 11
47 46
47 23
47 29
47 35
47 0
20
48 41
48 23
48 10
48 39
48 33
48 16
48 20
48 6
48 31
48 5
48 4
48 11
48 21
48 35
48 37
48 12
48 1
48 3
48 44
48 36
15
49 31
49 19
49 18
49 15
49 35
49 26
49 14
49 47
49 12
49 3
49 32
49 7
49 6
49 33
49 2
