50
0 "A3"
1 "A20"
2 "A17"
3 "A19"
4 "A46"
5 "A26"
6 "A25"
7 "A49"
8 "A37"
9 "A11"
10 "A21"
11 "A31"
12 "A24"
13 "A38"
14 "A15"
15 "A42"
16 "A18"
17 "A41"
18 "A35"
19 "A1"
20 "A29"
21 "A0"
22 "A48"
23 "A13"
24 "A45"
25 "A6"
26 "A2"
27 "A14"
28 "A22"
29 "A12"
30 "A16"
31 "A28"
32 "A30"
33 "A47"
34 "A39"
35 "A9"
36 "A33"
37 "A36"
38 "A27"
39 "A7"
40 "A23"
41 "A4"
42 "A8"
43 "A32"
44 "A5"
45 "A10"
46 "A34"
47 "A44"
48 "A40"
49 "A43"
22
0 33
0 3
0 9
0 2
0 4
0 14
0 16
0 40
0 44
0 7
0 43
0 29
0 26
0 31
0 38
0 46
0 8
0 49
0 25
0 28
0 15
0 36
18
1 22
1 48
1 25
1 19
1 23
1 2
1 35
1 27
1 49
1 44
1 5
1 7
1 28
1 41
1 0
1 17
1 4
1 43
14
2 23
2 15
2 30
2 35
2 17
2 27
2 7
2 33
2 49
2 46
2 18
2 5
2 47
2 4
24
3 40
3 45
3 24
3 4
3 29
3 35
3 27
3 5
3 9
3 48
3 19
3 7
3 14
3 26
3 20
3 32
3 22
3 44
3 36
3 46
3 37
3 34
3 38
3 2
19
4 49
4 12
4 20
4 40
4 9
4 39
4 43
4 41
4 27
4 11
4 48
4 47
4 31
4 25
4 5
4 32
4 14
4 8
4 34
16
5 49
5 45
5 30
5 24
5 9
5 17
5 6
5 7
5 47
5 44
5 23
5 19
5 32
5 15
5 34
5 0
14
6 15
6 2
6 4
6 25
6 42
6 0
6 26
6 3
6 36
6 1
6 10
6 12
6 40
6 22
13
7 33
7 9
7 6
7 32
7 37
7 29
7 48
7 38
7 39
7 26
7 43
7 19
7 23
14
8 28
8 27
8 45
8 5
8 29
8 13
8 31
8 6
8 34
8 18
8 38
8 11
8 46
8 41
23
9 8
9 23
9 34
9 36
9 38
9 22
9 39
9 20
9 21
9 6
9 44
9 32
9 13
9 42
9 18
9 2
9 17
9 48
9 41
9 1
9 47
9 46
9 25
21
10 2
10 18
10 19
10 29
10 7
10 25
10 21
10 41
10 23
10 5
10 40
10 9
10 8
10 22
10 27
10 33
10 15
10 36
10 11
10 0
10 3
19
11 0
11 33
11 1
11 30
11 40
11 39
11 38
11 7
11 35
11 2
11 6
11 9
11 23
11 44
11 22
11 29
11 5
11 3
11 24
20
12 47
12 43
12 42
12 31
12 16
12 33
12 2
12 3
12 36
12 17
12 38
12 15
12 29
12 26
12 28
12 23
12 24
12 7
12 9
12 11
24
13 7
13 44
13 39
13 12
13 31
13 18
13 47
13 4
13 29
13 3
13 1
13 10
13 41
13 14
13 40
13 6
13 45
13 32
13 15
13 11
13 27
13 38
13 25
13 0
17
14 32
14 5
14 25
14 7
14 31
14 16
14 39
14 2
14 6
14 8
14 10
14 46
14 42
14 26
14 29
14 21
14 9
21
15 49
15 37
15 18
15 44
15 38
15 35
15 11
15 41
15 1
15 7
15 14
15 39
15 3
15 20
15 42
15 22
15 8
15 9
15 24
15 48
15 46
23
16 15
16 5
16 1
16 26
16 28
16 48
16 37
16 39
16 29
16 47
16 13
16 10
16 32
16 31
16 4
16 19
16 40
16 3
16 7
16 9
16 24
16 6
16 34
19
17 4
17 21
17 27
17 19
17 14
17 6
17 0
17 18
17 43
17 30
17 39
17 10
17 36
17 15
17 13
17 34
17 41
17 33
17 11
22
18 45
18 19
18 32
18 47
18 3
18 23
18 29
18 16
18 14
18 5
18 1
18 42
18 30
18 6
18 4
18 28
18 38
18 11
18 37
18 49
18 12
18 40
20
19 43
19 4
19 25
19 40
19 14
19 13
19 31
19 12
19 11
19 47
19 32
19 15
19 21
19 28
19 8
19 44
19 2
19 0
19 29
19 26
25
20 29
20 8
20 2
20 30
20 6
20 17
20 37
20 5
20 41
20 7
20 14
20 35
20 27
20 40
20 11
20 42
20 43
20 1
20 25
20 33
20 23
20 0
20 46
20 12
20 19
24
21 0
21 37
21 5
21 35
21 4
21 8
21 26
21 15
21 20
21 6
21 12
21 25
21 11
21 28
21 41
21 24
21 44
21 47
21 2
21 34
21 18
21 36
21 23
21 1
16
22 27
22 48
22 18
22 8
22 46
22 17
22 40
22 47
22 19
22 45
22 49
22 20
22 36
22 7
22 2
22 39
17
23 15
23 47
23 33
23 19
23 41
23 38
23 48
23 17
23 24
23 34
23 49
23 35
23 37
23 0
23 14
23 13
23 16
21
24 41
24 30
24 43
24 38
24 25
24 13
24 19
24 49
24 10
24 0
24 2
24 8
24 6
24 14
24 7
24 1
24 45
24 26
24 33
24 28
24 9
20
25 37
25 22
25 12
25 5
25 34
25 26
25 40
25 44
25 3
25 43
25 15
25 2
25 11
25 35
25 17
25 23
25 36
25 30
25 48
25 16
14
26 33
26 38
26 5
26 45
26 36
26 41
26 8
26 48
26 15
26 4
26 2
26 32
26 13
26 9
18
27 14
27 48
27 0
27 26
27 40
27 21
27 7
27 46
27 12
27 34
27 15
27 44
27 42
27 38
27 18
27 43
27 32
27 6
19
28 14
28 13
28 48
28 4
28 17
28 7
28 2
28 32
28 40
28 6
28 37
28 20
28 10
28 3
28 41
28 5
28 11
28 45
28 22
20
29 5
29 22
29 4
29 31
29 37
29 46
29 21
29 23
29 28
29 25
29 17
29 24
29 2
29 33
29 40
29 34
29 27
29 15
29 6
29 41
28
30 14
30 12
30 15
30 10
30 39
30 22
30 31
30 1
30 49
30 6
30 33
30 16
30 13
30 40
30 32
30 46
30 4
30 34
30 26
30 35
30 47
30 41
30 27
30 0
30 8
30 48
30 38
30 21
19
31 32
31 49
31 21
31 2
31 46
31 11
31 18
31 7
31 41
31 26
31 34
31 43
31 9
31 24
31 28
31 37
31 1
31 10
31 23
24
32 22
32 33
32 12
32 46
32 23
32 0
32 6
32 44
32 37
32 10
32 40
32 36
32 15
32 35
32 25
32 38
32 17
32 29
32 20
32 21
32 24
32 2
32 8
32 48
24
33 28
33 14
33 1
33 39
33 48
33 16
33 42
33 49
33 3
33 43
33 34
33 15
33 5
33 27
33 13
33 40
33 18
33 4
33 37
33 45
33 19
33 31
33 25
33 9
18
34 1
34 11
34 6
34 44
34 35
34 22
34 19
34 42
34 49
34 38
34 24
34 32
34 43
34 7
34 14
34 26
34 10
34 13
19
35 33
35 16
35 5
35 4
35 17
35 13
35 47
35 43
35 45
35 9
35 22
35 0
35 6
35 31
35 24
35 28
35 14
35 19
35 8
25
36 29
36 14
36 2
36 33
36 46
36 4
36 48
36 39
36 13
36 11
36 20
36 34
36 41
36 35
36 23
36 15
36 19
36 16
36 8
36 37
36 47
36 27
36 45
36 7
36 42
20
37 45
37 41
37 27
37 2
37 12
37 6
37 48
37 14
37 9
37 30
37 4
37 24
37 17
37 10
37 47
37 0
37 40
37 34
37 13
37 1
18
38 16
38 36
38 37
38 49
38 35
38 39
38 19
38 20
38 25
38 43
38 48
38 17
38 46
38 1
38 31
38 21
38 6
38 33
22
39 37
39 26
39 1
39 19
39 0
39 28
39 31
39 23
39 12
39 35
39 3
39 44
39 49
39 29
39 47
39 42
39 40
39 21
39 24
39 10
39 18
39 27
17
40 34
40 46
40 36
40 15
40 35
40 17
40 41
40 23
40 47
40 31
40 48
40 38
40 5
40 26
40 14
40 24
40 21
19
41 5
41 34
41 16
41 43
41 35
41 33
41 2
41 6
41 48
41 27
41 14
41 7
41 3
41 18
41 12
41 42
41 38
41 39
41 22
21
42 2
42 25
42 29
42 37
42 46
42 13
42 3
42 43
42 47
42 32
42 0
42 5
42 22
42 31
42 40
42 28
42 17
42 10
42 1
42 8
42 16
18
43 32
43 23
43 49
43 8
43 37
43 10
43 36
43 13
43 15
43 46
43 11
43 26
43 22
43 29
43 2
43 48
43 16
43 40
18
44 16
44 24
44 37
44 10
44 26
44 42
44 36
44 23
44 17
44 38
44 33
44 8
44 46
44 35
44 6
44 18
44 28
44 2
25
45 6
45 44
45 43
45 7
45 12
45 25
45 10
45 21
45 38
45 0
45 42
45 32
45 40
45 17
45 4
45 19
45 47
45 11
45 16
45 30
45 15
45 27
45 31
45 2
45 20
17
46 41
46 11
46 24
46 35
46 4
46 28
46 45
46 17
46 26
46 25
46 13
46 47
46 23
46 10
46 21
46 37
46 18
15
47 27
47 3
47 31
47 41
47 29
47 20
47 10
47 49
47 24
47 17
47 6
47 32
47 28
47 11
47 38
17
48 34
48 20
48 14
48 47
48 8
48 12
48 17
48 11
48 31
48 21
48 44
48 5
48 24
48 13
48 2
48 10
48 42
19
49 36
49 20
49 32
49 35
49 11
49 6
49 26
49 12
49 7
49 37
49 14
49 17
49 27
49 29
49 10
49 8
49 9
49 21
49 3
