50
0 "A3"
1 "A20"
2 "A17"
3 "A19"
4 "A46"
5 "A26"
6 "A25"
7 "A49"
8 "A37"
9 "A11"
10 "A21"
11 "A31"
12 "A24"
13 "A38"
14 "A15"
15 "A42"
16 "A18"
17 "A41"
18 "A35"
19 "A1"
20 "A29"
21 "A0"
22 "A48"
23 "A13"
24 "A45"
25 "A6"
26 "A2"
27 "A14"
28 "A22"
29 "A12"
30 "A16"
31 "A28"
32 "A30"
33 "A47"
34 "A39"
35 "A9"
36 "A33"
37 "A36"
38 "A27"
39 "A7"
40 "A23"
41 "A4"
42 "A8"
43 "A32"
44 "A5"
45 "A10"
46 "A34"
47 "A44"
48 "A40"
49 "A43"
21
0 9
0 33
0 13
0 14
0 48
0 35
0 22
0 32
0 21
0 45
0 12
0 18
0 47
0 37
0 1
0 15
0 6
0 30
0 19
0 44
0 4
20
1 43
1 4
1 23
1 16
1 44
1 31
1 33
1 34
1 14
1 28
1 38
1 11
1 3
1 30
1 39
1 7
1 46
1 9
1 24
1 35
19
2 27
2 15
2 14
2 1
2 47
2 39
2 34
2 19
2 41
2 46
2 21
2 33
2 16
2 29
2 13
2 23
2 5
2 31
2 32
18
3 16
3 40
3 8
3 14
3 10
3 19
3 31
3 44
3 46
3 33
3 47
3 6
3 30
3 12
3 39
3 4
3 26
3 20
18
4 12
4 45
4 37
4 48
4 39
4 21
4 18
4 10
4 29
4 6
4 26
4 43
4 25
4 30
4 42
4 34
4 5
4 8
23
5 47
5 24
5 1
5 20
5 16
5 7
5 23
5 33
5 44
5 25
5 49
5 0
5 29
5 31
5 41
5 45
5 3
5 13
5 8
5 9
5 39
5 19
5 48
18
6 8
6 48
6 7
6 23
6 38
6 37
6 24
6 18
6 14
6 21
6 44
6 5
6 31
6 10
6 1
6 46
6 39
6 19
19
7 48
7 47
7 4
7 35
7 49
7 9
7 3
7 23
7 15
7 36
7 41
7 26
7 40
7 13
7 2
7 32
7 29
7 27
7 42
18
8 10
8 2
8 18
8 14
8 24
8 26
8 11
8 7
8 37
8 9
8 44
8 1
8 21
8 0
8 48
8 38
8 49
8 40
15
9 23
9 12
9 40
9 27
9 46
9 4
9 35
9 6
9 3
9 10
9 14
9 11
9 34
9 49
9 15
20
10 27
10 26
10 34
10 38
10 5
10 40
10 21
10 2
10 46
10 20
10 49
10 24
10 36
10 7
10 33
10 0
10 32
10 30
10 1
10 15
23
11 37
11 43
11 18
11 5
11 12
11 0
11 14
11 31
11 47
11 19
11 3
11 36
11 6
11 41
11 25
11 28
11 21
11 42
11 15
11 16
11 44
11 7
11 2
12
12 48
12 17
12 10
12 13
12 24
12 5
12 6
12 29
12 40
12 14
12 25
12 15
22
13 36
13 43
13 15
13 44
13 42
13 40
13 20
13 24
13 30
13 16
13 18
13 4
13 32
13 37
13 41
13 48
13 38
13 29
13 21
13 17
13 49
13 10
20
14 40
14 17
14 34
14 45
14 18
14 47
14 20
14 27
14 7
14 28
14 10
14 39
14 24
14 49
14 38
14 16
14 13
14 48
14 42
14 4
20
15 17
15 22
15 14
15 5
15 43
15 16
15 49
15 36
15 32
15 25
15 26
15 46
15 23
15 18
15 1
15 44
15 45
15 20
15 8
15 19
12
16 25
16 6
16 41
16 46
16 33
16 38
16 28
16 32
16 8
16 27
16 12
16 48
22
17 8
17 48
17 10
17 31
17 45
17 2
17 25
17 40
17 27
17 6
17 7
17 28
17 44
17 19
17 18
17 1
17 5
17 11
17 9
17 20
17 3
17 43
22
18 48
18 16
18 5
18 35
18 44
18 21
18 26
18 27
18 31
18 38
18 1
18 37
18 40
18 45
18 10
18 39
18 46
18 7
18 2
18 24
18 30
18 22
23
19 35
19 1
19 16
19 46
19 13
19 34
19 27
19 44
19 30
19 28
19 49
19 26
19 23
19 4
19 21
19 14
19 38
19 40
19 9
19 32
19 18
19 22
19 48
24
20 0
20 11
20 49
20 9
20 4
20 33
20 18
20 8
20 12
20 1
20 7
20 35
20 40
20 48
20 37
20 47
20 28
20 46
20 2
20 23
20 36
20 34
20 38
20 19
15
21 23
21 24
21 12
21 39
21 3
21 9
21 41
21 1
21 37
21 15
21 48
21 7
21 42
21 5
21 27
25
22 8
22 7
22 36
22 10
22 5
22 13
22 17
22 14
22 9
22 3
22 47
22 34
22 31
22 41
22 39
22 26
22 1
22 12
22 42
22 20
22 16
22 11
22 2
22 44
22 37
18
23 45
23 39
23 29
23 4
23 42
23 31
23 12
23 48
23 41
23 13
23 33
23 0
23 25
23 17
23 14
23 10
23 27
23 35
18
24 0
24 49
24 4
24 30
24 22
24 42
24 26
24 7
24 11
24 16
24 15
24 29
24 19
24 43
24 39
24 35
24 20
24 38
25
25 32
25 13
25 9
25 8
25 41
25 21
25 19
25 2
25 40
25 30
25 24
25 37
25 42
25 18
25 0
25 6
25 43
25 39
25 10
25 31
25 20
25 14
25 3
25 29
25 27
17
26 40
26 31
26 17
26 28
26 16
26 12
26 39
26 44
26 21
26 23
26 46
26 37
26 48
26 45
26 42
26 1
26 0
23
27 42
27 41
27 13
27 37
27 11
27 49
27 8
27 5
27 29
27 46
27 47
27 6
27 24
27 12
27 1
27 3
27 35
27 44
27 26
27 33
27 20
27 0
27 15
22
28 31
28 4
28 9
28 15
28 8
28 12
28 37
28 6
28 18
28 45
28 29
28 33
28 7
28 5
28 24
28 36
28 25
28 10
28 46
28 39
28 47
28 40
17
29 14
29 35
29 1
29 9
29 18
29 17
29 0
29 22
29 10
29 11
29 26
29 15
29 45
29 32
29 16
29 46
29 47
19
30 5
30 38
30 12
30 40
30 48
30 23
30 27
30 45
30 17
30 22
30 7
30 2
30 26
30 34
30 6
30 21
30 15
30 44
30 49
18
31 10
31 4
31 8
31 0
31 32
31 47
31 39
31 36
31 9
31 12
31 7
31 40
31 48
31 15
31 49
31 14
31 29
31 30
19
32 38
32 37
32 26
32 40
32 24
32 21
32 48
32 22
32 6
32 14
32 28
32 49
32 11
32 8
32 30
32 3
32 45
32 44
32 4
15
33 4
33 30
33 14
33 37
33 47
33 22
33 15
33 17
33 8
33 43
33 26
33 25
33 24
33 13
33 11
24
34 36
34 16
34 37
34 21
34 45
34 12
34 49
34 25
34 47
34 32
34 33
34 29
34 48
34 42
34 18
34 5
34 23
34 46
34 7
34 6
34 17
34 39
34 3
34 31
19
35 11
35 8
35 14
35 37
35 2
35 17
35 41
35 31
35 10
35 25
35 13
35 32
35 40
35 12
35 21
35 48
35 22
35 4
35 28
26
36 2
36 38
36 1
36 43
36 16
36 0
36 8
36 29
36 42
36 3
36 12
36 40
36 23
36 44
36 49
36 17
36 27
36 32
36 9
36 45
36 6
36 21
36 37
36 39
36 4
36 24
20
37 49
37 9
37 19
37 5
37 2
37 10
37 29
37 46
37 31
37 43
37 38
37 40
37 23
37 48
37 47
37 7
37 1
37 15
37 17
37 16
17
38 46
38 4
38 9
38 47
38 35
38 3
38 17
38 2
38 28
38 5
38 27
38 12
38 25
38 0
38 22
38 33
38 42
17
39 7
39 41
39 16
39 47
39 11
39 12
39 35
39 38
39 0
39 17
39 9
39 8
39 33
39 27
39 13
39 19
39 15
20
40 23
40 39
40 16
40 24
40 33
40 2
40 45
40 46
40 1
40 5
40 4
40 15
40 22
40 41
40 27
40 34
40 0
40 29
40 43
40 47
20
41 26
41 15
41 18
41 0
41 4
41 31
41 30
41 8
41 43
41 48
41 29
41 6
41 32
41 37
41 17
41 19
41 20
41 1
41 33
41 3
23
42 9
42 15
42 41
42 47
42 10
42 48
42 28
42 0
42 39
42 16
42 44
42 2
42 46
42 3
42 43
42 8
42 45
42 5
42 31
42 32
42 19
42 1
42 12
22
43 16
43 2
43 5
43 9
43 26
43 30
43 12
43 21
43 39
43 45
43 31
43 34
43 18
43 38
43 19
43 23
43 0
43 14
43 10
43 44
43 8
43 7
21
44 41
44 24
44 45
44 4
44 40
44 31
44 49
44 28
44 20
44 9
44 25
44 21
44 14
44 48
44 29
44 23
44 2
44 35
44 33
44 37
44 10
18
45 46
45 2
45 6
45 19
45 41
45 21
45 7
45 20
45 12
45 10
45 24
45 39
45 35
45 1
45 22
45 13
45 33
45 25
19
46 13
46 41
46 44
46 47
46 33
46 5
46 48
46 8
46 0
46 14
46 43
46 11
46 31
46 35
46 21
46 17
46 39
46 24
46 7
21
47 4
47 13
47 15
47 17
47 16
47 36
47 9
47 43
47 6
47 18
47 25
47 19
47 1
47 12
47 8
47 24
47 48
47 45
47 41
47 23
47 10
13
48 43
48 2
48 39
48 45
48 22
48 10
48 24
48 49
48 29
48 15
48 33
48 27
48 1
20
49 46
49 4
49 18
49 11
49 23
49 28
49 25
49 2
49 45
49 42
49 29
49 39
49 47
49 6
49 33
49 0
49 17
49 38
49 35
49 26
