50
0 "A3"
1 "A20"
2 "A17"
3 "A19"
4 "A46"
5 "A26"
6 "A25"
7 "A49"
8 "A37"
9 "A11"
10 "A21"
11 "A31"
12 "A24"
13 "A38"
14 "A15"
15 "A42"
16 "A18"
17 "A41"
18 "A35"
19 "A1"
20 "A29"
21 "A0"
22 "A48"
23 "A13"
24 "A45"
25 "A6"
26 "A2"
27 "A14"
28 "A22"
29 "A12"
30 "A16"
31 "A28"
32 "A30"
33 "A47"
34 "A39"
35 "A9"
36 "A33"
37 "A36"
38 "A27"
39 "A7"
40 "A23"
41 "A4"
42 "A8"
43 "A32"
44 "A5"
45 "A10"
46 "A34"
47 "A44"
48 "A40"
49 "A43"
21
0 45
0 12
0 22
0 1
0 42
0 28
0 26
0 15
0 5
0 33
0 37
0 24
0 14
0 23
0 31
0 35
0 9
0 20
0 13
0 48
0 4
20
1 7
1 44
1 19
1 30
1 14
1 4
1 12
1 33
1 25
1 20
1 37
1 29
1 45
1 6
1 5
1 2
1 32
1 27
1 16
1 39
17
2 39
2 10
2 21
2 33
2 19
2 14
2 24
2 0
2 32
2 30
2 16
2 35
2 42
2 45
2 34
2 5
2 31
23
3 23
3 2
3 43
3 37
3 7
3 24
3 26
3 45
3 32
3 13
3 16
3 46
3 40
3 39
3 20
3 34
3 1
3 33
3 11
3 19
3 25
3 42
3 6
22
4 30
4 44
4 47
4 46
4 2
4 45
4 22
4 29
4 23
4 19
4 39
4 6
4 16
4 17
4 15
4 26
4 28
4 34
4 3
4 10
4 24
4 27
23
5 33
5 49
5 19
5 9
5 42
5 37
5 40
5 38
5 11
5 35
5 7
5 13
5 30
5 45
5 48
5 22
5 14
5 8
5 12
5 44
5 3
5 4
5 25
16
6 46
6 7
6 39
6 32
6 22
6 36
6 10
6 2
6 11
6 28
6 31
6 47
6 24
6 49
6 25
6 35
14
7 18
7 11
7 16
7 25
7 37
7 13
7 29
7 9
7 44
7 45
7 39
7 31
7 12
7 47
18
8 27
8 1
8 42
8 11
8 6
8 35
8 45
8 9
8 15
8 20
8 43
8 34
8 2
8 23
8 38
8 49
8 0
8 18
22
9 21
9 48
9 16
9 2
9 23
9 1
9 18
9 46
9 45
9 28
9 49
9 34
9 4
9 40
9 42
9 10
9 36
9 6
9 26
9 24
9 39
9 25
23
10 7
10 21
10 28
10 1
10 49
10 27
10 0
10 32
10 12
10 14
10 8
10 33
10 38
10 34
10 35
10 30
10 15
10 40
10 17
10 5
10 23
10 3
10 37
16
11 14
11 28
11 48
11 37
11 20
11 38
11 1
11 9
11 26
11 0
11 36
11 42
11 46
11 33
11 30
11 21
21
12 13
12 6
12 4
12 15
12 9
12 21
12 18
12 22
12 20
12 11
12 40
12 47
12 16
12 43
12 2
12 42
12 48
12 8
12 46
12 25
12 19
23
13 17
13 11
13 18
13 6
13 19
13 49
13 29
13 16
13 9
13 33
13 1
13 35
13 21
13 45
13 43
13 30
13 48
13 26
13 38
13 27
13 20
13 41
13 22
19
14 7
14 9
14 20
14 35
14 12
14 41
14 48
14 43
14 4
14 3
14 13
14 31
14 30
14 22
14 47
14 28
14 21
14 18
14 6
25
15 7
15 1
15 6
15 47
15 41
15 9
15 22
15 20
15 45
15 39
15 37
15 2
15 44
15 14
15 31
15 28
15 48
15 5
15 13
15 36
15 21
15 40
15 27
15 30
15 16
13
16 41
16 42
16 33
16 43
16 10
16 32
16 24
16 39
16 48
16 0
16 45
16 30
16 8
20
17 0
17 16
17 23
17 3
17 39
17 31
17 6
17 46
17 15
17 48
17 24
17 28
17 5
17 37
17 11
17 21
17 12
17 22
17 49
17 45
19
18 5
18 0
18 1
18 35
18 44
18 15
18 39
18 31
18 48
18 46
18 11
18 10
18 20
18 36
18 41
18 47
18 2
18 37
18 6
16
19 30
19 32
19 9
19 23
19 48
19 16
19 27
19 37
19 11
19 14
19 49
19 34
19 18
19 6
19 45
19 0
22
20 2
20 38
20 4
20 10
20 32
20 33
20 24
20 34
20 5
20 7
20 21
20 23
20 48
20 44
20 6
20 16
20 41
20 28
20 27
20 19
20 17
20 49
19
21 35
21 38
21 0
21 33
21 16
21 47
21 42
21 34
21 43
21 5
21 28
21 29
21 1
21 6
21 31
21 18
21 27
21 24
21 19
17
22 1
22 19
22 8
22 49
22 20
22 44
22 31
22 10
22 9
22 21
22 40
22 25
22 34
22 23
22 45
22 11
22 18
20
23 6
23 13
23 45
23 44
23 36
23 25
23 24
23 5
23 27
23 29
23 14
23 2
23 11
23 46
23 15
23 21
23 39
23 7
23 33
23 32
17
24 38
24 8
24 18
24 22
24 34
24 15
24 41
24 46
24 13
24 5
24 1
24 29
24 40
24 37
24 47
24 49
24 36
21
25 13
25 16
25 31
25 48
25 4
25 37
25 24
25 20
25 19
25 39
25 21
25 26
25 11
25 17
25 18
25 40
25 34
25 29
25 15
25 8
25 36
15
26 19
26 16
26 40
26 2
26 10
26 49
26 15
26 12
26 34
26 6
26 22
26 14
26 23
26 37
26 18
21
27 6
27 17
27 11
27 7
27 12
27 41
27 32
27 40
27 0
27 29
27 24
27 14
27 2
27 3
27 45
27 38
27 37
27 44
27 47
27 35
27 9
18
28 44
28 1
28 27
28 33
28 29
28 12
28 16
28 19
28 37
28 13
28 31
28 41
28 8
28 24
28 18
28 38
28 48
28 40
25
29 6
29 11
29 2
29 39
29 38
29 15
29 14
29 5
29 19
29 12
29 16
29 10
29 20
29 40
29 3
29 48
29 18
29 0
29 32
29 44
29 22
29 9
29 31
29 30
29 26
20
30 17
30 26
30 28
30 27
30 9
30 35
30 33
30 48
30 32
30 3
30 12
30 8
30 0
30 21
30 41
30 49
30 38
30 44
30 18
30 39
20
31 44
31 9
31 20
31 10
31 5
31 27
31 16
31 1
31 8
31 30
31 46
31 24
31 41
31 45
31 39
31 23
31 12
31 33
31 4
31 36
18
32 9
32 14
32 38
32 40
32 18
32 13
32 4
32 45
32 0
32 28
32 31
32 24
32 12
32 48
32 49
32 8
32 25
32 26
18
33 36
33 41
33 9
33 48
33 24
33 26
33 29
33 38
33 12
33 14
33 4
33 40
33 18
33 37
33 25
33 46
33 8
33 6
17
34 12
34 18
34 35
34 1
34 28
34 48
34 41
34 7
34 16
34 13
34 31
34 27
34 5
34 29
34 49
34 14
34 17
19
35 1
35 37
35 47
35 22
35 39
35 24
35 12
35 19
35 17
35 28
35 4
35 7
35 20
35 32
35 9
35 25
35 41
35 3
35 43
27
36 4
36 39
36 0
36 32
36 14
36 5
36 16
36 20
36 8
36 7
36 45
36 43
36 37
36 48
36 3
36 28
36 13
36 17
36 29
36 2
36 10
36 49
36 38
36 22
36 12
36 21
36 44
20
37 29
37 12
37 43
37 22
37 46
37 2
37 45
37 34
37 31
37 16
37 40
37 14
37 13
37 23
37 20
37 21
37 4
37 30
37 8
37 39
19
38 19
38 37
38 12
38 0
38 25
38 15
38 35
38 1
38 43
38 18
38 6
38 42
38 22
38 14
38 45
38 4
38 9
38 3
38 17
13
39 20
39 13
39 11
39 38
39 10
39 24
39 8
39 32
39 34
39 49
39 0
39 19
39 28
15
40 20
40 2
40 34
40 41
40 11
40 23
40 42
40 38
40 17
40 21
40 31
40 7
40 8
40 36
40 16
19
41 1
41 46
41 37
41 25
41 38
41 21
41 29
41 8
41 32
41 12
41 23
41 47
41 36
41 11
41 4
41 39
41 10
41 22
41 6
17
42 18
42 34
42 7
42 31
42 30
42 10
42 35
42 29
42 19
42 14
42 45
42 17
42 46
42 13
42 33
42 32
42 6
23
43 33
43 30
43 26
43 4
43 29
43 27
43 46
43 9
43 39
43 5
43 2
43 10
43 19
43 0
43 44
43 11
43 42
43 41
43 45
43 32
43 7
43 24
43 40
22
44 41
44 2
44 24
44 10
44 34
44 9
44 8
44 16
44 13
44 40
44 21
44 32
44 14
44 3
44 0
44 37
44 48
44 38
44 11
44 17
44 26
44 25
19
45 12
45 29
45 35
45 14
45 20
45 18
45 26
45 46
45 47
45 33
45 40
45 25
45 21
45 24
45 11
45 10
45 39
45 28
45 6
23
46 21
46 44
46 13
46 26
46 14
46 8
46 38
46 22
46 40
46 32
46 36
46 35
46 19
46 2
46 28
46 48
46 30
46 20
46 27
46 34
46 7
46 16
46 39
24
47 9
47 17
47 38
47 5
47 26
47 34
47 48
47 46
47 3
47 20
47 10
47 1
47 28
47 11
47 22
47 44
47 8
47 39
47 37
47 42
47 23
47 2
47 36
47 40
16
48 45
48 42
48 40
48 49
48 41
48 6
48 39
48 43
48 26
48 23
48 1
48 27
48 35
48 37
48 8
48 2
25
49 42
49 25
49 2
49 23
49 7
49 4
49 21
49 29
49 18
49 28
49 0
49 33
49 38
49 14
49 11
49 40
49 3
49 41
49 12
49 37
49 35
49 15
49 47
49 46
49 1
