50
0 "A5"
1 "A11"
2 "A33"
3 "A46"
4 "A38"
5 "A37"
6 "A8"
7 "A18"
8 "A23"
9 "A26"
10 "A28"
11 "A44"
12 "A2"
13 "A31"
14 "A15"
15 "A17"
16 "A25"
17 "A7"
18 "A12"
19 "A41"
20 "A3"
21 "A9"
22 "A27"
23 "A29"
24 "A32"
25 "A24"
26 "A43"
27 "A13"
28 "A34"
29 "A30"
30 "A47"
31 "A20"
32 "A39"
33 "A35"
34 "A0"
35 "A16"
36 "A49"
37 "A36"
38 "A45"
39 "A4"
40 "A1"
41 "A40"
42 "A6"
43 "A14"
44 "A42"
45 "A22"
46 "A21"
47 "A48"
48 "A10"
49 "A19"
19
0 28
0 11
0 27
0 32
0 29
0 39
0 31
0 19
0 2
0 16
0 26
0 13
0 36
0 40
0 10
0 22
0 23
0 48
0 25
22
1 12
1 48
1 3
1 8
1 18
1 11
1 26
1 16
1 41
1 14
1 35
1 2
1 13
1 27
1 6
1 24
1 32
1 10
1 17
1 30
1 33
1 37
13
2 49
2 28
2 10
2 47
2 21
2 30
2 34
2 13
2 24
2 23
2 18
2 5
2 40
24
3 41
3 28
3 49
3 2
3 25
3 13
3 12
3 42
3 9
3 46
3 40
3 15
3 19
3 27
3 11
3 36
3 48
3 45
3 24
3 8
3 47
3 26
3 16
3 34
24
4 25
4 33
4 1
4 11
4 7
4 3
4 0
4 40
4 39
4 9
4 34
4 49
4 8
4 27
4 28
4 42
4 5
4 31
4 43
4 12
4 18
4 14
4 44
4 10
23
5 10
5 48
5 29
5 39
5 25
5 47
5 1
5 42
5 40
5 38
5 9
5 0
5 26
5 31
5 17
5 3
5 18
5 15
5 30
5 8
5 36
5 12
5 28
23
6 2
6 30
6 48
6 24
6 3
6 33
6 18
6 0
6 44
6 40
6 21
6 14
6 8
6 43
6 45
6 23
6 11
6 17
6 47
6 42
6 38
6 4
6 7
24
7 39
7 13
7 17
7 5
7 20
7 47
7 0
7 10
7 37
7 9
7 38
7 22
7 29
7 24
7 36
7 8
7 19
7 43
7 2
7 44
7 30
7 18
7 42
7 3
19
8 40
8 27
8 17
8 30
8 41
8 29
8 47
8 25
8 34
8 21
8 20
8 38
8 33
8 32
8 9
8 45
8 15
8 16
8 13
15
9 25
9 6
9 2
9 26
9 18
9 35
9 1
9 48
9 20
9 32
9 10
9 24
9 22
9 47
9 19
11
10 33
10 16
10 46
10 8
10 22
10 39
10 29
10 6
10 42
10 28
10 34
21
11 48
11 5
11 2
11 23
11 36
11 25
11 27
11 31
11 24
11 9
11 26
11 20
11 45
11 37
11 30
11 38
11 17
11 46
11 41
11 32
11 43
21
12 10
12 36
12 11
12 34
12 27
12 14
12 8
12 24
12 18
12 13
12 20
12 17
12 39
12 30
12 41
12 0
12 38
12 31
12 29
12 6
12 9
16
13 45
13 23
13 20
13 39
13 42
13 4
13 43
13 6
13 29
13 36
13 30
13 31
13 49
13 48
13 5
13 11
22
14 13
14 23
14 16
14 37
14 15
14 27
14 39
14 17
14 47
14 24
14 8
14 11
14 7
14 10
14 0
14 5
14 44
14 18
14 19
14 34
14 38
14 32
25
15 13
15 25
15 44
15 16
15 35
15 23
15 30
15 26
15 4
15 32
15 43
15 12
15 29
15 7
15 46
15 34
15 10
15 19
15 1
15 6
15 18
15 33
15 9
15 2
15 0
13
16 27
16 5
16 26
16 28
16 7
16 35
16 37
16 6
16 48
16 22
16 25
16 9
16 44
16
17 45
17 23
17 42
17 43
17 22
17 30
17 19
17 3
17 44
17 16
17 32
17 34
17 31
17 29
17 13
17 25
16
18 42
18 10
18 13
18 25
18 49
18 8
18 20
18 30
18 3
18 47
18 40
18 48
18 33
18 32
18 28
18 34
15
19 48
19 25
19 24
19 6
19 18
19 43
19 37
19 8
19 10
19 21
19 5
19 26
19 1
19 11
19 12
16
20 17
20 29
20 6
20 19
20 1
20 38
20 30
20 47
20 0
20 31
20 14
20 24
20 15
20 37
20 33
20 44
28
21 16
21 28
21 47
21 25
21 48
21 23
21 0
21 36
21 5
21 39
21 1
21 44
21 37
21 12
21 3
21 22
21 10
21 14
21 15
21 18
21 20
21 45
21 30
21 26
21 41
21 11
21 49
21 32
22
22 28
22 1
22 38
22 34
22 32
22 11
22 19
22 49
22 8
22 18
22 39
22 6
22 30
22 5
22 43
22 24
22 31
22 2
22 12
22 13
22 27
22 23
23
23 12
23 18
23 45
23 1
23 35
23 7
23 8
23 41
23 24
23 16
23 33
23 37
23 19
23 3
23 38
23 39
23 9
23 25
23 20
23 5
23 48
23 4
23 30
15
24 41
24 33
24 0
24 27
24 13
24 5
24 10
24 17
24 4
24 18
24 8
24 40
24 38
24 16
24 35
10
25 37
25 20
25 7
25 13
25 22
25 40
25 1
25 48
25 6
25 42
22
26 12
26 23
26 39
26 4
26 34
26 2
26 30
26 13
26 17
26 42
26 7
26 35
26 31
26 20
26 25
26 41
26 6
26 28
26 37
26 10
26 33
26 24
17
27 20
27 9
27 13
27 23
27 7
27 30
27 46
27 49
27 35
27 29
27 17
27 26
27 34
27 18
27 10
27 25
27 6
11
28 23
28 32
28 13
28 33
28 8
28 9
28 36
28 12
28 49
28 40
28 27
21
29 24
29 33
29 9
29 47
29 43
29 2
29 4
29 21
29 22
29 26
29 1
29 23
29 6
29 28
29 39
29 37
29 11
29 45
29 14
29 34
29 48
11
30 16
30 0
30 19
30 29
30 48
30 3
30 35
30 36
30 37
30 9
30 39
22
31 29
31 10
31 45
31 9
31 23
31 7
31 18
31 21
31 19
31 3
31 8
31 41
31 36
31 34
31 33
31 27
31 24
31 28
31 47
31 38
31 2
31 30
27
32 10
32 24
32 41
32 2
32 29
32 16
32 34
32 6
32 3
32 48
32 37
32 13
32 44
32 35
32 31
32 5
32 19
32 47
32 25
32 12
32 38
32 7
32 27
32 45
32 30
32 46
32 23
18
33 35
33 34
33 25
33 13
33 21
33 27
33 37
33 11
33 19
33 43
33 17
33 3
33 14
33 7
33 32
33 38
33 16
33 0
15
34 45
34 20
34 23
34 44
34 9
34 28
34 6
34 21
34 16
34 7
34 19
34 37
34 46
34 11
34 41
17
35 45
35 36
35 17
35 13
35 19
35 38
35 3
35 8
35 22
35 25
35 0
35 48
35 49
35 12
35 14
35 10
35 6
22
36 6
36 26
36 16
36 8
36 18
36 23
36 15
36 42
36 9
36 34
36 20
36 10
36 2
36 32
36 33
36 25
36 14
36 22
36 24
36 48
36 29
36 17
24
37 2
37 40
37 27
37 9
37 8
37 6
37 38
37 36
37 31
37 39
37 13
37 5
37 47
37 0
37 24
37 41
37 35
37 48
37 12
37 3
37 10
37 18
37 28
37 15
20
38 9
38 1
38 19
38 10
38 2
38 44
38 15
38 49
38 34
38 18
38 45
38 39
38 4
38 25
38 0
38 46
38 3
38 26
38 13
38 29
19
39 34
39 36
39 18
39 49
39 9
39 33
39 20
39 3
39 6
39 44
39 27
39 11
39 35
39 17
39 47
39 8
39 2
39 24
39 19
22
40 10
40 30
40 9
40 26
40 48
40 44
40 35
40 20
40 15
40 34
40 13
40 36
40 16
40 45
40 17
40 19
40 42
40 27
40 21
40 33
40 38
40 32
26
41 33
41 10
41 2
41 46
41 28
41 29
41 39
41 5
41 43
41 13
41 20
41 25
41 15
41 36
41 4
41 35
41 14
41 45
41 48
41 18
41 0
41 27
41 16
41 40
41 9
41 19
20
42 30
42 33
42 41
42 37
42 29
42 38
42 19
42 9
42 34
42 16
42 23
42 39
42 15
42 11
42 27
42 44
42 35
42 2
42 8
42 32
23
43 8
43 24
43 42
43 38
43 18
43 44
43 40
43 3
43 21
43 31
43 37
43 28
43 27
43 0
43 1
43 34
43 20
43 23
43 25
43 39
43 46
43 36
43 5
26
44 19
44 18
44 23
44 41
44 47
44 1
44 0
44 24
44 35
44 27
44 30
44 46
44 28
44 2
44 22
44 36
44 3
44 11
44 8
44 9
44 25
44 13
44 31
44 29
44 26
44 33
20
45 22
45 9
45 24
45 2
45 7
45 44
45 43
45 18
45 27
45 20
45 15
45 36
45 16
45 0
45 5
45 12
45 26
45 14
45 10
45 25
23
46 17
46 21
46 37
46 28
46 12
46 47
46 1
46 19
46 22
46 2
46 26
46 48
46 35
46 30
46 20
46 24
46 16
46 9
46 49
46 8
46 23
46 45
46 6
19
47 36
47 28
47 17
47 15
47 13
47 49
47 35
47 19
47 26
47 34
47 12
47 1
47 23
47 38
47 45
47 22
47 16
47 42
47 33
18
48 43
48 12
48 31
48 27
48 17
48 39
48 10
48 34
48 44
48 4
48 15
48 26
48 7
48 14
48 45
48 33
48 2
48 28
21
49 14
49 26
49 29
49 48
49 41
49 8
49 37
49 43
49 11
49 45
49 42
49 12
49 23
49 10
49 44
49 32
49 36
49 25
49 7
49 24
49 17
