50
0 "A5"
1 "A11"
2 "A33"
3 "A46"
4 "A38"
5 "A37"
6 "A8"
7 "A18"
8 "A23"
9 "A26"
10 "A28"
11 "A44"
12 "A2"
13 "A31"
14 "A15"
15 "A17"
16 "A25"
17 "A7"
18 "A12"
19 "A41"
20 "A3"
21 "A9"
22 "A27"
23 "A29"
24 "A32"
25 "A24"
26 "A43"
27 "A13"
28 "A34"
29 "A30"
30 "A47"
31 "A20"
32 "A39"
33 "A35"
34 "A0"
35 "A16"
36 "A49"
37 "A36"
38 "A45"
39 "A4"
40 "A1"
41 "A40"
42 "A6"
43 "A14"
44 "A42"
45 "A22"
46 "A21"
47 "A48"
48 "A10"
49 "A19"
16
0 40
0 2
0 7
0 13
0 39
0 30
0 8
0 32
0 34
0 31
0 48
0 41
0 1
0 28
0 43
0 37
20
1 34
1 6
1 2
1 13
1 30
1 26
1 24
1 16
1 39
1 18
1 47
1 11
1 23
1 12
1 27
1 32
1 3
1 35
1 9
1 10
17
2 44
2 20
2 25
2 7
2 13
2 40
2 49
2 33
2 10
2 9
2 22
2 32
2 16
2 28
2 24
2 8
2 34
19
3 11
3 42
3 2
3 23
3 46
3 30
3 40
3 34
3 12
3 38
3 20
3 13
3 41
3 0
3 47
3 27
3 19
3 25
3 43
21
4 27
4 9
4 34
4 22
4 42
4 23
4 8
4 5
4 20
4 48
4 15
4 39
4 43
4 3
4 12
4 10
4 7
4 1
4 11
4 32
4 46
21
5 36
5 47
5 3
5 0
5 25
5 12
5 8
5 30
5 42
5 39
5 40
5 46
5 7
5 48
5 18
5 29
5 45
5 27
5 38
5 16
5 9
25
6 3
6 4
6 36
6 42
6 45
6 2
6 26
6 28
6 24
6 21
6 8
6 33
6 19
6 49
6 14
6 15
6 43
6 0
6 37
6 29
6 20
6 30
6 32
6 25
6 31
14
7 13
7 15
7 37
7 20
7 42
7 43
7 31
7 17
7 10
7 41
7 30
7 8
7 22
7 44
20
8 26
8 33
8 49
8 18
8 25
8 47
8 12
8 3
8 16
8 1
8 23
8 34
8 40
8 20
8 35
8 45
8 30
8 24
8 14
8 17
18
9 7
9 15
9 43
9 24
9 20
9 3
9 22
9 30
9 19
9 44
9 26
9 29
9 49
9 6
9 16
9 48
9 21
9 0
17
10 32
10 22
10 29
10 9
10 33
10 44
10 47
10 31
10 34
10 6
10 3
10 8
10 39
10 20
10 38
10 45
10 24
16
11 22
11 2
11 35
11 26
11 6
11 33
11 48
11 29
11 41
11 24
11 7
11 30
11 25
11 23
11 49
11 5
21
12 20
12 33
12 47
12 34
12 38
12 0
12 39
12 24
12 25
12 30
12 7
12 22
12 13
12 14
12 11
12 18
12 40
12 29
12 10
12 43
12 16
17
13 47
13 11
13 20
13 39
13 31
13 30
13 45
13 48
13 10
13 23
13 41
13 42
13 43
13 14
13 8
13 24
13 29
21
14 39
14 19
14 20
14 9
14 25
14 45
14 29
14 32
14 16
14 37
14 5
14 11
14 2
14 44
14 35
14 23
14 28
14 10
14 30
14 15
14 4
19
15 2
15 0
15 43
15 18
15 19
15 27
15 28
15 40
15 33
15 12
15 3
15 13
15 32
15 25
15 46
15 34
15 45
15 16
15 10
16
16 48
16 6
16 13
16 24
16 44
16 4
16 27
16 31
16 40
16 47
16 10
16 37
16 35
16 19
16 49
16 3
22
17 5
17 37
17 6
17 21
17 10
17 42
17 0
17 28
17 16
17 18
17 23
17 13
17 9
17 31
17 22
17 4
17 43
17 44
17 2
17 11
17 25
17 41
15
18 0
18 3
18 48
18 47
18 25
18 39
18 29
18 45
18 16
18 38
18 34
18 43
18 14
18 37
18 11
16
19 27
19 30
19 1
19 24
19 35
19 48
19 41
19 0
19 47
19 43
19 18
19 7
19 36
19 4
19 8
19 11
17
20 34
20 46
20 21
20 30
20 35
20 44
20 47
20 1
20 16
20 39
20 31
20 25
20 27
20 22
20 33
20 32
20 5
24
21 13
21 25
21 36
21 5
21 26
21 11
21 44
21 49
21 33
21 3
21 22
21 41
21 48
21 8
21 42
21 18
21 28
21 7
21 16
21 19
21 4
21 12
21 15
21 37
19
22 18
22 48
22 39
22 34
22 6
22 15
22 24
22 41
22 3
22 33
22 37
22 14
22 8
22 5
22 45
22 0
22 26
22 32
22 1
18
23 35
23 9
23 12
23 22
23 39
23 37
23 26
23 6
23 19
23 40
23 45
23 38
23 29
23 0
23 15
23 24
23 2
23 10
22
24 15
24 35
24 3
24 25
24 21
24 17
24 46
24 27
24 40
24 32
24 38
24 29
24 0
24 48
24 33
24 42
24 41
24 39
24 28
24 20
24 37
24 4
17
25 1
25 7
25 19
25 13
25 38
25 47
25 37
25 40
25 4
25 23
25 10
25 29
25 0
25 28
25 26
25 49
25 22
26
26 12
26 34
26 10
26 35
26 20
26 19
26 18
26 42
26 45
26 17
26 5
26 7
26 30
26 43
26 24
26 28
26 4
26 48
26 44
26 14
26 0
26 15
26 16
26 36
26 3
26 13
21
27 26
27 35
27 21
27 18
27 25
27 17
27 41
27 12
27 39
27 9
27 23
27 6
27 0
27 11
27 14
27 46
27 43
27 7
27 8
27 49
27 45
24
28 18
28 20
28 8
28 12
28 1
28 29
28 32
28 44
28 38
28 9
28 19
28 39
28 11
28 41
28 30
28 4
28 27
28 16
28 3
28 13
28 40
28 23
28 43
28 47
19
29 8
29 0
29 38
29 27
29 49
29 16
29 40
29 46
29 21
29 15
29 20
29 31
29 4
29 2
29 37
29 22
29 48
29 3
29 1
14
30 16
30 24
30 23
30 35
30 27
30 15
30 18
30 10
30 37
30 41
30 44
30 29
30 38
30 17
22
31 3
31 9
31 23
31 1
31 18
31 46
31 14
31 5
31 12
31 49
31 32
31 2
31 26
31 30
31 19
31 34
31 25
31 28
31 41
31 39
31 4
31 40
24
32 36
32 44
32 13
32 35
32 29
32 48
32 18
32 19
32 37
32 11
32 23
32 8
32 5
32 27
32 12
32 41
32 3
32 16
32 26
32 34
32 45
32 21
32 9
32 25
21
33 34
33 30
33 14
33 16
33 9
33 0
33 35
33 5
33 23
33 3
33 49
33 4
33 29
33 38
33 32
33 7
33 27
33 1
33 43
33 39
33 46
17
34 19
34 6
34 9
34 21
34 11
34 44
34 41
34 16
34 14
34 30
34 28
34 7
34 29
34 25
34 45
34 23
34 35
14
35 25
35 4
35 21
35 43
35 13
35 0
35 6
35 17
35 22
35 18
35 3
35 10
35 31
35 47
23
36 27
36 41
36 1
36 3
36 12
36 43
36 17
36 48
36 29
36 34
36 2
36 7
36 35
36 15
36 25
36 23
36 40
36 38
36 10
36 33
36 22
36 9
36 20
18
37 5
37 8
37 26
37 27
37 34
37 36
37 28
37 19
37 48
37 4
37 35
37 33
37 49
37 41
37 13
37 11
37 42
37 3
20
38 0
38 22
38 46
38 45
38 44
38 15
38 2
38 40
38 16
38 19
38 21
38 9
38 26
38 8
38 4
38 13
38 42
38 17
38 37
38 11
20
39 36
39 3
39 19
39 6
39 15
39 40
39 37
39 9
39 35
39 47
39 7
39 2
39 11
39 44
39 38
39 21
39 26
39 42
39 45
39 30
20
40 35
40 48
40 27
40 20
40 21
40 19
40 18
40 37
40 32
40 14
40 47
40 4
40 13
40 1
40 34
40 43
40 41
40 30
40 10
40 26
21
41 15
41 46
41 39
41 23
41 18
41 20
41 10
41 45
41 35
41 14
41 6
41 26
41 42
41 33
41 16
41 12
41 4
41 29
41 2
41 5
41 25
19
42 23
42 14
42 18
42 29
42 15
42 19
42 9
42 34
42 1
42 22
42 49
42 20
42 31
42 28
42 33
42 44
42 10
42 40
42 32
20
43 24
43 1
43 42
43 32
43 39
43 34
43 46
43 8
43 22
43 45
43 10
43 44
43 38
43 20
43 29
43 5
43 16
43 37
43 25
43 11
23
44 29
44 40
44 46
44 0
44 47
44 1
44 49
44 13
44 24
44 31
44 25
44 48
44 12
44 3
44 37
44 8
44 19
44 36
44 11
44 23
44 35
44 6
44 33
16
45 29
45 21
45 40
45 37
45 31
45 0
45 25
45 3
45 28
45 36
45 16
45 2
45 1
45 12
45 44
45 30
27
46 13
46 17
46 16
46 0
46 26
46 49
46 6
46 25
46 12
46 18
46 19
46 32
46 36
46 47
46 34
46 35
46 8
46 22
46 42
46 39
46 37
46 21
46 1
46 45
46 30
46 14
46 11
20
47 31
47 41
47 11
47 0
47 21
47 15
47 24
47 9
47 34
47 37
47 22
47 27
47 49
47 48
47 4
47 14
47 29
47 43
47 23
47 26
22
48 27
48 14
48 43
48 42
48 39
48 10
48 17
48 6
48 2
48 28
48 31
48 1
48 15
48 7
48 12
48 33
48 34
48 25
48 23
48 8
48 20
48 45
21
49 22
49 43
49 45
49 10
49 4
49 32
49 48
49 41
49 38
49 5
49 17
49 34
49 40
49 0
49 24
49 14
49 26
49 18
49 28
49 7
49 3
