50
0 "A5"
1 "A11"
2 "A33"
3 "A46"
4 "A38"
5 "A37"
6 "A8"
7 "A18"
8 "A23"
9 "A26"
10 "A28"
11 "A44"
12 "A2"
13 "A31"
14 "A15"
15 "A17"
16 "A25"
17 "A7"
18 "A12"
19 "A41"
20 "A3"
21 "A9"
22 "A27"
23 "A29"
24 "A32"
25 "A24"
26 "A43"
27 "A13"
28 "A34"
29 "A30"
30 "A47"
31 "A20"
32 "A39"
33 "A35"
34 "A0"
35 "A16"
36 "A49"
37 "A36"
38 "A45"
39 "A4"
40 "A1"
41 "A40"
42 "A6"
43 "A14"
44 "A42"
45 "A22"
46 "A21"
47 "A48"
48 "A10"
49 "A19"
17
0 34
0 48
0 43
0 42
0 46
0 3
0 35
0 47
0 49
0 30
0 19
0 37
0 15
0 27
0 13
0 32
0 31
14
1 0
1 30
1 31
1 26
1 28
1 21
1 12
1 47
1 9
1 3
1 34
1 20
1 45
1 16
15
2 16
2 28
2 25
2 33
2 48
2 8
2 42
2 5
2 49
2 0
2 24
2 46
2 45
2 13
2 47
22
3 40
3 38
3 47
3 18
3 48
3 14
3 5
3 46
3 36
3 10
3 13
3 41
3 9
3 17
3 19
3 7
3 44
3 29
3 26
3 4
3 42
3 20
17
4 21
4 30
4 5
4 1
4 25
4 10
4 18
4 39
4 19
4 44
4 42
4 7
4 2
4 29
4 12
4 41
4 23
24
5 20
5 14
5 23
5 25
5 42
5 26
5 33
5 39
5 8
5 29
5 18
5 12
5 1
5 36
5 47
5 17
5 16
5 30
5 28
5 45
5 9
5 7
5 34
5 0
31
6 29
6 8
6 28
6 19
6 31
6 11
6 18
6 34
6 5
6 32
6 44
6 48
6 26
6 4
6 7
6 13
6 43
6 41
6 38
6 25
6 21
6 37
6 15
6 27
6 0
6 49
6 24
6 22
6 16
6 40
6 33
16
7 28
7 47
7 48
7 31
7 30
7 45
7 10
7 40
7 18
7 43
7 0
7 41
7 37
7 11
7 42
7 14
22
8 1
8 39
8 14
8 30
8 31
8 33
8 42
8 23
8 20
8 47
8 45
8 34
8 12
8 32
8 0
8 3
8 24
8 49
8 43
8 28
8 25
8 38
19
9 43
9 17
9 18
9 35
9 39
9 49
9 8
9 31
9 28
9 40
9 24
9 20
9 6
9 16
9 19
9 48
9 2
9 29
9 45
18
10 29
10 9
10 16
10 5
10 8
10 13
10 18
10 22
10 6
10 38
10 31
10 33
10 20
10 19
10 32
10 37
10 0
10 45
19
11 4
11 26
11 9
11 42
11 29
11 3
11 15
11 32
11 49
11 24
11 30
11 5
11 0
11 2
11 38
11 20
11 19
11 41
11 18
23
12 45
12 18
12 30
12 2
12 20
12 24
12 29
12 15
12 26
12 11
12 0
12 38
12 3
12 35
12 7
12 22
12 41
12 42
12 32
12 6
12 39
12 10
12 34
14
13 41
13 47
13 12
13 42
13 46
13 15
13 7
13 31
13 8
13 1
13 4
13 22
13 48
13 9
18
14 28
14 11
14 2
14 13
14 45
14 27
14 29
14 39
14 23
14 24
14 10
14 12
14 43
14 25
14 35
14 4
14 46
14 0
18
15 20
15 14
15 7
15 28
15 31
15 43
15 46
15 34
15 27
15 5
15 30
15 19
15 1
15 3
15 10
15 4
15 40
15 45
22
16 27
16 20
16 22
16 3
16 42
16 11
16 15
16 31
16 12
16 14
16 24
16 7
16 0
16 25
16 35
16 36
16 44
16 4
16 45
16 13
16 19
16 33
22
17 4
17 11
17 10
17 13
17 40
17 23
17 6
17 2
17 0
17 29
17 28
17 7
17 37
17 34
17 25
17 8
17 15
17 47
17 20
17 39
17 45
17 14
21
18 30
18 34
18 20
18 46
18 13
18 14
18 22
18 37
18 16
18 31
18 33
18 39
18 32
18 38
18 29
18 43
18 2
18 1
18 35
18 25
18 45
19
19 1
19 21
19 44
19 5
19 30
19 7
19 37
19 14
19 40
19 22
19 45
19 48
19 24
19 18
19 8
19 13
19 38
19 12
19 33
17
20 21
20 45
20 13
20 38
20 27
20 46
20 43
20 26
20 14
20 0
20 28
20 23
20 32
20 2
20 7
20 31
20 19
27
21 12
21 36
21 10
21 25
21 11
21 39
21 13
21 47
21 7
21 5
21 43
21 8
21 49
21 18
21 30
21 44
21 40
21 37
21 22
21 0
21 42
21 14
21 35
21 9
21 33
21 15
21 48
23
22 41
22 9
22 49
22 27
22 23
22 11
22 26
22 37
22 48
22 33
22 4
22 31
22 2
22 3
22 8
22 14
22 25
22 5
22 0
22 34
22 30
22 36
22 40
20
23 2
23 34
23 24
23 38
23 1
23 6
23 39
23 30
23 12
23 49
23 27
23 7
23 19
23 26
23 0
23 18
23 29
23 21
23 10
23 45
20
24 28
24 41
24 36
24 3
24 27
24 7
24 30
24 33
24 15
24 5
24 37
24 42
24 38
24 22
24 45
24 20
24 39
24 1
24 29
24 31
16
25 48
25 33
25 49
25 0
25 41
25 24
25 26
25 36
25 38
25 12
25 1
25 9
25 11
25 43
25 13
25 10
19
26 19
26 45
26 27
26 18
26 8
26 17
26 35
26 16
26 33
26 7
26 14
26 4
26 0
26 9
26 15
26 21
26 10
26 29
26 49
19
27 11
27 46
27 39
27 21
27 35
27 17
27 18
27 10
27 49
27 41
27 13
27 5
27 31
27 8
27 33
27 7
27 28
27 30
27 25
17
28 0
28 32
28 25
28 34
28 41
28 29
28 4
28 16
28 26
28 3
28 30
28 31
28 40
28 13
28 19
28 10
28 23
16
29 13
29 20
29 27
29 21
29 15
29 42
29 19
29 35
29 38
29 49
29 2
29 8
29 0
29 31
29 34
29 37
18
30 29
30 43
30 40
30 42
30 31
30 2
30 26
30 34
30 3
30 48
30 9
30 32
30 25
30 45
30 35
30 44
30 16
30 6
14
31 45
31 49
31 3
31 41
31 25
31 2
31 14
31 12
31 4
31 36
31 32
31 19
31 26
31 17
23
32 35
32 24
32 33
32 26
32 49
32 5
32 19
32 16
32 15
32 46
32 29
32 44
32 2
32 4
32 45
32 38
32 25
32 21
32 39
32 9
32 34
32 48
32 22
23
33 47
33 42
33 14
33 46
33 4
33 34
33 20
33 35
33 39
33 9
33 43
33 40
33 7
33 11
33 41
33 3
33 1
33 13
33 44
33 15
33 0
33 30
33 36
15
34 10
34 16
34 25
34 48
34 26
34 27
34 7
34 45
34 35
34 24
34 47
34 3
34 13
34 20
34 4
15
35 48
35 22
35 6
35 31
35 43
35 4
35 1
35 2
35 20
35 47
35 10
35 13
35 37
35 23
35 49
26
36 43
36 34
36 7
36 23
36 40
36 2
36 0
36 26
36 39
36 8
36 1
36 20
36 27
36 12
36 19
36 11
36 9
36 30
36 18
36 6
36 15
36 14
36 35
36 10
36 29
36 13
18
37 11
37 20
37 28
37 42
37 34
37 13
37 25
37 5
37 8
37 36
37 33
37 31
37 3
37 32
37 30
37 9
37 48
37 41
23
38 33
38 9
38 40
38 26
38 27
38 13
38 2
38 47
38 16
38 5
38 1
38 48
38 4
38 21
38 22
38 36
38 0
38 14
38 17
38 28
38 35
38 45
38 30
23
39 49
39 19
39 10
39 2
39 3
39 34
39 28
39 11
39 6
39 7
39 37
39 41
39 22
39 46
39 1
39 29
39 0
39 38
39 47
39 31
39 15
39 30
39 26
21
40 32
40 20
40 14
40 47
40 16
40 12
40 45
40 35
40 48
40 29
40 10
40 31
40 27
40 34
40 23
40 26
40 37
40 0
40 13
40 1
40 24
20
41 47
41 34
41 35
41 36
41 40
41 43
41 15
41 2
41 48
41 21
41 18
41 17
41 10
41 1
41 45
41 0
41 14
41 46
41 26
41 16
22
42 15
42 36
42 31
42 22
42 19
42 28
42 40
42 38
42 20
42 35
42 23
42 25
42 45
42 32
42 1
42 18
42 27
42 14
42 44
42 34
42 47
42 43
15
43 11
43 3
43 46
43 10
43 39
43 29
43 23
43 34
43 44
43 45
43 5
43 12
43 22
43 16
43 1
22
44 25
44 46
44 36
44 0
44 40
44 31
44 20
44 35
44 9
44 47
44 22
44 37
44 11
44 2
44 26
44 1
44 18
44 8
44 41
44 49
44 10
44 24
14
45 36
45 44
45 33
45 0
45 13
45 39
45 22
45 48
45 37
45 3
45 29
45 4
45 47
45 21
27
46 38
46 17
46 35
46 48
46 21
46 28
46 36
46 1
46 8
46 10
46 6
46 34
46 16
46 42
46 5
46 19
46 49
46 26
46 47
46 37
46 40
46 23
46 7
46 29
46 4
46 45
46 11
18
47 19
47 9
47 6
47 32
47 37
47 4
47 22
47 43
47 18
47 14
47 29
47 25
47 20
47 30
47 23
47 31
47 27
47 49
19
48 27
48 20
48 42
48 17
48 29
48 14
48 10
48 12
48 15
48 1
48 16
48 23
48 8
48 33
48 43
48 5
48 26
48 24
48 4
19
49 20
49 30
49 37
49 7
49 15
49 3
49 24
49 5
49 13
49 36
49 19
49 43
49 4
49 14
49 41
49 1
49 45
49 10
49 40
