50
0 "A5"
1 "A11"
2 "A33"
3 "A46"
4 "A38"
5 "A37"
6 "A8"
7 "A18"
8 "A23"
9 "A26"
10 "A28"
11 "A44"
12 "A2"
13 "A31"
14 "A15"
15 "A17"
16 "A25"
17 "A7"
18 "A12"
19 "A41"
20 "A3"
21 "A9"
22 "A27"
23 "A29"
24 "A32"
25 "A24"
26 "A43"
27 "A13"
28 "A34"
29 "A30"
30 "A47"
31 "A20"
32 "A39"
33 "A35"
34 "A0"
35 "A16"
36 "A49"
37 "A36"
38 "A45"
39 "A4"
40 "A1"
41 "A40"
42 "A6"
43 "A14"
44 "A42"
45 "A22"
46 "A21"
47 "A48"
48 "A10"
49 "A19"
25
0 46
0 31
0 20
0 43
0 18
0 9
0 24
0 12
0 17
0 25
0 34
0 35
0 27
0 8
0 22
0 7
0 11
0 21
0 45
0 30
0 3
0 14
0 26
0 39
0 2
24
1 34
1 23
1 26
1 41
1 4
1 18
1 12
1 16
1 37
1 32
1 19
1 44
1 8
1 7
1 22
1 3
1 30
1 0
1 11
1 21
1 35
1 29
1 31
1 40
22
2 15
2 6
2 24
2 14
2 30
2 23
2 13
2 18
2 41
2 8
2 3
2 34
2 26
2 27
2 46
2 19
2 11
2 45
2 1
2 21
2 38
2 7
14
3 5
3 47
3 8
3 11
3 48
3 33
3 16
3 14
3 40
3 44
3 29
3 9
3 35
3 34
15
4 19
4 7
4 46
4 20
4 3
4 37
4 40
4 15
4 34
4 2
4 14
4 45
4 41
4 21
4 30
23
5 8
5 22
5 27
5 26
5 32
5 1
5 11
5 24
5 10
5 4
5 47
5 23
5 9
5 2
5 21
5 43
5 13
5 17
5 45
5 38
5 25
5 16
5 36
19
6 1
6 29
6 9
6 38
6 8
6 39
6 14
6 45
6 41
6 37
6 25
6 30
6 26
6 11
6 3
6 0
6 49
6 12
6 33
19
7 17
7 44
7 9
7 38
7 40
7 6
7 36
7 20
7 22
7 29
7 10
7 35
7 43
7 19
7 18
7 45
7 21
7 39
7 46
16
8 26
8 35
8 20
8 9
8 40
8 28
8 29
8 7
8 4
8 19
8 46
8 14
8 34
8 37
8 31
8 10
15
9 33
9 38
9 31
9 23
9 45
9 1
9 28
9 2
9 44
9 39
9 4
9 48
9 32
9 21
9 36
19
10 13
10 2
10 1
10 36
10 24
10 18
10 27
10 4
10 25
10 49
10 35
10 12
10 44
10 23
10 48
10 46
10 15
10 45
10 31
22
11 33
11 28
11 22
11 36
11 37
11 7
11 30
11 26
11 13
11 21
11 46
11 25
11 35
11 38
11 44
11 31
11 29
11 17
11 41
11 18
11 39
11 12
17
12 7
12 19
12 48
12 25
12 46
12 43
12 8
12 24
12 42
12 14
12 18
12 44
12 27
12 41
12 20
12 2
12 3
20
13 38
13 15
13 7
13 3
13 17
13 19
13 35
13 44
13 8
13 41
13 4
13 1
13 9
13 46
13 6
13 32
13 30
13 34
13 43
13 49
19
14 34
14 29
14 40
14 46
14 26
14 15
14 1
14 23
14 20
14 11
14 7
14 16
14 32
14 13
14 37
14 48
14 10
14 27
14 9
19
15 3
15 34
15 38
15 5
15 1
15 25
15 17
15 36
15 41
15 24
15 47
15 33
15 8
15 45
15 6
15 18
15 12
15 35
15 21
18
16 17
16 12
16 45
16 13
16 48
16 15
16 2
16 7
16 20
16 6
16 18
16 33
16 27
16 42
16 32
16 4
16 0
16 8
18
17 31
17 1
17 30
17 43
17 14
17 4
17 9
17 18
17 6
17 35
17 2
17 34
17 22
17 46
17 49
17 10
17 42
17 47
21
18 43
18 14
18 29
18 21
18 30
18 5
18 4
18 9
18 35
18 8
18 3
18 37
18 38
18 6
18 27
18 13
18 42
18 28
18 36
18 48
18 33
20
19 6
19 15
19 3
19 40
19 29
19 47
19 17
19 16
19 0
19 25
19 35
19 33
19 30
19 48
19 11
19 44
19 10
19 31
19 18
19 41
19
20 10
20 22
20 13
20 2
20 30
20 17
20 18
20 6
20 43
20 33
20 3
20 40
20 15
20 21
20 47
20 24
20 41
20 31
20 28
17
21 49
21 13
21 40
21 30
21 29
21 35
21 12
21 10
21 3
21 8
21 16
21 47
21 28
21 37
21 14
21 39
21 26
21
22 10
22 41
22 19
22 37
22 8
22 48
22 29
22 3
22 44
22 14
22 33
22 46
22 21
22 2
22 16
22 42
22 4
22 40
22 30
22 26
22 23
21
23 42
23 45
23 49
23 37
23 32
23 48
23 6
23 18
23 8
23 12
23 28
23 46
23 0
23 7
23 17
23 38
23 11
23 29
23 13
23 15
23 30
19
24 8
24 22
24 18
24 21
24 27
24 40
24 35
24 33
24 17
24 34
24 42
24 1
24 9
24 16
24 6
24 49
24 41
24 7
24 23
23
25 35
25 18
25 29
25 39
25 38
25 21
25 28
25 16
25 47
25 24
25 49
25 4
25 41
25 9
25 20
25 2
25 22
25 46
25 13
25 3
25 8
25 34
25 23
17
26 4
26 29
26 25
26 49
26 48
26 9
26 35
26 30
26 23
26 36
26 18
26 24
26 47
26 45
26 12
26 17
26 16
27
27 4
27 17
27 40
27 11
27 46
27 22
27 31
27 36
27 7
27 3
27 39
27 13
27 30
27 9
27 26
27 19
27 25
27 42
27 21
27 1
27 28
27 20
27 37
27 15
27 6
27 23
27 38
20
28 47
28 1
28 14
28 35
28 3
28 43
28 42
28 45
28 0
28 19
28 12
28 16
28 4
28 29
28 2
28 31
28 7
28 49
28 22
28 13
16
29 32
29 20
29 13
29 49
29 48
29 24
29 4
29 27
29 30
29 42
29 5
29 2
29 0
29 45
29 10
29 38
16
30 9
30 14
30 38
30 8
30 12
30 16
30 10
30 7
30 37
30 31
30 25
30 3
30 24
30 15
30 5
30 34
21
31 36
31 41
31 21
31 16
31 48
31 33
31 35
31 2
31 42
31 24
31 29
31 6
31 3
31 23
31 34
31 22
31 13
31 14
31 5
31 43
31 25
20
32 3
32 12
32 38
32 36
32 33
32 34
32 15
32 22
32 0
32 25
32 26
32 2
32 4
32 24
32 18
32 19
32 27
32 10
32 31
32 46
11
33 10
33 1
33 38
33 13
33 28
33 35
33 7
33 8
33 17
33 25
33 12
22
34 44
34 10
34 49
34 38
34 19
34 11
34 39
34 9
34 7
34 36
34 27
34 26
34 45
34 21
34 46
34 20
34 28
34 41
34 5
34 12
34 16
34 37
15
35 43
35 6
35 40
35 27
35 45
35 48
35 22
35 32
35 30
35 5
35 20
35 49
35 2
35 4
35 42
19
36 3
36 28
36 17
36 38
36 29
36 23
36 6
36 35
36 42
36 21
36 22
36 13
36 30
36 20
36 2
36 43
36 1
36 44
36 4
27
37 29
37 40
37 43
37 45
37 9
37 46
37 41
37 13
37 42
37 7
37 19
37 17
37 10
37 26
37 15
37 31
37 44
37 12
37 36
37 25
37 24
37 49
37 3
37 5
37 35
37 47
37 32
23
38 42
38 16
38 14
38 20
38 12
38 1
38 44
38 4
38 45
38 37
38 48
38 21
38 28
38 24
38 40
38 3
38 0
38 17
38 43
38 19
38 10
38 8
38 49
22
39 40
39 17
39 23
39 35
39 30
39 41
39 20
39 47
39 12
39 24
39 2
39 37
39 8
39 16
39 32
39 3
39 29
39 44
39 13
39 18
39 48
39 15
22
40 15
40 30
40 25
40 36
40 18
40 34
40 9
40 5
40 10
40 45
40 49
40 44
40 33
40 11
40 43
40 31
40 47
40 0
40 17
40 6
40 28
40 16
19
41 40
41 21
41 29
41 28
41 49
41 16
41 48
41 35
41 5
41 36
41 30
41 32
41 44
41 0
41 17
41 7
41 23
41 45
41 18
24
42 25
42 39
42 30
42 5
42 0
42 41
42 43
42 7
42 26
42 45
42 19
42 46
42 49
42 13
42 15
42 8
42 33
42 34
42 40
42 32
42 20
42 3
42 48
42 14
14
43 6
43 2
43 23
43 26
43 34
43 49
43 44
43 24
43 33
43 11
43 32
43 3
43 27
43 14
24
44 24
44 32
44 15
44 42
44 2
44 17
44 49
44 45
44 31
44 28
44 20
44 30
44 46
44 23
44 35
44 5
44 14
44 27
44 6
44 33
44 25
44 0
44 8
44 21
16
45 1
45 19
45 18
45 32
45 21
45 17
45 33
45 49
45 39
45 20
45 31
45 22
45 3
45 13
45 8
45 48
19
46 1
46 45
46 38
46 3
46 21
46 31
46 6
46 39
46 28
46 40
46 18
46 20
46 33
46 29
46 9
46 30
46 41
46 5
46 24
26
47 30
47 32
47 12
47 43
47 18
47 38
47 7
47 49
47 22
47 42
47 11
47 27
47 46
47 35
47 0
47 36
47 14
47 16
47 24
47 33
47 4
47 6
47 10
47 41
47 48
47 29
14
48 15
48 5
48 4
48 32
48 27
48 43
48 33
48 17
48 13
48 21
48 20
48 37
48 11
48 8
21
49 15
49 3
49 22
49 9
49 19
49 11
49 18
49 12
49 20
49 5
49 16
49 30
49 14
49 33
49 32
49 2
49 27
49 48
49 7
49 46
49 0
