50
0 "A5"
1 "A11"
2 "A33"
3 "A46"
4 "A38"
5 "A37"
6 "A8"
7 "A18"
8 "A23"
9 "A26"
10 "A28"
11 "A44"
12 "A2"
13 "A31"
14 "A15"
15 "A17"
16 "A25"
17 "A7"
18 "A12"
19 "A41"
20 "A3"
21 "A9"
22 "A27"
23 "A29"
24 "A32"
25 "A24"
26 "A43"
27 "A13"
28 "A34"
29 "A30"
30 "A47"
31 "A20"
32 "A39"
33 "A35"
34 "A0"
35 "A16"
36 "A49"
37 "A36"
38 "A45"
39 "A4"
40 "A1"
41 "A40"
42 "A6"
43 "A14"
44 "A42"
45 "A22"
46 "A21"
47 "A48"
48 "A10"
49 "A19"
18
0 17
0 45
0 7
0 35
0 11
0 12
0 18
0 9
0 30
0 31
0 21
0 46
0 39
0 16
0 28
0 26
0 10
0 3
21
1 15
1 29
1 14
1 34
1 4
1 2
1 26
1 38
1 40
1 7
1 43
1 13
1 10
1 32
1 19
1 36
1 39
1 25
1 9
1 0
1 20
14
2 34
2 16
2 25
2 27
2 21
2 3
2 46
2 26
2 38
2 10
2 28
2 31
2 42
2 6
19
3 11
3 41
3 24
3 40
3 26
3 14
3 8
3 29
3 47
3 28
3 17
3 48
3 1
3 32
3 25
3 35
3 46
3 22
3 37
18
4 13
4 2
4 44
4 16
4 48
4 25
4 22
4 3
4 7
4 10
4 45
4 0
4 23
4 11
4 6
4 19
4 14
4 5
20
5 44
5 43
5 24
5 7
5 1
5 19
5 2
5 17
5 27
5 0
5 49
5 13
5 29
5 28
5 39
5 3
5 9
5 41
5 20
5 23
19
6 42
6 0
6 47
6 11
6 1
6 39
6 20
6 49
6 5
6 48
6 25
6 7
6 41
6 40
6 37
6 9
6 46
6 3
6 44
19
7 35
7 28
7 20
7 9
7 32
7 13
7 15
7 2
7 41
7 38
7 27
7 10
7 34
7 48
7 3
7 19
7 31
7 36
7 40
24
8 16
8 36
8 49
8 14
8 45
8 20
8 13
8 1
8 28
8 17
8 15
8 5
8 33
8 29
8 25
8 9
8 6
8 19
8 23
8 35
8 12
8 26
8 48
8 7
23
9 40
9 21
9 26
9 24
9 15
9 45
9 27
9 49
9 35
9 42
9 25
9 48
9 4
9 13
9 14
9 10
9 16
9 37
9 47
9 31
9 33
9 29
9 43
20
10 3
10 23
10 43
10 42
10 36
10 11
10 14
10 33
10 40
10 5
10 46
10 22
10 18
10 45
10 34
10 12
10 30
10 21
10 8
10 17
24
11 35
11 5
11 9
11 38
11 19
11 14
11 46
11 41
11 12
11 8
11 22
11 27
11 40
11 39
11 1
11 2
11 20
11 34
11 31
11 26
11 7
11 18
11 23
11 15
16
12 5
12 45
12 20
12 14
12 39
12 1
12 40
12 19
12 35
12 44
12 32
12 16
12 22
12 24
12 4
12 7
23
13 39
13 6
13 46
13 45
13 41
13 42
13 19
13 2
13 20
13 26
13 11
13 30
13 14
13 31
13 34
13 29
13 12
13 18
13 36
13 48
13 37
13 33
13 24
19
14 36
14 25
14 31
14 2
14 22
14 30
14 49
14 39
14 18
14 26
14 19
14 45
14 17
14 5
14 34
14 24
14 43
14 48
14 0
27
15 30
15 12
15 42
15 22
15 38
15 32
15 3
15 48
15 17
15 2
15 40
15 13
15 0
15 28
15 39
15 45
15 41
15 19
15 5
15 14
15 16
15 6
15 44
15 23
15 27
15 21
15 20
18
16 21
16 27
16 11
16 33
16 3
16 34
16 24
16 10
16 23
16 14
16 26
16 36
16 7
16 39
16 45
16 40
16 5
16 47
23
17 26
17 46
17 22
17 6
17 37
17 38
17 39
17 42
17 19
17 4
17 43
17 16
17 2
17 35
17 41
17 18
17 30
17 48
17 45
17 7
17 11
17 1
17 9
20
18 19
18 47
18 25
18 23
18 35
18 16
18 33
18 31
18 2
18 21
18 9
18 28
18 6
18 4
18 37
18 38
18 1
18 27
18 5
18 3
19
19 21
19 6
19 45
19 32
19 30
19 3
19 36
19 29
19 48
19 10
19 28
19 26
19 39
19 24
19 31
19 16
19 22
19 2
19 33
19
20 0
20 10
20 21
20 31
20 39
20 37
20 22
20 18
20 48
20 45
20 3
20 44
20 41
20 49
20 34
20 17
20 16
20 36
20 35
16
21 46
21 22
21 35
21 6
21 7
21 3
21 13
21 4
21 1
21 41
21 17
21 30
21 14
21 8
21 5
21 42
16
22 1
22 31
22 6
22 34
22 9
22 23
22 7
22 0
22 28
22 40
22 41
22 13
22 2
22 16
22 36
22 30
12
23 36
23 3
23 42
23 20
23 31
23 14
23 6
23 33
23 37
23 40
23 2
23 13
22
24 4
24 7
24 43
24 25
24 30
24 48
24 34
24 20
24 40
24 46
24 42
24 0
24 6
24 29
24 47
24 26
24 35
24 21
24 22
24 1
24 23
24 27
18
25 26
25 5
25 33
25 44
25 20
25 29
25 28
25 0
25 35
25 11
25 34
25 12
25 30
25 21
25 47
25 43
25 7
25 42
17
26 15
26 30
26 21
26 4
26 40
26 47
26 7
26 23
26 34
26 36
26 22
26 27
26 46
26 39
26 10
26 18
26 5
17
27 1
27 10
27 48
27 43
27 6
27 22
27 32
27 39
27 29
27 14
27 20
27 31
27 25
27 8
27 4
27 47
27 3
15
28 33
28 21
28 26
28 40
28 13
28 31
28 47
28 20
28 12
28 43
28 4
28 17
28 11
28 37
28 27
18
29 44
29 7
29 6
29 17
29 40
29 10
29 4
29 38
29 16
29 23
29 11
29 15
29 12
29 14
29 22
29 26
29 0
29 2
23
30 37
30 39
30 42
30 38
30 45
30 1
30 12
30 3
30 6
30 9
30 33
30 29
30 27
30 43
30 20
30 5
30 23
30 7
30 36
30 31
30 16
30 18
30 2
14
31 26
31 25
31 29
31 32
31 42
31 17
31 5
31 12
31 4
31 46
31 3
31 35
31 24
31 16
19
32 24
32 20
32 21
32 11
32 4
32 8
32 28
32 13
32 9
32 29
32 34
32 2
32 17
32 25
32 0
32 30
32 23
32 10
32 26
21
33 5
33 22
33 48
33 14
33 41
33 2
33 26
33 31
33 38
33 17
33 11
33 6
33 46
33 3
33 36
33 29
33 4
33 1
33 40
33 32
33 15
18
34 8
34 17
34 9
34 42
34 4
34 18
34 45
34 21
34 29
34 28
34 6
34 15
34 31
34 0
34 33
34 19
34 12
34 41
17
35 32
35 34
35 6
35 40
35 27
35 29
35 5
35 28
35 45
35 4
35 43
35 26
35 1
35 33
35 49
35 15
35 36
16
36 2
36 48
36 18
36 25
36 12
36 3
36 11
36 5
36 31
36 32
36 40
36 39
36 15
36 9
36 6
36 28
23
37 44
37 0
37 12
37 19
37 34
37 43
37 24
37 10
37 14
37 7
37 16
37 45
37 26
37 22
37 4
37 31
37 11
37 21
37 15
37 29
37 32
37 33
37 36
22
38 34
38 5
38 21
38 8
38 19
38 3
38 20
38 10
38 12
38 4
38 39
38 24
38 22
38 42
38 16
38 28
38 23
38 43
38 32
38 31
38 35
38 27
19
39 28
39 3
39 4
39 40
39 33
39 7
39 8
39 9
39 2
39 37
39 44
39 47
39 21
39 25
39 41
39 35
39 49
39 45
39 43
16
40 19
40 38
40 5
40 32
40 41
40 21
40 42
40 31
40 48
40 18
40 27
40 17
40 34
40 8
40 25
40 0
16
41 23
41 14
41 27
41 25
41 4
41 29
41 12
41 16
41 18
41 8
41 28
41 24
41 44
41 26
41 10
41 31
23
42 16
42 11
42 44
42 33
42 35
42 7
42 32
42 28
42 27
42 8
42 43
42 14
42 37
42 0
42 22
42 20
42 12
42 19
42 5
42 36
42 49
42 26
42 39
23
43 20
43 0
43 8
43 22
43 31
43 34
43 11
43 18
43 41
43 4
43 29
43 33
43 7
43 6
43 2
43 3
43 21
43 12
43 23
43 16
43 40
43 15
43 13
25
44 33
44 40
44 28
44 16
44 35
44 19
44 27
44 34
44 26
44 47
44 17
44 3
44 30
44 10
44 36
44 2
44 38
44 7
44 14
44 22
44 18
44 13
44 32
44 0
44 46
18
45 24
45 32
45 29
45 36
45 49
45 18
45 27
45 28
45 21
45 42
45 1
45 33
45 11
45 22
45 7
45 3
45 2
45 25
24
46 9
46 15
46 20
46 32
46 37
46 41
46 12
46 8
46 14
46 29
46 27
46 39
46 45
46 25
46 40
46 38
46 16
46 49
46 1
46 4
46 43
46 42
46 22
46 18
26
47 40
47 19
47 4
47 32
47 8
47 49
47 36
47 21
47 46
47 12
47 23
47 14
47 43
47 15
47 11
47 10
47 7
47 42
47 35
47 41
47 30
47 38
47 0
47 13
47 31
47 29
19
48 21
48 26
48 2
48 35
48 46
48 39
48 1
48 43
48 11
48 42
48 41
48 34
48 5
48 12
48 38
48 0
48 16
48 44
48 29
24
49 30
49 37
49 10
49 22
49 13
49 23
49 18
49 32
49 3
49 41
49 2
49 44
49 28
49 29
49 12
49 43
49 25
49 26
49 17
49 11
49 38
49 24
49 34
49 0
