50
0 "A5"
1 "A11"
2 "A33"
3 "A46"
4 "A38"
5 "A37"
6 "A8"
7 "A18"
8 "A23"
9 "A26"
10 "A28"
11 "A44"
12 "A2"
13 "A31"
14 "A15"
15 "A17"
16 "A25"
17 "A7"
18 "A12"
19 "A41"
20 "A3"
21 "A9"
22 "A27"
23 "A29"
24 "A32"
25 "A24"
26 "A43"
27 "A13"
28 "A34"
29 "A30"
30 "A47"
31 "A20"
32 "A39"
33 "A35"
34 "A0"
35 "A16"
36 "A49"
37 "A36"
38 "A45"
39 "A4"
40 "A1"
41 "A40"
42 "A6"
43 "A14"
44 "A42"
45 "A22"
46 "A21"
47 "A48"
48 "A10"
49 "A19"
20
0 29
0 5
0 4
0 1
0 30
0 46
0 49
0 27
0 8
0 48
0 14
0 7
0 23
0 42
0 12
0 24
0 2
0 17
0 11
0 38
26
1 46
1 47
1 36
1 43
1 4
1 48
1 37
1 7
1 17
1 10
1 41
1 22
1 12
1 49
1 14
1 25
1 20
1 45
1 40
1 18
1 34
1 27
1 8
1 16
1 29
1 6
20
2 14
2 9
2 43
2 16
2 11
2 48
2 13
2 29
2 3
2 21
2 18
2 22
2 4
2 33
2 26
2 19
2 12
2 24
2 20
2 15
15
3 12
3 35
3 26
3 49
3 27
3 33
3 4
3 37
3 32
3 41
3 20
3 24
3 11
3 40
3 18
20
4 42
4 22
4 34
4 10
4 41
4 40
4 45
4 31
4 44
4 48
4 21
4 11
4 47
4 19
4 25
4 33
4 9
4 26
4 8
4 18
21
5 45
5 25
5 31
5 42
5 48
5 15
5 34
5 32
5 44
5 4
5 26
5 3
5 24
5 10
5 2
5 13
5 1
5 47
5 29
5 18
5 21
25
6 46
6 13
6 5
6 41
6 21
6 4
6 2
6 49
6 18
6 25
6 43
6 14
6 15
6 33
6 40
6 35
6 38
6 9
6 19
6 32
6 45
6 30
6 3
6 47
6 48
22
7 6
7 22
7 40
7 16
7 2
7 24
7 23
7 15
7 27
7 39
7 4
7 45
7 41
7 3
7 25
7 20
7 13
7 19
7 48
7 44
7 29
7 5
26
8 32
8 43
8 29
8 41
8 26
8 35
8 44
8 22
8 2
8 25
8 10
8 36
8 31
8 34
8 16
8 37
8 19
8 11
8 7
8 21
8 39
8 38
8 6
8 24
8 5
8 3
23
9 33
9 23
9 31
9 29
9 0
9 49
9 8
9 41
9 17
9 14
9 16
9 10
9 7
9 19
9 32
9 12
9 28
9 48
9 39
9 11
9 38
9 46
9 1
17
10 32
10 21
10 12
10 22
10 6
10 49
10 27
10 20
10 23
10 25
10 13
10 29
10 36
10 34
10 33
10 0
10 24
23
11 41
11 13
11 30
11 37
11 49
11 45
11 31
11 47
11 16
11 18
11 36
11 42
11 6
11 35
11 32
11 29
11 23
11 5
11 1
11 27
11 43
11 10
11 22
16
12 23
12 33
12 32
12 15
12 43
12 31
12 25
12 41
12 44
12 28
12 37
12 8
12 16
12 7
12 6
12 22
20
13 49
13 1
13 17
13 20
13 27
13 26
13 35
13 25
13 40
13 38
13 8
13 45
13 12
13 9
13 4
13 0
13 21
13 31
13 15
13 48
23
14 3
14 45
14 12
14 37
14 5
14 19
14 10
14 13
14 27
14 30
14 44
14 33
14 43
14 4
14 29
14 7
14 17
14 35
14 34
14 41
14 38
14 42
14 39
20
15 9
15 20
15 40
15 36
15 37
15 11
15 14
15 25
15 8
15 22
15 49
15 1
15 19
15 0
15 45
15 10
15 3
15 26
15 18
15 38
16
16 29
16 10
16 31
16 6
16 4
16 13
16 44
16 40
16 25
16 0
16 14
16 34
16 48
16 20
16 38
16 19
18
17 2
17 48
17 23
17 34
17 18
17 15
17 49
17 42
17 3
17 35
17 21
17 39
17 10
17 16
17 41
17 33
17 12
17 30
20
18 43
18 26
18 9
18 33
18 36
18 12
18 21
18 24
18 16
18 0
18 8
18 14
18 7
18 31
18 40
18 46
18 29
18 34
18 28
18 10
19
19 37
19 1
19 10
19 28
19 44
19 22
19 21
19 13
19 17
19 33
19 41
19 12
19 29
19 11
19 26
19 31
19 38
19 45
19 49
18
20 44
20 12
20 29
20 41
20 38
20 18
20 23
20 17
20 25
20 8
20 26
20 49
20 0
20 19
20 28
20 5
20 40
20 4
16
21 32
21 11
21 28
21 41
21 7
21 33
21 43
21 1
21 29
21 47
21 20
21 34
21 16
21 0
21 24
21 12
17
22 35
22 47
22 20
22 42
22 9
22 13
22 17
22 43
22 49
22 0
22 46
22 45
22 38
22 37
22 3
22 16
22 40
19
23 36
23 21
23 24
23 22
23 34
23 26
23 29
23 49
23 28
23 5
23 4
23 25
23 37
23 19
23 44
23 13
23 45
23 35
23 15
23
24 26
24 17
24 35
24 37
24 22
24 38
24 6
24 9
24 15
24 48
24 42
24 39
24 19
24 1
24 27
24 36
24 31
24 44
24 11
24 20
24 4
24 12
24 25
20
25 19
25 11
25 2
25 27
25 28
25 9
25 17
25 47
25 30
25 3
25 21
25 42
25 22
25 18
25 38
25 29
25 43
25 41
25 49
25 37
15
26 48
26 1
26 45
26 22
26 7
26 41
26 16
26 14
26 6
26 47
26 10
26 37
26 11
26 0
26 12
20
27 33
27 23
27 43
27 28
27 16
27 35
27 20
27 22
27 48
27 32
27 9
27 26
27 5
27 38
27 17
27 36
27 18
27 4
27 47
27 19
25
28 7
28 13
28 2
28 29
28 41
28 43
28 17
28 15
28 11
28 10
28 4
28 6
28 8
28 46
28 32
28 0
28 39
28 22
28 5
28 24
28 33
28 44
28 42
28 14
28 16
10
29 4
29 17
29 42
29 3
29 32
29 47
29 33
29 24
29 34
29 48
22
30 2
30 15
30 4
30 13
30 47
30 16
30 26
30 44
30 40
30 28
30 1
30 20
30 41
30 23
30 5
30 7
30 29
30 10
30 24
30 12
30 9
30 8
22
31 10
31 35
31 49
31 6
31 7
31 25
31 32
31 45
31 40
31 33
31 1
31 39
31 34
31 29
31 22
31 20
31 47
31 37
31 3
31 48
31 2
31 23
21
32 46
32 7
32 22
32 26
32 19
32 25
32 24
32 17
32 23
32 45
32 13
32 34
32 4
32 14
32 39
32 42
32 38
32 35
32 15
32 30
32 43
17
33 36
33 1
33 0
33 24
33 30
33 22
33 11
33 7
33 8
33 38
33 20
33 23
33 47
33 13
33 16
33 49
33 15
15
34 11
34 0
34 19
34 24
34 22
34 9
34 28
34 44
34 38
34 15
34 43
34 47
34 26
34 39
34 27
15
35 9
35 36
35 28
35 10
35 43
35 19
35 49
35 5
35 29
35 41
35 0
35 1
35 21
35 46
35 38
22
36 21
36 25
36 20
36 43
36 30
36 19
36 45
36 37
36 40
36 0
36 5
36 17
36 46
36 16
36 6
36 29
36 39
36 2
36 32
36 49
36 28
36 34
22
37 47
37 30
37 18
37 20
37 28
37 33
37 7
37 35
37 10
37 48
37 39
37 44
37 29
37 2
37 45
37 21
37 27
37 49
37 46
37 32
37 5
37 6
17
38 5
38 42
38 45
38 2
38 26
38 30
38 12
38 31
38 18
38 48
38 4
38 11
38 23
38 28
38 41
38 29
38 1
26
39 30
39 10
39 38
39 41
39 4
39 35
39 1
39 49
39 3
39 29
39 2
39 22
39 47
39 46
39 25
39 26
39 0
39 48
39 18
39 13
39 40
39 21
39 16
39 6
39 23
39 5
25
40 38
40 5
40 35
40 33
40 17
40 26
40 29
40 9
40 25
40 28
40 14
40 10
40 11
40 0
40 37
40 12
40 42
40 27
40 46
40 32
40 34
40 47
40 21
40 24
40 8
15
41 5
41 42
41 0
41 48
41 15
41 40
41 16
41 44
41 2
41 23
41 29
41 24
41 37
41 31
41 32
19
42 35
42 15
42 10
42 6
42 39
42 16
42 20
42 18
42 13
42 3
42 27
42 19
42 31
42 12
42 30
42 47
42 43
42 26
42 7
15
43 0
43 29
43 26
43 4
43 38
43 30
43 15
43 23
43 24
43 41
43 40
43 31
43 17
43 7
43 39
22
44 49
44 0
44 21
44 46
44 25
44 26
44 40
44 27
44 18
44 48
44 3
44 1
44 35
44 42
44 47
44 32
44 22
44 33
44 36
44 29
44 39
44 31
21
45 17
45 41
45 0
45 46
45 28
45 40
45 9
45 21
45 8
45 27
45 18
45 42
45 44
45 43
45 34
45 47
45 49
45 24
45 29
45 25
45 39
22
46 24
46 15
46 31
46 43
46 13
46 34
46 26
46 19
46 7
46 14
46 5
46 41
46 16
46 23
46 33
46 4
46 11
46 3
46 49
46 27
46 10
46 21
23
47 0
47 24
47 38
47 10
47 18
47 20
47 13
47 19
47 49
47 41
47 2
47 3
47 48
47 36
47 23
47 17
47 7
47 9
47 35
47 15
47 12
47 8
47 32
15
48 49
48 22
48 15
48 23
48 28
48 42
48 25
48 21
48 8
48 45
48 18
48 19
48 11
48 10
48 40
11
49 18
49 42
49 21
49 32
49 28
49 14
49 24
49 30
49 4
49 34
49 26
