50
0 "A5"
1 "A11"
2 "A33"
3 "A46"
4 "A38"
5 "A37"
6 "A8"
7 "A18"
8 "A23"
9 "A26"
10 "A28"
11 "A44"
12 "A2"
13 "A31"
14 "A15"
15 "A17"
16 "A25"
17 "A7"
18 "A12"
19 "A41"
20 "A3"
21 "A9"
22 "A27"
23 "A29"
24 "A32"
25 "A24"
26 "A43"
27 "A13"
28 "A34"
29 "A30"
30 "A47"
31 "A20"
32 "A39"
33 "A35"
34 "A0"
35 "A16"
36 "A49"
37 "A36"
38 "A45"
39 "A4"
40 "A1"
41 "A40"
42 "A6"
43 "A14"
44 "A42"
45 "A22"
46 "A21"
47 "A48"
48 "A10"
49 "A19"
17
0 31
0 13
0 44
0 4
0 14
0 15
0 34
0 2
0 10
0 7
0 26
0 6
0 3
0 33
0 30
0 41
0 37
13
1 37
1 22
1 43
1 38
1 2
1 33
1 11
1 4
1 47
1 19
1 48
1 25
1 12
17
2 8
2 19
2 5
2 13
2 48
2 14
2 47
2 42
2 41
2 40
2 46
2 43
2 25
2 38
2 28
2 31
2 39
21
3 14
3 17
3 21
3 43
3 12
3 44
3 16
3 28
3 7
3 34
3 15
3 10
3 27
3 19
3 2
3 8
3 13
3 18
3 9
3 29
3 4
22
4 21
4 39
4 22
4 18
4 19
4 30
4 16
4 6
4 48
4 11
4 15
4 44
4 17
4 32
4 45
4 23
4 2
4 34
4 28
4 7
4 9
4 20
24
5 35
5 40
5 1
5 29
5 7
5 44
5 38
5 16
5 30
5 32
5 39
5 25
5 4
5 11
5 41
5 19
5 33
5 21
5 48
5 12
5 23
5 0
5 9
5 24
14
6 9
6 47
6 26
6 16
6 44
6 12
6 1
6 14
6 11
6 48
6 38
6 24
6 7
6 33
23
7 13
7 32
7 34
7 17
7 19
7 11
7 27
7 1
7 35
7 49
7 28
7 16
7 44
7 33
7 42
7 2
7 23
7 24
7 8
7 43
7 29
7 40
7 47
18
8 31
8 25
8 35
8 1
8 37
8 0
8 42
8 19
8 29
8 43
8 44
8 20
8 24
8 4
8 27
8 10
8 9
8 14
19
9 11
9 46
9 2
9 32
9 40
9 37
9 1
9 10
9 7
9 16
9 27
9 29
9 39
9 19
9 21
9 42
9 44
9 24
9 28
14
10 46
10 1
10 36
10 4
10 7
10 43
10 29
10 34
10 20
10 33
10 31
10 35
10 5
10 30
22
11 25
11 45
11 31
11 19
11 29
11 14
11 48
11 35
11 3
11 34
11 10
11 2
11 16
11 36
11 41
11 23
11 8
11 0
11 40
11 47
11 42
11 33
24
12 37
12 44
12 26
12 22
12 34
12 13
12 38
12 20
12 32
12 27
12 41
12 2
12 49
12 35
12 23
12 4
12 14
12 9
12 39
12 11
12 28
12 47
12 7
12 18
23
13 24
13 18
13 31
13 47
13 11
13 35
13 17
13 21
13 9
13 28
13 48
13 34
13 37
13 40
13 33
13 29
13 15
13 1
13 43
13 6
13 5
13 20
13 22
15
14 32
14 26
14 10
14 47
14 1
14 41
14 48
14 29
14 13
14 4
14 44
14 42
14 22
14 20
14 35
26
15 41
15 42
15 43
15 37
15 29
15 45
15 12
15 7
15 10
15 5
15 21
15 17
15 6
15 23
15 2
15 30
15 25
15 35
15 14
15 44
15 38
15 18
15 19
15 8
15 40
15 28
20
16 30
16 32
16 10
16 17
16 39
16 36
16 38
16 0
16 24
16 49
16 42
16 35
16 26
16 13
16 1
16 8
16 28
16 12
16 37
16 31
18
17 19
17 10
17 47
17 42
17 0
17 23
17 1
17 30
17 12
17 37
17 25
17 21
17 14
17 26
17 32
17 48
17 9
17 41
22
18 47
18 32
18 33
18 10
18 24
18 41
18 45
18 5
18 17
18 11
18 0
18 21
18 23
18 43
18 20
18 8
18 34
18 2
18 42
18 30
18 31
18 9
13
19 6
19 27
19 31
19 36
19 13
19 26
19 20
19 46
19 16
19 0
19 38
19 49
19 12
21
20 24
20 45
20 11
20 32
20 0
20 37
20 46
20 29
20 17
20 2
20 34
20 26
20 27
20 39
20 40
20 42
20 1
20 33
20 6
20 7
20 49
20
21 8
21 34
21 41
21 23
21 0
21 39
21 40
21 31
21 44
21 11
21 12
21 33
21 30
21 6
21 20
21 35
21 2
21 19
21 1
21 36
20
22 21
22 31
22 8
22 37
22 3
22 20
22 32
22 33
22 49
22 24
22 16
22 25
22 18
22 43
22 38
22 28
22 6
22 19
22 27
22 10
16
23 6
23 34
23 28
23 20
23 14
23 9
23 3
23 45
23 32
23 19
23 47
23 13
23 10
23 44
23 16
23 0
17
24 11
24 29
24 44
24 21
24 38
24 41
24 45
24 32
24 43
24 10
24 28
24 31
24 47
24 19
24 48
24 4
24 3
19
25 32
25 34
25 24
25 23
25 10
25 6
25 0
25 36
25 13
25 31
25 37
25 16
25 4
25 38
25 20
25 39
25 42
25 27
25 19
25
26 35
26 32
26 37
26 9
26 4
26 7
26 47
26 39
26 22
26 23
26 45
26 34
26 15
26 29
26 5
26 13
26 24
26 25
26 8
26 3
26 1
26 44
26 2
26 31
26 48
20
27 40
27 47
27 5
27 24
27 30
27 33
27 21
27 31
27 32
27 4
27 48
27 16
27 6
27 36
27 17
27 42
27 44
27 14
27 10
27 23
23
28 6
28 21
28 26
28 0
28 25
28 27
28 49
28 11
28 14
28 31
28 20
28 47
28 42
28 45
28 33
28 8
28 30
28 19
28 32
28 5
28 48
28 38
28 36
23
29 2
29 42
29 48
29 46
29 1
29 0
29 4
29 45
29 25
29 44
29 34
29 38
29 23
29 43
29 28
29 47
29 22
29 12
29 18
29 27
29 37
29 6
29 32
22
30 38
30 33
30 13
30 43
30 1
30 7
30 8
30 12
30 36
30 20
30 24
30 29
30 14
30 32
30 48
30 37
30 40
30 47
30 31
30 46
30 2
30 25
14
31 5
31 42
31 34
31 32
31 29
31 46
31 4
31 7
31 14
31 44
31 38
31 39
31 1
31 48
17
32 3
32 37
32 0
32 41
32 36
32 10
32 19
32 8
32 48
32 6
32 1
32 35
32 2
32 13
32 38
32 11
32 21
18
33 38
33 32
33 39
33 45
33 31
33 12
33 37
33 25
33 48
33 29
33 3
33 17
33 8
33 42
33 40
33 41
33 16
33 49
16
34 6
34 14
34 44
34 16
34 48
34 22
34 1
34 19
34 32
34 5
34 42
34 47
34 41
34 24
34 2
34 15
20
35 2
35 25
35 29
35 19
35 18
35 40
35 30
35 28
35 41
35 0
35 36
35 45
35 49
35 33
35 6
35 9
35 38
35 47
35 27
35 23
22
36 7
36 18
36 33
36 29
36 5
36 38
36 8
36 37
36 31
36 4
36 26
36 17
36 41
36 15
36 6
36 3
36 2
36 24
36 45
36 46
36 1
36 43
20
37 14
37 19
37 34
37 46
37 10
37 39
37 7
37 23
37 45
37 4
37 21
37 5
37 38
37 42
37 18
37 35
37 3
37 2
37 41
37 47
16
38 21
38 20
38 48
38 45
38 11
38 46
38 17
38 4
38 8
38 23
38 10
38 7
38 14
38 34
38 27
38 26
22
39 28
39 10
39 27
39 1
39 49
39 42
39 24
39 18
39 35
39 14
39 6
39 8
39 40
39 34
39 11
39 45
39 32
39 46
39 23
39 17
39 47
39 7
22
40 43
40 22
40 26
40 36
40 8
40 6
40 18
40 3
40 1
40 38
40 25
40 37
40 48
40 19
40 49
40 29
40 14
40 10
40 12
40 32
40 17
40 47
19
41 10
41 7
41 26
41 30
41 39
41 4
41 16
41 49
41 48
41 22
41 38
41 27
41 19
41 31
41 20
41 3
41 40
41 8
41 25
21
42 23
42 12
42 41
42 36
42 38
42 21
42 44
42 4
42 5
42 35
42 47
42 30
42 6
42 43
42 10
42 22
42 32
42 1
42 19
42 0
42 40
20
43 11
43 28
43 14
43 0
43 34
43 20
43 44
43 31
43 12
43 21
43 39
43 27
43 5
43 9
43 25
43 37
43 45
43 6
43 23
43 16
20
44 37
44 48
44 33
44 20
44 16
44 39
44 32
44 10
44 41
44 40
44 19
44 11
44 1
44 28
44 49
44 13
44 38
44 22
44 30
44 45
20
45 13
45 40
45 46
45 21
45 1
45 10
45 9
45 25
45 5
45 48
45 34
45 2
45 16
45 22
45 7
45 6
45 32
45 14
45 31
45 41
25
46 22
46 41
46 49
46 3
46 43
46 8
46 23
46 33
46 25
46 35
46 44
46 15
46 1
46 42
46 34
46 40
46 24
46 13
46 28
46 27
46 26
46 6
46 11
46 7
46 5
18
47 46
47 16
47 31
47 5
47 45
47 43
47 10
47 22
47 41
47 9
47 32
47 4
47 21
47 8
47 25
47 19
47 38
47 3
14
48 39
48 23
48 7
48 12
48 20
48 36
48 9
48 3
48 10
48 21
48 47
48 37
48 46
48 19
25
49 4
49 8
49 13
49 27
49 45
49 18
49 29
49 9
49 31
49 10
49 6
49 38
49 1
49 14
49 30
49 36
49 0
49 48
49 25
49 42
49 5
49 32
49 2
49 37
49 11
