50
0 "A5"
1 "A11"
2 "A33"
3 "A46"
4 "A38"
5 "A37"
6 "A8"
7 "A18"
8 "A23"
9 "A26"
10 "A28"
11 "A44"
12 "A2"
13 "A31"
14 "A15"
15 "A17"
16 "A25"
17 "A7"
18 "A12"
19 "A41"
20 "A3"
21 "A9"
22 "A27"
23 "A29"
24 "A32"
25 "A24"
26 "A43"
27 "A13"
28 "A34"
29 "A30"
30 "A47"
31 "A20"
32 "A39"
33 "A35"
34 "A0"
35 "A16"
36 "A49"
37 "A36"
38 "A45"
39 "A4"
40 "A1"
41 "A40"
42 "A6"
43 "A14"
44 "A42"
45 "A22"
46 "A21"
47 "A48"
48 "A10"
49 "A19"
17
0 32
0 48
0 22
0 24
0 28
0 36
0 41
0 14
0 46
0 25
0 30
0 34
0 35
0 3
0 11
0 42
0 37
18
1 24
1 26
1 23
1 3
1 42
1 27
1 33
1 15
1 0
1 16
1 35
1 4
1 2
1 47
1 34
1 36
1 8
1 30
16
2 6
2 8
2 38
2 31
2 39
2 33
2 42
2 0
2 21
2 11
2 29
2 15
2 40
2 26
2 25
2 43
26
3 46
3 44
3 49
3 40
3 27
3 39
3 9
3 38
3 4
3 7
3 31
3 18
3 34
3 45
3 10
3 17
3 32
3 47
3 29
3 19
3 20
3 22
3 48
3 23
3 13
3 28
25
4 22
4 21
4 11
4 37
4 32
4 31
4 0
4 39
4 9
4 23
4 10
4 49
4 19
4 30
4 20
4 45
4 40
4 6
4 47
4 17
4 44
4 46
4 2
4 35
4 7
31
5 28
5 38
5 14
5 35
5 7
5 33
5 47
5 46
5 2
5 19
5 3
5 39
5 16
5 4
5 30
5 44
5 0
5 25
5 9
5 45
5 36
5 40
5 32
5 48
5 18
5 42
5 1
5 15
5 26
5 43
5 8
24
6 7
6 8
6 40
6 39
6 0
6 13
6 17
6 42
6 45
6 1
6 19
6 21
6 38
6 29
6 10
6 37
6 15
6 31
6 32
6 23
6 49
6 14
6 33
6 11
15
7 45
7 40
7 16
7 2
7 49
7 43
7 33
7 38
7 22
7 23
7 11
7 9
7 19
7 29
7 1
16
8 22
8 49
8 0
8 47
8 24
8 29
8 21
8 32
8 45
8 10
8 44
8 27
8 35
8 3
8 31
8 38
21
9 35
9 16
9 10
9 21
9 0
9 43
9 41
9 29
9 31
9 47
9 26
9 18
9 13
9 30
9 36
9 8
9 22
9 6
9 34
9 37
9 1
20
10 40
10 33
10 29
10 35
10 5
10 19
10 25
10 0
10 7
10 11
10 2
10 49
10 21
10 45
10 30
10 1
10 13
10 22
10 36
10 34
16
11 3
11 26
11 42
11 40
11 14
11 33
11 29
11 45
11 49
11 5
11 48
11 28
11 35
11 23
11 22
11 36
24
12 26
12 3
12 42
12 39
12 7
12 13
12 21
12 10
12 6
12 38
12 18
12 17
12 2
12 0
12 4
12 43
12 20
12 8
12 37
12 36
12 30
12 9
12 11
12 41
14
13 7
13 1
13 22
13 49
13 24
13 5
13 42
13 2
13 37
13 33
13 30
13 4
13 16
13 41
22
14 40
14 47
14 38
14 42
14 19
14 10
14 22
14 41
14 44
14 12
14 1
14 36
14 33
14 4
14 21
14 34
14 8
14 24
14 43
14 30
14 3
14 2
17
15 32
15 17
15 45
15 16
15 41
15 26
15 31
15 9
15 10
15 7
15 42
15 24
15 35
15 3
15 19
15 14
15 18
21
16 39
16 23
16 30
16 48
16 25
16 35
16 14
16 34
16 28
16 38
16 24
16 29
16 12
16 10
16 3
16 31
16 36
16 0
16 6
16 2
16 44
22
17 33
17 48
17 42
17 22
17 23
17 14
17 16
17 28
17 8
17 32
17 46
17 26
17 2
17 9
17 24
17 25
17 21
17 20
17 45
17 0
17 36
17 27
21
18 17
18 35
18 8
18 42
18 48
18 11
18 1
18 26
18 16
18 27
18 14
18 13
18 0
18 28
18 22
18 24
18 33
18 47
18 4
18 20
18 10
17
19 25
19 8
19 42
19 43
19 48
19 11
19 35
19 45
19 18
19 49
19 1
19 37
19 34
19 22
19 39
19 20
19 31
17
20 6
20 30
20 14
20 9
20 11
20 2
20 27
20 13
20 38
20 5
20 48
20 41
20 29
20 0
20 28
20 24
20 26
21
21 39
21 1
21 29
21 25
21 32
21 19
21 33
21 30
21 31
21 13
21 49
21 5
21 42
21 22
21 16
21 37
21 23
21 28
21 11
21 0
21 7
11
22 47
22 5
22 32
22 16
22 35
22 12
22 1
22 2
22 25
22 37
22 40
19
23 18
23 28
23 22
23 47
23 2
23 38
23 5
23 20
23 13
23 44
23 0
23 14
23 15
23 42
23 34
23 49
23 43
23 29
23 8
24
24 49
24 26
24 19
24 12
24 29
24 28
24 21
24 23
24 7
24 4
24 27
24 32
24 3
24 36
24 10
24 25
24 47
24 31
24 39
24 40
24 2
24 22
24 41
24 9
19
25 38
25 6
25 15
25 7
25 31
25 20
25 47
25 18
25 42
25 29
25 3
25 44
25 14
25 4
25 23
25 13
25 1
25 12
25 8
23
26 25
26 10
26 29
26 6
26 47
26 23
26 32
26 14
26 37
26 8
26 38
26 43
26 31
26 49
26 4
26 48
26 22
26 3
26 28
26 33
26 7
26 0
26 19
24
27 7
27 5
27 10
27 33
27 37
27 25
27 19
27 6
27 11
27 45
27 4
27 9
27 47
27 36
27 26
27 14
27 46
27 21
27 12
27 41
27 2
27 38
27 34
27 31
18
28 27
28 40
28 45
28 34
28 15
28 2
28 30
28 8
28 31
28 6
28 42
28 1
28 10
28 4
28 38
28 36
28 25
28 19
24
29 38
29 35
29 43
29 1
29 41
29 13
29 14
29 18
29 28
29 12
29 33
29 45
29 17
29 0
29 49
29 4
29 5
29 48
29 22
29 19
29 47
29 15
29 32
29 39
20
30 32
30 36
30 33
30 27
30 39
30 25
30 17
30 2
30 18
30 22
30 26
30 3
30 49
30 29
30 37
30 24
30 38
30 45
30 48
30 7
12
31 46
31 32
31 17
31 12
31 42
31 38
31 30
31 11
31 1
31 20
31 13
31 44
18
32 11
32 2
32 44
32 19
32 28
32 18
32 10
32 34
32 25
32 45
32 42
32 7
32 20
32 39
32 35
32 13
32 23
32 37
18
33 20
33 31
33 19
33 3
33 25
33 44
33 41
33 12
33 22
33 48
33 42
33 28
33 39
33 38
33 4
33 8
33 43
33 9
22
34 47
34 15
34 38
34 40
34 13
34 21
34 41
34 20
34 12
34 2
34 24
34 22
34 42
34 7
34 26
34 17
34 29
34 6
34 37
34 8
34 5
34 49
13
35 40
35 41
35 23
35 28
35 45
35 43
35 3
35 31
35 27
35 13
35 42
35 34
35 39
28
36 32
36 41
36 8
36 45
36 23
36 33
36 3
36 31
36 48
36 13
36 25
36 21
36 18
36 46
36 2
36 35
36 26
36 37
36 20
36 49
36 22
36 7
36 19
36 40
36 34
36 29
36 4
36 38
15
37 5
37 35
37 38
37 2
37 18
37 11
37 15
37 28
37 7
37 10
37 25
37 23
37 45
37 31
37 29
15
38 35
38 48
38 17
38 22
38 1
38 21
38 32
38 40
38 46
38 4
38 19
38 15
38 0
38 9
38 24
19
39 37
39 1
39 46
39 7
39 34
39 11
39 49
39 27
39 0
39 17
39 40
39 44
39 14
39 41
39 38
39 13
39 45
39 15
39 28
20
40 43
40 30
40 19
40 26
40 16
40 13
40 32
40 15
40 42
40 0
40 12
40 1
40 9
40 25
40 37
40 31
40 45
40 18
40 49
40 21
20
41 48
41 40
41 30
41 7
41 16
41 18
41 38
41 42
41 28
41 5
41 26
41 31
41 17
41 6
41 37
41 32
41 10
41 1
41 23
41 11
17
42 8
42 44
42 24
42 36
42 37
42 27
42 49
42 48
42 3
42 4
42 43
42 29
42 38
42 22
42 10
42 39
42 7
22
43 4
43 17
43 25
43 37
43 16
43 1
43 20
43 22
43 0
43 28
43 31
43 13
43 41
43 39
43 45
43 21
43 3
43 32
43 15
43 27
43 10
43 36
20
44 1
44 30
44 43
44 26
44 48
44 47
44 13
44 0
44 28
44 36
44 38
44 35
44 12
44 9
44 27
44 19
44 40
44 11
44 37
44 20
15
45 31
45 26
45 38
45 9
45 21
45 42
45 18
45 41
45 33
45 48
45 20
45 12
45 24
45 2
45 44
27
46 2
46 26
46 37
46 21
46 13
46 45
46 14
46 11
46 43
46 41
46 22
46 49
46 32
46 42
46 34
46 1
46 7
46 35
46 16
46 10
46 15
46 25
46 28
46 30
46 6
46 12
46 20
15
47 42
47 41
47 17
47 33
47 13
47 30
47 6
47 43
47 28
47 39
47 15
47 10
47 31
47 12
47 45
22
48 28
48 37
48 2
48 9
48 46
48 25
48 31
48 10
48 27
48 13
48 47
48 14
48 35
48 32
48 1
48 39
48 8
48 23
48 12
48 15
48 4
48 40
19
49 2
49 14
49 48
49 43
49 12
49 33
49 25
49 32
49 18
49 9
49 27
49 15
49 1
49 31
49 41
49 0
49 5
49 22
49 17
