50
0 "A5"
1 "A11"
2 "A33"
3 "A46"
4 "A38"
5 "A37"
6 "A8"
7 "A18"
8 "A23"
9 "A26"
10 "A28"
11 "A44"
12 "A2"
13 "A31"
14 "A15"
15 "A17"
16 "A25"
17 "A7"
18 "A12"
19 "A41"
20 "A3"
21 "A9"
22 "A27"
23 "A29"
24 "A32"
25 "A24"
26 "A43"
27 "A13"
28 "A34"
29 "A30"
30 "A47"
31 "A20"
32 "A39"
33 "A35"
34 "A0"
35 "A16"
36 "A49"
37 "A36"
38 "A45"
39 "A4"
40 "A1"
41 "A40"
42 "A6"
43 "A14"
44 "A42"
45 "A22"
46 "A21"
47 "A48"
48 "A10"
49 "A19"
14
0 25
0 15
0 22
0 46
0 44
0 6
0 34
0 17
0 13
0 29
0 35
0 36
0 39
0 9
20
1 44
1 11
1 25
1 30
1 0
1 12
1 33
1 26
1 3
1 22
1 4
1 39
1 45
1 34
1 15
1 14
1 38
1 42
1 8
1 41
23
2 6
2 24
2 41
2 21
2 48
2 0
2 12
2 36
2 35
2 10
2 46
2 13
2 43
2 7
2 15
2 17
2 11
2 1
2 16
2 40
2 34
2 28
2 27
16
3 38
3 49
3 47
3 11
3 22
3 46
3 27
3 5
3 28
3 32
3 42
3 9
3 17
3 16
3 23
3 40
19
4 46
4 17
4 26
4 45
4 3
4 0
4 14
4 18
4 33
4 49
4 11
4 7
4 34
4 21
4 43
4 36
4 2
4 31
4 10
20
5 47
5 44
5 39
5 1
5 30
5 36
5 20
5 40
5 10
5 26
5 32
5 18
5 46
5 49
5 4
5 0
5 6
5 35
5 14
5 19
17
6 7
6 38
6 23
6 33
6 43
6 47
6 40
6 15
6 45
6 1
6 25
6 10
6 21
6 24
6 16
6 44
6 18
18
7 19
7 44
7 47
7 9
7 22
7 40
7 48
7 33
7 1
7 29
7 15
7 10
7 41
7 28
7 30
7 34
7 18
7 36
25
8 30
8 13
8 6
8 27
8 25
8 20
8 45
8 17
8 18
8 0
8 35
8 47
8 16
8 38
8 46
8 19
8 39
8 32
8 41
8 24
8 22
8 36
8 5
8 42
8 48
16
9 18
9 8
9 35
9 48
9 22
9 32
9 17
9 47
9 27
9 1
9 36
9 33
9 21
9 11
9 6
9 31
27
10 17
10 44
10 18
10 33
10 41
10 35
10 34
10 22
10 37
10 19
10 25
10 23
10 27
10 1
10 40
10 45
10 36
10 42
10 9
10 26
10 28
10 47
10 30
10 20
10 8
10 13
10 3
20
11 0
11 13
11 15
11 46
11 40
11 12
11 6
11 44
11 28
11 43
11 8
11 41
11 10
11 7
11 26
11 18
11 5
11 25
11 27
11 48
21
12 7
12 3
12 24
12 28
12 5
12 17
12 8
12 34
12 44
12 41
12 46
12 33
12 39
12 9
12 25
12 27
12 32
12 31
12 13
12 23
12 43
18
13 15
13 42
13 46
13 18
13 26
13 35
13 4
13 23
13 1
13 5
13 17
13 37
13 31
13 45
13 9
13 28
13 33
13 6
24
14 6
14 28
14 21
14 7
14 24
14 2
14 46
14 10
14 11
14 30
14 38
14 32
14 22
14 8
14 12
14 13
14 19
14 9
14 45
14 23
14 3
14 42
14 47
14 36
18
15 17
15 37
15 42
15 30
15 36
15 8
15 3
15 24
15 19
15 14
15 25
15 44
15 33
15 23
15 9
15 10
15 29
15 35
25
16 13
16 26
16 1
16 28
16 47
16 41
16 44
16 31
16 24
16 10
16 4
16 32
16 39
16 20
16 9
16 40
16 17
16 46
16 12
16 23
16 11
16 5
16 48
16 0
16 22
20
17 5
17 36
17 32
17 43
17 44
17 14
17 21
17 22
17 7
17 6
17 28
17 1
17 26
17 37
17 19
17 23
17 48
17 24
17 31
17 20
13
18 17
18 0
18 49
18 29
18 20
18 48
18 16
18 47
18 42
18 43
18 2
18 38
18 12
23
19 18
19 9
19 4
19 27
19 20
19 45
19 34
19 44
19 3
19 46
19 41
19 21
19 29
19 35
19 11
19 31
19 0
19 25
19 23
19 6
19 43
19 48
19 49
26
20 6
20 12
20 23
20 7
20 14
20 43
20 9
20 0
20 11
20 38
20 49
20 39
20 13
20 21
20 2
20 32
20 29
20 30
20 27
20 28
20 3
20 37
20 1
20 44
20 33
20 24
19
21 31
21 1
21 7
21 30
21 10
21 11
21 27
21 3
21 18
21 5
21 0
21 25
21 13
21 26
21 8
21 16
21 46
21 29
21 28
16
22 26
22 48
22 12
22 33
22 30
22 5
22 28
22 44
22 21
22 34
22 49
22 2
22 45
22 6
22 20
22 15
19
23 1
23 21
23 8
23 33
23 18
23 22
23 7
23 11
23 49
23 46
23 42
23 40
23 2
23 36
23 5
23 0
23 45
23 34
23 39
22
24 19
24 41
24 28
24 18
24 11
24 4
24 0
24 23
24 25
24 47
24 32
24 10
24 5
24 44
24 33
24 39
24 13
24 35
24 21
24 49
24 26
24 43
19
25 32
25 36
25 18
25 9
25 14
25 4
25 7
25 34
25 16
25 23
25 22
25 39
25 13
25 20
25 38
25 2
25 5
25 47
25 45
24
26 33
26 15
26 28
26 12
26 14
26 6
26 31
26 37
26 19
26 25
26 30
26 20
26 3
26 18
26 48
26 39
26 49
26 2
26 0
26 47
26 42
26 8
26 27
26 9
23
27 37
27 0
27 38
27 18
27 40
27 6
27 4
27 31
27 15
27 7
27 36
27 13
27 16
27 41
27 17
27 23
27 46
27 42
27 5
27 25
27 48
27 1
27 28
12
28 4
28 23
28 15
28 43
28 45
28 19
28 49
28 8
28 35
28 31
28 9
28 44
19
29 26
29 5
29 48
29 11
29 45
29 4
29 12
29 38
29 44
29 47
29 42
29 1
29 13
29 10
29 46
29 34
29 2
29 22
29 17
21
30 28
30 37
30 34
30 4
30 29
30 3
30 2
30 47
30 6
30 25
30 23
30 19
30 27
30 9
30 24
30 18
30 43
30 32
30 11
30 41
30 45
20
31 30
31 14
31 24
31 25
31 6
31 44
31 7
31 11
31 29
31 18
31 8
31 41
31 35
31 1
31 3
31 37
31 15
31 20
31 36
31 23
20
32 36
32 45
32 13
32 28
32 1
32 0
32 11
32 47
32 31
32 4
32 21
32 18
32 23
32 43
32 15
32 42
32 10
32 2
32 46
32 35
18
33 19
33 46
33 49
33 40
33 11
33 16
33 35
33 27
33 14
33 25
33 2
33 38
33 28
33 32
33 18
33 30
33 31
33 3
16
34 27
34 38
34 6
34 15
34 33
34 42
34 43
34 26
34 5
34 24
34 21
34 31
34 8
34 32
34 37
34 18
17
35 11
35 40
35 21
35 16
35 18
35 45
35 38
35 25
35 34
35 37
35 27
35 30
35 29
35 42
35 49
35 3
35 1
20
36 21
36 42
36 29
36 35
36 6
36 30
36 44
36 1
36 28
36 20
36 11
36 13
36 26
36 18
36 34
36 38
36 37
36 22
36 16
36 3
19
37 11
37 28
37 3
37 33
37 32
37 12
37 47
37 18
37 9
37 29
37 25
37 14
37 45
37 4
37 19
37 48
37 6
37 38
37 8
24
38 13
38 44
38 11
38 12
38 19
38 31
38 7
38 2
38 40
38 47
38 21
38 16
38 22
38 30
38 32
38 48
38 26
38 15
38 23
38 24
38 39
38 10
38 4
38 9
20
39 7
39 2
39 15
39 48
39 17
39 21
39 6
39 34
39 22
39 18
39 3
39 44
39 9
39 27
39 45
39 33
39 35
39 14
39 32
39 13
21
40 25
40 42
40 13
40 47
40 0
40 21
40 17
40 19
40 39
40 45
40 12
40 14
40 46
40 8
40 29
40 36
40 26
40 30
40 32
40 4
40 43
23
41 23
41 38
41 46
41 32
41 43
41 14
41 34
41 40
41 20
41 13
41 0
41 36
41 15
41 21
41 44
41 42
41 22
41 35
41 17
41 3
41 25
41 28
41 26
17
42 11
42 49
42 43
42 6
42 46
42 21
42 39
42 17
42 0
42 38
42 25
42 28
42 20
42 16
42 22
42 12
42 33
19
43 49
43 15
43 48
43 25
43 16
43 36
43 33
43 26
43 5
43 10
43 23
43 31
43 14
43 39
43 9
43 27
43 37
43 13
43 3
20
44 2
44 23
44 33
44 40
44 49
44 30
44 26
44 42
44 14
44 27
44 43
44 9
44 8
44 35
44 13
44 32
44 25
44 48
44 34
44 3
16
45 17
45 20
45 2
45 11
45 5
45 12
45 48
45 9
45 34
45 33
45 36
45 41
45 15
45 26
45 16
45 43
19
46 25
46 38
46 10
46 22
46 31
46 20
46 1
46 7
46 9
46 18
46 37
46 17
46 34
46 6
46 35
46 28
46 49
46 44
46 30
17
47 22
47 36
47 42
47 31
47 45
47 12
47 11
47 33
47 23
47 43
47 20
47 41
47 13
47 28
47 2
47 39
47 15
18
48 23
48 46
48 41
48 32
48 47
48 36
48 42
48 12
48 3
48 35
48 15
48 21
48 28
48 10
48 13
48 6
48 5
48 34
19
49 9
49 10
49 48
49 17
49 12
49 1
49 30
49 0
49 37
49 13
49 29
49 40
49 11
49 31
49 41
49 15
49 36
49 34
49 7
