50
0 "A5"
1 "A11"
2 "A33"
3 "A46"
4 "A38"
5 "A37"
6 "A8"
7 "A18"
8 "A23"
9 "A26"
10 "A28"
11 "A44"
12 "A2"
13 "A31"
14 "A15"
15 "A17"
16 "A25"
17 "A7"
18 "A12"
19 "A41"
20 "A3"
21 "A9"
22 "A27"
23 "A29"
24 "A32"
25 "A24"
26 "A43"
27 "A13"
28 "A34"
29 "A30"
30 "A47"
31 "A20"
32 "A39"
33 "A35"
34 "A0"
35 "A16"
36 "A49"
37 "A36"
38 "A45"
39 "A4"
40 "A1"
41 "A40"
42 "A6"
43 "A14"
44 "A42"
45 "A22"
46 "A21"
47 "A48"
48 "A10"
49 "A19"
16
0 22
0 34
0 32
0 29
0 11
0 16
0 43
0 33
0 36
0 42
0 38
0 20
0 27
0 14
0 49
0 10
27
1 35
1 20
1 38
1 16
1 14
1 9
1 32
1 4
1 21
1 33
1 42
1 41
1 43
1 49
1 46
1 27
1 6
1 2
1 24
1 26
1 8
1 28
1 12
1 31
1 5
1 25
1 13
14
2 41
2 0
2 10
2 15
2 14
2 19
2 27
2 5
2 20
2 21
2 6
2 9
2 11
2 31
18
3 46
3 30
3 29
3 31
3 10
3 5
3 37
3 18
3 38
3 2
3 39
3 49
3 23
3 35
3 36
3 20
3 26
3 9
13
4 10
4 38
4 34
4 18
4 22
4 35
4 2
4 32
4 28
4 16
4 49
4 8
4 25
23
5 7
5 24
5 46
5 37
5 40
5 34
5 31
5 27
5 19
5 6
5 12
5 38
5 41
5 22
5 45
5 18
5 14
5 8
5 43
5 17
5 4
5 16
5 20
22
6 40
6 8
6 19
6 31
6 4
6 26
6 27
6 13
6 29
6 43
6 23
6 46
6 18
6 11
6 10
6 0
6 32
6 34
6 38
6 25
6 20
6 37
22
7 19
7 34
7 0
7 17
7 6
7 27
7 43
7 2
7 29
7 45
7 40
7 38
7 26
7 23
7 35
7 4
7 20
7 14
7 31
7 49
7 18
7 12
21
8 43
8 27
8 46
8 40
8 48
8 15
8 3
8 10
8 34
8 24
8 22
8 44
8 30
8 20
8 11
8 2
8 7
8 42
8 18
8 29
8 32
20
9 31
9 4
9 34
9 22
9 24
9 30
9 42
9 33
9 5
9 18
9 16
9 8
9 37
9 23
9 7
9 25
9 46
9 29
9 32
9 20
21
10 37
10 42
10 5
10 34
10 22
10 19
10 47
10 28
10 26
10 46
10 36
10 41
10 16
10 24
10 20
10 32
10 30
10 7
10 1
10 13
10 33
18
11 13
11 48
11 12
11 41
11 39
11 45
11 32
11 27
11 44
11 23
11 15
11 24
11 5
11 49
11 3
11 31
11 7
11 9
21
12 4
12 3
12 30
12 8
12 48
12 33
12 45
12 46
12 22
12 10
12 35
12 24
12 28
12 37
12 27
12 14
12 15
12 20
12 2
12 0
12 47
23
13 42
13 31
13 39
13 43
13 4
13 35
13 41
13 7
13 12
13 22
13 44
13 37
13 5
13 8
13 18
13 27
13 3
13 2
13 47
13 36
13 40
13 46
13 21
24
14 20
14 44
14 4
14 30
14 28
14 24
14 3
14 16
14 32
14 46
14 19
14 13
14 26
14 29
14 9
14 6
14 37
14 36
14 31
14 15
14 41
14 23
14 38
14 11
20
15 47
15 9
15 27
15 32
15 49
15 5
15 16
15 1
15 28
15 45
15 7
15 0
15 37
15 4
15 36
15 20
15 26
15 38
15 3
15 33
16
16 32
16 41
16 39
16 36
16 18
16 27
16 3
16 48
16 38
16 37
16 11
16 17
16 22
16 2
16 46
16 44
23
17 10
17 13
17 6
17 26
17 41
17 14
17 42
17 23
17 9
17 47
17 4
17 8
17 45
17 44
17 0
17 35
17 11
17 12
17 22
17 2
17 3
17 43
17 1
16
18 36
18 21
18 35
18 12
18 37
18 19
18 10
18 45
18 27
18 17
18 49
18 11
18 1
18 39
18 22
18 47
21
19 45
19 13
19 12
19 22
19 35
19 31
19 26
19 9
19 48
19 25
19 16
19 43
19 37
19 38
19 42
19 17
19 21
19 4
19 11
19 3
19 0
18
20 32
20 47
20 13
20 27
20 31
20 46
20 17
20 11
20 30
20 41
20 35
20 48
20 43
20 34
20 22
20 4
20 24
20 18
23
21 41
21 11
21 22
21 26
21 0
21 38
21 23
21 15
21 30
21 4
21 39
21 16
21 14
21 37
21 40
21 6
21 12
21 47
21 35
21 10
21 8
21 46
21 48
17
22 11
22 33
22 25
22 39
22 7
22 1
22 2
22 31
22 49
22 32
22 6
22 28
22 40
22 36
22 29
22 14
22 26
22
23 28
23 40
23 1
23 12
23 16
23 43
23 27
23 45
23 37
23 30
23 44
23 29
23 20
23 0
23 26
23 42
23 15
23 22
23 4
23 13
23 33
23 8
18
24 15
24 38
24 13
24 44
24 6
24 2
24 36
24 30
24 43
24 21
24 18
24 40
24 37
24 33
24 45
24 17
24 23
24 19
21
25 8
25 32
25 18
25 45
25 14
25 23
25 37
25 5
25 28
25 33
25 10
25 24
25 7
25 13
25 42
25 41
25 15
25 17
25 0
25 20
25 35
21
26 4
26 2
26 43
26 29
26 13
26 44
26 40
26 18
26 31
26 49
26 45
26 32
26 38
26 37
26 12
26 0
26 16
26 48
26 9
26 28
26 30
17
27 28
27 30
27 19
27 22
27 32
27 17
27 25
27 4
27 35
27 10
27 29
27 49
27 24
27 44
27 37
27 38
27 21
19
28 35
28 33
28 9
28 0
28 5
28 46
28 18
28 16
28 13
28 36
28 45
28 3
28 17
28 6
28 2
28 48
28 8
28 21
28 41
21
29 40
29 45
29 28
29 46
29 42
29 10
29 13
29 5
29 16
29 30
29 15
29 31
29 1
29 37
29 11
29 48
29 21
29 39
29 17
29 24
29 49
17
30 7
30 16
30 48
30 43
30 19
30 5
30 1
30 4
30 0
30 36
30 11
30 40
30 22
30 28
30 39
30 31
30 25
16
31 12
31 16
31 8
31 4
31 24
31 47
31 23
31 49
31 15
31 42
31 44
31 45
31 0
31 28
31 21
31 33
12
32 2
32 28
32 30
32 17
32 12
32 18
32 37
32 46
32 40
32 39
32 31
32 13
20
33 8
33 2
33 6
33 43
33 13
33 14
33 49
33 11
33 4
33 7
33 46
33 20
33 38
33 17
33 32
33 18
33 3
33 35
33 16
33 21
22
34 11
34 29
34 23
34 47
34 32
34 33
34 21
34 35
34 49
34 18
34 44
34 19
34 41
34 39
34 28
34 13
34 3
34 15
34 22
34 25
34 17
34 12
18
35 14
35 11
35 0
35 42
35 26
35 31
35 47
35 30
35 24
35 41
35 10
35 32
35 44
35 22
35 8
35 16
35 37
35 43
19
36 49
36 21
36 23
36 38
36 4
36 6
36 8
36 12
36 32
36 41
36 1
36 33
36 47
36 35
36 44
36 27
36 45
36 31
36 7
11
37 31
37 39
37 33
37 4
37 2
37 36
37 1
37 11
37 8
37 34
37 7
23
38 49
38 23
38 37
38 13
38 10
38 9
38 25
38 11
38 48
38 35
38 45
38 30
38 44
38 39
38 40
38 8
38 22
38 31
38 29
38 18
38 43
38 47
38 12
24
39 42
39 0
39 24
39 26
39 23
39 25
39 36
39 14
39 28
39 19
39 15
39 44
39 27
39 7
39 33
39 40
39 12
39 17
39 20
39 5
39 43
39 2
39 46
39 1
23
40 37
40 3
40 11
40 42
40 4
40 25
40 15
40 41
40 35
40 44
40 2
40 34
40 31
40 16
40 1
40 27
40 28
40 45
40 12
40 17
40 9
40 48
40 36
21
41 19
41 39
41 48
41 12
41 26
41 32
41 44
41 18
41 23
41 15
41 37
41 38
41 24
41 4
41 8
41 29
41 3
41 6
41 9
41 33
41 49
20
42 47
42 36
42 3
42 14
42 43
42 33
42 15
42 46
42 41
42 21
42 12
42 34
42 7
42 44
42 49
42 2
42 22
42 11
42 27
42 26
18
43 2
43 28
43 21
43 40
43 27
43 11
43 32
43 25
43 14
43 10
43 3
43 46
43 31
43 15
43 29
43 41
43 36
43 22
20
44 49
44 0
44 47
44 25
44 43
44 12
44 22
44 7
44 37
44 20
44 33
44 9
44 5
44 32
44 45
44 21
44 4
44 19
44 48
44 15
18
45 4
45 41
45 34
45 14
45 43
45 42
45 3
45 0
45 35
45 16
45 6
45 21
45 48
45 9
45 8
45 1
45 49
45 13
20
46 17
46 35
46 48
46 22
46 47
46 40
46 31
46 4
46 44
46 41
46 25
46 18
46 37
46 7
46 38
46 34
46 30
46 45
46 26
46 24
19
47 1
47 37
47 19
47 27
47 8
47 11
47 32
47 43
47 33
47 29
47 26
47 24
47 0
47 4
47 14
47 22
47 23
47 28
47 9
23
48 5
48 0
48 14
48 27
48 17
48 3
48 31
48 24
48 37
48 18
48 42
48 49
48 6
48 32
48 22
48 2
48 15
48 7
48 10
48 36
48 9
48 34
48 4
20
49 32
49 28
49 16
49 30
49 23
49 17
49 2
49 5
49 8
49 14
49 39
49 35
49 6
49 13
49 21
49 25
49 20
49 9
49 37
49 46
