50
0 "A27"
1 "A9"
2 "A36"
3 "A34"
4 "A44"
5 "A26"
6 "A19"
7 "A1"
8 "A24"
9 "A31"
10 "A22"
11 "A15"
12 "A25"
13 "A39"
14 "A46"
15 "A17"
16 "A21"
17 "A49"
18 "A2"
19 "A5"
20 "A41"
21 "A40"
22 "A45"
23 "A37"
24 "A14"
25 "A28"
26 "A43"
27 "A16"
28 "A48"
29 "A32"
30 "A8"
31 "A29"
32 "A11"
33 "A38"
34 "A0"
35 "A3"
36 "A33"
37 "A35"
38 "A13"
39 "A23"
40 "A47"
41 "A42"
42 "A12"
43 "A10"
44 "A18"
45 "A20"
46 "A7"
47 "A4"
48 "A6"
49 "A30"
18
0 47
0 44
0 23
0 10
0 16
0 5
0 4
0 48
0 24
0 15
0 27
0 25
0 18
0 31
0 13
0 28
0 7
0 3
23
1 26
1 39
1 38
1 45
1 13
1 43
1 24
1 49
1 2
1 0
1 36
1 47
1 22
1 40
1 7
1 10
1 41
1 28
1 21
1 25
1 11
1 9
1 42
20
2 47
2 24
2 8
2 29
2 49
2 0
2 48
2 31
2 17
2 25
2 30
2 45
2 44
2 38
2 7
2 12
2 42
2 11
2 10
2 6
20
3 18
3 33
3 10
3 14
3 6
3 1
3 37
3 40
3 46
3 23
3 29
3 49
3 2
3 34
3 15
3 47
3 42
3 11
3 9
3 38
22
4 41
4 11
4 39
4 33
4 20
4 5
4 14
4 13
4 7
4 16
4 38
4 2
4 35
4 29
4 9
4 15
4 45
4 48
4 1
4 49
4 19
4 30
23
5 6
5 2
5 7
5 49
5 13
5 8
5 16
5 3
5 34
5 36
5 12
5 9
5 14
5 48
5 46
5 1
5 21
5 43
5 38
5 32
5 28
5 42
5 26
16
6 22
6 21
6 35
6 11
6 13
6 38
6 4
6 39
6 19
6 10
6 14
6 8
6 0
6 37
6 1
6 24
19
7 20
7 33
7 35
7 6
7 13
7 40
7 21
7 42
7 19
7 44
7 28
7 8
7 48
7 45
7 34
7 32
7 41
7 47
7 17
17
8 0
8 15
8 45
8 49
8 19
8 28
8 32
8 41
8 14
8 39
8 27
8 22
8 16
8 44
8 23
8 9
8 4
13
9 20
9 0
9 6
9 2
9 39
9 46
9 44
9 42
9 49
9 41
9 43
9 34
9 37
19
10 49
10 32
10 12
10 34
10 21
10 23
10 5
10 9
10 35
10 27
10 48
10 15
10 8
10 25
10 16
10 40
10 45
10 17
10 37
21
11 0
11 38
11 26
11 8
11 27
11 17
11 18
11 9
11 23
11 41
11 36
11 25
11 39
11 29
11 12
11 37
11 49
11 34
11 10
11 24
11 42
18
12 43
12 42
12 9
12 1
12 48
12 25
12 6
12 29
12 28
12 46
12 0
12 18
12 13
12 26
12 35
12 39
12 33
12 47
16
13 8
13 10
13 2
13 25
13 14
13 27
13 31
13 33
13 29
13 40
13 11
13 9
13 41
13 30
13 48
13 26
21
14 31
14 24
14 10
14 9
14 11
14 42
14 21
14 0
14 19
14 23
14 2
14 16
14 49
14 39
14 32
14 38
14 45
14 43
14 36
14 29
14 22
21
15 1
15 36
15 19
15 41
15 44
15 9
15 7
15 38
15 25
15 42
15 39
15 6
15 22
15 14
15 11
15 17
15 34
15 5
15 37
15 32
15 13
26
16 46
16 25
16 30
16 12
16 45
16 20
16 6
16 24
16 44
16 38
16 23
16 1
16 35
16 28
16 15
16 2
16 11
16 13
16 47
16 31
16 22
16 39
16 9
16 7
16 42
16 33
16
17 8
17 38
17 36
17 16
17 42
17 12
17 49
17 6
17 9
17 45
17 27
17 4
17 43
17 25
17 28
17 40
18
18 21
18 40
18 46
18 24
18 2
18 31
18 9
18 37
18 25
18 4
18 13
18 16
18 6
18 10
18 5
18 19
18 7
18 35
17
19 11
19 9
19 1
19 17
19 33
19 5
19 20
19 46
19 10
19 38
19 16
19 0
19 30
19 49
19 45
19 35
19 12
21
20 5
20 43
20 31
20 15
20 0
20 24
20 10
20 13
20 3
20 48
20 39
20 35
20 2
20 18
20 38
20 34
20 8
20 47
20 23
20 17
20 26
24
21 37
21 9
21 36
21 13
21 3
21 31
21 16
21 2
21 20
21 32
21 44
21 25
21 48
21 30
21 17
21 40
21 28
21 35
21 39
21 0
21 38
21 23
21 27
21 46
19
22 13
22 2
22 48
22 7
22 26
22 0
22 23
22 11
22 41
22 33
22 46
22 4
22 40
22 17
22 3
22 18
22 30
22 36
22 5
24
23 5
23 37
23 40
23 13
23 33
23 27
23 17
23 26
23 9
23 39
23 25
23 4
23 31
23 18
23 19
23 34
23 24
23 30
23 2
23 1
23 45
23 6
23 42
23 47
24
24 19
24 43
24 10
24 21
24 29
24 33
24 37
24 47
24 4
24 5
24 31
24 34
24 15
24 3
24 42
24 48
24 8
24 35
24 27
24 9
24 28
24 7
24 44
24 26
16
25 3
25 20
25 35
25 43
25 6
25 24
25 26
25 4
25 41
25 5
25 14
25 32
25 40
25 42
25 46
25 38
15
26 37
26 35
26 14
26 39
26 19
26 41
26 21
26 6
26 48
26 8
26 3
26 0
26 7
26 9
26 34
23
27 35
27 20
27 49
27 28
27 1
27 14
27 7
27 32
27 46
27 15
27 39
27 42
27 22
27 45
27 47
27 19
27 4
27 34
27 9
27 2
27 12
27 25
27 6
17
28 38
28 22
28 11
28 3
28 20
28 19
28 15
28 33
28 30
28 35
28 25
28 39
28 26
28 48
28 45
28 23
28 49
19
29 9
29 20
29 38
29 40
29 8
29 48
29 10
29 1
29 5
29 19
29 34
29 31
29 23
29 17
29 16
29 43
29 25
29 27
29 7
18
30 20
30 1
30 47
30 10
30 0
30 42
30 29
30 14
30 11
30 25
30 27
30 8
30 46
30 17
30 26
30 45
30 18
30 12
18
31 28
31 26
31 38
31 7
31 15
31 19
31 27
31 12
31 17
31 3
31 33
31 1
31 11
31 35
31 48
31 22
31 8
31 6
21
32 45
32 2
32 20
32 31
32 6
32 0
32 3
32 9
32 18
32 16
32 30
32 23
32 4
32 19
32 1
32 34
32 12
32 36
32 11
32 22
32 24
21
33 37
33 32
33 15
33 44
33 35
33 18
33 36
33 38
33 29
33 2
33 49
33 17
33 46
33 27
33 45
33 14
33 26
33 48
33 21
33 9
33 41
23
34 17
34 25
34 22
34 0
34 48
34 30
34 21
34 19
34 8
34 41
34 40
34 12
34 13
34 44
34 37
34 6
34 31
34 43
34 4
34 18
34 28
34 33
34 14
17
35 29
35 40
35 46
35 2
35 48
35 17
35 1
35 49
35 22
35 39
35 15
35 30
35 13
35 37
35 11
35 43
35 9
21
36 34
36 0
36 29
36 44
36 49
36 2
36 30
36 43
36 8
36 35
36 37
36 6
36 9
36 18
36 24
36 28
36 38
36 19
36 4
36 26
36 20
19
37 29
37 13
37 42
37 16
37 5
37 25
37 38
37 47
37 30
37 1
37 8
37 22
37 14
37 32
37 19
37 27
37 12
37 41
37 17
13
38 23
38 27
38 13
38 12
38 26
38 34
38 43
38 30
38 35
38 39
38 0
38 7
38 40
18
39 45
39 22
39 18
39 47
39 29
39 0
39 37
39 25
39 42
39 33
39 17
39 7
39 36
39 13
39 10
39 24
39 19
39 46
20
40 9
40 14
40 45
40 47
40 32
40 20
40 19
40 39
40 12
40 24
40 36
40 41
40 33
40 43
40 6
40 15
40 37
40 48
40 2
40 30
22
41 5
41 18
41 28
41 24
41 2
41 19
41 30
41 14
41 16
41 12
41 35
41 20
41 29
41 10
41 36
41 0
41 21
41 3
41 48
41 17
41 32
41 46
20
42 21
42 22
42 36
42 29
42 19
42 34
42 35
42 4
42 31
42 40
42 8
42 20
42 46
42 18
42 6
42 47
42 48
42 28
42 0
42 10
24
43 2
43 10
43 19
43 26
43 48
43 30
43 22
43 42
43 13
43 0
43 27
43 32
43 45
43 4
43 49
43 44
43 11
43 39
43 8
43 37
43 7
43 6
43 23
43 21
23
44 5
44 39
44 20
44 12
44 25
44 4
44 37
44 41
44 14
44 26
44 30
44 28
44 6
44 31
44 27
44 40
44 45
44 18
44 17
44 19
44 32
44 35
44 11
16
45 11
45 21
45 12
45 35
45 31
45 3
45 36
45 24
45 41
45 48
45 22
45 5
45 9
45 37
45 42
45 0
19
46 48
46 37
46 23
46 1
46 0
46 2
46 15
46 17
46 14
46 26
46 6
46 36
46 4
46 34
46 43
46 11
46 7
46 38
46 47
22
47 31
47 41
47 34
47 8
47 4
47 22
47 13
47 9
47 11
47 5
47 14
47 21
47 15
47 17
47 25
47 44
47 18
47 36
47 10
47 6
47 19
47 26
17
48 49
48 30
48 3
48 32
48 27
48 17
48 23
48 6
48 19
48 1
48 39
48 25
48 16
48 36
48 15
48 14
48 47
22
49 16
49 22
49 46
49 40
49 18
49 21
49 12
49 47
49 31
49 38
49 7
49 6
49 15
49 25
49 37
49 34
49 39
49 20
49 24
49 30
49 41
49 26
