50
0 "A27"
1 "A9"
2 "A36"
3 "A34"
4 "A44"
5 "A26"
6 "A19"
7 "A1"
8 "A24"
9 "A31"
10 "A22"
11 "A15"
12 "A25"
13 "A39"
14 "A46"
15 "A17"
16 "A21"
17 "A49"
18 "A2"
19 "A5"
20 "A41"
21 "A40"
22 "A45"
23 "A37"
24 "A14"
25 "A28"
26 "A43"
27 "A16"
28 "A48"
29 "A32"
30 "A8"
31 "A29"
32 "A11"
33 "A38"
34 "A0"
35 "A3"
36 "A33"
37 "A35"
38 "A13"
39 "A23"
40 "A47"
41 "A42"
42 "A12"
43 "A10"
44 "A18"
45 "A20"
46 "A7"
47 "A4"
48 "A6"
49 "A30"
14
0 42
0 3
0 39
0 4
0 47
0 31
0 32
0 15
0 9
0 27
0 10
0 23
0 33
0 30
22
1 7
1 47
1 38
1 21
1 13
1 43
1 24
1 49
1 42
1 17
1 36
1 46
1 26
1 37
1 45
1 33
1 44
1 25
1 10
1 20
1 39
1 14
18
2 35
2 45
2 42
2 48
2 8
2 25
2 6
2 47
2 24
2 34
2 3
2 21
2 44
2 46
2 1
2 28
2 38
2 19
25
3 10
3 46
3 49
3 15
3 14
3 43
3 42
3 35
3 28
3 40
3 1
3 38
3 34
3 36
3 8
3 18
3 47
3 48
3 29
3 21
3 7
3 31
3 17
3 12
3 23
22
4 46
4 13
4 11
4 39
4 33
4 9
4 10
4 22
4 5
4 28
4 29
4 30
4 35
4 41
4 12
4 7
4 38
4 45
4 47
4 21
4 2
4 43
26
5 46
5 1
5 43
5 32
5 6
5 2
5 28
5 49
5 13
5 26
5 16
5 38
5 34
5 27
5 40
5 36
5 14
5 30
5 9
5 47
5 7
5 11
5 42
5 44
5 31
5 25
12
6 3
6 0
6 4
6 20
6 24
6 13
6 26
6 35
6 23
6 8
6 22
6 1
13
7 26
7 25
7 6
7 19
7 23
7 28
7 17
7 20
7 8
7 33
7 13
7 36
7 40
15
8 27
8 29
8 0
8 49
8 23
8 4
8 44
8 32
8 39
8 19
8 1
8 48
8 16
8 10
8 45
15
9 7
9 48
9 27
9 41
9 3
9 46
9 6
9 34
9 14
9 29
9 8
9 37
9 33
9 20
9 42
19
10 27
10 49
10 32
10 29
10 15
10 7
10 9
10 23
10 16
10 42
10 13
10 41
10 46
10 17
10 30
10 34
10 40
10 45
10 12
17
11 7
11 17
11 0
11 6
11 39
11 26
11 8
11 29
11 31
11 23
11 41
11 25
11 36
11 38
11 20
11 27
11 10
13
12 1
12 9
12 7
12 24
12 33
12 0
12 16
12 36
12 26
12 21
12 22
12 43
12 8
18
13 41
13 9
13 30
13 31
13 2
13 8
13 26
13 25
13 29
13 44
13 0
13 33
13 14
13 32
13 17
13 36
13 42
13 40
20
14 27
14 43
14 29
14 16
14 35
14 18
14 10
14 28
14 39
14 22
14 38
14 7
14 42
14 2
14 19
14 31
14 23
14 32
14 45
14 8
17
15 12
15 25
15 6
15 37
15 7
15 13
15 34
15 2
15 5
15 19
15 8
15 11
15 45
15 4
15 39
15 9
15 26
21
16 45
16 20
16 6
16 42
16 11
16 33
16 36
16 38
16 7
16 28
16 27
16 3
16 9
16 0
16 40
16 4
16 43
16 1
16 24
16 15
16 13
19
17 0
17 42
17 45
17 4
17 25
17 29
17 6
17 46
17 26
17 9
17 16
17 15
17 40
17 38
17 8
17 14
17 5
17 37
17 27
23
18 7
18 17
18 32
18 21
18 25
18 6
18 11
18 10
18 8
18 2
18 45
18 13
18 9
18 16
18 29
18 15
18 19
18 5
18 48
18 22
18 24
18 27
18 12
19
19 40
19 25
19 37
19 10
19 38
19 16
19 1
19 9
19 45
19 33
19 3
19 36
19 20
19 44
19 5
19 46
19 35
19 27
19 6
25
20 47
20 23
20 28
20 43
20 26
20 35
20 0
20 39
20 42
20 13
20 37
20 15
20 48
20 36
20 17
20 38
20 46
20 24
20 4
20 14
20 2
20 3
20 31
20 8
20 33
23
21 23
21 38
21 48
21 16
21 35
21 20
21 17
21 30
21 25
21 28
21 37
21 6
21 0
21 46
21 5
21 27
21 9
21 8
21 19
21 32
21 36
21 13
21 15
23
22 33
22 17
22 3
22 25
22 5
22 13
22 2
22 48
22 29
22 8
22 26
22 30
22 21
22 16
22 47
22 34
22 32
22 24
22 9
22 36
22 46
22 0
22 1
24
23 1
23 40
23 16
23 42
23 18
23 17
23 26
23 9
23 39
23 25
23 47
23 4
23 19
23 27
23 29
23 37
23 45
23 5
23 34
23 15
23 41
23 36
23 31
23 24
21
24 3
24 35
24 10
24 21
24 8
24 28
24 33
24 42
24 29
24 5
24 31
24 47
24 48
24 7
24 15
24 34
24 43
24 30
24 11
24 9
24 45
16
25 41
25 46
25 33
25 44
25 24
25 10
25 9
25 32
25 3
25 14
25 43
25 20
25 36
25 6
25 12
25 34
17
26 43
26 3
26 0
26 34
26 46
26 21
26 8
26 48
26 19
26 37
26 14
26 29
26 4
26 35
26 49
26 25
26 2
22
27 28
27 1
27 2
27 6
27 32
27 46
27 12
27 45
27 25
27 3
27 4
27 35
27 41
27 22
27 39
27 13
27 24
27 47
27 15
27 20
27 7
27 26
17
28 25
28 43
28 13
28 33
28 45
28 22
28 11
28 32
28 49
28 23
28 15
28 17
28 30
28 26
28 10
28 19
28 1
16
29 47
29 27
29 21
29 37
29 20
29 44
29 48
29 7
29 40
29 19
29 34
29 6
29 46
29 43
29 28
29 25
24
30 17
30 26
30 18
30 12
30 1
30 47
30 3
30 45
30 20
30 15
30 42
30 29
30 14
30 23
30 6
30 2
30 25
30 9
30 11
30 16
30 8
30 48
30 33
30 39
23
31 17
31 41
31 10
31 48
31 22
31 34
31 15
31 37
31 42
31 8
31 18
31 35
31 7
31 29
31 4
31 40
31 27
31 1
31 9
31 28
31 25
31 26
31 12
21
32 31
32 6
32 36
32 24
32 2
32 19
32 39
32 30
32 12
32 33
32 1
32 11
32 3
32 29
32 23
32 45
32 49
32 16
32 15
32 20
32 43
18
33 44
33 11
33 15
33 45
33 37
33 2
33 27
33 36
33 40
33 46
33 41
33 48
33 3
33 34
33 35
33 26
33 29
33 18
18
34 28
34 17
34 6
34 30
34 0
34 48
34 18
34 8
34 21
34 35
34 41
34 39
34 4
34 19
34 49
34 14
34 44
34 13
21
35 9
35 25
35 22
35 11
35 43
35 29
35 45
35 40
35 46
35 30
35 10
35 15
35 48
35 37
35 1
35 49
35 12
35 32
35 38
35 39
35 5
14
36 26
36 24
36 2
36 28
36 18
36 37
36 4
36 31
36 0
36 29
36 49
36 8
36 30
36 44
21
37 41
37 3
37 28
37 25
37 5
37 16
37 8
37 47
37 34
37 12
37 27
37 22
37 0
37 18
37 2
37 44
37 30
37 4
37 13
37 7
37 6
19
38 25
38 24
38 7
38 32
38 43
38 27
38 13
38 28
38 8
38 45
38 29
38 31
38 33
38 9
38 37
38 30
38 36
38 0
38 40
18
39 13
39 10
39 7
39 42
39 45
39 16
39 6
39 31
39 26
39 12
39 38
39 18
39 17
39 29
39 33
39 21
39 37
39 28
25
40 15
40 9
40 43
40 11
40 27
40 26
40 47
40 32
40 0
40 8
40 20
40 49
40 18
40 12
40 37
40 1
40 24
40 2
40 22
40 21
40 42
40 28
40 36
40 6
40 25
21
41 21
41 48
41 17
41 32
41 24
41 44
41 35
41 40
41 18
41 43
41 20
41 39
41 3
41 28
41 0
41 29
41 46
41 14
41 36
41 16
41 6
15
42 18
42 21
42 19
42 15
42 36
42 32
42 11
42 4
42 45
42 37
42 29
42 33
42 34
42 7
42 48
22
43 8
43 48
43 30
43 22
43 36
43 21
43 0
43 27
43 23
43 10
43 33
43 49
43 11
43 15
43 34
43 39
43 37
43 7
43 31
43 44
43 19
43 47
25
44 40
44 23
44 46
44 38
44 14
44 45
44 3
44 11
44 6
44 30
44 18
44 28
44 21
44 7
44 9
44 42
44 24
44 35
44 0
44 27
44 31
44 4
44 39
44 12
44 15
16
45 21
45 41
45 3
45 31
45 5
45 13
45 0
45 46
45 43
45 12
45 37
45 26
45 36
45 29
45 22
45 9
21
46 30
46 23
46 6
46 28
46 31
46 18
46 47
46 38
46 36
46 11
46 7
46 8
46 24
46 37
46 0
46 34
46 32
46 15
46 16
46 14
46 48
24
47 10
47 33
47 19
47 18
47 14
47 36
47 13
47 9
47 11
47 21
47 8
47 25
47 15
47 26
47 38
47 12
47 28
47 39
47 34
47 41
47 35
47 44
47 6
47 16
19
48 6
48 16
48 23
48 25
48 14
48 5
48 45
48 0
48 15
48 36
48 40
48 4
48 28
48 32
48 38
48 12
48 47
48 10
48 1
23
49 0
49 13
49 25
49 11
49 15
49 41
49 16
49 22
49 21
49 37
49 44
49 12
49 47
49 29
49 45
49 20
49 23
49 38
49 6
49 39
49 14
49 7
49 42
