50
0 "A27"
1 "A9"
2 "A36"
3 "A34"
4 "A44"
5 "A26"
6 "A19"
7 "A1"
8 "A24"
9 "A31"
10 "A22"
11 "A15"
12 "A25"
13 "A39"
14 "A46"
15 "A17"
16 "A21"
17 "A49"
18 "A2"
19 "A5"
20 "A41"
21 "A40"
22 "A45"
23 "A37"
24 "A14"
25 "A28"
26 "A43"
27 "A16"
28 "A48"
29 "A32"
30 "A8"
31 "A29"
32 "A11"
33 "A38"
34 "A0"
35 "A3"
36 "A33"
37 "A35"
38 "A13"
39 "A23"
40 "A47"
41 "A42"
42 "A12"
43 "A10"
44 "A18"
45 "A20"
46 "A7"
47 "A4"
48 "A6"
49 "A30"
26
0 1
0 31
0 27
0 20
0 41
0 49
0 43
0 38
0 5
0 28
0 4
0 24
0 18
0 33
0 45
0 13
0 15
0 2
0 6
0 47
0 23
0 17
0 40
0 22
0 10
0 29
22
1 13
1 4
1 5
1 34
1 33
1 32
1 8
1 31
1 17
1 26
1 22
1 27
1 24
1 10
1 11
1 42
1 39
1 49
1 45
1 6
1 37
1 35
19
2 8
2 16
2 33
2 22
2 31
2 38
2 18
2 48
2 34
2 20
2 14
2 26
2 40
2 44
2 13
2 7
2 28
2 6
2 4
26
3 18
3 12
3 28
3 43
3 44
3 20
3 37
3 4
3 48
3 1
3 13
3 23
3 19
3 49
3 41
3 21
3 38
3 46
3 40
3 25
3 8
3 27
3 33
3 0
3 42
3 29
18
4 36
4 20
4 25
4 43
4 42
4 12
4 38
4 40
4 16
4 29
4 47
4 15
4 5
4 13
4 7
4 37
4 9
4 39
19
5 37
5 22
5 48
5 25
5 35
5 12
5 20
5 10
5 32
5 15
5 23
5 36
5 16
5 49
5 24
5 41
5 30
5 8
5 2
25
6 5
6 46
6 16
6 38
6 40
6 37
6 9
6 31
6 25
6 36
6 10
6 33
6 20
6 49
6 30
6 45
6 12
6 23
6 29
6 28
6 34
6 19
6 44
6 22
6 41
14
7 34
7 0
7 15
7 32
7 30
7 24
7 5
7 3
7 27
7 10
7 26
7 38
7 1
7 13
19
8 21
8 48
8 25
8 24
8 41
8 49
8 9
8 6
8 40
8 20
8 29
8 34
8 44
8 4
8 42
8 36
8 46
8 13
8 43
20
9 19
9 48
9 42
9 40
9 7
9 32
9 5
9 44
9 18
9 14
9 2
9 36
9 25
9 47
9 27
9 34
9 24
9 15
9 37
9 3
18
10 43
10 16
10 35
10 9
10 13
10 23
10 21
10 22
10 3
10 39
10 32
10 24
10 28
10 2
10 25
10 18
10 12
10 8
24
11 5
11 28
11 34
11 9
11 49
11 39
11 6
11 42
11 33
11 2
11 21
11 20
11 4
11 19
11 38
11 26
11 40
11 22
11 48
11 10
11 24
11 46
11 27
11 41
21
12 44
12 20
12 41
12 19
12 47
12 9
12 33
12 16
12 39
12 0
12 29
12 43
12 38
12 35
12 40
12 21
12 36
12 2
12 42
12 11
12 27
20
13 24
13 40
13 27
13 25
13 36
13 20
13 37
13 18
13 48
13 34
13 6
13 43
13 35
13 28
13 16
13 15
13 42
13 11
13 9
13 38
23
14 23
14 44
14 7
14 29
14 17
14 1
14 35
14 4
14 18
14 24
14 27
14 13
14 3
14 33
14 8
14 0
14 5
14 41
14 11
14 46
14 30
14 26
14 38
19
15 3
15 19
15 33
15 30
15 22
15 27
15 16
15 28
15 20
15 10
15 21
15 23
15 6
15 24
15 12
15 40
15 31
15 18
15 46
25
16 36
16 34
16 21
16 0
16 35
16 32
16 3
16 49
16 33
16 22
16 8
16 40
16 25
16 47
16 38
16 28
16 23
16 26
16 39
16 7
16 11
16 20
16 9
16 17
16 44
20
17 8
17 3
17 7
17 34
17 30
17 33
17 10
17 32
17 19
17 22
17 39
17 2
17 44
17 25
17 35
17 13
17 21
17 37
17 46
17 31
16
18 38
18 20
18 17
18 26
18 4
18 25
18 28
18 42
18 29
18 1
18 6
18 12
18 5
18 11
18 7
18 27
20
19 18
19 16
19 31
19 45
19 39
19 8
19 33
19 4
19 34
19 10
19 26
19 49
19 1
19 42
19 47
19 35
19 5
19 24
19 22
19 20
14
20 23
20 34
20 31
20 44
20 17
20 28
20 49
20 9
20 26
20 33
20 42
20 47
20 24
20 14
25
21 43
21 13
21 36
21 33
21 46
21 47
21 9
21 5
21 35
21 25
21 26
21 1
21 30
21 4
21 29
21 37
21 22
21 20
21 28
21 38
21 27
21 7
21 2
21 18
21 41
16
22 44
22 26
22 42
22 37
22 34
22 33
22 48
22 47
22 28
22 3
22 40
22 49
22 8
22 13
22 39
22 41
21
23 8
23 38
23 46
23 25
23 44
23 7
23 37
23 11
23 18
23 21
23 9
23 1
23 28
23 12
23 41
23 35
23 42
23 43
23 48
23 27
23 4
14
24 37
24 43
24 6
24 32
24 4
24 46
24 45
24 18
24 17
24 3
24 16
24 48
24 47
24 12
16
25 19
25 0
25 22
25 12
25 24
25 40
25 2
25 1
25 28
25 46
25 49
25 39
25 44
25 35
25 34
25 11
17
26 44
26 12
26 38
26 17
26 23
26 9
26 8
26 46
26 5
26 24
26 43
26 47
26 30
26 39
26 3
26 6
26 0
16
27 5
27 2
27 43
27 16
27 24
27 44
27 25
27 28
27 17
27 36
27 8
27 22
27 31
27 19
27 20
27 32
19
28 1
28 33
28 42
28 24
28 9
28 35
28 29
28 26
28 34
28 4
28 40
28 36
28 48
28 45
28 46
28 30
28 8
28 43
28 5
20
29 43
29 27
29 34
29 45
29 23
29 39
29 25
29 17
29 30
29 24
29 41
29 22
29 37
29 44
29 9
29 10
29 20
29 15
29 5
29 13
23
30 47
30 32
30 24
30 16
30 41
30 45
30 12
30 43
30 31
30 1
30 13
30 2
30 9
30 27
30 22
30 46
30 11
30 3
30 4
30 18
30 44
30 19
30 0
22
31 43
31 8
31 21
31 40
31 42
31 10
31 46
31 38
31 14
31 48
31 18
31 33
31 22
31 7
31 16
31 4
31 11
31 36
31 45
31 25
31 47
31 24
15
32 3
32 2
32 4
32 22
32 44
32 33
32 15
32 31
32 40
32 42
32 26
32 34
32 23
32 39
32 36
19
33 46
33 5
33 26
33 44
33 37
33 13
33 10
33 8
33 34
33 45
33 48
33 36
33 42
33 7
33 9
33 38
33 23
33 39
33 49
16
34 24
34 5
34 35
34 10
34 48
34 49
34 27
34 44
34 23
34 45
34 21
34 4
34 18
34 40
34 3
34 36
21
35 32
35 15
35 20
35 0
35 40
35 9
35 45
35 39
35 29
35 44
35 6
35 26
35 7
35 4
35 27
35 38
35 22
35 30
35 11
35 37
35 31
23
36 14
36 3
36 22
36 29
36 7
36 26
36 20
36 18
36 37
36 24
36 17
36 46
36 2
36 11
36 0
36 45
36 30
36 10
36 41
36 25
36 15
36 43
36 48
18
37 18
37 10
37 28
37 30
37 11
37 2
37 0
37 43
37 48
37 40
37 12
37 27
37 15
37 8
37 49
37 19
37 42
37 32
16
38 46
38 27
38 17
38 5
38 15
38 19
38 29
38 37
38 25
38 30
38 8
38 1
38 34
38 28
38 20
38 9
23
39 31
39 37
39 6
39 28
39 5
39 9
39 3
39 14
39 24
39 36
39 27
39 7
39 23
39 18
39 21
39 2
39 20
39 13
39 15
39 0
39 41
39 30
39 34
21
40 24
40 26
40 29
40 48
40 49
40 20
40 46
40 45
40 47
40 10
40 1
40 38
40 39
40 18
40 23
40 30
40 44
40 21
40 27
40 42
40 5
23
41 33
41 24
41 7
41 48
41 19
41 1
41 34
41 35
41 27
41 25
41 31
41 13
41 15
41 18
41 40
41 43
41 42
41 17
41 38
41 16
41 26
41 2
41 32
18
42 10
42 27
42 35
42 14
42 26
42 2
42 44
42 34
42 39
42 16
42 21
42 6
42 30
42 0
42 7
42 47
42 25
42 15
23
43 38
43 17
43 34
43 15
43 49
43 9
43 1
43 7
43 39
43 45
43 42
43 18
43 19
43 2
43 16
43 35
43 11
43 33
43 40
43 20
43 25
43 6
43 14
14
44 15
44 13
44 21
44 18
44 41
44 49
44 19
44 37
44 36
44 39
44 38
44 48
44 43
44 7
21
45 47
45 26
45 4
45 17
45 5
45 8
45 11
45 42
45 32
45 48
45 37
45 15
45 12
45 44
45 22
45 20
45 39
45 25
45 7
45 16
45 38
16
46 12
46 34
46 39
46 19
46 35
46 20
46 29
46 18
46 49
46 0
46 1
46 5
46 4
46 10
46 41
46 16
20
47 36
47 39
47 34
47 27
47 14
47 25
47 49
47 28
47 1
47 35
47 2
47 3
47 38
47 29
47 46
47 32
47 43
47 8
47 41
47 37
19
48 1
48 47
48 15
48 7
48 35
48 12
48 30
48 42
48 49
48 17
48 0
48 25
48 19
48 43
48 27
48 29
48 32
48 4
48 6
17
49 24
49 9
49 36
49 42
49 29
49 28
49 18
49 14
49 27
49 38
49 17
49 13
49 26
49 21
49 45
49 32
49 2
