50
0 "A27"
1 "A9"
2 "A36"
3 "A34"
4 "A44"
5 "A26"
6 "A19"
7 "A1"
8 "A24"
9 "A31"
10 "A22"
11 "A15"
12 "A25"
13 "A39"
14 "A46"
15 "A17"
16 "A21"
17 "A49"
18 "A2"
19 "A5"
20 "A41"
21 "A40"
22 "A45"
23 "A37"
24 "A14"
25 "A28"
26 "A43"
27 "A16"
28 "A48"
29 "A32"
30 "A8"
31 "A29"
32 "A11"
33 "A38"
34 "A0"
35 "A3"
36 "A33"
37 "A35"
38 "A13"
39 "A23"
40 "A47"
41 "A42"
42 "A12"
43 "A10"
44 "A18"
45 "A20"
46 "A7"
47 "A4"
48 "A6"
49 "A30"
15
0 30
0 38
0 45
0 9
0 39
0 15
0 19
0 1
0 3
0 22
0 31
0 44
0 32
0 25
0 17
20
1 22
1 28
1 5
1 13
1 40
1 7
1 4
1 8
1 25
1 38
1 23
1 18
1 47
1 48
1 20
1 44
1 30
1 32
1 19
1 36
19
2 23
2 35
2 45
2 19
2 32
2 26
2 38
2 8
2 17
2 12
2 48
2 43
2 40
2 0
2 41
2 34
2 14
2 24
2 15
10
3 38
3 2
3 25
3 47
3 22
3 29
3 10
3 21
3 15
3 40
15
4 13
4 2
4 9
4 35
4 22
4 12
4 24
4 42
4 0
4 38
4 16
4 15
4 47
4 7
4 21
15
5 23
5 35
5 14
5 4
5 17
5 33
5 9
5 37
5 39
5 47
5 7
5 42
5 0
5 46
5 30
21
6 3
6 40
6 16
6 47
6 8
6 1
6 39
6 23
6 36
6 37
6 4
6 42
6 5
6 46
6 11
6 21
6 24
6 20
6 18
6 0
6 31
20
7 0
7 12
7 40
7 20
7 29
7 39
7 21
7 31
7 23
7 19
7 49
7 36
7 43
7 38
7 14
7 41
7 47
7 34
7 13
7 6
21
8 3
8 32
8 42
8 20
8 4
8 11
8 29
8 5
8 44
8 34
8 28
8 12
8 24
8 39
8 9
8 46
8 17
8 47
8 13
8 49
8 31
23
9 2
9 15
9 43
9 31
9 34
9 27
9 21
9 12
9 36
9 22
9 7
9 44
9 35
9 16
9 48
9 19
9 18
9 3
9 42
9 41
9 26
9 39
9 10
18
10 45
10 1
10 43
10 49
10 40
10 0
10 18
10 44
10 16
10 19
10 4
10 46
10 32
10 28
10 6
10 38
10 15
10 14
22
11 45
11 46
11 3
11 4
11 27
11 42
11 9
11 35
11 5
11 43
11 10
11 1
11 31
11 0
11 13
11 32
11 15
11 41
11 24
11 37
11 48
11 22
18
12 22
12 49
12 1
12 11
12 37
12 10
12 19
12 25
12 39
12 0
12 42
12 3
12 36
12 35
12 29
12 6
12 15
12 47
25
13 38
13 32
13 46
13 26
13 10
13 30
13 34
13 27
13 0
13 6
13 20
13 19
13 16
13 29
13 40
13 33
13 3
13 9
13 35
13 25
13 21
13 24
13 48
13 18
13 37
13
14 19
14 27
14 31
14 48
14 33
14 38
14 15
14 49
14 23
14 0
14 12
14 25
14 42
22
15 30
15 49
15 26
15 34
15 17
15 40
15 43
15 19
15 41
15 25
15 5
15 37
15 13
15 35
15 24
15 44
15 6
15 45
15 7
15 48
15 1
15 8
21
16 0
16 35
16 12
16 34
16 37
16 11
16 15
16 36
16 5
16 3
16 39
16 21
16 18
16 23
16 7
16 1
16 26
16 29
16 33
16 2
16 41
24
17 16
17 10
17 14
17 11
17 49
17 36
17 13
17 1
17 47
17 20
17 42
17 41
17 28
17 35
17 4
17 21
17 9
17 31
17 22
17 12
17 34
17 7
17 43
17 40
24
18 17
18 35
18 27
18 38
18 32
18 42
18 0
18 5
18 43
18 3
18 2
18 22
18 47
18 11
18 34
18 4
18 37
18 33
18 28
18 12
18 24
18 31
18 26
18 15
18
19 35
19 26
19 8
19 41
19 3
19 11
19 40
19 4
19 30
19 31
19 38
19 20
19 25
19 16
19 28
19 27
19 48
19 47
25
20 18
20 10
20 3
20 42
20 26
20 33
20 24
20 4
20 38
20 5
20 25
20 45
20 32
20 12
20 22
20 40
20 21
20 23
20 11
20 2
20 14
20 31
20 44
20 27
20 43
24
21 32
21 0
21 12
21 15
21 35
21 36
21 49
21 31
21 33
21 10
21 28
21 38
21 19
21 40
21 37
21 1
21 5
21 27
21 44
21 11
21 24
21 2
21 14
21 29
15
22 49
22 2
22 5
22 15
22 33
22 35
22 13
22 40
22 16
22 28
22 24
22 21
22 27
22 45
22 41
25
23 34
23 13
23 30
23 10
23 3
23 28
23 41
23 36
23 0
23 27
23 19
23 4
23 15
23 24
23 44
23 25
23 9
23 45
23 11
23 35
23 26
23 46
23 31
23 12
23 17
17
24 30
24 32
24 17
24 35
24 7
24 34
24 36
24 25
24 5
24 19
24 16
24 3
24 26
24 48
24 0
24 10
24 9
19
25 29
25 5
25 28
25 17
25 33
25 18
25 34
25 27
25 6
25 10
25 48
25 37
25 43
25 2
25 40
25 21
25 44
25 31
25 11
25
26 33
26 36
26 7
26 29
26 30
26 40
26 3
26 1
26 28
26 49
26 46
26 31
26 27
26 12
26 11
26 48
26 45
26 8
26 5
26 22
26 47
26 25
26 43
26 21
26 41
23
27 28
27 44
27 5
27 24
27 7
27 30
27 41
27 17
27 0
27 46
27 33
27 31
27 49
27 35
27 4
27 1
27 16
27 15
27 10
27 37
27 6
27 32
27 34
17
28 31
28 16
28 48
28 45
28 4
28 39
28 3
28 7
28 38
28 11
28 5
28 24
28 37
28 15
28 9
28 44
28 35
23
29 19
29 2
29 10
29 35
29 43
29 24
29 36
29 37
29 18
29 5
29 40
29 23
29 32
29 27
29 42
29 6
29 34
29 46
29 0
29 15
29 39
29 47
29 14
22
30 49
30 46
30 18
30 35
30 41
30 7
30 39
30 42
30 10
30 2
30 43
30 20
30 45
30 11
30 16
30 34
30 9
30 17
30 6
30 47
30 29
30 25
23
31 49
31 12
31 41
31 39
31 34
31 38
31 4
31 1
31 46
31 24
31 43
31 30
31 13
31 32
31 10
31 36
31 37
31 47
31 48
31 22
31 15
31 29
31 40
23
32 12
32 47
32 5
32 30
32 49
32 40
32 42
32 38
32 14
32 9
32 25
32 26
32 19
32 16
32 43
32 48
32 44
32 33
32 7
32 36
32 22
32 23
32 4
16
33 44
33 9
33 17
33 6
33 38
33 43
33 8
33 4
33 23
33 24
33 39
33 30
33 42
33 15
33 12
33 2
22
34 6
34 49
34 19
34 38
34 0
34 26
34 45
34 20
34 36
34 14
34 12
34 41
34 5
34 3
34 35
34 1
34 10
34 32
34 4
34 40
34 33
34 48
18
35 8
35 6
35 32
35 47
35 31
35 7
35 0
35 25
35 44
35 3
35 45
35 48
35 33
35 39
35 43
35 26
35 37
35 20
21
36 43
36 3
36 41
36 48
36 0
36 4
36 44
36 2
36 14
36 39
36 27
36 33
36 25
36 28
36 15
36 47
36 19
36 22
36 8
36 11
36 46
22
37 19
37 4
37 30
37 2
37 43
37 49
37 10
37 32
37 1
37 3
37 0
37 14
37 47
37 34
37 8
37 36
37 24
37 45
37 33
37 48
37 9
37 17
19
38 11
38 9
38 24
38 5
38 35
38 25
38 29
38 12
38 17
38 8
38 30
38 48
38 43
38 47
38 46
38 40
38 6
38 26
38 23
19
39 10
39 11
39 23
39 1
39 14
39 41
39 13
39 46
39 15
39 22
39 17
39 32
39 38
39 24
39 25
39 26
39 18
39 27
39 2
15
40 8
40 47
40 18
40 24
40 41
40 44
40 14
40 0
40 30
40 23
40 43
40 12
40 33
40 39
40 16
24
41 33
41 37
41 45
41 43
41 21
41 1
41 28
41 6
41 8
41 24
41 5
41 4
41 47
41 18
41 29
41 13
41 35
41 49
41 38
41 0
41 20
41 14
41 42
41 3
20
42 16
42 35
42 1
42 45
42 23
42 13
42 37
42 24
42 40
42 21
42 31
42 25
42 26
42 28
42 48
42 39
42 27
42 49
42 34
42 43
15
43 39
43 24
43 49
43 14
43 8
43 28
43 22
43 48
43 45
43 19
43 6
43 5
43 23
43 44
43 12
15
44 13
44 22
44 42
44 38
44 26
44 18
44 39
44 30
44 46
44 24
44 37
44 41
44 7
44 16
44 14
18
45 32
45 38
45 27
45 33
45 13
45 29
45 14
45 5
45 36
45 39
45 12
45 4
45 21
45 40
45 19
45 1
45 9
45 25
20
46 4
46 0
46 37
46 3
46 7
46 15
46 14
46 18
46 17
46 24
46 1
46 20
46 12
46 35
46 43
46 45
46 41
46 2
46 49
46 25
17
47 20
47 44
47 25
47 21
47 11
47 13
47 34
47 28
47 14
47 23
47 43
47 39
47 27
47 48
47 42
47 9
47 33
19
48 40
48 44
48 7
48 17
48 3
48 49
48 33
48 0
48 18
48 23
48 4
48 20
48 10
48 46
48 30
48 22
48 45
48 5
48 39
15
49 29
49 25
49 38
49 13
49 19
49 1
49 11
49 45
49 5
49 47
49 3
49 35
49 40
49 16
49 28
