50
0 "A27"
1 "A9"
2 "A36"
3 "A34"
4 "A44"
5 "A26"
6 "A19"
7 "A1"
8 "A24"
9 "A31"
10 "A22"
11 "A15"
12 "A25"
13 "A39"
14 "A46"
15 "A17"
16 "A21"
17 "A49"
18 "A2"
19 "A5"
20 "A41"
21 "A40"
22 "A45"
23 "A37"
24 "A14"
25 "A28"
26 "A43"
27 "A16"
28 "A48"
29 "A32"
30 "A8"
31 "A29"
32 "A11"
33 "A38"
34 "A0"
35 "A3"
36 "A33"
37 "A35"
38 "A13"
39 "A23"
40 "A47"
41 "A42"
42 "A12"
43 "A10"
44 "A18"
45 "A20"
46 "A7"
47 "A4"
48 "A6"
49 "A30"
13
0 47
0 24
0 20
0 34
0 31
0 10
0 44
0 7
0 13
0 30
0 36
0 17
0 2
21
1 11
1 16
1 33
1 32
1 18
1 42
1 10
1 27
1 38
1 48
1 5
1 6
1 17
1 43
1 24
1 26
1 20
1 4
1 29
1 49
1 30
13
2 41
2 15
2 45
2 20
2 19
2 1
2 28
2 17
2 48
2 25
2 22
2 26
2 33
24
3 35
3 21
3 22
3 27
3 37
3 5
3 11
3 2
3 1
3 34
3 49
3 31
3 14
3 16
3 38
3 6
3 29
3 17
3 0
3 10
3 18
3 41
3 19
3 13
17
4 43
4 22
4 18
4 41
4 21
4 14
4 23
4 17
4 33
4 16
4 26
4 15
4 6
4 38
4 0
4 37
4 12
13
5 37
5 41
5 23
5 43
5 7
5 8
5 2
5 29
5 26
5 9
5 46
5 27
5 10
27
6 45
6 20
6 32
6 2
6 15
6 22
6 9
6 28
6 21
6 29
6 48
6 34
6 27
6 18
6 40
6 0
6 24
6 12
6 47
6 38
6 33
6 26
6 23
6 16
6 11
6 35
6 37
24
7 30
7 28
7 48
7 2
7 10
7 22
7 17
7 4
7 37
7 11
7 40
7 43
7 6
7 39
7 46
7 31
7 21
7 23
7 45
7 24
7 8
7 19
7 35
7 1
16
8 33
8 41
8 3
8 32
8 4
8 24
8 40
8 6
8 21
8 0
8 45
8 16
8 47
8 27
8 2
8 1
21
9 27
9 36
9 8
9 14
9 34
9 43
9 39
9 22
9 46
9 7
9 21
9 12
9 49
9 19
9 17
9 24
9 41
9 20
9 1
9 18
9 33
14
10 24
10 14
10 49
10 47
10 32
10 18
10 27
10 34
10 38
10 25
10 4
10 12
10 2
10 15
20
11 28
11 22
11 20
11 41
11 8
11 0
11 46
11 48
11 10
11 39
11 44
11 34
11 4
11 38
11 40
11 17
11 36
11 14
11 2
11 43
18
12 2
12 46
12 11
12 36
12 40
12 17
12 45
12 23
12 22
12 34
12 1
12 33
12 24
12 27
12 15
12 26
12 0
12 35
18
13 36
13 35
13 23
13 8
13 26
13 28
13 4
13 6
13 5
13 7
13 44
13 19
13 48
13 32
13 12
13 24
13 9
13 47
22
14 43
14 36
14 26
14 38
14 15
14 49
14 12
14 31
14 39
14 21
14 46
14 1
14 13
14 40
14 48
14 20
14 34
14 19
14 7
14 28
14 29
14 5
18
15 35
15 19
15 13
15 29
15 24
15 1
15 21
15 30
15 31
15 49
15 41
15 37
15 33
15 8
15 47
15 45
15 48
15 28
20
16 11
16 39
16 37
16 38
16 40
16 27
16 14
16 42
16 13
16 30
16 5
16 46
16 35
16 32
16 25
16 47
16 43
16 15
16 2
16 10
16
17 22
17 28
17 15
17 23
17 29
17 40
17 8
17 48
17 16
17 10
17 46
17 34
17 13
17 25
17 47
17 30
19
18 37
18 33
18 39
18 8
18 43
18 31
18 16
18 22
18 17
18 32
18 25
18 40
18 19
18 46
18 11
18 0
18 27
18 5
18 47
17
19 4
19 6
19 24
19 35
19 43
19 28
19 23
19 27
19 11
19 21
19 17
19 12
19 48
19 26
19 31
19 32
19 49
18
20 41
20 18
20 40
20 46
20 32
20 16
20 23
20 5
20 4
20 38
20 35
20 3
20 26
20 7
20 31
20 29
20 15
20 10
19
21 48
21 36
21 11
21 0
21 1
21 40
21 42
21 35
21 28
21 41
21 49
21 5
21 32
21 38
21 18
21 39
21 45
21 47
21 13
20
22 46
22 31
22 23
22 19
22 24
22 34
22 15
22 0
22 13
22 8
22 16
22 49
22 48
22 10
22 27
22 26
22 35
22 33
22 30
22 39
20
23 49
23 31
23 44
23 30
23 14
23 38
23 11
23 16
23 37
23 2
23 41
23 27
23 9
23 45
23 21
23 40
23 15
23 39
23 47
23 42
16
24 17
24 28
24 29
24 3
24 26
24 21
24 46
24 47
24 39
24 5
24 14
24 41
24 4
24 36
24 16
24 30
25
25 8
25 24
25 6
25 0
25 29
25 33
25 48
25 4
25 23
25 14
25 30
25 22
25 31
25 47
25 9
25 27
25 5
25 3
25 13
25 1
25 45
25 7
25 49
25 20
25 15
13
26 36
26 7
26 16
26 41
26 9
26 11
26 27
26 0
26 10
26 25
26 32
26 29
26 39
17
27 35
27 24
27 7
27 33
27 0
27 21
27 20
27 13
27 41
27 29
27 15
27 2
27 38
27 49
27 4
27 45
27 31
20
28 5
28 26
28 12
28 0
28 42
28 10
28 4
28 40
28 18
28 20
28 35
28 1
28 34
28 9
28 22
28 39
28 46
28 48
28 25
28 27
17
29 13
29 49
29 18
29 22
29 41
29 21
29 42
29 37
29 7
29 12
29 16
29 19
29 4
29 44
29 9
29 28
29 39
25
30 27
30 32
30 4
30 2
30 13
30 34
30 10
30 38
30 33
30 9
30 21
30 29
30 20
30 6
30 31
30 36
30 40
30 3
30 18
30 11
30 12
30 19
30 35
30 42
30 14
20
31 9
31 24
31 4
31 13
31 33
31 5
31 17
31 42
31 6
31 48
31 2
31 10
31 16
31 38
31 21
31 41
31 26
31 12
31 40
31 29
19
32 2
32 5
32 7
32 41
32 15
32 34
32 12
32 9
32 29
32 22
32 4
32 40
32 27
32 24
32 3
32 14
32 23
32 44
32 0
26
33 29
33 10
33 46
33 40
33 14
33 34
33 16
33 38
33 39
33 17
33 7
33 43
33 26
33 0
33 36
33 13
33 32
33 19
33 5
33 3
33 45
33 49
33 28
33 24
33 21
33 11
18
34 26
34 16
34 48
34 27
34 47
34 31
34 23
34 2
34 18
34 42
34 24
34 25
34 7
34 39
34 8
34 29
34 19
34 38
23
35 5
35 34
35 29
35 33
35 4
35 18
35 8
35 24
35 2
35 39
35 31
35 14
35 10
35 23
35 32
35 9
35 26
35 37
35 11
35 40
35 38
35 44
35 49
19
36 22
36 25
36 28
36 1
36 18
36 7
36 46
36 15
36 2
36 44
36 41
36 3
36 45
36 16
36 27
36 42
36 17
36 29
36 39
19
37 10
37 43
37 11
37 39
37 31
37 34
37 36
37 2
37 17
37 28
37 46
37 41
37 14
37 33
37 13
37 26
37 0
37 44
37 25
19
38 36
38 22
38 37
38 12
38 8
38 17
38 13
38 44
38 5
38 42
38 7
38 0
38 18
38 24
38 26
38 2
38 15
38 32
38 9
15
39 46
39 13
39 31
39 15
39 42
39 19
39 20
39 17
39 4
39 27
39 5
39 0
39 44
39 12
39 32
19
40 29
40 9
40 49
40 1
40 46
40 0
40 39
40 19
40 3
40 43
40 2
40 22
40 27
40 48
40 36
40 37
40 10
40 38
40 5
23
41 33
41 34
41 18
41 44
41 1
41 42
41 14
41 17
41 43
41 22
41 6
41 25
41 47
41 38
41 12
41 13
41 45
41 7
41 40
41 28
41 30
41 35
41 39
21
42 13
42 19
42 9
42 26
42 20
42 5
42 33
42 8
42 6
42 40
42 18
42 22
42 2
42 10
42 24
42 15
42 17
42 0
42 4
42 27
42 11
23
43 47
43 38
43 22
43 42
43 21
43 34
43 39
43 27
43 23
43 12
43 35
43 30
43 8
43 26
43 36
43 31
43 46
43 10
43 29
43 13
43 6
43 2
43 24
21
44 18
44 22
44 7
44 31
44 27
44 15
44 28
44 46
44 2
44 21
44 20
44 34
44 5
44 3
44 19
44 12
44 10
44 6
44 40
44 42
44 30
25
45 17
45 32
45 26
45 18
45 24
45 40
45 1
45 47
45 35
45 37
45 19
45 11
45 14
45 38
45 34
45 3
45 31
45 22
45 39
45 43
45 46
45 48
45 10
45 4
45 29
18
46 29
46 1
46 15
46 13
46 8
46 41
46 32
46 19
46 27
46 21
46 38
46 4
46 23
46 42
46 35
46 25
46 26
46 6
23
47 2
47 40
47 37
47 31
47 30
47 14
47 39
47 12
47 11
47 42
47 1
47 44
47 26
47 20
47 29
47 27
47 33
47 49
47 35
47 9
47 22
47 48
47 3
26
48 3
48 44
48 30
48 23
48 10
48 9
48 0
48 36
48 20
48 39
48 46
48 18
48 29
48 26
48 8
48 38
48 4
48 32
48 16
48 12
48 41
48 33
48 43
48 35
48 27
48 5
22
49 0
49 11
49 20
49 46
49 28
49 13
49 39
49 44
49 4
49 42
49 18
49 6
49 31
49 24
49 17
49 2
49 8
49 16
49 41
49 45
49 32
49 26
