50
0 "A27"
1 "A9"
2 "A36"
3 "A34"
4 "A44"
5 "A26"
6 "A19"
7 "A1"
8 "A24"
9 "A31"
10 "A22"
11 "A15"
12 "A25"
13 "A39"
14 "A46"
15 "A17"
16 "A21"
17 "A49"
18 "A2"
19 "A5"
20 "A41"
21 "A40"
22 "A45"
23 "A37"
24 "A14"
25 "A28"
26 "A43"
27 "A16"
28 "A48"
29 "A32"
30 "A8"
31 "A29"
32 "A11"
33 "A38"
34 "A0"
35 "A3"
36 "A33"
37 "A35"
38 "A13"
39 "A23"
40 "A47"
41 "A42"
42 "A12"
43 "A10"
44 "A18"
45 "A20"
46 "A7"
47 "A4"
48 "A6"
49 "A30"
16
0 24
0 45
0 49
0 34
0 13
0 12
0 1
0 18
0 21
0 26
0 4
0 43
0 48
0 42
0 19
0 17
19
1 26
1 4
1 27
1 6
1 40
1 19
1 22
1 5
1 14
1 12
1 23
1 42
1 3
1 24
1 38
1 28
1 39
1 13
1 36
20
2 42
2 29
2 34
2 38
2 17
2 45
2 12
2 16
2 49
2 35
2 0
2 6
2 44
2 9
2 27
2 20
2 47
2 8
2 43
2 39
14
3 30
3 40
3 6
3 0
3 10
3 14
3 5
3 18
3 39
3 20
3 38
3 48
3 32
3 23
23
4 14
4 25
4 37
4 36
4 24
4 45
4 2
4 44
4 47
4 22
4 42
4 28
4 9
4 11
4 10
4 16
4 26
4 34
4 15
4 32
4 8
4 3
4 5
19
5 32
5 20
5 19
5 43
5 47
5 40
5 39
5 24
5 0
5 2
5 30
5 38
5 27
5 42
5 35
5 10
5 31
5 13
5 6
22
6 23
6 16
6 27
6 4
6 43
6 10
6 49
6 42
6 30
6 24
6 26
6 48
6 22
6 37
6 12
6 46
6 45
6 34
6 38
6 36
6 20
6 18
18
7 32
7 39
7 8
7 27
7 30
7 37
7 26
7 29
7 2
7 22
7 41
7 31
7 33
7 4
7 47
7 3
7 45
7 46
19
8 13
8 12
8 14
8 33
8 31
8 28
8 49
8 5
8 45
8 9
8 3
8 37
8 44
8 41
8 18
8 38
8 27
8 47
8 16
19
9 46
9 40
9 3
9 18
9 20
9 41
9 44
9 43
9 23
9 14
9 6
9 30
9 38
9 47
9 21
9 19
9 0
9 22
9 24
24
10 25
10 42
10 35
10 24
10 1
10 2
10 28
10 39
10 29
10 15
10 13
10 34
10 17
10 27
10 44
10 37
10 8
10 19
10 0
10 43
10 38
10 9
10 40
10 47
23
11 15
11 32
11 29
11 13
11 0
11 39
11 5
11 12
11 43
11 33
11 22
11 38
11 34
11 8
11 24
11 18
11 6
11 16
11 1
11 21
11 49
11 23
11 3
10
12 41
12 22
12 17
12 26
12 5
12 20
12 35
12 28
12 23
12 24
18
13 29
13 49
13 16
13 6
13 12
13 35
13 39
13 42
13 40
13 25
13 4
13 2
13 37
13 18
13 20
13 9
13 28
13 17
19
14 34
14 23
14 5
14 2
14 28
14 44
14 26
14 38
14 7
14 33
14 36
14 21
14 10
14 45
14 13
14 37
14 12
14 31
14 24
24
15 34
15 18
15 29
15 22
15 9
15 27
15 37
15 6
15 31
15 43
15 14
15 35
15 12
15 39
15 23
15 48
15 8
15 26
15 7
15 45
15 5
15 13
15 0
15 2
21
16 19
16 29
16 5
16 30
16 47
16 31
16 32
16 25
16 15
16 21
16 33
16 0
16 35
16 38
16 12
16 3
16 9
16 24
16 26
16 39
16 37
24
17 45
17 5
17 33
17 46
17 39
17 47
17 28
17 9
17 8
17 1
17 36
17 29
17 25
17 19
17 31
17 14
17 6
17 16
17 27
17 22
17 7
17 30
17 4
17 23
22
18 30
18 39
18 24
18 37
18 4
18 38
18 43
18 49
18 10
18 33
18 35
18 48
18 34
18 28
18 26
18 20
18 2
18 29
18 41
18 17
18 40
18 14
16
19 2
19 36
19 23
19 49
19 4
19 40
19 14
19 22
19 13
19 3
19 45
19 21
19 31
19 42
19 28
19 48
21
20 15
20 14
20 11
20 30
20 28
20 19
20 37
20 1
20 45
20 41
20 16
20 40
20 36
20 0
20 7
20 24
20 25
20 17
20 44
20 49
20 10
18
21 32
21 8
21 4
21 27
21 2
21 7
21 46
21 15
21 12
21 20
21 41
21 5
21 25
21 47
21 36
21 17
21 18
21 43
20
22 5
22 31
22 35
22 23
22 42
22 37
22 20
22 47
22 27
22 10
22 14
22 18
22 45
22 26
22 44
22 49
22 38
22 8
22 21
22 28
15
23 8
23 10
23 13
23 24
23 34
23 0
23 5
23 20
23 18
23 4
23 33
23 43
23 25
23 49
23 29
18
24 17
24 39
24 47
24 46
24 49
24 41
24 34
24 2
24 42
24 44
24 15
24 27
24 21
24 3
24 32
24 45
24 29
24 13
26
25 45
25 29
25 32
25 22
25 28
25 2
25 7
25 40
25 12
25 11
25 24
25 3
25 37
25 5
25 44
25 38
25 15
25 33
25 19
25 9
25 49
25 8
25 34
25 35
25 43
25 41
19
26 24
26 23
26 3
26 2
26 25
26 49
26 39
26 19
26 20
26 30
26 32
26 9
26 17
26 34
26 5
26 28
26 40
26 38
26 47
14
27 33
27 11
27 42
27 38
27 32
27 41
27 25
27 3
27 13
27 4
27 23
27 28
27 26
27 20
14
28 21
28 9
28 3
28 11
28 46
28 42
28 7
28 47
28 33
28 36
28 15
28 32
28 16
28 6
18
29 47
29 19
29 31
29 14
29 32
29 28
29 33
29 21
29 9
29 30
29 41
29 27
29 38
29 12
29 46
29 44
29 0
29 35
20
30 11
30 48
30 25
30 8
30 0
30 22
30 28
30 13
30 37
30 1
30 21
30 35
30 45
30 15
30 49
30 36
30 10
30 38
30 24
30 12
21
31 9
31 0
31 39
31 23
31 21
31 2
31 27
31 46
31 30
31 35
31 4
31 41
31 3
31 28
31 42
31 40
31 20
31 24
31 11
31 25
31 43
20
32 1
32 30
32 20
32 40
32 0
32 13
32 12
32 22
32 10
32 35
32 23
32 37
32 46
32 36
32 9
32 2
32 19
32 14
32 44
32 39
20
33 15
33 31
33 36
33 26
33 20
33 46
33 45
33 2
33 19
33 22
33 30
33 42
33 40
33 13
33 5
33 10
33 12
33 32
33 0
33 41
18
34 12
34 21
34 9
34 5
34 3
34 35
34 17
34 7
34 47
34 29
34 27
34 31
34 30
34 20
34 39
34 40
34 32
34 41
17
35 4
35 23
35 20
35 11
35 19
35 44
35 8
35 28
35 24
35 3
35 1
35 45
35 47
35 39
35 33
35 17
35 7
22
36 12
36 27
36 38
36 34
36 5
36 15
36 41
36 10
36 13
36 26
36 39
36 44
36 8
36 7
36 16
36 46
36 43
36 37
36 47
36 23
36 2
36 35
19
37 43
37 26
37 35
37 34
37 21
37 0
37 17
37 2
37 23
37 47
37 3
37 1
37 44
37 9
37 31
37 12
37 27
37 33
37 19
15
38 20
38 40
38 43
38 48
38 46
38 24
38 33
38 15
38 7
38 19
38 39
38 32
38 34
38 47
38 17
14
39 25
39 12
39 14
39 20
39 6
39 33
39 37
39 9
39 40
39 8
39 42
39 30
39 48
39 22
21
40 37
40 16
40 24
40 15
40 7
40 35
40 36
40 41
40 8
40 14
40 23
40 0
40 46
40 48
40 27
40 17
40 29
40 30
40 42
40 45
40 28
22
41 32
41 37
41 4
41 1
41 35
41 26
41 2
41 13
41 17
41 23
41 38
41 30
41 6
41 44
41 49
41 15
41 28
41 39
41 19
41 11
41 16
41 0
22
42 29
42 12
42 17
42 3
42 43
42 47
42 34
42 8
42 37
42 26
42 36
42 14
42 38
42 32
42 41
42 9
42 16
42 30
42 45
42 15
42 35
42 25
19
43 13
43 27
43 48
43 3
43 22
43 17
43 28
43 47
43 20
43 33
43 19
43 24
43 16
43 32
43 26
43 12
43 8
43 4
43 41
21
44 13
44 33
44 12
44 0
44 7
44 15
44 27
44 43
44 31
44 5
44 6
44 42
44 28
44 16
44 21
44 3
44 11
44 17
44 38
44 39
44 26
18
45 32
45 21
45 29
45 44
45 26
45 43
45 12
45 9
45 31
45 1
45 48
45 16
45 41
45 39
45 38
45 11
45 13
45 27
28
46 49
46 14
46 44
46 45
46 15
46 27
46 35
46 8
46 13
46 11
46 39
46 20
46 5
46 1
46 2
46 10
46 16
46 23
46 41
46 43
46 22
46 34
46 3
46 37
46 25
46 0
46 42
46 19
20
47 45
47 0
47 46
47 30
47 39
47 31
47 41
47 6
47 15
47 11
47 33
47 40
47 19
47 1
47 27
47 12
47 49
47 23
47 25
47 3
27
48 28
48 37
48 29
48 44
48 8
48 4
48 31
48 20
48 47
48 41
48 2
48 26
48 12
48 23
48 1
48 33
48 11
48 35
48 13
48 24
48 7
48 46
48 14
48 27
48 36
48 34
48 16
23
49 44
49 45
49 36
49 1
49 16
49 10
49 12
49 7
49 14
49 34
49 35
49 39
49 31
49 33
49 29
49 42
49 3
49 21
49 9
49 28
49 32
49 5
49 4
