50
0 "A27"
1 "A9"
2 "A36"
3 "A34"
4 "A44"
5 "A26"
6 "A19"
7 "A1"
8 "A24"
9 "A31"
10 "A22"
11 "A15"
12 "A25"
13 "A39"
14 "A46"
15 "A17"
16 "A21"
17 "A49"
18 "A2"
19 "A5"
20 "A41"
21 "A40"
22 "A45"
23 "A37"
24 "A14"
25 "A28"
26 "A43"
27 "A16"
28 "A48"
29 "A32"
30 "A8"
31 "A29"
32 "A11"
33 "A38"
34 "A0"
35 "A3"
36 "A33"
37 "A35"
38 "A13"
39 "A23"
40 "A47"
41 "A42"
42 "A12"
43 "A10"
44 "A18"
45 "A20"
46 "A7"
47 "A4"
48 "A6"
49 "A30"
20
0 25
0 42
0 36
0 49
0 19
0 22
0 24
0 12
0 18
0 43
0 21
0 46
0 9
0 41
0 48
0 45
0 8
0 28
0 13
0 5
17
1 0
1 7
1 34
1 5
1 6
1 44
1 9
1 3
1 33
1 11
1 23
1 8
1 27
1 19
1 15
1 24
1 41
16
2 1
2 48
2 17
2 0
2 35
2 16
2 12
2 36
2 6
2 37
2 28
2 10
2 46
2 23
2 38
2 8
19
3 0
3 24
3 2
3 38
3 30
3 10
3 42
3 20
3 29
3 19
3 37
3 27
3 11
3 41
3 22
3 14
3 17
3 7
3 36
23
4 22
4 9
4 42
4 17
4 32
4 31
4 39
4 35
4 37
4 38
4 3
4 44
4 21
4 14
4 0
4 10
4 7
4 43
4 13
4 30
4 20
4 15
4 49
21
5 32
5 27
5 12
5 25
5 20
5 26
5 15
5 40
5 35
5 10
5 16
5 48
5 29
5 42
5 24
5 11
5 43
5 19
5 9
5 38
5 2
17
6 37
6 49
6 20
6 4
6 12
6 36
6 11
6 3
6 40
6 25
6 24
6 30
6 47
6 29
6 8
6 41
6 5
22
7 10
7 46
7 48
7 47
7 0
7 28
7 45
7 37
7 13
7 32
7 15
7 17
7 38
7 49
7 29
7 20
7 27
7 21
7 16
7 25
7 2
7 34
19
8 41
8 3
8 45
8 24
8 48
8 15
8 40
8 28
8 4
8 19
8 7
8 11
8 5
8 42
8 39
8 30
8 44
8 22
8 38
32
9 6
9 49
9 24
9 11
9 3
9 17
9 2
9 14
9 19
9 36
9 48
9 23
9 35
9 7
9 39
9 45
9 22
9 34
9 29
9 25
9 18
9 47
9 43
9 28
9 20
9 42
9 13
9 44
9 46
9 32
9 10
9 31
17
10 14
10 1
10 11
10 15
10 37
10 0
10 45
10 33
10 31
10 34
10 38
10 30
10 12
10 29
10 24
10 47
10 22
20
11 2
11 38
11 26
11 14
11 13
11 25
11 34
11 22
11 24
11 36
11 28
11 0
11 45
11 27
11 42
11 23
11 39
11 18
11 15
11 30
15
12 8
12 36
12 16
12 40
12 15
12 32
12 25
12 4
12 13
12 23
12 44
12 38
12 37
12 43
12 11
14
13 8
13 25
13 38
13 2
13 36
13 21
13 23
13 42
13 32
13 30
13 1
13 24
13 39
13 48
21
14 26
14 0
14 29
14 48
14 7
14 2
14 46
14 5
14 13
14 12
14 49
14 19
14 17
14 18
14 8
14 15
14 21
14 6
14 47
14 28
14 31
22
15 26
15 39
15 24
15 41
15 28
15 9
15 16
15 46
15 6
15 20
15 13
15 42
15 31
15 0
15 21
15 32
15 34
15 3
15 2
15 35
15 30
15 33
15
16 37
16 9
16 21
16 23
16 28
16 36
16 13
16 6
16 0
16 14
16 8
16 46
16 11
16 4
16 31
21
17 16
17 22
17 34
17 10
17 48
17 8
17 1
17 41
17 11
17 26
17 28
17 12
17 13
17 5
17 6
17 27
17 38
17 42
17 39
17 32
17 19
20
18 20
18 22
18 27
18 6
18 46
18 42
18 19
18 31
18 1
18 45
18 13
18 7
18 17
18 12
18 23
18 35
18 49
18 34
18 8
18 3
20
19 10
19 45
19 35
19 21
19 16
19 24
19 22
19 4
19 26
19 32
19 25
19 13
19 11
19 40
19 44
19 28
19 2
19 47
19 7
19 12
17
20 30
20 13
20 39
20 32
20 12
20 17
20 16
20 26
20 31
20 2
20 8
20 22
20 11
20 43
20 14
20 19
20 28
25
21 39
21 33
21 37
21 36
21 22
21 3
21 17
21 2
21 44
21 45
21 29
21 10
21 24
21 23
21 9
21 42
21 38
21 43
21 41
21 1
21 18
21 8
21 20
21 27
21 11
13
22 7
22 42
22 37
22 40
22 48
22 13
22 2
22 5
22 23
22 38
22 45
22 12
22 1
17
23 37
23 39
23 25
23 26
23 38
23 45
23 10
23 47
23 17
23 28
23 40
23 48
23 6
23 24
23 33
23 3
23 44
17
24 37
24 16
24 49
24 39
24 4
24 43
24 36
24 17
24 12
24 20
24 30
24 22
24 2
24 35
24 25
24 18
24 33
18
25 31
25 17
25 28
25 21
25 14
25 4
25 18
25 3
25 36
25 49
25 20
25 32
25 22
25 2
25 29
25 27
25 47
25 15
22
26 0
26 7
26 38
26 13
26 36
26 10
26 18
26 16
26 12
26 24
26 43
26 3
26 9
26 6
26 4
26 45
26 21
26 40
26 29
26 42
26 49
26 32
18
27 0
27 45
27 24
27 41
27 39
27 2
27 44
27 36
27 43
27 19
27 14
27 6
27 20
27 4
27 34
27 47
27 38
27 23
16
28 6
28 30
28 4
28 3
28 1
28 10
28 49
28 5
28 40
28 44
28 45
28 22
28 47
28 21
28 24
28 26
25
29 8
29 11
29 1
29 39
29 47
29 24
29 4
29 16
29 35
29 40
29 46
29 27
29 23
29 13
29 22
29 42
29 49
29 18
29 41
29 0
29 28
29 15
29 43
29 20
29 2
20
30 18
30 16
30 14
30 40
30 0
30 44
30 22
30 19
30 33
30 9
30 1
30 21
30 39
30 7
30 43
30 17
30 26
30 25
30 5
30 29
20
31 46
31 21
31 38
31 2
31 26
31 3
31 40
31 49
31 48
31 19
31 6
31 27
31 22
31 32
31 24
31 17
31 8
31 33
31 11
31 1
18
32 41
32 48
32 1
32 29
32 23
32 38
32 40
32 44
32 2
32 21
32 0
32 6
32 18
32 39
32 28
32 33
32 14
32 11
20
33 29
33 28
33 40
33 12
33 3
33 47
33 44
33 6
33 11
33 7
33 16
33 17
33 49
33 25
33 27
33 46
33 43
33 0
33 14
33 13
23
34 0
34 35
34 21
34 40
34 4
34 8
34 2
34 6
34 45
34 42
34 16
34 20
34 39
34 13
34 31
34 5
34 26
34 36
34 12
34 44
34 24
34 3
34 14
27
35 48
35 26
35 20
35 47
35 32
35 21
35 36
35 8
35 39
35 37
35 33
35 10
35 12
35 31
35 0
35 27
35 42
35 25
35 14
35 11
35 45
35 17
35 23
35 16
35 28
35 7
35 30
20
36 8
36 37
36 7
36 20
36 47
36 19
36 33
36 5
36 4
36 28
36 45
36 42
36 10
36 18
36 22
36 43
36 14
36 30
36 44
36 17
20
37 33
37 45
37 44
37 15
37 46
37 32
37 28
37 25
37 49
37 26
37 17
37 5
37 20
37 27
37 9
37 30
37 8
37 29
37 39
37 43
18
38 47
38 28
38 16
38 14
38 6
38 0
38 35
38 15
38 24
38 18
38 1
38 41
38 30
38 44
38 9
38 19
38 20
38 33
15
39 0
39 45
39 3
39 36
39 26
39 25
39 18
39 6
39 41
39 5
39 31
39 10
39 33
39 12
39 16
20
40 48
40 13
40 27
40 35
40 46
40 42
40 3
40 2
40 10
40 18
40 21
40 25
40 1
40 41
40 44
40 7
40 9
40 17
40 11
40 4
23
41 31
41 49
41 23
41 14
41 20
41 24
41 2
41 46
41 12
41 5
41 44
41 16
41 37
41 26
41 48
41 10
41 9
41 25
41 36
41 33
41 4
41 43
41 7
17
42 16
42 32
42 12
42 48
42 10
42 14
42 27
42 19
42 20
42 33
42 24
42 2
42 46
42 41
42 39
42 7
42 1
15
43 38
43 11
43 25
43 39
43 34
43 48
43 18
43 42
43 14
43 10
43 32
43 44
43 7
43 16
43 23
16
44 15
44 5
44 6
44 25
44 24
44 7
44 13
44 26
44 20
44 11
44 18
44 42
44 31
44 10
44 46
44 22
19
45 14
45 12
45 17
45 29
45 42
45 2
45 40
45 4
45 30
45 41
45 48
45 38
45 3
45 13
45 25
45 43
45 44
45 49
45 20
21
46 12
46 3
46 30
46 39
46 21
46 23
46 43
46 24
46 11
46 5
46 48
46 45
46 49
46 8
46 19
46 28
46 32
46 17
46 4
46 38
46 35
26
47 30
47 46
47 49
47 3
47 4
47 34
47 32
47 13
47 45
47 12
47 1
47 5
47 8
47 31
47 22
47 21
47 41
47 18
47 24
47 20
47 40
47 17
47 39
47 0
47 16
47 2
18
48 28
48 11
48 1
48 3
48 19
48 18
48 36
48 39
48 33
48 16
48 37
48 38
48 25
48 6
48 12
48 20
48 24
48 30
25
49 2
49 27
49 1
49 42
49 17
49 19
49 40
49 13
49 35
49 10
49 38
49 20
49 43
49 21
49 16
49 48
49 39
49 34
49 32
49 22
49 36
49 3
49 8
49 44
49 5
