50
0 "A27"
1 "A9"
2 "A36"
3 "A34"
4 "A44"
5 "A26"
6 "A19"
7 "A1"
8 "A24"
9 "A31"
10 "A22"
11 "A15"
12 "A25"
13 "A39"
14 "A46"
15 "A17"
16 "A21"
17 "A49"
18 "A2"
19 "A5"
20 "A41"
21 "A40"
22 "A45"
23 "A37"
24 "A14"
25 "A28"
26 "A43"
27 "A16"
28 "A48"
29 "A32"
30 "A8"
31 "A29"
32 "A11"
33 "A38"
34 "A0"
35 "A3"
36 "A33"
37 "A35"
38 "A13"
39 "A23"
40 "A47"
41 "A42"
42 "A12"
43 "A10"
44 "A18"
45 "A20"
46 "A7"
47 "A4"
48 "A6"
49 "A30"
19
0 33
0 13
0 10
0 38
0 3
0 22
0 12
0 4
0 30
0 34
0 40
0 7
0 29
0 15
0 36
0 35
0 17
0 45
0 9
22
1 14
1 2
1 45
1 17
1 20
1 6
1 40
1 25
1 13
1 43
1 16
1 22
1 7
1 32
1 24
1 30
1 11
1 29
1 31
1 46
1 48
1 4
25
2 12
2 0
2 35
2 23
2 7
2 24
2 44
2 17
2 14
2 34
2 39
2 31
2 16
2 6
2 28
2 36
2 11
2 40
2 49
2 32
2 15
2 46
2 13
2 41
2 4
28
3 29
3 30
3 7
3 16
3 35
3 33
3 22
3 38
3 27
3 25
3 43
3 21
3 1
3 34
3 19
3 11
3 39
3 5
3 12
3 8
3 42
3 15
3 48
3 37
3 9
3 4
3 44
3 49
21
4 31
4 28
4 48
4 5
4 11
4 42
4 25
4 29
4 18
4 12
4 22
4 16
4 6
4 34
4 20
4 14
4 39
4 41
4 35
4 8
4 49
21
5 20
5 42
5 8
5 35
5 13
5 11
5 14
5 36
5 47
5 29
5 2
5 17
5 27
5 16
5 38
5 41
5 37
5 28
5 39
5 1
5 34
19
6 23
6 41
6 38
6 3
6 48
6 0
6 14
6 22
6 27
6 44
6 35
6 31
6 16
6 26
6 36
6 21
6 34
6 19
6 25
13
7 5
7 39
7 44
7 6
7 27
7 47
7 12
7 17
7 4
7 31
7 35
7 45
7 29
16
8 29
8 10
8 35
8 7
8 0
8 2
8 13
8 23
8 32
8 46
8 9
8 49
8 12
8 18
8 11
8 47
21
9 27
9 29
9 43
9 42
9 4
9 10
9 45
9 13
9 37
9 31
9 38
9 11
9 2
9 19
9 12
9 28
9 26
9 1
9 6
9 18
9 33
22
10 43
10 34
10 47
10 37
10 45
10 28
10 40
10 2
10 20
10 29
10 19
10 4
10 30
10 3
10 18
10 42
10 23
10 49
10 46
10 11
10 32
10 39
22
11 36
11 45
11 21
11 0
11 7
11 48
11 29
11 37
11 26
11 49
11 25
11 18
11 43
11 33
11 47
11 39
11 42
11 46
11 22
11 31
11 38
11 28
17
12 6
12 19
12 48
12 5
12 11
12 16
12 47
12 34
12 24
12 40
12 18
12 46
12 33
12 13
12 28
12 45
12 27
21
13 14
13 43
13 48
13 41
13 18
13 32
13 47
13 38
13 44
13 28
13 16
13 11
13 39
13 35
13 4
13 25
13 7
13 3
13 46
13 36
13 19
23
14 40
14 17
14 11
14 3
14 49
14 30
14 27
14 46
14 25
14 7
14 29
14 34
14 24
14 22
14 32
14 39
14 10
14 8
14 0
14 42
14 12
14 38
14 20
26
15 48
15 9
15 25
15 27
15 14
15 1
15 7
15 30
15 46
15 20
15 41
15 35
15 17
15 34
15 32
15 16
15 39
15 31
15 40
15 22
15 10
15 6
15 28
15 38
15 42
15 4
16
16 31
16 36
16 38
16 22
16 9
16 47
16 14
16 44
16 41
16 37
16 27
16 43
16 30
16 0
16 10
16 39
14
17 4
17 35
17 10
17 3
17 27
17 33
17 18
17 16
17 8
17 12
17 9
17 11
17 21
17 41
25
18 38
18 31
18 26
18 2
18 21
18 25
18 16
18 24
18 27
18 0
18 20
18 7
18 42
18 1
18 14
18 33
18 34
18 28
18 41
18 48
18 30
18 36
18 49
18 23
18 5
23
19 25
19 14
19 36
19 18
19 4
19 41
19 47
19 20
19 2
19 44
19 48
19 30
19 32
19 7
19 22
19 23
19 5
19 0
19 27
19 40
19 49
19 24
19 33
23
20 40
20 25
20 38
20 42
20 43
20 46
20 48
20 35
20 23
20 45
20 30
20 31
20 3
20 16
20 9
20 44
20 7
20 47
20 49
20 2
20 22
20 13
20 41
27
21 15
21 14
21 43
21 24
21 47
21 13
21 44
21 7
21 0
21 22
21 41
21 9
21 29
21 46
21 40
21 2
21 12
21 33
21 32
21 27
21 16
21 25
21 8
21 35
21 36
21 1
21 42
16
22 48
22 25
22 49
22 12
22 29
22 46
22 13
22 36
22 8
22 34
22 23
22 17
22 38
22 18
22 39
22 37
19
23 7
23 27
23 25
23 28
23 0
23 24
23 33
23 13
23 14
23 42
23 11
23 26
23 1
23 3
23 21
23 39
23 9
23 45
23 38
19
24 8
24 36
24 5
24 11
24 25
24 48
24 39
24 15
24 46
24 35
24 40
24 13
24 4
24 42
24 10
24 32
24 3
24 31
24 20
17
25 31
25 44
25 0
25 2
25 26
25 8
25 38
25 34
25 39
25 43
25 41
25 37
25 5
25 16
25 36
25 27
25 12
22
26 16
26 43
26 2
26 13
26 40
26 24
26 15
26 3
26 17
26 1
26 8
26 22
26 47
26 30
26 34
26 20
26 14
26 45
26 49
26 19
26 10
26 12
17
27 44
27 45
27 48
27 31
27 26
27 11
27 49
27 42
27 24
27 20
27 8
27 13
27 2
27 34
27 47
27 40
27 43
13
28 41
28 8
28 44
28 36
28 21
28 6
28 38
28 30
28 25
28 19
28 29
28 39
28 16
22
29 32
29 48
29 45
29 36
29 34
29 42
29 20
29 15
29 23
29 17
29 38
29 27
29 47
29 26
29 13
29 30
29 33
29 6
29 16
29 37
29 24
29 12
17
30 12
30 39
30 24
30 5
30 45
30 27
30 21
30 13
30 11
30 32
30 9
30 34
30 6
30 42
30 22
30 23
30 17
17
31 10
31 40
31 12
31 5
31 28
31 48
31 19
31 32
31 49
31 3
31 43
31 13
31 26
31 21
31 23
31 35
31 39
21
32 17
32 3
32 23
32 27
32 46
32 48
32 28
32 40
32 4
32 11
32 12
32 22
32 7
32 25
32 34
32 26
32 35
32 33
32 0
32 42
32 16
22
33 31
33 45
33 8
33 20
33 24
33 10
33 16
33 30
33 2
33 14
33 40
33 38
33 7
33 37
33 46
33 26
33 49
33 15
33 41
33 35
33 13
33 48
16
34 13
34 1
34 19
34 7
34 47
34 39
34 46
34 24
34 9
34 21
34 28
34 8
34 33
34 35
34 20
34 38
19
35 1
35 29
35 18
35 14
35 19
35 43
35 28
35 47
35 12
35 48
35 16
35 22
35 38
35 23
35 27
35 40
35 9
35 49
35 30
19
36 42
36 7
36 27
36 15
36 32
36 1
36 10
36 48
36 47
36 45
36 34
36 26
36 35
36 43
36 23
36 38
36 49
36 12
36 4
26
37 38
37 28
37 19
37 18
37 31
37 12
37 1
37 0
37 8
37 24
37 32
37 44
37 41
37 40
37 7
37 17
37 4
37 35
37 30
37 49
37 46
37 34
37 6
37 21
37 23
37 42
13
38 43
38 49
38 26
38 19
38 30
38 41
38 42
38 24
38 12
38 1
38 7
38 10
38 4
17
39 6
39 20
39 21
39 44
39 38
39 33
39 0
39 46
39 12
39 27
39 48
39 19
39 42
39 35
39 1
39 9
39 37
19
40 17
40 38
40 42
40 34
40 13
40 39
40 16
40 36
40 23
40 18
40 5
40 4
40 3
40 7
40 29
40 28
40 11
40 25
40 41
15
41 31
41 3
41 7
41 26
41 45
41 27
41 8
41 12
41 11
41 10
41 9
41 24
41 14
41 39
41 30
17
42 17
42 13
42 6
42 19
42 0
42 12
42 34
42 43
42 31
42 26
42 41
42 16
42 28
42 25
42 22
42 33
42 8
15
43 30
43 15
43 24
43 23
43 8
43 32
43 4
43 18
43 6
43 7
43 0
43 40
43 34
43 19
43 39
22
44 48
44 14
44 29
44 4
44 12
44 42
44 23
44 43
44 26
44 30
44 38
44 49
44 18
44 17
44 5
44 9
44 0
44 32
44 34
44 47
44 41
44 15
26
45 32
45 18
45 28
45 2
45 22
45 19
45 31
45 14
45 49
45 17
45 25
45 8
45 4
45 24
45 21
45 34
45 13
45 44
45 38
45 42
45 35
45 3
45 43
45 16
45 6
45 37
19
46 4
46 31
46 25
46 19
46 27
46 9
46 28
46 5
46 40
46 41
46 35
46 47
46 16
46 43
46 17
46 49
46 26
46 29
46 23
18
47 41
47 25
47 28
47 49
47 3
47 2
47 42
47 1
47 24
47 17
47 31
47 22
47 0
47 37
47 4
47 40
47 18
47 33
16
48 42
48 37
48 8
48 2
48 28
48 30
48 21
48 7
48 40
48 45
48 5
48 0
48 17
48 46
48 41
48 43
17
49 15
49 40
49 42
49 13
49 21
49 25
49 48
49 17
49 41
49 23
49 7
49 1
49 28
49 43
49 32
49 6
49 34
