50
0 "A27"
1 "A9"
2 "A36"
3 "A34"
4 "A44"
5 "A26"
6 "A19"
7 "A1"
8 "A24"
9 "A31"
10 "A22"
11 "A15"
12 "A25"
13 "A39"
14 "A46"
15 "A17"
16 "A21"
17 "A49"
18 "A2"
19 "A5"
20 "A41"
21 "A40"
22 "A45"
23 "A37"
24 "A14"
25 "A28"
26 "A43"
27 "A16"
28 "A48"
29 "A32"
30 "A8"
31 "A29"
32 "A11"
33 "A38"
34 "A0"
35 "A3"
36 "A33"
37 "A35"
38 "A13"
39 "A23"
40 "A47"
41 "A42"
42 "A12"
43 "A10"
44 "A18"
45 "A20"
46 "A7"
47 "A4"
48 "A6"
49 "A30"
19
0 6
0 40
0 12
0 2
0 18
0 31
0 42
0 21
0 22
0 19
0 9
0 25
0 5
0 8
0 23
0 24
0 4
0 15
0 28
16
1 22
1 17
1 24
1 0
1 23
1 4
1 28
1 7
1 42
1 10
1 2
1 8
1 43
1 11
1 49
1 36
18
2 43
2 42
2 24
2 15
2 30
2 31
2 8
2 6
2 35
2 29
2 44
2 16
2 39
2 11
2 25
2 33
2 49
2 14
21
3 12
3 48
3 23
3 35
3 13
3 27
3 21
3 15
3 37
3 31
3 0
3 29
3 2
3 36
3 49
3 47
3 18
3 28
3 6
3 43
3 26
19
4 38
4 27
4 29
4 30
4 41
4 34
4 3
4 17
4 44
4 42
4 21
4 31
4 25
4 37
4 14
4 33
4 11
4 49
4 23
20
5 10
5 47
5 2
5 35
5 3
5 31
5 44
5 45
5 36
5 43
5 32
5 28
5 15
5 12
5 38
5 19
5 1
5 37
5 8
5 6
15
6 23
6 19
6 44
6 37
6 12
6 32
6 45
6 35
6 49
6 13
6 43
6 8
6 15
6 47
6 14
26
7 3
7 34
7 35
7 9
7 20
7 4
7 48
7 36
7 38
7 37
7 0
7 45
7 21
7 2
7 47
7 18
7 44
7 33
7 16
7 12
7 6
7 40
7 5
7 26
7 11
7 46
17
8 9
8 17
8 27
8 34
8 40
8 30
8 21
8 48
8 20
8 44
8 22
8 4
8 28
8 10
8 12
8 31
8 7
21
9 6
9 49
9 4
9 13
9 10
9 26
9 40
9 2
9 21
9 16
9 19
9 12
9 48
9 23
9 30
9 25
9 1
9 18
9 47
9 39
9 46
18
10 43
10 13
10 48
10 45
10 7
10 2
10 37
10 34
10 20
10 29
10 35
10 15
10 39
10 12
10 46
10 21
10 4
10 30
23
11 34
11 13
11 6
11 43
11 18
11 42
11 21
11 0
11 19
11 9
11 15
11 36
11 22
11 25
11 44
11 24
11 27
11 12
11 45
11 48
11 3
11 5
11 17
23
12 20
12 19
12 35
12 4
12 24
12 28
12 44
12 25
12 42
12 1
12 29
12 46
12 26
12 48
12 22
12 45
12 39
12 34
12 21
12 40
12 30
12 32
12 49
24
13 35
13 39
13 22
13 48
13 30
13 34
13 12
13 26
13 2
13 29
13 5
13 0
13 44
13 28
13 37
13 32
13 17
13 4
13 23
13 1
13 41
13 38
13 24
13 14
20
14 44
14 45
14 3
14 11
14 18
14 5
14 19
14 41
14 34
14 26
14 0
14 1
14 17
14 8
14 36
14 33
14 9
14 35
14 49
14 29
16
15 19
15 38
15 42
15 46
15 49
15 13
15 25
15 32
15 35
15 36
15 18
15 14
15 34
15 8
15 20
15 44
23
16 34
16 36
16 47
16 11
16 18
16 45
16 6
16 19
16 43
16 46
16 3
16 15
16 5
16 13
16 24
16 12
16 39
16 32
16 33
16 28
16 4
16 1
16 0
25
17 16
17 40
17 0
17 42
17 15
17 6
17 43
17 35
17 47
17 10
17 3
17 5
17 30
17 31
17 21
17 7
17 39
17 2
17 26
17 9
17 37
17 19
17 22
17 12
17 41
19
18 41
18 19
18 43
18 1
18 30
18 8
18 26
18 33
18 13
18 49
18 4
18 46
18 34
18 20
18 42
18 2
18 5
18 31
18 22
15
19 28
19 13
19 3
19 26
19 43
19 4
19 49
19 21
19 2
19 35
19 34
19 44
19 38
19 1
19 42
20
20 47
20 1
20 13
20 14
20 11
20 38
20 34
20 22
20 16
20 3
20 29
20 21
20 5
20 25
20 6
20 0
20 44
20 39
20 36
20 26
18
21 24
21 26
21 16
21 33
21 14
21 13
21 2
21 42
21 15
21 31
21 34
21 48
21 6
21 23
21 35
21 1
21 39
21 29
11
22 46
22 14
22 21
22 2
22 15
22 3
22 4
22 6
22 41
22 38
22 33
16
23 14
23 7
23 12
23 42
23 19
23 27
23 25
23 46
23 39
23 17
23 5
23 44
23 31
23 18
23 10
23 2
26
24 33
24 22
24 10
24 40
24 42
24 18
24 6
24 14
24 46
24 45
24 47
24 32
24 17
24 28
24 34
24 23
24 35
24 29
24 19
24 39
24 25
24 8
24 20
24 15
24 27
24 43
18
25 7
25 45
25 6
25 48
25 3
25 44
25 32
25 14
25 35
25 8
25 26
25 42
25 34
25 5
25 28
25 21
25 33
25 17
19
26 42
26 4
26 34
26 41
26 10
26 36
26 46
26 39
26 22
26 23
26 47
26 43
26 24
26 0
26 40
26 5
26 6
26 27
26 11
21
27 45
27 2
27 9
27 13
27 7
27 20
27 12
27 16
27 44
27 17
27 18
27 22
27 42
27 43
27 35
27 0
27 15
27 30
27 1
27 6
27 29
18
28 35
28 20
28 22
28 7
28 14
28 18
28 11
28 30
28 37
28 29
28 15
28 9
28 48
28 6
28 21
28 2
28 23
28 38
16
29 23
29 19
29 9
29 41
29 5
29 32
29 6
29 26
29 40
29 47
29 1
29 37
29 0
29 18
29 16
29 7
19
30 3
30 5
30 21
30 0
30 22
30 38
30 33
30 1
30 19
30 11
30 45
30 16
30 24
30 6
30 20
30 7
30 41
30 39
30 23
22
31 11
31 26
31 1
31 28
31 38
31 13
31 10
31 6
31 30
31 9
31 49
31 42
31 48
31 7
31 19
31 14
31 24
31 29
31 36
31 16
31 37
31 12
22
32 9
32 30
32 14
32 44
32 34
32 36
32 18
32 26
32 40
32 35
32 31
32 23
32 42
32 0
32 11
32 8
32 4
32 10
32 19
32 47
32 7
32 46
23
33 6
33 36
33 46
33 48
33 15
33 0
33 29
33 31
33 23
33 1
33 9
33 44
33 11
33 27
33 5
33 8
33 20
33 19
33 41
33 10
33 45
33 13
33 3
18
34 33
34 40
34 46
34 9
34 27
34 2
34 45
34 29
34 37
34 0
34 48
34 17
34 3
34 1
34 41
34 30
34 22
34 31
18
35 38
35 1
35 20
35 18
35 30
35 4
35 41
35 26
35 29
35 37
35 11
35 8
35 9
35 23
35 22
35 0
35 16
35 47
19
36 45
36 43
36 27
36 17
36 18
36 28
36 49
36 0
36 34
36 10
36 29
36 2
36 21
36 9
36 30
36 4
36 35
36 23
36 25
14
37 30
37 38
37 25
37 1
37 32
37 23
37 36
37 20
37 0
37 33
37 21
37 26
37 8
37 27
20
38 42
38 24
38 45
38 14
38 10
38 12
38 34
38 26
38 8
38 21
38 18
38 27
38 9
38 0
38 25
38 3
38 36
38 2
38 6
38 46
22
39 14
39 11
39 32
39 36
39 18
39 35
39 45
39 27
39 6
39 22
39 5
39 0
39 40
39 15
39 3
39 19
39 8
39 43
39 38
39 1
39 7
39 41
23
40 15
40 23
40 10
40 1
40 4
40 27
40 14
40 47
40 28
40 5
40 31
40 37
40 44
40 21
40 2
40 20
40 49
40 35
40 19
40 42
40 25
40 11
40 38
18
41 28
41 5
41 11
41 1
41 10
41 23
41 8
41 21
41 45
41 7
41 36
41 20
41 3
41 25
41 38
41 40
41 43
41 44
16
42 28
42 20
42 49
42 30
42 45
42 9
42 14
42 33
42 13
42 36
42 6
42 5
42 37
42 39
42 29
42 22
21
43 31
43 23
43 12
43 45
43 33
43 40
43 0
43 42
43 7
43 30
43 22
43 38
43 49
43 35
43 13
43 32
43 14
43 9
43 34
43 29
43 28
19
44 39
44 28
44 9
44 42
44 24
44 29
44 49
44 10
44 36
44 18
44 3
44 34
44 30
44 37
44 48
44 17
44 21
44 26
44 43
22
45 21
45 9
45 13
45 32
45 2
45 0
45 15
45 22
45 18
45 37
45 8
45 3
45 35
45 28
45 19
45 17
45 23
45 26
45 29
45 40
45 46
45 47
18
46 37
46 35
46 1
46 48
46 19
46 4
46 2
46 36
46 25
46 8
46 3
46 40
46 28
46 6
46 17
46 5
46 0
46 11
22
47 36
47 23
47 31
47 11
47 39
47 15
47 18
47 44
47 19
47 12
47 13
47 38
47 4
47 10
47 34
47 8
47 0
47 27
47 33
47 2
47 37
47 43
21
48 0
48 32
48 16
48 2
48 40
48 5
48 35
48 24
48 41
48 39
48 1
48 18
48 19
48 6
48 30
48 14
48 15
48 47
48 23
48 45
48 27
22
49 11
49 13
49 21
49 22
49 30
49 45
49 32
49 38
49 35
49 39
49 20
49 8
49 7
49 16
49 37
49 34
49 33
49 0
49 48
49 47
49 28
49 10
