50
0 "A33"
1 "A49"
2 "A22"
3 "A18"
4 "A8"
5 "A24"
6 "A39"
7 "A34"
8 "A9"
9 "A12"
10 "A26"
11 "A25"
12 "A2"
13 "A6"
14 "A23"
15 "A42"
16 "A29"
17 "A37"
18 "A10"
19 "A31"
20 "A4"
21 "A41"
22 "A27"
23 "A0"
24 "A17"
25 "A20"
26 "A30"
27 "A36"
28 "A46"
29 "A5"
30 "A44"
31 "A1"
32 "A28"
33 "A3"
34 "A16"
35 "A47"
36 "A14"
37 "A40"
38 "A45"
39 "A19"
40 "A21"
41 "A15"
42 "A13"
43 "A7"
44 "A35"
45 "A32"
46 "A43"
47 "A11"
48 "A38"
49 "A48"
18
0 26
0 40
0 46
0 21
0 7
0 35
0 10
0 9
0 45
0 37
0 16
0 1
0 4
0 20
0 43
0 28
0 8
0 44
18
1 26
1 40
1 34
1 18
1 36
1 37
1 22
1 15
1 44
1 45
1 25
1 13
1 16
1 41
1 3
1 30
1 20
1 39
21
2 12
2 47
2 34
2 35
2 45
2 13
2 28
2 16
2 23
2 7
2 4
2 14
2 17
2 19
2 25
2 26
2 1
2 48
2 9
2 46
2 39
24
3 41
3 47
3 22
3 24
3 4
3 30
3 7
3 6
3 42
3 43
3 44
3 12
3 5
3 9
3 8
3 16
3 37
3 40
3 15
3 20
3 14
3 19
3 28
3 21
20
4 26
4 23
4 1
4 13
4 46
4 39
4 9
4 43
4 45
4 34
4 30
4 21
4 8
4 15
4 20
4 14
4 22
4 36
4 17
4 19
20
5 10
5 47
5 23
5 46
5 45
5 21
5 39
5 40
5 44
5 19
5 37
5 2
5 0
5 24
5 6
5 34
5 11
5 15
5 35
5 4
28
6 10
6 31
6 43
6 8
6 45
6 13
6 15
6 20
6 44
6 2
6 26
6 23
6 17
6 4
6 7
6 47
6 28
6 36
6 29
6 46
6 27
6 9
6 38
6 39
6 19
6 25
6 32
6 22
18
7 19
7 16
7 37
7 11
7 47
7 27
7 43
7 21
7 31
7 25
7 35
7 26
7 14
7 1
7 4
7 23
7 30
7 22
17
8 21
8 45
8 37
8 5
8 10
8 13
8 48
8 36
8 18
8 39
8 30
8 47
8 19
8 27
8 20
8 25
8 16
19
9 18
9 30
9 16
9 5
9 12
9 35
9 36
9 28
9 42
9 1
9 46
9 22
9 47
9 26
9 39
9 43
9 34
9 8
9 7
18
10 21
10 27
10 40
10 34
10 11
10 17
10 33
10 37
10 44
10 9
10 26
10 18
10 46
10 48
10 47
10 1
10 36
10 7
24
11 21
11 32
11 43
11 48
11 49
11 41
11 23
11 45
11 20
11 46
11 22
11 31
11 6
11 17
11 19
11 40
11 15
11 28
11 26
11 8
11 27
11 14
11 4
11 36
20
12 6
12 34
12 0
12 1
12 8
12 14
12 4
12 5
12 35
12 44
12 26
12 33
12 43
12 45
12 30
12 21
12 11
12 31
12 7
12 15
19
13 9
13 15
13 10
13 12
13 40
13 48
13 45
13 20
13 7
13 36
13 31
13 5
13 22
13 19
13 29
13 23
13 16
13 14
13 37
19
14 18
14 1
14 27
14 34
14 29
14 49
14 46
14 9
14 32
14 37
14 25
14 17
14 40
14 38
14 43
14 5
14 8
14 41
14 33
21
15 42
15 46
15 36
15 37
15 41
15 49
15 21
15 2
15 7
15 44
15 18
15 30
15 39
15 40
15 9
15 23
15 26
15 24
15 20
15 17
15 22
21
16 15
16 6
16 34
16 22
16 42
16 21
16 18
16 5
16 10
16 39
16 46
16 48
16 40
16 11
16 32
16 28
16 14
16 29
16 31
16 23
16 27
23
17 48
17 22
17 28
17 27
17 31
17 26
17 5
17 40
17 16
17 35
17 3
17 39
17 47
17 8
17 1
17 25
17 49
17 21
17 46
17 12
17 13
17 18
17 44
22
18 21
18 39
18 12
18 32
18 42
18 49
18 6
18 37
18 2
18 11
18 5
18 20
18 26
18 28
18 29
18 43
18 4
18 38
18 7
18 3
18 27
18 46
21
19 47
19 26
19 38
19 10
19 0
19 15
19 29
19 16
19 25
19 27
19 43
19 28
19 12
19 32
19 9
19 40
19 36
19 23
19 35
19 46
19 22
24
20 2
20 14
20 12
20 9
20 17
20 44
20 32
20 49
20 25
20 47
20 5
20 16
20 33
20 48
20 28
20 27
20 42
20 41
20 19
20 30
20 24
20 22
20 46
20 34
15
21 37
21 13
21 25
21 48
21 41
21 6
21 32
21 14
21 9
21 30
21 44
21 35
21 47
21 27
21 1
16
22 35
22 32
22 2
22 43
22 41
22 23
22 18
22 47
22 38
22 12
22 37
22 21
22 34
22 48
22 28
22 30
14
23 47
23 29
23 20
23 38
23 12
23 35
23 45
23 14
23 39
23 0
23 21
23 9
23 32
23 31
27
24 22
24 14
24 48
24 46
24 16
24 4
24 2
24 1
24 23
24 27
24 11
24 13
24 18
24 33
24 41
24 10
24 7
24 21
24 0
24 25
24 19
24 12
24 29
24 47
24 32
24 35
24 45
19
25 30
25 9
25 45
25 35
25 5
25 16
25 4
25 18
25 26
25 10
25 3
25 0
25 44
25 22
25 39
25 15
25 40
25 31
25 36
21
26 24
26 32
26 3
26 29
26 49
26 8
26 30
26 23
26 39
26 22
26 42
26 21
26 35
26 34
26 41
26 14
26 48
26 20
26 44
26 13
26 46
18
27 29
27 15
27 44
27 0
27 12
27 13
27 40
27 32
27 23
27 28
27 5
27 41
27 43
27 9
27 48
27 26
27 38
27 37
19
28 44
28 12
28 40
28 42
28 47
28 32
28 24
28 13
28 5
28 37
28 10
28 39
28 31
28 21
28 1
28 15
28 14
28 4
28 34
16
29 40
29 20
29 30
29 1
29 21
29 0
29 5
29 11
29 36
29 7
29 32
29 10
29 35
29 47
29 48
29 4
20
30 45
30 37
30 17
30 11
30 35
30 14
30 47
30 16
30 42
30 23
30 28
30 24
30 32
30 40
30 33
30 18
30 44
30 19
30 48
30 2
20
31 36
31 19
31 38
31 42
31 18
31 29
31 43
31 2
31 21
31 9
31 24
31 45
31 30
31 0
31 46
31 20
31 37
31 14
31 4
31 49
17
32 47
32 8
32 34
32 37
32 10
32 15
32 2
32 43
32 4
32 35
32 1
32 9
32 38
32 0
32 3
32 12
32 7
22
33 26
33 44
33 3
33 29
33 7
33 15
33 31
33 17
33 36
33 11
33 6
33 32
33 21
33 45
33 38
33 9
33 25
33 28
33 8
33 46
33 23
33 18
18
34 21
34 3
34 25
34 7
34 36
34 17
34 30
34 39
34 45
34 27
34 11
34 6
34 47
34 19
34 49
34 41
34 29
34 18
17
35 15
35 1
35 27
35 16
35 14
35 31
35 34
35 6
35 49
35 10
35 28
35 48
35 45
35 38
35 40
35 8
35 18
17
36 22
36 0
36 32
36 35
36 16
36 24
36 42
36 30
36 14
36 26
36 7
36 17
36 23
36 28
36 2
36 43
36 39
17
37 2
37 42
37 9
37 33
37 36
37 17
37 41
37 24
37 43
37 4
37 25
37 47
37 19
37 6
37 45
37 40
37 16
19
38 36
38 11
38 16
38 29
38 3
38 10
38 26
38 4
38 34
38 21
38 8
38 41
38 9
38 5
38 17
38 37
38 1
38 2
38 7
20
39 37
39 12
39 41
39 7
39 32
39 24
39 29
39 10
39 31
39 27
39 21
39 13
39 42
39 46
39 30
39 35
39 14
39 43
39 11
39 19
17
40 38
40 23
40 47
40 26
40 22
40 33
40 2
40 32
40 8
40 7
40 39
40 9
40 21
40 20
40 44
40 18
40 12
22
41 28
41 40
41 32
41 6
41 30
41 43
41 17
41 35
41 7
41 9
41 0
41 5
41 33
41 10
41 4
41 29
41 46
41 45
41 23
41 18
41 49
41 42
27
42 19
42 6
42 48
42 35
42 11
42 12
42 43
42 47
42 34
42 22
42 1
42 29
42 33
42 7
42 32
42 10
42 23
42 8
42 25
42 2
42 40
42 0
42 38
42 17
42 46
42 13
42 27
13
43 45
43 16
43 28
43 30
43 34
43 8
43 15
43 40
43 13
43 21
43 1
43 10
43 26
22
44 4
44 7
44 2
44 29
44 43
44 9
44 8
44 13
44 35
44 19
44 34
44 16
44 14
44 36
44 39
44 48
44 41
44 24
44 23
44 18
44 45
44 38
18
45 3
45 28
45 7
45 10
45 48
45 27
45 19
45 9
45 32
45 20
45 22
45 15
45 17
45 16
45 29
45 26
45 42
45 21
16
46 1
46 35
46 27
46 13
46 48
46 12
46 44
46 25
46 23
46 7
46 21
46 28
46 38
46 3
46 30
46 49
19
47 39
47 36
47 41
47 11
47 45
47 43
47 38
47 31
47 44
47 0
47 27
47 14
47 18
47 35
47 4
47 12
47 16
47 1
47 13
14
48 34
48 25
48 37
48 7
48 0
48 12
48 38
48 39
48 5
48 49
48 18
48 9
48 14
48 36
25
49 8
49 23
49 7
49 16
49 43
49 25
49 5
49 0
49 3
49 13
49 36
49 33
49 19
49 40
49 39
49 6
49 45
49 10
49 1
49 37
49 9
49 47
49 29
49 28
49 42
