50
0 "A33"
1 "A49"
2 "A22"
3 "A18"
4 "A8"
5 "A24"
6 "A39"
7 "A34"
8 "A9"
9 "A12"
10 "A26"
11 "A25"
12 "A2"
13 "A6"
14 "A23"
15 "A42"
16 "A29"
17 "A37"
18 "A10"
19 "A31"
20 "A4"
21 "A41"
22 "A27"
23 "A0"
24 "A17"
25 "A20"
26 "A30"
27 "A36"
28 "A46"
29 "A5"
30 "A44"
31 "A1"
32 "A28"
33 "A3"
34 "A16"
35 "A47"
36 "A14"
37 "A40"
38 "A45"
39 "A19"
40 "A21"
41 "A15"
42 "A13"
43 "A7"
44 "A35"
45 "A32"
46 "A43"
47 "A11"
48 "A38"
49 "A48"
19
0 47
0 42
0 40
0 4
0 16
0 45
0 46
0 21
0 28
0 9
0 1
0 20
0 37
0 10
0 19
0 41
0 14
0 13
0 34
16
1 30
1 20
1 45
1 25
1 41
1 3
1 34
1 26
1 48
1 43
1 36
1 5
1 27
1 22
1 13
1 16
20
2 39
2 13
2 1
2 3
2 28
2 21
2 8
2 34
2 14
2 20
2 48
2 41
2 23
2 16
2 24
2 19
2 25
2 9
2 46
2 22
30
3 37
3 24
3 4
3 28
3 7
3 6
3 42
3 5
3 12
3 33
3 46
3 19
3 40
3 15
3 14
3 9
3 16
3 8
3 20
3 22
3 0
3 48
3 32
3 47
3 43
3 29
3 39
3 11
3 35
3 49
22
4 21
4 26
4 23
4 1
4 13
4 46
4 9
4 34
4 43
4 12
4 35
4 45
4 10
4 22
4 17
4 19
4 15
4 25
4 31
4 27
4 14
4 6
22
5 39
5 6
5 19
5 11
5 27
5 44
5 37
5 36
5 33
5 4
5 2
5 0
5 31
5 43
5 15
5 29
5 47
5 21
5 34
5 45
5 40
5 49
23
6 36
6 22
6 39
6 31
6 43
6 29
6 26
6 47
6 13
6 21
6 7
6 2
6 25
6 14
6 23
6 30
6 32
6 34
6 17
6 20
6 19
6 27
6 0
19
7 30
7 26
7 21
7 1
7 4
7 23
7 19
7 5
7 14
7 42
7 16
7 39
7 22
7 11
7 35
7 27
7 43
7 8
7 37
17
8 13
8 34
8 19
8 10
8 25
8 30
8 47
8 28
8 11
8 1
8 22
8 39
8 21
8 37
8 45
8 5
8 36
18
9 39
9 47
9 24
9 11
9 22
9 20
9 16
9 26
9 7
9 15
9 1
9 18
9 42
9 43
9 36
9 8
9 28
9 17
20
10 11
10 26
10 33
10 9
10 20
10 48
10 34
10 17
10 1
10 5
10 46
10 24
10 36
10 14
10 31
10 7
10 32
10 27
10 21
10 23
21
11 43
11 22
11 27
11 4
11 19
11 28
11 18
11 12
11 6
11 13
11 26
11 2
11 36
11 44
11 15
11 31
11 48
11 21
11 41
11 30
11 32
19
12 20
12 1
12 31
12 26
12 29
12 5
12 8
12 9
12 36
12 21
12 40
12 25
12 27
12 0
12 30
12 19
12 7
12 33
12 10
23
13 29
13 36
13 16
13 14
13 20
13 15
13 10
13 30
13 48
13 45
13 7
13 31
13 26
13 25
13 39
13 35
13 19
13 5
13 41
13 28
13 22
13 47
13 27
19
14 40
14 5
14 41
14 33
14 38
14 29
14 43
14 31
14 27
14 34
14 22
14 8
14 49
14 45
14 17
14 9
14 37
14 19
14 25
21
15 37
15 41
15 26
15 21
15 2
15 7
15 1
15 34
15 10
15 12
15 18
15 30
15 8
15 40
15 44
15 22
15 17
15 24
15 20
15 46
15 36
21
16 11
16 10
16 29
16 23
16 15
16 34
16 21
16 33
16 12
16 4
16 20
16 5
16 22
16 27
16 6
16 31
16 45
16 28
16 40
16 39
16 48
21
17 16
17 3
17 35
17 39
17 28
17 8
17 42
17 46
17 27
17 19
17 1
17 37
17 29
17 18
17 0
17 23
17 11
17 44
17 21
17 43
17 5
22
18 28
18 37
18 8
18 21
18 10
18 3
18 32
18 12
18 39
18 42
18 2
18 7
18 26
18 1
18 27
18 23
18 5
18 43
18 16
18 4
18 38
18 29
18
19 35
19 34
19 48
19 38
19 41
19 29
19 49
19 10
19 1
19 43
19 26
19 15
19 42
19 24
19 32
19 36
19 23
19 9
24
20 28
20 45
20 17
20 8
20 5
20 24
20 33
20 22
20 27
20 18
20 38
20 30
20 7
20 37
20 41
20 42
20 19
20 46
20 48
20 44
20 32
20 4
20 25
20 11
14
21 26
21 1
21 47
21 23
21 44
21 3
21 9
21 13
21 37
21 48
21 14
21 41
21 34
21 27
19
22 32
22 36
22 0
22 37
22 41
22 21
22 28
22 38
22 12
22 30
22 35
22 18
22 44
22 5
22 43
22 17
22 33
22 10
22 19
15
23 3
23 45
23 35
23 44
23 31
23 34
23 33
23 20
23 0
23 5
23 36
23 30
23 9
23 8
23 47
26
24 45
24 23
24 27
24 1
24 13
24 11
24 17
24 41
24 35
24 21
24 0
24 29
24 28
24 47
24 4
24 38
24 22
24 16
24 43
24 5
24 14
24 33
24 12
24 18
24 46
24 42
23
25 9
25 23
25 35
25 10
25 21
25 17
25 36
25 44
25 38
25 7
25 3
25 49
25 0
25 45
25 22
25 29
25 31
25 5
25 46
25 30
25 24
25 42
25 27
17
26 24
26 5
26 39
26 0
26 46
26 45
26 20
26 35
26 41
26 14
26 48
26 28
26 49
26 25
26 8
26 44
26 30
14
27 45
27 9
27 30
27 37
27 0
27 3
27 23
27 38
27 43
27 44
27 40
27 28
27 19
27 31
13
28 15
28 4
28 32
28 34
28 21
28 47
28 1
28 39
28 5
28 40
28 6
28 25
28 44
19
29 0
29 27
29 48
29 42
29 9
29 1
29 47
29 22
29 40
29 4
29 11
29 15
29 32
29 10
29 21
29 28
29 35
29 38
29 8
16
30 3
30 17
30 5
30 14
30 10
30 47
30 16
30 9
30 42
30 28
30 2
30 35
30 45
30 21
30 32
30 34
17
31 2
31 49
31 42
31 33
31 9
31 43
31 30
31 15
31 36
31 20
31 18
31 37
31 24
31 28
31 8
31 22
31 34
17
32 45
32 5
32 34
32 47
32 17
32 1
32 7
32 24
32 15
32 14
32 9
32 49
32 2
32 12
32 25
32 4
32 35
19
33 27
33 8
33 28
33 13
33 15
33 7
33 9
33 34
33 18
33 26
33 44
33 45
33 17
33 25
33 4
33 48
33 32
33 2
33 39
16
34 3
34 39
34 25
34 18
34 17
34 12
34 41
34 46
34 29
34 11
34 45
34 20
34 27
34 24
34 49
34 37
18
35 40
35 33
35 38
35 18
35 1
35 28
35 31
35 45
35 27
35 2
35 10
35 34
35 6
35 0
35 37
35 8
35 15
35 12
21
36 39
36 32
36 27
36 3
36 0
36 28
36 18
36 40
36 42
36 26
36 24
36 16
36 17
36 7
36 21
36 43
36 30
36 2
36 20
36 34
36 4
18
37 29
37 40
37 30
37 44
37 42
37 26
37 43
37 25
37 16
37 24
37 36
37 11
37 47
37 33
37 12
37 32
37 19
37 6
26
38 1
38 7
38 26
38 11
38 16
38 9
38 3
38 12
38 28
38 30
38 10
38 4
38 32
38 37
38 13
38 0
38 48
38 34
38 21
38 8
38 15
38 2
38 41
38 5
38 17
38 45
20
39 19
39 41
39 32
39 27
39 12
39 35
39 29
39 0
39 10
39 31
39 44
39 30
39 22
39 37
39 1
39 15
39 21
39 25
39 11
39 14
16
40 8
40 22
40 26
40 21
40 47
40 48
40 23
40 1
40 25
40 33
40 6
40 45
40 38
40 42
40 32
40 30
21
41 28
41 40
41 32
41 35
41 3
41 10
41 43
41 23
41 7
41 31
41 9
41 45
41 46
41 25
41 8
41 5
41 29
41 18
41 16
41 30
41 4
23
42 43
42 8
42 38
42 47
42 26
42 1
42 33
42 23
42 34
42 15
42 5
42 2
42 48
42 28
42 32
42 22
42 27
42 13
42 10
42 21
42 14
42 6
42 11
17
43 21
43 15
43 26
43 28
43 30
43 40
43 33
43 34
43 45
43 46
43 48
43 25
43 35
43 39
43 20
43 10
43 23
21
44 18
44 45
44 38
44 4
44 7
44 49
44 34
44 2
44 8
44 13
44 1
44 35
44 16
44 29
44 10
44 42
44 48
44 24
44 36
44 19
44 9
17
45 22
45 28
45 46
45 7
45 12
45 29
45 9
45 39
45 19
45 48
45 3
45 37
45 15
45 18
45 42
45 17
45 21
21
46 38
46 42
46 35
46 44
46 30
46 19
46 33
46 22
46 7
46 18
46 36
46 16
46 28
46 6
46 32
46 49
46 27
46 47
46 12
46 23
46 14
21
47 35
47 38
47 16
47 44
47 45
47 36
47 10
47 27
47 1
47 7
47 26
47 48
47 33
47 41
47 18
47 43
47 15
47 31
47 11
47 17
47 14
17
48 14
48 27
48 4
48 12
48 37
48 0
48 31
48 25
48 15
48 17
48 39
48 5
48 49
48 18
48 23
48 36
48 46
23
49 13
49 8
49 24
49 23
49 45
49 7
49 9
49 2
49 29
49 40
49 10
49 6
49 20
49 12
49 43
49 4
49 35
49 0
49 22
49 1
49 16
49 47
49 36
