50
0 "A33"
1 "A49"
2 "A22"
3 "A18"
4 "A8"
5 "A24"
6 "A39"
7 "A34"
8 "A9"
9 "A12"
10 "A26"
11 "A25"
12 "A2"
13 "A6"
14 "A23"
15 "A42"
16 "A29"
17 "A37"
18 "A10"
19 "A31"
20 "A4"
21 "A41"
22 "A27"
23 "A0"
24 "A17"
25 "A20"
26 "A30"
27 "A36"
28 "A46"
29 "A5"
30 "A44"
31 "A1"
32 "A28"
33 "A3"
34 "A16"
35 "A47"
36 "A14"
37 "A40"
38 "A45"
39 "A19"
40 "A21"
41 "A15"
42 "A13"
43 "A7"
44 "A35"
45 "A32"
46 "A43"
47 "A11"
48 "A38"
49 "A48"
16
0 2
0 38
0 16
0 44
0 14
0 4
0 21
0 34
0 15
0 31
0 20
0 43
0 47
0 9
0 18
0 33
19
1 32
1 22
1 16
1 5
1 6
1 20
1 41
1 2
1 10
1 29
1 0
1 23
1 8
1 12
1 36
1 11
1 25
1 46
1 35
18
2 18
2 34
2 7
2 14
2 30
2 19
2 9
2 3
2 24
2 47
2 8
2 48
2 46
2 21
2 35
2 16
2 22
2 20
28
3 28
3 26
3 20
3 42
3 7
3 6
3 48
3 4
3 12
3 0
3 46
3 31
3 14
3 49
3 30
3 10
3 19
3 16
3 43
3 29
3 39
3 37
3 22
3 1
3 5
3 15
3 23
3 24
21
4 27
4 17
4 2
4 13
4 49
4 30
4 26
4 19
4 40
4 21
4 25
4 43
4 45
4 14
4 10
4 42
4 22
4 34
4 12
4 9
4 35
20
5 29
5 6
5 28
5 4
5 39
5 11
5 15
5 9
5 21
5 42
5 31
5 20
5 35
5 26
5 36
5 33
5 7
5 43
5 27
5 47
23
6 43
6 4
6 12
6 29
6 19
6 20
6 33
6 23
6 8
6 39
6 44
6 22
6 31
6 13
6 24
6 0
6 41
6 21
6 30
6 45
6 2
6 27
6 18
17
7 41
7 23
7 19
7 1
7 4
7 39
7 24
7 14
7 42
7 30
7 0
7 17
7 21
7 28
7 33
7 29
7 31
17
8 37
8 26
8 30
8 3
8 34
8 0
8 36
8 28
8 11
8 16
8 7
8 32
8 10
8 49
8 19
8 14
8 15
19
9 47
9 7
9 15
9 23
9 34
9 17
9 11
9 1
9 18
9 39
9 10
9 24
9 8
9 35
9 49
9 31
9 22
9 43
9 26
13
10 14
10 21
10 6
10 46
10 37
10 48
10 26
10 22
10 18
10 5
10 33
10 0
10 7
25
11 41
11 4
11 46
11 44
11 28
11 3
11 45
11 6
11 18
11 13
11 26
11 2
11 36
11 27
11 10
11 48
11 31
11 24
11 19
11 38
11 49
11 0
11 22
11 37
11 32
23
12 44
12 8
12 27
12 19
12 33
12 0
12 29
12 49
12 30
12 13
12 9
12 20
12 2
12 7
12 28
12 40
12 47
12 11
12 35
12 21
12 5
12 36
12 34
22
13 35
13 16
13 0
13 5
13 39
13 19
13 18
13 22
13 48
13 46
13 30
13 26
13 42
13 37
13 49
13 28
13 9
13 2
13 10
13 31
13 47
13 29
20
14 1
14 35
14 5
14 34
14 33
14 40
14 22
14 46
14 49
14 47
14 17
14 20
14 23
14 18
14 27
14 26
14 13
14 38
14 24
14 19
20
15 41
15 4
15 12
15 23
15 44
15 22
15 49
15 26
15 39
15 21
15 7
15 17
15 2
15 14
15 10
15 46
15 6
15 28
15 37
15 20
20
16 36
16 31
16 12
16 45
16 11
16 10
16 22
16 23
16 15
16 34
16 27
16 33
16 25
16 9
16 32
16 7
16 20
16 21
16 29
16 40
19
17 8
17 29
17 35
17 1
17 21
17 44
17 37
17 5
17 27
17 42
17 10
17 6
17 18
17 19
17 22
17 11
17 49
17 30
17 43
19
18 29
18 28
18 3
18 39
18 30
18 40
18 48
18 15
18 45
18 46
18 37
18 7
18 26
18 1
18 35
18 24
18 19
18 5
18 8
23
19 47
19 24
19 36
19 48
19 49
19 22
19 10
19 40
19 1
19 9
19 23
19 26
19 38
19 43
19 30
19 25
19 0
19 35
19 42
19 21
19 15
19 39
19 5
20
20 25
20 39
20 24
20 46
20 45
20 23
20 10
20 18
20 35
20 36
20 29
20 40
20 26
20 21
20 4
20 38
20 19
20 32
20 42
20 8
18
21 22
21 34
21 30
21 39
21 27
21 1
21 46
21 13
21 23
21 32
21 3
21 28
21 9
21 8
21 37
21 14
21 31
21 41
15
22 12
22 35
22 36
22 40
22 20
22 43
22 29
22 44
22 24
22 5
22 46
22 47
22 37
22 0
22 38
21
23 22
23 45
23 48
23 30
23 28
23 40
23 31
23 34
23 18
23 2
23 8
23 36
23 0
23 47
23 39
23 49
23 44
23 13
23 33
23 17
23 29
25
24 0
24 23
24 27
24 38
24 13
24 42
24 4
24 41
24 35
24 34
24 46
24 21
24 33
24 5
24 17
24 30
24 26
24 16
24 43
24 47
24 15
24 8
24 28
24 39
24 29
26
25 46
25 17
25 7
25 26
25 9
25 23
25 2
25 33
25 24
25 35
25 29
25 11
25 45
25 6
25 36
25 44
25 21
25 18
25 8
25 49
25 12
25 15
25 10
25 30
25 3
25 5
14
26 44
26 0
26 7
26 6
26 16
26 45
26 28
26 2
26 40
26 23
26 1
26 35
26 39
26 30
15
27 40
27 44
27 19
27 38
27 37
27 30
27 7
27 0
27 47
27 13
27 15
27 31
27 10
27 20
27 26
15
28 32
28 45
28 33
28 6
28 48
28 1
28 25
28 47
28 19
28 40
28 31
28 39
28 20
28 4
28 42
13
29 47
29 36
29 27
29 9
29 45
29 48
29 40
29 33
29 42
29 10
29 39
29 11
29 35
12
30 45
30 16
30 5
30 34
30 42
30 44
30 28
30 35
30 38
30 29
30 41
30 32
17
31 49
31 1
31 17
31 33
31 36
31 14
31 34
31 4
31 8
31 38
31 29
31 30
31 48
31 37
31 10
31 25
31 18
21
32 14
32 18
32 3
32 46
32 43
32 4
32 5
32 47
32 19
32 23
32 37
32 24
32 2
32 26
32 0
32 13
32 10
32 9
32 15
32 17
32 12
19
33 44
33 43
33 1
33 26
33 18
33 32
33 9
33 4
33 41
33 15
33 35
33 13
33 21
33 20
33 8
33 17
33 27
33 2
33 46
18
34 26
34 20
34 29
34 27
34 37
34 11
34 17
34 25
34 18
34 48
34 32
34 10
34 3
34 39
34 1
34 47
34 46
34 45
16
35 0
35 16
35 27
35 48
35 34
35 42
35 11
35 47
35 37
35 23
35 3
35 8
35 15
35 31
35 28
35 38
23
36 43
36 34
36 2
36 32
36 41
36 17
36 10
36 27
36 30
36 28
36 46
36 18
36 3
36 9
36 14
36 35
36 38
36 26
36 24
36 7
36 4
36 21
36 33
23
37 0
37 19
37 29
37 40
37 30
37 7
37 28
37 4
37 49
37 43
37 12
37 23
37 44
37 25
37 20
37 46
37 1
37 42
37 9
37 39
37 41
37 36
37 24
23
38 28
38 1
38 7
38 26
38 17
38 16
38 9
38 3
38 37
38 4
38 25
38 15
38 2
38 48
38 34
38 32
38 21
38 10
38 8
38 41
38 33
38 5
38 43
19
39 17
39 49
39 12
39 1
39 30
39 22
39 31
39 0
39 43
39 25
39 11
39 36
39 40
39 2
39 14
39 44
39 41
39 32
39 27
23
40 25
40 21
40 6
40 11
40 7
40 30
40 32
40 8
40 10
40 44
40 34
40 3
40 17
40 31
40 0
40 42
40 46
40 47
40 9
40 1
40 45
40 5
40 33
21
41 20
41 25
41 19
41 29
41 18
41 4
41 8
41 28
41 2
41 9
41 32
41 23
41 5
41 22
41 10
41 0
41 13
41 16
41 26
41 27
41 14
23
42 6
42 12
42 1
42 9
42 47
42 8
42 16
42 27
42 43
42 45
42 21
42 26
42 18
42 41
42 22
42 36
42 14
42 31
42 25
42 0
42 15
42 11
42 39
18
43 48
43 46
43 35
43 21
43 10
43 14
43 23
43 28
43 27
43 2
43 41
43 40
43 25
43 20
43 29
43 12
43 13
43 26
18
44 42
44 9
44 32
44 29
44 16
44 10
44 48
44 35
44 45
44 3
44 2
44 13
44 36
44 14
44 8
44 19
44 28
44 4
19
45 27
45 32
45 9
45 46
45 37
45 0
45 2
45 24
45 15
45 31
45 3
45 39
45 21
45 10
45 12
45 35
45 22
45 33
45 13
20
46 30
46 0
46 47
46 17
46 42
46 44
46 31
46 7
46 28
46 6
46 12
46 23
46 49
46 38
46 8
46 19
46 41
46 27
46 5
46 39
18
47 10
47 44
47 8
47 38
47 17
47 36
47 45
47 33
47 1
47 43
47 11
47 6
47 15
47 25
47 31
47 39
47 26
47 4
22
48 46
48 27
48 9
48 4
48 12
48 39
48 8
48 26
48 25
48 37
48 5
48 7
48 17
48 49
48 0
48 40
48 32
48 42
48 22
48 21
48 47
48 6
23
49 18
49 2
49 43
49 40
49 10
49 6
49 22
49 0
49 35
49 16
49 36
49 28
49 41
49 21
49 27
49 29
49 34
49 42
49 32
49 1
49 45
49 7
49 20
