50
0 "A33"
1 "A49"
2 "A22"
3 "A18"
4 "A8"
5 "A24"
6 "A39"
7 "A34"
8 "A9"
9 "A12"
10 "A26"
11 "A25"
12 "A2"
13 "A6"
14 "A23"
15 "A42"
16 "A29"
17 "A37"
18 "A10"
19 "A31"
20 "A4"
21 "A41"
22 "A27"
23 "A0"
24 "A17"
25 "A20"
26 "A30"
27 "A36"
28 "A46"
29 "A5"
30 "A44"
31 "A1"
32 "A28"
33 "A3"
34 "A16"
35 "A47"
36 "A14"
37 "A40"
38 "A45"
39 "A19"
40 "A21"
41 "A15"
42 "A13"
43 "A7"
44 "A35"
45 "A32"
46 "A43"
47 "A11"
48 "A38"
49 "A48"
23
0 47
0 48
0 37
0 11
0 32
0 45
0 3
0 8
0 2
0 13
0 15
0 24
0 33
0 22
0 30
0 1
0 28
0 18
0 14
0 17
0 21
0 44
0 26
17
1 24
1 30
1 13
1 41
1 46
1 28
1 29
1 25
1 15
1 11
1 45
1 43
1 44
1 49
1 3
1 8
1 31
21
2 12
2 16
2 19
2 44
2 38
2 30
2 3
2 25
2 1
2 20
2 22
2 13
2 14
2 31
2 24
2 48
2 21
2 40
2 47
2 27
2 9
15
3 24
3 27
3 19
3 7
3 6
3 26
3 9
3 43
3 49
3 14
3 46
3 41
3 30
3 35
3 23
22
4 18
4 12
4 22
4 26
4 27
4 7
4 19
4 6
4 0
4 42
4 40
4 33
4 48
4 17
4 41
4 25
4 23
4 14
4 2
4 5
4 8
4 3
22
5 24
5 13
5 47
5 37
5 32
5 20
5 41
5 14
5 0
5 48
5 7
5 9
5 18
5 45
5 33
5 1
5 31
5 23
5 10
5 29
5 26
5 25
18
6 41
6 40
6 34
6 9
6 24
6 32
6 2
6 22
6 5
6 8
6 11
6 7
6 12
6 37
6 29
6 48
6 20
6 25
17
7 44
7 1
7 26
7 41
7 20
7 33
7 25
7 12
7 10
7 29
7 2
7 8
7 15
7 22
7 30
7 47
7 38
25
8 16
8 29
8 27
8 23
8 49
8 19
8 13
8 48
8 24
8 40
8 38
8 15
8 21
8 34
8 10
8 39
8 2
8 5
8 25
8 37
8 31
8 46
8 32
8 47
8 11
21
9 45
9 1
9 19
9 25
9 11
9 39
9 4
9 0
9 20
9 44
9 38
9 21
9 17
9 48
9 7
9 40
9 46
9 8
9 22
9 37
9 29
26
10 32
10 21
10 27
10 40
10 30
10 37
10 17
10 1
10 18
10 16
10 23
10 15
10 9
10 11
10 45
10 41
10 2
10 28
10 46
10 19
10 42
10 6
10 4
10 25
10 48
10 0
22
11 26
11 3
11 35
11 18
11 32
11 12
11 42
11 24
11 28
11 2
11 39
11 49
11 38
11 7
11 37
11 41
11 27
11 45
11 33
11 36
11 14
11 5
21
12 20
12 47
12 38
12 24
12 1
12 35
12 49
12 5
12 15
12 25
12 9
12 26
12 3
12 37
12 46
12 27
12 10
12 33
12 39
12 32
12 23
15
13 3
13 48
13 40
13 10
13 36
13 27
13 43
13 30
13 17
13 6
13 41
13 20
13 34
13 12
13 42
17
14 45
14 27
14 33
14 25
14 29
14 9
14 28
14 7
14 18
14 31
14 10
14 36
14 16
14 1
14 19
14 38
14 13
21
15 37
15 24
15 41
15 20
15 6
15 40
15 29
15 27
15 36
15 13
15 4
15 33
15 39
15 14
15 11
15 45
15 9
15 28
15 44
15 23
15 26
19
16 4
16 6
16 17
16 25
16 7
16 40
16 33
16 43
16 13
16 30
16 24
16 36
16 3
16 45
16 48
16 9
16 1
16 28
16 44
19
17 19
17 5
17 35
17 2
17 25
17 1
17 36
17 31
17 41
17 6
17 42
17 18
17 28
17 12
17 22
17 7
17 32
17 49
17 14
19
18 47
18 39
18 1
18 46
18 2
18 44
18 36
18 15
18 41
18 48
18 49
18 34
18 20
18 13
18 40
18 42
18 27
18 45
18 8
19
19 31
19 16
19 21
19 18
19 13
19 44
19 48
19 32
19 37
19 41
19 28
19 46
19 5
19 45
19 0
19 42
19 7
19 35
19 11
17
20 49
20 4
20 44
20 16
20 10
20 14
20 0
20 30
20 31
20 27
20 42
20 34
20 23
20 1
20 17
20 39
20 48
21
21 29
21 23
21 36
21 12
21 40
21 1
21 33
21 24
21 16
21 7
21 30
21 17
21 49
21 22
21 15
21 35
21 3
21 18
21 34
21 46
21 11
25
22 10
22 35
22 38
22 23
22 49
22 1
22 18
22 11
22 46
22 32
22 47
22 20
22 39
22 16
22 15
22 5
22 34
22 27
22 14
22 30
22 3
22 12
22 36
22 29
22 42
18
23 13
23 19
23 9
23 28
23 24
23 16
23 1
23 7
23 17
23 2
23 26
23 46
23 36
23 11
23 0
23 37
23 43
23 31
15
24 29
24 36
24 19
24 33
24 10
24 20
24 26
24 45
24 22
24 37
24 9
24 38
24 17
24 30
24 48
22
25 36
25 21
25 34
25 32
25 30
25 20
25 15
25 45
25 35
25 37
25 28
25 3
25 19
25 13
25 24
25 22
25 33
25 0
25 27
25 46
25 42
25 26
18
26 6
26 1
26 19
26 47
26 48
26 36
26 20
26 29
26 8
26 18
26 16
26 38
26 34
26 46
26 13
26 10
26 21
26 41
18
27 23
27 16
27 5
27 17
27 44
27 30
27 21
27 35
27 40
27 36
27 24
27 7
27 0
27 29
27 31
27 46
27 33
27 9
19
28 3
28 18
28 6
28 9
28 8
28 39
28 47
28 33
28 40
28 29
28 48
28 20
28 5
28 21
28 38
28 26
28 42
28 4
28 2
18
29 20
29 23
29 2
29 17
29 32
29 18
29 33
29 39
29 3
29 10
29 19
29 40
29 46
29 44
29 12
29 35
29 45
29 38
17
30 46
30 31
30 41
30 26
30 11
30 28
30 18
30 15
30 48
30 8
30 12
30 33
30 14
30 34
30 19
30 4
30 36
16
31 26
31 44
31 22
31 7
31 24
31 28
31 16
31 10
31 36
31 21
31 15
31 9
31 0
31 3
31 37
31 35
12
32 46
32 31
32 49
32 4
32 21
32 33
32 16
32 36
32 30
32 13
32 1
32 28
22
33 2
33 38
33 31
33 13
33 49
33 9
33 26
33 39
33 17
33 41
33 8
33 34
33 22
33 19
33 18
33 45
33 3
33 47
33 48
33 42
33 10
33 6
25
34 42
34 3
34 49
34 31
34 12
34 45
34 14
34 27
34 16
34 15
34 11
34 37
34 43
34 38
34 47
34 28
34 29
34 35
34 48
34 32
34 9
34 17
34 7
34 2
34 44
18
35 15
35 32
35 9
35 7
35 0
35 30
35 23
35 42
35 2
35 26
35 18
35 28
35 38
35 14
35 10
35 6
35 41
35 47
20
36 48
36 29
36 2
36 8
36 45
36 34
36 49
36 7
36 41
36 4
36 6
36 10
36 1
36 43
36 39
36 9
36 28
36 40
36 33
36 19
24
37 45
37 3
37 16
37 2
37 33
37 1
37 13
37 35
37 22
37 17
37 21
37 42
37 26
37 32
37 28
37 20
37 29
37 39
37 44
37 48
37 38
37 14
37 18
37 36
18
38 36
38 3
38 15
38 21
38 25
38 48
38 4
38 5
38 16
38 0
38 31
38 41
38 1
38 49
38 13
38 10
38 19
38 32
18
39 26
39 44
39 48
39 14
39 45
39 19
39 10
39 47
39 7
39 25
39 21
39 17
39 46
39 4
39 41
39 24
39 5
39 27
20
40 37
40 25
40 5
40 35
40 23
40 30
40 20
40 38
40 3
40 33
40 17
40 14
40 34
40 46
40 48
40 12
40 47
40 1
40 41
40 39
15
41 14
41 25
41 49
41 0
41 48
41 28
41 34
41 20
41 8
41 23
41 9
41 31
41 16
41 32
41 2
25
42 44
42 0
42 46
42 7
42 49
42 16
42 12
42 26
42 48
42 1
42 31
42 41
42 21
42 39
42 29
42 38
42 8
42 36
42 27
42 14
42 3
42 32
42 5
42 30
42 45
25
43 12
43 20
43 11
43 2
43 26
43 48
43 21
43 38
43 18
43 46
43 17
43 9
43 10
43 4
43 5
43 22
43 19
43 33
43 0
43 35
43 6
43 41
43 39
43 7
43 29
19
44 30
44 26
44 28
44 38
44 35
44 13
44 14
44 24
44 23
44 4
44 25
44 11
44 36
44 8
44 12
44 43
44 40
44 41
44 17
25
45 44
45 32
45 7
45 48
45 12
45 46
45 20
45 6
45 26
45 2
45 31
45 27
45 40
45 8
45 21
45 28
45 3
45 4
45 41
45 30
45 17
45 43
45 22
45 23
45 13
17
46 33
46 5
46 24
46 11
46 2
46 44
46 14
46 38
46 37
46 6
46 48
46 36
46 4
46 20
46 35
46 49
46 16
24
47 41
47 19
47 45
47 36
47 43
47 21
47 44
47 10
47 25
47 6
47 13
47 1
47 42
47 15
47 46
47 24
47 31
47 29
47 38
47 49
47 23
47 16
47 4
47 17
14
48 3
48 29
48 11
48 27
48 31
48 17
48 14
48 1
48 7
48 22
48 35
48 21
48 12
48 32
16
49 15
49 6
49 16
49 27
49 45
49 30
49 2
49 25
49 4
49 23
49 29
49 40
49 9
49 43
49 24
49 26
