50
0 "A33"
1 "A49"
2 "A22"
3 "A18"
4 "A8"
5 "A24"
6 "A39"
7 "A34"
8 "A9"
9 "A12"
10 "A26"
11 "A25"
12 "A2"
13 "A6"
14 "A23"
15 "A42"
16 "A29"
17 "A37"
18 "A10"
19 "A31"
20 "A4"
21 "A41"
22 "A27"
23 "A0"
24 "A17"
25 "A20"
26 "A30"
27 "A36"
28 "A46"
29 "A5"
30 "A44"
31 "A1"
32 "A28"
33 "A3"
34 "A16"
35 "A47"
36 "A14"
37 "A40"
38 "A45"
39 "A19"
40 "A21"
41 "A15"
42 "A13"
43 "A7"
44 "A35"
45 "A32"
46 "A43"
47 "A11"
48 "A38"
49 "A48"
18
0 18
0 14
0 11
0 33
0 24
0 37
0 36
0 22
0 35
0 1
0 26
0 9
0 45
0 39
0 16
0 34
0 20
0 8
19
1 6
1 38
1 33
1 16
1 30
1 35
1 37
1 39
1 2
1 15
1 26
1 3
1 5
1 48
1 18
1 41
1 44
1 13
1 29
22
2 16
2 0
2 42
2 5
2 18
2 23
2 45
2 43
2 38
2 12
2 34
2 25
2 35
2 7
2 28
2 49
2 13
2 39
2 32
2 10
2 14
2 37
22
3 0
3 30
3 18
3 36
3 33
3 21
3 19
3 38
3 17
3 34
3 47
3 9
3 28
3 23
3 2
3 40
3 22
3 12
3 24
3 14
3 48
3 13
24
4 27
4 41
4 12
4 34
4 20
4 15
4 28
4 29
4 2
4 3
4 35
4 42
4 14
4 40
4 6
4 13
4 45
4 10
4 38
4 25
4 23
4 1
4 37
4 0
20
5 41
5 15
5 37
5 38
5 18
5 23
5 0
5 40
5 8
5 47
5 26
5 34
5 11
5 17
5 24
5 9
5 3
5 19
5 39
5 46
20
6 29
6 43
6 30
6 13
6 8
6 0
6 26
6 33
6 25
6 40
6 3
6 18
6 23
6 31
6 12
6 49
6 7
6 28
6 10
6 47
17
7 36
7 37
7 8
7 45
7 16
7 38
7 43
7 4
7 25
7 35
7 23
7 46
7 14
7 29
7 22
7 21
7 30
19
8 34
8 19
8 11
8 2
8 1
8 31
8 27
8 47
8 22
8 21
8 4
8 36
8 9
8 18
8 49
8 43
8 20
8 10
8 13
17
9 19
9 12
9 7
9 31
9 21
9 34
9 45
9 18
9 23
9 1
9 41
9 30
9 47
9 35
9 25
9 4
9 15
19
10 18
10 15
10 31
10 5
10 25
10 39
10 42
10 43
10 1
10 47
10 37
10 21
10 22
10 0
10 38
10 3
10 7
10 30
10 11
26
11 16
11 44
11 6
11 4
11 23
11 19
11 47
11 45
11 13
11 24
11 40
11 41
11 29
11 17
11 36
11 28
11 1
11 35
11 15
11 46
11 3
11 7
11 2
11 30
11 18
11 20
19
12 28
12 8
12 10
12 5
12 14
12 32
12 15
12 44
12 26
12 42
12 11
12 30
12 19
12 0
12 1
12 25
12 33
12 31
12 17
17
13 10
13 26
13 41
13 42
13 9
13 20
13 38
13 34
13 7
13 12
13 5
13 29
13 15
13 48
13 39
13 16
13 49
19
14 8
14 5
14 22
14 37
14 44
14 23
14 10
14 28
14 33
14 34
14 49
14 15
14 11
14 30
14 38
14 24
14 18
14 27
14 41
24
15 48
15 30
15 6
15 36
15 16
15 49
15 46
15 8
15 17
15 38
15 39
15 33
15 18
15 31
15 37
15 7
15 40
15 29
15 21
15 3
15 44
15 2
15 27
15 42
17
16 34
16 39
16 12
16 5
16 33
16 8
16 48
16 41
16 17
16 35
16 26
16 9
16 46
16 29
16 32
16 10
16 14
21
17 36
17 9
17 35
17 18
17 1
17 48
17 42
17 0
17 7
17 13
17 14
17 23
17 22
17 31
17 39
17 28
17 49
17 26
17 8
17 24
17 10
16
18 22
18 46
18 12
18 33
18 27
18 20
18 44
18 4
18 36
18 39
18 32
18 23
18 13
18 49
18 38
18 45
17
19 4
19 23
19 14
19 7
19 35
19 6
19 29
19 41
19 17
19 32
19 10
19 28
19 15
19 44
19 46
19 2
19 16
21
20 9
20 42
20 2
20 24
20 23
20 30
20 47
20 41
20 17
20 38
20 1
20 27
20 3
20 14
20 12
20 5
20 7
20 19
20 37
20 44
20 36
25
21 25
21 33
21 47
21 37
21 14
21 11
21 0
21 34
21 18
21 17
21 48
21 4
21 31
21 32
21 19
21 49
21 6
21 24
21 44
21 43
21 27
21 13
21 1
21 41
21 12
21
22 43
22 21
22 46
22 20
22 28
22 9
22 1
22 12
22 23
22 38
22 32
22 41
22 16
22 48
22 5
22 4
22 33
22 2
22 29
22 26
22 15
14
23 26
23 0
23 45
23 40
23 49
23 24
23 8
23 13
23 38
23 12
23 21
23 15
23 29
23 33
21
24 10
24 29
24 1
24 4
24 19
24 13
24 18
24 7
24 12
24 46
24 9
24 35
24 16
24 2
24 47
24 34
24 37
24 39
24 45
24 22
24 48
23
25 39
25 19
25 1
25 40
25 46
25 20
25 41
25 29
25 0
25 17
25 44
25 43
25 27
25 18
25 33
25 8
25 26
25 16
25 15
25 3
25 14
25 5
25 32
23
26 36
26 21
26 42
26 28
26 19
26 10
26 34
26 9
26 24
26 4
26 3
26 14
26 49
26 35
26 8
26 20
26 30
26 47
26 32
26 15
26 39
26 33
26 37
22
27 12
27 2
27 45
27 43
27 13
27 22
27 28
27 34
27 3
27 36
27 11
27 7
27 23
27 16
27 0
27 5
27 37
27 35
27 48
27 6
27 10
27 19
16
28 32
28 34
28 7
28 33
28 23
28 24
28 36
28 25
28 31
28 10
28 16
28 18
28 40
28 48
28 21
28 5
20
29 14
29 20
29 30
29 18
29 5
29 10
29 17
29 37
29 27
29 34
29 3
29 28
29 46
29 26
29 31
29 9
29 32
29 43
29 0
29 21
20
30 31
30 35
30 5
30 24
30 39
30 16
30 13
30 21
30 46
30 23
30 22
30 47
30 49
30 28
30 25
30 18
30 2
30 36
30 8
30 0
25
31 3
31 14
31 48
31 27
31 25
31 18
31 43
31 44
31 1
31 38
31 45
31 23
31 34
31 0
31 42
31 32
31 11
31 7
31 36
31 46
31 13
31 37
31 24
31 2
31 40
21
32 7
32 13
32 5
32 49
32 44
32 8
32 20
32 14
32 45
32 17
32 4
32 0
32 1
32 9
32 10
32 15
32 33
32 23
32 34
32 3
32 24
14
33 7
33 42
33 36
33 30
33 2
33 17
33 49
33 29
33 31
33 10
33 44
33 38
33 8
33 20
14
34 20
34 33
34 48
34 12
34 23
34 7
34 25
34 17
34 39
34 22
34 6
34 19
34 49
34 47
15
35 5
35 41
35 23
35 28
35 44
35 8
35 43
35 46
35 6
35 22
35 34
35 45
35 12
35 3
35 21
12
36 2
36 21
36 29
36 4
36 34
36 24
36 10
36 22
36 12
36 1
36 35
36 14
16
37 35
37 9
37 25
37 8
37 18
37 6
37 33
37 16
37 11
37 28
37 23
37 22
37 48
37 47
37 17
37 49
22
38 11
38 9
38 46
38 29
38 32
38 16
38 49
38 44
38 12
38 43
38 39
38 17
38 42
38 0
38 34
38 37
38 26
38 19
38 28
38 47
38 27
38 41
21
39 43
39 6
39 27
39 28
39 19
39 4
39 41
39 46
39 33
39 35
39 14
39 45
39 31
39 20
39 29
39 3
39 36
39 37
39 22
39 42
39 11
23
40 21
40 26
40 16
40 39
40 20
40 7
40 36
40 32
40 41
40 30
40 19
40 29
40 2
40 35
40 33
40 22
40 0
40 10
40 18
40 34
40 8
40 17
40 12
21
41 27
41 34
41 0
41 37
41 7
41 32
41 48
41 47
41 29
41 43
41 6
41 3
41 46
41 10
41 33
41 30
41 23
41 18
41 28
41 17
41 2
16
42 40
42 16
42 48
42 35
42 41
42 29
42 14
42 7
42 11
42 6
42 28
42 0
42 47
42 24
42 19
42 32
20
43 28
43 9
43 40
43 23
43 11
43 17
43 24
43 33
43 34
43 26
43 30
43 20
43 13
43 5
43 1
43 0
43 4
43 32
43 14
43 19
22
44 24
44 48
44 13
44 9
44 2
44 43
44 39
44 29
44 5
44 7
44 40
44 4
44 16
44 36
44 10
44 22
44 42
44 3
44 30
44 34
44 27
44 0
24
45 46
45 15
45 26
45 25
45 22
45 10
45 42
45 33
45 1
45 36
45 30
45 8
45 6
45 37
45 40
45 29
45 44
45 28
45 19
45 17
45 16
45 34
45 12
45 38
15
46 37
46 20
46 36
46 21
46 43
46 13
46 2
46 9
46 8
46 34
46 49
46 23
46 26
46 12
46 10
19
47 44
47 23
47 33
47 29
47 7
47 14
47 40
47 46
47 31
47 25
47 16
47 39
47 43
47 45
47 15
47 27
47 12
47 2
47 13
23
48 2
48 6
48 33
48 8
48 47
48 14
48 49
48 30
48 9
48 18
48 38
48 26
48 7
48 40
48 32
48 25
48 43
48 29
48 20
48 46
48 10
48 5
48 36
18
49 22
49 44
49 1
49 19
49 41
49 9
49 36
49 11
49 28
49 43
49 45
49 7
49 10
49 4
49 25
49 47
49 16
49 29
