50
0 "A36"
1 "A7"
2 "A26"
3 "A16"
4 "A10"
5 "A27"
6 "A23"
7 "A31"
8 "A5"
9 "A13"
10 "A25"
11 "A32"
12 "A49"
13 "A14"
14 "A39"
15 "A35"
16 "A42"
17 "A28"
18 "A34"
19 "A11"
20 "A15"
21 "A48"
22 "A0"
23 "A9"
24 "A18"
25 "A19"
26 "A43"
27 "A41"
28 "A29"
29 "A3"
30 "A4"
31 "A30"
32 "A44"
33 "A8"
34 "A45"
35 "A22"
36 "A17"
37 "A2"
38 "A12"
39 "A33"
40 "A6"
41 "A21"
42 "A46"
43 "A37"
44 "A47"
45 "A38"
46 "A24"
47 "A40"
48 "A20"
49 "A1"
21
0 45
0 2
0 48
0 19
0 24
0 6
0 4
0 20
0 3
0 10
0 40
0 35
0 38
0 11
0 42
0 39
0 26
0 5
0 32
0 8
0 41
18
1 47
1 37
1 26
1 29
1 32
1 0
1 41
1 12
1 42
1 9
1 28
1 15
1 2
1 13
1 25
1 6
1 3
1 14
15
2 45
2 8
2 19
2 30
2 28
2 20
2 38
2 9
2 27
2 14
2 29
2 25
2 3
2 47
2 31
13
3 43
3 8
3 36
3 44
3 26
3 34
3 14
3 45
3 5
3 18
3 41
3 16
3 4
18
4 25
4 14
4 42
4 29
4 40
4 2
4 31
4 33
4 49
4 28
4 9
4 8
4 27
4 15
4 26
4 18
4 32
4 41
20
5 12
5 19
5 20
5 48
5 46
5 35
5 6
5 49
5 33
5 10
5 26
5 36
5 2
5 13
5 43
5 25
5 9
5 47
5 45
5 28
21
6 11
6 22
6 3
6 9
6 37
6 39
6 34
6 4
6 17
6 41
6 12
6 26
6 20
6 24
6 2
6 38
6 14
6 19
6 29
6 46
6 16
21
7 21
7 26
7 30
7 41
7 17
7 37
7 5
7 32
7 49
7 16
7 46
7 36
7 27
7 15
7 23
7 14
7 1
7 13
7 29
7 28
7 0
19
8 9
8 35
8 19
8 47
8 21
8 46
8 33
8 7
8 45
8 30
8 42
8 29
8 23
8 18
8 15
8 1
8 36
8 27
8 11
15
9 23
9 7
9 39
9 38
9 0
9 13
9 24
9 43
9 3
9 35
9 20
9 11
9 22
9 32
9 26
20
10 37
10 41
10 26
10 20
10 2
10 4
10 23
10 29
10 46
10 33
10 16
10 47
10 30
10 12
10 21
10 8
10 15
10 39
10 7
10 40
23
11 47
11 10
11 44
11 7
11 35
11 20
11 3
11 33
11 25
11 24
11 13
11 1
11 17
11 2
11 34
11 49
11 29
11 31
11 39
11 4
11 37
11 45
11 14
20
12 44
12 47
12 42
12 14
12 16
12 24
12 39
12 11
12 30
12 0
12 13
12 29
12 19
12 8
12 3
12 35
12 15
12 9
12 7
12 33
27
13 39
13 15
13 25
13 38
13 26
13 30
13 41
13 42
13 46
13 49
13 3
13 0
13 47
13 14
13 48
13 8
13 44
13 20
13 2
13 21
13 10
13 4
13 37
13 17
13 16
13 29
13 23
18
14 9
14 0
14 24
14 37
14 28
14 36
14 20
14 18
14 29
14 19
14 17
14 43
14 25
14 5
14 44
14 46
14 35
14 42
19
15 43
15 22
15 26
15 16
15 47
15 46
15 24
15 20
15 14
15 3
15 23
15 49
15 31
15 35
15 25
15 21
15 5
15 11
15 38
21
16 23
16 14
16 32
16 47
16 1
16 31
16 5
16 41
16 8
16 9
16 0
16 28
16 17
16 26
16 36
16 45
16 2
16 42
16 18
16 33
16 24
16
17 10
17 47
17 43
17 3
17 36
17 24
17 0
17 23
17 22
17 35
17 44
17 40
17 12
17 28
17 1
17 42
23
18 32
18 34
18 29
18 41
18 35
18 2
18 26
18 24
18 12
18 1
18 10
18 13
18 7
18 25
18 31
18 20
18 11
18 28
18 45
18 43
18 15
18 23
18 30
22
19 1
19 49
19 34
19 15
19 31
19 23
19 11
19 45
19 28
19 10
19 36
19 16
19 44
19 13
19 20
19 46
19 41
19 22
19 4
19 27
19 37
19 3
13
20 17
20 31
20 4
20 1
20 39
20 21
20 8
20 35
20 40
20 42
20 33
20 27
20 3
22
21 14
21 6
21 18
21 47
21 45
21 17
21 1
21 33
21 3
21 11
21 41
21 39
21 29
21 46
21 48
21 31
21 0
21 30
21 4
21 38
21 16
21 2
27
22 3
22 21
22 10
22 45
22 16
22 43
22 38
22 33
22 47
22 18
22 26
22 12
22 0
22 28
22 36
22 20
22 1
22 13
22 39
22 41
22 8
22 24
22 2
22 4
22 27
22 14
22 40
15
23 24
23 22
23 20
23 49
23 34
23 25
23 33
23 45
23 5
23 26
23 31
23 35
23 0
23 4
23 30
21
24 28
24 47
24 20
24 7
24 46
24 33
24 44
24 32
24 37
24 35
24 8
24 5
24 3
24 2
24 13
24 26
24 31
24 43
24 39
24 34
24 19
22
25 6
25 38
25 43
25 27
25 46
25 19
25 3
25 21
25 33
25 35
25 7
25 29
25 32
25 8
25 9
25 39
25 41
25 17
25 22
25 45
25 24
25 47
18
26 2
26 21
26 35
26 30
26 37
26 20
26 45
26 27
26 39
26 11
26 28
26 38
26 43
26 8
26 33
26 34
26 19
26 48
21
27 41
27 48
27 14
27 9
27 43
27 17
27 0
27 21
27 12
27 15
27 24
27 44
27 16
27 40
27 3
27 46
27 31
27 28
27 11
27 47
27 30
21
28 44
28 20
28 11
28 3
28 10
28 41
28 43
28 46
28 23
28 0
28 9
28 6
28 30
28 8
28 34
28 37
28 33
28 21
28 31
28 48
28 25
19
29 9
29 49
29 16
29 17
29 41
29 28
29 24
29 19
29 36
29 27
29 3
29 26
29 45
29 0
29 5
29 22
29 20
29 30
29 39
19
30 22
30 3
30 32
30 14
30 0
30 34
30 46
30 17
30 20
30 1
30 19
30 9
30 5
30 16
30 48
30 39
30 37
30 24
30 6
26
31 30
31 8
31 26
31 40
31 42
31 38
31 49
31 37
31 36
31 9
31 35
31 7
31 48
31 47
31 29
31 45
31 39
31 44
31 22
31 12
31 32
31 13
31 14
31 1
31 25
31 3
20
32 20
32 22
32 17
32 8
32 49
32 43
32 42
32 28
32 3
32 14
32 12
32 35
32 33
32 26
32 29
32 15
32 38
32 11
32 5
32 13
18
33 31
33 0
33 29
33 6
33 17
33 43
33 48
33 40
33 27
33 36
33 38
33 37
33 44
33 19
33 1
33 13
33 2
33 47
22
34 16
34 32
34 45
34 49
34 44
34 17
34 20
34 4
34 7
34 42
34 13
34 0
34 10
34 2
34 1
34 27
34 9
34 39
34 31
34 8
34 21
34 25
16
35 4
35 45
35 42
35 22
35 1
35 10
35 41
35 39
35 29
35 46
35 19
35 21
35 6
35 7
35 13
35 27
20
36 23
36 49
36 28
36 15
36 34
36 11
36 30
36 42
36 27
36 26
36 35
36 47
36 25
36 6
36 38
36 0
36 41
36 37
36 12
36 43
16
37 39
37 42
37 32
37 2
37 5
37 3
37 9
37 48
37 18
37 15
37 16
37 23
37 20
37 21
37 12
37 22
20
38 41
38 23
38 3
38 30
38 34
38 1
38 39
38 12
38 46
38 24
38 14
38 7
38 28
38 17
38 16
38 4
38 29
38 11
38 8
38 5
17
39 1
39 32
39 36
39 28
39 27
39 17
39 49
39 48
39 14
39 4
39 2
39 7
39 5
39 19
39 3
39 23
39 46
23
40 12
40 26
40 14
40 16
40 3
40 13
40 36
40 34
40 32
40 23
40 24
40 37
40 28
40 41
40 7
40 18
40 39
40 2
40 29
40 5
40 49
40 15
40 30
18
41 30
41 44
41 14
41 31
41 37
41 20
41 47
41 11
41 26
41 24
41 23
41 17
41 8
41 34
41 33
41 43
41 12
41 5
20
42 45
42 33
42 3
42 43
42 24
42 7
42 27
42 10
42 6
42 39
42 5
42 21
42 22
42 40
42 9
42 23
42 46
42 29
42 11
42 15
18
43 39
43 1
43 4
43 30
43 0
43 29
43 13
43 21
43 20
43 11
43 37
43 38
43 19
43 45
43 48
43 6
43 23
43 35
17
44 4
44 26
44 37
44 8
44 43
44 38
44 29
44 23
44 35
44 1
44 18
44 6
44 9
44 30
44 5
44 2
44 10
18
45 49
45 27
45 30
45 44
45 20
45 28
45 15
45 39
45 32
45 40
45 14
45 13
45 6
45 38
45 12
45 37
45 17
45 1
19
46 23
46 20
46 1
46 18
46 45
46 36
46 31
46 26
46 16
46 34
46 4
46 11
46 0
46 47
46 29
46 32
46 43
46 3
46 9
17
47 35
47 26
47 18
47 30
47 45
47 38
47 4
47 7
47 9
47 34
47 28
47 23
47 6
47 29
47 39
47 0
47 3
24
48 25
48 18
48 17
48 34
48 23
48 41
48 44
48 6
48 4
48 32
48 15
48 3
48 24
48 49
48 29
48 20
48 8
48 35
48 12
48 46
48 7
48 45
48 10
48 47
23
49 3
49 41
49 26
49 10
49 47
49 33
49 16
49 35
49 18
49 30
49 20
49 25
49 22
49 37
49 2
49 17
49 42
49 28
49 38
49 8
49 12
49 9
49 27
