50
0 "A36"
1 "A7"
2 "A26"
3 "A16"
4 "A10"
5 "A27"
6 "A23"
7 "A31"
8 "A5"
9 "A13"
10 "A25"
11 "A32"
12 "A49"
13 "A14"
14 "A39"
15 "A35"
16 "A42"
17 "A28"
18 "A34"
19 "A11"
20 "A15"
21 "A48"
22 "A0"
23 "A9"
24 "A18"
25 "A19"
26 "A43"
27 "A41"
28 "A29"
29 "A3"
30 "A4"
31 "A30"
32 "A44"
33 "A8"
34 "A45"
35 "A22"
36 "A17"
37 "A2"
38 "A12"
39 "A33"
40 "A6"
41 "A21"
42 "A46"
43 "A37"
44 "A47"
45 "A38"
46 "A24"
47 "A40"
48 "A20"
49 "A1"
16
0 6
0 45
0 32
0 2
0 20
0 35
0 38
0 4
0 28
0 42
0 30
0 17
0 23
0 10
0 7
0 27
22
1 19
1 27
1 17
1 15
1 36
1 11
1 49
1 8
1 38
1 25
1 45
1 41
1 2
1 39
1 21
1 34
1 22
1 20
1 9
1 30
1 26
1 18
25
2 20
2 38
2 40
2 6
2 34
2 36
2 12
2 37
2 47
2 32
2 26
2 44
2 25
2 30
2 48
2 35
2 19
2 9
2 42
2 22
2 3
2 28
2 24
2 11
2 13
17
3 14
3 25
3 47
3 35
3 39
3 26
3 46
3 40
3 0
3 12
3 16
3 43
3 29
3 18
3 4
3 8
3 10
17
4 16
4 44
4 18
4 30
4 9
4 10
4 37
4 24
4 38
4 8
4 2
4 25
4 5
4 7
4 32
4 17
4 29
20
5 35
5 38
5 8
5 16
5 45
5 0
5 34
5 12
5 23
5 14
5 44
5 36
5 1
5 2
5 29
5 25
5 42
5 18
5 6
5 41
16
6 42
6 18
6 7
6 1
6 13
6 10
6 8
6 3
6 26
6 40
6 48
6 30
6 15
6 36
6 17
6 47
20
7 49
7 42
7 20
7 45
7 41
7 43
7 22
7 34
7 1
7 10
7 14
7 3
7 29
7 47
7 12
7 24
7 5
7 48
7 40
7 9
13
8 14
8 2
8 29
8 48
8 44
8 25
8 23
8 0
8 40
8 38
8 30
8 47
8 12
23
9 42
9 46
9 28
9 30
9 3
9 40
9 24
9 36
9 13
9 32
9 45
9 31
9 5
9 12
9 38
9 0
9 10
9 49
9 33
9 27
9 44
9 22
9 35
21
10 18
10 12
10 16
10 5
10 15
10 26
10 29
10 44
10 13
10 31
10 38
10 17
10 33
10 32
10 41
10 23
10 19
10 25
10 1
10 45
10 40
24
11 18
11 8
11 30
11 6
11 22
11 12
11 5
11 45
11 9
11 3
11 40
11 31
11 39
11 20
11 28
11 25
11 24
11 47
11 32
11 35
11 16
11 37
11 4
11 26
16
12 36
12 14
12 38
12 32
12 27
12 20
12 15
12 49
12 47
12 6
12 0
12 25
12 41
12 17
12 22
12 37
24
13 22
13 28
13 15
13 12
13 27
13 35
13 7
13 23
13 11
13 48
13 26
13 43
13 16
13 25
13 38
13 8
13 3
13 24
13 19
13 18
13 44
13 34
13 46
13 20
24
14 13
14 37
14 39
14 27
14 16
14 21
14 4
14 28
14 20
14 45
14 15
14 17
14 42
14 49
14 6
14 1
14 40
14 2
14 32
14 0
14 9
14 34
14 11
14 35
16
15 32
15 34
15 21
15 48
15 28
15 38
15 44
15 7
15 22
15 39
15 3
15 40
15 25
15 27
15 30
15 9
19
16 9
16 37
16 15
16 2
16 32
16 8
16 19
16 49
16 7
16 23
16 25
16 20
16 40
16 1
16 26
16 39
16 21
16 0
16 6
19
17 9
17 39
17 44
17 32
17 42
17 8
17 22
17 46
17 21
17 25
17 41
17 33
17 2
17 37
17 38
17 11
17 23
17 5
17 3
14
18 14
18 49
18 0
18 12
18 7
18 19
18 27
18 37
18 17
18 44
18 16
18 8
18 43
18 45
21
19 40
19 23
19 4
19 0
19 36
19 44
19 33
19 46
19 42
19 9
19 12
19 24
19 35
19 5
19 20
19 37
19 11
19 17
19 6
19 3
19 8
13
20 31
20 23
20 27
20 41
20 24
20 40
20 5
20 17
20 6
20 34
20 18
20 10
20 4
23
21 5
21 36
21 4
21 42
21 44
21 37
21 49
21 9
21 38
21 35
21 8
21 7
21 6
21 13
21 45
21 43
21 2
21 12
21 30
21 29
21 3
21 47
21 19
23
22 21
22 49
22 32
22 44
22 16
22 6
22 0
22 4
22 33
22 5
22 46
22 10
22 30
22 40
22 48
22 31
22 45
22 26
22 14
22 8
22 23
22 3
22 20
22
23 1
23 18
23 36
23 38
23 14
23 34
23 26
23 7
23 33
23 46
23 12
23 44
23 40
23 9
23 49
23 24
23 35
23 37
23 43
23 48
23 11
23 30
25
24 26
24 33
24 39
24 40
24 18
24 34
24 48
24 15
24 21
24 17
24 8
24 12
24 1
24 25
24 22
24 6
24 3
24 30
24 45
24 31
24 10
24 37
24 5
24 41
24 16
16
25 22
25 0
25 19
25 6
25 37
25 46
25 39
25 26
25 21
25 32
25 38
25 14
25 40
25 33
25 44
25 28
22
26 21
26 15
26 5
26 7
26 17
26 41
26 38
26 30
26 20
26 43
26 36
26 39
26 9
26 4
26 0
26 8
26 48
26 12
26 44
26 14
26 35
26 19
26
27 31
27 16
27 34
27 47
27 2
27 33
27 28
27 46
27 22
27 21
27 40
27 8
27 36
27 10
27 25
27 4
27 44
27 39
27 49
27 38
27 41
27 29
27 3
27 43
27 26
27 23
25
28 47
28 20
28 48
28 16
28 34
28 22
28 36
28 8
28 42
28 12
28 45
28 19
28 7
28 43
28 41
28 46
28 3
28 5
28 10
28 21
28 38
28 18
28 1
28 26
28 30
25
29 16
29 15
29 23
29 20
29 34
29 12
29 0
29 32
29 37
29 11
29 2
29 13
29 19
29 26
29 49
29 48
29 28
29 6
29 9
29 30
29 45
29 33
29 47
29 36
29 41
18
30 27
30 39
30 7
30 49
30 14
30 18
30 13
30 35
30 10
30 20
30 47
30 3
30 40
30 33
30 25
30 17
30 48
30 45
22
31 47
31 28
31 7
31 3
31 41
31 19
31 8
31 0
31 4
31 1
31 21
31 18
31 48
31 40
31 42
31 12
31 35
31 23
31 26
31 13
31 43
31 34
14
32 27
32 20
32 3
32 7
32 24
32 26
32 48
32 34
32 37
32 8
32 40
32 44
32 18
32 21
20
33 15
33 35
33 3
33 16
33 18
33 2
33 8
33 14
33 1
33 40
33 11
33 34
33 45
33 26
33 43
33 7
33 12
33 20
33 31
33 49
19
34 6
34 8
34 49
34 9
34 17
34 39
34 43
34 10
34 18
34 47
34 0
34 3
34 35
34 45
34 25
34 22
34 26
34 4
34 19
18
35 16
35 10
35 38
35 1
35 43
35 40
35 18
35 8
35 4
35 20
35 36
35 27
35 24
35 6
35 25
35 29
35 46
35 15
19
36 48
36 10
36 41
36 39
36 13
36 8
36 30
36 40
36 33
36 14
36 16
36 18
36 49
36 31
36 34
36 37
36 25
36 11
36 4
17
37 41
37 5
37 3
37 9
37 15
37 47
37 33
37 30
37 7
37 27
37 39
37 0
37 35
37 34
37 48
37 8
37 20
20
38 32
38 34
38 36
38 6
38 31
38 16
38 29
38 33
38 40
38 18
38 20
38 11
38 47
38 48
38 39
38 37
38 46
38 45
38 3
38 22
18
39 29
39 31
39 23
39 21
39 49
39 13
39 12
39 33
39 20
39 2
39 10
39 9
39 42
39 19
39 7
39 32
39 6
39 8
13
40 1
40 0
40 28
40 5
40 21
40 29
40 41
40 26
40 39
40 4
40 13
40 37
40 42
20
41 4
41 9
41 44
41 6
41 14
41 25
41 32
41 43
41 15
41 2
41 42
41 0
41 35
41 22
41 49
41 19
41 30
41 23
41 45
41 3
20
42 20
42 30
42 34
42 46
42 27
42 22
42 26
42 38
42 35
42 25
42 4
42 23
42 16
42 10
42 24
42 3
42 37
42 18
42 12
42 36
19
43 4
43 2
43 19
43 5
43 49
43 22
43 6
43 17
43 20
43 37
43 48
43 44
43 12
43 42
43 40
43 0
43 1
43 29
43 14
19
44 33
44 20
44 31
44 35
44 12
44 14
44 6
44 0
44 24
44 40
44 1
44 11
44 37
44 16
44 7
44 42
44 29
44 49
44 39
23
45 6
45 49
45 40
45 27
45 12
45 20
45 15
45 19
45 42
45 37
45 32
45 44
45 35
45 23
45 25
45 43
45 26
45 17
45 39
45 8
45 36
45 2
45 4
22
46 32
46 12
46 6
46 5
46 16
46 7
46 15
46 44
46 48
46 2
46 36
46 34
46 49
46 26
46 43
46 39
46 8
46 29
46 41
46 1
46 0
46 18
23
47 20
47 32
47 44
47 33
47 40
47 18
47 0
47 22
47 13
47 45
47 26
47 43
47 25
47 36
47 1
47 4
47 49
47 35
47 48
47 24
47 5
47 14
47 10
15
48 44
48 39
48 33
48 27
48 16
48 4
48 19
48 10
48 0
48 5
48 1
48 11
48 45
48 25
48 21
14
49 5
49 17
49 0
49 4
49 48
49 40
49 24
49 25
49 11
49 28
49 35
49 6
49 19
49 2
