50
0 "A36"
1 "A7"
2 "A26"
3 "A16"
4 "A10"
5 "A27"
6 "A23"
7 "A31"
8 "A5"
9 "A13"
10 "A25"
11 "A32"
12 "A49"
13 "A14"
14 "A39"
15 "A35"
16 "A42"
17 "A28"
18 "A34"
19 "A11"
20 "A15"
21 "A48"
22 "A0"
23 "A9"
24 "A18"
25 "A19"
26 "A43"
27 "A41"
28 "A29"
29 "A3"
30 "A4"
31 "A30"
32 "A44"
33 "A8"
34 "A45"
35 "A22"
36 "A17"
37 "A2"
38 "A12"
39 "A33"
40 "A6"
41 "A21"
42 "A46"
43 "A37"
44 "A47"
45 "A38"
46 "A24"
47 "A40"
48 "A20"
49 "A1"
24
0 30
0 13
0 43
0 35
0 36
0 44
0 26
0 2
0 20
0 3
0 15
0 14
0 16
0 39
0 7
0 32
0 40
0 45
0 12
0 38
0 25
0 6
0 5
0 22
24
1 4
1 27
1 23
1 11
1 6
1 10
1 3
1 19
1 26
1 42
1 38
1 21
1 22
1 31
1 18
1 2
1 32
1 39
1 30
1 28
1 33
1 24
1 43
1 44
16
2 11
2 23
2 7
2 13
2 18
2 4
2 43
2 5
2 35
2 27
2 6
2 30
2 14
2 28
2 44
2 36
18
3 9
3 6
3 22
3 8
3 36
3 37
3 35
3 30
3 39
3 25
3 43
3 27
3 14
3 16
3 20
3 7
3 28
3 38
19
4 18
4 34
4 29
4 6
4 5
4 17
4 12
4 22
4 43
4 33
4 23
4 47
4 16
4 40
4 46
4 49
4 41
4 3
4 8
17
5 24
5 17
5 18
5 10
5 48
5 31
5 9
5 13
5 34
5 46
5 45
5 25
5 11
5 29
5 39
5 36
5 26
17
6 18
6 47
6 46
6 42
6 40
6 10
6 26
6 15
6 7
6 5
6 17
6 37
6 28
6 22
6 21
6 11
6 32
21
7 26
7 22
7 49
7 25
7 5
7 43
7 48
7 12
7 1
7 40
7 23
7 20
7 16
7 13
7 17
7 30
7 15
7 24
7 31
7 28
7 39
26
8 39
8 44
8 13
8 19
8 48
8 14
8 2
8 45
8 16
8 15
8 36
8 18
8 22
8 24
8 5
8 20
8 6
8 35
8 12
8 30
8 17
8 1
8 11
8 49
8 28
8 9
23
9 23
9 40
9 48
9 28
9 38
9 36
9 45
9 25
9 42
9 0
9 19
9 14
9 6
9 4
9 1
9 41
9 20
9 46
9 2
9 27
9 44
9 47
9 15
15
10 48
10 41
10 2
10 19
10 9
10 8
10 29
10 34
10 13
10 33
10 23
10 45
10 26
10 47
10 3
11
11 35
11 30
11 19
11 45
11 33
11 4
11 27
11 44
11 47
11 32
11 12
20
12 34
12 14
12 20
12 27
12 24
12 5
12 41
12 39
12 42
12 13
12 48
12 32
12 35
12 1
12 6
12 33
12 2
12 25
12 3
12 9
17
13 46
13 17
13 38
13 30
13 11
13 3
13 19
13 25
13 33
13 1
13 31
13 39
13 43
13 9
13 6
13 42
13 16
24
14 22
14 15
14 20
14 33
14 40
14 1
14 19
14 21
14 43
14 24
14 6
14 18
14 31
14 37
14 7
14 32
14 11
14 46
14 5
14 13
14 45
14 49
14 4
14 39
12
15 36
15 1
15 16
15 20
15 37
15 48
15 35
15 40
15 4
15 31
15 21
15 13
20
16 47
16 32
16 1
16 30
16 46
16 10
16 44
16 12
16 6
16 49
16 36
16 48
16 39
16 5
16 2
16 37
16 23
16 34
16 43
16 33
16
17 28
17 48
17 16
17 18
17 29
17 0
17 44
17 11
17 45
17 32
17 27
17 3
17 14
17 25
17 40
17 39
16
18 39
18 13
18 29
18 25
18 42
18 16
18 32
18 9
18 10
18 36
18 21
18 24
18 28
18 7
18 0
18 3
20
19 33
19 48
19 2
19 6
19 3
19 18
19 4
19 23
19 22
19 0
19 43
19 5
19 24
19 17
19 7
19 32
19 45
19 31
19 16
19 42
24
20 24
20 11
20 41
20 36
20 16
20 45
20 10
20 31
20 38
20 2
20 23
20 21
20 4
20 32
20 6
20 19
20 40
20 42
20 26
20 5
20 46
20 1
20 29
20 48
19
21 40
21 2
21 11
21 47
21 19
21 7
21 27
21 26
21 32
21 42
21 30
21 36
21 31
21 23
21 17
21 37
21 10
21 13
21 16
18
22 31
22 13
22 32
22 5
22 40
22 45
22 21
22 12
22 9
22 20
22 36
22 15
22 18
22 42
22 2
22 38
22 41
22 44
22
23 17
23 6
23 39
23 40
23 22
23 34
23 15
23 47
23 41
23 8
23 11
23 35
23 5
23 18
23 42
23 44
23 12
23 46
23 0
23 36
23 45
23 3
22
24 11
24 17
24 6
24 37
24 13
24 41
24 31
24 4
24 49
24 34
24 44
24 25
24 9
24 40
24 26
24 15
24 45
24 38
24 3
24 22
24 0
24 48
24
25 38
25 32
25 45
25 34
25 19
25 23
25 36
25 42
25 31
25 47
25 37
25 8
25 46
25 26
25 4
25 11
25 1
25 16
25 48
25 49
25 21
25 20
25 15
25 6
24
26 13
26 33
26 15
26 45
26 30
26 17
26 19
26 46
26 4
26 11
26 18
26 3
26 14
26 29
26 35
26 22
26 36
26 44
26 16
26 42
26 12
26 9
26 47
26 2
21
27 7
27 49
27 20
27 39
27 22
27 5
27 28
27 32
27 15
27 4
27 25
27 16
27 35
27 24
27 40
27 10
27 37
27 13
27 42
27 18
27 8
16
28 35
28 20
28 40
28 26
28 15
28 14
28 11
28 13
28 23
28 12
28 10
28 0
28 49
28 4
28 38
28 5
19
29 19
29 49
29 3
29 8
29 16
29 22
29 36
29 32
29 44
29 7
29 2
29 13
29 25
29 14
29 0
29 31
29 47
29 24
29 38
20
30 34
30 17
30 9
30 29
30 23
30 4
30 37
30 48
30 19
30 6
30 18
30 25
30 39
30 28
30 31
30 20
30 22
30 14
30 44
30 5
20
31 12
31 0
31 48
31 8
31 36
31 4
31 10
31 37
31 28
31 38
31 49
31 43
31 16
31 34
31 3
31 17
31 26
31 9
31 23
31 45
16
32 4
32 30
32 5
32 3
32 8
32 24
32 37
32 15
32 28
32 48
32 7
32 13
32 34
32 43
32 26
32 47
21
33 44
33 29
33 40
33 15
33 7
33 25
33 46
33 18
33 24
33 38
33 31
33 23
33 34
33 43
33 47
33 9
33 20
33 30
33 17
33 32
33 5
20
34 2
34 47
34 6
34 8
34 19
34 41
34 29
34 0
34 22
34 28
34 48
34 14
34 1
34 21
34 40
34 7
34 20
34 17
34 11
34 26
22
35 5
35 47
35 45
35 30
35 24
35 13
35 14
35 39
35 43
35 22
35 25
35 21
35 1
35 46
35 7
35 20
35 42
35 31
35 4
35 38
35 10
35 18
20
36 42
36 11
36 37
36 17
36 28
36 13
36 39
36 7
36 10
36 27
36 33
36 4
36 45
36 44
36 14
36 30
36 19
36 24
36 49
36 12
22
37 42
37 5
37 11
37 8
37 1
37 46
37 20
37 12
37 34
37 45
37 0
37 47
37 9
37 13
37 22
37 39
37 7
37 33
37 17
37 40
37 35
37 28
18
38 6
38 17
38 37
38 23
38 5
38 14
38 18
38 36
38 7
38 10
38 49
38 34
38 2
38 27
38 15
38 39
38 8
38 41
19
39 21
39 31
39 47
39 25
39 4
39 24
39 10
39 41
39 29
39 11
39 22
39 44
39 33
39 28
39 15
39 6
39 26
39 9
39 20
21
40 48
40 42
40 19
40 3
40 36
40 31
40 26
40 38
40 49
40 25
40 44
40 16
40 10
40 11
40 1
40 8
40 30
40 5
40 35
40 29
40 2
19
41 11
41 13
41 40
41 49
41 28
41 25
41 3
41 36
41 15
41 1
41 27
41 18
41 6
41 47
41 14
41 7
41 37
41 35
41 8
20
42 46
42 24
42 11
42 29
42 32
42 28
42 10
42 2
42 39
42 33
42 15
42 0
42 17
42 38
42 31
42 48
42 41
42 30
42 7
42 47
23
43 24
43 34
43 42
43 30
43 28
43 41
43 23
43 11
43 15
43 40
43 17
43 20
43 8
43 22
43 18
43 10
43 49
43 39
43 38
43 5
43 12
43 6
43 47
19
44 49
44 27
44 31
44 46
44 42
44 32
44 38
44 25
44 4
44 37
44 18
44 45
44 5
44 35
44 3
44 12
44 21
44 34
44 7
16
45 18
45 3
45 38
45 30
45 1
45 41
45 4
45 39
45 42
45 29
45 46
45 6
45 13
45 43
45 12
45 34
16
46 2
46 0
46 32
46 24
46 38
46 36
46 19
46 7
46 41
46 30
46 43
46 34
46 22
46 31
46 11
46 12
19
47 31
47 18
47 44
47 14
47 22
47 3
47 2
47 0
47 28
47 27
47 8
47 38
47 5
47 48
47 17
47 46
47 24
47 45
47 13
18
48 6
48 3
48 1
48 2
48 13
48 27
48 45
48 4
48 22
48 29
48 36
48 43
48 37
48 41
48 18
48 39
48 33
48 0
26
49 2
49 20
49 15
49 22
49 11
49 1
49 6
49 39
49 37
49 17
49 0
49 42
49 12
49 30
49 3
49 18
49 46
49 32
49 10
49 5
49 34
49 33
49 26
49 19
49 45
49 21
