50
0 "A25"
1 "A2"
2 "A45"
3 "A29"
4 "A3"
5 "A20"
6 "A27"
7 "A31"
8 "A38"
9 "A15"
10 "A17"
11 "A1"
12 "A40"
13 "A21"
14 "A9"
15 "A24"
16 "A0"
17 "A8"
18 "A46"
19 "A6"
20 "A18"
21 "A35"
22 "A10"
23 "A19"
24 "A23"
25 "A11"
26 "A22"
27 "A34"
28 "A43"
29 "A37"
30 "A41"
31 "A48"
32 "A47"
33 "A33"
34 "A16"
35 "A49"
36 "A28"
37 "A32"
38 "A39"
39 "A13"
40 "A5"
41 "A4"
42 "A26"
43 "A30"
44 "A44"
45 "A12"
46 "A42"
47 "A7"
48 "A36"
49 "A14"
21
0 2
0 34
0 28
0 47
0 9
0 21
0 8
0 49
0 27
0 18
0 17
0 6
0 43
0 35
0 5
0 40
0 19
0 3
0 46
0 4
0 29
17
1 12
1 5
1 6
1 38
1 11
1 45
1 16
1 23
1 2
1 48
1 27
1 44
1 10
1 7
1 19
1 37
1 22
15
2 35
2 44
2 48
2 30
2 17
2 21
2 39
2 15
2 6
2 24
2 13
2 31
2 27
2 5
2 28
20
3 24
3 25
3 46
3 47
3 30
3 13
3 15
3 2
3 7
3 17
3 27
3 11
3 44
3 22
3 1
3 45
3 6
3 5
3 41
3 43
22
4 9
4 36
4 2
4 31
4 43
4 37
4 44
4 22
4 25
4 1
4 35
4 3
4 49
4 15
4 38
4 28
4 21
4 41
4 48
4 20
4 16
4 29
23
5 42
5 44
5 25
5 29
5 34
5 31
5 22
5 48
5 49
5 15
5 33
5 27
5 17
5 8
5 39
5 20
5 19
5 47
5 24
5 46
5 6
5 32
5 9
19
6 27
6 7
6 14
6 28
6 47
6 4
6 29
6 41
6 19
6 40
6 17
6 8
6 37
6 31
6 16
6 42
6 38
6 25
6 23
19
7 22
7 16
7 8
7 43
7 20
7 12
7 28
7 33
7 23
7 19
7 44
7 4
7 2
7 0
7 45
7 49
7 41
7 18
7 35
24
8 40
8 4
8 30
8 18
8 25
8 12
8 22
8 17
8 28
8 14
8 20
8 46
8 39
8 9
8 21
8 1
8 13
8 43
8 27
8 47
8 10
8 34
8 32
8 11
22
9 1
9 44
9 21
9 36
9 22
9 30
9 39
9 34
9 49
9 25
9 29
9 46
9 37
9 38
9 19
9 6
9 43
9 3
9 40
9 15
9 47
9 35
21
10 43
10 4
10 9
10 11
10 2
10 46
10 20
10 13
10 19
10 5
10 14
10 3
10 30
10 44
10 33
10 7
10 28
10 25
10 6
10 45
10 18
19
11 32
11 31
11 17
11 36
11 2
11 4
11 16
11 29
11 45
11 13
11 9
11 37
11 34
11 30
11 26
11 38
11 14
11 43
11 21
20
12 23
12 0
12 43
12 5
12 26
12 3
12 25
12 27
12 34
12 47
12 11
12 30
12 48
12 2
12 38
12 9
12 4
12 6
12 35
12 46
16
13 33
13 48
13 28
13 24
13 21
13 27
13 18
13 26
13 41
13 4
13 45
13 40
13 49
13 7
13 19
13 46
19
14 34
14 30
14 45
14 18
14 5
14 0
14 39
14 21
14 1
14 33
14 20
14 13
14 25
14 43
14 27
14 17
14 2
14 12
14 31
20
15 28
15 49
15 37
15 1
15 35
15 26
15 32
15 0
15 23
15 46
15 44
15 18
15 12
15 8
15 19
15 10
15 22
15 16
15 38
15 30
14
16 32
16 10
16 48
16 2
16 46
16 8
16 49
16 0
16 9
16 38
16 43
16 13
16 36
16 3
16
17 38
17 13
17 32
17 45
17 34
17 24
17 16
17 10
17 28
17 42
17 25
17 12
17 23
17 4
17 15
17 20
17
18 24
18 33
18 2
18 23
18 30
18 31
18 16
18 34
18 42
18 11
18 17
18 4
18 6
18 40
18 9
18 27
18 12
16
19 14
19 47
19 25
19 22
19 28
19 18
19 36
19 11
19 8
19 2
19 16
19 32
19 46
19 23
19 39
19 3
20
20 3
20 18
20 9
20 0
20 41
20 24
20 36
20 11
20 39
20 19
20 12
20 15
20 31
20 46
20 22
20 34
20 43
20 1
20 42
20 13
24
21 38
21 43
21 28
21 18
21 45
21 1
21 41
21 48
21 30
21 31
21 17
21 47
21 16
21 10
21 29
21 40
21 5
21 3
21 39
21 33
21 22
21 20
21 15
21 6
23
22 28
22 33
22 32
22 36
22 27
22 44
22 48
22 38
22 2
22 49
22 23
22 31
22 11
22 40
22 30
22 6
22 0
22 35
22 13
22 47
22 16
22 41
22 39
15
23 10
23 49
23 11
23 16
23 31
23 14
23 47
23 13
23 0
23 39
23 45
23 2
23 38
23 9
23 36
21
24 1
24 9
24 42
24 25
24 26
24 32
24 14
24 37
24 29
24 19
24 8
24 40
24 4
24 49
24 12
24 39
24 41
24 6
24 0
24 11
24 22
18
25 16
25 21
25 22
25 7
25 15
25 1
25 11
25 42
25 48
25 36
25 23
25 40
25 34
25 45
25 44
25 26
25 13
25 30
24
26 10
26 22
26 1
26 49
26 16
26 43
26 30
26 7
26 36
26 3
26 28
26 17
26 39
26 18
26 47
26 0
26 19
26 6
26 14
26 45
26 9
26 2
26 20
26 31
23
27 11
27 24
27 4
27 36
27 46
27 34
27 16
27 19
27 7
27 40
27 35
27 23
27 32
27 26
27 30
27 31
27 9
27 41
27 45
27 25
27 44
27 37
27 15
19
28 41
28 45
28 43
28 39
28 5
28 33
28 25
28 11
28 18
28 24
28 14
28 12
28 37
28 44
28 46
28 27
28 20
28 16
28 1
20
29 20
29 28
29 8
29 27
29 46
29 3
29 19
29 44
29 15
29 12
29 40
29 37
29 26
29 25
29 10
29 13
29 2
29 23
29 22
29 39
15
30 7
30 45
30 31
30 44
30 48
30 47
30 6
30 41
30 28
30 40
30 17
30 5
30 20
30 4
30 19
21
31 48
31 0
31 49
31 28
31 37
31 9
31 29
31 34
31 13
31 3
31 12
31 25
31 39
31 24
31 10
31 38
31 35
31 16
31 7
31 17
31 32
22
32 33
32 36
32 46
32 20
32 21
32 12
32 43
32 45
32 25
32 26
32 9
32 30
32 47
32 14
32 18
32 6
32 7
32 2
32 0
32 28
32 49
32 42
24
33 31
33 47
33 0
33 19
33 24
33 40
33 30
33 11
33 38
33 6
33 37
33 29
33 23
33 1
33 17
33 4
33 44
33 15
33 12
33 45
33 27
33 43
33 34
33 25
16
34 23
34 24
34 13
34 2
34 26
34 30
34 4
34 21
34 29
34 44
34 28
34 45
34 41
34 37
34 22
34 47
22
35 29
35 33
35 10
35 26
35 16
35 39
35 40
35 13
35 24
35 6
35 20
35 34
35 23
35 42
35 47
35 36
35 11
35 3
35 19
35 8
35 28
35 45
20
36 46
36 40
36 37
36 28
36 2
36 10
36 5
36 34
36 29
36 38
36 33
36 7
36 24
36 17
36 21
36 18
36 6
36 45
36 8
36 0
20
37 48
37 10
37 8
37 23
37 22
37 5
37 17
37 43
37 19
37 41
37 7
37 26
37 0
37 20
37 32
37 14
37 25
37 18
37 12
37 16
15
38 43
38 39
38 10
38 28
38 24
38 19
38 29
38 8
38 5
38 44
38 14
38 30
38 7
38 27
38 18
16
39 0
39 47
39 25
39 3
39 1
39 17
39 27
39 11
39 13
39 43
39 32
39 41
39 16
39 7
39 15
39 4
24
40 44
40 20
40 31
40 38
40 45
40 16
40 42
40 5
40 12
40 37
40 11
40 15
40 26
40 14
40 34
40 17
40 7
40 32
40 10
40 4
40 48
40 1
40 19
40 28
17
41 18
41 17
41 2
41 9
41 15
41 44
41 35
41 33
41 32
41 25
41 42
41 8
41 49
41 5
41 23
41 0
41 1
25
42 31
42 7
42 11
42 22
42 37
42 26
42 19
42 34
42 9
42 0
42 14
42 39
42 13
42 28
42 27
42 47
42 4
42 10
42 15
42 45
42 36
42 21
42 44
42 12
42 3
16
43 24
43 17
43 29
43 41
43 34
43 13
43 19
43 36
43 15
43 49
43 1
43 18
43 31
43 44
43 6
43 40
18
44 17
44 12
44 37
44 20
44 26
44 45
44 47
44 21
44 14
44 16
44 36
44 32
44 18
44 13
44 35
44 24
44 0
44 11
16
45 12
45 20
45 41
45 15
45 24
45 5
45 18
45 37
45 46
45 22
45 9
45 4
45 0
45 31
45 2
45 6
21
46 1
46 17
46 34
46 30
46 35
46 2
46 44
46 4
46 41
46 37
46 40
46 25
46 24
46 23
46 31
46 39
46 47
46 49
46 43
46 21
46 22
22
47 41
47 20
47 29
47 28
47 40
47 18
47 37
47 10
47 16
47 31
47 13
47 7
47 36
47 38
47 27
47 14
47 24
47 15
47 1
47 48
47 4
47 43
23
48 41
48 34
48 39
48 44
48 11
48 17
48 24
48 20
48 28
48 32
48 19
48 45
48 18
48 27
48 42
48 0
48 38
48 7
48 6
48 36
48 35
48 15
48 10
20
49 42
49 47
49 34
49 10
49 37
49 44
49 2
49 1
49 39
49 8
49 18
49 14
49 6
49 28
49 12
49 3
49 45
49 17
49 30
49 38
