50
0 "A25"
1 "A2"
2 "A45"
3 "A29"
4 "A3"
5 "A20"
6 "A27"
7 "A31"
8 "A38"
9 "A15"
10 "A17"
11 "A1"
12 "A40"
13 "A21"
14 "A9"
15 "A24"
16 "A0"
17 "A8"
18 "A46"
19 "A6"
20 "A18"
21 "A35"
22 "A10"
23 "A19"
24 "A23"
25 "A11"
26 "A22"
27 "A34"
28 "A43"
29 "A37"
30 "A41"
31 "A48"
32 "A47"
33 "A33"
34 "A16"
35 "A49"
36 "A28"
37 "A32"
38 "A39"
39 "A13"
40 "A5"
41 "A4"
42 "A26"
43 "A30"
44 "A44"
45 "A12"
46 "A42"
47 "A7"
48 "A36"
49 "A14"
20
0 24
0 48
0 6
0 11
0 13
0 41
0 38
0 10
0 40
0 39
0 43
0 9
0 27
0 28
0 33
0 21
0 5
0 47
0 2
0 35
13
1 13
1 48
1 16
1 9
1 23
1 7
1 40
1 28
1 5
1 15
1 2
1 36
1 14
21
2 24
2 44
2 42
2 29
2 6
2 15
2 33
2 45
2 27
2 25
2 36
2 38
2 4
2 13
2 34
2 37
2 26
2 12
2 21
2 5
2 40
20
3 46
3 37
3 4
3 36
3 12
3 11
3 30
3 13
3 7
3 27
3 5
3 34
3 17
3 44
3 1
3 2
3 38
3 22
3 6
3 19
17
4 14
4 38
4 31
4 42
4 40
4 22
4 11
4 10
4 16
4 24
4 20
4 18
4 1
4 8
4 41
4 9
4 0
16
5 32
5 45
5 41
5 35
5 8
5 12
5 28
5 46
5 42
5 22
5 25
5 44
5 18
5 9
5 49
5 43
23
6 42
6 23
6 32
6 4
6 28
6 41
6 35
6 49
6 33
6 43
6 11
6 47
6 15
6 44
6 17
6 10
6 25
6 38
6 14
6 5
6 45
6 29
6 16
16
7 43
7 41
7 21
7 23
7 4
7 19
7 38
7 0
7 47
7 45
7 5
7 22
7 2
7 48
7 13
7 40
26
8 2
8 3
8 39
8 32
8 18
8 14
8 1
8 33
8 44
8 28
8 25
8 15
8 29
8 36
8 7
8 21
8 10
8 12
8 0
8 47
8 37
8 9
8 46
8 30
8 20
8 13
14
9 7
9 40
9 49
9 46
9 3
9 29
9 11
9 6
9 34
9 14
9 47
9 38
9 16
9 22
18
10 39
10 33
10 22
10 29
10 9
10 1
10 28
10 11
10 36
10 27
10 34
10 44
10 2
10 38
10 7
10 46
10 41
10 13
18
11 28
11 29
11 8
11 46
11 48
11 36
11 25
11 43
11 37
11 16
11 21
11 1
11 5
11 2
11 49
11 14
11 42
11 38
16
12 1
12 11
12 7
12 29
12 35
12 23
12 24
12 47
12 6
12 43
12 36
12 41
12 39
12 27
12 14
12 31
17
13 38
13 32
13 16
13 27
13 6
13 41
13 28
13 43
13 42
13 4
13 14
13 11
13 33
13 21
13 31
13 18
13 19
19
14 48
14 37
14 43
14 7
14 34
14 10
14 20
14 40
14 30
14 39
14 35
14 25
14 0
14 29
14 33
14 49
14 2
14 45
14 18
20
15 31
15 28
15 41
15 4
15 19
15 13
15 44
15 34
15 46
15 11
15 27
15 10
15 30
15 35
15 9
15 40
15 45
15 32
15 22
15 12
18
16 40
16 45
16 36
16 8
16 49
16 27
16 2
16 21
16 10
16 3
16 14
16 37
16 32
16 43
16 12
16 26
16 7
16 39
22
17 28
17 11
17 27
17 29
17 13
17 14
17 40
17 5
17 12
17 49
17 7
17 35
17 10
17 16
17 9
17 24
17 2
17 4
17 31
17 46
17 39
17 36
16
18 11
18 1
18 20
18 39
18 6
18 49
18 37
18 9
18 29
18 33
18 3
18 15
18 21
18 36
18 42
18 25
21
19 46
19 22
19 47
19 12
19 25
19 11
19 18
19 23
19 45
19 14
19 2
19 21
19 1
19 8
19 44
19 9
19 32
19 4
19 39
19 6
19 10
22
20 21
20 27
20 48
20 1
20 45
20 34
20 12
20 31
20 7
20 0
20 13
20 42
20 6
20 46
20 19
20 38
20 36
20 11
20 28
20 40
20 16
20 15
20
21 46
21 22
21 49
21 1
21 34
21 48
21 47
21 17
21 3
21 28
21 24
21 25
21 6
21 9
21 5
21 29
21 33
21 36
21 14
21 12
23
22 17
22 28
22 32
22 12
22 0
22 8
22 25
22 6
22 38
22 41
22 27
22 44
22 1
22 11
22 24
22 14
22 40
22 33
22 29
22 43
22 16
22 2
22 45
19
23 22
23 14
23 46
23 37
23 15
23 48
23 21
23 44
23 9
23 40
23 30
23 0
23 16
23 3
23 8
23 2
23 33
23 17
23 27
26
24 36
24 3
24 15
24 16
24 19
24 8
24 39
24 28
24 47
24 32
24 25
24 26
24 7
24 9
24 10
24 13
24 5
24 1
24 23
24 31
24 6
24 42
24 49
24 46
24 48
24 30
15
25 3
25 45
25 34
25 47
25 13
25 7
25 16
25 32
25 49
25 1
25 0
25 4
25 23
25 38
25 30
25
26 10
26 46
26 6
26 17
26 31
26 25
26 19
26 8
26 1
26 14
26 49
26 5
26 21
26 45
26 22
26 4
26 20
26 3
26 9
26 28
26 48
26 32
26 12
26 35
26 13
15
27 43
27 41
27 24
27 7
27 26
27 40
27 36
27 35
27 39
27 25
27 21
27 38
27 8
27 19
27 5
17
28 23
28 34
28 49
28 14
28 46
28 30
28 9
28 41
28 27
28 45
28 3
28 37
28 44
28 4
28 19
28 32
28 12
17
29 38
29 26
29 48
29 37
29 33
29 15
29 49
29 0
29 1
29 19
29 23
29 25
29 36
29 24
29 20
29 32
29 3
24
30 33
30 4
30 26
30 5
30 38
30 7
30 9
30 47
30 29
30 19
30 48
30 6
30 35
30 42
30 44
30 17
30 13
30 21
30 45
30 18
30 32
30 41
30 20
30 40
25
31 23
31 28
31 30
31 8
31 11
31 38
31 1
31 18
31 49
31 25
31 37
31 16
31 42
31 48
31 40
31 46
31 35
31 9
31 29
31 3
31 2
31 0
31 27
31 44
31 19
16
32 18
32 35
32 2
32 3
32 11
32 14
32 7
32 33
32 38
32 9
32 21
32 31
32 46
32 27
32 48
32 45
23
33 38
33 49
33 28
33 25
33 15
33 1
33 7
33 40
33 42
33 37
33 3
33 19
33 45
33 20
33 5
33 9
33 34
33 48
33 12
33 16
33 4
33 31
33 11
21
34 37
34 31
34 39
34 13
34 18
34 40
34 27
34 44
34 26
34 0
34 1
34 17
34 42
34 6
34 35
34 12
34 8
34 11
34 22
34 19
34 16
20
35 20
35 40
35 3
35 9
35 4
35 25
35 11
35 24
35 48
35 1
35 21
35 16
35 29
35 7
35 8
35 10
35 47
35 13
35 43
35 22
19
36 5
36 19
36 31
36 43
36 49
36 15
36 26
36 41
36 23
36 32
36 34
36 47
36 7
36 38
36 33
36 40
36 13
36 30
36 25
17
37 12
37 22
37 32
37 17
37 35
37 13
37 26
37 19
37 39
37 7
37 10
37 41
37 4
37 30
37 25
37 6
37 36
13
38 26
38 48
38 12
38 15
38 17
38 28
38 24
38 19
38 44
38 8
38 5
38 1
38 16
18
39 1
39 43
39 11
39 26
39 5
39 31
39 49
39 15
39 9
39 38
39 35
39 21
39 23
39 6
39 2
39 36
39 29
39 32
17
40 18
40 38
40 39
40 26
40 37
40 12
40 21
40 48
40 13
40 8
40 3
40 43
40 5
40 19
40 6
40 41
40 49
21
41 29
41 44
41 48
41 14
41 31
41 43
41 16
41 9
41 33
41 47
41 35
41 38
41 17
41 3
41 21
41 18
41 25
41 49
41 39
41 23
41 19
27
42 36
42 32
42 0
42 19
42 15
42 46
42 8
42 14
42 26
42 9
42 7
42 37
42 22
42 29
42 44
42 10
42 3
42 41
42 39
42 49
42 12
42 28
42 38
42 17
42 1
42 16
42 27
21
43 34
43 18
43 32
43 42
43 1
43 24
43 20
43 38
43 48
43 21
43 2
43 37
43 29
43 33
43 49
43 3
43 8
43 30
43 25
43 17
43 47
24
44 20
44 11
44 21
44 39
44 14
44 25
44 0
44 43
44 47
44 1
44 16
44 18
44 9
44 29
44 36
44 26
44 24
44 48
44 12
44 4
44 37
44 17
44 7
44 32
26
45 29
45 49
45 44
45 37
45 42
45 9
45 47
45 1
45 18
45 38
45 8
45 36
45 4
45 34
45 27
45 24
45 11
45 39
45 3
45 31
45 21
45 0
45 23
45 43
45 41
45 13
19
46 30
46 6
46 39
46 40
46 18
46 14
46 36
46 38
46 13
46 22
46 37
46 34
46 25
46 43
46 12
46 7
46 45
46 41
46 4
23
47 20
47 18
47 46
47 28
47 38
47 16
47 22
47 42
47 26
47 39
47 32
47 5
47 2
47 15
47 23
47 13
47 10
47 27
47 1
47 14
47 29
47 11
47 31
18
48 19
48 36
48 27
48 4
48 10
48 15
48 47
48 16
48 13
48 17
48 9
48 6
48 42
48 18
48 8
48 37
48 45
48 46
18
49 27
49 13
49 30
49 3
49 2
49 20
49 22
49 0
49 12
49 44
49 48
49 38
49 8
49 34
49 4
49 46
49 35
49 23
