50
0 "A25"
1 "A2"
2 "A45"
3 "A29"
4 "A3"
5 "A20"
6 "A27"
7 "A31"
8 "A38"
9 "A15"
10 "A17"
11 "A1"
12 "A40"
13 "A21"
14 "A9"
15 "A24"
16 "A0"
17 "A8"
18 "A46"
19 "A6"
20 "A18"
21 "A35"
22 "A10"
23 "A19"
24 "A23"
25 "A11"
26 "A22"
27 "A34"
28 "A43"
29 "A37"
30 "A41"
31 "A48"
32 "A47"
33 "A33"
34 "A16"
35 "A49"
36 "A28"
37 "A32"
38 "A39"
39 "A13"
40 "A5"
41 "A4"
42 "A26"
43 "A30"
44 "A44"
45 "A12"
46 "A42"
47 "A7"
48 "A36"
49 "A14"
19
0 47
0 19
0 43
0 39
0 44
0 15
0 14
0 25
0 45
0 49
0 10
0 23
0 33
0 36
0 42
0 2
0 48
0 41
0 6
18
1 25
1 2
1 30
1 33
1 49
1 35
1 12
1 32
1 28
1 7
1 3
1 16
1 47
1 5
1 19
1 8
1 24
1 34
13
2 25
2 46
2 19
2 26
2 15
2 33
2 48
2 24
2 8
2 17
2 45
2 38
2 13
23
3 12
3 44
3 15
3 27
3 26
3 36
3 17
3 21
3 34
3 2
3 24
3 28
3 19
3 30
3 49
3 5
3 39
3 11
3 33
3 6
3 38
3 40
3 20
17
4 28
4 47
4 37
4 3
4 12
4 27
4 26
4 13
4 23
4 30
4 2
4 48
4 11
4 44
4 20
4 17
4 25
20
5 29
5 15
5 27
5 42
5 18
5 17
5 43
5 26
5 36
5 49
5 28
5 41
5 16
5 10
5 22
5 14
5 24
5 39
5 44
5 23
21
6 25
6 23
6 30
6 16
6 26
6 27
6 40
6 11
6 39
6 2
6 43
6 10
6 38
6 15
6 8
6 22
6 24
6 12
6 31
6 1
6 33
23
7 10
7 13
7 2
7 18
7 12
7 15
7 44
7 38
7 11
7 35
7 41
7 43
7 46
7 14
7 3
7 42
7 27
7 32
7 19
7 4
7 9
7 6
7 5
22
8 14
8 30
8 34
8 28
8 42
8 44
8 46
8 43
8 7
8 39
8 10
8 23
8 26
8 27
8 3
8 22
8 45
8 20
8 25
8 31
8 9
8 4
17
9 10
9 35
9 4
9 27
9 46
9 37
9 31
9 5
9 14
9 32
9 43
9 3
9 2
9 34
9 16
9 33
9 21
19
10 12
10 45
10 27
10 19
10 17
10 29
10 22
10 4
10 41
10 25
10 18
10 23
10 26
10 1
10 37
10 30
10 31
10 3
10 36
14
11 17
11 13
11 2
11 25
11 18
11 31
11 44
11 28
11 10
11 41
11 45
11 0
11 34
11 26
15
12 45
12 28
12 44
12 23
12 8
12 48
12 18
12 41
12 9
12 13
12 2
12 29
12 0
12 24
12 35
19
13 44
13 28
13 16
13 19
13 43
13 38
13 41
13 42
13 34
13 8
13 0
13 49
13 21
13 17
13 10
13 14
13 5
13 1
13 9
21
14 47
14 32
14 39
14 43
14 38
14 41
14 36
14 15
14 40
14 10
14 1
14 6
14 2
14 48
14 29
14 4
14 27
14 11
14 3
14 12
14 42
14
15 10
15 44
15 41
15 27
15 4
15 17
15 24
15 12
15 8
15 13
15 39
15 28
15 45
15 32
21
16 25
16 40
16 37
16 32
16 12
16 2
16 26
16 43
16 11
16 19
16 14
16 8
16 39
16 3
16 22
16 10
16 33
16 35
16 15
16 30
16 36
16
17 36
17 31
17 7
17 48
17 14
17 1
17 12
17 42
17 45
17 30
17 33
17 44
17 21
17 6
17 19
17 37
19
18 19
18 17
18 23
18 33
18 1
18 29
18 9
18 0
18 8
18 45
18 37
18 15
18 2
18 4
18 39
18 36
18 44
18 14
18 32
19
19 34
19 8
19 41
19 37
19 20
19 33
19 14
19 15
19 6
19 36
19 9
19 28
19 29
19 21
19 12
19 48
19 32
19 39
19 24
19
20 13
20 6
20 0
20 9
20 37
20 11
20 35
20 10
20 12
20 30
20 39
20 2
20 24
20 21
20 38
20 7
20 25
20 5
20 14
23
21 16
21 44
21 24
21 18
21 6
21 26
21 12
21 5
21 49
21 0
21 33
21 11
21 42
21 47
21 41
21 40
21 46
21 14
21 43
21 22
21 36
21 29
21 38
21
22 17
22 46
22 1
22 25
22 38
22 39
22 14
22 12
22 3
22 28
22 15
22 11
22 9
22 37
22 33
22 48
22 20
22 0
22 35
22 4
22 13
24
23 48
23 46
23 22
23 19
23 28
23 3
23 13
23 45
23 27
23 49
23 1
23 14
23 16
23 30
23 38
23 15
23 20
23 33
23 7
23 17
23 37
23 2
23 31
23 25
18
24 7
24 26
24 49
24 8
24 29
24 47
24 39
24 9
24 17
24 32
24 13
24 16
24 35
24 10
24 46
24 0
24 33
24 42
21
25 21
25 47
25 42
25 18
25 19
25 48
25 7
25 35
25 13
25 14
25 46
25 34
25 44
25 24
25 29
25 31
25 9
25 41
25 15
25 12
25 43
24
26 44
26 47
26 20
26 22
26 46
26 12
26 40
26 17
26 1
26 19
26 27
26 33
26 41
26 30
26 13
26 18
26 7
26 29
26 14
26 23
26 28
26 0
26 15
26 48
16
27 38
27 19
27 22
27 47
27 24
27 45
27 20
27 49
27 39
27 30
27 18
27 16
27 41
27 35
27 17
27 25
19
28 46
28 14
28 24
28 20
28 39
28 35
28 7
28 27
28 32
28 44
28 10
28 2
28 48
28 37
28 36
28 16
28 0
28 21
28 17
23
29 15
29 43
29 0
29 4
29 46
29 22
29 33
29 32
29 2
29 6
29 38
29 1
29 11
29 49
29 41
29 17
29 35
29 13
29 7
29 27
29 28
29 3
29 23
21
30 21
30 19
30 47
30 13
30 33
30 22
30 39
30 18
30 40
30 15
30 7
30 29
30 28
30 11
30 0
30 44
30 36
30 24
30 38
30 12
30 37
23
31 16
31 30
31 36
31 0
31 7
31 22
31 4
31 43
31 1
31 47
31 49
31 3
31 18
31 5
31 26
31 28
31 39
31 34
31 41
31 24
31 19
31 29
31 14
20
32 12
32 3
32 17
32 42
32 23
32 47
32 41
32 4
32 22
32 35
32 34
32 26
32 44
32 30
32 6
32 8
32 11
32 20
32 2
32 27
18
33 48
33 15
33 11
33 41
33 14
33 20
33 12
33 25
33 34
33 31
33 5
33 4
33 13
33 7
33 49
33 42
33 32
33 10
19
34 26
34 45
34 2
34 27
34 38
34 4
34 0
34 41
34 30
34 14
34 43
34 18
34 42
34 16
34 47
34 21
34 24
34 7
34 22
20
35 0
35 31
35 5
35 14
35 13
35 3
35 17
35 30
35 34
35 19
35 45
35 15
35 10
35 11
35 8
35 44
35 23
35 26
35 33
35 2
19
36 2
36 11
36 24
36 8
36 33
36 35
36 44
36 34
36 4
36 37
36 12
36 43
36 48
36 7
36 9
36 29
36 32
36 13
36 26
24
37 42
37 29
37 25
37 2
37 32
37 39
37 7
37 12
37 43
37 26
37 5
37 13
37 15
37 11
37 34
37 27
37 3
37 38
37 8
37 46
37 33
37 24
37 45
37 41
24
38 1
38 28
38 26
38 25
38 35
38 31
38 10
38 18
38 4
38 19
38 42
38 49
38 39
38 8
38 32
38 12
38 11
38 9
38 24
38 0
38 17
38 43
38 33
38 5
18
39 33
39 13
39 48
39 10
39 49
39 12
39 35
39 40
39 26
39 2
39 17
39 32
39 4
39 23
39 25
39 29
39 46
39 21
24
40 25
40 45
40 17
40 35
40 31
40 46
40 34
40 18
40 29
40 24
40 27
40 12
40 23
40 38
40 48
40 15
40 19
40 0
40 2
40 4
40 36
40 8
40 9
40 13
17
41 18
41 2
41 47
41 40
41 30
41 8
41 20
41 9
41 23
41 1
41 3
41 49
41 39
41 36
41 6
41 43
41 22
20
42 41
42 15
42 12
42 2
42 28
42 30
42 18
42 19
42 39
42 4
42 6
42 26
42 29
42 3
42 22
42 44
42 20
42 16
42 23
42 35
20
43 30
43 33
43 23
43 2
43 18
43 35
43 32
43 11
43 48
43 26
43 39
43 24
43 40
43 20
43 15
43 27
43 10
43 17
43 22
43 12
11
44 37
44 34
44 22
44 2
44 6
44 41
44 23
44 33
44 19
44 40
44 20
23
45 26
45 31
45 22
45 3
45 41
45 33
45 5
45 14
45 6
45 48
45 20
45 21
45 32
45 9
45 4
45 29
45 24
45 7
45 19
45 38
45 1
45 46
45 28
17
46 36
46 12
46 4
46 13
46 41
46 11
46 34
46 31
46 0
46 6
46 32
46 19
46 30
46 44
46 18
46 5
46 27
22
47 5
47 17
47 43
47 33
47 37
47 29
47 40
47 2
47 19
47 18
47 39
47 6
47 23
47 38
47 15
47 44
47 36
47 13
47 49
47 16
47 12
47 10
21
48 3
48 10
48 32
48 31
48 29
48 16
48 42
48 37
48 38
48 9
48 35
48 20
48 27
48 1
48 47
48 7
48 44
48 15
48 34
48 8
48 24
21
49 44
49 11
49 26
49 14
49 9
49 40
49 8
49 25
49 4
49 12
49 34
49 37
49 42
49 19
49 20
49 46
49 10
49 2
49 36
49 35
49 45
