50
0 "A37"
1 "A34"
2 "A44"
3 "A2"
4 "A0"
5 "A6"
6 "A8"
7 "A19"
8 "A43"
9 "A4"
10 "A12"
11 "A17"
12 "A29"
13 "A40"
14 "A46"
15 "A23"
16 "A1"
17 "A11"
18 "A14"
19 "A26"
20 "A21"
21 "A13"
22 "A24"
23 "A42"
24 "A39"
25 "A41"
26 "A5"
27 "A28"
28 "A22"
29 "A18"
30 "A49"
31 "A32"
32 "A38"
33 "A3"
34 "A16"
35 "A15"
36 "A47"
37 "A9"
38 "A27"
39 "A33"
40 "A10"
41 "A45"
42 "A35"
43 "A20"
44 "A36"
45 "A31"
46 "A25"
47 "A30"
48 "A48"
49 "A7"
20
0 48
0 22
0 34
0 7
0 18
0 12
0 43
0 39
0 1
0 46
0 45
0 24
0 20
0 30
0 23
0 38
0 35
0 3
0 26
0 49
22
1 11
1 4
1 15
1 8
1 33
1 49
1 24
1 46
1 38
1 9
1 25
1 28
1 32
1 47
1 14
1 22
1 41
1 48
1 42
1 5
1 29
1 30
19
2 4
2 33
2 12
2 25
2 32
2 24
2 1
2 47
2 3
2 28
2 19
2 30
2 6
2 27
2 48
2 45
2 41
2 37
2 31
21
3 33
3 32
3 28
3 31
3 23
3 10
3 43
3 20
3 5
3 49
3 6
3 9
3 37
3 15
3 35
3 47
3 38
3 48
3 12
3 1
3 13
22
4 18
4 15
4 35
4 40
4 13
4 29
4 24
4 7
4 8
4 19
4 30
4 38
4 47
4 45
4 11
4 48
4 37
4 14
4 49
4 32
4 3
4 0
15
5 30
5 34
5 48
5 15
5 39
5 24
5 29
5 0
5 12
5 38
5 19
5 16
5 26
5 35
5 4
25
6 22
6 14
6 30
6 21
6 34
6 11
6 5
6 13
6 33
6 37
6 41
6 35
6 46
6 45
6 20
6 0
6 32
6 39
6 47
6 17
6 24
6 15
6 4
6 48
6 23
21
7 28
7 21
7 39
7 41
7 5
7 1
7 25
7 38
7 22
7 20
7 3
7 14
7 49
7 9
7 2
7 26
7 46
7 47
7 33
7 48
7 29
25
8 31
8 43
8 48
8 37
8 41
8 10
8 20
8 16
8 32
8 45
8 23
8 47
8 36
8 21
8 11
8 44
8 2
8 22
8 0
8 3
8 34
8 15
8 5
8 27
8 42
20
9 39
9 34
9 35
9 46
9 2
9 28
9 25
9 6
9 16
9 36
9 29
9 23
9 19
9 44
9 42
9 27
9 8
9 0
9 47
9 20
24
10 48
10 34
10 2
10 23
10 43
10 19
10 15
10 25
10 30
10 0
10 44
10 39
10 40
10 9
10 35
10 7
10 4
10 14
10 31
10 22
10 24
10 46
10 42
10 33
20
11 17
11 7
11 27
11 39
11 36
11 5
11 22
11 42
11 40
11 12
11 32
11 2
11 10
11 18
11 0
11 13
11 25
11 45
11 3
11 31
19
12 1
12 45
12 46
12 14
12 44
12 20
12 30
12 16
12 48
12 6
12 18
12 29
12 23
12 31
12 24
12 17
12 9
12 32
12 33
24
13 38
13 1
13 37
13 8
13 2
13 5
13 40
13 25
13 22
13 45
13 0
13 44
13 26
13 10
13 34
13 31
13 28
13 20
13 48
13 43
13 29
13 47
13 46
13 12
17
14 9
14 45
14 22
14 39
14 30
14 25
14 40
14 27
14 3
14 19
14 48
14 16
14 28
14 18
14 0
14 24
14 5
21
15 36
15 26
15 9
15 42
15 33
15 21
15 32
15 13
15 17
15 0
15 49
15 31
15 19
15 20
15 7
15 16
15 28
15 38
15 27
15 23
15 12
30
16 47
16 29
16 30
16 7
16 31
16 11
16 34
16 27
16 45
16 38
16 23
16 6
16 4
16 24
16 2
16 28
16 32
16 21
16 48
16 43
16 20
16 1
16 41
16 42
16 37
16 33
16 39
16 13
16 22
16 10
18
17 22
17 8
17 28
17 34
17 3
17 0
17 37
17 26
17 30
17 14
17 13
17 33
17 10
17 36
17 18
17 47
17 19
17 16
27
18 49
18 27
18 45
18 36
18 39
18 5
18 10
18 9
18 7
18 1
18 43
18 37
18 30
18 8
18 13
18 38
18 20
18 19
18 33
18 16
18 2
18 15
18 21
18 28
18 35
18 6
18 22
14
19 7
19 0
19 30
19 20
19 39
19 46
19 1
19 3
19 34
19 13
19 35
19 32
19 16
19 6
16
20 22
20 23
20 17
20 2
20 11
20 44
20 5
20 39
20 1
20 40
20 34
20 43
20 28
20 48
20 35
20 24
19
21 39
21 19
21 36
21 0
21 4
21 32
21 17
21 25
21 10
21 34
21 3
21 1
21 45
21 28
21 31
21 22
21 27
21 40
21 37
14
22 9
22 32
22 31
22 27
22 34
22 30
22 12
22 3
22 39
22 5
22 4
22 41
22 19
22 35
20
23 5
23 22
23 11
23 33
23 19
23 21
23 32
23 25
23 30
23 13
23 34
23 36
23 43
23 47
23 17
23 31
23 14
23 2
23 24
23 1
21
24 45
24 44
24 18
24 25
24 27
24 34
24 17
24 28
24 30
24 46
24 36
24 48
24 8
24 15
24 37
24 47
24 7
24 3
24 11
24 22
24 38
16
25 19
25 29
25 20
25 16
25 36
25 4
25 12
25 8
25 32
25 17
25 47
25 30
25 6
25 31
25 48
25 45
26
26 23
26 38
26 20
26 42
26 1
26 28
26 41
26 29
26 10
26 44
26 19
26 40
26 43
26 24
26 11
26 31
26 3
26 2
26 22
26 9
26 8
26 49
26 36
26 14
26 25
26 18
22
27 48
27 30
27 26
27 25
27 20
27 36
27 45
27 40
27 33
27 43
27 23
27 5
27 1
27 38
27 4
27 47
27 41
27 13
27 7
27 49
27 31
27 19
21
28 22
28 0
28 33
28 40
28 27
28 43
28 10
28 31
28 12
28 30
28 4
28 41
28 25
28 29
28 5
28 34
28 37
28 42
28 19
28 46
28 45
20
29 45
29 0
29 32
29 24
29 48
29 6
29 40
29 18
29 10
29 49
29 47
29 21
29 17
29 31
29 30
29 11
29 23
29 27
29 15
29 19
17
30 9
30 15
30 20
30 40
30 32
30 41
30 47
30 8
30 48
30 13
30 26
30 49
30 44
30 38
30 34
30 21
30 31
15
31 40
31 34
31 5
31 37
31 9
31 19
31 36
31 44
31 46
31 20
31 18
31 32
31 45
31 38
31 1
14
32 5
32 37
32 38
32 43
32 49
32 34
32 10
32 18
32 46
32 48
32 35
32 41
32 20
32 40
23
33 41
33 22
33 9
33 30
33 46
33 11
33 20
33 38
33 42
33 29
33 0
33 37
33 31
33 26
33 25
33 24
33 35
33 14
33 40
33 19
33 4
33 45
33 36
16
34 37
34 33
34 27
34 11
34 14
34 25
34 1
34 15
34 4
34 44
34 29
34 47
34 43
34 26
34 7
34 2
19
35 28
35 23
35 7
35 36
35 17
35 41
35 15
35 11
35 12
35 40
35 13
35 34
35 31
35 26
35 27
35 1
35 16
35 8
35 21
19
36 7
36 49
36 46
36 34
36 12
36 16
36 28
36 2
36 39
36 41
36 5
36 13
36 10
36 14
36 0
36 6
36 42
36 29
36 30
19
37 47
37 29
37 14
37 39
37 36
37 9
37 11
37 44
37 5
37 19
37 7
37 20
37 35
37 10
37 23
37 12
37 30
37 42
37 22
17
38 14
38 40
38 20
38 37
38 29
38 36
38 21
38 35
38 49
38 11
38 28
38 19
38 12
38 39
38 17
38 23
38 22
15
39 46
39 33
39 42
39 27
39 13
39 15
39 31
39 45
39 26
39 12
39 24
39 8
39 1
39 30
39 49
16
40 45
40 36
40 6
40 7
40 5
40 19
40 16
40 42
40 23
40 18
40 12
40 24
40 0
40 46
40 2
40 39
26
41 25
41 19
41 29
41 5
41 40
41 37
41 31
41 34
41 17
41 24
41 0
41 44
41 23
41 48
41 47
41 3
41 45
41 15
41 13
41 49
41 21
41 10
41 4
41 38
41 12
41 46
20
42 48
42 0
42 45
42 23
42 35
42 5
42 29
42 46
42 25
42 17
42 6
42 12
42 21
42 47
42 20
42 44
42 22
42 7
42 32
42 14
21
43 1
43 45
43 36
43 9
43 7
43 46
43 35
43 11
43 29
43 44
43 19
43 33
43 30
43 21
43 49
43 39
43 24
43 25
43 48
43 17
43 4
16
44 14
44 0
44 1
44 7
44 5
44 6
44 27
44 16
44 4
44 17
44 38
44 18
44 39
44 33
44 47
44 40
15
45 32
45 10
45 17
45 36
45 5
45 9
45 35
45 23
45 38
45 7
45 3
45 30
45 19
45 20
45 44
19
46 47
46 44
46 23
46 5
46 37
46 18
46 11
46 25
46 30
46 35
46 20
46 3
46 38
46 29
46 2
46 16
46 45
46 15
46 21
20
47 36
47 11
47 10
47 5
47 32
47 40
47 33
47 20
47 28
47 43
47 35
47 39
47 38
47 45
47 0
47 12
47 15
47 14
47 26
47 19
14
48 21
48 37
48 15
48 11
48 44
48 26
48 33
48 17
48 23
48 36
48 45
48 40
48 18
48 28
20
49 23
49 42
49 17
49 10
49 24
49 6
49 16
49 46
49 44
49 2
49 25
49 13
49 14
49 21
49 20
49 37
49 31
49 47
49 8
49 33
