50
0 "A37"
1 "A34"
2 "A44"
3 "A2"
4 "A0"
5 "A6"
6 "A8"
7 "A19"
8 "A43"
9 "A4"
10 "A12"
11 "A17"
12 "A29"
13 "A40"
14 "A46"
15 "A23"
16 "A1"
17 "A11"
18 "A14"
19 "A26"
20 "A21"
21 "A13"
22 "A24"
23 "A42"
24 "A39"
25 "A41"
26 "A5"
27 "A28"
28 "A22"
29 "A18"
30 "A49"
31 "A32"
32 "A38"
33 "A3"
34 "A16"
35 "A15"
36 "A47"
37 "A9"
38 "A27"
39 "A33"
40 "A10"
41 "A45"
42 "A35"
43 "A20"
44 "A36"
45 "A31"
46 "A25"
47 "A30"
48 "A48"
49 "A7"
22
0 40
0 23
0 14
0 37
0 16
0 22
0 27
0 8
0 47
0 41
0 46
0 28
0 30
0 43
0 31
0 44
0 35
0 36
0 42
0 2
0 34
0 25
20
1 10
1 35
1 44
1 4
1 48
1 49
1 28
1 21
1 26
1 7
1 5
1 14
1 0
1 25
1 19
1 39
1 27
1 31
1 34
1 32
21
2 15
2 43
2 32
2 46
2 6
2 36
2 1
2 8
2 11
2 25
2 24
2 29
2 18
2 31
2 30
2 33
2 39
2 35
2 20
2 28
2 42
19
3 40
3 36
3 0
3 7
3 14
3 24
3 33
3 22
3 43
3 15
3 29
3 16
3 11
3 25
3 8
3 18
3 9
3 6
3 5
21
4 33
4 38
4 21
4 14
4 39
4 40
4 9
4 26
4 7
4 42
4 15
4 31
4 0
4 30
4 12
4 24
4 6
4 3
4 32
4 47
4 43
23
5 31
5 32
5 40
5 2
5 12
5 27
5 47
5 22
5 43
5 45
5 49
5 34
5 28
5 20
5 6
5 23
5 48
5 0
5 44
5 8
5 19
5 41
5 30
20
6 26
6 0
6 35
6 49
6 1
6 42
6 44
6 32
6 43
6 23
6 14
6 40
6 8
6 7
6 46
6 13
6 27
6 16
6 31
6 48
19
7 2
7 45
7 39
7 25
7 14
7 0
7 30
7 36
7 22
7 20
7 26
7 28
7 47
7 40
7 41
7 33
7 15
7 32
7 34
16
8 45
8 35
8 16
8 30
8 42
8 44
8 36
8 9
8 47
8 31
8 48
8 12
8 4
8 27
8 20
8 19
21
9 37
9 2
9 33
9 27
9 14
9 47
9 19
9 38
9 1
9 0
9 23
9 41
9 30
9 21
9 6
9 39
9 48
9 17
9 32
9 44
9 46
20
10 21
10 2
10 5
10 36
10 9
10 32
10 17
10 4
10 0
10 39
10 29
10 27
10 25
10 19
10 14
10 40
10 49
10 23
10 7
10 22
20
11 1
11 38
11 0
11 5
11 29
11 12
11 34
11 10
11 25
11 42
11 8
11 6
11 13
11 41
11 49
11 17
11 18
11 4
11 19
11 44
17
12 38
12 2
12 31
12 1
12 21
12 36
12 0
12 34
12 42
12 27
12 13
12 35
12 23
12 47
12 37
12 6
12 28
21
13 2
13 45
13 20
13 10
13 3
13 30
13 23
13 7
13 48
13 21
13 39
13 4
13 40
13 42
13 46
13 36
13 16
13 19
13 22
13 18
13 9
18
14 48
14 35
14 46
14 28
14 21
14 33
14 5
14 36
14 20
14 8
14 13
14 49
14 40
14 34
14 15
14 30
14 44
14 39
21
15 45
15 11
15 20
15 17
15 6
15 33
15 22
15 8
15 0
15 19
15 32
15 34
15 9
15 16
15 44
15 31
15 5
15 30
15 47
15 24
15 27
20
16 20
16 32
16 10
16 17
16 34
16 29
16 5
16 14
16 28
16 45
16 1
16 7
16 30
16 18
16 4
16 39
16 9
16 21
16 44
16 33
14
17 22
17 41
17 32
17 13
17 24
17 44
17 48
17 6
17 2
17 49
17 28
17 40
17 14
17 46
23
18 38
18 30
18 20
18 27
18 4
18 23
18 31
18 14
18 29
18 39
18 49
18 26
18 7
18 5
18 25
18 40
18 10
18 9
18 8
18 6
18 42
18 37
18 35
22
19 0
19 4
19 37
19 16
19 2
19 20
19 41
19 17
19 35
19 12
19 14
19 27
19 23
19 21
19 49
19 22
19 6
19 31
19 18
19 30
19 28
19 32
18
20 45
20 42
20 21
20 33
20 31
20 10
20 25
20 39
20 9
20 34
20 48
20 12
20 23
20 3
20 37
20 27
20 17
20 36
20
21 15
21 25
21 39
21 28
21 11
21 36
21 31
21 0
21 48
21 46
21 5
21 7
21 30
21 8
21 18
21 6
21 38
21 40
21 41
21 17
22
22 12
22 21
22 37
22 46
22 31
22 48
22 14
22 44
22 45
22 4
22 9
22 2
22 18
22 30
22 27
22 23
22 24
22 34
22 41
22 39
22 8
22 11
20
23 16
23 30
23 11
23 21
23 27
23 3
23 15
23 25
23 14
23 26
23 46
23 31
23 1
23 17
23 39
23 33
23 8
23 2
23 34
23 7
20
24 21
24 18
24 32
24 13
24 39
24 9
24 31
24 10
24 1
24 19
24 27
24 16
24 5
24 12
24 35
24 48
24 7
24 33
24 38
24 14
19
25 41
25 5
25 47
25 42
25 13
25 9
25 26
25 30
25 45
25 17
25 36
25 46
25 24
25 32
25 16
25 4
25 31
25 6
25 8
22
26 2
26 22
26 19
26 20
26 15
26 0
26 37
26 48
26 27
26 31
26 12
26 36
26 10
26 21
26 46
26 43
26 41
26 34
26 5
26 8
26 16
26 11
14
27 31
27 11
27 33
27 3
27 48
27 25
27 17
27 21
27 14
27 38
27 43
27 2
27 37
27 32
19
28 8
28 33
28 34
28 4
28 11
28 25
28 24
28 29
28 31
28 26
28 41
28 36
28 22
28 23
28 13
28 40
28 49
28 47
28 9
24
29 8
29 32
29 15
29 14
29 30
29 35
29 47
29 25
29 9
29 7
29 44
29 0
29 39
29 20
29 22
29 34
29 17
29 19
29 6
29 45
29 41
29 26
29 21
29 4
14
30 44
30 34
30 3
30 20
30 47
30 37
30 6
30 28
30 40
30 17
30 1
30 46
30 39
30 10
10
31 49
31 33
31 9
31 44
31 29
31 14
31 17
31 3
31 41
31 13
17
32 0
32 21
32 18
32 40
32 23
32 36
32 30
32 13
32 38
32 31
32 28
32 22
32 45
32 12
32 3
32 43
32 47
21
33 32
33 0
33 21
33 11
33 30
33 26
33 13
33 5
33 12
33 8
33 44
33 45
33 25
33 19
33 29
33 46
33 17
33 6
33 35
33 1
33 47
21
34 36
34 13
34 21
34 2
34 42
34 17
34 38
34 44
34 18
34 32
34 4
34 31
34 3
34 24
34 41
34 45
34 47
34 27
34 46
34 40
34 19
19
35 7
35 39
35 34
35 20
35 10
35 22
35 11
35 49
35 47
35 15
35 9
35 28
35 25
35 5
35 27
35 4
35 42
35 30
35 13
17
36 11
36 43
36 37
36 24
36 39
36 40
36 17
36 19
36 49
36 6
36 23
36 30
36 31
36 5
36 35
36 29
36 46
24
37 24
37 2
37 5
37 8
37 44
37 38
37 1
37 6
37 47
37 41
37 25
37 45
37 23
37 42
37 11
37 33
37 43
37 34
37 17
37 10
37 13
37 32
37 31
37 49
25
38 22
38 23
38 3
38 26
38 35
38 25
38 29
38 36
38 5
38 15
38 8
38 46
38 10
38 20
38 28
38 1
38 14
38 33
38 6
38 30
38 16
38 17
38 13
38 0
38 7
17
39 28
39 43
39 17
39 27
39 41
39 34
39 42
39 31
39 32
39 25
39 3
39 38
39 15
39 19
39 37
39 26
39 5
22
40 1
40 23
40 8
40 26
40 31
40 44
40 12
40 46
40 16
40 20
40 33
40 19
40 22
40 25
40 41
40 11
40 38
40 47
40 35
40 29
40 15
40 24
21
41 23
41 6
41 42
41 38
41 30
41 1
41 2
41 14
41 12
41 10
41 15
41 18
41 47
41 49
41 33
41 4
41 46
41 44
41 45
41 32
41 3
18
42 26
42 46
42 28
42 5
42 1
42 9
42 3
42 29
42 19
42 10
42 17
42 44
42 30
42 14
42 36
42 21
42 31
42 32
21
43 14
43 11
43 16
43 20
43 24
43 17
43 19
43 18
43 21
43 33
43 13
43 28
43 34
43 38
43 31
43 35
43 23
43 1
43 7
43 42
43 47
17
44 28
44 49
44 10
44 24
44 27
44 26
44 13
44 39
44 7
44 23
44 12
44 32
44 3
44 19
44 43
44 20
44 36
25
45 28
45 42
45 35
45 2
45 48
45 11
45 24
45 23
45 21
45 40
45 0
45 27
45 26
45 18
45 47
45 14
45 1
45 19
45 31
45 36
45 46
45 3
45 30
45 4
45 49
17
46 1
46 15
46 43
46 32
46 37
46 20
46 48
46 27
46 31
46 29
46 16
46 28
46 24
46 8
46 44
46 5
46 35
20
47 14
47 10
47 18
47 38
47 36
47 17
47 6
47 20
47 48
47 42
47 31
47 1
47 11
47 44
47 2
47 21
47 24
47 19
47 39
47 22
20
48 32
48 41
48 39
48 31
48 23
48 38
48 35
48 33
48 49
48 4
48 0
48 19
48 42
48 7
48 10
48 18
48 11
48 29
48 36
48 30
18
49 3
49 13
49 29
49 34
49 8
49 39
49 9
49 23
49 40
49 21
49 38
49 25
49 27
49 2
49 43
49 33
49 15
49 26
