50
0 "A37"
1 "A34"
2 "A44"
3 "A2"
4 "A0"
5 "A6"
6 "A8"
7 "A19"
8 "A43"
9 "A4"
10 "A12"
11 "A17"
12 "A29"
13 "A40"
14 "A46"
15 "A23"
16 "A1"
17 "A11"
18 "A14"
19 "A26"
20 "A21"
21 "A13"
22 "A24"
23 "A42"
24 "A39"
25 "A41"
26 "A5"
27 "A28"
28 "A22"
29 "A18"
30 "A49"
31 "A32"
32 "A38"
33 "A3"
34 "A16"
35 "A15"
36 "A47"
37 "A9"
38 "A27"
39 "A33"
40 "A10"
41 "A45"
42 "A35"
43 "A20"
44 "A36"
45 "A31"
46 "A25"
47 "A30"
48 "A48"
49 "A7"
20
0 22
0 8
0 38
0 41
0 15
0 33
0 20
0 14
0 2
0 27
0 42
0 30
0 3
0 35
0 34
0 47
0 10
0 18
0 39
0 4
14
1 15
1 41
1 14
1 39
1 0
1 35
1 25
1 8
1 2
1 6
1 21
1 3
1 17
1 4
16
2 35
2 30
2 26
2 18
2 12
2 49
2 47
2 3
2 7
2 34
2 9
2 19
2 36
2 45
2 14
2 37
20
3 32
3 13
3 28
3 48
3 15
3 19
3 30
3 14
3 10
3 26
3 6
3 12
3 33
3 29
3 23
3 45
3 24
3 49
3 35
3 41
23
4 28
4 41
4 44
4 38
4 47
4 33
4 13
4 32
4 30
4 36
4 17
4 46
4 24
4 18
4 39
4 15
4 20
4 42
4 2
4 23
4 5
4 8
4 45
20
5 47
5 8
5 1
5 24
5 32
5 48
5 0
5 35
5 3
5 28
5 44
5 12
5 33
5 46
5 16
5 19
5 42
5 13
5 15
5 18
22
6 22
6 0
6 24
6 36
6 48
6 10
6 20
6 45
6 8
6 12
6 31
6 2
6 42
6 28
6 16
6 47
6 5
6 14
6 30
6 4
6 46
6 29
20
7 31
7 18
7 22
7 32
7 34
7 33
7 11
7 8
7 12
7 46
7 30
7 9
7 20
7 43
7 39
7 26
7 5
7 17
7 14
7 0
14
8 38
8 16
8 25
8 42
8 40
8 28
8 10
8 3
8 20
8 31
8 9
8 45
8 22
8 15
18
9 33
9 1
9 34
9 39
9 4
9 26
9 31
9 30
9 6
9 23
9 11
9 21
9 25
9 46
9 18
9 5
9 42
9 0
21
10 14
10 12
10 36
10 27
10 11
10 34
10 44
10 5
10 17
10 48
10 46
10 40
10 31
10 4
10 29
10 9
10 45
10 32
10 2
10 42
10 1
19
11 41
11 20
11 4
11 44
11 12
11 39
11 37
11 40
11 1
11 33
11 23
11 6
11 34
11 26
11 0
11 25
11 42
11 17
11 8
18
12 19
12 17
12 33
12 32
12 46
12 45
12 15
12 30
12 37
12 26
12 25
12 42
12 48
12 39
12 1
12 34
12 9
12 49
14
13 12
13 31
13 49
13 1
13 10
13 36
13 15
13 42
13 35
13 26
13 22
13 24
13 8
13 44
18
14 4
14 43
14 5
14 45
14 38
14 20
14 30
14 22
14 42
14 12
14 11
14 8
14 21
14 13
14 32
14 34
14 23
14 36
18
15 2
15 14
15 48
15 16
15 6
15 24
15 38
15 33
15 42
15 27
15 9
15 25
15 19
15 29
15 30
15 22
15 10
15 7
19
16 47
16 33
16 7
16 14
16 11
16 24
16 44
16 20
16 49
16 29
16 23
16 37
16 2
16 13
16 40
16 25
16 9
16 3
16 46
21
17 16
17 38
17 9
17 27
17 15
17 31
17 40
17 5
17 28
17 29
17 44
17 34
17 37
17 41
17 39
17 30
17 19
17 14
17 26
17 6
17 22
25
18 26
18 30
18 44
18 17
18 1
18 48
18 25
18 39
18 41
18 24
18 35
18 27
18 21
18 49
18 45
18 12
18 14
18 36
18 11
18 32
18 10
18 13
18 15
18 33
18 20
19
19 11
19 4
19 42
19 22
19 1
19 14
19 26
19 38
19 32
19 18
19 34
19 0
19 6
19 7
19 49
19 20
19 8
19 9
19 39
16
20 3
20 39
20 25
20 35
20 2
20 42
20 47
20 1
20 27
20 12
20 49
20 33
20 38
20 30
20 31
20 9
13
21 15
21 30
21 29
21 19
21 46
21 2
21 11
21 26
21 8
21 20
21 4
21 38
21 6
17
22 20
22 27
22 4
22 10
22 31
22 37
22 18
22 1
22 21
22 16
22 44
22 11
22 3
22 48
22 23
22 2
22 49
22
23 0
23 8
23 6
23 19
23 32
23 44
23 13
23 39
23 31
23 46
23 5
23 45
23 10
23 2
23 29
23 38
23 41
23 17
23 26
23 40
23 34
23 21
26
24 14
24 23
24 25
24 43
24 27
24 34
24 8
24 41
24 21
24 39
24 45
24 1
24 19
24 36
24 30
24 40
24 46
24 35
24 12
24 26
24 49
24 2
24 7
24 29
24 22
24 0
18
25 35
25 46
25 5
25 44
25 27
25 0
25 19
25 13
25 31
25 2
25 14
25 17
25 7
25 41
25 10
25 37
25 21
25 33
18
26 37
26 10
26 49
26 1
26 14
26 22
26 32
26 28
26 25
26 42
26 0
26 16
26 34
26 33
26 31
26 5
26 40
26 4
16
27 6
27 8
27 26
27 11
27 7
27 12
27 5
27 29
27 23
27 48
27 49
27 28
27 14
27 30
27 36
27 43
27
28 47
28 39
28 49
28 20
28 2
28 41
28 13
28 48
28 32
28 22
28 40
28 25
28 37
28 31
28 23
28 12
28 10
28 1
28 14
28 29
28 36
28 16
28 19
28 30
28 33
28 24
28 7
20
29 13
29 18
29 5
29 26
29 35
29 14
29 45
29 34
29 4
29 46
29 11
29 19
29 43
29 2
29 42
29 9
29 1
29 20
29 30
29 31
16
30 43
30 23
30 1
30 44
30 11
30 48
30 5
30 10
30 13
30 46
30 34
30 22
30 8
30 26
30 19
30 40
20
31 42
31 0
31 45
31 2
31 34
31 27
31 24
31 44
31 49
31 15
31 12
31 21
31 30
31 19
31 39
31 33
31 18
31 3
31 14
31 36
22
32 16
32 13
32 25
32 47
32 29
32 24
32 1
32 31
32 6
32 11
32 42
32 27
32 49
32 9
32 30
32 8
32 38
32 21
32 34
32 22
32 0
32 15
13
33 30
33 19
33 43
33 45
33 40
33 6
33 13
33 36
33 29
33 23
33 24
33 38
33 46
15
34 44
34 1
34 47
34 8
34 22
34 38
34 4
34 25
34 3
34 42
34 37
34 36
34 20
34 49
34 13
21
35 10
35 14
35 43
35 33
35 22
35 34
35 7
35 21
35 38
35 16
35 46
35 17
35 4
35 47
35 26
35 11
35 31
35 23
35 40
35 27
35 8
19
36 40
36 1
36 15
36 17
36 25
36 32
36 48
36 7
36 0
36 26
36 16
36 23
36 46
36 21
36 20
36 44
36 9
36 41
36 22
23
37 1
37 43
37 35
37 49
37 20
37 38
37 24
37 21
37 27
37 13
37 19
37 47
37 29
37 48
37 30
37 6
37 15
37 3
37 14
37 18
37 7
37 9
37 42
21
38 45
38 30
38 5
38 11
38 27
38 39
38 26
38 3
38 12
38 9
38 2
38 25
38 28
38 22
38 36
38 1
38 6
38 10
38 16
38 18
38 49
23
39 16
39 6
39 37
39 45
39 3
39 34
39 22
39 2
39 49
39 42
39 30
39 5
39 15
39 41
39 21
39 29
39 10
39 14
39 35
39 32
39 27
39 33
39 25
25
40 22
40 13
40 12
40 3
40 39
40 15
40 1
40 7
40 34
40 9
40 2
40 25
40 42
40 5
40 0
40 43
40 20
40 27
40 19
40 6
40 37
40 4
40 21
40 32
40 31
22
41 43
41 32
41 21
41 10
41 22
41 6
41 7
41 38
41 5
41 40
41 13
41 35
41 33
41 44
41 14
41 20
41 16
41 15
41 34
41 12
41 31
41 29
14
42 38
42 2
42 36
42 35
42 28
42 7
42 45
42 16
42 18
42 22
42 41
42 21
42 27
42 47
22
43 31
43 20
43 11
43 25
43 6
43 26
43 12
43 4
43 3
43 34
43 32
43 9
43 16
43 10
43 17
43 47
43 15
43 36
43 42
43 13
43 19
43 45
22
44 39
44 37
44 40
44 24
44 3
44 21
44 9
44 6
44 29
44 27
44 28
44 45
44 7
44 20
44 1
44 26
44 35
44 33
44 15
44 47
44 8
44 0
19
45 20
45 27
45 17
45 35
45 1
45 48
45 47
45 30
45 7
45 9
45 16
45 25
45 37
45 28
45 26
45 13
45 32
45 41
45 11
20
46 38
46 37
46 31
46 43
46 41
46 27
46 15
46 1
46 11
46 14
46 22
46 0
46 45
46 2
46 18
46 17
46 28
46 40
46 48
46 20
23
47 31
47 26
47 40
47 22
47 39
47 21
47 15
47 33
47 46
47 10
47 27
47 23
47 13
47 25
47 12
47 19
47 11
47 29
47 49
47 18
47 24
47 17
47 14
26
48 33
48 35
48 17
48 8
48 7
48 40
48 11
48 21
48 9
48 34
48 25
48 38
48 47
48 2
48 23
48 39
48 31
48 29
48 43
48 0
48 16
48 4
48 32
48 41
48 20
48 1
22
49 46
49 17
49 0
49 11
49 25
49 14
49 35
49 10
49 8
49 5
49 21
49 33
49 9
49 36
49 7
49 6
49 42
49 29
49 23
49 41
49 4
49 15
