50
0 "A49"
1 "A38"
2 "A20"
3 "A4"
4 "A36"
5 "A14"
6 "A18"
7 "A21"
8 "A25"
9 "A12"
10 "A28"
11 "A9"
12 "A42"
13 "A37"
14 "A45"
15 "A24"
16 "A5"
17 "A39"
18 "A33"
19 "A32"
20 "A1"
21 "A40"
22 "A34"
23 "A7"
24 "A2"
25 "A48"
26 "A22"
27 "A31"
28 "A11"
29 "A16"
30 "A26"
31 "A30"
32 "A27"
33 "A13"
34 "A44"
35 "A43"
36 "A8"
37 "A6"
38 "A23"
39 "A0"
40 "A17"
41 "A15"
42 "A35"
43 "A3"
44 "A10"
45 "A41"
46 "A47"
47 "A46"
48 "A19"
49 "A29"
24
0 3
0 41
0 39
0 35
0 2
0 15
0 22
0 4
0 47
0 5
0 13
0 31
0 20
0 6
0 36
0 7
0 40
0 34
0 32
0 16
0 33
0 27
0 43
0 14
18
1 21
1 39
1 14
1 10
1 15
1 12
1 43
1 13
1 9
1 40
1 20
1 23
1 34
1 4
1 41
1 0
1 7
1 28
24
2 16
2 34
2 30
2 27
2 1
2 29
2 7
2 44
2 39
2 46
2 36
2 49
2 25
2 40
2 11
2 18
2 21
2 20
2 4
2 42
2 31
2 15
2 23
2 17
21
3 21
3 39
3 17
3 38
3 2
3 5
3 26
3 41
3 19
3 1
3 31
3 14
3 44
3 30
3 37
3 32
3 49
3 23
3 22
3 8
3 15
21
4 42
4 28
4 34
4 9
4 11
4 13
4 26
4 31
4 22
4 38
4 7
4 17
4 18
4 21
4 3
4 24
4 46
4 29
4 30
4 35
4 44
23
5 15
5 4
5 24
5 1
5 47
5 34
5 42
5 30
5 7
5 6
5 28
5 18
5 31
5 40
5 45
5 43
5 33
5 38
5 22
5 32
5 17
5 27
5 39
19
6 13
6 7
6 40
6 21
6 4
6 1
6 17
6 46
6 18
6 47
6 3
6 44
6 26
6 25
6 32
6 15
6 48
6 49
6 27
13
7 16
7 47
7 33
7 24
7 29
7 48
7 18
7 38
7 31
7 32
7 3
7 22
7 23
19
8 20
8 16
8 0
8 10
8 12
8 42
8 40
8 26
8 35
8 43
8 32
8 18
8 28
8 17
8 23
8 25
8 21
8 5
8 2
19
9 11
9 8
9 48
9 36
9 0
9 14
9 13
9 32
9 22
9 7
9 47
9 40
9 38
9 43
9 44
9 10
9 39
9 26
9 5
23
10 23
10 47
10 3
10 32
10 22
10 43
10 25
10 31
10 21
10 0
10 5
10 4
10 39
10 26
10 28
10 18
10 11
10 14
10 33
10 20
10 7
10 12
10 46
21
11 41
11 38
11 19
11 49
11 7
11 26
11 29
11 3
11 36
11 48
11 13
11 6
11 1
11 17
11 15
11 14
11 22
11 40
11 20
11 47
11 16
21
12 47
12 3
12 16
12 13
12 38
12 31
12 34
12 7
12 49
12 0
12 21
12 6
12 22
12 11
12 2
12 4
12 46
12 15
12 9
12 25
12 45
20
13 36
13 10
13 38
13 7
13 19
13 3
13 42
13 28
13 45
13 15
13 44
13 2
13 23
13 25
13 5
13 37
13 8
13 24
13 34
13 17
16
14 44
14 24
14 16
14 31
14 6
14 15
14 23
14 8
14 46
14 4
14 48
14 45
14 19
14 47
14 22
14 43
16
15 38
15 34
15 25
15 18
15 28
15 17
15 37
15 44
15 39
15 7
15 32
15 10
15 33
15 16
15 45
15 4
17
16 45
16 1
16 48
16 3
16 37
16 44
16 24
16 41
16 35
16 29
16 32
16 10
16 9
16 22
16 38
16 6
16 26
22
17 1
17 32
17 49
17 27
17 40
17 42
17 22
17 45
17 26
17 36
17 12
17 14
17 20
17 41
17 39
17 35
17 0
17 9
17 10
17 38
17 21
17 33
22
18 9
18 30
18 1
18 35
18 37
18 39
18 33
18 17
18 13
18 16
18 40
18 11
18 32
18 12
18 21
18 48
18 3
18 47
18 38
18 41
18 49
18 46
20
19 41
19 36
19 40
19 4
19 8
19 1
19 12
19 28
19 39
19 5
19 20
19 7
19 25
19 10
19 44
19 48
19 37
19 0
19 16
19 17
20
20 18
20 22
20 49
20 31
20 4
20 25
20 3
20 35
20 7
20 26
20 6
20 12
20 28
20 16
20 46
20 39
20 40
20 15
20 44
20 5
22
21 35
21 49
21 14
21 46
21 30
21 19
21 34
21 5
21 37
21 38
21 9
21 7
21 16
21 11
21 48
21 36
21 44
21 33
21 25
21 41
21 24
21 40
18
22 37
22 13
22 25
22 49
22 1
22 19
22 34
22 32
22 21
22 36
22 26
22 8
22 44
22 2
22 31
22 15
22 18
22 42
18
23 45
23 26
23 9
23 21
23 16
23 4
23 5
23 33
23 6
23 11
23 47
23 41
23 35
23 30
23 20
23 39
23 24
23 19
26
24 9
24 42
24 46
24 12
24 20
24 1
24 32
24 36
24 17
24 45
24 29
24 27
24 10
24 41
24 3
24 31
24 47
24 38
24 11
24 26
24 30
24 8
24 6
24 18
24 25
24 48
16
25 44
25 42
25 49
25 28
25 17
25 4
25 26
25 23
25 0
25 18
25 14
25 1
25 11
25 7
25 43
25 33
17
26 29
26 38
26 18
26 48
26 32
26 13
26 39
26 1
26 0
26 12
26 45
26 35
26 47
26 2
26 5
26 43
26 19
21
27 30
27 20
27 1
27 14
27 12
27 28
27 16
27 41
27 19
27 32
27 48
27 31
27 9
27 37
27 18
27 39
27 11
27 8
27 13
27 3
27 21
22
28 17
28 41
28 29
28 9
28 26
28 18
28 23
28 34
28 7
28 36
28 24
28 21
28 16
28 39
28 38
28 40
28 2
28 46
28 48
28 35
28 22
28 45
18
29 12
29 49
29 33
29 27
29 13
29 36
29 38
29 8
29 31
29 45
29 10
29 17
29 3
29 1
29 25
29 6
29 21
29 15
20
30 9
30 37
30 28
30 13
30 19
30 22
30 10
30 25
30 1
30 35
30 14
30 8
30 34
30 33
30 12
30 7
30 47
30 32
30 17
30 41
16
31 30
31 23
31 15
31 16
31 13
31 32
31 11
31 1
31 43
31 21
31 40
31 6
31 49
31 28
31 42
31 17
16
32 11
32 46
32 41
32 35
32 4
32 42
32 37
32 23
32 13
32 12
32 49
32 25
32 34
32 1
32 19
32 40
22
33 41
33 11
33 8
33 45
33 12
33 1
33 31
33 6
33 26
33 47
33 24
33 32
33 44
33 46
33 14
33 43
33 9
33 20
33 35
33 4
33 28
33 2
22
34 46
34 10
34 49
34 9
34 45
34 37
34 43
34 33
34 27
34 20
34 41
34 11
34 31
34 19
34 25
34 48
34 14
34 29
34 17
34 26
34 36
34 38
16
35 12
35 2
35 10
35 41
35 46
35 34
35 19
35 36
35 9
35 5
35 13
35 7
35 1
35 40
35 11
35 22
18
36 33
36 27
36 4
36 6
36 20
36 42
36 1
36 25
36 8
36 47
36 10
36 23
36 5
36 26
36 46
36 39
36 3
36 30
18
37 8
37 44
37 9
37 0
37 33
37 26
37 23
37 4
37 41
37 14
37 5
37 35
37 12
37 43
37 6
37 47
37 29
37 20
18
38 46
38 37
38 25
38 43
38 33
38 14
38 10
38 32
38 1
38 35
38 2
38 0
38 30
38 41
38 36
38 22
38 23
38 27
20
39 13
39 11
39 32
39 48
39 7
39 35
39 14
39 29
39 22
39 41
39 31
39 12
39 30
39 37
39 25
39 8
39 6
39 47
39 33
39 4
24
40 13
40 22
40 27
40 45
40 4
40 30
40 37
40 15
40 42
40 16
40 23
40 10
40 24
40 39
40 38
40 46
40 14
40 33
40 29
40 26
40 7
40 3
40 36
40 41
14
41 43
41 31
41 5
41 2
41 10
41 49
41 22
41 36
41 46
41 6
41 12
41 9
41 13
41 29
24
42 1
42 19
42 10
42 39
42 41
42 20
42 9
42 30
42 12
42 14
42 43
42 34
42 35
42 47
42 27
42 38
42 21
42 26
42 23
42 44
42 15
42 46
42 16
42 7
23
43 15
43 13
43 32
43 2
43 47
43 29
43 46
43 35
43 30
43 7
43 44
43 3
43 39
43 40
43 27
43 19
43 6
43 12
43 49
43 22
43 24
43 48
43 16
12
44 23
44 24
44 38
44 34
44 28
44 41
44 8
44 35
44 32
44 0
44 40
44 47
20
45 48
45 21
45 2
45 8
45 4
45 35
45 37
45 18
45 9
45 7
45 39
45 11
45 32
45 19
45 3
45 42
45 41
45 0
45 22
45 36
19
46 1
46 15
46 44
46 30
46 39
46 7
46 22
46 25
46 23
46 8
46 27
46 5
46 13
46 29
46 3
46 11
46 47
46 26
46 17
15
47 48
47 2
47 41
47 32
47 20
47 21
47 15
47 40
47 13
47 19
47 22
47 29
47 45
47 35
47 16
20
48 17
48 8
48 42
48 13
48 49
48 37
48 15
48 22
48 35
48 32
48 25
48 20
48 12
48 31
48 23
48 46
48 3
48 1
48 30
48 4
26
49 7
49 23
49 35
49 42
49 46
49 14
49 37
49 15
49 33
49 39
49 47
49 27
49 44
49 0
49 13
49 5
49 26
49 8
49 4
49 45
49 10
49 38
49 30
49 16
49 19
49 9
