50
0 "A49"
1 "A38"
2 "A20"
3 "A4"
4 "A36"
5 "A14"
6 "A18"
7 "A21"
8 "A25"
9 "A12"
10 "A28"
11 "A9"
12 "A42"
13 "A37"
14 "A45"
15 "A24"
16 "A5"
17 "A39"
18 "A33"
19 "A32"
20 "A1"
21 "A40"
22 "A34"
23 "A7"
24 "A2"
25 "A48"
26 "A22"
27 "A31"
28 "A11"
29 "A16"
30 "A26"
31 "A30"
32 "A27"
33 "A13"
34 "A44"
35 "A43"
36 "A8"
37 "A6"
38 "A23"
39 "A0"
40 "A17"
41 "A15"
42 "A35"
43 "A3"
44 "A10"
45 "A41"
46 "A47"
47 "A46"
48 "A19"
49 "A29"
16
0 33
0 27
0 21
0 20
0 35
0 9
0 4
0 43
0 11
0 47
0 23
0 2
0 28
0 22
0 18
0 40
17
1 25
1 47
1 30
1 44
1 14
1 49
1 43
1 31
1 35
1 9
1 13
1 17
1 8
1 29
1 18
1 12
1 3
17
2 33
2 19
2 23
2 40
2 34
2 4
2 48
2 11
2 32
2 21
2 1
2 26
2 6
2 47
2 9
2 7
2 14
18
3 43
3 44
3 0
3 47
3 23
3 2
3 20
3 17
3 15
3 40
3 4
3 30
3 19
3 27
3 24
3 7
3 9
3 45
14
4 26
4 15
4 21
4 6
4 48
4 23
4 27
4 11
4 36
4 7
4 24
4 12
4 37
4 49
19
5 14
5 0
5 28
5 3
5 2
5 37
5 36
5 12
5 44
5 46
5 41
5 26
5 11
5 4
5 40
5 35
5 1
5 18
5 48
14
6 22
6 23
6 40
6 34
6 1
6 15
6 0
6 5
6 46
6 18
6 21
6 29
6 38
6 26
17
7 33
7 20
7 10
7 48
7 39
7 15
7 16
7 17
7 13
7 46
7 26
7 0
7 22
7 36
7 24
7 23
7 43
26
8 38
8 10
8 7
8 34
8 18
8 39
8 37
8 0
8 29
8 6
8 5
8 20
8 42
8 12
8 24
8 41
8 26
8 14
8 49
8 44
8 45
8 2
8 46
8 22
8 11
8 21
27
9 11
9 27
9 12
9 4
9 39
9 34
9 16
9 41
9 37
9 30
9 5
9 38
9 49
9 35
9 15
9 42
9 45
9 44
9 6
9 8
9 13
9 7
9 36
9 21
9 19
9 14
9 18
18
10 34
10 5
10 40
10 37
10 30
10 47
10 43
10 23
10 44
10 13
10 2
10 39
10 0
10 9
10 32
10 12
10 45
10 1
16
11 49
11 41
11 31
11 43
11 10
11 19
11 24
11 18
11 32
11 30
11 12
11 23
11 6
11 48
11 1
11 40
15
12 3
12 47
12 13
12 14
12 0
12 2
12 38
12 21
12 40
12 29
12 32
12 16
12 34
12 23
12 48
22
13 42
13 22
13 4
13 6
13 27
13 18
13 16
13 34
13 25
13 40
13 45
13 28
13 23
13 3
13 30
13 32
13 17
13 49
13 47
13 38
13 21
13 8
24
14 7
14 3
14 37
14 21
14 17
14 24
14 19
14 16
14 34
14 36
14 49
14 6
14 29
14 10
14 23
14 4
14 32
14 20
14 42
14 0
14 31
14 48
14 46
14 18
16
15 12
15 26
15 46
15 17
15 31
15 0
15 30
15 2
15 21
15 5
15 1
15 49
15 11
15 19
15 14
15 35
18
16 11
16 36
16 6
16 37
16 43
16 18
16 39
16 4
16 3
16 5
16 34
16 20
16 8
16 2
16 10
16 40
16 44
16 0
21
17 2
17 30
17 9
17 39
17 6
17 31
17 42
17 26
17 32
17 33
17 0
17 12
17 23
17 48
17 45
17 40
17 22
17 36
17 11
17 16
17 24
18
18 12
18 49
18 43
18 33
18 35
18 25
18 32
18 19
18 38
18 44
18 23
18 3
18 34
18 10
18 41
18 37
18 24
18 17
21
19 6
19 35
19 13
19 46
19 21
19 33
19 10
19 5
19 27
19 1
19 42
19 43
19 7
19 12
19 45
19 16
19 40
19 8
19 38
19 0
19 4
17
20 22
20 6
20 25
20 28
20 24
20 2
20 12
20 13
20 33
20 1
20 46
20 18
20 5
20 30
20 17
20 4
20 10
20
21 49
21 32
21 41
21 3
21 23
21 18
21 38
21 39
21 10
21 45
21 27
21 31
21 29
21 1
21 20
21 35
21 17
21 48
21 5
21 16
29
22 43
22 18
22 45
22 2
22 32
22 47
22 23
22 41
22 4
22 26
22 12
22 38
22 11
22 27
22 40
22 31
22 14
22 37
22 16
22 44
22 10
22 42
22 30
22 15
22 3
22 9
22 1
22 19
22 48
18
23 27
23 9
23 34
23 16
23 20
23 28
23 37
23 32
23 36
23 33
23 48
23 1
23 25
23 15
23 5
23 29
23 42
23 8
19
24 48
24 26
24 45
24 25
24 41
24 15
24 23
24 10
24 13
24 5
24 0
24 29
24 6
24 40
24 2
24 49
24 27
24 31
24 1
26
25 7
25 45
25 39
25 19
25 22
25 42
25 32
25 11
25 9
25 36
25 37
25 48
25 15
25 43
25 6
25 2
25 8
25 27
25 47
25 49
25 3
25 5
25 21
25 31
25 41
25 17
23
26 12
26 41
26 31
26 43
26 1
26 45
26 10
26 39
26 42
26 23
26 40
26 13
26 30
26 37
26 32
26 9
26 49
26 18
26 25
26 3
26 19
26 0
26 20
19
27 11
27 2
27 41
27 5
27 42
27 15
27 49
27 47
27 16
27 8
27 32
27 7
27 31
27 18
27 10
27 37
27 29
27 34
27 17
28
28 34
28 9
28 21
28 32
28 41
28 49
28 24
28 43
28 40
28 44
28 11
28 7
28 1
28 26
28 6
28 22
28 4
28 16
28 47
28 18
28 19
28 3
28 29
28 2
28 12
28 25
28 10
28 8
18
29 9
29 4
29 25
29 15
29 37
29 38
29 39
29 5
29 17
29 30
29 34
29 44
29 11
29 20
29 7
29 45
29 16
29 2
20
30 25
30 5
30 19
30 6
30 35
30 41
30 14
30 28
30 43
30 23
30 18
30 16
30 34
30 24
30 12
30 44
30 46
30 0
30 2
30 32
19
31 49
31 42
31 20
31 34
31 37
31 19
31 28
31 5
31 32
31 40
31 46
31 23
31 18
31 7
31 16
31 30
31 3
31 8
31 41
16
32 34
32 15
32 3
32 8
32 16
32 7
32 0
32 29
32 46
32 5
32 24
32 20
32 40
32 37
32 19
32 1
16
33 5
33 24
33 3
33 30
33 1
33 15
33 36
33 4
33 22
33 27
33 13
33 26
33 32
33 37
33 44
33 48
15
34 43
34 4
34 39
34 17
34 37
34 19
34 11
34 26
34 0
34 49
34 48
34 36
34 3
34 40
34 47
21
35 34
35 12
35 10
35 33
35 36
35 39
35 8
35 28
35 29
35 23
35 31
35 44
35 20
35 40
35 25
35 7
35 41
35 42
35 17
35 13
35 43
24
36 24
36 18
36 22
36 19
36 48
36 31
36 44
36 15
36 0
36 3
36 32
36 13
36 8
36 6
36 37
36 10
36 12
36 41
36 2
36 21
36 47
36 29
36 28
36 1
16
37 21
37 43
37 28
37 6
37 49
37 19
37 12
37 35
37 45
37 1
37 20
37 30
37 0
37 42
37 7
37 15
18
38 47
38 36
38 14
38 5
38 1
38 3
38 33
38 28
38 7
38 32
38 31
38 11
38 46
38 25
38 49
38 17
38 43
38 24
25
39 23
39 33
39 11
39 19
39 2
39 38
39 13
39 45
39 30
39 3
39 1
39 46
39 36
39 4
39 32
39 18
39 41
39 27
39 22
39 48
39 5
39 20
39 49
39 6
39 15
16
40 18
40 27
40 42
40 1
40 37
40 21
40 25
40 36
40 39
40 29
40 9
40 44
40 33
40 15
40 38
40 4
24
41 38
41 1
41 43
41 10
41 20
41 49
41 4
41 17
41 2
41 33
41 0
41 32
41 37
41 6
41 29
41 34
41 40
41 46
41 45
41 23
41 14
41 12
41 48
41 7
19
42 0
42 2
42 11
42 20
42 36
42 46
42 30
42 29
42 3
42 18
42 12
42 16
42 6
42 15
42 33
42 28
42 34
42 43
42 41
20
43 24
43 12
43 32
43 31
43 21
43 44
43 2
43 46
43 17
43 20
43 29
43 39
43 45
43 5
43 14
43 27
43 4
43 15
43 9
43 33
21
44 4
44 13
44 2
44 32
44 34
44 49
44 17
44 41
44 7
44 45
44 21
44 48
44 11
44 31
44 6
44 14
44 0
44 19
44 38
44 26
44 24
21
45 34
45 2
45 27
45 18
45 1
45 0
45 23
45 7
45 47
45 6
45 33
45 28
45 12
45 11
45 20
45 31
45 32
45 14
45 35
45 16
45 15
20
46 10
46 34
46 44
46 2
46 33
46 12
46 35
46 9
46 18
46 16
46 27
46 40
46 1
46 17
46 3
46 13
46 29
46 25
46 48
46 37
23
47 46
47 6
47 18
47 41
47 21
47 15
47 19
47 40
47 49
47 9
47 17
47 16
47 5
47 44
47 8
47 20
47 35
47 31
47 14
47 42
47 26
47 33
47 43
17
48 26
48 31
48 42
48 16
48 38
48 9
48 27
48 1
48 29
48 13
48 20
48 32
48 15
48 47
48 3
48 0
48 49
18
49 23
49 33
49 19
49 16
49 20
49 43
49 5
49 12
49 7
49 6
49 0
49 17
49 29
49 40
49 32
49 10
49 3
49 2
