50
0 "A49"
1 "A38"
2 "A20"
3 "A4"
4 "A36"
5 "A14"
6 "A18"
7 "A21"
8 "A25"
9 "A12"
10 "A28"
11 "A9"
12 "A42"
13 "A37"
14 "A45"
15 "A24"
16 "A5"
17 "A39"
18 "A33"
19 "A32"
20 "A1"
21 "A40"
22 "A34"
23 "A7"
24 "A2"
25 "A48"
26 "A22"
27 "A31"
28 "A11"
29 "A16"
30 "A26"
31 "A30"
32 "A27"
33 "A13"
34 "A44"
35 "A43"
36 "A8"
37 "A6"
38 "A23"
39 "A0"
40 "A17"
41 "A15"
42 "A35"
43 "A3"
44 "A10"
45 "A41"
46 "A47"
47 "A46"
48 "A19"
49 "A29"
20
0 30
0 49
0 11
0 16
0 47
0 23
0 17
0 12
0 14
0 9
0 45
0 13
0 19
0 40
0 7
0 29
0 26
0 10
0 18
0 22
16
1 13
1 8
1 26
1 41
1 22
1 31
1 20
1 11
1 35
1 46
1 47
1 25
1 0
1 48
1 5
1 30
22
2 32
2 30
2 0
2 12
2 41
2 21
2 9
2 7
2 39
2 27
2 37
2 5
2 1
2 45
2 48
2 35
2 23
2 29
2 42
2 18
2 11
2 6
24
3 6
3 8
3 47
3 0
3 34
3 22
3 25
3 10
3 40
3 37
3 24
3 33
3 15
3 5
3 46
3 32
3 19
3 45
3 12
3 18
3 41
3 39
3 42
3 31
20
4 33
4 40
4 12
4 34
4 31
4 30
4 38
4 3
4 46
4 29
4 42
4 6
4 24
4 14
4 25
4 0
4 5
4 16
4 2
4 13
22
5 36
5 29
5 27
5 40
5 12
5 31
5 10
5 11
5 17
5 9
5 41
5 44
5 22
5 23
5 38
5 28
5 34
5 46
5 0
5 15
5 14
5 35
16
6 14
6 41
6 35
6 34
6 10
6 32
6 48
6 15
6 17
6 29
6 22
6 0
6 20
6 39
6 30
6 36
12
7 47
7 35
7 43
7 26
7 1
7 39
7 32
7 9
7 23
7 33
7 4
7 24
16
8 12
8 21
8 6
8 44
8 16
8 29
8 23
8 18
8 14
8 5
8 7
8 26
8 48
8 17
8 2
8 38
13
9 14
9 28
9 30
9 46
9 38
9 45
9 20
9 29
9 19
9 34
9 15
9 8
9 4
24
10 49
10 43
10 7
10 48
10 40
10 17
10 32
10 11
10 19
10 26
10 1
10 9
10 20
10 46
10 4
10 18
10 14
10 15
10 8
10 23
10 12
10 42
10 2
10 25
22
11 35
11 6
11 20
11 40
11 3
11 41
11 14
11 9
11 4
11 32
11 49
11 12
11 31
11 15
11 18
11 28
11 42
11 45
11 24
11 16
11 17
11 13
17
12 14
12 21
12 9
12 29
12 41
12 16
12 48
12 28
12 26
12 7
12 40
12 15
12 17
12 24
12 1
12 13
12 30
22
13 2
13 37
13 44
13 23
13 18
13 17
13 29
13 8
13 41
13 22
13 40
13 6
13 31
13 30
13 19
13 34
13 47
13 15
13 46
13 14
13 7
13 48
17
14 20
14 25
14 35
14 44
14 7
14 37
14 39
14 17
14 28
14 46
14 47
14 16
14 36
14 29
14 2
14 41
14 34
19
15 49
15 24
15 7
15 28
15 39
15 29
15 21
15 40
15 34
15 4
15 43
15 37
15 30
15 23
15 31
15 46
15 20
15 42
15 0
16
16 49
16 38
16 6
16 32
16 10
16 46
16 47
16 40
16 17
16 2
16 9
16 45
16 48
16 3
16 30
16 15
15
17 47
17 34
17 28
17 21
17 35
17 3
17 2
17 48
17 49
17 9
17 4
17 20
17 24
17 46
17 40
16
18 5
18 26
18 34
18 42
18 6
18 49
18 15
18 12
18 31
18 35
18 36
18 14
18 44
18 22
18 17
18 4
21
19 4
19 20
19 43
19 36
19 40
19 17
19 16
19 44
19 27
19 41
19 14
19 48
19 24
19 26
19 45
19 38
19 7
19 2
19 15
19 5
19 11
15
20 33
20 8
20 18
20 42
20 13
20 7
20 43
20 35
20 26
20 40
20 0
20 30
20 3
20 34
20 16
24
21 37
21 0
21 45
21 31
21 46
21 1
21 32
21 16
21 20
21 11
21 27
21 39
21 25
21 9
21 7
21 22
21 49
21 13
21 43
21 38
21 4
21 10
21 44
21 19
18
22 27
22 33
22 4
22 38
22 12
22 48
22 19
22 25
22 11
22 9
22 15
22 49
22 44
22 42
22 10
22 24
22 17
22 26
22
23 9
23 22
23 1
23 30
23 14
23 20
23 18
23 28
23 47
23 41
23 21
23 19
23 44
23 3
23 26
23 39
23 33
23 40
23 16
23 37
23 12
23 38
22
24 32
24 26
24 25
24 23
24 18
24 2
24 5
24 36
24 10
24 42
24 49
24 27
24 0
24 20
24 48
24 1
24 28
24 46
24 41
24 43
24 13
24 45
22
25 2
25 43
25 44
25 23
25 18
25 12
25 45
25 11
25 15
25 17
25 6
25 7
25 5
25 47
25 38
25 49
25 33
25 26
25 39
25 9
25 30
25 29
22
26 21
26 45
26 6
26 11
26 49
26 3
26 46
26 15
26 9
26 48
26 36
26 42
26 14
26 30
26 17
26 32
26 34
26 40
26 16
26 37
26 5
26 13
27
27 34
27 12
27 28
27 32
27 18
27 6
27 33
27 3
27 31
27 17
27 13
27 48
27 20
27 11
27 38
27 44
27 30
27 42
27 16
27 23
27 25
27 1
27 49
27 7
27 4
27 0
27 14
25
28 2
28 10
28 16
28 29
28 35
28 45
28 41
28 13
28 7
28 0
28 6
28 26
28 48
28 37
28 8
28 19
28 40
28 39
28 38
28 18
28 3
28 32
28 21
28 43
28 22
15
29 42
29 20
29 37
29 46
29 10
29 3
29 23
29 33
29 26
29 45
29 47
29 39
29 17
29 19
29 24
21
30 41
30 44
30 17
30 19
30 37
30 38
30 32
30 10
30 40
30 14
30 11
30 39
30 7
30 47
30 22
30 29
30 28
30 46
30 18
30 35
30 5
26
31 39
31 20
31 45
31 12
31 24
31 6
31 26
31 0
31 16
31 35
31 9
31 43
31 33
31 38
31 2
31 42
31 48
31 8
31 41
31 32
31 10
31 30
31 17
31 46
31 29
31 23
14
32 34
32 18
32 1
32 4
32 41
32 0
32 40
32 29
32 5
32 46
32 17
32 43
32 19
32 9
23
33 32
33 36
33 12
33 13
33 38
33 16
33 21
33 47
33 11
33 18
33 24
33 26
33 28
33 5
33 1
33 10
33 9
33 6
33 14
33 41
33 2
33 35
33 30
15
34 44
34 7
34 41
34 12
34 39
34 30
34 11
34 2
34 36
34 21
34 45
34 19
34 33
34 25
34 48
21
35 9
35 3
35 37
35 47
35 10
35 16
35 26
35 22
35 34
35 45
35 19
35 32
35 24
35 40
35 8
35 39
35 25
35 15
35 12
35 44
35 48
26
36 3
36 30
36 0
36 21
36 4
36 25
36 16
36 46
36 22
36 48
36 23
36 11
36 27
36 13
36 31
36 39
36 15
36 28
36 35
36 43
36 1
36 7
36 32
36 49
36 20
36 12
20
37 9
37 49
37 39
37 5
37 16
37 19
37 12
37 10
37 0
37 45
37 18
37 34
37 20
37 46
37 11
37 1
37 48
37 33
37 31
37 22
19
38 1
38 36
38 34
38 44
38 20
38 46
38 29
38 41
38 7
38 43
38 24
38 37
38 26
38 15
38 48
38 11
38 10
38 14
38 17
21
39 46
39 33
39 13
39 10
39 38
39 32
39 4
39 41
39 5
39 27
39 16
39 44
39 19
39 22
39 12
39 8
39 18
39 1
39 20
39 9
39 45
17
40 34
40 18
40 24
40 49
40 29
40 8
40 7
40 37
40 21
40 39
40 33
40 6
40 14
40 22
40 25
40 45
40 44
12
41 0
41 37
41 21
41 27
41 16
41 4
41 7
41 36
41 25
41 18
41 26
41 43
22
42 36
42 33
42 34
42 19
42 25
42 13
42 23
42 1
42 5
42 28
42 0
42 44
42 12
42 9
42 41
42 21
42 35
42 17
42 6
42 32
42 30
42 40
23
43 45
43 8
43 35
43 11
43 12
43 3
43 23
43 46
43 27
43 44
43 26
43 2
43 33
43 48
43 29
43 17
43 34
43 5
43 39
43 22
43 30
43 13
43 6
22
44 2
44 12
44 7
44 20
44 36
44 1
44 31
44 15
44 41
44 0
44 9
44 28
44 17
44 16
44 48
44 47
44 33
44 3
44 11
44 46
44 6
44 26
23
45 48
45 4
45 23
45 36
45 32
45 6
45 42
45 44
45 30
45 13
45 1
45 18
45 47
45 27
45 5
45 7
45 38
45 49
45 14
45 20
45 8
45 10
45 12
16
46 33
46 6
46 20
46 18
46 45
46 42
46 35
46 0
46 49
46 11
46 28
46 2
46 12
46 25
46 19
46 8
23
47 2
47 19
47 46
47 10
47 18
47 6
47 37
47 8
47 5
47 21
47 22
47 36
47 42
47 4
47 24
47 9
47 20
47 31
47 40
47 41
47 39
47 26
47 12
12
48 23
48 9
48 40
48 33
48 0
48 14
48 4
48 18
48 5
48 39
48 15
48 25
22
49 35
49 19
49 14
49 2
49 31
49 23
49 42
49 7
49 43
49 1
49 47
49 3
49 12
49 48
49 9
49 20
49 33
49 6
49 30
49 39
49 8
49 44
