50
0 "A49"
1 "A38"
2 "A20"
3 "A4"
4 "A36"
5 "A14"
6 "A18"
7 "A21"
8 "A25"
9 "A12"
10 "A28"
11 "A9"
12 "A42"
13 "A37"
14 "A45"
15 "A24"
16 "A5"
17 "A39"
18 "A33"
19 "A32"
20 "A1"
21 "A40"
22 "A34"
23 "A7"
24 "A2"
25 "A48"
26 "A22"
27 "A31"
28 "A11"
29 "A16"
30 "A26"
31 "A30"
32 "A27"
33 "A13"
34 "A44"
35 "A43"
36 "A8"
37 "A6"
38 "A23"
39 "A0"
40 "A17"
41 "A15"
42 "A35"
43 "A3"
44 "A10"
45 "A41"
46 "A47"
47 "A46"
48 "A19"
49 "A29"
24
0 10
0 18
0 22
0 30
0 49
0 11
0 16
0 47
0 23
0 29
0 12
0 14
0 9
0 45
0 25
0 13
0 19
0 38
0 40
0 7
0 43
0 26
0 8
0 39
15
1 48
1 13
1 8
1 46
1 47
1 22
1 30
1 0
1 6
1 11
1 35
1 29
1 36
1 25
1 43
19
2 32
2 30
2 0
2 1
2 41
2 21
2 9
2 6
2 39
2 27
2 37
2 5
2 29
2 23
2 18
2 12
2 20
2 26
2 42
20
3 34
3 18
3 15
3 10
3 39
3 45
3 30
3 19
3 5
3 21
3 31
3 25
3 6
3 8
3 16
3 42
3 12
3 2
3 37
3 13
17
4 25
4 12
4 14
4 31
4 30
4 38
4 3
4 46
4 29
4 2
4 6
4 24
4 13
4 0
4 33
4 37
4 8
22
5 15
5 41
5 29
5 27
5 34
5 12
5 7
5 31
5 11
5 17
5 44
5 23
5 38
5 13
5 22
5 46
5 21
5 16
5 24
5 49
5 6
5 40
20
6 36
6 14
6 41
6 35
6 22
6 10
6 32
6 15
6 17
6 39
6 23
6 48
6 19
6 34
6 9
6 12
6 0
6 20
6 30
6 40
13
7 32
7 47
7 35
7 43
7 42
7 3
7 6
7 30
7 27
7 39
7 4
7 14
7 33
20
8 6
8 44
8 16
8 29
8 23
8 18
8 14
8 49
8 33
8 5
8 17
8 48
8 38
8 2
8 12
8 21
8 25
8 24
8 26
8 36
16
9 8
9 4
9 14
9 28
9 41
9 7
9 3
9 5
9 40
9 30
9 46
9 38
9 34
9 27
9 29
9 43
24
10 12
10 2
10 49
10 42
10 7
10 48
10 8
10 17
10 32
10 11
10 19
10 26
10 25
10 23
10 20
10 46
10 4
10 18
10 5
10 13
10 27
10 41
10 15
10 43
25
11 24
11 35
11 17
11 20
11 40
11 3
11 41
11 14
11 9
11 4
11 42
11 49
11 12
11 16
11 15
11 13
11 28
11 25
11 48
11 39
11 45
11 47
11 6
11 37
11 31
18
12 9
12 29
12 13
12 16
12 48
12 28
12 26
12 7
12 40
12 15
12 17
12 24
12 25
12 1
12 30
12 32
12 14
12 21
16
13 15
13 19
13 7
13 6
13 40
13 30
13 38
13 43
13 31
13 2
13 37
13 46
13 23
13 22
13 18
13 17
14
14 36
14 41
14 47
14 34
14 22
14 39
14 29
14 37
14 28
14 24
14 21
14 13
14 46
14 16
19
15 24
15 7
15 20
15 39
15 0
15 21
15 40
15 34
15 4
15 43
15 31
15 30
15 23
15 9
15 46
15 42
15 47
15 49
15 22
16
16 32
16 10
16 48
16 30
16 40
16 17
16 2
16 9
16 1
16 15
16 47
16 49
16 38
16 6
16 24
16 43
16
17 4
17 24
17 46
17 40
17 47
17 35
17 28
17 14
17 3
17 49
17 7
17 42
17 39
17 26
17 41
17 9
13
18 34
18 15
18 6
18 49
18 35
18 5
18 11
18 14
18 12
18 4
18 17
18 9
18 26
20
19 4
19 20
19 43
19 36
19 5
19 17
19 16
19 44
19 27
19 41
19 14
19 48
19 15
19 26
19 45
19 38
19 7
19 11
19 31
19 8
18
20 34
20 35
20 30
20 3
20 33
20 8
20 18
20 42
20 16
20 12
20 7
20 22
20 43
20 4
20 0
20 38
20 25
20 26
26
21 37
21 0
21 45
21 31
21 46
21 1
21 32
21 16
21 20
21 49
21 27
21 4
21 19
21 9
21 7
21 11
21 22
21 35
21 25
21 24
21 13
21 39
21 42
21 38
21 30
21 44
20
22 27
22 26
22 4
22 38
22 12
22 48
22 19
22 25
22 33
22 11
22 9
22 24
22 44
22 37
22 42
22 18
22 49
22 10
22 17
22 2
20
23 40
23 16
23 37
23 9
23 22
23 1
23 30
23 26
23 20
23 18
23 28
23 12
23 41
23 21
23 19
23 44
23 3
23 39
23 33
23 35
21
24 45
24 20
24 18
24 2
24 13
24 36
24 43
24 41
24 44
24 27
24 3
24 48
24 9
24 28
24 37
24 30
24 46
24 1
24 32
24 26
24 7
19
25 38
25 45
25 7
25 5
25 26
25 30
25 39
25 9
25 15
25 6
25 2
25 43
25 49
25 14
25 44
25 23
25 35
25 33
25 18
20
26 13
26 6
26 11
26 49
26 40
26 46
26 15
26 14
26 48
26 36
26 21
26 4
26 3
26 42
26 5
26 32
26 45
26 16
26 37
26 30
24
27 6
27 33
27 3
27 31
27 17
27 13
27 49
27 23
27 11
27 38
27 44
27 16
27 42
27 25
27 47
27 4
27 1
27 37
27 20
27 34
27 12
27 28
27 32
27 18
23
28 10
28 16
28 29
28 35
28 45
28 18
28 13
28 7
28 8
28 6
28 37
28 19
28 41
28 32
28 21
28 1
28 38
28 15
28 3
28 39
28 26
28 34
28 2
18
29 10
29 3
29 23
29 33
29 27
29 45
29 22
29 39
29 17
29 30
29 19
29 24
29 11
29 42
29 20
29 15
29 47
29 26
18
30 37
30 38
30 32
30 10
30 40
30 22
30 18
30 11
30 5
30 28
30 39
30 35
30 46
30 41
30 44
30 17
30 27
30 19
28
31 17
31 29
31 39
31 20
31 45
31 12
31 24
31 6
31 26
31 23
31 16
31 35
31 9
31 43
31 33
31 8
31 38
31 40
31 18
31 25
31 42
31 0
31 48
31 7
31 46
31 37
31 10
31 32
16
32 17
32 43
32 18
32 1
32 19
32 41
32 0
32 29
32 40
32 5
32 25
32 35
32 49
32 9
32 46
32 22
25
33 6
33 14
33 41
33 2
33 10
33 32
33 36
33 12
33 13
33 30
33 16
33 21
33 47
33 11
33 18
33 24
33 26
33 28
33 43
33 38
33 5
33 0
33 1
33 9
33 17
18
34 36
34 21
34 45
34 25
34 48
34 44
34 11
34 41
34 12
34 16
34 39
34 13
34 47
34 8
34 33
34 29
34 30
34 2
21
35 9
35 3
35 37
35 47
35 10
35 16
35 26
35 48
35 34
35 45
35 0
35 24
35 8
35 19
35 14
35 12
35 15
35 4
35 44
35 29
35 2
26
36 3
36 30
36 0
36 43
36 4
36 25
36 16
36 46
36 32
36 48
36 23
36 11
36 27
36 13
36 20
36 39
36 15
36 28
36 35
36 29
36 37
36 7
36 10
36 12
36 49
36 31
20
37 19
37 12
37 10
37 0
37 45
37 18
37 7
37 17
37 46
37 25
37 42
37 20
37 48
37 9
37 49
37 33
37 6
37 5
37 29
37 16
20
38 34
38 44
38 26
38 46
38 29
38 37
38 7
38 43
38 24
38 49
38 32
38 15
38 11
38 10
38 14
38 17
38 1
38 36
38 12
38 47
22
39 8
39 46
39 22
39 13
39 10
39 45
39 32
39 4
39 41
39 5
39 27
39 43
39 42
39 16
39 44
39 24
39 19
39 12
39 18
39 26
39 1
39 20
17
40 14
40 22
40 18
40 24
40 29
40 28
40 21
40 41
40 7
40 19
40 37
40 38
40 49
40 39
40 34
40 25
40 45
19
41 18
41 26
41 43
41 0
41 37
41 21
41 27
41 16
41 4
41 1
41 7
41 8
41 3
41 29
41 36
41 13
41 25
41 49
41 48
19
42 34
42 19
42 25
42 13
42 23
42 1
42 5
42 28
42 0
42 44
42 30
42 12
42 48
42 35
42 32
42 40
42 36
42 33
42 9
19
43 2
43 46
43 30
43 26
43 34
43 29
43 5
43 22
43 45
43 40
43 42
43 27
43 18
43 8
43 35
43 11
43 12
43 3
43 21
19
44 47
44 11
44 28
44 26
44 2
44 12
44 6
44 20
44 36
44 1
44 31
44 15
44 41
44 0
44 3
44 17
44 16
44 29
44 40
25
45 20
45 10
45 12
45 48
45 4
45 23
45 36
45 32
45 38
45 42
45 44
45 30
45 13
45 1
45 18
45 8
45 27
45 5
45 7
45 2
45 22
45 16
45 49
45 15
45 14
15
46 11
46 28
46 2
46 25
46 12
46 19
46 8
46 18
46 45
46 42
46 35
46 0
46 49
46 29
46 40
23
47 41
47 12
47 2
47 19
47 46
47 10
47 18
47 39
47 37
47 8
47 5
47 6
47 3
47 22
47 30
47 40
47 36
47 28
47 25
47 9
47 26
47 20
47 31
16
48 0
48 4
48 14
48 5
48 15
48 49
48 13
48 20
48 23
48 30
48 43
48 9
48 18
48 33
48 40
48 28
18
49 3
49 42
49 39
49 43
49 44
49 33
49 20
49 9
49 6
49 29
49 13
49 35
49 19
49 31
49 14
49 1
49 2
49 12
