50
0 "A49"
1 "A38"
2 "A20"
3 "A4"
4 "A36"
5 "A14"
6 "A18"
7 "A21"
8 "A25"
9 "A12"
10 "A28"
11 "A9"
12 "A42"
13 "A37"
14 "A45"
15 "A24"
16 "A5"
17 "A39"
18 "A33"
19 "A32"
20 "A1"
21 "A40"
22 "A34"
23 "A7"
24 "A2"
25 "A48"
26 "A22"
27 "A31"
28 "A11"
29 "A16"
30 "A26"
31 "A30"
32 "A27"
33 "A13"
34 "A44"
35 "A43"
36 "A8"
37 "A6"
38 "A23"
39 "A0"
40 "A17"
41 "A15"
42 "A35"
43 "A3"
44 "A10"
45 "A41"
46 "A47"
47 "A46"
48 "A19"
49 "A29"
17
0 10
0 47
0 6
0 42
0 25
0 30
0 45
0 20
0 9
0 17
0 1
0 11
0 33
0 29
0 12
0 39
0 38
19
1 44
1 39
1 4
1 35
1 41
1 42
1 47
1 32
1 14
1 3
1 6
1 16
1 46
1 26
1 8
1 11
1 10
1 40
1 21
21
2 36
2 8
2 41
2 30
2 6
2 31
2 17
2 4
2 32
2 39
2 26
2 35
2 34
2 22
2 0
2 1
2 11
2 47
2 24
2 46
2 28
14
3 11
3 5
3 19
3 37
3 15
3 6
3 48
3 43
3 12
3 21
3 31
3 29
3 39
3 45
17
4 36
4 34
4 33
4 3
4 47
4 9
4 28
4 21
4 31
4 0
4 46
4 19
4 37
4 27
4 32
4 40
4 43
19
5 1
5 36
5 20
5 0
5 10
5 18
5 14
5 32
5 22
5 35
5 19
5 47
5 37
5 15
5 28
5 12
5 7
5 17
5 30
23
6 26
6 20
6 38
6 48
6 10
6 4
6 44
6 49
6 45
6 11
6 22
6 21
6 39
6 7
6 42
6 13
6 34
6 28
6 27
6 46
6 17
6 33
6 30
23
7 0
7 10
7 12
7 45
7 27
7 35
7 40
7 43
7 22
7 9
7 2
7 41
7 30
7 36
7 1
7 23
7 32
7 14
7 20
7 16
7 19
7 17
7 4
22
8 39
8 35
8 14
8 40
8 38
8 25
8 33
8 26
8 31
8 29
8 43
8 7
8 41
8 32
8 46
8 21
8 34
8 0
8 23
8 5
8 3
8 20
18
9 8
9 18
9 11
9 16
9 22
9 1
9 3
9 19
9 29
9 42
9 34
9 5
9 14
9 26
9 27
9 40
9 2
9 28
17
10 19
10 31
10 17
10 11
10 2
10 46
10 36
10 22
10 4
10 40
10 13
10 18
10 8
10 9
10 3
10 12
10 41
21
11 48
11 8
11 32
11 42
11 29
11 26
11 39
11 41
11 44
11 7
11 5
11 19
11 21
11 40
11 12
11 30
11 46
11 25
11 33
11 43
11 35
24
12 34
12 31
12 20
12 35
12 21
12 27
12 44
12 47
12 8
12 30
12 9
12 28
12 43
12 6
12 36
12 2
12 19
12 33
12 32
12 4
12 17
12 48
12 49
12 38
24
13 7
13 40
13 35
13 11
13 12
13 30
13 29
13 20
13 16
13 1
13 47
13 2
13 8
13 9
13 33
13 25
13 27
13 5
13 15
13 44
13 34
13 31
13 4
13 22
28
14 25
14 6
14 41
14 10
14 12
14 47
14 16
14 20
14 0
14 45
14 36
14 42
14 26
14 28
14 2
14 21
14 18
14 33
14 15
14 38
14 19
14 40
14 37
14 4
14 3
14 48
14 39
14 35
18
15 26
15 33
15 29
15 6
15 30
15 32
15 48
15 38
15 1
15 4
15 37
15 41
15 11
15 40
15 36
15 49
15 7
15 28
18
16 25
16 15
16 18
16 46
16 12
16 8
16 47
16 6
16 0
16 31
16 40
16 11
16 2
16 26
16 5
16 30
16 44
16 24
21
17 26
17 11
17 16
17 42
17 4
17 18
17 24
17 8
17 36
17 1
17 21
17 46
17 14
17 49
17 13
17 28
17 15
17 27
17 37
17 44
17 9
14
18 28
18 2
18 47
18 6
18 24
18 36
18 23
18 7
18 27
18 12
18 33
18 40
18 0
18 19
24
19 49
19 21
19 27
19 30
19 42
19 1
19 6
19 45
19 8
19 46
19 37
19 15
19 33
19 34
19 0
19 2
19 17
19 16
19 24
19 35
19 31
19 40
19 48
19 39
23
20 23
20 49
20 10
20 48
20 2
20 17
20 9
20 26
20 22
20 33
20 45
20 1
20 3
20 41
20 25
20 46
20 11
20 19
20 15
20 34
20 30
20 16
20 4
17
21 2
21 20
21 36
21 31
21 18
21 22
21 41
21 49
21 7
21 46
21 40
21 5
21 16
21 10
21 47
21 15
21 35
20
22 0
22 28
22 25
22 17
22 4
22 31
22 43
22 30
22 16
22 36
22 48
22 19
22 12
22 49
22 14
22 42
22 11
22 15
22 45
22 37
28
23 11
23 17
23 46
23 9
23 27
23 2
23 48
23 37
23 16
23 13
23 39
23 15
23 43
23 1
23 30
23 35
23 25
23 0
23 10
23 34
23 21
23 26
23 40
23 42
23 41
23 12
23 14
23 45
22
24 30
24 0
24 48
24 7
24 11
24 32
24 37
24 4
24 1
24 23
24 26
24 3
24 21
24 40
24 12
24 9
24 15
24 38
24 35
24 14
24 8
24 25
24
25 35
25 10
25 19
25 47
25 1
25 15
25 26
25 43
25 21
25 5
25 33
25 28
25 34
25 48
25 7
25 2
25 9
25 17
25 30
25 39
25 41
25 6
25 4
25 45
16
26 30
26 41
26 10
26 4
26 21
26 46
26 19
26 7
26 28
26 33
26 3
26 34
26 45
26 13
26 0
26 18
21
27 22
27 15
27 14
27 32
27 10
27 41
27 31
27 36
27 47
27 28
27 37
27 44
27 21
27 8
27 11
27 46
27 20
27 48
27 38
27 42
27 35
21
28 37
28 47
28 36
28 44
28 21
28 10
28 42
28 1
28 16
28 39
28 48
28 7
28 20
28 34
28 11
28 35
28 38
28 24
28 19
28 13
28 32
17
29 24
29 34
29 43
29 20
29 6
29 5
29 33
29 40
29 28
29 12
29 2
29 22
29 39
29 49
29 14
29 7
29 21
11
30 28
30 1
30 18
30 9
30 43
30 17
30 21
30 3
30 46
30 32
30 39
21
31 43
31 49
31 6
31 14
31 38
31 40
31 1
31 24
31 39
31 45
31 15
31 34
31 18
31 25
31 29
31 0
31 20
31 35
31 23
31 9
31 44
14
32 29
32 10
32 17
32 35
32 43
32 3
32 26
32 23
32 20
32 19
32 22
32 13
32 21
32 9
14
33 23
33 16
33 37
33 45
33 43
33 40
33 21
33 46
33 28
33 48
33 1
33 3
33 36
33 17
14
34 30
34 15
34 24
34 43
34 11
34 33
34 10
34 1
34 27
34 46
34 36
34 3
34 21
34 17
19
35 45
35 46
35 16
35 3
35 36
35 0
35 34
35 33
35 30
35 41
35 48
35 17
35 29
35 47
35 22
35 6
35 42
35 18
35 40
13
36 1
36 23
36 11
36 8
36 6
36 48
36 31
36 32
36 16
36 42
36 25
36 37
36 9
21
37 40
37 10
37 12
37 35
37 8
37 41
37 16
37 25
37 26
37 43
37 0
37 18
37 44
37 34
37 47
37 2
37 31
37 32
37 1
37 38
37 30
27
38 18
38 35
38 13
38 19
38 32
38 21
38 47
38 17
38 3
38 49
38 16
38 22
38 9
38 2
38 29
38 11
38 34
38 45
38 23
38 30
38 25
38 26
38 46
38 43
38 41
38 36
38 33
20
39 4
39 9
39 24
39 10
39 34
39 18
39 20
39 40
39 48
39 26
39 32
39 45
39 44
39 41
39 15
39 12
39 16
39 42
39 37
39 13
14
40 2
40 30
40 34
40 46
40 38
40 20
40 27
40 17
40 5
40 6
40 0
40 25
40 45
40 28
15
41 22
41 49
41 31
41 16
41 18
41 4
41 33
41 45
41 13
41 0
41 9
41 3
41 34
41 5
41 36
25
42 3
42 20
42 18
42 5
42 47
42 32
42 33
42 21
42 26
42 15
42 25
42 30
42 13
42 29
42 16
42 38
42 2
42 34
42 37
42 7
42 12
42 10
42 40
42 8
42 4
18
43 41
43 2
43 10
43 39
43 16
43 0
43 15
43 27
43 6
43 20
43 14
43 24
43 5
43 28
43 19
43 45
43 26
43 47
24
44 35
44 41
44 25
44 18
44 21
44 26
44 2
44 15
44 40
44 34
44 36
44 32
44 5
44 9
44 8
44 38
44 0
44 7
44 33
44 23
44 29
44 22
44 4
44 20
18
45 11
45 12
45 8
45 13
45 36
45 10
45 9
45 42
45 27
45 4
45 24
45 44
45 28
45 48
45 1
45 37
45 5
45 15
19
46 14
46 47
46 3
46 18
46 39
46 31
46 24
46 36
46 37
46 9
46 7
46 41
46 43
46 32
46 28
46 0
46 25
46 12
46 5
16
47 41
47 36
47 31
47 6
47 9
47 45
47 23
47 3
47 44
47 29
47 24
47 22
47 34
47 33
47 19
47 39
19
48 8
48 43
48 17
48 26
48 46
48 1
48 38
48 41
48 37
48 29
48 31
48 2
48 40
48 47
48 10
48 18
48 4
48 7
48 9
27
49 47
49 5
49 0
49 25
49 3
49 27
49 10
49 24
49 4
49 39
49 18
49 42
49 45
49 1
49 37
49 32
49 13
49 35
49 48
49 33
49 8
49 28
49 9
49 36
49 30
49 43
49 16
