50
0 "A49"
1 "A38"
2 "A20"
3 "A4"
4 "A36"
5 "A14"
6 "A18"
7 "A21"
8 "A25"
9 "A12"
10 "A28"
11 "A9"
12 "A42"
13 "A37"
14 "A45"
15 "A24"
16 "A5"
17 "A39"
18 "A33"
19 "A32"
20 "A1"
21 "A40"
22 "A34"
23 "A7"
24 "A2"
25 "A48"
26 "A22"
27 "A31"
28 "A11"
29 "A16"
30 "A26"
31 "A30"
32 "A27"
33 "A13"
34 "A44"
35 "A43"
36 "A8"
37 "A6"
38 "A23"
39 "A0"
40 "A17"
41 "A15"
42 "A35"
43 "A3"
44 "A10"
45 "A41"
46 "A47"
47 "A46"
48 "A19"
49 "A29"
18
0 34
0 27
0 26
0 8
0 28
0 6
0 7
0 47
0 12
0 11
0 45
0 41
0 17
0 37
0 10
0 24
0 35
0 1
14
1 2
1 39
1 19
1 38
1 34
1 48
1 7
1 15
1 31
1 41
1 24
1 16
1 4
1 22
20
2 35
2 22
2 7
2 41
2 38
2 31
2 44
2 5
2 48
2 27
2 0
2 17
2 18
2 23
2 11
2 12
2 30
2 19
2 33
2 10
20
3 33
3 26
3 48
3 27
3 21
3 13
3 14
3 24
3 37
3 0
3 44
3 43
3 16
3 23
3 47
3 19
3 4
3 31
3 49
3 8
22
4 26
4 16
4 13
4 7
4 17
4 36
4 18
4 42
4 48
4 21
4 8
4 46
4 2
4 29
4 49
4 31
4 45
4 35
4 22
4 0
4 14
4 24
27
5 49
5 45
5 29
5 11
5 6
5 31
5 14
5 26
5 47
5 28
5 16
5 23
5 18
5 37
5 46
5 44
5 39
5 15
5 17
5 20
5 32
5 34
5 19
5 38
5 3
5 0
5 40
20
6 45
6 15
6 4
6 39
6 44
6 34
6 13
6 22
6 47
6 10
6 21
6 32
6 12
6 26
6 11
6 33
6 3
6 16
6 30
6 40
17
7 26
7 6
7 23
7 36
7 44
7 22
7 11
7 33
7 3
7 46
7 32
7 41
7 40
7 17
7 28
7 12
7 37
24
8 42
8 25
8 26
8 2
8 14
8 34
8 27
8 17
8 40
8 9
8 22
8 12
8 19
8 18
8 16
8 29
8 36
8 44
8 37
8 45
8 11
8 7
8 31
8 41
23
9 12
9 29
9 34
9 27
9 2
9 28
9 25
9 18
9 5
9 22
9 46
9 15
9 7
9 20
9 1
9 10
9 21
9 48
9 36
9 17
9 24
9 35
9 42
18
10 42
10 46
10 5
10 7
10 34
10 14
10 33
10 24
10 18
10 27
10 23
10 28
10 49
10 8
10 36
10 4
10 21
10 44
20
11 16
11 14
11 35
11 26
11 31
11 24
11 30
11 43
11 9
11 44
11 3
11 32
11 4
11 15
11 1
11 18
11 42
11 29
11 41
11 10
19
12 37
12 34
12 16
12 25
12 11
12 29
12 28
12 1
12 43
12 48
12 5
12 46
12 18
12 38
12 42
12 17
12 30
12 15
12 45
21
13 0
13 26
13 35
13 1
13 29
13 28
13 40
13 10
13 30
13 25
13 5
13 37
13 9
13 20
13 41
13 7
13 42
13 49
13 31
13 45
13 8
20
14 33
14 26
14 45
14 31
14 1
14 12
14 35
14 24
14 13
14 7
14 23
14 0
14 42
14 37
14 27
14 49
14 17
14 44
14 19
14 32
18
15 3
15 37
15 41
15 24
15 20
15 46
15 43
15 4
15 31
15 19
15 13
15 29
15 7
15 22
15 23
15 18
15 17
15 2
17
16 42
16 13
16 26
16 49
16 14
16 36
16 23
16 46
16 44
16 37
16 40
16 15
16 0
16 27
16 20
16 9
16 2
19
17 28
17 18
17 19
17 40
17 41
17 11
17 13
17 20
17 27
17 30
17 26
17 3
17 46
17 16
17 1
17 44
17 24
17 10
17 47
19
18 36
18 31
18 14
18 45
18 21
18 24
18 7
18 33
18 3
18 28
18 27
18 13
18 1
18 22
18 6
18 41
18 32
18 47
18 16
19
19 18
19 16
19 13
19 33
19 45
19 7
19 12
19 4
19 31
19 28
19 22
19 10
19 37
19 47
19 11
19 34
19 0
19 35
19 29
23
20 3
20 41
20 18
20 48
20 40
20 46
20 4
20 6
20 1
20 45
20 0
20 8
20 12
20 10
20 37
20 19
20 22
20 29
20 32
20 28
20 38
20 14
20 23
24
21 7
21 27
21 47
21 30
21 44
21 0
21 17
21 41
21 2
21 46
21 22
21 13
21 38
21 45
21 12
21 29
21 35
21 5
21 11
21 34
21 8
21 19
21 23
21 20
18
22 42
22 47
22 44
22 34
22 32
22 13
22 3
22 38
22 46
22 14
22 12
22 11
22 25
22 39
22 31
22 5
22 41
22 17
19
23 36
23 11
23 48
23 8
23 4
23 13
23 46
23 12
23 31
23 32
23 47
23 18
23 45
23 25
23 6
23 9
23 34
23 0
23 1
22
24 30
24 34
24 7
24 37
24 29
24 25
24 13
24 8
24 22
24 33
24 12
24 36
24 19
24 28
24 47
24 23
24 2
24 5
24 42
24 35
24 21
24 16
20
25 0
25 5
25 31
25 46
25 27
25 16
25 1
25 49
25 10
25 21
25 29
25 19
25 26
25 47
25 28
25 37
25 15
25 40
25 41
25 18
18
26 34
26 10
26 23
26 18
26 41
26 19
26 15
26 22
26 24
26 31
26 32
26 39
26 43
26 12
26 49
26 1
26 42
26 28
18
27 40
27 6
27 1
27 38
27 11
27 23
27 35
27 41
27 46
27 15
27 33
27 12
27 39
27 24
27 13
27 34
27 26
27 19
13
28 32
28 3
28 34
28 41
28 37
28 49
28 8
28 33
28 6
28 4
28 1
28 23
28 11
20
29 28
29 17
29 27
29 26
29 1
29 35
29 31
29 32
29 18
29 3
29 39
29 22
29 14
29 46
29 47
29 38
29 23
29 6
29 7
29 16
24
30 25
30 5
30 42
30 49
30 19
30 47
30 15
30 10
30 9
30 1
30 23
30 36
30 37
30 8
30 7
30 20
30 31
30 33
30 26
30 43
30 32
30 44
30 28
30 18
16
31 20
31 27
31 28
31 43
31 39
31 17
31 33
31 6
31 0
31 9
31 12
31 42
31 10
31 36
31 21
31 7
17
32 9
32 27
32 36
32 21
32 1
32 8
32 43
32 17
32 37
32 13
32 24
32 33
32 0
32 40
32 49
32 2
32 25
18
33 37
33 44
33 0
33 25
33 22
33 11
33 15
33 9
33 8
33 17
33 5
33 13
33 34
33 42
33 23
33 35
33 26
33 20
18
34 11
34 30
34 7
34 43
34 29
34 35
34 37
34 15
34 25
34 40
34 17
34 14
34 2
34 32
34 31
34 36
34 18
34 47
21
35 31
35 49
35 3
35 36
35 5
35 26
35 10
35 7
35 20
35 45
35 8
35 15
35 18
35 32
35 28
35 22
35 1
35 12
35 38
35 25
35 48
16
36 33
36 49
36 20
36 45
36 13
36 15
36 1
36 25
36 17
36 43
36 29
36 0
36 12
36 44
36 6
36 11
19
37 6
37 29
37 49
37 9
37 1
37 35
37 22
37 11
37 10
37 4
37 26
37 38
37 2
37 43
37 17
37 23
37 21
37 27
37 40
21
38 16
38 9
38 4
38 40
38 0
38 26
38 3
38 48
38 36
38 8
38 31
38 23
38 7
38 39
38 24
38 6
38 13
38 44
38 32
38 30
38 33
18
39 46
39 17
39 33
39 18
39 35
39 43
39 0
39 4
39 3
39 2
39 47
39 21
39 11
39 9
39 25
39 30
39 20
39 24
21
40 29
40 2
40 43
40 0
40 48
40 46
40 47
40 21
40 31
40 4
40 49
40 41
40 22
40 11
40 35
40 30
40 24
40 15
40 18
40 10
40 28
19
41 12
41 46
41 48
41 32
41 9
41 4
41 36
41 29
41 39
41 35
41 3
41 16
41 47
41 24
41 34
41 10
41 43
41 44
41 5
17
42 34
42 44
42 49
42 37
42 47
42 21
42 28
42 36
42 39
42 40
42 3
42 6
42 25
42 38
42 20
42 1
42 18
22
43 14
43 24
43 38
43 6
43 7
43 28
43 4
43 21
43 2
43 46
43 48
43 47
43 29
43 16
43 44
43 9
43 10
43 18
43 27
43 35
43 1
43 22
21
44 9
44 35
44 40
44 12
44 28
44 0
44 19
44 1
44 24
44 18
44 29
44 20
44 26
44 4
44 15
44 37
44 34
44 32
44 13
44 23
44 25
17
45 26
45 43
45 42
45 9
45 22
45 3
45 29
45 31
45 40
45 24
45 25
45 7
45 11
45 30
45 39
45 16
45 2
20
46 26
46 45
46 6
46 19
46 34
46 2
46 48
46 14
46 31
46 3
46 42
46 11
46 44
46 36
46 30
46 0
46 8
46 1
46 13
46 33
18
47 15
47 38
47 28
47 2
47 45
47 27
47 12
47 49
47 31
47 36
47 46
47 4
47 9
47 10
47 13
47 11
47 7
47 33
23
48 10
48 11
48 39
48 32
48 16
48 6
48 36
48 42
48 26
48 5
48 33
48 28
48 34
48 21
48 13
48 15
48 31
48 24
48 27
48 14
48 45
48 17
48 19
24
49 43
49 7
49 22
49 15
49 34
49 2
49 38
49 24
49 29
49 33
49 46
49 1
49 18
49 20
49 41
49 19
49 44
49 48
49 21
49 17
49 9
49 31
49 12
49 6
