50
0 "A49"
1 "A38"
2 "A20"
3 "A4"
4 "A36"
5 "A14"
6 "A18"
7 "A21"
8 "A25"
9 "A12"
10 "A28"
11 "A9"
12 "A42"
13 "A37"
14 "A45"
15 "A24"
16 "A5"
17 "A39"
18 "A33"
19 "A32"
20 "A1"
21 "A40"
22 "A34"
23 "A7"
24 "A2"
25 "A48"
26 "A22"
27 "A31"
28 "A11"
29 "A16"
30 "A26"
31 "A30"
32 "A27"
33 "A13"
34 "A44"
35 "A43"
36 "A8"
37 "A6"
38 "A23"
39 "A0"
40 "A17"
41 "A15"
42 "A35"
43 "A3"
44 "A10"
45 "A41"
46 "A47"
47 "A46"
48 "A19"
49 "A29"
20
0 42
0 33
0 25
0 41
0 46
0 36
0 12
0 48
0 16
0 29
0 10
0 11
0 35
0 32
0 7
0 9
0 17
0 44
0 14
0 8
25
1 15
1 18
1 5
1 16
1 31
1 33
1 30
1 35
1 36
1 41
1 19
1 23
1 6
1 11
1 38
1 2
1 13
1 24
1 21
1 20
1 46
1 27
1 3
1 29
1 47
17
2 29
2 24
2 17
2 36
2 7
2 0
2 21
2 32
2 33
2 18
2 3
2 43
2 49
2 22
2 34
2 5
2 20
22
3 39
3 18
3 8
3 45
3 25
3 26
3 47
3 4
3 10
3 19
3 24
3 16
3 46
3 9
3 0
3 5
3 42
3 32
3 29
3 21
3 48
3 12
15
4 33
4 12
4 45
4 14
4 35
4 38
4 0
4 11
4 36
4 5
4 30
4 31
4 28
4 17
4 41
20
5 45
5 39
5 0
5 40
5 48
5 49
5 41
5 17
5 8
5 44
5 11
5 20
5 29
5 32
5 18
5 47
5 36
5 23
5 6
5 25
26
6 38
6 39
6 42
6 2
6 20
6 18
6 16
6 48
6 46
6 7
6 49
6 19
6 4
6 43
6 30
6 25
6 9
6 23
6 17
6 33
6 14
6 27
6 3
6 24
6 47
6 45
13
7 1
7 3
7 46
7 15
7 47
7 26
7 31
7 44
7 21
7 19
7 35
7 32
7 13
16
8 36
8 11
8 27
8 41
8 26
8 29
8 19
8 43
8 16
8 1
8 7
8 4
8 6
8 14
8 23
8 25
22
9 18
9 25
9 41
9 24
9 2
9 30
9 28
9 21
9 46
9 22
9 7
9 44
9 49
9 14
9 38
9 39
9 37
9 1
9 26
9 31
9 40
9 32
18
10 39
10 40
10 1
10 15
10 43
10 32
10 46
10 25
10 21
10 13
10 7
10 48
10 9
10 44
10 37
10 36
10 2
10 33
24
11 35
11 34
11 19
11 25
11 14
11 40
11 24
11 49
11 18
11 38
11 15
11 47
11 22
11 33
11 17
11 32
11 10
11 23
11 43
11 3
11 6
11 2
11 39
11 12
20
12 7
12 5
12 1
12 31
12 45
12 16
12 46
12 10
12 8
12 9
12 39
12 13
12 19
12 38
12 24
12 6
12 49
12 48
12 23
12 34
22
13 29
13 2
13 16
13 48
13 8
13 25
13 33
13 40
13 9
13 42
13 6
13 43
13 26
13 28
13 36
13 4
13 15
13 18
13 17
13 30
13 35
13 3
14
14 49
14 30
14 25
14 40
14 21
14 12
14 42
14 24
14 36
14 23
14 34
14 19
14 38
14 10
19
15 47
15 23
15 19
15 0
15 6
15 43
15 42
15 40
15 33
15 3
15 28
15 5
15 25
15 20
15 12
15 41
15 9
15 24
15 44
16
16 36
16 21
16 31
16 42
16 26
16 14
16 37
16 20
16 2
16 5
16 46
16 22
16 18
16 11
16 25
16 10
14
17 47
17 40
17 8
17 33
17 45
17 7
17 26
17 46
17 48
17 18
17 27
17 10
17 35
17 21
17
18 40
18 49
18 31
18 14
18 25
18 37
18 10
18 36
18 46
18 34
18 47
18 32
18 22
18 24
18 4
18 7
18 43
23
19 21
19 13
19 46
19 49
19 9
19 20
19 42
19 31
19 27
19 32
19 4
19 47
19 0
19 43
19 36
19 17
19 35
19 40
19 10
19 22
19 29
19 5
19 25
27
20 23
20 28
20 49
20 38
20 4
20 9
20 35
20 11
20 14
20 37
20 42
20 24
20 12
20 41
20 3
20 45
20 18
20 27
20 39
20 8
20 22
20 46
20 43
20 29
20 13
20 40
20 31
18
21 23
21 11
21 28
21 30
21 48
21 34
21 4
21 15
21 40
21 42
21 31
21 36
21 25
21 0
21 27
21 6
21 46
21 13
22
22 3
22 10
22 26
22 35
22 8
22 6
22 38
22 0
22 25
22 1
22 12
22 7
22 40
22 17
22 14
22 32
22 43
22 49
22 29
22 15
22 5
22 30
19
23 10
23 9
23 28
23 37
23 40
23 16
23 0
23 17
23 3
23 36
23 43
23 34
23 19
23 4
23 2
23 33
23 32
23 30
23 18
14
24 49
24 30
24 16
24 42
24 25
24 31
24 23
24 17
24 0
24 44
24 10
24 27
24 39
24 22
15
25 26
25 46
25 2
25 12
25 17
25 49
25 41
25 4
25 38
25 7
25 40
25 47
25 23
25 45
25 29
17
26 29
26 46
26 15
26 48
26 37
26 41
26 11
26 32
26 23
26 24
26 10
26 43
26 0
26 5
26 14
26 6
26 20
20
27 16
27 47
27 31
27 34
27 41
27 43
27 25
27 15
27 13
27 26
27 12
27 0
27 4
27 48
27 18
27 2
27 3
27 44
27 22
27 23
19
28 0
28 37
28 6
28 3
28 5
28 48
28 41
28 1
28 49
28 14
28 11
28 25
28 24
28 45
28 32
28 19
28 47
28 22
28 8
18
29 47
29 18
29 10
29 37
29 33
29 4
29 24
29 35
29 12
29 16
29 17
29 11
29 23
29 36
29 39
29 21
29 46
29 40
22
30 26
30 33
30 45
30 8
30 20
30 47
30 15
30 25
30 16
30 35
30 31
30 38
30 43
30 2
30 0
30 28
30 5
30 27
30 37
30 7
30 19
30 36
20
31 14
31 6
31 39
31 47
31 2
31 17
31 15
31 10
31 29
31 42
31 8
31 13
31 48
31 23
31 26
31 35
31 28
31 5
31 3
31 0
21
32 8
32 39
32 36
32 38
32 47
32 25
32 31
32 34
32 49
32 30
32 12
32 24
32 45
32 40
32 21
32 16
32 1
32 29
32 42
32 27
32 15
21
33 14
33 28
33 39
33 9
33 37
33 25
33 16
33 22
33 42
33 8
33 45
33 3
33 34
33 27
33 40
33 31
33 5
33 7
33 32
33 20
33 26
23
34 19
34 17
34 8
34 26
34 40
34 38
34 15
34 25
34 48
34 10
34 0
34 7
34 35
34 6
34 22
34 28
34 1
34 3
34 16
34 47
34 39
34 9
34 31
22
35 42
35 47
35 49
35 18
35 21
35 2
35 33
35 3
35 27
35 26
35 16
35 45
35 15
35 28
35 48
35 12
35 9
35 43
35 25
35 37
35 44
35 23
18
36 20
36 45
36 25
36 15
36 3
36 9
36 12
36 34
36 46
36 24
36 49
36 22
36 31
36 11
36 41
36 28
36 44
36 6
21
37 32
37 2
37 13
37 15
37 43
37 47
37 46
37 8
37 0
37 7
37 19
37 17
37 12
37 3
37 40
37 24
37 48
37 5
37 22
37 4
37 49
18
38 35
38 40
38 47
38 36
38 42
38 37
38 7
38 41
38 3
38 48
38 21
38 18
38 29
38 10
38 2
38 24
38 31
38 45
20
39 36
39 23
39 0
39 18
39 22
39 42
39 21
39 2
39 25
39 16
39 26
39 15
39 1
39 28
39 14
39 30
39 7
39 13
39 46
39 35
15
40 31
40 24
40 45
40 16
40 3
40 35
40 27
40 8
40 26
40 46
40 48
40 44
40 30
40 36
40 2
21
41 10
41 6
41 16
41 29
41 7
41 12
41 23
41 40
41 42
41 39
41 13
41 33
41 2
41 11
41 31
41 14
41 3
41 44
41 19
41 17
41 18
25
42 30
42 4
42 23
42 1
42 5
42 44
42 26
42 25
42 36
42 18
42 46
42 28
42 11
42 27
42 49
42 37
42 12
42 29
42 8
42 22
42 34
42 7
42 17
42 40
42 2
24
43 28
43 17
43 16
43 1
43 41
43 48
43 33
43 32
43 31
43 44
43 9
43 45
43 7
43 3
43 36
43 24
43 4
43 49
43 0
43 38
43 25
43 47
43 12
43 14
23
44 28
44 13
44 12
44 31
44 32
44 11
44 38
44 23
44 8
44 49
44 17
44 29
44 33
44 4
44 2
44 39
44 30
44 46
44 1
44 34
44 16
44 26
44 37
19
45 31
45 13
45 16
45 34
45 23
45 22
45 2
45 19
45 9
45 27
45 11
45 44
45 7
45 0
45 21
45 18
45 8
45 14
45 41
17
46 15
46 32
46 23
46 41
46 5
46 34
46 27
46 4
46 13
46 47
46 2
46 38
46 35
46 28
46 45
46 43
46 30
19
47 40
47 9
47 36
47 20
47 13
47 12
47 39
47 10
47 26
47 44
47 14
47 0
47 2
47 4
47 33
47 8
47 22
47 16
47 41
20
48 7
48 8
48 29
48 45
48 4
48 32
48 25
48 19
48 46
48 42
48 16
48 36
48 18
48 2
48 20
48 47
48 9
48 33
48 24
48 41
19
49 47
49 21
49 26
49 8
49 17
49 0
49 48
49 38
49 23
49 34
49 16
49 46
49 3
49 10
49 33
49 15
49 1
49 7
49 4
