50
0 "A46"
1 "A24"
2 "A25"
3 "A4"
4 "A16"
5 "A32"
6 "A2"
7 "A10"
8 "A14"
9 "A37"
10 "A15"
11 "A1"
12 "A38"
13 "A35"
14 "A13"
15 "A22"
16 "A39"
17 "A45"
18 "A27"
19 "A12"
20 "A20"
21 "A7"
22 "A31"
23 "A48"
24 "A30"
25 "A42"
26 "A17"
27 "A21"
28 "A29"
29 "A23"
30 "A26"
31 "A34"
32 "A19"
33 "A43"
34 "A8"
35 "A40"
36 "A0"
37 "A44"
38 "A5"
39 "A6"
40 "A47"
41 "A11"
42 "A9"
43 "A41"
44 "A49"
45 "A18"
46 "A3"
47 "A33"
48 "A28"
49 "A36"
23
0 7
0 22
0 8
0 37
0 28
0 31
0 25
0 45
0 38
0 29
0 5
0 16
0 46
0 4
0 18
0 21
0 26
0 12
0 14
0 35
0 15
0 24
0 9
23
1 40
1 28
1 36
1 18
1 7
1 49
1 19
1 30
1 38
1 6
1 46
1 14
1 17
1 35
1 42
1 24
1 25
1 13
1 0
1 16
1 48
1 21
1 8
20
2 9
2 26
2 29
2 43
2 37
2 46
2 17
2 45
2 48
2 5
2 1
2 15
2 14
2 36
2 33
2 23
2 13
2 12
2 6
2 0
20
3 48
3 39
3 38
3 24
3 43
3 32
3 16
3 34
3 40
3 5
3 45
3 4
3 35
3 1
3 13
3 10
3 11
3 7
3 19
3 27
20
4 43
4 39
4 27
4 29
4 26
4 2
4 42
4 34
4 14
4 37
4 5
4 31
4 10
4 9
4 28
4 41
4 11
4 47
4 23
4 6
17
5 36
5 10
5 22
5 39
5 32
5 25
5 29
5 49
5 15
5 1
5 19
5 24
5 34
5 18
5 16
5 35
5 30
20
6 36
6 22
6 25
6 3
6 18
6 46
6 45
6 48
6 35
6 13
6 19
6 32
6 34
6 0
6 38
6 10
6 8
6 37
6 31
6 26
14
7 23
7 32
7 36
7 39
7 2
7 41
7 16
7 10
7 38
7 6
7 13
7 24
7 33
7 35
23
8 44
8 5
8 10
8 43
8 47
8 22
8 3
8 40
8 26
8 15
8 31
8 41
8 4
8 39
8 9
8 13
8 2
8 7
8 27
8 49
8 29
8 14
8 30
26
9 37
9 12
9 11
9 3
9 29
9 13
9 26
9 27
9 36
9 5
9 33
9 32
9 16
9 23
9 18
9 1
9 22
9 19
9 10
9 7
9 40
9 47
9 14
9 46
9 48
9 43
14
10 37
10 15
10 17
10 21
10 27
10 22
10 41
10 0
10 42
10 45
10 2
10 28
10 36
10 1
19
11 10
11 42
11 5
11 1
11 20
11 35
11 47
11 44
11 26
11 0
11 34
11 18
11 2
11 21
11 31
11 37
11 17
11 36
11 41
21
12 1
12 19
12 31
12 15
12 6
12 40
12 10
12 4
12 14
12 16
12 27
12 28
12 8
12 47
12 30
12 49
12 41
12 3
12 7
12 39
12 13
18
13 16
13 29
13 32
13 11
13 10
13 25
13 27
13 15
13 4
13 18
13 45
13 40
13 0
13 34
13 30
13 5
13 20
13 17
21
14 31
14 11
14 13
14 6
14 28
14 27
14 17
14 18
14 29
14 38
14 23
14 5
14 19
14 48
14 47
14 49
14 40
14 46
14 21
14 3
14 43
16
15 16
15 7
15 28
15 32
15 47
15 11
15 41
15 9
15 6
15 37
15 49
15 14
15 21
15 3
15 44
15 1
21
16 24
16 17
16 45
16 26
16 23
16 38
16 47
16 44
16 41
16 28
16 8
16 48
16 19
16 33
16 14
16 40
16 4
16 46
16 2
16 10
16 22
20
17 8
17 24
17 32
17 40
17 28
17 30
17 12
17 44
17 0
17 9
17 27
17 5
17 25
17 38
17 6
17 3
17 29
17 4
17 35
17 49
17
18 15
18 43
18 22
18 2
18 33
18 47
18 45
18 44
18 36
18 19
18 21
18 26
18 42
18 31
18 8
18 29
18 28
20
19 29
19 4
19 49
19 31
19 47
19 44
19 48
19 15
19 28
19 2
19 45
19 24
19 13
19 8
19 37
19 33
19 11
19 7
19 43
19 0
21
20 1
20 45
20 16
20 42
20 8
20 48
20 7
20 17
20 6
20 12
20 47
20 31
20 23
20 24
20 22
20 18
20 3
20 38
20 43
20 19
20 9
19
21 20
21 3
21 22
21 35
21 40
21 17
21 12
21 32
21 25
21 8
21 38
21 19
21 6
21 4
21 26
21 44
21 2
21 41
21 36
18
22 17
22 3
22 37
22 31
22 29
22 7
22 12
22 45
22 43
22 13
22 48
22 2
22 25
22 1
22 4
22 47
22 40
22 11
25
23 34
23 10
23 3
23 37
23 35
23 31
23 29
23 1
23 47
23 13
23 18
23 43
23 6
23 32
23 38
23 15
23 22
23 46
23 41
23 17
23 39
23 12
23 0
23 11
23 30
20
24 43
24 38
24 28
24 2
24 26
24 27
24 49
24 31
24 14
24 12
24 10
24 42
24 37
24 8
24 9
24 23
24 13
24 39
24 30
24 18
20
25 8
25 7
25 29
25 4
25 23
25 31
25 26
25 19
25 12
25 3
25 41
25 11
25 38
25 15
25 46
25 9
25 44
25 18
25 48
25 39
21
26 17
26 42
26 15
26 44
26 10
26 3
26 49
26 1
26 12
26 14
26 46
26 5
26 23
26 31
26 48
26 13
26 32
26 22
26 20
26 27
26 39
19
27 46
27 2
27 0
27 11
27 5
27 22
27 43
27 36
27 44
27 21
27 45
27 35
27 31
27 16
27 7
27 42
27 34
27 15
27 49
18
28 33
28 21
28 13
28 38
28 39
28 35
28 29
28 31
28 47
28 6
28 30
28 9
28 27
28 8
28 23
28 11
28 3
28 2
14
29 24
29 38
29 31
29 47
29 43
29 3
29 49
29 36
29 10
29 45
29 48
29 21
29 44
29 11
25
30 16
30 0
30 3
30 2
30 38
30 27
30 21
30 49
30 7
30 15
30 37
30 22
30 9
30 34
30 6
30 25
30 29
30 14
30 26
30 4
30 19
30 20
30 43
30 33
30 10
16
31 9
31 1
31 15
31 35
31 33
31 38
31 42
31 10
31 5
31 3
31 7
31 30
31 2
31 43
31 48
31 34
20
32 24
32 8
32 31
32 20
32 19
32 28
32 0
32 46
32 39
32 22
32 41
32 37
32 16
32 1
32 29
32 43
32 18
32 45
32 35
32 12
22
33 6
33 8
33 4
33 0
33 23
33 15
33 29
33 21
33 41
33 32
33 27
33 14
33 43
33 20
33 44
33 17
33 24
33 34
33 11
33 26
33 35
33 48
23
34 9
34 43
34 1
34 17
34 37
34 25
34 18
34 21
34 35
34 10
34 32
34 49
34 2
34 42
34 22
34 16
34 12
34 15
34 20
34 7
34 24
34 0
34 19
12
35 2
35 29
35 49
35 4
35 8
35 14
35 13
35 12
35 24
35 48
35 41
35 18
22
36 24
36 14
36 0
36 25
36 49
36 31
36 8
36 44
36 34
36 20
36 12
36 35
36 30
36 22
36 26
36 28
36 48
36 16
36 42
36 19
36 15
36 13
23
37 1
37 20
37 21
37 3
37 8
37 44
37 39
37 25
37 43
37 31
37 40
37 17
37 29
37 13
37 16
37 7
37 12
37 49
37 14
37 5
37 48
37 26
37 41
21
38 22
38 2
38 40
38 9
38 27
38 42
38 34
38 45
38 11
38 44
38 8
38 15
38 12
38 13
38 33
38 49
38 4
38 18
38 32
38 26
38 47
25
39 45
39 49
39 11
39 20
39 16
39 46
39 21
39 19
39 17
39 43
39 22
39 27
39 34
39 9
39 14
39 13
39 2
39 48
39 30
39 31
39 38
39 36
39 33
39 10
39 6
20
40 30
40 26
40 20
40 27
40 28
40 0
40 7
40 18
40 44
40 43
40 19
40 23
40 32
40 6
40 25
40 2
40 15
40 34
40 39
40 42
14
41 42
41 19
41 14
41 26
41 24
41 20
41 3
41 1
41 18
41 6
41 40
41 45
41 17
41 36
22
42 14
42 33
42 0
42 44
42 37
42 47
42 6
42 9
42 22
42 29
42 15
42 25
42 35
42 5
42 23
42 16
42 3
42 30
42 21
42 7
42 2
42 43
17
43 17
43 46
43 41
43 1
43 16
43 21
43 49
43 10
43 47
43 0
43 26
43 35
43 44
43 15
43 38
43 7
43 45
15
44 31
44 22
44 1
44 41
44 32
44 47
44 39
44 14
44 0
44 2
44 5
44 10
44 6
44 20
44 13
15
45 1
45 36
45 25
45 28
45 15
45 47
45 26
45 11
45 48
45 17
45 37
45 31
45 35
45 12
45 34
21
46 28
46 22
46 37
46 4
46 20
46 49
46 34
46 10
46 47
46 40
46 35
46 41
46 18
46 15
46 13
46 36
46 8
46 33
46 21
46 24
46 5
20
47 27
47 32
47 7
47 39
47 48
47 5
47 1
47 13
47 41
47 33
47 25
47 40
47 3
47 34
47 24
47 35
47 36
47 49
47 0
47 31
19
48 18
48 7
48 15
48 5
48 42
48 46
48 41
48 8
48 32
48 23
48 12
48 44
48 24
48 43
48 10
48 38
48 21
48 11
48 28
20
49 41
49 0
49 45
49 20
49 28
49 3
49 9
49 40
49 6
49 4
49 10
49 42
49 21
49 18
49 2
49 48
49 44
49 31
49 33
49 13
