50
0 "A29"
1 "A17"
2 "A23"
3 "A47"
4 "A8"
5 "A14"
6 "A39"
7 "A28"
8 "A9"
9 "A37"
10 "A41"
11 "A10"
12 "A5"
13 "A49"
14 "A43"
15 "A34"
16 "A31"
17 "A12"
18 "A3"
19 "A7"
20 "A30"
21 "A24"
22 "A16"
23 "A1"
24 "A44"
25 "A25"
26 "A46"
27 "A4"
28 "A27"
29 "A35"
30 "A2"
31 "A11"
32 "A21"
33 "A20"
34 "A45"
35 "A48"
36 "A38"
37 "A13"
38 "A0"
39 "A19"
40 "A22"
41 "A42"
42 "A32"
43 "A40"
44 "A18"
45 "A33"
46 "A36"
47 "A6"
48 "A26"
49 "A15"
25
0 22
0 36
0 45
0 29
0 9
0 17
0 46
0 13
0 35
0 27
0 2
0 11
0 42
0 31
0 7
0 21
0 37
0 20
0 32
0 1
0 38
0 43
0 18
0 48
0 24
20
1 21
1 32
1 28
1 36
1 49
1 27
1 48
1 17
1 37
1 39
1 30
1 7
1 13
1 38
1 19
1 6
1 5
1 23
1 4
1 31
20
2 37
2 10
2 6
2 38
2 18
2 24
2 7
2 28
2 35
2 29
2 5
2 11
2 48
2 19
2 1
2 3
2 9
2 34
2 33
2 21
19
3 5
3 15
3 0
3 31
3 20
3 9
3 38
3 34
3 47
3 40
3 10
3 42
3 19
3 30
3 46
3 27
3 26
3 21
3 44
15
4 41
4 0
4 44
4 34
4 47
4 23
4 43
4 40
4 19
4 6
4 24
4 49
4 22
4 45
4 27
21
5 9
5 15
5 34
5 48
5 4
5 10
5 6
5 47
5 37
5 27
5 36
5 38
5 41
5 14
5 49
5 45
5 0
5 7
5 43
5 35
5 18
21
6 17
6 48
6 13
6 32
6 46
6 21
6 33
6 11
6 25
6 14
6 36
6 38
6 27
6 40
6 7
6 16
6 19
6 34
6 9
6 24
6 49
13
7 41
7 42
7 4
7 40
7 9
7 47
7 33
7 44
7 30
7 3
7 10
7 16
7 26
22
8 12
8 1
8 17
8 2
8 4
8 13
8 42
8 16
8 49
8 7
8 47
8 35
8 48
8 27
8 6
8 5
8 38
8 0
8 29
8 3
8 39
8 25
17
9 19
9 42
9 13
9 10
9 1
9 16
9 15
9 49
9 33
9 17
9 22
9 26
9 25
9 37
9 14
9 35
9 4
23
10 21
10 6
10 18
10 23
10 11
10 4
10 36
10 20
10 49
10 45
10 0
10 48
10 1
10 35
10 29
10 40
10 46
10 13
10 22
10 26
10 47
10 37
10 31
19
11 5
11 45
11 1
11 3
11 8
11 4
11 32
11 49
11 38
11 42
11 34
11 36
11 16
11 18
11 15
11 20
11 12
11 9
11 37
14
12 13
12 45
12 3
12 2
12 26
12 0
12 4
12 44
12 5
12 7
12 16
12 43
12 39
12 37
21
13 7
13 48
13 2
13 36
13 47
13 16
13 45
13 29
13 20
13 11
13 23
13 14
13 33
13 38
13 17
13 5
13 24
13 44
13 4
13 21
13 28
21
14 39
14 38
14 34
14 46
14 21
14 29
14 22
14 40
14 18
14 7
14 48
14 8
14 47
14 3
14 41
14 33
14 24
14 1
14 2
14 17
14 19
19
15 22
15 1
15 4
15 10
15 14
15 24
15 26
15 46
15 47
15 37
15 7
15 13
15 21
15 33
15 43
15 42
15 27
15 30
15 0
21
16 38
16 10
16 39
16 18
16 1
16 22
16 21
16 31
16 33
16 44
16 25
16 23
16 15
16 0
16 20
16 28
16 34
16 26
16 2
16 4
16 49
20
17 49
17 35
17 30
17 33
17 27
17 40
17 11
17 25
17 4
17 39
17 37
17 12
17 36
17 5
17 18
17 34
17 15
17 26
17 10
17 7
18
18 3
18 12
18 47
18 8
18 26
18 38
18 44
18 4
18 25
18 1
18 21
18 37
18 23
18 36
18 13
18 15
18 24
18 9
18
19 28
19 45
19 32
19 30
19 31
19 8
19 16
19 11
19 43
19 18
19 27
19 13
19 34
19 49
19 10
19 39
19 17
19 7
26
20 2
20 12
20 31
20 24
20 38
20 37
20 4
20 15
20 41
20 6
20 17
20 28
20 39
20 1
20 33
20 34
20 44
20 27
20 8
20 36
20 7
20 30
20 5
20 32
20 18
20 46
16
21 4
21 49
21 23
21 25
21 43
21 37
21 19
21 8
21 7
21 9
21 5
21 46
21 38
21 22
21 34
21 40
15
22 40
22 42
22 1
22 11
22 35
22 7
22 43
22 18
22 36
22 27
22 19
22 6
22 39
22 29
22 26
26
23 26
23 37
23 8
23 42
23 39
23 15
23 6
23 5
23 40
23 20
23 46
23 41
23 29
23 24
23 0
23 2
23 43
23 7
23 17
23 11
23 38
23 28
23 44
23 12
23 49
23 19
20
24 28
24 31
24 35
24 48
24 10
24 29
24 7
24 46
24 12
24 11
24 37
24 45
24 21
24 34
24 8
24 26
24 5
24 9
24 3
24 47
18
25 41
25 13
25 23
25 0
25 20
25 4
25 43
25 28
25 1
25 46
25 7
25 29
25 38
25 2
25 32
25 5
25 12
25 36
22
26 30
26 49
26 11
26 45
26 28
26 25
26 14
26 47
26 43
26 48
26 40
26 44
26 0
26 29
26 32
26 46
26 21
26 1
26 33
26 19
26 13
26 8
17
27 9
27 45
27 10
27 26
27 34
27 18
27 7
27 29
27 12
27 42
27 25
27 23
27 24
27 44
27 2
27 21
27 13
21
28 18
28 3
28 15
28 8
28 44
28 22
28 33
28 47
28 5
28 14
28 17
28 39
28 10
28 41
28 37
28 6
28 32
28 43
28 30
28 27
28 49
17
29 47
29 4
29 9
29 7
29 49
29 12
29 40
29 38
29 41
29 45
29 28
29 11
29 15
29 1
29 19
29 18
29 16
21
30 21
30 43
30 40
30 9
30 11
30 37
30 14
30 39
30 23
30 42
30 27
30 38
30 29
30 46
30 34
30 22
30 2
30 12
30 8
30 16
30 47
22
31 28
31 47
31 45
31 22
31 26
31 37
31 13
31 4
31 8
31 14
31 7
31 25
31 43
31 27
31 2
31 21
31 5
31 30
31 12
31 32
31 42
31 49
20
32 41
32 2
32 13
32 3
32 33
32 29
32 7
32 14
32 37
32 8
32 9
32 27
32 35
32 49
32 15
32 39
32 43
32 16
32 4
32 22
16
33 21
33 22
33 42
33 47
33 35
33 18
33 11
33 19
33 1
33 36
33 38
33 5
33 48
33 8
33 0
33 23
18
34 8
34 48
34 9
34 10
34 28
34 18
34 46
34 22
34 38
34 15
34 42
34 26
34 35
34 32
34 25
34 36
34 1
34 23
19
35 18
35 29
35 19
35 31
35 20
35 25
35 26
35 30
35 36
35 40
35 12
35 47
35 4
35 7
35 13
35 6
35 3
35 16
35 23
18
36 44
36 2
36 26
36 12
36 15
36 16
36 30
36 28
36 41
36 39
36 29
36 4
36 7
36 8
36 21
36 23
36 24
36 27
16
37 35
37 7
37 49
37 3
37 34
37 47
37 33
37 26
37 48
37 13
37 29
37 25
37 19
37 39
37 41
37 44
14
38 9
38 7
38 19
38 28
38 10
38 35
38 36
38 24
38 31
38 15
38 26
38 12
38 43
38 37
19
39 15
39 43
39 7
39 9
39 21
39 38
39 2
39 27
39 24
39 29
39 31
39 40
39 35
39 41
39 4
39 0
39 25
39 5
39 10
21
40 20
40 37
40 9
40 2
40 25
40 38
40 12
40 33
40 45
40 42
40 15
40 18
40 16
40 31
40 13
40 19
40 8
40 34
40 1
40 24
40 0
23
41 13
41 15
41 47
41 38
41 10
41 33
41 12
41 1
41 21
41 19
41 35
41 22
41 40
41 2
41 24
41 49
41 3
41 8
41 30
41 9
41 6
41 31
41 17
24
42 49
42 28
42 18
42 32
42 39
42 17
42 41
42 1
42 44
42 29
42 14
42 5
42 12
42 38
42 20
42 37
42 25
42 21
42 16
42 4
42 10
42 13
42 35
42 6
19
43 24
43 10
43 47
43 6
43 2
43 40
43 46
43 29
43 11
43 35
43 34
43 37
43 36
43 13
43 8
43 48
43 18
43 1
43 7
20
44 35
44 14
44 11
44 46
44 25
44 33
44 30
44 22
44 10
44 5
44 0
44 6
44 2
44 29
44 15
44 49
44 17
44 24
44 21
44 40
24
45 46
45 34
45 23
45 30
45 43
45 14
45 41
45 33
45 16
45 49
45 37
45 47
45 42
45 21
45 9
45 44
45 6
45 48
45 25
45 8
45 1
45 15
45 17
45 7
19
46 2
46 18
46 12
46 7
46 47
46 17
46 19
46 33
46 42
46 38
46 1
46 8
46 27
46 35
46 31
46 28
46 13
46 9
46 49
17
47 0
47 16
47 1
47 23
47 32
47 49
47 39
47 20
47 19
47 11
47 36
47 21
47 9
47 44
47 40
47 6
47 12
23
48 47
48 28
48 25
48 32
48 36
48 31
48 44
48 41
48 39
48 30
48 29
48 20
48 38
48 18
48 11
48 23
48 40
48 42
48 27
48 9
48 21
48 4
48 3
22
49 15
49 48
49 24
49 13
49 40
49 0
49 18
49 25
49 38
49 22
49 14
49 36
49 39
49 30
49 3
49 35
49 27
49 12
49 7
49 33
49 2
49 34
