50
0 "A29"
1 "A17"
2 "A23"
3 "A47"
4 "A8"
5 "A14"
6 "A39"
7 "A28"
8 "A9"
9 "A37"
10 "A41"
11 "A10"
12 "A5"
13 "A49"
14 "A43"
15 "A34"
16 "A31"
17 "A12"
18 "A3"
19 "A7"
20 "A30"
21 "A24"
22 "A16"
23 "A1"
24 "A44"
25 "A25"
26 "A46"
27 "A4"
28 "A27"
29 "A35"
30 "A2"
31 "A11"
32 "A21"
33 "A20"
34 "A45"
35 "A48"
36 "A38"
37 "A13"
38 "A0"
39 "A19"
40 "A22"
41 "A42"
42 "A32"
43 "A40"
44 "A18"
45 "A33"
46 "A36"
47 "A6"
48 "A26"
49 "A15"
16
0 37
0 23
0 12
0 4
0 21
0 8
0 19
0 31
0 5
0 46
0 11
0 32
0 17
0 28
0 22
0 35
14
1 39
1 0
1 38
1 5
1 35
1 9
1 4
1 22
1 43
1 42
1 12
1 49
1 37
1 29
14
2 45
2 46
2 17
2 4
2 40
2 31
2 13
2 20
2 36
2 15
2 43
2 21
2 9
2 34
24
3 19
3 47
3 20
3 24
3 9
3 42
3 23
3 25
3 35
3 2
3 48
3 6
3 44
3 15
3 43
3 14
3 37
3 41
3 0
3 12
3 22
3 34
3 32
3 11
20
4 48
4 21
4 11
4 5
4 44
4 27
4 42
4 23
4 28
4 36
4 37
4 45
4 34
4 6
4 47
4 33
4 9
4 43
4 39
4 15
20
5 39
5 43
5 45
5 17
5 48
5 42
5 49
5 29
5 14
5 19
5 15
5 20
5 22
5 10
5 31
5 16
5 37
5 6
5 21
5 3
23
6 30
6 45
6 24
6 13
6 7
6 9
6 38
6 40
6 26
6 32
6 41
6 10
6 42
6 23
6 46
6 48
6 49
6 18
6 35
6 11
6 2
6 8
6 31
19
7 13
7 8
7 15
7 36
7 0
7 40
7 11
7 19
7 25
7 33
7 3
7 49
7 44
7 1
7 39
7 38
7 24
7 26
7 12
21
8 23
8 35
8 2
8 42
8 29
8 31
8 34
8 25
8 33
8 36
8 13
8 17
8 48
8 40
8 10
8 21
8 49
8 3
8 16
8 5
8 11
19
9 28
9 39
9 5
9 22
9 41
9 7
9 43
9 15
9 14
9 30
9 42
9 32
9 12
9 17
9 13
9 8
9 16
9 35
9 47
15
10 14
10 13
10 36
10 43
10 41
10 29
10 44
10 47
10 1
10 2
10 3
10 26
10 22
10 4
10 35
18
11 32
11 13
11 14
11 26
11 39
11 16
11 44
11 9
11 30
11 10
11 19
11 28
11 36
11 2
11 5
11 23
11 49
11 34
23
12 31
12 27
12 20
12 2
12 44
12 15
12 18
12 19
12 43
12 17
12 49
12 40
12 24
12 21
12 14
12 37
12 26
12 38
12 39
12 47
12 30
12 11
12 22
16
13 34
13 41
13 43
13 0
13 37
13 21
13 4
13 16
13 18
13 40
13 26
13 20
13 23
13 15
13 22
13 46
14
14 4
14 2
14 8
14 36
14 0
14 7
14 18
14 44
14 21
14 27
14 24
14 37
14 29
14 49
16
15 49
15 26
15 36
15 6
15 11
15 19
15 21
15 20
15 43
15 45
15 34
15 0
15 1
15 14
15 8
15 10
19
16 3
16 14
16 24
16 35
16 44
16 12
16 1
16 4
16 30
16 20
16 41
16 22
16 43
16 32
16 27
16 7
16 23
16 34
16 6
21
17 34
17 20
17 14
17 21
17 45
17 24
17 33
17 6
17 7
17 26
17 35
17 10
17 4
17 19
17 13
17 43
17 49
17 3
17 31
17 16
17 38
27
18 30
18 19
18 46
18 10
18 1
18 27
18 32
18 15
18 5
18 41
18 16
18 37
18 4
18 28
18 9
18 29
18 49
18 40
18 24
18 44
18 2
18 7
18 36
18 34
18 3
18 21
18 42
16
19 14
19 48
19 45
19 26
19 20
19 35
19 16
19 25
19 44
19 31
19 39
19 4
19 34
19 49
19 22
19 41
15
20 42
20 47
20 30
20 0
20 10
20 4
20 9
20 24
20 41
20 7
20 6
20 8
20 11
20 21
20 1
16
21 9
21 28
21 34
21 1
21 11
21 19
21 46
21 10
21 24
21 37
21 7
21 6
21 32
21 36
21 48
21 33
22
22 23
22 25
22 4
22 8
22 15
22 17
22 14
22 42
22 43
22 20
22 2
22 11
22 45
22 7
22 21
22 6
22 24
22 18
22 40
22 46
22 30
22 27
20
23 40
23 49
23 5
23 39
23 7
23 1
23 45
23 25
23 19
23 24
23 26
23 31
23 12
23 43
23 21
23 34
23 17
23 10
23 2
23 44
15
24 44
24 19
24 42
24 11
24 25
24 45
24 5
24 34
24 8
24 0
24 15
24 40
24 31
24 1
24 46
15
25 45
25 9
25 0
25 11
25 41
25 12
25 15
25 20
25 37
25 47
25 13
25 42
25 18
25 27
25 26
17
26 21
26 46
26 35
26 16
26 29
26 2
26 8
26 28
26 33
26 20
26 48
26 4
26 1
26 43
26 37
26 9
26 38
24
27 5
27 36
27 23
27 30
27 13
27 11
27 7
27 8
27 26
27 19
27 0
27 3
27 42
27 10
27 49
27 9
27 20
27 24
27 32
27 47
27 45
27 15
27 17
27 34
26
28 13
28 36
28 24
28 16
28 5
28 25
28 43
28 33
28 19
28 22
28 3
28 47
28 27
28 10
28 23
28 46
28 8
28 39
28 45
28 12
28 48
28 14
28 30
28 6
28 1
28 41
25
29 16
29 40
29 30
29 34
29 17
29 19
29 28
29 42
29 3
29 7
29 33
29 23
29 20
29 27
29 15
29 44
29 12
29 41
29 25
29 24
29 49
29 6
29 43
29 37
29 4
23
30 47
30 26
30 44
30 41
30 35
30 32
30 21
30 34
30 10
30 33
30 7
30 13
30 37
30 8
30 3
30 15
30 17
30 40
30 25
30 0
30 5
30 24
30 31
23
31 7
31 34
31 9
31 3
31 1
31 35
31 22
31 43
31 32
31 26
31 29
31 13
31 11
31 20
31 33
31 42
31 41
31 18
31 4
31 45
31 14
31 40
31 16
16
32 22
32 48
32 8
32 26
32 19
32 28
32 14
32 24
32 5
32 37
32 1
32 38
32 4
32 25
32 47
32 17
27
33 22
33 12
33 45
33 42
33 35
33 14
33 36
33 24
33 11
33 18
33 13
33 27
33 39
33 19
33 10
33 20
33 1
33 49
33 25
33 0
33 38
33 44
33 34
33 37
33 3
33 16
33 2
14
34 20
34 28
34 36
34 25
34 10
34 7
34 6
34 32
34 5
34 12
34 26
34 42
34 9
34 0
18
35 14
35 15
35 28
35 12
35 2
35 5
35 20
35 4
35 37
35 7
35 22
35 42
35 48
35 27
35 38
35 11
35 36
35 25
15
36 48
36 5
36 26
36 17
36 22
36 12
36 29
36 6
36 23
36 44
36 32
36 1
36 0
36 13
36 24
18
37 24
37 43
37 9
37 8
37 22
37 17
37 36
37 28
37 31
37 2
37 44
37 10
37 38
37 6
37 7
37 20
37 27
37 34
30
38 10
38 48
38 40
38 29
38 20
38 23
38 25
38 18
38 31
38 41
38 27
38 39
38 19
38 24
38 36
38 2
38 16
38 13
38 43
38 46
38 47
38 15
38 4
38 8
38 28
38 22
38 0
38 3
38 9
38 34
24
39 31
39 2
39 15
39 29
39 35
39 3
39 14
39 36
39 30
39 42
39 18
39 26
39 0
39 40
39 21
39 27
39 6
39 8
39 17
39 45
39 34
39 25
39 16
39 46
22
40 21
40 11
40 4
40 44
40 14
40 5
40 20
40 48
40 34
40 35
40 37
40 17
40 28
40 16
40 27
40 19
40 32
40 36
40 3
40 9
40 43
40 1
15
41 32
41 33
41 24
41 1
41 47
41 11
41 49
41 48
41 12
41 27
41 26
41 46
41 5
41 21
41 37
23
42 40
42 13
42 43
42 19
42 46
42 32
42 11
42 21
42 48
42 49
42 12
42 0
42 30
42 36
42 44
42 16
42 14
42 23
42 26
42 17
42 10
42 38
42 2
13
43 33
43 11
43 35
43 14
43 24
43 21
43 34
43 0
43 32
43 18
43 30
43 27
43 19
16
44 1
44 27
44 28
44 22
44 8
44 9
44 5
44 15
44 43
44 38
44 32
44 35
44 34
44 21
44 31
44 13
23
45 43
45 3
45 11
45 1
45 0
45 42
45 38
45 18
45 21
45 36
45 10
45 14
45 40
45 12
45 47
45 44
45 34
45 26
45 37
45 29
45 35
45 41
45 16
24
46 17
46 9
46 20
46 19
46 14
46 11
46 1
46 33
46 4
46 29
46 5
46 12
46 30
46 43
46 25
46 32
46 40
46 36
46 10
46 15
46 34
46 35
46 37
46 27
25
47 39
47 17
47 6
47 48
47 43
47 1
47 36
47 19
47 22
47 21
47 37
47 34
47 15
47 7
47 35
47 42
47 33
47 44
47 11
47 2
47 5
47 23
47 14
47 26
47 16
23
48 13
48 49
48 10
48 15
48 37
48 31
48 11
48 12
48 23
48 44
48 45
48 46
48 29
48 30
48 34
48 16
48 24
48 2
48 27
48 0
48 20
48 7
48 9
18
49 47
49 32
49 25
49 46
49 4
49 9
49 45
49 34
49 38
49 35
49 44
49 26
49 40
49 22
49 2
49 0
49 24
49 21
