50
0 "A29"
1 "A17"
2 "A23"
3 "A47"
4 "A8"
5 "A14"
6 "A39"
7 "A28"
8 "A9"
9 "A37"
10 "A41"
11 "A10"
12 "A5"
13 "A49"
14 "A43"
15 "A34"
16 "A31"
17 "A12"
18 "A3"
19 "A7"
20 "A30"
21 "A24"
22 "A16"
23 "A1"
24 "A44"
25 "A25"
26 "A46"
27 "A4"
28 "A27"
29 "A35"
30 "A2"
31 "A11"
32 "A21"
33 "A20"
34 "A45"
35 "A48"
36 "A38"
37 "A13"
38 "A0"
39 "A19"
40 "A22"
41 "A42"
42 "A32"
43 "A40"
44 "A18"
45 "A33"
46 "A36"
47 "A6"
48 "A26"
49 "A15"
22
0 46
0 8
0 36
0 21
0 4
0 15
0 19
0 5
0 17
0 18
0 6
0 28
0 23
0 29
0 31
0 24
0 43
0 33
0 45
0 47
0 2
0 9
14
1 41
1 6
1 44
1 35
1 14
1 37
1 38
1 29
1 22
1 0
1 5
1 3
1 46
1 34
22
2 4
2 30
2 15
2 8
2 28
2 22
2 47
2 3
2 27
2 34
2 21
2 7
2 37
2 11
2 5
2 31
2 25
2 45
2 36
2 43
2 1
2 39
21
3 8
3 25
3 37
3 26
3 12
3 9
3 38
3 48
3 6
3 45
3 47
3 43
3 22
3 34
3 30
3 20
3 40
3 10
3 0
3 13
3 28
20
4 30
4 28
4 23
4 47
4 35
4 3
4 43
4 8
4 6
4 41
4 9
4 15
4 31
4 32
4 24
4 34
4 40
4 27
4 7
4 21
21
5 21
5 39
5 12
5 45
5 25
5 26
5 40
5 33
5 17
5 15
5 42
5 14
5 37
5 16
5 31
5 22
5 10
5 8
5 43
5 19
5 9
22
6 45
6 32
6 13
6 7
6 9
6 24
6 11
6 27
6 40
6 39
6 42
6 41
6 35
6 17
6 49
6 19
6 2
6 26
6 31
6 38
6 48
6 16
22
7 26
7 45
7 24
7 1
7 19
7 16
7 42
7 14
7 11
7 40
7 15
7 49
7 17
7 5
7 25
7 3
7 43
7 12
7 36
7 39
7 13
7 0
14
8 25
8 33
8 9
8 37
8 11
8 34
8 22
8 48
8 35
8 28
8 13
8 42
8 7
8 40
17
9 35
9 1
9 12
9 43
9 20
9 17
9 14
9 30
9 38
9 40
9 16
9 15
9 47
9 10
9 42
9 25
9 41
19
10 43
10 21
10 0
10 29
10 2
10 14
10 33
10 13
10 36
10 40
10 44
10 1
10 28
10 41
10 17
10 46
10 7
10 26
10 45
18
11 28
11 34
11 5
11 44
11 23
11 32
11 4
11 10
11 41
11 31
11 16
11 9
11 0
11 39
11 1
11 21
11 14
11 30
23
12 10
12 8
12 45
12 29
12 18
12 17
12 49
12 20
12 2
12 48
12 21
12 15
12 26
12 34
12 14
12 1
12 19
12 39
12 0
12 40
12 47
12 30
12 43
18
13 49
13 22
13 27
13 41
13 11
13 48
13 12
13 32
13 14
13 0
13 18
13 24
13 44
13 23
13 39
13 15
13 2
13 31
23
14 38
14 29
14 25
14 18
14 37
14 8
14 6
14 19
14 24
14 36
14 20
14 30
14 48
14 43
14 44
14 41
14 28
14 2
14 4
14 32
14 0
14 3
14 15
17
15 21
15 26
15 8
15 31
15 6
15 10
15 11
15 49
15 19
15 43
15 40
15 27
15 25
15 16
15 1
15 46
15 30
26
16 3
16 33
16 38
16 34
16 44
16 45
16 4
16 46
16 2
16 27
16 32
16 10
16 43
16 1
16 8
16 41
16 12
16 48
16 17
16 0
16 13
16 36
16 19
16 14
16 25
16 47
16
17 21
17 13
17 48
17 8
17 31
17 11
17 37
17 49
17 22
17 47
17 36
17 24
17 34
17 2
17 26
17 14
18
18 47
18 2
18 41
18 49
18 21
18 3
18 32
18 34
18 46
18 19
18 7
18 6
18 30
18 11
18 16
18 40
18 42
18 44
20
19 21
19 44
19 4
19 36
19 49
19 28
19 3
19 1
19 13
19 34
19 39
19 26
19 38
19 32
19 45
19 43
19 47
19 2
19 23
19 9
18
20 13
20 18
20 23
20 49
20 28
20 16
20 41
20 45
20 15
20 5
20 2
20 34
20 0
20 7
20 30
20 17
20 19
20 8
21
21 23
21 16
21 3
21 29
21 37
21 1
21 6
21 13
21 33
21 43
21 38
21 9
21 34
21 24
21 42
21 46
21 31
21 14
21 45
21 36
21 7
22
22 40
22 25
22 42
22 12
22 20
22 31
22 30
22 9
22 0
22 4
22 6
22 48
22 21
22 16
22 18
22 26
22 44
22 29
22 7
22 10
22 19
22 28
17
23 7
23 10
23 17
23 39
23 47
23 9
23 49
23 40
23 44
23 18
23 1
23 30
23 27
23 36
23 3
23 15
23 24
17
24 41
24 35
24 38
24 43
24 15
24 31
24 9
24 19
24 10
24 5
24 28
24 3
24 22
24 32
24 16
24 48
24 11
14
25 4
25 18
25 33
25 10
25 39
25 1
25 23
25 40
25 44
25 45
25 21
25 12
25 24
25 13
14
26 24
26 33
26 8
26 42
26 37
26 38
26 21
26 11
26 9
26 14
26 16
26 35
26 0
26 40
21
27 22
27 36
27 17
27 49
27 5
27 21
27 45
27 38
27 8
27 41
27 0
27 3
27 1
27 26
27 9
27 11
27 48
27 42
27 35
27 20
27 24
16
28 16
28 34
28 15
28 23
28 12
28 25
28 46
28 13
28 6
28 9
28 45
28 43
28 5
28 48
28 38
28 41
23
29 23
29 34
29 17
29 7
29 35
29 5
29 16
29 39
29 3
29 2
29 36
29 24
29 41
29 9
29 47
29 8
29 13
29 27
29 11
29 4
29 44
29 19
29 6
22
30 6
30 21
30 44
30 35
30 7
30 13
30 8
30 45
30 49
30 17
30 43
30 33
30 19
30 40
30 5
30 28
30 27
30 0
30 16
30 26
30 31
30 37
25
31 12
31 45
31 8
31 48
31 47
31 28
31 35
31 7
31 1
31 38
31 3
31 14
31 40
31 20
31 44
31 29
31 27
31 36
31 10
31 25
31 46
31 43
31 39
31 49
31 41
22
32 42
32 47
32 49
32 38
32 25
32 26
32 34
32 12
32 35
32 33
32 48
32 36
32 37
32 9
32 29
32 31
32 3
32 17
32 1
32 2
32 20
32 30
27
33 1
33 44
33 35
33 14
33 3
33 24
33 12
33 23
33 28
33 31
33 15
33 11
33 36
33 6
33 34
33 18
33 4
33 27
33 17
33 46
33 7
33 13
33 45
33 49
33 42
33 22
33 38
13
34 41
34 5
34 0
34 6
34 15
34 36
34 30
34 39
34 48
34 49
34 22
34 7
34 45
20
35 19
35 36
35 21
35 14
35 17
35 42
35 23
35 25
35 48
35 20
35 37
35 5
35 22
35 15
35 44
35 16
35 7
35 10
35 13
35 2
17
36 13
36 41
36 20
36 39
36 18
36 26
36 1
36 24
36 5
36 45
36 46
36 47
36 22
36 25
36 9
36 8
36 30
21
37 12
37 0
37 10
37 29
37 11
37 19
37 43
37 48
37 33
37 44
37 22
37 25
37 27
37 4
37 38
37 41
37 18
37 13
37 45
37 46
37 24
25
38 45
38 8
38 4
38 0
38 39
38 35
38 5
38 44
38 13
38 30
38 2
38 15
38 17
38 34
38 20
38 40
38 41
38 49
38 25
38 12
38 11
38 47
38 22
38 7
38 29
22
39 49
39 15
39 18
39 14
39 35
39 3
39 24
39 26
39 9
39 43
39 28
39 40
39 30
39 20
39 21
39 16
39 17
39 0
39 33
39 22
39 37
39 1
18
40 44
40 35
40 16
40 20
40 48
40 43
40 2
40 24
40 28
40 34
40 17
40 29
40 14
40 37
40 49
40 36
40 27
40 47
22
41 23
41 17
41 22
41 12
41 48
41 25
41 35
41 8
41 2
41 21
41 5
41 19
41 49
41 32
41 44
41 30
41 15
41 45
41 46
41 40
41 0
41 33
21
42 31
42 2
42 28
42 14
42 34
42 24
42 38
42 40
42 15
42 43
42 13
42 11
42 41
42 16
42 37
42 36
42 17
42 1
42 10
42 3
42 20
15
43 20
43 32
43 26
43 41
43 33
43 22
43 34
43 1
43 11
43 6
43 27
43 29
43 36
43 47
43 8
19
44 5
44 9
44 2
44 17
44 20
44 49
44 32
44 6
44 15
44 46
44 28
44 34
44 27
44 21
44 3
44 0
44 36
44 47
44 43
18
45 42
45 40
45 44
45 43
45 24
45 1
45 26
45 15
45 11
45 14
45 9
45 47
45 8
45 29
45 17
45 32
45 46
45 35
21
46 34
46 7
46 19
46 3
46 9
46 43
46 24
46 2
46 14
46 27
46 38
46 29
46 5
46 30
46 22
46 48
46 32
46 17
46 8
46 47
46 20
17
47 11
47 7
47 33
47 28
47 1
47 30
47 15
47 25
47 35
47 21
47 6
47 34
47 10
47 41
47 13
47 37
47 8
22
48 1
48 15
48 47
48 39
48 11
48 30
48 9
48 25
48 21
48 23
48 44
48 0
48 4
48 49
48 19
48 43
48 20
48 38
48 33
48 5
48 10
48 36
17
49 25
49 21
49 46
49 35
49 16
49 47
49 3
49 29
49 2
49 10
49 8
49 26
49 22
49 45
49 11
49 4
49 0
