50
0 "A11"
1 "A6"
2 "A49"
3 "A19"
4 "A37"
5 "A38"
6 "A40"
7 "A25"
8 "A2"
9 "A32"
10 "A17"
11 "A27"
12 "A3"
13 "A41"
14 "A14"
15 "A15"
16 "A30"
17 "A21"
18 "A45"
19 "A46"
20 "A39"
21 "A1"
22 "A10"
23 "A13"
24 "A5"
25 "A16"
26 "A48"
27 "A22"
28 "A26"
29 "A36"
30 "A12"
31 "A7"
32 "A24"
33 "A9"
34 "A23"
35 "A8"
36 "A28"
37 "A35"
38 "A20"
39 "A42"
40 "A34"
41 "A4"
42 "A43"
43 "A18"
44 "A44"
45 "A33"
46 "A47"
47 "A0"
48 "A29"
49 "A31"
11
0 30
0 42
0 11
0 36
0 16
0 38
0 46
0 24
0 49
0 48
0 22
18
1 39
1 25
1 35
1 7
1 37
1 8
1 0
1 10
1 20
1 44
1 49
1 32
1 38
1 34
1 31
1 14
1 9
1 4
13
2 43
2 7
2 16
2 38
2 6
2 31
2 28
2 48
2 27
2 37
2 40
2 5
2 26
21
3 48
3 6
3 39
3 7
3 18
3 15
3 1
3 17
3 20
3 41
3 34
3 12
3 44
3 26
3 5
3 32
3 4
3 19
3 40
3 47
3 35
18
4 9
4 18
4 30
4 14
4 43
4 22
4 27
4 40
4 20
4 47
4 11
4 35
4 39
4 37
4 33
4 24
4 25
4 13
23
5 37
5 1
5 32
5 21
5 10
5 20
5 48
5 7
5 33
5 16
5 49
5 34
5 15
5 19
5 25
5 8
5 14
5 35
5 29
5 26
5 4
5 0
5 46
25
6 35
6 22
6 28
6 43
6 15
6 19
6 1
6 0
6 44
6 24
6 7
6 18
6 48
6 8
6 16
6 20
6 34
6 41
6 26
6 32
6 29
6 10
6 46
6 12
6 25
17
7 37
7 48
7 34
7 49
7 10
7 42
7 36
7 21
7 32
7 41
7 8
7 46
7 27
7 26
7 11
7 24
7 12
22
8 30
8 19
8 38
8 20
8 41
8 25
8 11
8 40
8 0
8 45
8 17
8 49
8 10
8 34
8 47
8 16
8 2
8 28
8 31
8 14
8 15
8 29
22
9 3
9 6
9 37
9 20
9 25
9 14
9 16
9 32
9 38
9 2
9 22
9 21
9 15
9 41
9 18
9 48
9 27
9 0
9 30
9 23
9 43
9 46
14
10 20
10 39
10 16
10 36
10 14
10 4
10 34
10 12
10 0
10 2
10 25
10 3
10 35
10 42
16
11 13
11 12
11 14
11 29
11 5
11 3
11 20
11 26
11 1
11 31
11 45
11 17
11 40
11 42
11 39
11 32
20
12 38
12 8
12 2
12 20
12 18
12 23
12 17
12 4
12 39
12 40
12 36
12 13
12 21
12 27
12 46
12 16
12 44
12 25
12 22
12 1
22
13 28
13 39
13 3
13 23
13 40
13 45
13 2
13 1
13 22
13 43
13 14
13 7
13 5
13 26
13 10
13 17
13 9
13 30
13 36
13 41
13 25
13 8
17
14 3
14 27
14 7
14 37
14 6
14 0
14 20
14 16
14 21
14 26
14 33
14 29
14 46
14 32
14 25
14 22
14 23
23
15 21
15 24
15 44
15 43
15 2
15 12
15 45
15 27
15 39
15 48
15 0
15 4
15 33
15 41
15 19
15 40
15 20
15 49
15 35
15 11
15 1
15 31
15 10
21
16 48
16 3
16 49
16 36
16 7
16 31
16 41
16 1
16 27
16 38
16 39
16 46
16 23
16 30
16 45
16 44
16 4
16 24
16 25
16 13
16 42
25
17 2
17 35
17 19
17 5
17 31
17 1
17 18
17 47
17 28
17 16
17 24
17 39
17 44
17 29
17 32
17 30
17 6
17 20
17 42
17 0
17 43
17 9
17 23
17 27
17 14
21
18 19
18 11
18 21
18 7
18 14
18 32
18 28
18 1
18 23
18 40
18 39
18 16
18 10
18 49
18 38
18 37
18 27
18 48
18 34
18 42
18 44
22
19 49
19 25
19 2
19 47
19 28
19 16
19 9
19 30
19 7
19 27
19 11
19 0
19 21
19 42
19 45
19 46
19 12
19 24
19 10
19 33
19 41
19 14
20
20 23
20 13
20 36
20 30
20 19
20 26
20 24
20 42
20 43
20 25
20 28
20 2
20 45
20 41
20 44
20 34
20 29
20 21
20 7
20 16
10
21 8
21 11
21 36
21 49
21 1
21 41
21 29
21 39
21 13
21 48
18
22 8
22 10
22 21
22 46
22 7
22 24
22 29
22 30
22 34
22 5
22 35
22 1
22 18
22 19
22 48
22 3
22 20
22 11
20
23 21
23 37
23 10
23 26
23 1
23 27
23 47
23 8
23 7
23 36
23 5
23 48
23 3
23 6
23 11
23 28
23 2
23 29
23 22
23 49
13
24 1
24 31
24 41
24 13
24 10
24 42
24 21
24 11
24 25
24 2
24 9
24 8
24 30
19
25 39
25 3
25 22
25 46
25 31
25 40
25 15
25 37
25 0
25 26
25 34
25 36
25 18
25 32
25 49
25 29
25 23
25 44
25 11
16
26 48
26 9
26 8
26 43
26 47
26 16
26 4
26 21
26 41
26 29
26 12
26 10
26 1
26 0
26 44
26 15
23
27 44
27 42
27 39
27 11
27 32
27 0
27 46
27 49
27 21
27 35
27 22
27 1
27 47
27 13
27 29
27 8
27 25
27 24
27 45
27 10
27 20
27 3
27 26
20
28 11
28 30
28 29
28 9
28 3
28 46
28 22
28 49
28 15
28 27
28 4
28 47
28 36
28 25
28 26
28 10
28 5
28 24
28 32
28 33
21
29 10
29 49
29 13
29 40
29 1
29 45
29 12
29 3
29 4
29 2
29 18
29 48
29 34
29 37
29 33
29 9
29 16
29 32
29 36
29 15
29 19
18
30 42
30 48
30 11
30 29
30 34
30 36
30 25
30 10
30 43
30 6
30 26
30 47
30 14
30 21
30 23
30 2
30 18
30 32
26
31 27
31 34
31 3
31 23
31 22
31 47
31 28
31 40
31 14
31 30
31 32
31 5
31 38
31 39
31 13
31 49
31 10
31 18
31 12
31 41
31 6
31 7
31 42
31 4
31 21
31 20
14
32 8
32 26
32 21
32 41
32 33
32 20
32 23
32 42
32 44
32 40
32 2
32 36
32 13
32 46
22
33 11
33 16
33 0
33 18
33 10
33 21
33 9
33 30
33 46
33 22
33 3
33 2
33 47
33 35
33 25
33 27
33 13
33 17
33 8
33 24
33 7
33 26
18
34 33
34 17
34 49
34 44
34 24
34 9
34 21
34 23
34 19
34 48
34 0
34 15
34 26
34 28
34 2
34 12
34 47
34 4
26
35 14
35 48
35 20
35 19
35 26
35 41
35 44
35 23
35 21
35 16
35 9
35 13
35 29
35 36
35 46
35 28
35 18
35 25
35 34
35 8
35 47
35 24
35 0
35 31
35 30
35 11
18
36 3
36 15
36 22
36 48
36 49
36 37
36 26
36 11
36 33
36 1
36 31
36 9
36 17
36 14
36 18
36 41
36 27
36 24
19
37 27
37 45
37 3
37 26
37 0
37 16
37 48
37 22
37 33
37 17
37 34
37 32
37 24
37 40
37 13
37 35
37 41
37 47
37 20
26
38 14
38 23
38 11
38 5
38 27
38 15
38 34
38 7
38 10
38 42
38 17
38 37
38 40
38 24
38 26
38 35
38 36
38 44
38 25
38 45
38 4
38 32
38 21
38 48
38 29
38 22
22
39 46
39 30
39 32
39 26
39 41
39 5
39 48
39 24
39 38
39 14
39 33
39 2
39 6
39 49
39 8
39 19
39 36
39 37
39 35
39 7
39 22
39 34
19
40 0
40 36
40 24
40 14
40 47
40 17
40 21
40 28
40 41
40 45
40 33
40 30
40 26
40 23
40 22
40 5
40 16
40 39
40 1
21
41 2
41 30
41 10
41 12
41 23
41 47
41 5
41 33
41 42
41 49
41 18
41 1
41 14
41 17
41 4
41 0
41 25
41 28
41 34
41 22
41 44
19
42 37
42 13
42 9
42 48
42 23
42 29
42 49
42 25
42 39
42 36
42 40
42 3
42 14
42 47
42 12
42 26
42 4
42 22
42 5
22
43 16
43 14
43 12
43 27
43 1
43 5
43 22
43 18
43 19
43 31
43 48
43 8
43 10
43 11
43 3
43 24
43 28
43 21
43 45
43 38
43 39
43 41
22
44 8
44 4
44 30
44 0
44 10
44 2
44 46
44 39
44 31
44 43
44 23
44 7
44 13
44 42
44 29
44 19
44 5
44 36
44 9
44 14
44 22
44 33
25
45 3
45 36
45 33
45 12
45 30
45 42
45 18
45 34
45 1
45 9
45 14
45 23
45 6
45 32
45 26
45 10
45 48
45 25
45 35
45 39
45 21
45 28
45 44
45 4
45 22
16
46 43
46 47
46 30
46 34
46 24
46 45
46 2
46 29
46 31
46 1
46 26
46 49
46 41
46 36
46 3
46 10
22
47 32
47 48
47 12
47 9
47 38
47 25
47 36
47 13
47 43
47 7
47 18
47 49
47 1
47 21
47 29
47 22
47 6
47 11
47 45
47 0
47 24
47 39
14
48 1
48 11
48 12
48 40
48 41
48 19
48 17
48 32
48 44
48 20
48 25
48 27
48 46
48 4
20
49 4
49 38
49 45
49 43
49 2
49 12
49 11
49 14
49 33
49 37
49 44
49 6
49 40
49 10
49 35
49 26
49 30
49 3
49 22
49 20
