50
0 "A11"
1 "A6"
2 "A49"
3 "A19"
4 "A37"
5 "A38"
6 "A40"
7 "A25"
8 "A2"
9 "A32"
10 "A17"
11 "A27"
12 "A3"
13 "A41"
14 "A14"
15 "A15"
16 "A30"
17 "A21"
18 "A45"
19 "A46"
20 "A39"
21 "A1"
22 "A10"
23 "A13"
24 "A5"
25 "A16"
26 "A48"
27 "A22"
28 "A26"
29 "A36"
30 "A12"
31 "A7"
32 "A24"
33 "A9"
34 "A23"
35 "A8"
36 "A28"
37 "A35"
38 "A20"
39 "A42"
40 "A34"
41 "A4"
42 "A43"
43 "A18"
44 "A44"
45 "A33"
46 "A47"
47 "A0"
48 "A29"
49 "A31"
21
0 14
0 4
0 40
0 26
0 27
0 19
0 49
0 12
0 37
0 32
0 29
0 41
0 47
0 15
0 39
0 35
0 43
0 20
0 16
0 9
0 34
24
1 35
1 28
1 44
1 10
1 25
1 43
1 47
1 2
1 17
1 19
1 6
1 7
1 40
1 31
1 49
1 29
1 46
1 16
1 13
1 11
1 26
1 0
1 24
1 34
19
2 6
2 4
2 26
2 14
2 30
2 27
2 37
2 35
2 29
2 41
2 13
2 45
2 44
2 36
2 47
2 22
2 24
2 10
2 46
21
3 23
3 27
3 39
3 24
3 13
3 31
3 26
3 48
3 42
3 37
3 40
3 0
3 10
3 34
3 22
3 2
3 47
3 35
3 49
3 1
3 25
21
4 49
4 12
4 16
4 38
4 26
4 19
4 22
4 37
4 15
4 1
4 47
4 36
4 46
4 32
4 48
4 39
4 17
4 41
4 23
4 10
4 11
19
5 11
5 35
5 43
5 12
5 1
5 31
5 17
5 0
5 44
5 46
5 41
5 47
5 37
5 9
5 14
5 4
5 27
5 38
5 49
21
6 21
6 22
6 9
6 45
6 31
6 49
6 20
6 28
6 5
6 0
6 17
6 11
6 3
6 4
6 8
6 13
6 41
6 10
6 15
6 37
6 44
21
7 25
7 12
7 35
7 10
7 2
7 32
7 21
7 38
7 17
7 48
7 6
7 29
7 18
7 44
7 3
7 42
7 43
7 13
7 46
7 5
7 26
17
8 7
8 33
8 34
8 29
8 18
8 48
8 45
8 42
8 39
8 14
8 10
8 36
8 3
8 17
8 20
8 2
8 1
19
9 12
9 20
9 49
9 25
9 45
9 2
9 41
9 36
9 44
9 4
9 31
9 33
9 14
9 8
9 40
9 27
9 1
9 30
9 38
17
10 23
10 5
10 47
10 42
10 28
10 17
10 15
10 29
10 26
10 32
10 46
10 44
10 39
10 45
10 0
10 30
10 16
17
11 17
11 38
11 2
11 39
11 22
11 48
11 21
11 33
11 26
11 25
11 20
11 35
11 0
11 14
11 3
11 15
11 10
19
12 26
12 19
12 25
12 46
12 6
12 48
12 39
12 36
12 28
12 47
12 32
12 3
12 10
12 30
12 29
12 20
12 41
12 45
12 35
22
13 5
13 19
13 9
13 28
13 40
13 34
13 44
13 11
13 31
13 47
13 48
13 37
13 14
13 10
13 0
13 20
13 21
13 24
13 49
13 36
13 12
13 33
20
14 1
14 17
14 43
14 15
14 42
14 32
14 4
14 44
14 12
14 35
14 10
14 31
14 41
14 3
14 6
14 21
14 7
14 29
14 19
14 20
22
15 36
15 2
15 17
15 25
15 35
15 9
15 27
15 8
15 42
15 3
15 48
15 33
15 38
15 13
15 40
15 37
15 47
15 7
15 5
15 18
15 46
15 44
19
16 20
16 2
16 26
16 6
16 9
16 17
16 40
16 28
16 49
16 8
16 14
16 45
16 3
16 27
16 32
16 19
16 18
16 30
16 13
14
17 21
17 34
17 38
17 49
17 31
17 45
17 42
17 28
17 12
17 3
17 43
17 44
17 24
17 23
21
18 36
18 12
18 30
18 26
18 35
18 40
18 9
18 44
18 17
18 4
18 3
18 32
18 37
18 46
18 39
18 14
18 20
18 11
18 0
18 33
18 13
20
19 17
19 27
19 46
19 18
19 20
19 23
19 40
19 2
19 31
19 8
19 24
19 21
19 9
19 29
19 26
19 30
19 10
19 32
19 11
19 25
17
20 41
20 5
20 28
20 27
20 23
20 24
20 2
20 32
20 29
20 17
20 45
20 15
20 40
20 30
20 21
20 26
20 43
22
21 16
21 44
21 4
21 24
21 3
21 1
21 32
21 36
21 29
21 46
21 31
21 18
21 0
21 10
21 12
21 43
21 41
21 28
21 42
21 25
21 8
21 15
26
22 44
22 30
22 17
22 24
22 20
22 37
22 31
22 9
22 48
22 5
22 1
22 14
22 46
22 43
22 18
22 45
22 38
22 19
22 42
22 41
22 7
22 8
22 21
22 25
22 15
22 47
19
23 44
23 42
23 12
23 24
23 33
23 1
23 13
23 9
23 38
23 34
23 2
23 7
23 6
23 32
23 35
23 0
23 27
23 11
23 25
18
24 7
24 48
24 45
24 37
24 11
24 16
24 46
24 14
24 10
24 8
24 29
24 25
24 5
24 4
24 35
24 38
24 44
24 27
14
25 32
25 16
25 18
25 27
25 5
25 13
25 26
25 4
25 39
25 17
25 43
25 37
25 28
25 38
24
26 9
26 35
26 23
26 27
26 40
26 38
26 46
26 36
26 41
26 22
26 21
26 5
26 39
26 15
26 28
26 17
26 30
26 6
26 24
26 43
26 47
26 34
26 44
26 8
23
27 35
27 4
27 48
27 7
27 8
27 21
27 43
27 22
27 42
27 10
27 47
27 31
27 40
27 12
27 14
27 13
27 17
27 45
27 28
27 36
27 18
27 49
27 11
23
28 2
28 32
28 46
28 45
28 8
28 48
28 40
28 14
28 3
28 39
28 22
28 38
28 18
28 36
28 9
28 42
28 35
28 4
28 5
28 7
28 44
28 11
28 37
14
29 35
29 9
29 47
29 48
29 23
29 5
29 11
29 36
29 37
29 34
29 6
29 26
29 13
29 44
22
30 42
30 36
30 27
30 7
30 4
30 11
30 6
30 15
30 48
30 49
30 5
30 0
30 17
30 34
30 24
30 41
30 32
30 1
30 8
30 21
30 35
30 14
21
31 15
31 47
31 4
31 23
31 0
31 20
31 2
31 46
31 16
31 37
31 26
31 11
31 38
31 7
31 25
31 36
31 24
31 40
31 28
31 49
31 12
16
32 6
32 17
32 29
32 13
32 15
32 5
32 3
32 38
32 9
32 1
32 40
32 44
32 22
32 33
32 39
32 8
27
33 30
33 27
33 43
33 1
33 17
33 6
33 3
33 40
33 0
33 22
33 46
33 20
33 12
33 10
33 16
33 25
33 35
33 48
33 29
33 5
33 7
33 37
33 34
33 45
33 2
33 41
33 21
24
34 10
34 22
34 35
34 16
34 40
34 24
34 36
34 15
34 18
34 28
34 7
34 42
34 6
34 19
34 38
34 9
34 45
34 44
34 20
34 11
34 25
34 14
34 21
34 31
16
35 21
35 32
35 47
35 20
35 25
35 49
35 45
35 16
35 48
35 44
35 37
35 6
35 22
35 39
35 46
35 4
16
36 47
36 14
36 1
36 33
36 11
36 7
36 32
36 5
36 6
36 17
36 25
36 19
36 49
36 16
36 44
36 24
17
37 11
37 20
37 9
37 21
37 19
37 14
37 12
37 26
37 10
37 23
37 36
37 39
37 8
37 17
37 7
37 41
37 43
19
38 29
38 45
38 16
38 33
38 6
38 39
38 18
38 0
38 3
38 20
38 40
38 8
38 12
38 14
38 27
38 48
38 19
38 10
38 37
19
39 2
39 27
39 30
39 1
39 47
39 17
39 24
39 48
39 45
39 15
39 19
39 20
39 40
39 5
39 22
39 29
39 42
39 7
39 36
18
40 22
40 29
40 35
40 48
40 7
40 10
40 37
40 47
40 45
40 17
40 2
40 14
40 43
40 24
40 30
40 11
40 6
40 25
22
41 28
41 43
41 3
41 45
41 10
41 40
41 31
41 7
41 15
41 11
41 8
41 34
41 23
41 19
41 18
41 35
41 29
41 49
41 24
41 36
41 38
41 16
20
42 25
42 5
42 32
42 0
42 19
42 36
42 26
42 49
42 33
42 4
42 16
42 24
42 35
42 31
42 12
42 18
42 48
42 38
42 40
42 1
24
43 35
43 19
43 49
43 42
43 29
43 45
43 32
43 31
43 39
43 16
43 30
43 6
43 18
43 46
43 23
43 9
43 8
43 38
43 4
43 13
43 24
43 15
43 12
43 2
16
44 33
44 40
44 37
44 42
44 46
44 3
44 41
44 30
44 39
44 16
44 27
44 49
44 4
44 0
44 12
44 43
16
45 46
45 26
45 3
45 5
45 49
45 19
45 18
45 11
45 4
45 7
45 1
45 44
45 31
45 37
45 23
45 21
16
46 3
46 30
46 41
46 49
46 29
46 8
46 39
46 13
46 36
46 11
46 16
46 47
46 40
46 25
46 17
46 32
16
47 37
47 6
47 32
47 45
47 38
47 9
47 19
47 11
47 43
47 33
47 18
47 21
47 20
47 24
47 34
47 23
17
48 43
48 36
48 16
48 46
48 19
48 23
48 47
48 26
48 44
48 45
48 2
48 5
48 14
48 17
48 31
48 6
48 25
24
49 15
49 18
49 29
49 21
49 10
49 8
49 33
49 22
49 38
49 23
49 37
49 32
49 19
49 26
49 40
49 24
49 25
49 12
49 20
49 48
49 28
49 11
49 34
49 47
