50
0 "A11"
1 "A6"
2 "A49"
3 "A19"
4 "A37"
5 "A38"
6 "A40"
7 "A25"
8 "A2"
9 "A32"
10 "A17"
11 "A27"
12 "A3"
13 "A41"
14 "A14"
15 "A15"
16 "A30"
17 "A21"
18 "A45"
19 "A46"
20 "A39"
21 "A1"
22 "A10"
23 "A13"
24 "A5"
25 "A16"
26 "A48"
27 "A22"
28 "A26"
29 "A36"
30 "A12"
31 "A7"
32 "A24"
33 "A9"
34 "A23"
35 "A8"
36 "A28"
37 "A35"
38 "A20"
39 "A42"
40 "A34"
41 "A4"
42 "A43"
43 "A18"
44 "A44"
45 "A33"
46 "A47"
47 "A0"
48 "A29"
49 "A31"
19
0 16
0 32
0 38
0 43
0 12
0 39
0 4
0 28
0 15
0 35
0 41
0 19
0 20
0 14
0 34
0 25
0 44
0 36
0 40
25
1 26
1 48
1 6
1 44
1 10
1 25
1 33
1 38
1 2
1 37
1 49
1 12
1 28
1 0
1 29
1 21
1 46
1 31
1 4
1 16
1 13
1 36
1 32
1 30
1 19
18
2 0
2 12
2 35
2 20
2 43
2 27
2 41
2 30
2 17
2 5
2 44
2 9
2 32
2 13
2 24
2 10
2 6
2 4
25
3 48
3 28
3 23
3 10
3 42
3 24
3 31
3 36
3 37
3 32
3 34
3 27
3 2
3 16
3 39
3 26
3 22
3 13
3 29
3 33
3 40
3 0
3 25
3 43
3 1
24
4 11
4 49
4 38
4 34
4 20
4 8
4 44
4 26
4 46
4 37
4 39
4 32
4 13
4 17
4 36
4 22
4 16
4 33
4 48
4 5
4 14
4 41
4 12
4 40
18
5 1
5 44
5 17
5 3
5 6
5 0
5 40
5 42
5 38
5 20
5 9
5 41
5 46
5 19
5 34
5 35
5 37
5 12
18
6 17
6 15
6 37
6 21
6 30
6 0
6 4
6 9
6 10
6 44
6 3
6 31
6 42
6 11
6 18
6 25
6 35
6 41
22
7 9
7 35
7 10
7 2
7 32
7 13
7 42
7 6
7 41
7 47
7 44
7 46
7 11
7 49
7 27
7 3
7 5
7 16
7 29
7 19
7 43
7 1
18
8 25
8 7
8 28
8 33
8 34
8 0
8 39
8 2
8 29
8 3
8 17
8 41
8 36
8 6
8 5
8 16
8 20
8 11
20
9 48
9 12
9 49
9 41
9 20
9 1
9 31
9 30
9 8
9 36
9 17
9 46
9 4
9 45
9 10
9 27
9 34
9 22
9 38
9 47
20
10 29
10 39
10 0
10 21
10 44
10 32
10 22
10 43
10 38
10 25
10 17
10 31
10 5
10 16
10 13
10 30
10 36
10 35
10 46
10 45
14
11 39
11 21
11 3
11 48
11 28
11 43
11 22
11 33
11 45
11 36
11 38
11 10
11 25
11 41
18
12 22
12 8
12 10
12 6
12 7
12 41
12 33
12 45
12 19
12 26
12 14
12 34
12 20
12 11
12 28
12 15
12 16
12 39
22
13 37
13 0
13 41
13 28
13 31
13 20
13 24
13 36
13 17
13 47
13 5
13 48
13 9
13 18
13 12
13 26
13 34
13 25
13 8
13 44
13 14
13 38
21
14 19
14 9
14 8
14 17
14 28
14 20
14 6
14 42
14 32
14 29
14 35
14 47
14 10
14 40
14 11
14 26
14 2
14 43
14 15
14 7
14 3
23
15 38
15 46
15 13
15 36
15 2
15 17
15 25
15 27
15 18
15 4
15 22
15 9
15 41
15 47
15 3
15 5
15 33
15 35
15 40
15 8
15 30
15 7
15 42
18
16 6
16 40
16 29
16 47
16 22
16 5
16 30
16 27
16 13
16 11
16 9
16 18
16 39
16 42
16 14
16 45
16 2
16 26
14
17 45
17 43
17 41
17 23
17 3
17 7
17 1
17 16
17 12
17 38
17 34
17 49
17 20
17 44
19
18 9
18 2
18 0
18 3
18 12
18 1
18 10
18 17
18 8
18 29
18 44
18 4
18 32
18 14
18 20
18 33
18 37
18 11
18 30
22
19 8
19 33
19 35
19 32
19 24
19 20
19 40
19 4
19 38
19 49
19 26
19 23
19 42
19 18
19 21
19 30
19 15
19 11
19 10
19 6
19 17
19 3
17
20 36
20 28
20 3
20 41
20 40
20 24
20 29
20 44
20 32
20 26
20 46
20 27
20 16
20 23
20 31
20 35
20 25
22
21 12
21 4
21 15
21 8
21 36
21 23
21 7
21 14
21 13
21 25
21 33
21 5
21 32
21 18
21 46
21 49
21 38
21 9
21 31
21 41
21 28
21 0
25
22 23
22 24
22 47
22 8
22 31
22 37
22 1
22 42
22 48
22 30
22 38
22 41
22 19
22 43
22 7
22 14
22 21
22 5
22 0
22 44
22 2
22 18
22 28
22 13
22 46
24
23 38
23 35
23 25
23 27
23 7
23 32
23 1
23 28
23 16
23 18
23 34
23 39
23 0
23 8
23 24
23 46
23 36
23 5
23 26
23 13
23 4
23 45
23 40
23 12
20
24 5
24 38
24 44
24 17
24 6
24 7
24 48
24 0
24 27
24 18
24 25
24 10
24 1
24 21
24 11
24 16
24 12
24 46
24 4
24 35
19
25 19
25 37
25 32
25 16
25 27
25 45
25 7
25 43
25 44
25 5
25 17
25 12
25 41
25 18
25 26
25 47
25 38
25 9
25 31
22
26 46
26 43
26 34
26 44
26 28
26 17
26 36
26 27
26 40
26 7
26 38
26 30
26 5
26 47
26 21
26 39
26 8
26 15
26 11
26 6
26 10
26 0
23
27 4
27 48
27 45
27 47
27 8
27 36
27 22
27 41
27 21
27 42
27 32
27 31
27 10
27 28
27 14
27 5
27 13
27 34
27 1
27 19
27 11
27 37
27 40
15
28 40
28 45
28 47
28 48
28 32
28 25
28 2
28 44
28 33
28 24
28 5
28 18
28 19
28 46
28 36
21
29 37
29 11
29 17
29 9
29 44
29 48
29 4
29 12
29 0
29 23
29 24
29 15
29 34
29 5
29 38
29 13
29 6
29 19
29 30
29 49
29 26
22
30 13
30 28
30 38
30 7
30 49
30 48
30 5
30 21
30 3
30 35
30 24
30 23
30 17
30 27
30 43
30 31
30 47
30 32
30 45
30 8
30 36
30 42
15
31 26
31 28
31 4
31 2
31 44
31 16
31 40
31 5
31 37
31 33
31 48
31 29
31 46
31 14
31 36
17
32 17
32 12
32 41
32 15
32 11
32 48
32 5
32 13
32 6
32 33
32 34
32 35
32 38
32 22
32 45
32 8
32 40
21
33 17
33 40
33 0
33 46
33 22
33 9
33 34
33 41
33 7
33 29
33 24
33 20
33 37
33 45
33 30
33 27
33 13
33 43
33 2
33 6
33 25
20
34 24
34 7
34 15
34 31
34 14
34 38
34 20
34 48
34 30
34 10
34 28
34 2
34 44
34 6
34 22
34 35
34 39
34 36
34 21
34 40
17
35 21
35 29
35 46
35 8
35 31
35 16
35 37
35 4
35 48
35 33
35 1
35 26
35 25
35 17
35 49
35 44
35 43
15
36 22
36 46
36 7
36 2
36 32
36 5
36 25
36 16
36 19
36 44
36 17
36 35
36 29
36 47
36 40
21
37 24
37 8
37 14
37 10
37 36
37 7
37 30
37 9
37 20
37 41
37 34
37 26
37 12
37 15
37 28
37 16
37 17
37 39
37 19
37 40
37 11
16
38 33
38 20
38 35
38 49
38 3
38 46
38 48
38 27
38 18
38 37
38 14
38 45
38 6
38 41
38 12
38 8
25
39 35
39 25
39 32
39 5
39 30
39 36
39 14
39 2
39 13
39 47
39 38
39 24
39 27
39 45
39 15
39 7
39 20
39 48
39 22
39 33
39 19
39 41
39 17
39 9
39 21
19
40 22
40 41
40 12
40 46
40 7
40 35
40 47
40 17
40 18
40 9
40 25
40 2
40 30
40 45
40 13
40 10
40 8
40 1
40 11
18
41 3
41 16
41 18
41 28
41 36
41 30
41 48
41 31
41 42
41 34
41 10
41 24
41 35
41 23
41 19
41 14
41 1
41 29
21
42 38
42 40
42 35
42 23
42 12
42 8
42 33
42 18
42 13
42 36
42 1
42 48
42 43
42 21
42 4
42 24
42 2
42 29
42 11
42 32
42 39
19
43 38
43 12
43 18
43 19
43 9
43 8
43 29
43 32
43 16
43 41
43 27
43 40
43 44
43 39
43 28
43 23
43 47
43 13
43 20
17
44 19
44 46
44 9
44 12
44 40
44 37
44 8
44 3
44 42
44 39
44 16
44 49
44 23
44 27
44 33
44 38
44 14
22
45 49
45 18
45 24
45 21
45 7
45 35
45 46
45 29
45 26
45 41
45 14
45 36
45 13
45 6
45 4
45 19
45 1
45 48
45 15
45 31
45 3
45 2
19
46 41
46 49
46 29
46 8
46 39
46 25
46 14
46 11
46 16
46 18
46 17
46 0
46 32
46 19
46 12
46 27
46 3
46 43
46 30
13
47 46
47 34
47 29
47 8
47 21
47 37
47 4
47 5
47 31
47 12
47 23
47 44
47 24
18
48 7
48 43
48 26
48 2
48 0
48 44
48 33
48 46
48 12
48 18
48 5
48 36
48 17
48 20
48 25
48 23
48 15
48 47
19
49 27
49 37
49 8
49 25
49 11
49 24
49 13
49 10
49 40
49 23
49 33
49 48
49 32
49 12
49 14
49 15
49 0
49 34
49 16
