50
0 "A11"
1 "A6"
2 "A49"
3 "A19"
4 "A37"
5 "A38"
6 "A40"
7 "A25"
8 "A2"
9 "A32"
10 "A17"
11 "A27"
12 "A3"
13 "A41"
14 "A14"
15 "A15"
16 "A30"
17 "A21"
18 "A45"
19 "A46"
20 "A39"
21 "A1"
22 "A10"
23 "A13"
24 "A5"
25 "A16"
26 "A48"
27 "A22"
28 "A26"
29 "A36"
30 "A12"
31 "A7"
32 "A24"
33 "A9"
34 "A23"
35 "A8"
36 "A28"
37 "A35"
38 "A20"
39 "A42"
40 "A34"
41 "A4"
42 "A43"
43 "A18"
44 "A44"
45 "A33"
46 "A47"
47 "A0"
48 "A29"
49 "A31"
25
0 9
0 27
0 39
0 3
0 42
0 32
0 49
0 2
0 5
0 38
0 18
0 34
0 8
0 23
0 43
0 37
0 10
0 41
0 26
0 7
0 14
0 13
0 33
0 29
0 16
16
1 43
1 45
1 14
1 11
1 18
1 26
1 29
1 44
1 41
1 0
1 10
1 24
1 8
1 13
1 47
1 31
17
2 25
2 20
2 46
2 33
2 34
2 17
2 8
2 19
2 30
2 6
2 35
2 31
2 47
2 39
2 23
2 37
2 38
16
3 4
3 9
3 24
3 30
3 42
3 33
3 5
3 36
3 12
3 1
3 2
3 16
3 6
3 45
3 23
3 32
22
4 7
4 19
4 37
4 22
4 5
4 47
4 31
4 24
4 32
4 45
4 40
4 46
4 20
4 16
4 15
4 14
4 13
4 17
4 18
4 2
4 6
4 33
17
5 1
5 23
5 25
5 30
5 17
5 45
5 6
5 49
5 33
5 16
5 47
5 48
5 9
5 44
5 34
5 41
5 14
18
6 45
6 20
6 26
6 13
6 41
6 44
6 1
6 37
6 28
6 33
6 19
6 46
6 10
6 39
6 16
6 43
6 48
6 9
18
7 31
7 46
7 2
7 48
7 16
7 40
7 15
7 5
7 9
7 8
7 30
7 1
7 32
7 28
7 25
7 43
7 13
7 39
23
8 20
8 31
8 25
8 17
8 33
8 11
8 6
8 28
8 5
8 35
8 4
8 47
8 10
8 36
8 37
8 38
8 3
8 49
8 30
8 34
8 13
8 26
8 16
22
9 29
9 21
9 20
9 22
9 32
9 8
9 4
9 17
9 27
9 19
9 2
9 31
9 40
9 48
9 39
9 24
9 1
9 23
9 30
9 18
9 45
9 41
20
10 43
10 36
10 35
10 48
10 24
10 32
10 12
10 23
10 49
10 13
10 9
10 37
10 18
10 30
10 34
10 15
10 20
10 31
10 38
10 26
26
11 35
11 26
11 33
11 41
11 40
11 4
11 44
11 49
11 5
11 30
11 42
11 28
11 21
11 10
11 0
11 9
11 19
11 14
11 38
11 48
11 3
11 32
11 27
11 24
11 43
11 45
17
12 39
12 7
12 6
12 18
12 5
12 19
12 8
12 41
12 37
12 31
12 35
12 47
12 4
12 42
12 2
12 23
12 44
9
13 30
13 11
13 36
13 12
13 9
13 3
13 14
13 15
13 23
19
14 21
14 3
14 29
14 44
14 6
14 41
14 45
14 9
14 19
14 43
14 42
14 10
14 7
14 16
14 36
14 49
14 8
14 24
14 15
18
15 35
15 24
15 3
15 37
15 0
15 1
15 6
15 30
15 44
15 9
15 27
15 19
15 8
15 28
15 5
15 16
15 11
15 34
18
16 22
16 18
16 32
16 34
16 42
16 23
16 39
16 48
16 9
16 40
16 17
16 21
16 46
16 27
16 12
16 45
16 20
16 13
22
17 1
17 10
17 33
17 35
17 37
17 38
17 28
17 40
17 11
17 30
17 13
17 7
17 26
17 49
17 3
17 0
17 24
17 47
17 18
17 15
17 12
17 19
18
18 6
18 3
18 7
18 36
18 48
18 41
18 43
18 15
18 21
18 11
18 29
18 5
18 27
18 8
18 33
18 46
18 14
18 39
17
19 44
19 47
19 13
19 39
19 7
19 16
19 10
19 3
19 25
19 41
19 18
19 45
19 48
19 42
19 33
19 21
19 26
23
20 33
20 37
20 19
20 13
20 21
20 36
20 17
20 48
20 3
20 43
20 15
20 27
20 1
20 11
20 28
20 45
20 44
20 18
20 0
20 40
20 30
20 12
20 7
14
21 13
21 2
21 44
21 49
21 12
21 46
21 6
21 30
21 17
21 1
21 8
21 7
21 37
21 29
23
22 40
22 30
22 1
22 12
22 36
22 46
22 32
22 10
22 18
22 6
22 49
22 15
22 42
22 7
22 20
22 44
22 3
22 14
22 24
22 33
22 28
22 21
22 17
19
23 7
23 20
23 4
23 15
23 6
23 11
23 39
23 42
23 27
23 36
23 22
23 35
23 21
23 8
23 19
23 32
23 1
23 31
23 46
20
24 33
24 45
24 23
24 31
24 48
24 43
24 5
24 0
24 36
24 39
24 49
24 47
24 46
24 2
24 35
24 6
24 21
24 7
24 38
24 8
24
25 14
25 15
25 24
25 47
25 6
25 16
25 18
25 22
25 4
25 23
25 34
25 28
25 26
25 35
25 13
25 9
25 20
25 10
25 45
25 12
25 21
25 0
25 41
25 11
22
26 16
26 20
26 41
26 5
26 23
26 30
26 31
26 32
26 21
26 13
26 22
26 2
26 18
26 4
26 24
26 38
26 43
26 37
26 29
26 35
26 12
26 45
22
27 41
27 42
27 33
27 4
27 7
27 30
27 43
27 47
27 22
27 6
27 19
27 32
27 46
27 24
27 14
27 2
27 8
27 45
27 29
27 34
27 25
27 21
25
28 18
28 42
28 38
28 5
28 48
28 32
28 0
28 16
28 23
28 24
28 39
28 4
28 21
28 9
28 44
28 3
28 43
28 10
28 14
28 36
28 2
28 19
28 13
28 33
28 12
21
29 37
29 10
29 20
29 36
29 5
29 4
29 13
29 11
29 19
29 6
29 23
29 12
29 17
29 3
29 41
29 38
29 24
29 7
29 8
29 43
29 15
16
30 25
30 42
30 31
30 29
30 40
30 28
30 44
30 1
30 47
30 33
30 16
30 4
30 24
30 49
30 0
30 14
21
31 13
31 14
31 18
31 43
31 11
31 16
31 39
31 28
31 25
31 38
31 37
31 17
31 19
31 15
31 29
31 6
31 36
31 21
31 27
31 3
31 0
18
32 18
32 20
32 6
32 1
32 31
32 40
32 25
32 12
32 5
32 42
32 19
32 49
32 2
32 38
32 30
32 21
32 29
32 24
13
33 32
33 38
33 9
33 29
33 26
33 48
33 35
33 39
33 21
33 40
33 44
33 42
33 10
23
34 31
34 9
34 21
34 7
34 6
34 46
34 20
34 12
34 18
34 17
34 38
34 26
34 22
34 13
34 29
34 11
34 41
34 42
34 32
34 23
34 4
34 3
34 28
21
35 3
35 19
35 44
35 20
35 22
35 30
35 37
35 9
35 21
35 42
35 28
35 6
35 41
35 4
35 32
35 29
35 39
35 13
35 36
35 34
35 1
17
36 4
36 30
36 34
36 2
36 7
36 39
36 48
36 32
36 1
36 12
36 11
36 16
36 0
36 49
36 42
36 27
36 9
15
37 1
37 45
37 9
37 3
37 40
37 19
37 13
37 18
37 14
37 24
37 22
37 23
37 30
37 32
37 36
24
38 16
38 46
38 37
38 42
38 1
38 48
38 44
38 15
38 45
38 36
38 5
38 25
38 14
38 13
38 23
38 7
38 12
38 22
38 41
38 35
38 4
38 30
38 9
38 40
21
39 40
39 3
39 25
39 17
39 11
39 48
39 20
39 5
39 22
39 13
39 37
39 38
39 30
39 14
39 26
39 47
39 43
39 15
39 32
39 8
39 34
14
40 24
40 25
40 3
40 23
40 27
40 8
40 19
40 34
40 36
40 12
40 0
40 2
40 49
40 10
18
41 28
41 33
41 21
41 3
41 37
41 10
41 42
41 23
41 36
41 39
41 30
41 44
41 49
41 45
41 48
41 32
41 15
41 8
21
42 4
42 47
42 49
42 17
42 20
42 29
42 18
42 25
42 9
42 43
42 15
42 21
42 7
42 8
42 39
42 6
42 2
42 31
42 24
42 10
42 13
25
43 30
43 35
43 9
43 3
43 33
43 23
43 12
43 32
43 2
43 44
43 34
43 17
43 45
43 4
43 40
43 47
43 21
43 46
43 41
43 5
43 22
43 13
43 15
43 8
43 37
21
44 4
44 47
44 18
44 26
44 17
44 32
44 23
44 27
44 9
44 40
44 10
44 7
44 46
44 2
44 8
44 34
44 0
44 42
44 39
44 3
44 37
17
45 30
45 22
45 39
45 23
45 34
45 17
45 42
45 40
45 8
45 13
45 21
45 7
45 48
45 35
45 0
45 2
45 47
17
46 10
46 47
46 45
46 8
46 3
46 15
46 14
46 49
46 30
46 13
46 1
46 37
46 28
46 20
46 11
46 42
46 33
22
47 33
47 11
47 3
47 14
47 36
47 18
47 40
47 15
47 0
47 38
47 16
47 29
47 35
47 10
47 21
47 26
47 41
47 32
47 28
47 23
47 31
47 13
22
48 14
48 31
48 46
48 26
48 17
48 29
48 27
48 37
48 1
48 49
48 2
48 23
48 34
48 44
48 30
48 21
48 25
48 8
48 35
48 47
48 0
48 42
23
49 38
49 12
49 9
49 28
49 4
49 33
49 37
49 13
49 47
49 23
49 7
49 19
49 15
49 16
49 31
49 27
49 2
49 45
49 43
49 26
49 20
49 29
49 3
