50
0 "A5"
1 "A10"
2 "A45"
3 "A33"
4 "A19"
5 "A35"
6 "A47"
7 "A12"
8 "A21"
9 "A43"
10 "A40"
11 "A28"
12 "A36"
13 "A41"
14 "A27"
15 "A34"
16 "A17"
17 "A23"
18 "A31"
19 "A46"
20 "A2"
21 "A49"
22 "A14"
23 "A44"
24 "A6"
25 "A9"
26 "A48"
27 "A18"
28 "A30"
29 "A4"
30 "A25"
31 "A26"
32 "A29"
33 "A42"
34 "A22"
35 "A1"
36 "A15"
37 "A8"
38 "A7"
39 "A24"
40 "A39"
41 "A0"
42 "A16"
43 "A38"
44 "A13"
45 "A3"
46 "A37"
47 "A11"
48 "A20"
49 "A32"
23
0 27
0 34
0 35
0 11
0 36
0 2
0 47
0 26
0 32
0 9
0 42
0 44
0 8
0 15
0 30
0 22
0 39
0 24
0 23
0 3
0 45
0 17
0 29
15
1 2
1 23
1 48
1 26
1 41
1 28
1 3
1 16
1 47
1 6
1 15
1 44
1 32
1 38
1 25
18
2 35
2 13
2 9
2 5
2 6
2 20
2 43
2 45
2 31
2 33
2 23
2 47
2 12
2 34
2 38
2 42
2 26
2 25
19
3 28
3 4
3 10
3 41
3 13
3 15
3 8
3 22
3 49
3 36
3 11
3 38
3 6
3 2
3 47
3 16
3 37
3 42
3 23
21
4 49
4 8
4 9
4 46
4 48
4 22
4 10
4 47
4 15
4 25
4 24
4 18
4 21
4 45
4 19
4 37
4 30
4 36
4 6
4 31
4 35
22
5 0
5 16
5 38
5 40
5 42
5 9
5 39
5 35
5 8
5 18
5 10
5 36
5 11
5 29
5 1
5 48
5 49
5 21
5 31
5 23
5 28
5 37
19
6 0
6 14
6 39
6 49
6 22
6 8
6 47
6 29
6 37
6 32
6 42
6 43
6 44
6 40
6 16
6 28
6 23
6 17
6 7
20
7 1
7 35
7 5
7 44
7 11
7 49
7 26
7 33
7 43
7 39
7 47
7 41
7 12
7 29
7 31
7 2
7 34
7 9
7 8
7 23
22
8 34
8 30
8 1
8 36
8 11
8 46
8 25
8 40
8 47
8 38
8 20
8 15
8 10
8 13
8 39
8 48
8 32
8 16
8 9
8 37
8 19
8 14
17
9 49
9 3
9 44
9 22
9 36
9 1
9 41
9 30
9 11
9 32
9 16
9 37
9 12
9 26
9 39
9 18
9 25
23
10 1
10 46
10 0
10 34
10 48
10 25
10 2
10 49
10 35
10 41
10 33
10 14
10 26
10 9
10 7
10 27
10 12
10 20
10 19
10 45
10 6
10 42
10 43
13
11 30
11 1
11 2
11 43
11 39
11 40
11 32
11 4
11 29
11 6
11 15
11 23
11 14
12
12 3
12 31
12 5
12 11
12 49
12 15
12 20
12 14
12 37
12 36
12 17
12 46
18
13 19
13 6
13 7
13 22
13 23
13 27
13 48
13 9
13 24
13 40
13 14
13 26
13 32
13 11
13 5
13 16
13 10
13 4
17
14 4
14 0
14 39
14 49
14 9
14 36
14 3
14 48
14 25
14 16
14 45
14 44
14 5
14 46
14 20
14 23
14 21
19
15 21
15 7
15 17
15 38
15 14
15 39
15 27
15 19
15 13
15 30
15 6
15 45
15 2
15 47
15 35
15 49
15 36
15 9
15 31
24
16 17
16 40
16 32
16 30
16 12
16 44
16 18
16 4
16 0
16 22
16 49
16 10
16 15
16 27
16 41
16 11
16 43
16 25
16 29
16 24
16 48
16 47
16 31
16 2
23
17 28
17 40
17 3
17 22
17 31
17 8
17 44
17 9
17 48
17 19
17 23
17 7
17 37
17 20
17 18
17 10
17 1
17 41
17 35
17 29
17 2
17 5
17 49
21
18 34
18 29
18 11
18 42
18 2
18 28
18 38
18 44
18 19
18 13
18 22
18 45
18 21
18 1
18 10
18 46
18 8
18 27
18 15
18 39
18 0
18
19 12
19 1
19 32
19 29
19 45
19 47
19 20
19 3
19 5
19 43
19 7
19 23
19 35
19 16
19 42
19 30
19 24
19 6
27
20 11
20 22
20 18
20 48
20 34
20 49
20 3
20 5
20 43
20 32
20 0
20 6
20 16
20 37
20 41
20 15
20 4
20 35
20 9
20 23
20 28
20 33
20 29
20 13
20 1
20 25
20 44
23
21 20
21 11
21 17
21 34
21 49
21 19
21 35
21 2
21 48
21 6
21 10
21 37
21 7
21 26
21 22
21 27
21 29
21 38
21 9
21 8
21 24
21 31
21 40
15
22 31
22 12
22 15
22 7
22 28
22 5
22 36
22 14
22 44
22 11
22 45
22 42
22 8
22 2
22 10
12
23 22
23 42
23 35
23 15
23 28
23 37
23 9
23 46
23 38
23 18
23 31
23 21
22
24 11
24 49
24 44
24 1
24 18
24 30
24 10
24 40
24 8
24 27
24 36
24 5
24 35
24 23
24 42
24 20
24 7
24 31
24 43
24 3
24 22
24 39
21
25 19
25 49
25 13
25 3
25 44
25 24
25 18
25 0
25 22
25 5
25 11
25 32
25 7
25 23
25 41
25 17
25 40
25 6
25 15
25 21
25 47
27
26 35
26 22
26 6
26 48
26 15
26 24
26 20
26 23
26 32
26 16
26 19
26 25
26 28
26 41
26 33
26 37
26 30
26 11
26 18
26 47
26 34
26 4
26 8
26 14
26 39
26 5
26 46
21
27 25
27 35
27 17
27 3
27 40
27 22
27 1
27 8
27 33
27 7
27 19
27 46
27 5
27 14
27 23
27 12
27 29
27 31
27 38
27 11
27 4
23
28 2
28 33
28 15
28 25
28 49
28 8
28 4
28 7
28 39
28 12
28 47
28 37
28 44
28 45
28 31
28 36
28 0
28 16
28 19
28 34
28 13
28 10
28 21
19
29 25
29 38
29 24
29 22
29 28
29 1
29 15
29 23
29 3
29 48
29 34
29 35
29 43
29 13
29 33
29 46
29 12
29 49
29 31
22
30 32
30 14
30 5
30 42
30 10
30 2
30 36
30 3
30 13
30 37
30 28
30 44
30 46
30 39
30 6
30 35
30 22
30 33
30 18
30 17
30 1
30 25
16
31 6
31 36
31 8
31 1
31 30
31 37
31 14
31 42
31 48
31 11
31 44
31 13
31 45
31 0
31 20
31 26
23
32 28
32 5
32 22
32 17
32 14
32 42
32 36
32 23
32 35
32 45
32 44
32 31
32 29
32 21
32 39
32 48
32 2
32 15
32 49
32 7
32 47
32 12
32 10
22
33 0
33 15
33 23
33 31
33 43
33 13
33 6
33 1
33 17
33 34
33 3
33 11
33 12
33 32
33 21
33 9
33 19
33 4
33 24
33 47
33 18
33 41
17
34 25
34 17
34 41
34 35
34 3
34 19
34 31
34 48
34 24
34 30
34 27
34 12
34 13
34 22
34 37
34 11
34 9
14
35 40
35 1
35 13
35 9
35 8
35 14
35 37
35 3
35 18
35 39
35 43
35 25
35 49
35 33
21
36 18
36 49
36 17
36 45
36 16
36 13
36 43
36 47
36 25
36 46
36 19
36 41
36 35
36 7
36 23
36 34
36 11
36 27
36 20
36 26
36 37
17
37 14
37 1
37 42
37 41
37 33
37 32
37 43
37 19
37 47
37 18
37 49
37 15
37 10
37 48
37 11
37 45
37 7
20
38 4
38 28
38 39
38 12
38 43
38 16
38 17
38 24
38 22
38 46
38 48
38 41
38 11
38 6
38 9
38 36
38 44
38 42
38 7
38 40
22
39 46
39 42
39 27
39 33
39 25
39 21
39 37
39 34
39 13
39 16
39 29
39 10
39 22
39 20
39 43
39 12
39 36
39 4
39 31
39 45
39 47
39 3
23
40 10
40 18
40 7
40 31
40 1
40 30
40 44
40 47
40 36
40 2
40 29
40 4
40 20
40 32
40 37
40 15
40 41
40 39
40 14
40 3
40 28
40 19
40 45
22
41 29
41 24
41 35
41 47
41 15
41 18
41 11
41 30
41 19
41 45
41 21
41 6
41 14
41 31
41 0
41 42
41 5
41 32
41 39
41 13
41 46
41 2
16
42 12
42 47
42 28
42 11
42 9
42 15
42 26
42 7
42 21
42 36
42 34
42 33
42 20
42 49
42 46
42 8
25
43 46
43 8
43 44
43 3
43 22
43 27
43 0
43 12
43 47
43 49
43 25
43 41
43 21
43 28
43 9
43 34
43 32
43 17
43 14
43 40
43 5
43 1
43 42
43 31
43 23
18
44 27
44 41
44 37
44 26
44 46
44 34
44 33
44 15
44 35
44 36
44 39
44 12
44 4
44 49
44 42
44 5
44 10
44 19
20
45 33
45 30
45 9
45 38
45 35
45 1
45 49
45 26
45 7
45 44
45 43
45 23
45 16
45 29
45 25
45 21
45 24
45 8
45 42
45 13
23
46 20
46 7
46 11
46 25
46 31
46 6
46 35
46 0
46 2
46 37
46 13
46 17
46 9
46 24
46 1
46 34
46 28
46 48
46 45
46 3
46 40
46 19
46 5
14
47 48
47 13
47 22
47 14
47 30
47 5
47 18
47 45
47 27
47 35
47 44
47 20
47 31
47 23
20
48 36
48 11
48 15
48 2
48 25
48 41
48 12
48 44
48 23
48 43
48 39
48 45
48 30
48 40
48 27
48 3
48 42
48 35
48 19
48 28
11
49 48
49 23
49 13
49 8
49 26
49 11
49 33
49 31
49 47
49 1
49 41
