50
0 "A5"
1 "A10"
2 "A45"
3 "A33"
4 "A19"
5 "A35"
6 "A47"
7 "A12"
8 "A21"
9 "A43"
10 "A40"
11 "A28"
12 "A36"
13 "A41"
14 "A27"
15 "A34"
16 "A17"
17 "A23"
18 "A31"
19 "A46"
20 "A2"
21 "A49"
22 "A14"
23 "A44"
24 "A6"
25 "A9"
26 "A48"
27 "A18"
28 "A30"
29 "A4"
30 "A25"
31 "A26"
32 "A29"
33 "A42"
34 "A22"
35 "A1"
36 "A15"
37 "A8"
38 "A7"
39 "A24"
40 "A39"
41 "A0"
42 "A16"
43 "A38"
44 "A13"
45 "A3"
46 "A37"
47 "A11"
48 "A20"
49 "A32"
14
0 34
0 44
0 38
0 42
0 24
0 41
0 1
0 6
0 45
0 15
0 29
0 11
0 17
0 22
22
1 37
1 8
1 7
1 36
1 49
1 2
1 28
1 29
1 3
1 10
1 45
1 9
1 4
1 35
1 41
1 14
1 6
1 46
1 27
1 26
1 22
1 34
23
2 38
2 27
2 26
2 12
2 4
2 37
2 23
2 48
2 19
2 45
2 0
2 49
2 33
2 32
2 6
2 17
2 21
2 5
2 14
2 31
2 29
2 25
2 41
17
3 9
3 39
3 15
3 26
3 27
3 45
3 2
3 22
3 12
3 18
3 20
3 49
3 46
3 6
3 30
3 31
3 43
20
4 20
4 27
4 22
4 41
4 32
4 34
4 39
4 21
4 9
4 25
4 36
4 15
4 14
4 43
4 0
4 44
4 31
4 18
4 19
4 45
19
5 0
5 39
5 43
5 33
5 4
5 27
5 38
5 15
5 21
5 11
5 16
5 31
5 46
5 6
5 37
5 41
5 9
5 7
5 19
15
6 28
6 31
6 24
6 38
6 35
6 34
6 15
6 49
6 9
6 11
6 26
6 48
6 14
6 27
6 42
22
7 38
7 43
7 27
7 23
7 8
7 22
7 47
7 34
7 6
7 13
7 4
7 33
7 20
7 24
7 0
7 29
7 31
7 2
7 44
7 36
7 28
7 14
19
8 18
8 22
8 43
8 40
8 13
8 9
8 10
8 0
8 30
8 31
8 32
8 36
8 27
8 44
8 17
8 24
8 2
8 23
8 4
20
9 33
9 14
9 38
9 15
9 29
9 2
9 20
9 37
9 42
9 36
9 16
9 28
9 19
9 27
9 7
9 47
9 25
9 23
9 35
9 12
19
10 24
10 36
10 44
10 41
10 2
10 9
10 34
10 6
10 39
10 4
10 32
10 47
10 48
10 43
10 49
10 3
10 28
10 5
10 31
24
11 37
11 18
11 36
11 33
11 30
11 3
11 20
11 42
11 31
11 9
11 40
11 43
11 49
11 39
11 46
11 48
11 32
11 2
11 10
11 8
11 1
11 45
11 12
11 4
20
12 19
12 20
12 48
12 45
12 4
12 0
12 18
12 38
12 21
12 37
12 44
12 23
12 40
12 1
12 22
12 7
12 26
12 31
12 8
12 10
20
13 38
13 45
13 40
13 12
13 0
13 42
13 2
13 36
13 25
13 3
13 35
13 39
13 33
13 11
13 48
13 17
13 5
13 37
13 26
13 6
20
14 37
14 8
14 23
14 44
14 32
14 18
14 49
14 10
14 34
14 30
14 15
14 21
14 39
14 13
14 31
14 35
14 33
14 12
14 38
14 0
13
15 27
15 24
15 2
15 13
15 7
15 28
15 41
15 33
15 49
15 17
15 30
15 21
15 11
21
16 3
16 44
16 14
16 30
16 29
16 46
16 15
16 2
16 32
16 23
16 41
16 11
16 12
16 6
16 37
16 13
16 28
16 43
16 26
16 7
16 0
23
17 44
17 5
17 10
17 19
17 48
17 9
17 37
17 21
17 27
17 1
17 42
17 35
17 32
17 12
17 20
17 11
17 4
17 31
17 41
17 40
17 29
17 3
17 24
22
18 17
18 20
18 1
18 9
18 41
18 38
18 13
18 16
18 44
18 47
18 31
18 49
18 46
18 34
18 19
18 42
18 0
18 6
18 40
18 36
18 30
18 15
15
19 28
19 11
19 31
19 6
19 45
19 44
19 36
19 46
19 22
19 24
19 0
19 8
19 3
19 14
19 16
17
20 21
20 40
20 15
20 38
20 10
20 14
20 6
20 37
20 16
20 0
20 28
20 42
20 23
20 19
20 48
20 24
20 36
24
21 13
21 38
21 47
21 25
21 8
21 32
21 44
21 28
21 19
21 16
21 30
21 27
21 43
21 6
21 7
21 40
21 42
21 41
21 9
21 26
21 37
21 49
21 11
21 39
26
22 18
22 30
22 46
22 43
22 41
22 48
22 10
22 24
22 2
22 9
22 16
22 6
22 35
22 39
22 21
22 5
22 49
22 34
22 38
22 47
22 32
22 31
22 17
22 13
22 42
22 15
17
23 27
23 3
23 11
23 31
23 40
23 21
23 48
23 24
23 46
23 13
23 6
23 10
23 18
23 47
23 19
23 42
23 45
21
24 40
24 43
24 1
24 49
24 4
24 41
24 35
24 30
24 31
24 2
24 3
24 13
24 18
24 38
24 14
24 5
24 28
24 39
24 11
24 45
24 12
26
25 41
25 7
25 10
25 6
25 8
25 37
25 17
25 12
25 23
25 35
25 28
25 46
25 43
25 31
25 47
25 20
25 16
25 26
25 44
25 22
25 18
25 45
25 3
25 0
25 1
25 11
22
26 37
26 4
26 29
26 19
26 10
26 20
26 31
26 45
26 34
26 39
26 47
26 24
26 14
26 0
26 11
26 28
26 22
26 46
26 30
26 49
26 35
26 15
20
27 41
27 18
27 10
27 16
27 14
27 43
27 44
27 20
27 36
27 19
27 45
27 29
27 12
27 26
27 24
27 25
27 11
27 35
27 37
27 42
18
28 33
28 14
28 43
28 45
28 5
28 39
28 8
28 35
28 23
28 22
28 44
28 2
28 18
28 36
28 11
28 27
28 0
28 38
17
29 18
29 19
29 41
29 12
29 33
29 31
29 35
29 46
29 28
29 48
29 10
29 25
29 3
29 21
29 6
29 14
29 39
20
30 35
30 46
30 12
30 0
30 43
30 33
30 31
30 9
30 37
30 27
30 32
30 29
30 17
30 2
30 28
30 19
30 40
30 25
30 13
30 20
10
31 44
31 49
31 37
31 9
31 42
31 40
31 20
31 13
31 21
31 1
24
32 12
32 18
32 9
32 31
32 23
32 46
32 19
32 37
32 20
32 6
32 24
32 47
32 5
32 28
32 42
32 3
32 13
32 39
32 26
32 43
32 49
32 48
32 25
32 15
22
33 32
33 4
33 20
33 12
33 31
33 10
33 23
33 36
33 18
33 6
33 1
33 16
33 26
33 19
33 42
33 25
33 49
33 24
33 35
33 45
33 3
33 8
23
34 30
34 5
34 48
34 29
34 28
34 3
34 36
34 31
34 15
34 32
34 13
34 44
34 25
34 27
34 37
34 2
34 33
34 8
34 24
34 43
34 16
34 17
34 12
16
35 47
35 18
35 12
35 15
35 11
35 5
35 2
35 36
35 43
35 19
35 10
35 34
35 4
35 7
35 16
35 20
18
36 24
36 38
36 41
36 17
36 47
36 15
36 29
36 12
36 31
36 30
36 14
36 23
36 5
36 32
36 21
36 26
36 3
36 16
18
37 18
37 0
37 22
37 8
37 48
37 40
37 23
37 15
37 42
37 19
37 4
37 35
37 24
37 10
37 6
37 7
37 41
37 49
19
38 32
38 33
38 3
38 23
38 1
38 44
38 34
38 29
38 4
38 26
38 42
38 15
38 17
38 8
38 27
38 30
38 39
38 35
38 11
23
39 30
39 1
39 8
39 17
39 34
39 31
39 15
39 16
39 49
39 12
39 27
39 7
39 6
39 2
39 25
39 37
39 35
39 23
39 46
39 43
39 9
39 19
39 20
21
40 15
40 14
40 22
40 9
40 41
40 10
40 7
40 25
40 32
40 34
40 5
40 44
40 42
40 2
40 39
40 3
40 6
40 38
40 4
40 33
40 19
19
41 8
41 13
41 38
41 45
41 30
41 32
41 9
41 48
41 26
41 35
41 23
41 39
41 3
41 14
41 42
41 31
41 12
41 34
41 49
22
42 36
42 19
42 24
42 43
42 4
42 48
42 46
42 39
42 14
42 26
42 15
42 16
42 3
42 29
42 12
42 47
42 49
42 30
42 2
42 44
42 34
42 8
17
43 38
43 41
43 9
43 20
43 12
43 0
43 23
43 18
43 45
43 1
43 37
43 44
43 31
43 17
43 26
43 36
43 46
15
44 1
44 22
44 30
44 45
44 37
44 2
44 29
44 23
44 41
44 13
44 33
44 20
44 35
44 9
44 32
14
45 38
45 39
45 40
45 29
45 18
45 30
45 17
45 7
45 32
45 8
45 42
45 6
45 22
45 21
24
46 35
46 41
46 27
46 45
46 4
46 10
46 34
46 9
46 31
46 37
46 33
46 21
46 44
46 36
46 6
46 7
46 24
46 40
46 13
46 0
46 20
46 14
46 17
46 38
24
47 4
47 48
47 17
47 33
47 45
47 30
47 2
47 39
47 44
47 46
47 1
47 12
47 38
47 28
47 24
47 8
47 29
47 3
47 11
47 15
47 13
47 19
47 20
47 6
16
48 25
48 38
48 7
48 9
48 3
48 15
48 45
48 26
48 5
48 8
48 19
48 24
48 16
48 33
48 36
48 18
19
49 12
49 34
49 0
49 7
49 48
49 4
49 19
49 46
49 40
49 43
49 5
49 9
49 20
49 47
49 30
49 29
49 36
49 28
49 27
