50
0 "A48"
1 "A41"
2 "A20"
3 "A7"
4 "A21"
5 "A39"
6 "A22"
7 "A35"
8 "A46"
9 "A23"
10 "A13"
11 "A16"
12 "A12"
13 "A43"
14 "A47"
15 "A25"
16 "A4"
17 "A0"
18 "A28"
19 "A30"
20 "A24"
21 "A42"
22 "A34"
23 "A44"
24 "A3"
25 "A32"
26 "A45"
27 "A33"
28 "A36"
29 "A17"
30 "A40"
31 "A6"
32 "A29"
33 "A8"
34 "A18"
35 "A19"
36 "A15"
37 "A5"
38 "A9"
39 "A27"
40 "A1"
41 "A11"
42 "A31"
43 "A26"
44 "A14"
45 "A38"
46 "A2"
47 "A37"
48 "A10"
49 "A49"
26
0 31
0 10
0 24
0 48
0 30
0 27
0 41
0 46
0 43
0 14
0 23
0 15
0 36
0 35
0 38
0 42
0 49
0 9
0 2
0 29
0 20
0 16
0 21
0 3
0 12
0 1
22
1 9
1 30
1 8
1 45
1 4
1 16
1 10
1 17
1 22
1 7
1 33
1 49
1 41
1 13
1 40
1 36
1 47
1 3
1 32
1 31
1 23
1 46
20
2 23
2 3
2 29
2 8
2 48
2 13
2 38
2 31
2 5
2 22
2 10
2 28
2 36
2 15
2 44
2 9
2 43
2 4
2 35
2 25
21
3 4
3 15
3 44
3 30
3 9
3 37
3 49
3 42
3 23
3 29
3 31
3 14
3 7
3 26
3 8
3 47
3 48
3 34
3 5
3 40
3 21
18
4 24
4 5
4 19
4 43
4 23
4 20
4 45
4 33
4 44
4 17
4 27
4 28
4 39
4 0
4 9
4 10
4 36
4 46
24
5 29
5 28
5 37
5 48
5 36
5 6
5 21
5 42
5 39
5 40
5 10
5 45
5 19
5 0
5 43
5 30
5 44
5 18
5 49
5 7
5 41
5 1
5 38
5 24
22
6 24
6 17
6 36
6 47
6 44
6 7
6 14
6 37
6 3
6 16
6 4
6 8
6 33
6 43
6 39
6 31
6 0
6 1
6 28
6 19
6 2
6 30
20
7 43
7 15
7 17
7 25
7 26
7 22
7 23
7 40
7 27
7 44
7 30
7 0
7 33
7 21
7 18
7 2
7 34
7 13
7 39
7 38
11
8 14
8 5
8 30
8 7
8 46
8 34
8 17
8 4
8 24
8 13
8 37
19
9 39
9 34
9 13
9 25
9 10
9 44
9 5
9 32
9 46
9 43
9 8
9 48
9 22
9 15
9 20
9 12
9 30
9 27
9 33
21
10 48
10 34
10 21
10 11
10 45
10 37
10 13
10 22
10 42
10 46
10 33
10 47
10 26
10 38
10 39
10 30
10 16
10 44
10 25
10 40
10 12
21
11 40
11 16
11 29
11 7
11 25
11 44
11 13
11 19
11 28
11 9
11 2
11 23
11 41
11 49
11 8
11 5
11 27
11 18
11 34
11 31
11 6
21
12 8
12 43
12 13
12 19
12 11
12 5
12 36
12 41
12 17
12 24
12 2
12 40
12 3
12 32
12 6
12 47
12 42
12 26
12 1
12 35
12 44
15
13 39
13 38
13 0
13 32
13 22
13 23
13 49
13 6
13 14
13 17
13 45
13 47
13 36
13 5
13 48
18
14 40
14 18
14 2
14 41
14 5
14 46
14 7
14 43
14 4
14 12
14 47
14 15
14 30
14 34
14 45
14 36
14 10
14 33
25
15 23
15 5
15 12
15 13
15 49
15 34
15 28
15 48
15 10
15 22
15 44
15 45
15 27
15 1
15 40
15 31
15 4
15 8
15 26
15 11
15 46
15 42
15 43
15 35
15 47
18
16 27
16 38
16 2
16 35
16 22
16 12
16 19
16 31
16 4
16 21
16 15
16 42
16 44
16 39
16 33
16 14
16 20
16 8
15
17 0
17 9
17 31
17 10
17 23
17 2
17 47
17 11
17 26
17 33
17 5
17 38
17 34
17 14
17 15
24
18 43
18 1
18 30
18 33
18 0
18 36
18 3
18 42
18 15
18 17
18 20
18 22
18 19
18 28
18 13
18 46
18 4
18 37
18 12
18 47
18 16
18 35
18 21
18 10
18
19 28
19 39
19 9
19 46
19 45
19 3
19 22
19 32
19 17
19 26
19 10
19 15
19 27
19 8
19 0
19 7
19 35
19 21
19
20 13
20 6
20 33
20 42
20 7
20 31
20 49
20 12
20 34
20 46
20 24
20 2
20 23
20 48
20 1
20 35
20 10
20 15
20 17
19
21 17
21 36
21 49
21 15
21 23
21 44
21 6
21 41
21 12
21 8
21 30
21 20
21 34
21 39
21 4
21 2
21 13
21 11
21 42
18
22 45
22 32
22 37
22 23
22 14
22 35
22 26
22 29
22 6
22 12
22 43
22 31
22 0
22 36
22 47
22 40
22 33
22 34
13
23 40
23 5
23 28
23 41
23 30
23 25
23 10
23 37
23 31
23 43
23 6
23 29
23 14
16
24 35
24 46
24 30
24 44
24 16
24 45
24 1
24 42
24 28
24 7
24 13
24 43
24 32
24 49
24 23
24 31
17
25 29
25 17
25 14
25 6
25 38
25 19
25 30
25 44
25 42
25 36
25 4
25 40
25 43
25 16
25 34
25 20
25 22
29
26 25
26 30
26 36
26 18
26 1
26 16
26 5
26 44
26 35
26 31
26 14
26 13
26 4
26 45
26 43
26 28
26 9
26 46
26 2
26 0
26 20
26 24
26 8
26 32
26 21
26 23
26 6
26 29
26 48
24
27 38
27 47
27 45
27 21
27 24
27 28
27 30
27 3
27 41
27 20
27 22
27 34
27 5
27 13
27 14
27 49
27 29
27 1
27 8
27 17
27 36
27 12
27 10
27 2
19
28 21
28 31
28 33
28 7
28 0
28 3
28 43
28 47
28 38
28 22
28 12
28 10
28 20
28 17
28 9
28 44
28 32
28 25
28 49
16
29 7
29 28
29 30
29 42
29 12
29 44
29 49
29 18
29 19
29 24
29 35
29 38
29 16
29 41
29 20
29 15
18
30 48
30 4
30 16
30 13
30 42
30 12
30 19
30 43
30 22
30 2
30 17
30 32
30 11
30 39
30 36
30 46
30 47
30 15
19
31 42
31 10
31 12
31 19
31 14
31 5
31 44
31 4
31 30
31 41
31 25
31 7
31 13
31 43
31 35
31 27
31 9
31 40
31 34
23
32 43
32 35
32 23
32 44
32 16
32 47
32 14
32 17
32 18
32 39
32 49
32 36
32 8
32 25
32 10
32 6
32 20
32 3
32 37
32 48
32 31
32 5
32 21
22
33 3
33 32
33 8
33 15
33 25
33 19
33 21
33 24
33 49
33 34
33 37
33 44
33 12
33 5
33 23
33 43
33 41
33 40
33 2
33 47
33 30
33 39
17
34 29
34 4
34 5
34 28
34 19
34 23
34 26
34 35
34 45
34 46
34 40
34 49
34 32
34 6
34 1
34 30
34 24
29
35 46
35 10
35 5
35 13
35 45
35 3
35 38
35 27
35 17
35 48
35 41
35 25
35 33
35 44
35 30
35 23
35 7
35 49
35 6
35 21
35 4
35 9
35 8
35 11
35 36
35 42
35 47
35 14
35 1
20
36 31
36 7
36 20
36 11
36 45
36 17
36 41
36 37
36 29
36 16
36 10
36 46
36 3
36 9
36 23
36 34
36 15
36 28
36 49
36 40
23
37 28
37 13
37 31
37 27
37 17
37 46
37 14
37 40
37 9
37 21
37 41
37 16
37 34
37 29
37 30
37 25
37 0
37 24
37 7
37 26
37 15
37 47
37 35
21
38 31
38 14
38 33
38 3
38 26
38 42
38 44
38 23
38 21
38 37
38 30
38 4
38 48
38 18
38 9
38 20
38 8
38 11
38 1
38 22
38 36
18
39 15
39 31
39 8
39 47
39 29
39 14
39 2
39 42
39 1
39 18
39 25
39 49
39 22
39 37
39 36
39 43
39 0
39 24
19
40 38
40 0
40 39
40 48
40 24
40 29
40 35
40 28
40 17
40 27
40 30
40 19
40 21
40 9
40 18
40 26
40 16
40 20
40 43
21
41 44
41 9
41 13
41 30
41 6
41 46
41 3
41 19
41 4
41 20
41 34
41 10
41 22
41 7
41 16
41 32
41 17
41 24
41 18
41 47
41 15
14
42 37
42 47
42 40
42 7
42 1
42 28
42 26
42 2
42 33
42 9
42 17
42 34
42 32
42 13
16
43 13
43 41
43 10
43 16
43 29
43 27
43 48
43 35
43 36
43 46
43 42
43 38
43 45
43 34
43 20
43 1
17
44 49
44 27
44 36
44 48
44 8
44 47
44 19
44 22
44 1
44 20
44 14
44 46
44 0
44 39
44 23
44 42
44 30
20
45 23
45 12
45 37
45 32
45 40
45 18
45 8
45 16
45 7
45 46
45 17
45 41
45 2
45 30
45 0
45 31
45 33
45 25
45 11
45 38
17
46 38
46 5
46 3
46 21
46 16
46 6
46 32
46 13
46 39
46 29
46 42
46 49
46 25
46 12
46 2
46 40
46 28
19
47 8
47 20
47 21
47 9
47 31
47 34
47 16
47 24
47 46
47 48
47 45
47 36
47 26
47 38
47 25
47 29
47 5
47 43
47 11
21
48 24
48 29
48 25
48 36
48 6
48 1
48 17
48 11
48 12
48 27
48 41
48 16
48 33
48 46
48 34
48 28
48 22
48 21
48 7
48 31
48 14
17
49 8
49 2
49 25
49 45
49 4
49 41
49 48
49 38
49 26
49 9
49 40
49 17
49 23
49 19
49 37
49 22
49 47
