50
0 "A49"
1 "A21"
2 "A1"
3 "A41"
4 "A14"
5 "A33"
6 "A34"
7 "A19"
8 "A23"
9 "A35"
10 "A15"
11 "A16"
12 "A31"
13 "A44"
14 "A2"
15 "A12"
16 "A9"
17 "A5"
18 "A11"
19 "A48"
20 "A8"
21 "A28"
22 "A25"
23 "A45"
24 "A17"
25 "A46"
26 "A40"
27 "A13"
28 "A47"
29 "A32"
30 "A3"
31 "A37"
32 "A26"
33 "A7"
34 "A18"
35 "A29"
36 "A36"
37 "A43"
38 "A27"
39 "A42"
40 "A20"
41 "A30"
42 "A22"
43 "A38"
44 "A24"
45 "A0"
46 "A4"
47 "A10"
48 "A6"
49 "A39"
26
0 32
0 2
0 25
0 43
0 35
0 19
0 46
0 48
0 11
0 6
0 27
0 45
0 41
0 40
0 13
0 36
0 14
0 31
0 1
0 30
0 5
0 22
0 49
0 16
0 47
0 26
29
1 49
1 22
1 2
1 21
1 9
1 48
1 43
1 42
1 45
1 24
1 18
1 14
1 19
1 32
1 5
1 30
1 37
1 40
1 12
1 17
1 7
1 25
1 33
1 29
1 36
1 38
1 31
1 28
1 26
11
2 34
2 33
2 9
2 30
2 36
2 48
2 27
2 26
2 49
2 46
2 17
26
3 2
3 8
3 46
3 22
3 17
3 33
3 27
3 16
3 34
3 36
3 39
3 23
3 5
3 42
3 7
3 29
3 40
3 32
3 0
3 26
3 35
3 25
3 11
3 28
3 21
3 1
20
4 9
4 48
4 20
4 27
4 19
4 14
4 18
4 36
4 21
4 7
4 29
4 49
4 28
4 39
4 32
4 8
4 17
4 35
4 45
4 46
14
5 40
5 11
5 8
5 34
5 48
5 22
5 30
5 46
5 17
5 21
5 4
5 7
5 20
5 32
29
6 11
6 28
6 12
6 42
6 31
6 24
6 14
6 39
6 4
6 33
6 35
6 5
6 26
6 43
6 44
6 2
6 34
6 20
6 19
6 1
6 27
6 46
6 47
6 7
6 30
6 17
6 21
6 45
6 36
18
7 9
7 45
7 23
7 44
7 26
7 35
7 41
7 15
7 0
7 25
7 14
7 49
7 10
7 32
7 11
7 43
7 38
7 33
24
8 20
8 2
8 33
8 7
8 24
8 44
8 21
8 49
8 15
8 27
8 48
8 31
8 38
8 18
8 28
8 1
8 16
8 19
8 42
8 13
8 11
8 35
8 0
8 29
19
9 29
9 16
9 39
9 17
9 28
9 18
9 44
9 22
9 41
9 37
9 32
9 8
9 11
9 20
9 24
9 13
9 23
9 26
9 42
22
10 46
10 19
10 31
10 27
10 26
10 17
10 29
10 43
10 5
10 3
10 1
10 4
10 36
10 25
10 2
10 0
10 22
10 11
10 45
10 15
10 47
10 32
21
11 36
11 35
11 39
11 31
11 17
11 16
11 18
11 44
11 34
11 21
11 20
11 46
11 38
11 29
11 37
11 40
11 13
11 27
11 2
11 22
11 41
25
12 14
12 26
12 32
12 33
12 40
12 21
12 38
12 10
12 0
12 23
12 8
12 3
12 4
12 25
12 7
12 18
12 29
12 49
12 42
12 48
12 45
12 11
12 22
12 13
12 19
17
13 49
13 31
13 20
13 22
13 36
13 1
13 29
13 18
13 26
13 38
13 5
13 33
13 17
13 45
13 6
13 3
13 30
17
14 10
14 38
14 27
14 25
14 2
14 43
14 19
14 40
14 21
14 34
14 24
14 29
14 3
14 46
14 11
14 28
14 23
22
15 40
15 34
15 4
15 11
15 32
15 12
15 9
15 2
15 41
15 42
15 45
15 27
15 26
15 1
15 38
15 5
15 24
15 6
15 28
15 44
15 19
15 49
17
16 44
16 47
16 40
16 10
16 27
16 13
16 5
16 26
16 21
16 1
16 33
16 18
16 38
16 14
16 15
16 23
16 36
18
17 34
17 18
17 12
17 0
17 43
17 33
17 44
17 49
17 15
17 42
17 47
17 48
17 45
17 7
17 16
17 8
17 30
17 20
18
18 19
18 14
18 45
18 3
18 5
18 7
18 6
18 43
18 38
18 42
18 2
18 23
18 48
18 24
18 32
18 0
18 34
18 10
19
19 39
19 34
19 13
19 30
19 11
19 25
19 47
19 26
19 17
19 28
19 2
19 9
19 24
19 3
19 40
19 37
19 5
19 43
19 38
19
20 3
20 18
20 7
20 22
20 39
20 23
20 19
20 16
20 43
20 46
20 26
20 33
20 30
20 32
20 47
20 15
20 10
20 21
20 28
23
21 15
21 34
21 42
21 48
21 28
21 9
21 29
21 26
21 41
21 37
21 17
21 23
21 7
21 10
21 2
21 35
21 39
21 36
21 25
21 40
21 19
21 47
21 31
17
22 28
22 25
22 37
22 19
22 15
22 34
22 38
22 8
22 43
22 33
22 44
22 6
22 46
22 2
22 32
22 36
22 30
17
23 48
23 5
23 6
23 19
23 30
23 31
23 1
23 11
23 42
23 0
23 17
23 44
23 40
23 13
23 2
23 43
23 37
22
24 17
24 3
24 4
24 2
24 12
24 16
24 10
24 49
24 39
24 35
24 26
24 21
24 29
24 42
24 31
24 23
24 22
24 11
24 0
24 25
24 38
24 28
19
25 47
25 16
25 37
25 13
25 18
25 11
25 20
25 28
25 23
25 43
25 8
25 44
25 48
25 6
25 4
25 29
25 26
25 9
25 49
16
26 36
26 34
26 18
26 38
26 45
26 39
26 40
26 23
26 22
26 31
26 5
26 33
26 32
26 11
26 30
26 17
20
27 20
27 43
27 12
27 18
27 19
27 33
27 41
27 7
27 38
27 26
27 13
27 31
27 48
27 47
27 23
27 5
27 1
27 17
27 25
27 21
19
28 37
28 35
28 7
28 26
28 31
28 5
28 13
28 16
28 38
28 10
28 45
28 23
28 44
28 48
28 0
28 18
28 32
28 43
28 29
17
29 18
29 45
29 16
29 36
29 35
29 6
29 7
29 38
29 20
29 22
29 27
29 47
29 23
29 2
29 34
29 44
29 15
21
30 49
30 14
30 45
30 29
30 18
30 16
30 15
30 47
30 28
30 35
30 9
30 42
30 11
30 3
30 24
30 36
30 4
30 12
30 46
30 34
30 39
20
31 22
31 3
31 38
31 46
31 16
31 49
31 12
31 29
31 15
31 9
31 34
31 30
31 2
31 4
31 5
31 45
31 14
31 17
31 7
31 32
16
32 45
32 49
32 41
32 46
32 8
32 14
32 24
32 21
32 29
32 23
32 48
32 33
32 42
32 17
32 34
32 16
17
33 34
33 23
33 14
33 29
33 31
33 4
33 44
33 48
33 18
33 11
33 25
33 43
33 40
33 28
33 41
33 24
33 0
17
34 28
34 4
34 8
34 20
34 36
34 12
34 0
34 16
34 1
34 46
34 47
34 27
34 10
34 9
34 42
34 41
34 24
13
35 17
35 46
35 20
35 33
35 15
35 23
35 34
35 18
35 27
35 1
35 26
35 13
35 22
18
36 35
36 27
36 37
36 24
36 9
36 8
36 32
36 15
36 44
36 25
36 7
36 43
36 31
36 23
36 28
36 49
36 18
36 33
24
37 31
37 18
37 29
37 33
37 26
37 27
37 6
37 3
37 34
37 2
37 10
37 12
37 46
37 49
37 20
37 14
37 8
37 17
37 30
37 43
37 5
37 0
37 7
37 13
17
38 43
38 34
38 32
38 21
38 17
38 41
38 45
38 4
38 36
38 25
38 20
38 44
38 5
38 3
38 10
38 23
38 2
24
39 34
39 17
39 10
39 29
39 37
39 36
39 5
39 42
39 40
39 25
39 38
39 13
39 2
39 15
39 7
39 35
39 32
39 18
39 1
39 16
39 47
39 0
39 23
39 49
20
40 29
40 38
40 4
40 42
40 31
40 48
40 9
40 24
40 2
40 7
40 6
40 45
40 30
40 20
40 36
40 25
40 28
40 32
40 8
40 10
26
41 26
41 18
41 48
41 23
41 46
41 25
41 20
41 1
41 37
41 10
41 30
41 22
41 13
41 31
41 6
41 12
41 49
41 16
41 45
41 39
41 14
41 47
41 4
41 24
41 44
41 5
22
42 47
42 11
42 28
42 4
42 5
42 46
42 35
42 22
42 0
42 10
42 49
42 38
42 26
42 19
42 41
42 45
42 43
42 7
42 16
42 33
42 36
42 31
16
43 26
43 8
43 11
43 39
43 16
43 48
43 45
43 41
43 15
43 44
43 31
43 34
43 5
43 40
43 24
43 30
17
44 0
44 32
44 18
44 37
44 35
44 31
44 39
44 26
44 13
44 27
44 3
44 19
44 5
44 14
44 1
44 30
44 2
18
45 19
45 14
45 39
45 20
45 5
45 16
45 27
45 2
45 22
45 36
45 9
45 3
45 11
45 23
45 44
45 21
45 34
45 47
18
46 23
46 38
46 25
46 7
46 36
46 8
46 47
46 18
46 19
46 16
46 40
46 17
46 12
46 26
46 13
46 39
46 27
46 24
17
47 13
47 37
47 24
47 12
47 28
47 4
47 36
47 5
47 40
47 31
47 22
47 26
47 14
47 35
47 43
47 23
47 7
18
48 31
48 16
48 20
48 39
48 3
48 30
48 42
48 10
48 46
48 11
48 26
48 15
48 34
48 36
48 14
48 22
48 13
48 37
20
49 29
49 34
49 20
49 28
49 11
49 19
49 44
49 47
49 38
49 46
49 33
49 45
49 18
49 26
49 9
49 21
49 3
49 22
49 23
49 43
