50
0 "A49"
1 "A21"
2 "A1"
3 "A41"
4 "A14"
5 "A33"
6 "A34"
7 "A19"
8 "A23"
9 "A35"
10 "A15"
11 "A16"
12 "A31"
13 "A44"
14 "A2"
15 "A12"
16 "A9"
17 "A5"
18 "A11"
19 "A48"
20 "A8"
21 "A28"
22 "A25"
23 "A45"
24 "A17"
25 "A46"
26 "A40"
27 "A13"
28 "A47"
29 "A32"
30 "A3"
31 "A37"
32 "A26"
33 "A7"
34 "A18"
35 "A29"
36 "A36"
37 "A43"
38 "A27"
39 "A42"
40 "A20"
41 "A30"
42 "A22"
43 "A38"
44 "A24"
45 "A0"
46 "A4"
47 "A10"
48 "A6"
49 "A39"
19
0 13
0 37
0 43
0 1
0 32
0 2
0 45
0 16
0 9
0 17
0 3
0 28
0 4
0 49
0 34
0 35
0 25
0 12
0 21
22
1 27
1 16
1 44
1 30
1 39
1 40
1 34
1 5
1 45
1 4
1 32
1 21
1 48
1 19
1 29
1 41
1 2
1 15
1 6
1 3
1 36
1 9
27
2 18
2 42
2 47
2 14
2 48
2 6
2 24
2 32
2 43
2 46
2 4
2 20
2 49
2 22
2 33
2 45
2 21
2 26
2 8
2 27
2 41
2 44
2 28
2 17
2 29
2 15
2 35
16
3 4
3 43
3 38
3 40
3 19
3 17
3 13
3 23
3 15
3 33
3 39
3 14
3 32
3 8
3 2
3 22
18
4 35
4 17
4 6
4 27
4 33
4 13
4 26
4 8
4 39
4 41
4 10
4 48
4 47
4 36
4 34
4 14
4 9
4 32
17
5 40
5 34
5 21
5 27
5 20
5 7
5 45
5 29
5 2
5 0
5 15
5 44
5 19
5 13
5 28
5 14
5 49
21
6 45
6 11
6 42
6 0
6 18
6 36
6 3
6 47
6 9
6 19
6 14
6 29
6 13
6 20
6 28
6 26
6 7
6 5
6 37
6 30
6 40
20
7 11
7 1
7 25
7 44
7 30
7 48
7 47
7 37
7 27
7 42
7 36
7 49
7 16
7 32
7 2
7 35
7 23
7 43
7 40
7 9
17
8 30
8 27
8 7
8 17
8 46
8 37
8 26
8 18
8 10
8 13
8 22
8 49
8 5
8 42
8 1
8 35
8 41
15
9 48
9 8
9 23
9 37
9 39
9 22
9 11
9 47
9 36
9 12
9 32
9 33
9 25
9 15
9 41
26
10 40
10 0
10 9
10 6
10 31
10 46
10 14
10 44
10 1
10 18
10 33
10 32
10 12
10 34
10 41
10 22
10 11
10 30
10 42
10 45
10 17
10 20
10 15
10 16
10 48
10 37
17
11 45
11 8
11 31
11 29
11 22
11 47
11 44
11 24
11 1
11 5
11 15
11 26
11 36
11 14
11 35
11 16
11 3
21
12 23
12 45
12 2
12 20
12 43
12 7
12 3
12 1
12 40
12 5
12 8
12 4
12 11
12 17
12 49
12 28
12 32
12 26
12 34
12 42
12 41
20
13 34
13 15
13 38
13 39
13 9
13 12
13 49
13 30
13 18
13 24
13 1
13 7
13 42
13 48
13 17
13 11
13 43
13 31
13 2
13 28
14
14 0
14 37
14 7
14 42
14 12
14 9
14 40
14 8
14 31
14 27
14 30
14 49
14 47
14 41
18
15 39
15 0
15 23
15 27
15 43
15 32
15 44
15 12
15 46
15 47
15 6
15 45
15 24
15 40
15 18
15 31
15 26
15 22
26
16 20
16 18
16 41
16 49
16 33
16 37
16 13
16 2
16 9
16 40
16 15
16 5
16 12
16 14
16 34
16 39
16 35
16 28
16 29
16 6
16 19
16 42
16 23
16 32
16 26
16 4
15
17 36
17 15
17 14
17 47
17 43
17 9
17 41
17 27
17 49
17 25
17 24
17 5
17 19
17 1
17 35
15
18 49
18 20
18 36
18 43
18 33
18 11
18 19
18 17
18 37
18 38
18 12
18 31
18 27
18 0
18 14
18
19 13
19 25
19 12
19 4
19 37
19 43
19 2
19 45
19 9
19 31
19 7
19 27
19 20
19 49
19 38
19 26
19 15
19 21
21
20 0
20 9
20 14
20 33
20 41
20 39
20 13
20 47
20 30
20 37
20 4
20 17
20 7
20 11
20 38
20 28
20 43
20 15
20 25
20 49
20 1
20
21 36
21 48
21 7
21 13
21 4
21 14
21 20
21 16
21 15
21 10
21 12
21 9
21 25
21 11
21 40
21 3
21 32
21 8
21 17
21 31
15
22 33
22 43
22 26
22 49
22 23
22 16
22 1
22 45
22 47
22 21
22 5
22 20
22 24
22 17
22 6
20
23 37
23 45
23 20
23 8
23 14
23 24
23 0
23 38
23 4
23 26
23 11
23 2
23 6
23 41
23 43
23 1
23 5
23 13
23 21
23 10
19
24 21
24 34
24 10
24 3
24 32
24 20
24 1
24 19
24 9
24 7
24 6
24 48
24 30
24 45
24 8
24 14
24 26
24 40
24 33
21
25 39
25 10
25 42
25 12
25 22
25 14
25 4
25 18
25 13
25 33
25 27
25 2
25 28
25 23
25 45
25 24
25 11
25 31
25 5
25 38
25 37
15
26 49
26 5
26 17
26 36
26 18
26 0
26 14
26 13
26 3
26 46
26 10
26 20
26 9
26 29
26 32
15
27 10
27 13
27 23
27 34
27 11
27 32
27 38
27 21
27 49
27 6
27 24
27 47
27 9
27 0
27 12
19
28 8
28 15
28 26
28 22
28 11
28 48
28 3
28 46
28 36
28 17
28 31
28 27
28 10
28 39
28 24
28 35
28 21
28 18
28 4
23
29 10
29 20
29 15
29 27
29 14
29 24
29 39
29 25
29 28
29 12
29 19
29 37
29 36
29 7
29 34
29 42
29 48
29 9
29 18
29 4
29 8
29 35
29 13
20
30 32
30 29
30 21
30 39
30 37
30 4
30 41
30 23
30 5
30 12
30 26
30 9
30 18
30 2
30 48
30 45
30 27
30 19
30 33
30 16
22
31 12
31 20
31 22
31 1
31 30
31 8
31 6
31 23
31 3
31 38
31 24
31 0
31 47
31 34
31 17
31 46
31 42
31 49
31 39
31 2
31 26
31 35
19
32 42
32 11
32 23
32 35
32 40
32 48
32 18
32 13
32 22
32 37
32 44
32 31
32 20
32 29
32 14
32 6
32 17
32 47
32 43
18
33 36
33 27
33 23
33 47
33 17
33 29
33 6
33 31
33 37
33 35
33 41
33 0
33 21
33 26
33 15
33 8
33 19
33 14
22
34 42
34 35
34 6
34 40
34 7
34 11
34 3
34 45
34 26
34 48
34 21
34 49
34 47
34 2
34 8
34 14
34 38
34 43
34 39
34 41
34 22
34 44
24
35 18
35 6
35 48
35 45
35 13
35 30
35 20
35 26
35 47
35 3
35 21
35 12
35 15
35 39
35 14
35 1
35 43
35 22
35 19
35 41
35 9
35 49
35 5
35 40
22
36 31
36 19
36 0
36 37
36 22
36 8
36 13
36 44
36 24
36 12
36 34
36 35
36 3
36 14
36 15
36 2
36 25
36 30
36 16
36 27
36 23
36 39
20
37 42
37 31
37 15
37 5
37 26
37 21
37 13
37 4
37 28
37 46
37 34
37 3
37 1
37 35
37 22
37 17
37 38
37 2
37 47
37 24
23
38 26
38 36
38 4
38 29
38 9
38 7
38 40
38 22
38 17
38 33
38 8
38 5
38 6
38 2
38 10
38 21
38 0
38 35
38 24
38 11
38 1
38 28
38 32
20
39 7
39 42
39 22
39 40
39 26
39 41
39 23
39 5
39 27
39 18
39 44
39 14
39 12
39 8
39 38
39 33
39 10
39 32
39 11
39 45
20
40 13
40 23
40 47
40 0
40 46
40 49
40 18
40 11
40 8
40 28
40 20
40 9
40 43
40 27
40 30
40 31
40 4
40 42
40 26
40 36
18
41 36
41 31
41 15
41 22
41 32
41 43
41 27
41 24
41 21
41 28
41 46
41 11
41 47
41 13
41 26
41 38
41 18
41 40
19
42 23
42 17
42 36
42 26
42 27
42 24
42 49
42 18
42 4
42 44
42 22
42 1
42 35
42 28
42 20
42 33
42 5
42 15
42 30
17
43 6
43 31
43 11
43 1
43 8
43 10
43 28
43 21
43 24
43 27
43 38
43 45
43 48
43 30
43 29
43 36
43 39
19
44 35
44 19
44 18
44 9
44 40
44 16
44 23
44 31
44 21
44 43
44 12
44 25
44 3
44 41
44 48
44 29
44 28
44 27
44 30
23
45 41
45 3
45 8
45 21
45 33
45 4
45 18
45 32
45 37
45 38
45 36
45 13
45 9
45 27
45 16
45 28
45 17
45 42
45 20
45 31
45 44
45 14
45 49
21
46 19
46 20
46 13
46 17
46 6
46 18
46 34
46 12
46 39
46 36
46 23
46 44
46 9
46 30
46 32
46 25
46 4
46 5
46 21
46 45
46 7
23
47 13
47 25
47 36
47 44
47 42
47 26
47 19
47 30
47 3
47 39
47 21
47 28
47 29
47 0
47 43
47 1
47 45
47 5
47 12
47 18
47 10
47 8
47 16
24
48 25
48 22
48 6
48 37
48 19
48 36
48 23
48 45
48 17
48 42
48 46
48 41
48 18
48 27
48 15
48 20
48 38
48 16
48 31
48 47
48 11
48 39
48 8
48 26
16
49 36
49 28
49 44
49 46
49 6
49 3
49 33
49 37
49 39
49 48
49 24
49 30
49 43
49 47
49 10
49 41
