50
0 "A49"
1 "A21"
2 "A1"
3 "A41"
4 "A14"
5 "A33"
6 "A34"
7 "A19"
8 "A23"
9 "A35"
10 "A15"
11 "A16"
12 "A31"
13 "A44"
14 "A2"
15 "A12"
16 "A9"
17 "A5"
18 "A11"
19 "A48"
20 "A8"
21 "A28"
22 "A25"
23 "A45"
24 "A17"
25 "A46"
26 "A40"
27 "A13"
28 "A47"
29 "A32"
30 "A3"
31 "A37"
32 "A26"
33 "A7"
34 "A18"
35 "A29"
36 "A36"
37 "A43"
38 "A27"
39 "A42"
40 "A20"
41 "A30"
42 "A22"
43 "A38"
44 "A24"
45 "A0"
46 "A4"
47 "A10"
48 "A6"
49 "A39"
20
0 9
0 14
0 41
0 36
0 17
0 22
0 27
0 24
0 8
0 3
0 39
0 38
0 40
0 44
0 26
0 21
0 32
0 35
0 4
0 1
12
1 48
1 49
1 47
1 14
1 9
1 19
1 12
1 40
1 32
1 36
1 11
1 17
20
2 14
2 18
2 32
2 24
2 19
2 12
2 38
2 6
2 26
2 49
2 11
2 1
2 15
2 39
2 21
2 48
2 0
2 47
2 27
2 46
15
3 19
3 23
3 39
3 25
3 43
3 30
3 2
3 31
3 32
3 13
3 9
3 45
3 36
3 29
3 44
21
4 38
4 35
4 30
4 7
4 17
4 3
4 31
4 48
4 19
4 12
4 18
4 26
4 11
4 16
4 20
4 44
4 23
4 1
4 32
4 34
4 10
18
5 2
5 30
5 32
5 1
5 35
5 22
5 45
5 0
5 24
5 33
5 4
5 31
5 38
5 17
5 43
5 44
5 23
5 15
21
6 25
6 22
6 45
6 23
6 1
6 36
6 38
6 9
6 7
6 20
6 33
6 34
6 0
6 41
6 15
6 3
6 37
6 4
6 21
6 39
6 27
15
7 27
7 9
7 26
7 47
7 34
7 39
7 35
7 31
7 21
7 1
7 10
7 42
7 45
7 22
7 44
25
8 11
8 29
8 49
8 20
8 6
8 15
8 3
8 5
8 4
8 41
8 44
8 22
8 14
8 43
8 23
8 42
8 13
8 32
8 33
8 9
8 7
8 46
8 36
8 21
8 35
16
9 28
9 5
9 4
9 40
9 27
9 2
9 24
9 21
9 23
9 16
9 17
9 37
9 49
9 32
9 36
9 19
27
10 11
10 13
10 9
10 40
10 37
10 47
10 1
10 26
10 43
10 29
10 45
10 21
10 2
10 46
10 27
10 6
10 30
10 32
10 33
10 22
10 24
10 8
10 5
10 3
10 0
10 18
10 44
23
11 35
11 29
11 21
11 3
11 32
11 23
11 17
11 44
11 34
11 31
11 6
11 30
11 43
11 13
11 18
11 36
11 12
11 46
11 28
11 5
11 0
11 40
11 14
24
12 32
12 8
12 23
12 3
12 42
12 24
12 15
12 22
12 9
12 31
12 36
12 26
12 10
12 16
12 21
12 38
12 29
12 30
12 20
12 37
12 40
12 48
12 5
12 27
22
13 40
13 2
13 9
13 14
13 22
13 18
13 0
13 39
13 4
13 6
13 46
13 41
13 12
13 38
13 21
13 15
13 32
13 49
13 5
13 33
13 7
13 17
19
14 17
14 29
14 7
14 3
14 48
14 43
14 35
14 16
14 46
14 30
14 38
14 9
14 44
14 4
14 6
14 10
14 42
14 31
14 12
22
15 28
15 38
15 34
15 3
15 1
15 10
15 17
15 48
15 18
15 9
15 35
15 33
15 21
15 49
15 32
15 37
15 22
15 24
15 42
15 45
15 0
15 41
21
16 46
16 41
16 8
16 21
16 19
16 39
16 31
16 15
16 44
16 47
16 34
16 7
16 0
16 37
16 43
16 6
16 3
16 20
16 42
16 38
16 32
16
17 23
17 49
17 34
17 31
17 3
17 21
17 40
17 16
17 6
17 28
17 45
17 27
17 7
17 2
17 20
17 30
23
18 20
18 6
18 36
18 12
18 0
18 23
18 5
18 44
18 19
18 26
18 42
18 9
18 39
18 46
18 38
18 37
18 17
18 31
18 3
18 1
18 30
18 35
18 29
21
19 39
19 8
19 15
19 38
19 40
19 0
19 20
19 10
19 41
19 37
19 11
19 42
19 27
19 17
19 21
19 46
19 14
19 45
19 7
19 49
19 29
21
20 35
20 2
20 46
20 39
20 24
20 1
20 14
20 45
20 5
20 28
20 37
20 3
20 33
20 36
20 7
20 22
20 13
20 32
20 10
20 49
20 9
14
21 37
21 40
21 22
21 41
21 32
21 44
21 20
21 33
21 36
21 3
21 18
21 24
21 46
21 23
20
22 47
22 33
22 36
22 1
22 19
22 17
22 11
22 37
22 9
22 46
22 2
22 34
22 26
22 4
22 40
22 14
22 42
22 3
22 18
22 39
23
23 28
23 2
23 33
23 15
23 13
23 31
23 36
23 22
23 47
23 30
23 44
23 48
23 14
23 40
23 10
23 20
23 49
23 7
23 27
23 25
23 39
23 43
23 19
21
24 31
24 7
24 17
24 37
24 43
24 13
24 34
24 1
24 28
24 36
24 16
24 22
24 3
24 45
24 46
24 26
24 23
24 19
24 49
24 11
24 18
27
25 42
25 15
25 37
25 35
25 26
25 38
25 9
25 0
25 45
25 29
25 36
25 4
25 17
25 41
25 11
25 43
25 8
25 16
25 2
25 33
25 21
25 20
25 7
25 24
25 5
25 14
25 10
16
26 14
26 8
26 23
26 38
26 30
26 27
26 42
26 16
26 6
26 11
26 46
26 13
26 47
26 29
26 28
26 15
14
27 15
27 8
27 11
27 31
27 41
27 46
27 38
27 32
27 20
27 40
27 28
27 33
27 14
27 13
20
28 10
28 25
28 2
28 5
28 39
28 31
28 34
28 35
28 44
28 4
28 1
28 7
28 13
28 16
28 6
28 43
28 14
28 42
28 3
28 46
24
29 13
29 5
29 33
29 4
29 17
29 22
29 39
29 23
29 27
29 28
29 36
29 24
29 43
29 7
29 35
29 30
29 21
29 9
29 41
29 32
29 16
29 44
29 1
29 2
18
30 13
30 22
30 41
30 21
30 25
30 32
30 16
30 37
30 39
30 19
30 9
30 28
30 33
30 0
30 46
30 6
30 7
30 1
17
31 25
31 0
31 40
31 2
31 21
31 26
31 15
31 47
31 9
31 20
31 42
31 49
31 45
31 22
31 29
31 32
31 8
18
32 34
32 18
32 6
32 25
32 46
32 26
32 48
32 28
32 47
32 22
32 24
32 19
32 37
32 40
32 43
32 49
32 7
32 44
17
33 24
33 41
33 1
33 0
33 26
33 48
33 31
33 17
33 7
33 14
33 12
33 11
33 16
33 4
33 42
33 34
33 9
21
34 14
34 39
34 38
34 20
34 0
34 25
34 47
34 49
34 31
34 19
34 40
34 12
34 46
34 29
34 35
34 36
34 30
34 37
34 18
34 8
34 27
22
35 41
35 13
35 9
35 30
35 22
35 21
35 24
35 33
35 17
35 46
35 38
35 10
35 16
35 42
35 12
35 47
35 1
35 31
35 49
35 32
35 48
35 37
18
36 43
36 35
36 15
36 49
36 46
36 16
36 19
36 41
36 27
36 10
36 40
36 30
36 31
36 28
36 44
36 5
36 26
36 39
18
37 3
37 5
37 13
37 14
37 40
37 47
37 23
37 28
37 2
37 27
37 17
37 8
37 42
37 36
37 11
37 33
37 1
37 31
18
38 36
38 32
38 22
38 33
38 47
38 11
38 49
38 10
38 20
38 8
38 29
38 41
38 31
38 17
38 45
38 7
38 28
38 37
20
39 32
39 4
39 38
39 11
39 21
39 15
39 25
39 42
39 27
39 26
39 48
39 24
39 10
39 8
39 1
39 35
39 47
39 33
39 31
39 44
16
40 26
40 4
40 3
40 33
40 7
40 44
40 14
40 5
40 18
40 38
40 2
40 16
40 28
40 45
40 20
40 8
21
41 3
41 22
41 4
41 43
41 39
41 9
41 37
41 46
41 40
41 28
41 24
41 45
41 1
41 12
41 7
41 11
41 5
41 31
41 14
41 17
41 10
16
42 24
42 1
42 17
42 2
42 44
42 4
42 27
42 41
42 11
42 47
42 13
42 48
42 30
42 20
42 46
42 38
17
43 35
43 42
43 2
43 40
43 39
43 26
43 21
43 33
43 20
43 48
43 49
43 27
43 13
43 17
43 4
43 6
43 1
18
44 9
44 27
44 20
44 24
44 37
44 6
44 12
44 35
44 15
44 22
44 41
44 13
44 33
44 1
44 48
44 31
44 30
44 25
19
45 11
45 13
45 1
45 9
45 14
45 29
45 21
45 18
45 44
45 0
45 37
45 27
45 47
45 49
45 4
45 28
45 16
45 46
45 32
17
46 1
46 5
46 6
46 25
46 3
46 17
46 39
46 44
46 4
46 38
46 37
46 23
46 49
46 31
46 7
46 43
46 9
20
47 3
47 25
47 4
47 11
47 40
47 9
47 0
47 28
47 5
47 29
47 21
47 19
47 15
47 30
47 24
47 13
47 20
47 17
47 49
47 43
27
48 38
48 34
48 10
48 20
48 16
48 7
48 18
48 6
48 21
48 8
48 13
48 27
48 46
48 40
48 36
48 29
48 31
48 22
48 30
48 19
48 0
48 9
48 45
48 41
48 37
48 26
48 28
21
49 39
49 3
49 21
49 27
49 14
49 25
49 28
49 37
49 10
49 0
49 40
49 11
49 42
49 7
49 29
49 5
49 16
49 41
49 4
49 18
49 22
