50
0 "A49"
1 "A14"
2 "A32"
3 "A12"
4 "A11"
5 "A18"
6 "A2"
7 "A47"
8 "A5"
9 "A15"
10 "A44"
11 "A40"
12 "A16"
13 "A42"
14 "A33"
15 "A10"
16 "A28"
17 "A22"
18 "A34"
19 "A8"
20 "A27"
21 "A48"
22 "A37"
23 "A46"
24 "A23"
25 "A17"
26 "A35"
27 "A13"
28 "A36"
29 "A4"
30 "A9"
31 "A26"
32 "A0"
33 "A25"
34 "A19"
35 "A24"
36 "A6"
37 "A43"
38 "A1"
39 "A45"
40 "A41"
41 "A20"
42 "A30"
43 "A31"
44 "A3"
45 "A39"
46 "A38"
47 "A29"
48 "A21"
49 "A7"
19
0 15
0 25
0 12
0 20
0 19
0 9
0 36
0 48
0 24
0 35
0 23
0 5
0 30
0 26
0 33
0 6
0 41
0 4
0 34
17
1 39
1 0
1 16
1 44
1 31
1 17
1 5
1 37
1 19
1 11
1 41
1 46
1 20
1 23
1 40
1 34
1 30
21
2 32
2 0
2 6
2 41
2 10
2 46
2 33
2 1
2 11
2 37
2 43
2 39
2 35
2 3
2 42
2 26
2 9
2 20
2 31
2 12
2 19
27
3 1
3 17
3 29
3 22
3 46
3 38
3 34
3 49
3 18
3 30
3 42
3 14
3 26
3 48
3 9
3 8
3 32
3 24
3 10
3 13
3 31
3 35
3 20
3 33
3 16
3 43
3 27
16
4 29
4 33
4 34
4 8
4 13
4 23
4 15
4 30
4 27
4 28
4 2
4 31
4 47
4 11
4 19
4 14
27
5 49
5 41
5 10
5 16
5 30
5 8
5 42
5 36
5 19
5 9
5 39
5 29
5 43
5 48
5 21
5 34
5 4
5 32
5 28
5 27
5 18
5 3
5 33
5 24
5 45
5 37
5 7
18
6 3
6 49
6 22
6 42
6 16
6 38
6 1
6 10
6 15
6 11
6 21
6 24
6 19
6 45
6 44
6 46
6 4
6 13
21
7 41
7 4
7 49
7 32
7 26
7 47
7 2
7 0
7 48
7 27
7 20
7 3
7 13
7 45
7 19
7 44
7 21
7 6
7 46
7 43
7 1
19
8 0
8 29
8 15
8 39
8 21
8 7
8 25
8 19
8 13
8 46
8 41
8 2
8 45
8 12
8 40
8 20
8 17
8 31
8 38
20
9 4
9 31
9 35
9 22
9 38
9 7
9 43
9 19
9 32
9 18
9 10
9 44
9 34
9 1
9 40
9 47
9 33
9 23
9 36
9 49
21
10 28
10 20
10 42
10 36
10 40
10 47
10 39
10 7
10 11
10 33
10 25
10 41
10 27
10 8
10 19
10 26
10 13
10 46
10 0
10 4
10 30
20
11 9
11 39
11 27
11 15
11 17
11 3
11 37
11 41
11 25
11 33
11 20
11 22
11 5
11 36
11 7
11 29
11 30
11 14
11 8
11 16
23
12 4
12 43
12 21
12 29
12 9
12 20
12 41
12 5
12 14
12 47
12 38
12 25
12 6
12 17
12 18
12 7
12 3
12 16
12 26
12 13
12 44
12 15
12 40
18
13 5
13 35
13 15
13 39
13 14
13 33
13 25
13 16
13 36
13 28
13 42
13 38
13 9
13 0
13 37
13 46
13 32
13 17
20
14 26
14 36
14 18
14 43
14 23
14 19
14 37
14 7
14 45
14 42
14 32
14 9
14 39
14 25
14 1
14 10
14 6
14 5
14 44
14 38
18
15 29
15 16
15 48
15 18
15 17
15 26
15 33
15 21
15 34
15 7
15 32
15 5
15 38
15 45
15 20
15 14
15 1
15 9
16
16 0
16 41
16 40
16 18
16 20
16 39
16 27
16 7
16 14
16 37
16 30
16 10
16 9
16 45
16 2
16 43
20
17 19
17 41
17 23
17 44
17 22
17 35
17 2
17 36
17 4
17 45
17 5
17 18
17 10
17 6
17 37
17 29
17 47
17 24
17 16
17 49
23
18 21
18 48
18 31
18 42
18 28
18 41
18 34
18 46
18 36
18 45
18 0
18 13
18 7
18 8
18 24
18 40
18 2
18 1
18 19
18 47
18 6
18 26
18 11
16
19 28
19 41
19 23
19 34
19 25
19 43
19 29
19 21
19 37
19 49
19 31
19 11
19 47
19 45
19 26
19 13
16
20 17
20 39
20 4
20 14
20 5
20 44
20 9
20 19
20 40
20 42
20 13
20 48
20 34
20 6
20 22
20 18
23
21 16
21 38
21 25
21 43
21 35
21 17
21 22
21 4
21 31
21 20
21 49
21 9
21 46
21 10
21 39
21 27
21 2
21 1
21 42
21 32
21 34
21 13
21 11
19
22 1
22 2
22 38
22 48
22 8
22 29
22 14
22 39
22 18
22 27
22 35
22 32
22 10
22 36
22 15
22 23
22 44
22 16
22 34
19
23 25
23 30
23 2
23 44
23 15
23 12
23 18
23 32
23 10
23 43
23 42
23 13
23 40
23 46
23 21
23 20
23 11
23 7
23 6
22
24 14
24 20
24 1
24 34
24 19
24 10
24 36
24 15
24 45
24 11
24 23
24 7
24 4
24 8
24 30
24 12
24 33
24 37
24 38
24 47
24 9
24 39
18
25 29
25 40
25 31
25 24
25 45
25 20
25 42
25 6
25 22
25 3
25 9
25 41
25 1
25 16
25 36
25 47
25 30
25 2
10
26 33
26 4
26 21
26 11
26 22
26 28
26 36
26 25
26 38
26 40
20
27 36
27 26
27 18
27 48
27 13
27 23
27 24
27 30
27 9
27 20
27 25
27 8
27 17
27 14
27 2
27 0
27 39
27 45
27 12
27 1
17
28 44
28 20
28 16
28 37
28 0
28 41
28 38
28 17
28 24
28 1
28 22
28 6
28 15
28 8
28 31
28 11
28 49
19
29 18
29 0
29 42
29 49
29 45
29 26
29 20
29 27
29 9
29 7
29 35
29 10
29 40
29 21
29 33
29 47
29 1
29 28
29 36
22
30 28
30 35
30 38
30 20
30 49
30 8
30 26
30 7
30 47
30 2
30 12
30 40
30 21
30 34
30 45
30 14
30 31
30 41
30 43
30 33
30 29
30 15
21
31 6
31 11
31 14
31 12
31 0
31 48
31 37
31 17
31 10
31 13
31 42
31 22
31 29
31 26
31 27
31 36
31 24
31 40
31 32
31 35
31 16
16
32 39
32 48
32 4
32 26
32 16
32 17
32 10
32 28
32 29
32 43
32 20
32 44
32 35
32 11
32 30
32 8
21
33 35
33 20
33 34
33 42
33 37
33 46
33 48
33 6
33 16
33 18
33 40
33 49
33 14
33 22
33 27
33 12
33 7
33 38
33 43
33 21
33 25
19
34 27
34 32
34 2
34 40
34 42
34 12
34 43
34 13
34 39
34 10
34 14
34 28
34 36
34 44
34 16
34 25
34 31
34 17
34 35
18
35 38
35 46
35 42
35 19
35 23
35 27
35 20
35 16
35 6
35 48
35 15
35 1
35 7
35 4
35 18
35 5
35 49
35 25
14
36 33
36 20
36 38
36 15
36 28
36 2
36 39
36 19
36 23
36 16
36 1
36 35
36 4
36 46
23
37 20
37 7
37 30
37 36
37 9
37 43
37 32
37 25
37 38
37 23
37 41
37 15
37 35
37 42
37 44
37 27
37 26
37 18
37 3
37 39
37 29
37 34
37 21
19
38 5
38 23
38 44
38 32
38 2
38 10
38 45
38 7
38 41
38 18
38 1
38 47
38 25
38 11
38 16
38 17
38 27
38 0
38 31
20
39 23
39 29
39 15
39 42
39 49
39 30
39 43
39 33
39 35
39 0
39 19
39 25
39 9
39 28
39 46
39 6
39 38
39 45
39 17
39 31
19
40 32
40 22
40 43
40 41
40 17
40 47
40 15
40 0
40 36
40 5
40 14
40 21
40 11
40 27
40 44
40 6
40 24
40 19
40 35
19
41 27
41 49
41 33
41 22
41 4
41 9
41 23
41 3
41 24
41 31
41 13
41 39
41 21
41 32
41 36
41 20
41 34
41 35
41 26
17
42 40
42 47
42 27
42 8
42 16
42 19
42 41
42 12
42 24
42 7
42 9
42 28
42 32
42 1
42 49
42 44
42 43
19
43 6
43 1
43 0
43 4
43 22
43 35
43 44
43 31
43 11
43 13
43 10
43 17
43 20
43 29
43 48
43 49
43 38
43 41
43 18
17
44 3
44 18
44 31
44 2
44 35
44 8
44 5
44 11
44 21
44 41
44 29
44 45
44 24
44 30
44 48
44 36
44 10
24
45 13
45 28
45 42
45 31
45 9
45 11
45 37
45 10
45 22
45 21
45 36
45 0
45 41
45 23
45 2
45 33
45 1
45 40
45 3
45 4
45 46
45 34
45 48
45 47
20
46 34
46 38
46 28
46 27
46 4
46 42
46 24
46 12
46 20
46 26
46 29
46 37
46 25
46 22
46 17
46 16
46 15
46 5
46 44
46 31
24
47 48
47 14
47 39
47 32
47 34
47 20
47 13
47 43
47 33
47 36
47 44
47 21
47 5
47 41
47 46
47 11
47 0
47 2
47 31
47 16
47 8
47 3
47 15
47 35
19
48 28
48 23
48 13
48 8
48 30
48 37
48 34
48 40
48 26
48 2
48 17
48 11
48 29
48 10
48 38
48 21
48 19
48 16
48 36
26
49 13
49 0
49 34
49 12
49 4
49 32
49 20
49 27
49 46
49 15
49 22
49 1
49 18
49 23
49 37
49 31
49 2
49 16
49 10
49 8
49 24
49 14
49 36
49 44
49 47
49 40
