50
0 "A49"
1 "A14"
2 "A32"
3 "A12"
4 "A11"
5 "A18"
6 "A2"
7 "A47"
8 "A5"
9 "A15"
10 "A44"
11 "A40"
12 "A16"
13 "A42"
14 "A33"
15 "A10"
16 "A28"
17 "A22"
18 "A34"
19 "A8"
20 "A27"
21 "A48"
22 "A37"
23 "A46"
24 "A23"
25 "A17"
26 "A35"
27 "A13"
28 "A36"
29 "A4"
30 "A9"
31 "A26"
32 "A0"
33 "A25"
34 "A19"
35 "A24"
36 "A6"
37 "A43"
38 "A1"
39 "A45"
40 "A41"
41 "A20"
42 "A30"
43 "A31"
44 "A3"
45 "A39"
46 "A38"
47 "A29"
48 "A21"
49 "A7"
23
0 17
0 11
0 20
0 9
0 5
0 26
0 19
0 36
0 45
0 10
0 7
0 33
0 12
0 14
0 6
0 23
0 40
0 37
0 43
0 34
0 28
0 8
0 44
13
1 24
1 15
1 4
1 11
1 38
1 25
1 16
1 41
1 21
1 43
1 19
1 0
1 22
18
2 18
2 21
2 25
2 31
2 4
2 26
2 39
2 46
2 5
2 1
2 32
2 35
2 6
2 22
2 0
2 13
2 27
2 44
19
3 1
3 31
3 16
3 18
3 23
3 43
3 49
3 2
3 14
3 38
3 0
3 20
3 5
3 27
3 37
3 29
3 8
3 28
3 11
17
4 33
4 20
4 32
4 10
4 27
4 3
4 7
4 15
4 11
4 40
4 46
4 6
4 43
4 8
4 5
4 42
4 26
16
5 15
5 18
5 38
5 46
5 25
5 8
5 48
5 45
5 6
5 31
5 12
5 42
5 32
5 29
5 16
5 21
17
6 8
6 36
6 20
6 35
6 33
6 44
6 21
6 13
6 46
6 10
6 40
6 1
6 37
6 45
6 18
6 11
6 43
24
7 2
7 42
7 36
7 34
7 14
7 21
7 3
7 13
7 22
7 11
7 46
7 8
7 29
7 5
7 17
7 39
7 47
7 20
7 9
7 32
7 19
7 23
7 41
7 45
17
8 39
8 30
8 21
8 2
8 31
8 1
8 10
8 24
8 23
8 12
8 20
8 47
8 48
8 37
8 14
8 11
8 13
21
9 27
9 33
9 10
9 30
9 2
9 32
9 1
9 42
9 8
9 5
9 39
9 47
9 49
9 46
9 40
9 13
9 6
9 31
9 48
9 3
9 37
20
10 23
10 22
10 19
10 11
10 5
10 12
10 35
10 47
10 27
10 13
10 45
10 20
10 49
10 25
10 30
10 29
10 2
10 14
10 41
10 36
22
11 43
11 38
11 14
11 30
11 28
11 27
11 16
11 20
11 37
11 46
11 32
11 36
11 23
11 15
11 2
11 18
11 34
11 26
11 45
11 42
11 21
11 25
24
12 40
12 7
12 22
12 3
12 37
12 13
12 42
12 29
12 31
12 20
12 35
12 11
12 36
12 6
12 21
12 2
12 38
12 9
12 17
12 1
12 30
12 32
12 14
12 41
17
13 1
13 25
13 29
13 41
13 40
13 11
13 0
13 22
13 32
13 27
13 4
13 5
13 17
13 43
13 33
13 19
13 42
23
14 38
14 9
14 19
14 33
14 5
14 46
14 41
14 15
14 16
14 6
14 35
14 49
14 18
14 4
14 34
14 26
14 13
14 43
14 1
14 36
14 30
14 31
14 37
16
15 0
15 31
15 40
15 24
15 37
15 21
15 30
15 17
15 32
15 39
15 12
15 7
15 8
15 13
15 35
15 33
22
16 45
16 2
16 32
16 35
16 7
16 44
16 4
16 31
16 33
16 43
16 6
16 37
16 10
16 49
16 19
16 0
16 21
16 29
16 12
16 22
16 9
16 13
17
17 24
17 6
17 29
17 1
17 9
17 3
17 2
17 16
17 10
17 8
17 33
17 38
17 23
17 11
17 4
17 19
17 46
22
18 10
18 40
18 22
18 35
18 46
18 43
18 25
18 4
18 8
18 15
18 12
18 30
18 24
18 48
18 44
18 23
18 1
18 17
18 28
18 29
18 7
18 0
18
19 11
19 18
19 29
19 5
19 39
19 31
19 20
19 37
19 4
19 36
19 30
19 3
19 40
19 25
19 49
19 34
19 44
19 9
22
20 30
20 33
20 29
20 34
20 5
20 43
20 2
20 41
20 15
20 1
20 35
20 47
20 14
20 25
20 42
20 39
20 22
20 24
20 16
20 17
20 26
20 31
21
21 3
21 41
21 20
21 44
21 32
21 28
21 9
21 48
21 47
21 17
21 25
21 18
21 22
21 49
21 33
21 36
21 37
21 0
21 29
21 13
21 34
20
22 30
22 43
22 9
22 27
22 4
22 14
22 0
22 35
22 38
22 15
22 39
22 49
22 44
22 24
22 3
22 36
22 40
22 28
22 31
22 19
22
23 33
23 20
23 21
23 36
23 49
23 42
23 2
23 1
23 25
23 26
23 46
23 13
23 9
23 43
23 14
23 39
23 15
23 19
23 40
23 16
23 38
23 37
18
24 48
24 19
24 9
24 10
24 5
24 6
24 14
24 12
24 41
24 23
24 16
24 21
24 4
24 37
24 34
24 29
24 0
24 39
22
25 15
25 27
25 42
25 35
25 30
25 34
25 40
25 0
25 46
25 4
25 31
25 49
25 9
25 24
25 28
25 17
25 26
25 33
25 48
25 38
25 7
25 43
16
26 42
26 32
26 6
26 12
26 3
26 15
26 10
26 1
26 38
26 16
26 19
26 44
26 35
26 21
26 13
26 48
25
27 34
27 20
27 48
27 7
27 33
27 38
27 44
27 42
27 23
27 28
27 40
27 21
27 45
27 43
27 5
27 14
27 41
27 18
27 12
27 37
27 46
27 15
27 24
27 1
27 0
21
28 37
28 38
28 31
28 17
28 1
28 8
28 36
28 4
28 13
28 20
28 29
28 9
28 14
28 15
28 23
28 35
28 47
28 26
28 5
28 34
28 6
16
29 27
29 25
29 15
29 4
29 30
29 43
29 1
29 14
29 37
29 32
29 48
29 11
29 44
29 8
29 39
29 2
19
30 3
30 36
30 26
30 17
30 41
30 42
30 7
30 0
30 40
30 35
30 38
30 32
30 1
30 24
30 27
30 23
30 21
30 47
30 39
20
31 39
31 1
31 29
31 7
31 13
31 30
31 4
31 45
31 23
31 44
31 6
31 49
31 18
31 42
31 27
31 21
31 47
31 32
31 41
31 48
21
32 41
32 42
32 43
32 47
32 37
32 8
32 27
32 1
32 24
32 40
32 17
32 46
32 35
32 34
32 23
32 25
32 44
32 6
32 14
32 36
32 28
20
33 32
33 36
33 38
33 19
33 40
33 43
33 3
33 49
33 45
33 29
33 7
33 46
33 48
33 39
33 42
33 22
33 18
33 26
33 41
33 11
21
34 31
34 46
34 3
34 43
34 48
34 45
34 2
34 29
34 9
34 13
34 17
34 1
34 18
34 47
34 8
34 38
34 6
34 33
34 39
34 26
34 30
20
35 11
35 34
35 31
35 27
35 36
35 48
35 47
35 38
35 29
35 5
35 45
35 9
35 24
35 7
35 33
35 3
35 23
35 42
35 21
35 17
20
36 3
36 27
36 40
36 38
36 4
36 26
36 13
36 49
36 8
36 29
36 31
36 16
36 17
36 44
36 48
36 18
36 9
36 34
36 43
36 1
21
37 13
37 2
37 47
37 5
37 42
37 43
37 36
37 34
37 10
37 39
37 18
37 41
37 7
37 49
37 35
37 26
37 20
37 30
37 22
37 31
37 1
17
38 31
38 2
38 10
38 47
38 6
38 20
38 41
38 49
38 37
38 24
38 18
38 32
38 15
38 29
38 21
38 19
38 46
19
39 40
39 4
39 17
39 42
39 35
39 25
39 36
39 0
39 18
39 43
39 1
39 12
39 26
39 16
39 28
39 13
39 27
39 47
39 32
21
40 20
40 26
40 38
40 48
40 31
40 46
40 35
40 16
40 34
40 10
40 17
40 28
40 47
40 7
40 21
40 37
40 44
40 3
40 8
40 42
40 1
20
41 43
41 3
41 47
41 11
41 48
41 23
41 29
41 46
41 5
41 4
41 40
41 44
41 28
41 25
41 17
41 6
41 2
41 22
41 15
41 26
18
42 21
42 15
42 18
42 3
42 14
42 0
42 36
42 16
42 45
42 41
42 29
42 34
42 22
42 38
42 10
42 47
42 44
42 17
16
43 26
43 48
43 47
43 7
43 8
43 40
43 15
43 49
43 31
43 17
43 30
43 44
43 12
43 5
43 45
43 2
18
44 38
44 3
44 7
44 10
44 8
44 30
44 5
44 28
44 14
44 9
44 39
44 35
44 13
44 49
44 33
44 23
44 34
44 25
18
45 4
45 20
45 21
45 2
45 13
45 39
45 15
45 23
45 26
45 37
45 25
45 12
45 1
45 48
45 19
45 28
45 8
45 17
20
46 43
46 42
46 24
46 44
46 20
46 29
46 13
46 16
46 36
46 45
46 12
46 26
46 28
46 30
46 37
46 1
46 3
46 19
46 21
46 47
17
47 48
47 14
47 11
47 27
47 29
47 0
47 24
47 15
47 44
47 12
47 33
47 49
47 1
47 22
47 5
47 16
47 6
21
48 23
48 10
48 20
48 7
48 44
48 12
48 22
48 39
48 11
48 2
48 1
48 37
48 42
48 16
48 13
48 6
48 3
48 14
48 30
48 19
48 32
24
49 30
49 4
49 24
49 42
49 6
49 0
49 7
49 46
49 13
49 34
49 11
49 18
49 8
49 2
49 48
49 15
49 41
49 32
49 20
49 26
49 17
49 45
49 27
49 40
