50
0 "A0"
1 "A12"
2 "A22"
3 "A1"
4 "A35"
5 "A23"
6 "A17"
7 "A24"
8 "A48"
9 "A33"
10 "A26"
11 "A4"
12 "A3"
13 "A6"
14 "A21"
15 "A47"
16 "A2"
17 "A9"
18 "A43"
19 "A8"
20 "A10"
21 "A11"
22 "A39"
23 "A41"
24 "A14"
25 "A20"
26 "A40"
27 "A30"
28 "A37"
29 "A31"
30 "A34"
31 "A46"
32 "A7"
33 "A19"
34 "A25"
35 "A13"
36 "A38"
37 "A36"
38 "A44"
39 "A28"
40 "A32"
41 "A16"
42 "A42"
43 "A49"
44 "A27"
45 "A15"
46 "A5"
47 "A29"
48 "A45"
49 "A18"
18
0 46
0 28
0 43
0 2
0 9
0 32
0 40
0 7
0 26
0 30
0 49
0 25
0 11
0 19
0 20
0 13
0 17
0 42
20
1 43
1 44
1 16
1 21
1 48
1 9
1 35
1 11
1 14
1 0
1 46
1 10
1 37
1 23
1 34
1 20
1 30
1 33
1 40
1 36
26
2 46
2 35
2 39
2 36
2 5
2 3
2 11
2 30
2 42
2 49
2 32
2 14
2 17
2 12
2 34
2 19
2 45
2 38
2 4
2 33
2 10
2 23
2 21
2 6
2 20
2 27
26
3 1
3 36
3 24
3 29
3 46
3 12
3 49
3 38
3 40
3 0
3 5
3 8
3 30
3 34
3 10
3 15
3 7
3 20
3 28
3 48
3 35
3 25
3 42
3 37
3 4
3 11
18
4 11
4 36
4 39
4 17
4 29
4 30
4 31
4 44
4 46
4 8
4 7
4 23
4 26
4 42
4 24
4 32
4 5
4 0
20
5 6
5 21
5 37
5 42
5 48
5 17
5 1
5 27
5 9
5 10
5 26
5 30
5 25
5 43
5 29
5 11
5 23
5 15
5 16
5 38
18
6 1
6 47
6 43
6 14
6 27
6 19
6 39
6 49
6 24
6 4
6 0
6 20
6 33
6 9
6 12
6 48
6 36
6 32
14
7 42
7 31
7 29
7 5
7 38
7 47
7 45
7 23
7 15
7 6
7 19
7 41
7 28
7 40
19
8 23
8 46
8 14
8 5
8 39
8 37
8 33
8 42
8 44
8 15
8 29
8 48
8 2
8 40
8 17
8 35
8 1
8 13
8 49
20
9 44
9 33
9 11
9 8
9 7
9 26
9 41
9 32
9 2
9 10
9 20
9 14
9 4
9 19
9 3
9 29
9 46
9 17
9 12
9 49
16
10 36
10 25
10 17
10 29
10 27
10 21
10 12
10 32
10 41
10 6
10 4
10 16
10 40
10 37
10 35
10 30
19
11 19
11 33
11 15
11 20
11 10
11 37
11 36
11 16
11 29
11 6
11 7
11 31
11 8
11 23
11 21
11 28
11 48
11 25
11 13
12
12 48
12 5
12 20
12 23
12 0
12 22
12 33
12 8
12 38
12 21
12 1
12 7
16
13 43
13 34
13 41
13 19
13 7
13 14
13 45
13 12
13 2
13 5
13 1
13 39
13 46
13 38
13 3
13 48
24
14 11
14 41
14 3
14 48
14 29
14 0
14 20
14 45
14 38
14 46
14 10
14 16
14 28
14 43
14 24
14 4
14 47
14 44
14 42
14 25
14 39
14 7
14 33
14 31
17
15 12
15 13
15 10
15 14
15 41
15 21
15 44
15 16
15 32
15 4
15 22
15 2
15 1
15 48
15 9
15 33
15 18
22
16 25
16 20
16 12
16 6
16 3
16 23
16 48
16 41
16 43
16 13
16 4
16 0
16 39
16 35
16 36
16 2
16 42
16 26
16 9
16 22
16 37
16 8
17
17 34
17 29
17 15
17 22
17 13
17 23
17 6
17 28
17 39
17 27
17 12
17 41
17 31
17 16
17 37
17 36
17 1
23
18 17
18 5
18 8
18 0
18 48
18 6
18 47
18 16
18 2
18 44
18 7
18 12
18 28
18 13
18 34
18 21
18 19
18 9
18 45
18 27
18 31
18 11
18 26
21
19 10
19 17
19 16
19 44
19 5
19 45
19 3
19 47
19 26
19 22
19 8
19 31
19 46
19 1
19 21
19 36
19 14
19 38
19 4
19 29
19 12
20
20 26
20 39
20 36
20 34
20 41
20 7
20 5
20 43
20 27
20 40
20 15
20 13
20 29
20 19
20 4
20 37
20 23
20 22
20 45
20 17
16
21 8
21 26
21 46
21 34
21 32
21 3
21 13
21 4
21 9
21 0
21 30
21 16
21 31
21 17
21 45
21 41
22
22 0
22 18
22 48
22 46
22 13
22 11
22 23
22 44
22 14
22 47
22 45
22 1
22 5
22 21
22 33
22 7
22 10
22 9
22 2
22 32
22 6
22 4
18
23 6
23 14
23 47
23 46
23 18
23 31
23 21
23 19
23 44
23 24
23 35
23 9
23 49
23 37
23 28
23 30
23 38
23 40
25
24 1
24 39
24 9
24 7
24 31
24 0
24 35
24 8
24 16
24 10
24 28
24 19
24 22
24 20
24 27
24 41
24 15
24 18
24 21
24 13
24 48
24 40
24 34
24 45
24 33
21
25 9
25 7
25 18
25 12
25 20
25 33
25 38
25 6
25 23
25 42
25 46
25 24
25 49
25 45
25 28
25 48
25 41
25 19
25 8
25 17
25 2
23
26 14
26 31
26 12
26 3
26 15
26 41
26 11
26 38
26 25
26 22
26 32
26 10
26 40
26 13
26 7
26 48
26 24
26 39
26 6
26 29
26 30
26 37
26 23
22
27 8
27 42
27 38
27 22
27 25
27 21
27 40
27 7
27 49
27 19
27 30
27 9
27 28
27 34
27 15
27 47
27 0
27 39
27 13
27 31
27 45
27 36
22
28 30
28 12
28 26
28 1
28 20
28 13
28 4
28 2
28 32
28 37
28 49
28 16
28 15
28 44
28 22
28 46
28 6
28 42
28 41
28 29
28 5
28 33
20
29 48
29 31
29 15
29 43
29 33
29 35
29 39
29 22
29 44
29 25
29 38
29 6
29 37
29 21
29 40
29 16
29 0
29 47
29 2
29 12
22
30 38
30 8
30 24
30 20
30 12
30 40
30 11
30 39
30 43
30 29
30 6
30 7
30 44
30 45
30 22
30 13
30 19
30 14
30 15
30 18
30 17
30 9
19
31 30
31 22
31 32
31 20
31 9
31 5
31 49
31 46
31 35
31 3
31 25
31 2
31 8
31 48
31 10
31 15
31 0
31 33
31 13
18
32 8
32 25
32 42
32 7
32 13
32 12
32 17
32 11
32 35
32 5
32 34
32 30
32 27
32 20
32 18
32 43
32 16
32 1
14
33 44
33 4
33 48
33 36
33 7
33 17
33 38
33 18
33 30
33 34
33 45
33 13
33 20
33 32
22
34 46
34 31
34 28
34 38
34 6
34 43
34 48
34 29
34 10
34 14
34 35
34 23
34 39
34 5
34 7
34 22
34 30
34 25
34 19
34 26
34 16
34 9
21
35 45
35 27
35 7
35 4
35 13
35 19
35 9
35 28
35 33
35 18
35 20
35 36
35 44
35 42
35 48
35 21
35 5
35 49
35 14
35 46
35 17
19
36 5
36 47
36 31
36 23
36 24
36 15
36 34
36 21
36 26
36 37
36 22
36 28
36 13
36 0
36 30
36 32
36 43
36 41
36 25
15
37 40
37 21
37 44
37 18
37 30
37 32
37 24
37 38
37 6
37 9
37 12
37 33
37 4
37 0
37 35
16
38 41
38 17
38 8
38 10
38 1
38 15
38 11
38 35
38 0
38 40
38 18
38 42
38 48
38 36
38 31
38 24
21
39 31
39 15
39 19
39 25
39 18
39 47
39 40
39 23
39 12
39 7
39 22
39 10
39 0
39 33
39 35
39 43
39 28
39 36
39 46
39 11
39 37
19
40 33
40 18
40 25
40 19
40 11
40 47
40 31
40 21
40 9
40 12
40 6
40 36
40 41
40 14
40 34
40 22
40 5
40 35
40 15
21
41 33
41 5
41 2
41 23
41 11
41 4
41 49
41 19
41 46
41 6
41 1
41 39
41 34
41 27
41 3
41 8
41 29
41 0
41 42
41 31
41 12
23
42 29
42 47
42 49
42 48
42 19
42 24
42 10
42 17
42 1
42 43
42 12
42 21
42 13
42 22
42 37
42 34
42 11
42 9
42 31
42 33
42 6
42 26
42 30
19
43 37
43 27
43 2
43 8
43 23
43 40
43 19
43 15
43 12
43 10
43 7
43 3
43 22
43 24
43 25
43 28
43 41
43 9
43 35
21
44 13
44 6
44 16
44 2
44 24
44 5
44 11
44 38
44 21
44 42
44 36
44 48
44 27
44 17
44 49
44 25
44 32
44 20
44 12
44 40
44 7
19
45 34
45 1
45 3
45 39
45 6
45 29
45 32
45 17
45 38
45 40
45 26
45 46
45 28
45 31
45 41
45 44
45 4
45 11
45 10
15
46 37
46 44
46 36
46 27
46 7
46 40
46 11
46 30
46 26
46 17
46 38
46 32
46 20
46 5
46 16
23
47 5
47 2
47 17
47 43
47 0
47 30
47 11
47 13
47 9
47 38
47 49
47 16
47 41
47 34
47 45
47 46
47 15
47 31
47 25
47 12
47 10
47 3
47 1
15
48 4
48 41
48 32
48 7
48 21
48 2
48 46
48 47
48 40
48 39
48 0
48 20
48 30
48 17
48 27
23
49 39
49 10
49 26
49 24
49 30
49 5
49 29
49 16
49 18
49 34
49 14
49 22
49 17
49 45
49 43
49 46
49 32
49 37
49 33
49 19
49 4
49 38
49 48
