50
0 "A0"
1 "A12"
2 "A22"
3 "A1"
4 "A35"
5 "A23"
6 "A17"
7 "A24"
8 "A48"
9 "A33"
10 "A26"
11 "A4"
12 "A3"
13 "A6"
14 "A21"
15 "A47"
16 "A2"
17 "A9"
18 "A43"
19 "A8"
20 "A10"
21 "A11"
22 "A39"
23 "A41"
24 "A14"
25 "A20"
26 "A40"
27 "A30"
28 "A37"
29 "A31"
30 "A34"
31 "A46"
32 "A7"
33 "A19"
34 "A25"
35 "A13"
36 "A38"
37 "A36"
38 "A44"
39 "A28"
40 "A32"
41 "A16"
42 "A42"
43 "A49"
44 "A27"
45 "A15"
46 "A5"
47 "A29"
48 "A45"
49 "A18"
24
0 3
0 9
0 32
0 30
0 36
0 35
0 42
0 17
0 37
0 31
0 28
0 39
0 4
0 16
0 26
0 8
0 25
0 21
0 19
0 33
0 22
0 7
0 48
0 11
15
1 29
1 12
1 31
1 27
1 6
1 11
1 0
1 25
1 16
1 19
1 44
1 34
1 28
1 22
1 10
19
2 13
2 28
2 17
2 31
2 34
2 42
2 48
2 3
2 6
2 1
2 33
2 41
2 12
2 7
2 14
2 0
2 45
2 10
2 40
21
3 24
3 21
3 34
3 22
3 31
3 45
3 8
3 33
3 4
3 11
3 37
3 42
3 17
3 7
3 1
3 16
3 30
3 35
3 25
3 9
3 47
18
4 20
4 1
4 14
4 5
4 7
4 17
4 24
4 9
4 42
4 34
4 15
4 28
4 41
4 2
4 16
4 43
4 36
4 35
17
5 33
5 17
5 18
5 48
5 6
5 15
5 24
5 47
5 16
5 43
5 2
5 3
5 21
5 11
5 44
5 45
5 31
19
6 45
6 41
6 49
6 46
6 16
6 48
6 34
6 37
6 25
6 26
6 17
6 27
6 42
6 9
6 32
6 8
6 24
6 11
6 19
18
7 13
7 19
7 43
7 26
7 16
7 15
7 9
7 1
7 10
7 41
7 6
7 34
7 46
7 11
7 48
7 5
7 8
7 17
18
8 39
8 1
8 49
8 12
8 18
8 35
8 46
8 48
8 37
8 43
8 32
8 22
8 34
8 28
8 38
8 4
8 21
8 11
19
9 47
9 5
9 25
9 36
9 41
9 11
9 20
9 39
9 37
9 32
9 2
9 46
9 31
9 38
9 15
9 34
9 13
9 8
9 10
20
10 5
10 28
10 43
10 42
10 47
10 18
10 27
10 16
10 6
10 39
10 12
10 22
10 33
10 48
10 0
10 3
10 31
10 49
10 30
10 24
16
11 27
11 4
11 40
11 13
11 21
11 30
11 33
11 47
11 23
11 45
11 22
11 18
11 10
11 2
11 12
11 36
23
12 22
12 47
12 16
12 13
12 41
12 38
12 30
12 40
12 33
12 6
12 17
12 31
12 7
12 4
12 9
12 26
12 20
12 21
12 19
12 35
12 23
12 5
12 36
15
13 38
13 37
13 22
13 5
13 35
13 21
13 16
13 33
13 23
13 4
13 10
13 0
13 6
13 17
13 8
21
14 3
14 11
14 16
14 37
14 15
14 8
14 48
14 36
14 28
14 24
14 6
14 30
14 19
14 43
14 7
14 5
14 17
14 39
14 13
14 0
14 44
30
15 22
15 47
15 23
15 2
15 24
15 1
15 13
15 36
15 37
15 6
15 33
15 18
15 39
15 0
15 12
15 11
15 44
15 30
15 16
15 28
15 32
15 3
15 34
15 41
15 25
15 45
15 10
15 48
15 29
15 27
15
16 36
16 8
16 23
16 25
16 21
16 11
16 27
16 2
16 31
16 28
16 9
16 17
16 34
16 43
16 49
14
17 24
17 1
17 30
17 10
17 39
17 8
17 34
17 48
17 41
17 11
17 9
17 40
17 42
17 28
19
18 7
18 39
18 35
18 48
18 6
18 44
18 3
18 4
18 9
18 13
18 47
18 34
18 14
18 32
18 33
18 27
18 1
18 12
18 30
16
19 25
19 3
19 17
19 38
19 41
19 5
19 37
19 11
19 16
19 2
19 9
19 15
19 4
19 8
19 36
19 32
26
20 11
20 13
20 26
20 42
20 46
20 17
20 8
20 18
20 29
20 40
20 31
20 22
20 30
20 10
20 43
20 47
20 38
20 2
20 3
20 14
20 25
20 6
20 48
20 19
20 41
20 28
13
21 20
21 7
21 48
21 32
21 31
21 38
21 22
21 46
21 19
21 15
21 36
21 42
21 6
16
22 2
22 23
22 44
22 33
22 7
22 40
22 39
22 27
22 17
22 14
22 26
22 35
22 4
22 36
22 37
22 9
22
23 28
23 30
23 27
23 14
23 42
23 3
23 1
23 37
23 49
23 46
23 33
23 45
23 41
23 2
23 35
23 17
23 8
23 39
23 19
23 21
23 0
23 47
19
24 23
24 48
24 18
24 49
24 35
24 41
24 1
24 20
24 32
24 13
24 2
24 33
24 16
24 27
24 30
24 0
24 43
24 22
24 40
20
25 36
25 33
25 48
25 2
25 41
25 29
25 7
25 39
25 34
25 38
25 21
25 35
25 11
25 5
25 30
25 12
25 43
25 18
25 14
25 10
20
26 4
26 16
26 24
26 37
26 5
26 19
26 27
26 15
26 3
26 34
26 49
26 48
26 42
26 2
26 32
26 33
26 45
26 41
26 14
26 40
20
27 3
27 36
27 4
27 17
27 12
27 9
27 45
27 47
27 34
27 7
27 44
27 2
27 5
27 19
27 20
27 0
27 13
27 42
27 46
27 40
17
28 46
28 12
28 43
28 6
28 24
28 19
28 37
28 5
28 49
28 31
28 22
28 11
28 40
28 27
28 48
28 34
28 3
25
29 6
29 47
29 3
29 9
29 2
29 10
29 0
29 45
29 30
29 48
29 4
29 42
29 8
29 14
29 33
29 26
29 43
29 13
29 18
29 41
29 22
29 21
29 36
29 5
29 31
19
30 44
30 32
30 27
30 19
30 8
30 16
30 41
30 13
30 35
30 38
30 6
30 7
30 42
30 28
30 46
30 39
30 4
30 21
30 26
22
31 32
31 8
31 4
31 49
31 7
31 42
31 36
31 38
31 17
31 24
31 25
31 41
31 22
31 46
31 39
31 27
31 43
31 33
31 23
31 6
31 13
31 14
21
32 13
32 17
32 14
32 12
32 48
32 42
32 1
32 45
32 33
32 28
32 22
32 25
32 41
32 2
32 11
32 7
32 39
32 4
32 29
32 16
32 44
15
33 49
33 27
33 17
33 48
33 36
33 21
33 16
33 7
33 39
33 14
33 28
33 4
33 41
33 9
33 47
21
34 48
34 0
34 13
34 39
34 22
34 10
34 31
34 21
34 43
34 42
34 45
34 23
34 5
34 49
34 19
34 14
34 32
34 11
34 33
34 38
34 20
17
35 15
35 10
35 5
35 27
35 6
35 26
35 21
35 28
35 31
35 33
35 47
35 34
35 17
35 7
35 9
35 32
35 19
19
36 26
36 24
36 35
36 10
36 44
36 2
36 46
36 40
36 23
36 18
36 3
36 41
36 7
36 6
36 20
36 34
36 5
36 39
36 32
21
37 46
37 27
37 20
37 48
37 25
37 7
37 40
37 21
37 41
37 31
37 29
37 30
37 17
37 36
37 34
37 49
37 5
37 45
37 4
37 2
37 33
25
38 26
38 18
38 29
38 49
38 44
38 46
38 32
38 5
38 28
38 10
38 27
38 14
38 33
38 4
38 22
38 16
38 47
38 23
38 3
38 15
38 6
38 36
38 11
38 35
38 2
21
39 7
39 20
39 12
39 41
39 6
39 49
39 38
39 5
39 1
39 29
39 13
39 24
39 37
39 43
39 16
39 27
39 44
39 26
39 35
39 11
39 40
26
40 13
40 21
40 8
40 7
40 10
40 25
40 9
40 0
40 49
40 19
40 4
40 34
40 33
40 1
40 18
40 46
40 6
40 23
40 35
40 14
40 47
40 3
40 42
40 15
40 5
40 38
18
41 47
41 40
41 5
41 22
41 0
41 35
41 13
41 42
41 16
41 43
41 1
41 34
41 27
41 10
41 3
41 21
41 14
41 46
19
42 1
42 37
42 44
42 16
42 24
42 35
42 18
42 46
42 22
42 48
42 7
42 14
42 11
42 33
42 28
42 15
42 13
42 12
42 36
20
43 22
43 19
43 12
43 6
43 2
43 30
43 47
43 37
43 15
43 23
43 38
43 9
43 36
43 26
43 48
43 32
43 17
43 40
43 11
43 1
24
44 17
44 40
44 8
44 4
44 45
44 43
44 31
44 41
44 11
44 37
44 12
44 29
44 34
44 26
44 9
44 20
44 33
44 6
44 13
44 47
44 3
44 25
44 28
44 19
24
45 31
45 24
45 38
45 13
45 33
45 42
45 20
45 43
45 49
45 47
45 28
45 7
45 22
45 14
45 1
45 17
45 21
45 39
45 0
45 12
45 25
45 35
45 19
45 9
21
46 14
46 35
46 44
46 29
46 33
46 17
46 25
46 19
46 1
46 32
46 48
46 12
46 13
46 39
46 5
46 11
46 3
46 0
46 49
46 10
46 2
19
47 37
47 2
47 30
47 31
47 13
47 39
47 17
47 0
47 26
47 36
47 25
47 1
47 21
47 14
47 22
47 48
47 6
47 8
47 32
14
48 39
48 16
48 9
48 31
48 23
48 3
48 13
48 22
48 38
48 19
48 41
48 45
48 27
48 36
19
49 25
49 14
49 48
49 19
49 30
49 12
49 35
49 32
49 7
49 41
49 2
49 47
49 1
49 4
49 3
49 36
49 22
49 44
49 0
