50
0 "A0"
1 "A12"
2 "A22"
3 "A1"
4 "A35"
5 "A23"
6 "A17"
7 "A24"
8 "A48"
9 "A33"
10 "A26"
11 "A4"
12 "A3"
13 "A6"
14 "A21"
15 "A47"
16 "A2"
17 "A9"
18 "A43"
19 "A8"
20 "A10"
21 "A11"
22 "A39"
23 "A41"
24 "A14"
25 "A20"
26 "A40"
27 "A30"
28 "A37"
29 "A31"
30 "A34"
31 "A46"
32 "A7"
33 "A19"
34 "A25"
35 "A13"
36 "A38"
37 "A36"
38 "A44"
39 "A28"
40 "A32"
41 "A16"
42 "A42"
43 "A49"
44 "A27"
45 "A15"
46 "A5"
47 "A29"
48 "A45"
49 "A18"
22
0 31
0 10
0 44
0 18
0 40
0 30
0 29
0 9
0 4
0 11
0 37
0 25
0 19
0 36
0 24
0 34
0 46
0 3
0 26
0 6
0 8
0 49
21
1 11
1 16
1 17
1 5
1 4
1 24
1 0
1 26
1 10
1 7
1 47
1 44
1 8
1 37
1 3
1 22
1 31
1 18
1 13
1 28
1 27
20
2 22
2 5
2 47
2 41
2 46
2 12
2 15
2 24
2 39
2 36
2 19
2 26
2 49
2 31
2 25
2 44
2 3
2 37
2 0
2 45
25
3 43
3 18
3 5
3 22
3 8
3 38
3 47
3 46
3 24
3 17
3 33
3 34
3 6
3 21
3 36
3 20
3 37
3 30
3 32
3 25
3 48
3 40
3 10
3 26
3 41
20
4 5
4 42
4 37
4 2
4 48
4 11
4 33
4 34
4 41
4 29
4 22
4 38
4 31
4 12
4 44
4 40
4 46
4 32
4 45
4 27
18
5 7
5 24
5 40
5 22
5 9
5 28
5 15
5 23
5 37
5 21
5 27
5 17
5 45
5 49
5 29
5 13
5 38
5 16
20
6 25
6 21
6 33
6 22
6 31
6 48
6 44
6 27
6 38
6 14
6 15
6 13
6 9
6 39
6 11
6 19
6 4
6 23
6 1
6 32
21
7 41
7 0
7 35
7 16
7 25
7 10
7 6
7 36
7 14
7 30
7 43
7 13
7 28
7 44
7 20
7 4
7 39
7 17
7 3
7 18
7 26
16
8 10
8 15
8 17
8 22
8 40
8 6
8 26
8 33
8 23
8 12
8 49
8 37
8 42
8 34
8 31
8 25
20
9 7
9 46
9 2
9 26
9 48
9 16
9 28
9 3
9 39
9 4
9 10
9 47
9 19
9 34
9 13
9 11
9 12
9 37
9 1
9 31
18
10 19
10 25
10 37
10 41
10 6
10 33
10 36
10 23
10 28
10 32
10 26
10 22
10 40
10 31
10 15
10 20
10 16
10 14
15
11 45
11 37
11 2
11 3
11 15
11 35
11 46
11 7
11 24
11 44
11 36
11 26
11 30
11 10
11 8
20
12 6
12 1
12 38
12 30
12 32
12 0
12 3
12 33
12 39
12 20
12 34
12 36
12 5
12 7
12 15
12 42
12 49
12 45
12 14
12 11
22
13 21
13 27
13 26
13 25
13 45
13 20
13 23
13 10
13 31
13 32
13 48
13 44
13 49
13 35
13 39
13 12
13 8
13 16
13 43
13 17
13 46
13 33
19
14 38
14 47
14 13
14 5
14 26
14 2
14 0
14 9
14 46
14 4
14 37
14 43
14 39
14 25
14 28
14 1
14 3
14 34
14 30
18
15 4
15 43
15 18
15 16
15 35
15 46
15 44
15 7
15 37
15 36
15 34
15 14
15 23
15 38
15 9
15 0
15 45
15 42
19
16 31
16 11
16 34
16 43
16 35
16 4
16 0
16 2
16 40
16 26
16 8
16 6
16 48
16 29
16 28
16 45
16 3
16 21
16 39
18
17 2
17 10
17 31
17 46
17 4
17 21
17 12
17 20
17 40
17 0
17 42
17 29
17 34
17 33
17 38
17 27
17 9
17 24
15
18 14
18 35
18 10
18 5
18 39
18 6
18 19
18 2
18 8
18 13
18 17
18 43
18 23
18 30
18 32
26
19 1
19 16
19 14
19 30
19 12
19 5
19 38
19 13
19 23
19 3
19 27
19 25
19 21
19 29
19 47
19 32
19 45
19 40
19 17
19 43
19 33
19 24
19 4
19 42
19 20
19 11
19
20 33
20 16
20 48
20 1
20 5
20 2
20 24
20 0
20 47
20 29
20 21
20 49
20 23
20 9
20 28
20 18
20 46
20 32
20 26
19
21 38
21 8
21 22
21 1
21 7
21 39
21 0
21 46
21 24
21 18
21 14
21 15
21 26
21 4
21 10
21 40
21 27
21 43
21 11
20
22 26
22 42
22 12
22 11
22 40
22 0
22 32
22 39
22 18
22 49
22 38
22 29
22 47
22 7
22 37
22 35
22 16
22 48
22 41
22 13
18
23 22
23 35
23 36
23 4
23 0
23 40
23 39
23 32
23 24
23 43
23 17
23 16
23 49
23 11
23 9
23 27
23 48
23 47
28
24 10
24 14
24 6
24 47
24 7
24 45
24 40
24 44
24 13
24 30
24 31
24 48
24 16
24 18
24 41
24 12
24 4
24 25
24 42
24 49
24 22
24 36
24 8
24 46
24 9
24 15
24 27
24 37
21
25 21
25 29
25 12
25 39
25 15
25 28
25 18
25 30
25 23
25 36
25 33
25 17
25 44
25 9
25 32
25 37
25 46
25 22
25 26
25 41
25 27
20
26 36
26 47
26 23
26 4
26 30
26 41
26 15
26 48
26 28
26 34
26 6
26 12
26 37
26 43
26 42
26 49
26 35
26 24
26 27
26 19
15
27 34
27 12
27 35
27 9
27 20
27 30
27 48
27 47
27 42
27 15
27 0
27 7
27 11
27 31
27 33
21
28 11
28 24
28 6
28 21
28 3
28 33
28 13
28 23
28 8
28 17
28 39
28 15
28 2
28 31
28 44
28 22
28 49
28 0
28 29
28 19
28 46
23
29 38
29 9
29 15
29 14
29 13
29 30
29 21
29 24
29 44
29 37
29 23
29 1
29 6
29 18
29 10
29 26
29 8
29 36
29 11
29 31
29 12
29 7
29 34
14
30 6
30 4
30 41
30 9
30 21
30 45
30 13
30 33
30 42
30 36
30 34
30 47
30 10
30 38
16
31 42
31 3
31 11
31 37
31 5
31 19
31 39
31 41
31 32
31 21
31 46
31 25
31 20
31 43
31 14
31 35
19
32 5
32 16
32 34
32 2
32 27
32 28
32 37
32 24
32 8
32 45
32 11
32 21
32 42
32 46
32 0
32 1
32 15
32 29
32 9
20
33 14
33 45
33 46
33 41
33 37
33 42
33 18
33 39
33 9
33 22
33 2
33 24
33 34
33 5
33 31
33 49
33 15
33 11
33 21
33 35
15
34 44
34 18
34 1
34 41
34 43
34 10
34 19
34 31
34 21
34 24
34 5
34 20
34 25
34 2
34 36
23
35 14
35 5
35 30
35 49
35 2
35 37
35 9
35 24
35 38
35 6
35 29
35 25
35 36
35 44
35 19
35 21
35 12
35 34
35 48
35 32
35 17
35 39
35 3
16
36 20
36 43
36 5
36 4
36 18
36 33
36 42
36 47
36 45
36 16
36 27
36 31
36 13
36 32
36 8
36 46
15
37 40
37 12
37 45
37 18
37 28
37 23
37 49
37 30
37 19
37 20
37 38
37 44
37 47
37 48
37 27
15
38 18
38 11
38 23
38 8
38 34
38 1
38 36
38 16
38 24
38 9
38 28
38 48
38 10
38 25
38 7
23
39 27
39 34
39 38
39 47
39 15
39 48
39 8
39 49
39 36
39 1
39 29
39 40
39 4
39 10
39 44
39 41
39 32
39 30
39 11
39 20
39 17
39 19
39 43
19
40 11
40 46
40 27
40 34
40 43
40 38
40 2
40 49
40 18
40 20
40 42
40 31
40 29
40 33
40 30
40 26
40 32
40 12
40 44
26
41 0
41 27
41 21
41 47
41 11
41 28
41 36
41 18
41 38
41 19
41 1
41 8
41 32
41 29
41 14
41 12
41 43
41 13
41 20
41 5
41 44
41 23
41 48
41 17
41 16
41 42
22
42 10
42 0
42 5
42 20
42 34
42 14
42 35
42 9
42 7
42 45
42 43
42 25
42 21
42 39
42 23
42 6
42 48
42 3
42 1
42 38
42 13
42 29
26
43 8
43 37
43 27
43 12
43 35
43 10
43 46
43 4
43 11
43 44
43 30
43 49
43 2
43 45
43 32
43 38
43 25
43 20
43 1
43 9
43 48
43 24
43 22
43 0
43 6
43 17
20
44 14
44 42
44 22
44 38
44 33
44 26
44 5
44 12
44 36
44 9
44 18
44 20
44 30
44 48
44 45
44 16
44 17
44 27
44 8
44 31
20
45 1
45 27
45 39
45 28
45 20
45 3
45 40
45 29
45 10
45 8
45 22
45 14
45 31
45 7
45 18
45 46
45 35
45 38
45 25
45 41
19
46 27
46 12
46 41
46 48
46 22
46 10
46 19
46 42
46 16
46 29
46 37
46 23
46 5
46 34
46 18
46 7
46 6
46 1
46 8
17
47 32
47 18
47 25
47 31
47 46
47 43
47 45
47 44
47 11
47 12
47 42
47 40
47 33
47 16
47 21
47 6
47 17
17
48 19
48 31
48 14
48 8
48 40
48 2
48 45
48 36
48 17
48 25
48 1
48 21
48 34
48 28
48 18
48 7
48 29
21
49 44
49 19
49 38
49 36
49 46
49 21
49 27
49 48
49 32
49 6
49 17
49 14
49 25
49 4
49 10
49 11
49 45
49 42
49 15
49 7
49 1
