50
0 "A0"
1 "A12"
2 "A22"
3 "A1"
4 "A35"
5 "A23"
6 "A17"
7 "A24"
8 "A48"
9 "A33"
10 "A26"
11 "A4"
12 "A3"
13 "A6"
14 "A21"
15 "A47"
16 "A2"
17 "A9"
18 "A43"
19 "A8"
20 "A10"
21 "A11"
22 "A39"
23 "A41"
24 "A14"
25 "A20"
26 "A40"
27 "A30"
28 "A37"
29 "A31"
30 "A34"
31 "A46"
32 "A7"
33 "A19"
34 "A25"
35 "A13"
36 "A38"
37 "A36"
38 "A44"
39 "A28"
40 "A32"
41 "A16"
42 "A42"
43 "A49"
44 "A27"
45 "A15"
46 "A5"
47 "A29"
48 "A45"
49 "A18"
21
0 27
0 25
0 47
0 42
0 31
0 17
0 14
0 13
0 15
0 24
0 28
0 22
0 23
0 33
0 19
0 10
0 2
0 11
0 9
0 45
0 44
25
1 13
1 32
1 5
1 40
1 4
1 21
1 41
1 44
1 23
1 17
1 16
1 39
1 49
1 2
1 25
1 22
1 14
1 42
1 43
1 12
1 27
1 7
1 46
1 35
1 28
26
2 24
2 3
2 34
2 40
2 23
2 41
2 31
2 9
2 30
2 21
2 47
2 28
2 10
2 19
2 44
2 15
2 35
2 14
2 37
2 45
2 42
2 22
2 11
2 6
2 12
2 5
19
3 44
3 15
3 13
3 1
3 30
3 6
3 5
3 41
3 37
3 11
3 12
3 10
3 20
3 17
3 24
3 8
3 38
3 19
3 48
22
4 30
4 25
4 11
4 49
4 29
4 36
4 2
4 12
4 7
4 22
4 6
4 26
4 23
4 21
4 32
4 24
4 10
4 31
4 8
4 47
4 5
4 38
9
5 28
5 45
5 21
5 27
5 23
5 11
5 13
5 16
5 25
19
6 26
6 5
6 14
6 35
6 10
6 12
6 19
6 47
6 40
6 1
6 37
6 7
6 28
6 21
6 38
6 16
6 13
6 25
6 30
17
7 49
7 10
7 25
7 33
7 43
7 2
7 3
7 8
7 20
7 5
7 15
7 27
7 13
7 19
7 26
7 47
7 48
20
8 17
8 14
8 6
8 39
8 16
8 5
8 27
8 43
8 46
8 22
8 1
8 45
8 15
8 18
8 13
8 10
8 49
8 37
8 26
8 12
16
9 11
9 34
9 27
9 43
9 1
9 5
9 38
9 4
9 15
9 21
9 3
9 40
9 6
9 25
9 49
9 26
17
10 46
10 43
10 41
10 47
10 31
10 9
10 1
10 15
10 34
10 16
10 25
10 18
10 32
10 37
10 40
10 36
10 30
17
11 46
11 34
11 12
11 23
11 29
11 22
11 44
11 39
11 27
11 1
11 32
11 35
11 30
11 31
11 13
11 26
11 7
20
12 45
12 43
12 48
12 47
12 0
12 21
12 10
12 20
12 37
12 40
12 9
12 34
12 27
12 42
12 15
12 24
12 7
12 29
12 33
12 14
17
13 2
13 9
13 39
13 18
13 4
13 15
13 27
13 44
13 31
13 30
13 38
13 45
13 46
13 40
13 10
13 26
13 35
21
14 15
14 13
14 38
14 19
14 31
14 32
14 40
14 20
14 11
14 9
14 3
14 25
14 42
14 39
14 17
14 44
14 30
14 7
14 34
14 28
14 48
17
15 48
15 26
15 19
15 25
15 17
15 24
15 43
15 1
15 33
15 47
15 37
15 16
15 22
15 28
15 29
15 46
15 40
16
16 24
16 33
16 41
16 28
16 30
16 38
16 31
16 17
16 43
16 36
16 0
16 2
16 23
16 48
16 21
16 9
17
17 28
17 29
17 9
17 49
17 21
17 31
17 36
17 11
17 38
17 30
17 27
17 25
17 12
17 20
17 23
17 37
17 39
19
18 45
18 14
18 36
18 49
18 35
18 7
18 11
18 16
18 48
18 30
18 19
18 28
18 38
18 6
18 37
18 3
18 23
18 25
18 43
18
19 17
19 24
19 40
19 22
19 9
19 13
19 45
19 42
19 29
19 39
19 10
19 11
19 16
19 34
19 35
19 1
19 20
19 5
18
20 27
20 2
20 40
20 9
20 11
20 1
20 42
20 26
20 41
20 24
20 13
20 44
20 28
20 5
20 35
20 18
20 38
20 21
23
21 10
21 3
21 18
21 36
21 7
21 15
21 39
21 38
21 19
21 8
21 22
21 28
21 41
21 25
21 14
21 29
21 34
21 47
21 49
21 37
21 0
21 13
21 44
20
22 14
22 12
22 49
22 10
22 9
22 6
22 7
22 5
22 3
22 31
22 42
22 18
22 48
22 17
22 35
22 43
22 26
22 40
22 36
22 27
21
23 10
23 40
23 47
23 3
23 9
23 28
23 13
23 33
23 14
23 12
23 22
23 21
23 43
23 7
23 8
23 20
23 15
23 42
23 6
23 19
23 45
22
24 46
24 7
24 10
24 17
24 38
24 5
24 21
24 31
24 13
24 29
24 11
24 43
24 35
24 23
24 9
24 14
24 22
24 32
24 1
24 28
24 8
24 41
15
25 42
25 24
25 41
25 30
25 3
25 44
25 40
25 47
25 37
25 19
25 20
25 8
25 12
25 22
25 11
18
26 2
26 12
26 33
26 25
26 18
26 40
26 24
26 39
26 21
26 3
26 1
26 16
26 14
26 41
26 43
26 42
26 28
26 5
19
27 15
27 25
27 41
27 43
27 49
27 42
27 2
27 14
27 16
27 6
27 23
27 30
27 28
27 19
27 33
27 10
27 18
27 37
27 24
13
28 45
28 47
28 11
28 46
28 10
28 40
28 38
28 12
28 13
28 9
28 42
28 8
28 49
19
29 33
29 13
29 0
29 20
29 6
29 43
29 27
29 49
29 32
29 3
29 14
29 42
29 2
29 26
29 41
29 8
29 16
29 18
29 5
24
30 9
30 12
30 34
30 23
30 48
30 45
30 42
30 44
30 7
30 8
30 20
30 24
30 31
30 5
30 32
30 0
30 28
30 35
30 49
30 21
30 47
30 22
30 19
30 26
20
31 23
31 15
31 1
31 25
31 45
31 27
31 34
31 6
31 26
31 43
31 5
31 42
31 40
31 29
31 35
31 32
31 20
31 46
31 18
31 36
25
32 8
32 42
32 37
32 25
32 6
32 26
32 46
32 5
32 23
32 47
32 12
32 9
32 3
32 49
32 34
32 0
32 27
32 22
32 40
32 15
32 16
32 41
32 21
32 36
32 17
23
33 21
33 46
33 9
33 48
33 4
33 3
33 28
33 17
33 35
33 30
33 5
33 44
33 41
33 25
33 34
33 1
33 8
33 45
33 13
33 20
33 2
33 6
33 19
23
34 8
34 25
34 43
34 39
34 7
34 27
34 28
34 16
34 18
34 26
34 13
34 29
34 5
34 22
34 49
34 3
34 15
34 41
34 45
34 1
34 42
34 46
34 37
21
35 0
35 17
35 41
35 5
35 47
35 34
35 26
35 7
35 28
35 10
35 44
35 45
35 12
35 14
35 8
35 9
35 21
35 4
35 32
35 29
35 16
23
36 40
36 46
36 3
36 12
36 23
36 9
36 26
36 30
36 7
36 39
36 2
36 13
36 48
36 1
36 41
36 15
36 25
36 0
36 45
36 29
36 14
36 6
36 24
19
37 29
37 31
37 1
37 14
37 4
37 11
37 0
37 16
37 48
37 5
37 26
37 36
37 33
37 7
37 19
37 22
37 49
37 41
37 24
20
38 35
38 11
38 47
38 2
38 12
38 1
38 7
38 22
38 40
38 8
38 5
38 10
38 0
38 30
38 26
38 29
38 44
38 25
38 36
38 19
21
39 25
39 20
39 24
39 22
39 48
39 12
39 18
39 32
39 23
39 49
39 2
39 4
39 45
39 16
39 3
39 44
39 31
39 15
39 29
39 9
39 35
16
40 27
40 11
40 7
40 4
40 34
40 37
40 39
40 16
40 48
40 43
40 45
40 35
40 29
40 21
40 8
40 41
18
41 6
41 8
41 15
41 5
41 31
41 14
41 22
41 4
41 9
41 42
41 39
41 13
41 11
41 38
41 17
41 7
41 12
41 18
15
42 17
42 39
42 10
42 4
42 16
42 38
42 24
42 3
42 40
42 7
42 36
42 35
42 21
42 8
42 9
18
43 38
43 2
43 11
43 0
43 3
43 42
43 21
43 14
43 45
43 20
43 30
43 17
43 47
43 4
43 37
43 35
43 6
43 28
24
44 18
44 9
44 26
44 36
44 22
44 6
44 29
44 27
44 40
44 17
44 37
44 8
44 32
44 41
44 4
44 47
44 34
44 15
44 42
44 28
44 5
44 23
44 12
44 16
21
45 3
45 49
45 21
45 9
45 38
45 25
45 16
45 29
45 15
45 20
45 11
45 7
45 41
45 1
45 48
45 24
45 14
45 42
45 10
45 26
45 37
26
46 41
46 20
46 12
46 45
46 26
46 3
46 44
46 43
46 37
46 22
46 35
46 23
46 14
46 4
46 25
46 2
46 9
46 7
46 17
46 16
46 30
46 0
46 19
46 40
46 6
46 27
15
47 40
47 33
47 36
47 13
47 31
47 5
47 20
47 41
47 8
47 39
47 26
47 45
47 18
47 11
47 19
26
48 8
48 31
48 6
48 19
48 28
48 29
48 21
48 43
48 41
48 1
48 47
48 23
48 20
48 27
48 32
48 0
48 38
48 35
48 4
48 42
48 25
48 11
48 24
48 9
48 5
48 46
21
49 43
49 23
49 24
49 31
49 38
49 35
49 25
49 42
49 19
49 15
49 46
49 48
49 3
49 36
49 6
49 0
49 44
49 14
49 13
49 16
49 40
