50
0 "A0"
1 "A12"
2 "A22"
3 "A1"
4 "A35"
5 "A23"
6 "A17"
7 "A24"
8 "A48"
9 "A33"
10 "A26"
11 "A4"
12 "A3"
13 "A6"
14 "A21"
15 "A47"
16 "A2"
17 "A9"
18 "A43"
19 "A8"
20 "A10"
21 "A11"
22 "A39"
23 "A41"
24 "A14"
25 "A20"
26 "A40"
27 "A30"
28 "A37"
29 "A31"
30 "A34"
31 "A46"
32 "A7"
33 "A19"
34 "A25"
35 "A13"
36 "A38"
37 "A36"
38 "A44"
39 "A28"
40 "A32"
41 "A16"
42 "A42"
43 "A49"
44 "A27"
45 "A15"
46 "A5"
47 "A29"
48 "A45"
49 "A18"
12
0 23
0 40
0 38
0 45
0 32
0 42
0 29
0 11
0 35
0 2
0 7
0 19
25
1 21
1 24
1 0
1 33
1 8
1 45
1 12
1 43
1 7
1 16
1 10
1 38
1 37
1 15
1 23
1 40
1 18
1 36
1 17
1 26
1 31
1 19
1 13
1 11
1 35
19
2 41
2 30
2 46
2 44
2 40
2 3
2 42
2 14
2 10
2 23
2 16
2 31
2 43
2 6
2 9
2 13
2 21
2 24
2 49
19
3 26
3 44
3 40
3 4
3 30
3 19
3 16
3 29
3 24
3 25
3 43
3 13
3 10
3 14
3 15
3 48
3 36
3 33
3 34
16
4 6
4 16
4 9
4 20
4 27
4 38
4 36
4 1
4 8
4 14
4 10
4 45
4 31
4 0
4 17
4 39
24
5 45
5 31
5 13
5 40
5 33
5 34
5 47
5 46
5 41
5 0
5 48
5 7
5 30
5 35
5 29
5 42
5 38
5 11
5 6
5 4
5 16
5 3
5 26
5 10
20
6 49
6 33
6 17
6 21
6 0
6 22
6 46
6 32
6 3
6 42
6 18
6 9
6 10
6 8
6 38
6 43
6 26
6 36
6 13
6 31
27
7 29
7 40
7 38
7 31
7 27
7 19
7 24
7 10
7 41
7 6
7 22
7 4
7 17
7 15
7 3
7 36
7 12
7 20
7 49
7 28
7 48
7 46
7 42
7 23
7 33
7 43
7 2
25
8 47
8 12
8 7
8 13
8 25
8 27
8 40
8 0
8 2
8 15
8 44
8 22
8 32
8 48
8 10
8 9
8 43
8 14
8 29
8 18
8 3
8 41
8 5
8 21
8 45
14
9 30
9 39
9 7
9 25
9 35
9 49
9 20
9 18
9 13
9 47
9 32
9 0
9 36
9 5
17
10 31
10 41
10 27
10 46
10 38
10 49
10 15
10 24
10 39
10 44
10 20
10 19
10 47
10 26
10 40
10 34
10 25
23
11 34
11 19
11 3
11 6
11 2
11 36
11 43
11 14
11 24
11 17
11 23
11 12
11 31
11 10
11 7
11 26
11 37
11 32
11 13
11 45
11 48
11 15
11 33
20
12 48
12 2
12 26
12 36
12 4
12 42
12 32
12 37
12 29
12 16
12 3
12 27
12 6
12 23
12 49
12 5
12 44
12 33
12 24
12 10
21
13 47
13 17
13 30
13 10
13 28
13 40
13 37
13 12
13 22
13 25
13 0
13 7
13 48
13 23
13 41
13 4
13 49
13 16
13 32
13 24
13 18
20
14 39
14 48
14 7
14 6
14 40
14 12
14 18
14 36
14 49
14 1
14 24
14 30
14 5
14 31
14 19
14 13
14 32
14 16
14 9
14 22
19
15 18
15 28
15 16
15 29
15 24
15 26
15 23
15 22
15 45
15 31
15 47
15 2
15 38
15 5
15 4
15 43
15 27
15 6
15 9
14
16 33
16 10
16 43
16 37
16 19
16 25
16 21
16 11
16 7
16 0
16 32
16 48
16 8
16 39
12
17 12
17 16
17 46
17 25
17 44
17 36
17 32
17 35
17 3
17 14
17 0
17 9
13
18 12
18 11
18 28
18 17
18 22
18 21
18 26
18 7
18 27
18 32
18 5
18 16
18 37
20
19 31
19 21
19 42
19 32
19 35
19 45
19 8
19 47
19 41
19 4
19 43
19 38
19 13
19 9
19 18
19 46
19 49
19 20
19 15
19 6
26
20 16
20 41
20 33
20 49
20 26
20 38
20 37
20 15
20 34
20 35
20 21
20 29
20 46
20 25
20 13
20 32
20 12
20 28
20 8
20 27
20 17
20 42
20 1
20 14
20 5
20 3
23
21 25
21 47
21 40
21 49
21 23
21 41
21 13
21 3
21 5
21 15
21 36
21 10
21 30
21 12
21 38
21 34
21 27
21 17
21 11
21 0
21 22
21 4
21 7
24
22 16
22 11
22 35
22 9
22 39
22 37
22 31
22 4
22 20
22 49
22 27
22 30
22 0
22 42
22 36
22 12
22 29
22 10
22 47
22 1
22 46
22 17
22 19
22 40
20
23 25
23 24
23 9
23 14
23 19
23 4
23 3
23 26
23 42
23 16
23 40
23 20
23 39
23 35
23 29
23 48
23 8
23 45
23 6
23 5
19
24 47
24 43
24 36
24 16
24 19
24 8
24 32
24 35
24 9
24 29
24 33
24 41
24 30
24 20
24 21
24 37
24 40
24 6
24 4
20
25 15
25 40
25 6
25 32
25 5
25 12
25 11
25 42
25 2
25 43
25 28
25 4
25 39
25 29
25 1
25 31
25 47
25 24
25 46
25 19
16
26 40
26 24
26 2
26 4
26 39
26 13
26 44
26 35
26 34
26 8
26 37
26 16
26 0
26 17
26 30
26 19
14
27 49
27 42
27 3
27 1
27 24
27 16
27 5
27 37
27 23
27 31
27 2
27 13
27 19
27 48
21
28 39
28 33
28 5
28 9
28 36
28 2
28 8
28 37
28 41
28 23
28 4
28 19
28 26
28 31
28 35
28 24
28 1
28 22
28 10
28 12
28 14
18
29 40
29 9
29 10
29 21
29 14
29 17
29 26
29 18
29 13
29 45
29 35
29 4
29 38
29 28
29 2
29 11
29 31
29 1
23
30 37
30 27
30 23
30 1
30 45
30 19
30 17
30 43
30 20
30 29
30 28
30 34
30 10
30 6
30 8
30 35
30 39
30 33
30 49
30 7
30 12
30 0
30 4
12
31 13
31 23
31 42
31 37
31 30
31 20
31 3
31 18
31 17
31 43
31 36
31 12
20
32 5
32 47
32 10
32 39
32 29
32 21
32 42
32 34
32 3
32 15
32 40
32 45
32 46
32 41
32 2
32 43
32 31
32 4
32 35
32 22
16
33 38
33 32
33 21
33 9
33 13
33 15
33 34
33 4
33 14
33 31
33 26
33 23
33 19
33 0
33 18
33 25
24
34 19
34 41
34 45
34 17
34 23
34 29
34 36
34 2
34 39
34 27
34 15
34 9
34 6
34 8
34 0
34 46
34 13
34 37
34 14
34 48
34 22
34 4
34 35
34 31
17
35 33
35 8
35 4
35 11
35 7
35 6
35 12
35 25
35 14
35 10
35 15
35 38
35 2
35 18
35 3
35 37
35 49
16
36 35
36 42
36 37
36 25
36 45
36 8
36 10
36 13
36 26
36 16
36 5
36 39
36 20
36 23
36 27
36 2
15
37 32
37 9
37 8
37 2
37 21
37 14
37 7
37 19
37 6
37 17
37 38
37 5
37 0
37 15
37 10
19
38 8
38 31
38 26
38 27
38 17
38 48
38 49
38 22
38 36
38 11
38 2
38 40
38 42
38 12
38 14
38 46
38 30
38 43
38 9
19
39 7
39 19
39 29
39 2
39 24
39 33
39 3
39 13
39 20
39 11
39 21
39 43
39 1
39 35
39 18
39 17
39 31
39 46
39 5
18
40 37
40 12
40 43
40 35
40 19
40 34
40 20
40 18
40 33
40 28
40 16
40 42
40 49
40 27
40 15
40 9
40 39
40 36
27
41 30
41 45
41 39
41 31
41 38
41 42
41 1
41 14
41 46
41 16
41 4
41 36
41 11
41 33
41 22
41 29
41 40
41 15
41 17
41 12
41 48
41 3
41 25
41 37
41 6
41 0
41 35
15
42 11
42 33
42 1
42 15
42 28
42 18
42 45
42 44
42 29
42 14
42 16
42 9
42 3
42 35
42 24
17
43 22
43 35
43 23
43 42
43 9
43 34
43 17
43 4
43 44
43 28
43 0
43 14
43 37
43 12
43 5
43 10
43 20
30
44 49
44 27
44 22
44 29
44 1
44 5
44 20
44 32
44 40
44 39
44 33
44 28
44 46
44 14
44 36
44 24
44 30
44 38
44 21
44 6
44 31
44 11
44 7
44 9
44 35
44 19
44 41
44 37
44 18
44 23
18
45 49
45 22
45 31
45 37
45 6
45 24
45 25
45 12
45 16
45 33
45 46
45 27
45 43
45 38
45 39
45 21
45 18
45 7
23
46 43
46 18
46 16
46 11
46 37
46 26
46 28
46 23
46 27
46 12
46 8
46 1
46 42
46 36
46 4
46 47
46 15
46 21
46 3
46 48
46 9
46 14
46 0
28
47 39
47 37
47 41
47 12
47 34
47 45
47 48
47 1
47 30
47 2
47 20
47 49
47 0
47 44
47 7
47 3
47 26
47 31
47 4
47 16
47 18
47 23
47 28
47 42
47 36
47 40
47 29
47 38
19
48 32
48 6
48 19
48 42
48 0
48 30
48 26
48 24
48 4
48 37
48 40
48 22
48 36
48 15
48 43
48 28
48 2
48 29
48 25
23
49 33
49 24
49 11
49 43
49 17
49 25
49 32
49 8
49 3
49 1
49 23
49 39
49 16
49 36
49 28
49 48
49 46
49 18
49 34
49 29
49 0
49 31
49 26
