50
0 "A0"
1 "A12"
2 "A22"
3 "A1"
4 "A35"
5 "A23"
6 "A17"
7 "A24"
8 "A48"
9 "A33"
10 "A26"
11 "A4"
12 "A3"
13 "A6"
14 "A21"
15 "A47"
16 "A2"
17 "A9"
18 "A43"
19 "A8"
20 "A10"
21 "A11"
22 "A39"
23 "A41"
24 "A14"
25 "A20"
26 "A40"
27 "A30"
28 "A37"
29 "A31"
30 "A34"
31 "A46"
32 "A7"
33 "A19"
34 "A25"
35 "A13"
36 "A38"
37 "A36"
38 "A44"
39 "A28"
40 "A32"
41 "A16"
42 "A42"
43 "A49"
44 "A27"
45 "A15"
46 "A5"
47 "A29"
48 "A45"
49 "A18"
22
0 20
0 12
0 45
0 9
0 4
0 17
0 24
0 18
0 19
0 27
0 40
0 36
0 2
0 10
0 44
0 31
0 16
0 8
0 41
0 39
0 32
0 28
17
1 0
1 6
1 35
1 13
1 36
1 7
1 29
1 28
1 33
1 18
1 32
1 5
1 49
1 40
1 15
1 37
1 24
25
2 34
2 26
2 13
2 48
2 43
2 33
2 7
2 37
2 41
2 18
2 30
2 17
2 8
2 11
2 25
2 16
2 1
2 32
2 27
2 6
2 49
2 31
2 38
2 44
2 3
16
3 42
3 37
3 30
3 18
3 15
3 45
3 25
3 17
3 35
3 7
3 32
3 20
3 24
3 44
3 41
3 29
26
4 18
4 28
4 19
4 9
4 17
4 11
4 1
4 20
4 15
4 25
4 6
4 40
4 2
4 35
4 44
4 42
4 5
4 37
4 39
4 21
4 31
4 24
4 3
4 7
4 32
4 46
21
5 6
5 3
5 44
5 42
5 11
5 19
5 40
5 12
5 46
5 7
5 32
5 47
5 24
5 25
5 27
5 17
5 26
5 2
5 15
5 9
5 48
13
6 14
6 26
6 20
6 41
6 0
6 46
6 49
6 13
6 22
6 18
6 17
6 43
6 11
15
7 28
7 27
7 22
7 8
7 16
7 32
7 45
7 43
7 20
7 12
7 6
7 0
7 31
7 39
7 49
28
8 23
8 14
8 48
8 6
8 20
8 15
8 28
8 24
8 39
8 5
8 1
8 41
8 3
8 29
8 10
8 47
8 13
8 31
8 18
8 27
8 30
8 4
8 17
8 40
8 32
8 19
8 45
8 46
19
9 37
9 19
9 8
9 10
9 27
9 2
9 35
9 3
9 46
9 12
9 49
9 7
9 31
9 20
9 48
9 22
9 1
9 26
9 13
23
10 3
10 36
10 23
10 46
10 5
10 39
10 26
10 24
10 4
10 21
10 45
10 44
10 6
10 25
10 18
10 14
10 40
10 7
10 32
10 28
10 30
10 2
10 16
21
11 46
11 49
11 33
11 0
11 18
11 37
11 10
11 19
11 3
11 23
11 7
11 22
11 41
11 40
11 12
11 17
11 26
11 44
11 24
11 1
11 30
18
12 3
12 24
12 25
12 39
12 44
12 42
12 28
12 6
12 23
12 4
12 8
12 37
12 10
12 2
12 32
12 1
12 31
12 29
16
13 22
13 5
13 41
13 48
13 12
13 42
13 38
13 47
13 36
13 4
13 40
13 28
13 37
13 0
13 26
13 34
19
14 1
14 9
14 20
14 40
14 7
14 35
14 16
14 31
14 17
14 15
14 5
14 18
14 38
14 45
14 19
14 22
14 27
14 36
14 11
19
15 43
15 26
15 0
15 17
15 12
15 6
15 48
15 34
15 13
15 44
15 9
15 11
15 37
15 29
15 7
15 33
15 21
15 39
15 42
17
16 40
16 3
16 5
16 41
16 13
16 17
16 22
16 11
16 19
16 39
16 25
16 45
16 4
16 36
16 8
16 49
16 6
17
17 10
17 7
17 23
17 28
17 21
17 32
17 26
17 20
17 30
17 33
17 34
17 1
17 35
17 31
17 40
17 18
17 12
21
18 12
18 37
18 26
18 35
18 7
18 20
18 41
18 19
18 9
18 13
18 38
18 31
18 24
18 34
18 43
18 32
18 5
18 44
18 45
18 36
18 33
17
19 38
19 2
19 39
19 46
19 41
19 12
19 31
19 7
19 13
19 6
19 34
19 20
19 3
19 23
19 17
19 1
19 40
17
20 1
20 26
20 35
20 37
20 10
20 12
20 11
20 21
20 40
20 13
20 48
20 45
20 24
20 16
20 32
20 15
20 30
24
21 25
21 11
21 39
21 36
21 24
21 5
21 44
21 33
21 12
21 43
21 31
21 3
21 6
21 32
21 16
21 13
21 26
21 2
21 1
21 34
21 19
21 23
21 40
21 45
25
22 28
22 45
22 17
22 3
22 0
22 15
22 12
22 31
22 36
22 26
22 8
22 18
22 29
22 20
22 2
22 1
22 47
22 39
22 35
22 44
22 19
22 32
22 4
22 10
22 21
24
23 36
23 24
23 1
23 0
23 46
23 5
23 48
23 2
23 13
23 7
23 43
23 6
23 42
23 20
23 27
23 16
23 9
23 15
23 18
23 39
23 44
23 4
23 30
23 40
20
24 9
24 29
24 32
24 7
24 31
24 41
24 40
24 15
24 14
24 33
24 13
24 19
24 34
24 6
24 37
24 46
24 47
24 30
24 36
24 39
20
25 30
25 0
25 6
25 19
25 9
25 17
25 34
25 46
25 47
25 48
25 28
25 14
25 15
25 11
25 8
25 44
25 49
25 23
25 33
25 35
13
26 37
26 19
26 1
26 42
26 7
26 8
26 29
26 28
26 16
26 23
26 32
26 24
26 3
27
27 24
27 48
27 11
27 6
27 49
27 1
27 17
27 20
27 22
27 19
27 36
27 37
27 18
27 25
27 10
27 12
27 15
27 44
27 46
27 31
27 3
27 26
27 39
27 21
27 41
27 13
27 16
22
28 23
28 37
28 42
28 14
28 27
28 18
28 44
28 21
28 41
28 20
28 2
28 34
28 3
28 5
28 45
28 39
28 48
28 15
28 19
28 24
28 6
28 29
25
29 47
29 5
29 19
29 21
29 7
29 48
29 20
29 25
29 14
29 31
29 9
29 27
29 34
29 43
29 2
29 16
29 13
29 36
29 4
29 23
29 18
29 17
29 41
29 46
29 42
24
30 21
30 12
30 9
30 22
30 40
30 27
30 39
30 18
30 47
30 43
30 5
30 36
30 28
30 33
30 14
30 4
30 26
30 46
30 16
30 19
30 37
30 31
30 1
30 32
13
31 32
31 38
31 44
31 28
31 16
31 20
31 3
31 33
31 48
31 11
31 49
31 26
31 23
18
32 9
32 47
32 39
32 34
32 13
32 27
32 6
32 23
32 36
32 16
32 35
32 44
32 19
32 43
32 48
32 25
32 15
32 46
16
33 39
33 45
33 14
33 4
33 0
33 3
33 35
33 6
33 19
33 32
33 29
33 20
33 10
33 26
33 34
33 49
18
34 27
34 0
34 1
34 26
34 44
34 16
34 39
34 11
34 30
34 22
34 20
34 23
34 14
34 7
34 4
34 10
34 45
34 43
17
35 41
35 2
35 26
35 46
35 29
35 44
35 15
35 8
35 28
35 16
35 40
35 24
35 0
35 19
35 48
35 13
35 34
19
36 40
36 33
36 37
36 46
36 43
36 31
36 9
36 45
36 35
36 6
36 8
36 34
36 39
36 12
36 28
36 15
36 44
36 25
36 5
19
37 38
37 44
37 0
37 5
37 32
37 21
37 10
37 17
37 14
37 41
37 49
37 19
37 42
37 23
37 7
37 46
37 33
37 39
37 22
24
38 17
38 11
38 4
38 23
38 10
38 0
38 3
38 9
38 15
38 28
38 24
38 44
38 16
38 48
38 29
38 41
38 7
38 40
38 1
38 22
38 39
38 6
38 8
38 32
14
39 9
39 44
39 25
39 40
39 31
39 43
39 35
39 46
39 2
39 13
39 45
39 1
39 5
39 11
21
40 45
40 9
40 49
40 25
40 34
40 41
40 22
40 46
40 18
40 47
40 32
40 2
40 33
40 26
40 27
40 3
40 7
40 28
40 15
40 42
40 29
18
41 26
41 10
41 4
41 9
41 43
41 36
41 22
41 20
41 1
41 12
41 30
41 49
41 39
41 23
41 7
41 21
41 31
41 5
27
42 33
42 16
42 18
42 7
42 38
42 43
42 35
42 21
42 19
42 6
42 31
42 47
42 41
42 30
42 14
42 11
42 45
42 17
42 20
42 10
42 1
42 39
42 46
42 8
42 27
42 49
42 0
16
43 49
43 26
43 17
43 44
43 10
43 12
43 20
43 5
43 38
43 8
43 11
43 4
43 27
43 9
43 48
43 37
15
44 17
44 30
44 16
44 7
44 29
44 41
44 24
44 40
44 26
44 1
44 8
44 9
44 13
44 33
44 47
17
45 12
45 35
45 46
45 41
45 37
45 9
45 30
45 31
45 38
45 17
45 1
45 24
45 4
45 27
45 6
45 29
45 26
17
46 44
46 3
46 15
46 16
46 38
46 41
46 26
46 12
46 43
46 2
46 14
46 1
46 34
46 22
46 0
46 7
46 20
22
47 46
47 6
47 4
47 12
47 19
47 48
47 23
47 43
47 26
47 18
47 0
47 35
47 36
47 20
47 41
47 39
47 3
47 2
47 14
47 10
47 9
47 1
17
48 0
48 21
48 40
48 14
48 42
48 34
48 18
48 26
48 10
48 37
48 17
48 11
48 22
48 4
48 24
48 16
48 49
21
49 35
49 38
49 39
49 15
49 18
49 4
49 5
49 13
49 20
49 28
49 29
49 22
49 23
49 8
49 47
49 21
49 36
49 45
49 14
49 3
49 34
