50
0 "A0"
1 "A12"
2 "A22"
3 "A1"
4 "A35"
5 "A23"
6 "A17"
7 "A24"
8 "A48"
9 "A33"
10 "A26"
11 "A4"
12 "A3"
13 "A6"
14 "A21"
15 "A47"
16 "A2"
17 "A9"
18 "A43"
19 "A8"
20 "A10"
21 "A11"
22 "A39"
23 "A41"
24 "A14"
25 "A20"
26 "A40"
27 "A30"
28 "A37"
29 "A31"
30 "A34"
31 "A46"
32 "A7"
33 "A19"
34 "A25"
35 "A13"
36 "A38"
37 "A36"
38 "A44"
39 "A28"
40 "A32"
41 "A16"
42 "A42"
43 "A49"
44 "A27"
45 "A15"
46 "A5"
47 "A29"
48 "A45"
49 "A18"
20
0 12
0 44
0 16
0 4
0 17
0 36
0 18
0 39
0 27
0 28
0 42
0 26
0 10
0 31
0 8
0 41
0 30
0 32
0 40
0 11
20
1 0
1 6
1 35
1 13
1 36
1 7
1 32
1 28
1 33
1 18
1 16
1 43
1 5
1 49
1 23
1 10
1 37
1 15
1 3
1 24
26
2 13
2 6
2 43
2 33
2 7
2 37
2 41
2 18
2 30
2 44
2 8
2 11
2 25
2 16
2 1
2 32
2 27
2 42
2 26
2 34
2 49
2 3
2 31
2 0
2 38
2 20
20
3 35
3 30
3 18
3 15
3 29
3 17
3 7
3 45
3 32
3 20
3 24
3 49
3 34
3 0
3 48
3 13
3 44
3 12
3 42
3 43
26
4 28
4 19
4 24
4 17
4 11
4 1
4 20
4 15
4 25
4 6
4 40
4 2
4 3
4 21
4 42
4 5
4 31
4 39
4 35
4 36
4 32
4 46
4 9
4 14
4 18
4 26
19
5 3
5 44
5 15
5 11
5 19
5 40
5 12
5 2
5 7
5 32
5 17
5 24
5 45
5 26
5 0
5 48
5 6
5 21
5 10
16
6 26
6 20
6 41
6 49
6 29
6 8
6 48
6 37
6 13
6 17
6 18
6 0
6 9
6 43
6 11
6 14
16
7 28
7 27
7 39
7 8
7 16
7 32
7 45
7 43
7 20
7 12
7 13
7 6
7 25
7 0
7 31
7 49
25
8 40
8 32
8 19
8 45
8 4
8 14
8 48
8 30
8 20
8 15
8 28
8 24
8 39
8 5
8 27
8 41
8 46
8 29
8 10
8 47
8 42
8 36
8 31
8 37
8 33
16
9 3
9 19
9 8
9 10
9 22
9 2
9 35
9 45
9 46
9 18
9 49
9 7
9 31
9 20
9 13
9 1
20
10 30
10 7
10 26
10 24
10 4
10 21
10 45
10 44
10 6
10 15
10 14
10 40
10 28
10 32
10 2
10 16
10 3
10 36
10 23
10 25
19
11 40
11 26
11 17
11 1
11 30
11 24
11 18
11 37
11 10
11 3
11 27
11 19
11 22
11 23
11 12
11 33
11 29
11 41
11 9
18
12 31
12 24
12 25
12 39
12 44
12 42
12 29
12 6
12 23
12 38
12 19
12 30
12 8
12 9
12 37
12 4
12 2
12 1
20
13 34
13 22
13 5
13 41
13 48
13 0
13 42
13 40
13 47
13 36
13 4
13 46
13 45
13 26
13 30
13 28
13 37
13 44
13 17
13 12
22
14 20
14 40
14 36
14 35
14 16
14 31
14 17
14 15
14 5
14 18
14 32
14 19
14 37
14 13
14 1
14 38
14 21
14 22
14 39
14 27
14 9
14 3
20
15 43
15 26
15 0
15 17
15 12
15 6
15 48
15 34
15 29
15 44
15 9
15 11
15 39
15 7
15 33
15 45
15 21
15 2
15 42
15 41
17
16 5
16 41
16 13
16 17
16 22
16 11
16 19
16 39
16 25
16 45
16 4
16 49
16 6
16 36
16 9
16 40
16 3
20
17 40
17 18
17 12
17 10
17 7
17 23
17 1
17 21
17 32
17 26
17 20
17 30
17 38
17 24
17 34
17 47
17 9
17 35
17 39
17 31
24
18 45
18 33
18 12
18 37
18 26
18 35
18 7
18 20
18 41
18 19
18 36
18 13
18 38
18 31
18 24
18 34
18 43
18 32
18 39
18 5
18 44
18 10
18 15
18 25
18
19 1
19 40
19 38
19 2
19 39
19 46
19 41
19 6
19 31
19 7
19 13
19 48
19 34
19 20
19 3
19 23
19 25
19 33
14
20 30
20 1
20 26
20 35
20 37
20 10
20 12
20 11
20 0
20 21
20 38
20 13
20 45
20 24
20
21 26
21 23
21 39
21 36
21 24
21 1
21 44
21 2
21 12
21 43
21 31
21 34
21 6
21 32
21 16
21 13
21 19
21 40
21 48
21 45
24
22 1
22 2
22 47
22 44
22 4
22 10
22 32
22 39
22 3
22 0
22 15
22 12
22 31
22 36
22 26
22 8
22 18
22 35
22 29
22 43
22 19
22 20
22 28
22 48
21
23 4
23 0
23 40
23 5
23 48
23 2
23 13
23 7
23 39
23 6
23 42
23 20
23 27
23 16
23 9
23 15
23 44
23 3
23 36
23 30
23 18
20
24 29
24 32
24 7
24 30
24 41
24 39
24 15
24 14
24 33
24 13
24 19
24 34
24 6
24 37
24 46
24 47
24 9
24 2
24 0
24 23
19
25 44
25 49
25 33
25 9
25 17
25 34
25 46
25 47
25 48
25 28
25 14
25 15
25 6
25 1
25 11
25 23
25 31
25 35
25 30
17
26 3
26 37
26 28
26 1
26 42
26 24
26 49
26 8
26 9
26 29
26 14
26 35
26 16
26 23
26 19
26 12
26 7
26
27 46
27 24
27 48
27 12
27 6
27 3
27 1
27 17
27 20
27 22
27 19
27 36
27 37
27 18
27 25
27 21
27 31
27 26
27 41
27 13
27 39
27 43
27 10
27 5
27 16
27 4
21
28 29
28 23
28 37
28 42
28 14
28 27
28 18
28 44
28 15
28 48
28 20
28 2
28 43
28 34
28 3
28 38
28 5
28 47
28 39
28 24
28 6
25
29 5
29 19
29 21
29 7
29 42
29 20
29 25
29 14
29 31
29 9
29 27
29 34
29 43
29 2
29 16
29 13
29 18
29 4
29 23
29 17
29 41
29 46
29 10
29 47
29 38
22
30 32
30 27
30 37
30 18
30 47
30 43
30 5
30 36
30 28
30 33
30 4
30 15
30 46
30 7
30 1
30 6
30 21
30 16
30 35
30 9
30 19
30 14
11
31 16
31 33
31 24
31 26
31 10
31 20
31 11
31 44
31 1
31 5
31 23
21
32 48
32 44
32 15
32 46
32 19
32 47
32 39
32 34
32 13
32 27
32 6
32 23
32 36
32 16
32 35
32 31
32 33
32 49
32 43
32 26
32 20
14
33 4
33 3
33 29
33 27
33 6
33 10
33 37
33 12
33 0
33 49
33 20
33 14
33 28
33 5
18
34 0
34 1
34 26
34 44
34 16
34 39
34 23
34 45
34 22
34 43
34 14
34 10
34 12
34 7
34 4
34 27
34 31
34 6
12
35 34
35 41
35 2
35 48
35 46
35 29
35 44
35 15
35 19
35 28
35 16
35 24
21
36 25
36 40
36 5
36 37
36 46
36 43
36 31
36 9
36 45
36 35
36 6
36 15
36 34
36 39
36 7
36 12
36 28
36 41
36 11
36 17
36 42
20
37 38
37 44
37 0
37 5
37 32
37 21
37 10
37 17
37 46
37 41
37 49
37 19
37 25
37 42
37 3
37 23
37 47
37 40
37 7
37 22
22
38 11
38 4
38 23
38 10
38 0
38 3
38 32
38 7
38 22
38 24
38 44
38 16
38 48
38 41
38 30
38 31
38 1
38 26
38 47
38 8
38 33
38 40
16
39 1
39 5
39 9
39 44
39 25
39 40
39 31
39 13
39 35
39 29
39 3
39 11
39 46
39 2
39 45
39 6
22
40 7
40 15
40 3
40 29
40 45
40 9
40 49
40 25
40 34
40 41
40 22
40 26
40 18
40 47
40 32
40 2
40 33
40 27
40 43
40 20
40 31
40 28
17
41 31
41 5
41 10
41 4
41 9
41 43
41 49
41 22
41 20
41 48
41 3
41 23
41 39
41 42
41 30
41 33
41 21
21
42 18
42 46
42 14
42 43
42 45
42 21
42 19
42 27
42 31
42 47
42 1
42 30
42 20
42 39
42 49
42 10
42 24
42 17
42 7
42 44
42 16
19
43 10
43 12
43 20
43 5
43 38
43 8
43 37
43 48
43 33
43 16
43 9
43 24
43 11
43 49
43 25
43 26
43 17
43 14
43 44
17
44 9
44 8
44 17
44 30
44 33
44 7
44 29
44 41
44 24
44 40
44 27
44 4
44 47
44 26
44 16
44 1
44 6
18
45 29
45 6
45 35
45 46
45 41
45 37
45 17
45 30
45 31
45 23
45 38
45 1
45 24
45 4
45 26
45 33
45 2
45 28
20
46 14
46 1
46 34
46 0
46 7
46 44
46 3
46 15
46 16
46 20
46 41
46 26
46 12
46 43
46 49
46 2
46 21
46 11
46 48
46 28
24
47 12
47 9
47 48
47 23
47 43
47 26
47 18
47 0
47 35
47 36
47 2
47 14
47 39
47 16
47 3
47 1
47 10
47 7
47 19
47 46
47 6
47 34
47 41
47 4
17
48 40
48 14
48 4
48 34
48 29
48 26
48 30
48 18
48 33
48 7
48 17
48 10
48 16
48 37
48 0
48 11
48 1
19
49 23
49 38
49 39
49 15
49 22
49 4
49 5
49 13
49 36
49 47
49 45
49 12
49 8
49 21
49 14
49 31
49 34
49 28
49 19
