50
0 "A38"
1 "A17"
2 "A6"
3 "A14"
4 "A29"
5 "A33"
6 "A19"
7 "A23"
8 "A48"
9 "A45"
10 "A22"
11 "A7"
12 "A11"
13 "A9"
14 "A36"
15 "A10"
16 "A30"
17 "A37"
18 "A2"
19 "A21"
20 "A31"
21 "A12"
22 "A34"
23 "A18"
24 "A28"
25 "A41"
26 "A40"
27 "A32"
28 "A24"
29 "A13"
30 "A43"
31 "A42"
32 "A3"
33 "A47"
34 "A1"
35 "A5"
36 "A25"
37 "A49"
38 "A16"
39 "A39"
40 "A4"
41 "A8"
42 "A44"
43 "A15"
44 "A27"
45 "A26"
46 "A20"
47 "A35"
48 "A46"
49 "A0"
17
0 23
0 41
0 39
0 7
0 4
0 22
0 9
0 34
0 18
0 3
0 28
0 24
0 10
0 36
0 46
0 26
0 45
25
1 15
1 18
1 46
1 3
1 41
1 24
1 13
1 16
1 25
1 0
1 34
1 40
1 30
1 33
1 6
1 11
1 28
1 35
1 26
1 29
1 9
1 22
1 37
1 47
1 48
20
2 0
2 46
2 7
2 39
2 15
2 12
2 23
2 28
2 21
2 9
2 33
2 31
2 47
2 48
2 19
2 18
2 1
2 8
2 20
2 43
18
3 2
3 21
3 41
3 48
3 7
3 9
3 24
3 49
3 14
3 46
3 26
3 20
3 16
3 34
3 25
3 28
3 40
3 39
26
4 3
4 20
4 44
4 28
4 8
4 38
4 26
4 27
4 43
4 5
4 41
4 32
4 48
4 33
4 15
4 23
4 40
4 45
4 17
4 18
4 2
4 1
4 16
4 9
4 21
4 29
21
5 15
5 41
5 30
5 49
5 33
5 19
5 32
5 3
5 26
5 36
5 2
5 46
5 24
5 12
5 28
5 34
5 8
5 14
5 38
5 43
5 40
25
6 32
6 2
6 25
6 28
6 27
6 35
6 12
6 42
6 33
6 11
6 13
6 48
6 0
6 43
6 49
6 9
6 10
6 21
6 23
6 26
6 29
6 3
6 38
6 39
6 14
21
7 46
7 6
7 18
7 22
7 31
7 42
7 48
7 4
7 43
7 34
7 38
7 1
7 12
7 21
7 16
7 14
7 15
7 28
7 13
7 39
7 11
16
8 26
8 36
8 0
8 37
8 9
8 45
8 13
8 27
8 44
8 40
8 38
8 30
8 20
8 6
8 14
8 39
15
9 42
9 39
9 19
9 32
9 27
9 21
9 45
9 46
9 20
9 5
9 12
9 7
9 49
9 40
9 48
25
10 1
10 11
10 4
10 44
10 29
10 16
10 48
10 19
10 35
10 2
10 37
10 27
10 33
10 49
10 20
10 3
10 22
10 38
10 13
10 26
10 36
10 7
10 5
10 9
10 24
19
11 15
11 28
11 22
11 29
11 34
11 36
11 2
11 18
11 12
11 14
11 45
11 5
11 47
11 33
11 41
11 9
11 35
11 40
11 8
19
12 41
12 3
12 44
12 37
12 46
12 43
12 17
12 8
12 40
12 25
12 4
12 0
12 21
12 35
12 15
12 28
12 1
12 42
12 29
21
13 2
13 9
13 44
13 45
13 12
13 3
13 19
13 11
13 32
13 18
13 40
13 47
13 5
13 42
13 30
13 33
13 37
13 46
13 20
13 22
13 0
16
14 32
14 25
14 34
14 18
14 49
14 30
14 15
14 2
14 36
14 12
14 38
14 4
14 48
14 20
14 19
14 9
18
15 47
15 43
15 37
15 21
15 35
15 41
15 0
15 23
15 36
15 39
15 6
15 48
15 25
15 3
15 30
15 10
15 38
15 42
16
16 24
16 45
16 31
16 13
16 6
16 11
16 49
16 0
16 48
16 28
16 14
16 30
16 44
16 36
16 32
16 12
18
17 31
17 8
17 27
17 37
17 43
17 11
17 38
17 40
17 7
17 10
17 9
17 21
17 1
17 42
17 36
17 26
17 3
17 25
20
18 44
18 34
18 45
18 23
18 6
18 33
18 49
18 28
18 29
18 24
18 37
18 42
18 22
18 36
18 12
18 26
18 3
18 9
18 47
18 20
17
19 32
19 11
19 12
19 16
19 18
19 1
19 36
19 46
19 44
19 48
19 3
19 35
19 29
19 21
19 6
19 22
19 8
17
20 11
20 42
20 1
20 22
20 46
20 16
20 17
20 25
20 19
20 33
20 43
20 7
20 12
20 5
20 44
20 34
20 40
19
21 22
21 0
21 1
21 11
21 48
21 40
21 35
21 5
21 33
21 14
21 26
21 23
21 46
21 37
21 47
21 13
21 38
21 31
21 8
18
22 23
22 5
22 38
22 32
22 39
22 3
22 37
22 15
22 31
22 14
22 9
22 46
22 6
22 42
22 28
22 40
22 26
22 45
19
23 17
23 45
23 11
23 39
23 9
23 20
23 1
23 16
23 48
23 10
23 19
23 27
23 29
23 14
23 7
23 41
23 5
23 43
23 12
29
24 2
24 42
24 20
24 22
24 28
24 44
24 33
24 48
24 4
24 7
24 23
24 45
24 21
24 6
24 35
24 8
24 43
24 26
24 14
24 12
24 9
24 13
24 27
24 47
24 34
24 19
24 17
24 30
24 32
24
25 46
25 38
25 11
25 27
25 2
25 18
25 0
25 32
25 10
25 7
25 33
25 28
25 47
25 5
25 4
25 48
25 21
25 8
25 13
25 36
25 42
25 37
25 19
25 34
17
26 43
26 31
26 9
26 20
26 33
26 36
26 14
26 28
26 25
26 11
26 16
26 30
26 45
26 35
26 40
26 34
26 13
22
27 5
27 0
27 13
27 37
27 3
27 48
27 28
27 41
27 40
27 11
27 34
27 42
27 38
27 47
27 32
27 18
27 30
27 43
27 14
27 20
27 15
27 33
21
28 8
28 33
28 20
28 30
28 9
28 38
28 29
28 49
28 31
28 19
28 36
28 14
28 35
28 47
28 15
28 41
28 13
28 46
28 21
28 40
28 23
25
29 0
29 43
29 20
29 24
29 27
29 46
29 35
29 16
29 36
29 38
29 8
29 13
29 32
29 17
29 48
29 31
29 47
29 7
29 26
29 5
29 2
29 41
29 33
29 14
29 37
19
30 45
30 46
30 32
30 41
30 6
30 10
30 4
30 11
30 17
30 29
30 3
30 7
30 40
30 19
30 21
30 0
30 36
30 12
30 25
17
31 14
31 5
31 37
31 32
31 19
31 24
31 23
31 12
31 1
31 35
31 38
31 11
31 8
31 6
31 15
31 4
31 25
18
32 37
32 1
32 17
32 39
32 15
32 12
32 49
32 8
32 45
32 23
32 3
32 44
32 21
32 46
32 11
32 48
32 47
32 28
21
33 12
33 30
33 44
33 14
33 47
33 22
33 3
33 35
33 8
33 0
33 37
33 36
33 41
33 46
33 45
33 9
33 23
33 39
33 19
33 17
33 34
20
34 31
34 32
34 19
34 49
34 10
34 46
34 21
34 30
34 13
34 2
34 8
34 16
34 38
34 37
34 23
34 22
34 4
34 28
34 9
34 15
20
35 27
35 5
35 39
35 46
35 45
35 44
35 14
35 42
35 18
35 23
35 9
35 30
35 32
35 22
35 13
35 3
35 40
35 8
35 0
35 16
14
36 37
36 21
36 41
36 47
36 7
36 23
36 34
36 20
36 45
36 4
36 24
36 43
36 31
36 6
22
37 3
37 0
37 44
37 20
37 42
37 4
37 9
37 6
37 5
37 28
37 35
37 7
37 47
37 19
37 30
37 49
37 2
37 39
37 43
37 41
37 24
37 14
13
38 37
38 43
38 44
38 12
38 18
38 26
38 47
38 9
38 39
38 33
38 49
38 16
38 46
19
39 28
39 21
39 4
39 34
39 20
39 1
39 5
39 11
39 10
39 17
39 19
39 24
39 26
39 29
39 42
39 36
39 30
39 12
39 27
19
40 10
40 37
40 36
40 0
40 14
40 34
40 15
40 16
40 33
40 31
40 39
40 41
40 46
40 6
40 18
40 25
40 45
40 38
40 23
21
41 38
41 32
41 6
41 19
41 10
41 35
41 7
41 26
41 13
41 47
41 17
41 22
41 34
41 8
41 25
41 14
41 45
41 39
41 24
41 18
41 16
20
42 1
42 32
42 30
42 34
42 11
42 3
42 48
42 28
42 14
42 36
42 5
42 33
42 45
42 2
42 4
42 41
42 31
42 44
42 49
42 19
20
43 32
43 46
43 8
43 14
43 22
43 0
43 40
43 19
43 9
43 41
43 11
43 30
43 16
43 39
43 34
43 1
43 21
43 31
43 25
43 13
16
44 15
44 27
44 30
44 17
44 26
44 28
44 21
44 7
44 1
44 2
44 22
44 3
44 43
44 36
44 25
44 23
16
45 2
45 48
45 38
45 1
45 12
45 19
45 29
45 20
45 31
45 28
45 34
45 14
45 7
45 43
45 27
45 49
12
46 26
46 14
46 31
46 4
46 6
46 17
46 16
46 11
46 37
46 8
46 24
46 10
26
47 3
47 22
47 26
47 10
47 12
47 40
47 34
47 48
47 44
47 23
47 42
47 14
47 17
47 8
47 6
47 30
47 39
47 46
47 31
47 35
47 45
47 16
47 7
47 5
47 0
47 4
19
48 46
48 34
48 12
48 49
48 22
48 0
48 17
48 43
48 26
48 33
48 20
48 28
48 40
48 11
48 36
48 8
48 18
48 35
48 30
24
49 43
49 29
49 41
49 30
49 17
49 13
49 11
49 47
49 46
49 33
49 31
49 2
49 19
49 24
49 1
49 23
49 44
49 0
49 21
49 20
49 39
49 36
49 35
49 4
