50
0 "A38"
1 "A17"
2 "A6"
3 "A14"
4 "A29"
5 "A33"
6 "A19"
7 "A23"
8 "A48"
9 "A45"
10 "A22"
11 "A7"
12 "A11"
13 "A9"
14 "A36"
15 "A10"
16 "A30"
17 "A37"
18 "A2"
19 "A21"
20 "A31"
21 "A12"
22 "A34"
23 "A18"
24 "A28"
25 "A41"
26 "A40"
27 "A32"
28 "A24"
29 "A13"
30 "A43"
31 "A42"
32 "A3"
33 "A47"
34 "A1"
35 "A5"
36 "A25"
37 "A49"
38 "A16"
39 "A39"
40 "A4"
41 "A8"
42 "A44"
43 "A15"
44 "A27"
45 "A26"
46 "A20"
47 "A35"
48 "A46"
49 "A0"
17
0 13
0 47
0 16
0 26
0 40
0 4
0 49
0 20
0 7
0 23
0 12
0 11
0 3
0 18
0 36
0 32
0 28
19
1 4
1 37
1 33
1 47
1 9
1 14
1 18
1 30
1 11
1 42
1 13
1 28
1 21
1 27
1 24
1 7
1 38
1 23
1 2
20
2 28
2 15
2 10
2 7
2 9
2 22
2 40
2 20
2 17
2 49
2 42
2 44
2 39
2 34
2 8
2 32
2 24
2 45
2 43
2 0
19
3 34
3 7
3 1
3 16
3 27
3 44
3 32
3 12
3 24
3 4
3 14
3 23
3 20
3 28
3 29
3 30
3 18
3 37
3 2
17
4 9
4 2
4 34
4 47
4 42
4 43
4 11
4 10
4 28
4 13
4 7
4 29
4 25
4 37
4 27
4 26
4 38
20
5 24
5 32
5 6
5 3
5 2
5 41
5 19
5 33
5 17
5 42
5 16
5 1
5 12
5 10
5 35
5 49
5 7
5 30
5 45
5 0
24
6 15
6 14
6 7
6 40
6 4
6 36
6 23
6 25
6 20
6 46
6 21
6 35
6 8
6 17
6 0
6 13
6 43
6 30
6 44
6 3
6 37
6 27
6 22
6 1
17
7 20
7 22
7 46
7 15
7 31
7 16
7 25
7 32
7 45
7 38
7 37
7 18
7 39
7 30
7 12
7 26
7 43
18
8 7
8 21
8 10
8 24
8 42
8 41
8 46
8 0
8 43
8 39
8 3
8 27
8 49
8 45
8 30
8 12
8 31
8 33
16
9 17
9 0
9 38
9 32
9 46
9 10
9 7
9 26
9 45
9 8
9 34
9 14
9 3
9 6
9 19
9 28
21
10 49
10 0
10 27
10 18
10 46
10 43
10 1
10 37
10 21
10 13
10 26
10 19
10 16
10 32
10 40
10 7
10 36
10 23
10 6
10 41
10 15
26
11 40
11 3
11 38
11 31
11 22
11 9
11 46
11 30
11 16
11 43
11 47
11 18
11 39
11 45
11 34
11 6
11 27
11 10
11 13
11 7
11 48
11 23
11 19
11 5
11 36
11 24
22
12 11
12 10
12 9
12 36
12 22
12 4
12 26
12 1
12 18
12 16
12 2
12 38
12 21
12 33
12 29
12 35
12 39
12 30
12 47
12 34
12 37
12 24
14
13 20
13 41
13 26
13 12
13 24
13 25
13 29
13 44
13 9
13 7
13 2
13 47
13 48
13 5
16
14 7
14 12
14 17
14 24
14 46
14 13
14 26
14 40
14 27
14 2
14 45
14 41
14 10
14 35
14 30
14 28
22
15 22
15 5
15 27
15 12
15 1
15 36
15 8
15 21
15 9
15 4
15 13
15 11
15 0
15 20
15 47
15 41
15 34
15 24
15 14
15 25
15 3
15 42
23
16 30
16 6
16 32
16 4
16 2
16 9
16 35
16 23
16 25
16 17
16 33
16 42
16 48
16 26
16 14
16 46
16 40
16 28
16 13
16 8
16 36
16 49
16 22
25
17 48
17 11
17 26
17 37
17 39
17 3
17 40
17 36
17 19
17 15
17 41
17 8
17 30
17 21
17 45
17 22
17 18
17 24
17 28
17 49
17 23
17 1
17 13
17 25
17 0
19
18 48
18 40
18 23
18 14
18 34
18 15
18 27
18 22
18 24
18 2
18 37
18 6
18 5
18 47
18 16
18 13
18 25
18 8
18 32
20
19 30
19 15
19 6
19 2
19 24
19 3
19 31
19 25
19 41
19 18
19 27
19 39
19 14
19 32
19 0
19 20
19 22
19 1
19 12
19 13
18
20 14
20 12
20 16
20 5
20 37
20 28
20 1
20 9
20 10
20 17
20 21
20 39
20 11
20 8
20 35
20 32
20 36
20 24
20
21 32
21 18
21 22
21 25
21 40
21 5
21 41
21 46
21 19
21 44
21 13
21 11
21 47
21 39
21 38
21 3
21 0
21 4
21 34
21 9
22
22 47
22 41
22 14
22 1
22 8
22 5
22 48
22 44
22 32
22 13
22 38
22 10
22 20
22 46
22 9
22 43
22 42
22 33
22 36
22 4
22 27
22 34
21
23 15
23 30
23 7
23 8
23 4
23 45
23 27
23 33
23 44
23 26
23 32
23 48
23 25
23 36
23 37
23 43
23 5
23 40
23 35
23 21
23 12
13
24 38
24 10
24 31
24 42
24 0
24 49
24 28
24 16
24 22
24 23
24 40
24 9
24 25
15
25 36
25 33
25 5
25 1
25 12
25 8
25 10
25 9
25 34
25 11
25 40
25 22
25 35
25 2
25 14
18
26 43
26 45
26 2
26 33
26 18
26 11
26 22
26 8
26 15
26 42
26 19
26 35
26 25
26 44
26 6
26 27
26 24
26 20
15
27 2
27 17
27 9
27 41
27 34
27 25
27 16
27 20
27 0
27 40
27 38
27 42
27 36
27 12
27 43
19
28 6
28 12
28 47
28 41
28 26
28 21
28 5
28 31
28 11
28 39
28 18
28 25
28 15
28 8
28 13
28 27
28 49
28 45
28 23
24
29 22
29 37
29 6
29 35
29 17
29 44
29 45
29 43
29 1
29 2
29 25
29 21
29 23
29 15
29 38
29 5
29 49
29 47
29 14
29 8
29 9
29 24
29 31
29 40
17
30 21
30 36
30 22
30 47
30 27
30 40
30 10
30 9
30 43
30 35
30 20
30 15
30 4
30 48
30 41
30 34
30 24
21
31 6
31 1
31 34
31 17
31 9
31 0
31 27
31 10
31 47
31 14
31 32
31 25
31 3
31 35
31 23
31 21
31 20
31 30
31 41
31 18
31 4
19
32 27
32 29
32 17
32 45
32 44
32 1
32 13
32 12
32 36
32 33
32 40
32 25
32 11
32 24
32 43
32 28
32 14
32 38
32 15
23
33 20
33 24
33 44
33 17
33 6
33 37
33 42
33 2
33 21
33 28
33 7
33 40
33 29
33 0
33 18
33 46
33 11
33 36
33 38
33 27
33 30
33 14
33 3
21
34 28
34 1
34 48
34 6
34 49
34 42
34 7
34 13
34 17
34 32
34 10
34 5
34 36
34 45
34 16
34 14
34 24
34 19
34 41
34 20
34 47
19
35 38
35 27
35 45
35 33
35 48
35 21
35 9
35 8
35 1
35 42
35 28
35 2
35 41
35 3
35 37
35 7
35 4
35 11
35 10
19
36 24
36 26
36 19
36 3
36 1
36 21
36 9
36 13
36 7
36 5
36 28
36 41
36 8
36 31
36 14
36 35
36 18
36 40
36 47
18
37 0
37 46
37 32
37 28
37 2
37 22
37 27
37 13
37 45
37 11
37 9
37 26
37 30
37 24
37 8
37 41
37 25
37 19
22
38 44
38 30
38 34
38 17
38 20
38 14
38 40
38 37
38 28
38 0
38 45
38 3
38 16
38 47
38 15
38 5
38 19
38 25
38 48
38 36
38 26
38 2
24
39 24
39 47
39 0
39 4
39 5
39 30
39 1
39 10
39 9
39 33
39 13
39 16
39 26
39 34
39 43
39 46
39 6
39 41
39 44
39 22
39 25
39 14
39 32
39 49
17
40 15
40 26
40 12
40 1
40 37
40 39
40 20
40 35
40 31
40 4
40 5
40 44
40 9
40 28
40 22
40 48
40 34
19
41 4
41 1
41 0
41 43
41 24
41 26
41 16
41 47
41 25
41 48
41 38
41 29
41 7
41 9
41 49
41 6
41 42
41 2
41 18
15
42 48
42 9
42 31
42 43
42 36
42 20
42 46
42 38
42 28
42 30
42 29
42 25
42 47
42 7
42 37
17
43 19
43 33
43 24
43 14
43 9
43 25
43 38
43 47
43 35
43 1
43 20
43 49
43 13
43 0
43 5
43 12
43 34
17
44 27
44 25
44 14
44 28
44 15
44 35
44 20
44 41
44 30
44 12
44 36
44 18
44 48
44 1
44 34
44 31
44 11
19
45 30
45 39
45 43
45 1
45 6
45 13
45 20
45 21
45 25
45 44
45 18
45 16
45 27
45 15
45 19
45 33
45 4
45 42
45 0
28
46 31
46 38
46 25
46 5
46 28
46 47
46 19
46 2
46 35
46 3
46 17
46 12
46 45
46 20
46 26
46 1
46 13
46 30
46 24
46 23
46 27
46 29
46 15
46 40
46 43
46 44
46 4
46 18
20
47 48
47 2
47 7
47 37
47 35
47 33
47 25
47 49
47 27
47 44
47 16
47 9
47 8
47 24
47 17
47 40
47 45
47 5
47 23
47 20
22
48 24
48 20
48 36
48 14
48 1
48 26
48 5
48 31
48 8
48 43
48 29
48 12
48 10
48 19
48 46
48 33
48 32
48 7
48 28
48 21
48 49
48 37
23
49 26
49 35
49 30
49 11
49 44
49 4
49 1
49 40
49 9
49 27
49 12
49 23
49 22
49 15
49 33
49 37
49 38
49 32
49 46
49 21
49 13
49 6
49 42
