50
0 "A38"
1 "A17"
2 "A6"
3 "A14"
4 "A29"
5 "A33"
6 "A19"
7 "A23"
8 "A48"
9 "A45"
10 "A22"
11 "A7"
12 "A11"
13 "A9"
14 "A36"
15 "A10"
16 "A30"
17 "A37"
18 "A2"
19 "A21"
20 "A31"
21 "A12"
22 "A34"
23 "A18"
24 "A28"
25 "A41"
26 "A40"
27 "A32"
28 "A24"
29 "A13"
30 "A43"
31 "A42"
32 "A3"
33 "A47"
34 "A1"
35 "A5"
36 "A25"
37 "A49"
38 "A16"
39 "A39"
40 "A4"
41 "A8"
42 "A44"
43 "A15"
44 "A27"
45 "A26"
46 "A20"
47 "A35"
48 "A46"
49 "A0"
19
0 38
0 26
0 20
0 12
0 18
0 48
0 43
0 22
0 45
0 30
0 28
0 37
0 15
0 47
0 16
0 27
0 9
0 3
0 39
22
1 14
1 27
1 12
1 16
1 35
1 34
1 11
1 46
1 26
1 5
1 13
1 20
1 47
1 8
1 3
1 17
1 7
1 28
1 0
1 38
1 31
1 45
21
2 14
2 13
2 38
2 12
2 9
2 35
2 3
2 28
2 33
2 44
2 18
2 4
2 41
2 29
2 30
2 20
2 27
2 40
2 26
2 22
2 42
16
3 33
3 45
3 32
3 28
3 14
3 16
3 20
3 46
3 34
3 47
3 39
3 37
3 19
3 17
3 25
3 36
19
4 11
4 31
4 28
4 43
4 1
4 34
4 49
4 35
4 48
4 46
4 18
4 36
4 12
4 41
4 25
4 47
4 38
4 26
4 45
14
5 48
5 31
5 18
5 6
5 37
5 38
5 43
5 22
5 0
5 24
5 36
5 29
5 23
5 46
22
6 12
6 14
6 19
6 22
6 44
6 42
6 29
6 16
6 36
6 45
6 2
6 32
6 18
6 4
6 3
6 48
6 43
6 37
6 30
6 23
6 0
6 27
14
7 28
7 22
7 30
7 19
7 45
7 34
7 5
7 27
7 40
7 2
7 23
7 42
7 47
7 14
20
8 48
8 28
8 27
8 3
8 25
8 21
8 7
8 36
8 19
8 39
8 23
8 42
8 11
8 6
8 0
8 16
8 35
8 32
8 26
8 15
15
9 35
9 38
9 7
9 26
9 8
9 30
9 46
9 39
9 18
9 12
9 14
9 5
9 19
9 1
9 6
17
10 20
10 1
10 28
10 41
10 15
10 30
10 48
10 9
10 34
10 6
10 5
10 18
10 4
10 3
10 7
10 36
10 46
21
11 2
11 7
11 21
11 38
11 10
11 12
11 48
11 3
11 6
11 29
11 15
11 22
11 23
11 30
11 17
11 9
11 49
11 19
11 32
11 5
11 42
18
12 20
12 37
12 39
12 22
12 7
12 13
12 40
12 43
12 21
12 3
12 32
12 30
12 16
12 34
12 42
12 10
12 45
12 5
18
13 32
13 24
13 11
13 43
13 40
13 36
13 42
13 18
13 6
13 17
13 10
13 28
13 26
13 45
13 29
13 5
13 49
13 33
17
14 36
14 43
14 25
14 38
14 8
14 13
14 39
14 22
14 23
14 21
14 5
14 12
14 15
14 46
14 37
14 30
14 11
16
15 38
15 18
15 4
15 45
15 2
15 7
15 31
15 40
15 25
15 35
15 9
15 49
15 39
15 6
15 26
15 22
18
16 14
16 10
16 5
16 20
16 29
16 18
16 49
16 19
16 7
16 9
16 33
16 2
16 47
16 27
16 13
16 35
16 37
16 42
23
17 36
17 27
17 37
17 4
17 28
17 38
17 8
17 14
17 49
17 35
17 34
17 33
17 42
17 32
17 10
17 15
17 2
17 16
17 25
17 26
17 9
17 43
17 6
15
18 14
18 34
18 38
18 31
18 21
18 11
18 49
18 1
18 39
18 40
18 19
18 17
18 23
18 12
18 46
16
19 20
19 35
19 42
19 26
19 38
19 0
19 33
19 24
19 47
19 41
19 12
19 1
19 36
19 37
19 5
19 46
17
20 23
20 6
20 27
20 49
20 17
20 4
20 8
20 14
20 40
20 42
20 25
20 15
20 18
20 5
20 34
20 46
20 45
31
21 25
21 32
21 48
21 47
21 29
21 4
21 34
21 44
21 5
21 28
21 6
21 43
21 27
21 26
21 22
21 9
21 1
21 40
21 36
21 23
21 46
21 39
21 37
21 15
21 35
21 17
21 0
21 49
21 41
21 13
21 20
22
22 30
22 29
22 17
22 23
22 40
22 1
22 19
22 48
22 49
22 35
22 28
22 18
22 37
22 4
22 41
22 9
22 13
22 34
22 10
22 38
22 8
22 32
20
23 46
23 28
23 33
23 45
23 40
23 9
23 3
23 44
23 16
23 34
23 19
23 47
23 1
23 36
23 17
23 0
23 38
23 13
23 31
23 10
21
24 15
24 43
24 14
24 35
24 23
24 25
24 17
24 2
24 36
24 8
24 21
24 40
24 27
24 4
24 20
24 16
24 39
24 9
24 11
24 22
24 42
22
25 43
25 5
25 7
25 47
25 39
25 16
25 34
25 38
25 1
25 0
25 12
25 23
25 37
25 13
25 10
25 42
25 19
25 11
25 44
25 33
25 9
25 32
19
26 35
26 16
26 10
26 38
26 3
26 30
26 22
26 6
26 12
26 39
26 28
26 36
26 46
26 29
26 5
26 11
26 7
26 24
26 25
20
27 43
27 15
27 23
27 28
27 35
27 5
27 31
27 13
27 19
27 18
27 38
27 26
27 42
27 25
27 10
27 3
27 29
27 11
27 39
27 46
21
28 33
28 40
28 11
28 35
28 19
28 16
28 5
28 20
28 42
28 46
28 29
28 37
28 48
28 49
28 15
28 6
28 34
28 30
28 38
28 9
28 18
19
29 7
29 15
29 3
29 18
29 9
29 38
29 40
29 37
29 12
29 47
29 10
29 4
29 39
29 41
29 1
29 49
29 33
29 24
29 45
19
30 25
30 46
30 39
30 3
30 5
30 8
30 15
30 43
30 37
30 31
30 13
30 18
30 27
30 17
30 19
30 4
30 23
30 32
30 16
21
31 35
31 7
31 28
31 3
31 29
31 36
31 14
31 19
31 38
31 26
31 42
31 11
31 8
31 2
31 20
31 22
31 10
31 41
31 0
31 12
31 17
23
32 27
32 34
32 35
32 49
32 26
32 20
32 42
32 44
32 28
32 46
32 10
32 18
32 45
32 1
32 23
32 31
32 16
32 40
32 39
32 38
32 19
32 9
32 24
22
33 45
33 14
33 31
33 5
33 21
33 15
33 39
33 20
33 30
33 48
33 47
33 38
33 24
33 0
33 46
33 12
33 26
33 9
33 10
33 1
33 7
33 34
18
34 16
34 6
34 47
34 15
34 8
34 2
34 0
34 9
34 19
34 43
34 11
34 14
34 30
34 41
34 29
34 37
34 46
34 24
19
35 33
35 49
35 25
35 14
35 48
35 6
35 40
35 13
35 29
35 5
35 23
35 18
35 44
35 30
35 37
35 42
35 20
35 34
35 11
18
36 42
36 41
36 37
36 32
36 11
36 35
36 18
36 0
36 2
36 39
36 20
36 1
36 9
36 15
36 49
36 22
36 29
36 34
19
37 8
37 47
37 31
37 26
37 7
37 10
37 20
37 46
37 40
37 48
37 24
37 42
37 13
37 11
37 2
37 27
37 33
37 39
37 18
12
38 21
38 44
38 41
38 40
38 36
38 7
38 13
38 24
38 3
38 16
38 35
38 10
22
39 28
39 10
39 20
39 16
39 19
39 23
39 6
39 5
39 13
39 11
39 2
39 22
39 31
39 17
39 48
39 34
39 35
39 1
39 4
39 49
39 43
39 44
19
40 19
40 10
40 6
40 48
40 39
40 17
40 3
40 25
40 9
40 47
40 42
40 26
40 5
40 31
40 1
40 34
40 11
40 0
40 33
23
41 42
41 27
41 32
41 8
41 1
41 30
41 23
41 43
41 5
41 25
41 17
41 49
41 12
41 14
41 39
41 40
41 18
41 37
41 3
41 26
41 47
41 16
41 6
19
42 4
42 1
42 23
42 33
42 46
42 49
42 21
42 34
42 18
42 45
42 39
42 38
42 3
42 26
42 48
42 0
42 9
42 14
42 43
20
43 10
43 1
43 44
43 33
43 2
43 23
43 35
43 15
43 16
43 11
43 31
43 32
43 22
43 3
43 28
43 29
43 49
43 18
43 9
43 37
33
44 24
44 18
44 40
44 37
44 34
44 22
44 1
44 16
44 10
44 36
44 19
44 17
44 5
44 12
44 29
44 4
44 42
44 47
44 41
44 28
44 46
44 33
44 13
44 20
44 0
44 26
44 11
44 30
44 7
44 14
44 8
44 31
44 27
22
45 24
45 31
45 22
45 21
45 40
45 41
45 25
45 19
45 9
45 43
45 17
45 48
45 5
45 2
45 34
45 14
45 8
45 26
45 27
45 46
45 10
45 47
17
46 36
46 31
46 22
46 25
46 24
46 41
46 40
46 15
46 38
46 49
46 16
46 13
46 8
46 17
46 6
46 35
46 29
23
47 17
47 5
47 36
47 18
47 2
47 12
47 24
47 26
47 42
47 6
47 9
47 49
47 38
47 39
47 14
47 10
47 43
47 8
47 46
47 20
47 35
47 32
47 13
20
48 24
48 9
48 17
48 18
48 23
48 43
48 30
48 13
48 29
48 47
48 2
48 27
48 34
48 36
48 31
48 12
48 3
48 32
48 19
48 16
18
49 9
49 38
49 37
49 1
49 14
49 40
49 12
49 8
49 27
49 24
49 31
49 44
49 3
49 10
49 5
49 25
49 26
49 48
