50
0 "A26"
1 "A6"
2 "A24"
3 "A14"
4 "A0"
5 "A10"
6 "A12"
7 "A2"
8 "A16"
9 "A4"
10 "A13"
11 "A34"
12 "A22"
13 "A39"
14 "A9"
15 "A38"
16 "A8"
17 "A44"
18 "A31"
19 "A17"
20 "A3"
21 "A41"
22 "A11"
23 "A7"
24 "A5"
25 "A47"
26 "A49"
27 "A20"
28 "A19"
29 "A25"
30 "A40"
31 "A28"
32 "A37"
33 "A36"
34 "A30"
35 "A1"
36 "A45"
37 "A18"
38 "A43"
39 "A33"
40 "A46"
41 "A29"
42 "A32"
43 "A42"
44 "A15"
45 "A21"
46 "A35"
47 "A48"
48 "A23"
49 "A27"
22
0 25
0 40
0 7
0 36
0 4
0 35
0 8
0 6
0 44
0 37
0 42
0 11
0 43
0 24
0 28
0 19
0 13
0 15
0 49
0 45
0 5
0 47
20
1 35
1 31
1 5
1 33
1 40
1 4
1 48
1 0
1 13
1 25
1 47
1 32
1 46
1 3
1 37
1 17
1 49
1 2
1 27
1 6
16
2 47
2 3
2 14
2 6
2 21
2 38
2 40
2 0
2 34
2 12
2 28
2 41
2 17
2 35
2 16
2 22
11
3 48
3 47
3 7
3 34
3 17
3 19
3 6
3 49
3 29
3 9
3 33
18
4 9
4 3
4 34
4 31
4 18
4 2
4 7
4 24
4 8
4 17
4 39
4 47
4 43
4 37
4 26
4 42
4 22
4 15
22
5 38
5 19
5 29
5 18
5 41
5 45
5 21
5 26
5 20
5 13
5 30
5 33
5 9
5 7
5 4
5 16
5 35
5 47
5 2
5 28
5 49
5 43
17
6 14
6 18
6 24
6 49
6 10
6 46
6 5
6 12
6 37
6 36
6 4
6 38
6 39
6 31
6 21
6 47
6 45
22
7 44
7 32
7 37
7 13
7 20
7 15
7 23
7 8
7 24
7 39
7 2
7 29
7 34
7 33
7 16
7 41
7 22
7 43
7 6
7 30
7 27
7 25
24
8 44
8 19
8 6
8 37
8 11
8 20
8 10
8 9
8 16
8 23
8 40
8 18
8 33
8 29
8 30
8 26
8 45
8 32
8 49
8 46
8 15
8 14
8 5
8 2
24
9 40
9 47
9 45
9 6
9 37
9 28
9 0
9 17
9 7
9 13
9 31
9 43
9 24
9 16
9 14
9 11
9 10
9 18
9 2
9 44
9 1
9 20
9 38
9 30
19
10 24
10 2
10 43
10 28
10 32
10 22
10 33
10 0
10 47
10 48
10 5
10 3
10 29
10 46
10 4
10 12
10 39
10 26
10 37
22
11 13
11 42
11 38
11 31
11 37
11 21
11 34
11 4
11 46
11 7
11 48
11 19
11 47
11 43
11 10
11 26
11 28
11 6
11 40
11 5
11 2
11 3
18
12 15
12 17
12 29
12 5
12 9
12 33
12 11
12 28
12 20
12 7
12 49
12 3
12 36
12 27
12 47
12 1
12 4
12 30
15
13 44
13 14
13 16
13 3
13 20
13 25
13 8
13 46
13 10
13 39
13 37
13 29
13 15
13 28
13 48
24
14 18
14 1
14 10
14 23
14 27
14 41
14 45
14 0
14 36
14 44
14 35
14 12
14 16
14 17
14 11
14 33
14 22
14 5
14 49
14 32
14 21
14 3
14 39
14 46
22
15 36
15 6
15 23
15 35
15 40
15 28
15 19
15 14
15 42
15 9
15 48
15 49
15 25
15 32
15 22
15 5
15 2
15 21
15 38
15 30
15 47
15 24
20
16 10
16 6
16 49
16 41
16 36
16 39
16 22
16 45
16 46
16 4
16 29
16 12
16 0
16 25
16 40
16 11
16 1
16 17
16 33
16 43
20
17 0
17 6
17 27
17 11
17 49
17 5
17 44
17 28
17 8
17 24
17 42
17 35
17 38
17 45
17 41
17 7
17 30
17 13
17 23
17 18
16
18 7
18 15
18 3
18 21
18 19
18 11
18 25
18 10
18 20
18 12
18 45
18 22
18 23
18 1
18 42
18 29
25
19 2
19 16
19 44
19 26
19 36
19 34
19 47
19 9
19 25
19 10
19 12
19 38
19 23
19 29
19 43
19 49
19 40
19 28
19 4
19 35
19 1
19 7
19 46
19 17
19 20
19
20 3
20 10
20 28
20 33
20 26
20 17
20 34
20 36
20 4
20 48
20 49
20 24
20 30
20 6
20 42
20 0
20 14
20 35
20 16
22
21 29
21 34
21 24
21 3
21 13
21 8
21 17
21 25
21 19
21 10
21 1
21 48
21 12
21 7
21 37
21 9
21 32
21 28
21 16
21 22
21 20
21 4
16
22 12
22 29
22 36
22 24
22 3
22 41
22 23
22 5
22 20
22 32
22 44
22 1
22 27
22 49
22 38
22 6
19
23 1
23 0
23 3
23 41
23 21
23 2
23 12
23 4
23 40
23 13
23 44
23 45
23 31
23 39
23 43
23 20
23 34
23 5
23 49
24
24 37
24 12
24 26
24 43
24 30
24 23
24 33
24 45
24 32
24 3
24 28
24 13
24 36
24 46
24 5
24 35
24 8
24 2
24 27
24 18
24 29
24 14
24 19
24 1
24
25 40
25 33
25 48
25 20
25 17
25 8
25 29
25 43
25 28
25 12
25 46
25 22
25 5
25 14
25 3
25 24
25 11
25 45
25 10
25 36
25 49
25 9
25 23
25 39
22
26 40
26 6
26 21
26 46
26 31
26 44
26 48
26 29
26 14
26 13
26 18
26 15
26 2
26 9
26 37
26 16
26 25
26 32
26 12
26 35
26 7
26 47
18
27 13
27 32
27 2
27 28
27 11
27 5
27 26
27 33
27 19
27 15
27 23
27 9
27 20
27 35
27 6
27 8
27 37
27 18
16
28 8
28 26
28 31
28 39
28 37
28 47
28 22
28 45
28 49
28 3
28 18
28 32
28 34
28 48
28 46
28 6
16
29 11
29 37
29 30
29 4
29 34
29 43
29 1
29 28
29 32
29 9
29 27
29 17
29 2
29 14
29 46
29 15
15
30 18
30 39
30 43
30 46
30 36
30 42
30 13
30 44
30 4
30 10
30 3
30 0
30 22
30 19
30 16
23
31 0
31 17
31 43
31 34
31 49
31 48
31 20
31 14
31 15
31 47
31 16
31 25
31 2
31 36
31 8
31 46
31 42
31 5
31 18
31 19
31 22
31 29
31 41
22
32 18
32 38
32 47
32 3
32 13
32 2
32 17
32 48
32 39
32 6
32 46
32 41
32 31
32 34
32 35
32 23
32 44
32 5
32 25
32 12
32 40
32 36
17
33 30
33 29
33 31
33 6
33 35
33 32
33 13
33 44
33 46
33 19
33 42
33 0
33 23
33 9
33 38
33 4
33 26
22
34 8
34 24
34 45
34 43
34 46
34 48
34 22
34 16
34 39
34 40
34 42
34 5
34 10
34 1
34 47
34 14
34 12
34 18
34 26
34 25
34 15
34 49
19
35 39
35 23
35 28
35 21
35 8
35 29
35 10
35 11
35 49
35 30
35 25
35 16
35 41
35 12
35 7
35 6
35 34
35 13
35 44
25
36 42
36 17
36 5
36 35
36 4
36 49
36 18
36 41
36 13
36 7
36 47
36 34
36 10
36 33
36 37
36 11
36 1
36 29
36 40
36 26
36 21
36 39
36 2
36 45
36 9
21
37 45
37 23
37 47
37 43
37 14
37 42
37 3
37 2
37 22
37 33
37 19
37 48
37 32
37 12
37 20
37 5
37 17
37 35
37 18
37 34
37 39
20
38 3
38 47
38 27
38 12
38 31
38 37
38 7
38 39
38 1
38 18
38 8
38 16
38 20
38 13
38 0
38 14
38 28
38 4
38 46
38 29
16
39 26
39 20
39 1
39 17
39 5
39 11
39 2
39 21
39 19
39 8
39 22
39 29
39 27
39 18
39 42
39 49
26
40 42
40 31
40 14
40 12
40 29
40 28
40 20
40 5
40 49
40 7
40 4
40 24
40 38
40 18
40 47
40 46
40 27
40 17
40 21
40 33
40 10
40 41
40 37
40 39
40 48
40 13
20
41 44
41 33
41 19
41 0
41 37
41 20
41 1
41 4
41 12
41 11
41 49
41 27
41 21
41 43
41 34
41 29
41 26
41 3
41 6
41 18
19
42 16
42 32
42 48
42 25
42 10
42 26
42 6
42 12
42 14
42 27
42 19
42 3
42 46
42 35
42 28
42 38
42 24
42 2
42 23
19
43 22
43 20
43 36
43 33
43 26
43 14
43 38
43 3
43 48
43 27
43 18
43 1
43 21
43 13
43 45
43 46
43 35
43 2
43 40
16
44 24
44 34
44 11
44 12
44 43
44 10
44 18
44 1
44 27
44 40
44 3
44 37
44 20
44 6
44 21
44 29
20
45 7
45 27
45 20
45 2
45 10
45 13
45 32
45 26
45 21
45 47
45 31
45 11
45 4
45 40
45 1
45 30
45 44
45 29
45 33
45 42
20
46 5
46 41
46 35
46 17
46 27
46 47
46 0
46 37
46 12
46 22
46 2
46 15
46 39
46 4
46 45
46 44
46 23
46 7
46 9
46 21
18
47 33
47 25
47 29
47 48
47 39
47 42
47 27
47 20
47 8
47 23
47 49
47 13
47 43
47 22
47 14
47 44
47 21
47 7
15
48 38
48 39
48 17
48 19
48 14
48 24
48 0
48 29
48 2
48 23
48 16
48 46
48 33
48 49
48 8
14
49 13
49 45
49 29
49 27
49 33
49 9
49 26
49 46
49 38
49 24
49 11
49 42
49 30
49 4
