50
0 "A26"
1 "A6"
2 "A24"
3 "A14"
4 "A0"
5 "A10"
6 "A12"
7 "A2"
8 "A16"
9 "A4"
10 "A13"
11 "A34"
12 "A22"
13 "A39"
14 "A9"
15 "A38"
16 "A8"
17 "A44"
18 "A31"
19 "A17"
20 "A3"
21 "A41"
22 "A11"
23 "A7"
24 "A5"
25 "A47"
26 "A49"
27 "A20"
28 "A19"
29 "A25"
30 "A40"
31 "A28"
32 "A37"
33 "A36"
34 "A30"
35 "A1"
36 "A45"
37 "A18"
38 "A43"
39 "A33"
40 "A46"
41 "A29"
42 "A32"
43 "A42"
44 "A15"
45 "A21"
46 "A35"
47 "A48"
48 "A23"
49 "A27"
25
0 31
0 3
0 40
0 16
0 43
0 19
0 14
0 7
0 49
0 10
0 20
0 30
0 37
0 32
0 29
0 24
0 23
0 48
0 17
0 15
0 4
0 6
0 39
0 42
0 27
24
1 29
1 13
1 41
1 15
1 26
1 19
1 21
1 14
1 7
1 8
1 11
1 16
1 44
1 37
1 31
1 22
1 32
1 49
1 34
1 12
1 20
1 38
1 33
1 25
17
2 12
2 46
2 0
2 21
2 18
2 8
2 48
2 9
2 13
2 37
2 15
2 4
2 29
2 39
2 1
2 35
2 44
25
3 32
3 28
3 49
3 21
3 45
3 23
3 35
3 1
3 36
3 11
3 5
3 39
3 20
3 48
3 16
3 46
3 18
3 42
3 31
3 10
3 30
3 6
3 27
3 33
3 25
13
4 30
4 24
4 5
4 35
4 38
4 43
4 1
4 23
4 33
4 20
4 48
4 3
4 31
18
5 16
5 19
5 46
5 40
5 10
5 27
5 1
5 28
5 47
5 13
5 0
5 38
5 29
5 24
5 6
5 14
5 33
5 42
16
6 46
6 27
6 41
6 10
6 29
6 49
6 9
6 16
6 14
6 4
6 2
6 24
6 40
6 1
6 23
6 45
27
7 12
7 4
7 11
7 30
7 44
7 23
7 5
7 33
7 14
7 40
7 28
7 9
7 37
7 22
7 38
7 8
7 35
7 43
7 6
7 24
7 49
7 21
7 41
7 2
7 10
7 36
7 19
18
8 47
8 5
8 38
8 14
8 43
8 16
8 46
8 22
8 4
8 28
8 27
8 6
8 23
8 11
8 48
8 3
8 15
8 41
17
9 34
9 32
9 25
9 3
9 5
9 1
9 36
9 14
9 12
9 0
9 45
9 4
9 17
9 43
9 16
9 20
9 39
21
10 40
10 45
10 32
10 25
10 36
10 8
10 37
10 44
10 2
10 18
10 13
10 39
10 19
10 4
10 20
10 22
10 15
10 35
10 43
10 33
10 27
20
11 6
11 32
11 2
11 42
11 38
11 28
11 23
11 4
11 14
11 41
11 35
11 45
11 24
11 27
11 47
11 20
11 43
11 33
11 9
11 34
17
12 0
12 39
12 35
12 31
12 30
12 24
12 34
12 14
12 26
12 38
12 23
12 19
12 17
12 29
12 8
12 15
12 45
20
13 15
13 7
13 19
13 32
13 37
13 44
13 3
13 29
13 12
13 41
13 42
13 8
13 11
13 33
13 0
13 20
13 30
13 35
13 48
13 23
19
14 3
14 24
14 2
14 46
14 33
14 38
14 31
14 19
14 13
14 42
14 18
14 29
14 44
14 28
14 21
14 41
14 25
14 39
14 22
16
15 4
15 23
15 11
15 5
15 28
15 3
15 30
15 31
15 39
15 43
15 16
15 45
15 34
15 27
15 22
15 14
17
16 21
16 2
16 49
16 12
16 13
16 30
16 7
16 44
16 32
16 23
16 22
16 42
16 10
16 41
16 4
16 47
16 26
20
17 14
17 16
17 33
17 3
17 45
17 41
17 2
17 37
17 40
17 34
17 44
17 38
17 35
17 13
17 24
17 22
17 39
17 43
17 1
17 4
25
18 8
18 39
18 17
18 11
18 5
18 16
18 7
18 43
18 33
18 45
18 22
18 4
18 12
18 15
18 13
18 44
18 32
18 41
18 30
18 42
18 6
18 31
18 1
18 20
18 38
12
19 43
19 9
19 29
19 15
19 26
19 33
19 17
19 36
19 22
19 23
19 34
19 18
21
20 31
20 33
20 43
20 39
20 2
20 47
20 17
20 40
20 14
20 37
20 49
20 48
20 44
20 7
20 21
20 42
20 6
20 46
20 35
20 5
20 15
20
21 13
21 8
21 31
21 17
21 11
21 0
21 5
21 44
21 29
21 9
21 10
21 32
21 18
21 42
21 48
21 45
21 23
21 19
21 27
21 36
21
22 47
22 48
22 25
22 4
22 40
22 6
22 3
22 49
22 32
22 44
22 0
22 33
22 2
22 42
22 30
22 23
22 21
22 12
22 5
22 20
22 11
18
23 32
23 39
23 41
23 9
23 30
23 5
23 35
23 38
23 10
23 46
23 14
23 17
23 29
23 20
23 43
23 18
23 2
23 24
20
24 33
24 22
24 13
24 27
24 31
24 3
24 16
24 45
24 37
24 8
24 36
24 9
24 19
24 18
24 35
24 46
24 42
24 25
24 21
24 20
23
25 13
25 21
25 27
25 34
25 32
25 30
25 39
25 11
25 35
25 48
25 41
25 26
25 0
25 49
25 19
25 12
25 8
25 40
25 18
25 31
25 47
25 5
25 16
23
26 18
26 44
26 8
26 45
26 48
26 17
26 31
26 46
26 13
26 6
26 3
26 27
26 21
26 11
26 23
26 4
26 10
26 37
26 47
26 2
26 14
26 20
26 7
19
27 42
27 12
27 45
27 38
27 47
27 33
27 28
27 22
27 1
27 16
27 30
27 23
27 2
27 29
27 17
27 34
27 19
27 7
27 4
17
28 29
28 41
28 34
28 40
28 6
28 23
28 35
28 10
28 38
28 0
28 36
28 19
28 22
28 12
28 43
28 2
28 48
19
29 49
29 33
29 38
29 47
29 43
29 48
29 3
29 36
29 24
29 25
29 11
29 9
29 30
29 7
29 44
29 10
29 20
29 35
29 8
21
30 8
30 28
30 14
30 35
30 26
30 2
30 37
30 11
30 24
30 45
30 48
30 17
30 39
30 42
30 19
30 38
30 1
30 32
30 6
30 31
30 20
18
31 38
31 16
31 39
31 23
31 42
31 6
31 13
31 8
31 27
31 36
31 17
31 7
31 2
31 37
31 46
31 22
31 40
31 29
15
32 34
32 33
32 38
32 14
32 15
32 27
32 20
32 40
32 2
32 6
32 29
32 12
32 4
32 49
32 43
19
33 46
33 49
33 2
33 16
33 25
33 42
33 37
33 35
33 30
33 21
33 43
33 26
33 8
33 15
33 31
33 12
33 28
33 36
33 6
25
34 41
34 21
34 16
34 31
34 0
34 47
34 10
34 38
34 3
34 42
34 4
34 43
34 7
34 5
34 18
34 35
34 24
34 45
34 8
34 39
34 23
34 6
34 2
34 13
34 29
11
35 21
35 18
35 46
35 31
35 26
35 5
35 6
35 8
35 22
35 41
35 14
24
36 41
36 0
36 15
36 32
36 14
36 30
36 43
36 4
36 6
36 27
36 47
36 35
36 44
36 17
36 20
36 11
36 8
36 2
36 1
36 37
36 16
36 38
36 13
36 22
24
37 23
37 14
37 35
37 39
37 27
37 45
37 19
37 5
37 38
37 8
37 4
37 11
37 6
37 44
37 48
37 34
37 29
37 32
37 42
37 22
37 16
37 49
37 9
37 3
18
38 21
38 2
38 46
38 10
38 35
38 48
38 41
38 24
38 13
38 15
38 22
38 0
38 39
38 3
38 45
38 33
38 26
38 9
14
39 7
39 28
39 35
39 11
39 27
39 40
39 29
39 6
39 5
39 13
39 21
39 48
39 32
39 45
25
40 43
40 26
40 29
40 12
40 14
40 1
40 3
40 9
40 46
40 44
40 37
40 24
40 45
40 16
40 11
40 38
40 18
40 48
40 15
40 23
40 2
40 19
40 33
40 8
40 4
18
41 48
41 49
41 33
41 12
41 39
41 15
41 22
41 46
41 4
41 27
41 42
41 3
41 0
41 32
41 19
41 40
41 29
41 2
19
42 36
42 26
42 7
42 12
42 1
42 8
42 32
42 28
42 9
42 35
42 15
42 6
42 19
42 4
42 29
42 23
42 43
42 17
42 40
17
43 24
43 1
43 5
43 16
43 25
43 3
43 6
43 12
43 2
43 13
43 41
43 30
43 21
43 26
43 39
43 48
43 27
18
44 30
44 3
44 27
44 34
44 8
44 19
44 11
44 38
44 15
44 43
44 35
44 39
44 48
44 42
44 23
44 41
44 32
44 4
20
45 28
45 23
45 5
45 41
45 35
45 2
45 4
45 20
45 46
45 42
45 13
45 22
45 8
45 16
45 47
45 32
45 31
45 44
45 1
45 7
23
46 13
46 25
46 30
46 48
46 42
46 18
46 47
46 7
46 9
46 32
46 28
46 10
46 22
46 27
46 19
46 15
46 34
46 16
46 44
46 49
46 0
46 21
46 37
22
47 12
47 7
47 41
47 38
47 18
47 21
47 48
47 10
47 40
47 3
47 9
47 37
47 6
47 39
47 2
47 42
47 13
47 23
47 24
47 30
47 31
47 17
14
48 1
48 49
48 24
48 35
48 17
48 9
48 14
48 6
48 7
48 19
48 32
48 5
48 10
48 33
27
49 12
49 15
49 40
49 28
49 11
49 17
49 45
49 13
49 31
49 9
49 19
49 43
49 23
49 24
49 47
49 5
49 21
49 18
49 26
49 42
49 36
49 39
49 4
49 2
49 14
49 8
49 10
