50
0 "A26"
1 "A6"
2 "A24"
3 "A14"
4 "A0"
5 "A10"
6 "A12"
7 "A2"
8 "A16"
9 "A4"
10 "A13"
11 "A34"
12 "A22"
13 "A39"
14 "A9"
15 "A38"
16 "A8"
17 "A44"
18 "A31"
19 "A17"
20 "A3"
21 "A41"
22 "A11"
23 "A7"
24 "A5"
25 "A47"
26 "A49"
27 "A20"
28 "A19"
29 "A25"
30 "A40"
31 "A28"
32 "A37"
33 "A36"
34 "A30"
35 "A1"
36 "A45"
37 "A18"
38 "A43"
39 "A33"
40 "A46"
41 "A29"
42 "A32"
43 "A42"
44 "A15"
45 "A21"
46 "A35"
47 "A48"
48 "A23"
49 "A27"
19
0 35
0 15
0 31
0 26
0 34
0 6
0 10
0 41
0 2
0 48
0 24
0 27
0 3
0 9
0 42
0 36
0 12
0 21
0 46
18
1 45
1 31
1 46
1 40
1 35
1 36
1 13
1 18
1 26
1 42
1 39
1 3
1 10
1 15
1 37
1 27
1 49
1 21
15
2 1
2 6
2 26
2 31
2 47
2 45
2 44
2 10
2 24
2 7
2 20
2 25
2 8
2 22
2 9
16
3 33
3 34
3 30
3 17
3 27
3 42
3 4
3 8
3 18
3 12
3 14
3 2
3 45
3 38
3 9
3 29
23
4 7
4 0
4 6
4 48
4 42
4 43
4 18
4 13
4 21
4 47
4 32
4 29
4 2
4 10
4 1
4 35
4 25
4 22
4 28
4 27
4 12
4 37
4 40
21
5 21
5 1
5 15
5 13
5 44
5 31
5 6
5 17
5 8
5 12
5 38
5 36
5 46
5 27
5 3
5 35
5 28
5 22
5 30
5 34
5 32
18
6 20
6 22
6 10
6 21
6 19
6 8
6 41
6 26
6 17
6 39
6 40
6 16
6 9
6 35
6 24
6 34
6 31
6 45
23
7 41
7 39
7 33
7 20
7 13
7 23
7 19
7 15
7 32
7 1
7 46
7 12
7 36
7 49
7 45
7 48
7 43
7 25
7 28
7 0
7 35
7 3
7 11
21
8 41
8 7
8 26
8 35
8 37
8 48
8 17
8 36
8 19
8 30
8 11
8 1
8 27
8 16
8 49
8 21
8 31
8 12
8 4
8 24
8 10
16
9 12
9 15
9 24
9 1
9 18
9 19
9 11
9 47
9 44
9 10
9 49
9 48
9 29
9 38
9 8
9 35
25
10 45
10 37
10 3
10 40
10 43
10 31
10 18
10 20
10 7
10 49
10 38
10 19
10 33
10 34
10 5
10 13
10 27
10 41
10 30
10 35
10 22
10 48
10 26
10 12
10 42
22
11 41
11 5
11 43
11 49
11 26
11 15
11 35
11 16
11 6
11 28
11 24
11 22
11 27
11 34
11 23
11 17
11 0
11 36
11 10
11 32
11 20
11 13
14
12 47
12 20
12 30
12 26
12 15
12 23
12 34
12 27
12 46
12 32
12 49
12 25
12 35
12 6
21
13 29
13 30
13 21
13 8
13 31
13 9
13 46
13 35
13 25
13 45
13 48
13 2
13 0
13 41
13 19
13 3
13 24
13 23
13 6
13 32
13 12
15
14 32
14 11
14 16
14 15
14 4
14 0
14 13
14 8
14 31
14 47
14 5
14 9
14 17
14 10
14 49
19
15 38
15 6
15 43
15 34
15 28
15 33
15 47
15 18
15 4
15 42
15 23
15 32
15 48
15 49
15 40
15 2
15 26
15 3
15 29
20
16 9
16 19
16 21
16 12
16 42
16 28
16 15
16 31
16 44
16 5
16 39
16 24
16 10
16 1
16 13
16 38
16 0
16 26
16 45
16 4
20
17 30
17 4
17 38
17 27
17 37
17 33
17 41
17 19
17 13
17 18
17 16
17 43
17 32
17 15
17 12
17 24
17 7
17 47
17 48
17 9
23
18 6
18 39
18 38
18 0
18 12
18 5
18 36
18 35
18 30
18 28
18 37
18 43
18 11
18 19
18 13
18 49
18 33
18 42
18 14
18 8
18 45
18 44
18 2
19
19 38
19 36
19 31
19 3
19 14
19 0
19 20
19 4
19 43
19 33
19 22
19 1
19 46
19 12
19 29
19 49
19 15
19 45
19 35
22
20 40
20 49
20 29
20 0
20 13
20 31
20 48
20 3
20 35
20 9
20 36
20 43
20 23
20 4
20 24
20 38
20 16
20 17
20 18
20 26
20 14
20 25
21
21 22
21 29
21 15
21 36
21 46
21 49
21 37
21 18
21 30
21 14
21 38
21 34
21 19
21 28
21 20
21 3
21 2
21 11
21 17
21 7
21 44
19
22 3
22 20
22 48
22 46
22 24
22 1
22 15
22 44
22 7
22 18
22 43
22 9
22 16
22 14
22 25
22 33
22 34
22 23
22 17
18
23 18
23 1
23 45
23 29
23 14
23 44
23 25
23 49
23 3
23 4
23 24
23 35
23 26
23 9
23 32
23 31
23 21
23 27
23
24 10
24 44
24 46
24 35
24 19
24 15
24 14
24 7
24 34
24 25
24 48
24 45
24 21
24 1
24 38
24 42
24 33
24 49
24 5
24 4
24 43
24 3
24 41
22
25 40
25 14
25 39
25 47
25 8
25 41
25 9
25 21
25 26
25 46
25 27
25 31
25 44
25 33
25 6
25 18
25 15
25 1
25 5
25 0
25 11
25 48
22
26 4
26 49
26 9
26 42
26 19
26 44
26 34
26 48
26 28
26 29
26 37
26 46
26 38
26 7
26 17
26 39
26 41
26 3
26 22
26 33
26 5
26 14
19
27 31
27 40
27 19
27 47
27 2
27 16
27 30
27 42
27 38
27 49
27 18
27 28
27 21
27 45
27 33
27 13
27 9
27 48
27 37
16
28 14
28 1
28 41
28 24
28 0
28 19
28 20
28 49
28 35
28 29
28 40
28 22
28 46
28 48
28 9
28 10
20
29 5
29 33
29 47
29 14
29 44
29 7
29 49
29 27
29 1
29 37
29 48
29 36
29 11
29 42
29 25
29 6
29 10
29 46
29 2
29 18
25
30 45
30 26
30 25
30 11
30 37
30 9
30 48
30 4
30 35
30 46
30 24
30 41
30 33
30 2
30 7
30 34
30 20
30 15
30 23
30 28
30 1
30 16
30 22
30 29
30 40
16
31 36
31 45
31 29
31 39
31 40
31 18
31 30
31 47
31 7
31 17
31 24
31 21
31 15
31 38
31 11
31 26
23
32 42
32 41
32 6
32 3
32 47
32 33
32 19
32 21
32 20
32 1
32 39
32 16
32 8
32 0
32 31
32 24
32 45
32 22
32 2
32 36
32 25
32 28
32 34
16
33 38
33 31
33 5
33 37
33 45
33 4
33 8
33 13
33 47
33 2
33 35
33 42
33 20
33 21
33 43
33 28
19
34 33
34 2
34 9
34 17
34 46
34 16
34 42
34 28
34 19
34 4
34 8
34 41
34 1
34 44
34 27
34 31
34 13
34 25
34 20
16
35 17
35 14
35 38
35 44
35 29
35 21
35 31
35 3
35 32
35 43
35 49
35 26
35 16
35 27
35 45
35 34
20
36 4
36 14
36 2
36 10
36 48
36 30
36 16
36 35
36 28
36 33
36 39
36 22
36 41
36 37
36 24
36 34
36 26
36 15
36 17
36 23
19
37 42
37 38
37 12
37 34
37 22
37 6
37 28
37 40
37 47
37 7
37 31
37 11
37 15
37 2
37 19
37 49
37 35
37 32
37 0
24
38 2
38 30
38 39
38 49
38 14
38 41
38 48
38 7
38 25
38 23
38 45
38 13
38 42
38 29
38 36
38 32
38 8
38 0
38 22
38 4
38 40
38 34
38 11
38 46
26
39 37
39 14
39 13
39 8
39 2
39 10
39 41
39 40
39 23
39 34
39 21
39 19
39 17
39 4
39 3
39 9
39 20
39 27
39 29
39 24
39 11
39 12
39 45
39 30
39 42
39 35
22
40 17
40 21
40 18
40 2
40 47
40 12
40 48
40 42
40 5
40 29
40 7
40 34
40 22
40 8
40 49
40 9
40 32
40 26
40 41
40 24
40 14
40 36
15
41 15
41 31
41 35
41 12
41 14
41 27
41 22
41 23
41 44
41 29
41 21
41 33
41 20
41 1
41 2
21
42 23
42 11
42 22
42 35
42 36
42 46
42 45
42 21
42 2
42 12
42 28
42 6
42 13
42 25
42 19
42 7
42 31
42 14
42 17
42 5
42 9
22
43 2
43 34
43 36
43 40
43 6
43 37
43 27
43 23
43 1
43 14
43 9
43 41
43 16
43 46
43 32
43 30
43 39
43 12
43 38
43 45
43 49
43 25
22
44 13
44 37
44 31
44 27
44 28
44 33
44 45
44 0
44 4
44 17
44 3
44 38
44 6
44 36
44 42
44 39
44 46
44 40
44 10
44 12
44 15
44 20
16
45 37
45 40
45 46
45 5
45 28
45 12
45 25
45 11
45 48
45 26
45 47
45 20
45 36
45 29
45 34
45 21
17
46 37
46 33
46 20
46 8
46 48
46 2
46 18
46 32
46 4
46 11
46 47
46 36
46 35
46 16
46 27
46 14
46 23
22
47 41
47 38
47 18
47 49
47 39
47 16
47 44
47 23
47 22
47 11
47 6
47 8
47 28
47 36
47 21
47 34
47 13
47 20
47 42
47 35
47 10
47 5
16
48 37
48 42
48 1
48 33
48 23
48 35
48 3
48 43
48 32
48 47
48 21
48 14
48 44
48 11
48 41
48 5
13
49 2
49 41
49 22
49 3
49 46
49 44
49 36
49 45
49 5
49 17
49 32
49 6
49 16
