50
0 "A26"
1 "A6"
2 "A24"
3 "A14"
4 "A0"
5 "A10"
6 "A12"
7 "A2"
8 "A16"
9 "A4"
10 "A13"
11 "A34"
12 "A22"
13 "A39"
14 "A9"
15 "A38"
16 "A8"
17 "A44"
18 "A31"
19 "A17"
20 "A3"
21 "A41"
22 "A11"
23 "A7"
24 "A5"
25 "A47"
26 "A49"
27 "A20"
28 "A19"
29 "A25"
30 "A40"
31 "A28"
32 "A37"
33 "A36"
34 "A30"
35 "A1"
36 "A45"
37 "A18"
38 "A43"
39 "A33"
40 "A46"
41 "A29"
42 "A32"
43 "A42"
44 "A15"
45 "A21"
46 "A35"
47 "A48"
48 "A23"
49 "A27"
19
0 43
0 48
0 24
0 2
0 37
0 4
0 19
0 9
0 35
0 49
0 21
0 11
0 39
0 8
0 7
0 14
0 20
0 12
0 46
22
1 31
1 13
1 5
1 38
1 3
1 47
1 32
1 19
1 49
1 42
1 8
1 4
1 28
1 25
1 22
1 18
1 27
1 14
1 44
1 35
1 48
1 12
18
2 35
2 28
2 36
2 14
2 19
2 47
2 27
2 13
2 34
2 37
2 25
2 8
2 26
2 21
2 30
2 12
2 1
2 6
17
3 42
3 48
3 2
3 39
3 32
3 29
3 47
3 21
3 19
3 33
3 36
3 8
3 7
3 49
3 11
3 15
3 22
17
4 47
4 24
4 15
4 42
4 17
4 48
4 43
4 39
4 31
4 27
4 7
4 29
4 30
4 9
4 18
4 2
4 40
27
5 30
5 22
5 39
5 19
5 7
5 37
5 23
5 42
5 2
5 38
5 45
5 31
5 33
5 40
5 18
5 17
5 16
5 44
5 0
5 34
5 13
5 47
5 46
5 48
5 3
5 25
5 6
24
6 43
6 16
6 24
6 10
6 1
6 31
6 48
6 40
6 0
6 4
6 28
6 37
6 9
6 27
6 21
6 44
6 36
6 17
6 20
6 12
6 18
6 46
6 39
6 14
20
7 15
7 29
7 39
7 8
7 44
7 11
7 13
7 32
7 34
7 41
7 1
7 2
7 10
7 12
7 30
7 23
7 49
7 37
7 22
7 17
21
8 37
8 17
8 21
8 18
8 12
8 40
8 36
8 43
8 4
8 22
8 14
8 19
8 49
8 23
8 5
8 29
8 10
8 24
8 32
8 34
8 15
22
9 12
9 15
9 1
9 37
9 30
9 24
9 2
9 26
9 47
9 5
9 7
9 44
9 3
9 22
9 10
9 13
9 32
9 33
9 21
9 8
9 36
9 38
16
10 12
10 28
10 31
10 22
10 11
10 1
10 4
10 17
10 29
10 21
10 13
10 45
10 3
10 18
10 30
10 5
11
11 33
11 34
11 35
11 2
11 1
11 19
11 14
11 5
11 21
11 18
11 31
13
12 40
12 27
12 15
12 43
12 4
12 45
12 14
12 37
12 33
12 25
12 49
12 30
12 5
16
13 19
13 47
13 17
13 26
13 8
13 15
13 28
13 44
13 37
13 18
13 25
13 6
13 42
13 11
13 30
13 49
24
14 4
14 22
14 42
14 46
14 13
14 48
14 23
14 45
14 10
14 26
14 21
14 49
14 35
14 30
14 16
14 25
14 41
14 18
14 32
14 5
14 36
14 19
14 44
14 37
23
15 25
15 35
15 24
15 47
15 19
15 14
15 5
15 21
15 36
15 29
15 48
15 41
15 11
15 2
15 1
15 10
15 18
15 22
15 42
15 40
15 6
15 28
15 39
23
16 29
16 41
16 46
16 45
16 22
16 10
16 43
16 7
16 4
16 40
16 15
16 18
16 13
16 49
16 39
16 17
16 32
16 2
16 3
16 0
16 25
16 1
16 44
14
17 44
17 23
17 35
17 2
17 30
17 15
17 49
17 14
17 42
17 3
17 11
17 34
17 26
17 22
12
18 43
18 22
18 7
18 32
18 3
18 24
18 42
18 20
18 0
18 21
18 12
18 44
18
19 46
19 22
19 12
19 49
19 23
19 4
19 39
19 9
19 48
19 41
19 17
19 7
19 20
19 29
19 47
19 10
19 43
19 32
20
20 38
20 28
20 1
20 35
20 4
20 45
20 33
20 10
20 17
20 3
20 30
20 14
20 37
20 13
20 21
20 26
20 23
20 41
20 8
20 11
20
21 13
21 12
21 5
21 38
21 35
21 19
21 26
21 34
21 17
21 44
21 30
21 28
21 33
21 24
21 4
21 47
21 25
21 31
21 22
21 7
22
22 0
22 11
22 20
22 6
22 24
22 46
22 2
22 36
22 27
22 38
22 4
22 42
22 12
22 35
22 34
22 26
22 37
22 47
22 32
22 31
22 49
22 29
25
23 29
23 28
23 34
23 45
23 9
23 4
23 12
23 6
23 3
23 46
23 2
23 16
23 40
23 10
23 25
23 39
23 18
23 44
23 13
23 1
23 24
23 15
23 0
23 36
23 27
26
24 2
24 1
24 31
24 32
24 37
24 5
24 12
24 7
24 43
24 39
24 14
24 46
24 33
24 3
24 28
24 42
24 20
24 45
24 13
24 36
24 11
24 41
24 19
24 17
24 16
24 26
16
25 3
25 40
25 7
25 10
25 49
25 27
25 47
25 4
25 48
25 41
25 6
25 45
25 18
25 17
25 19
25 37
14
26 47
26 31
26 39
26 42
26 19
26 29
26 33
26 4
26 16
26 12
26 27
26 5
26 30
26 46
19
27 18
27 13
27 29
27 14
27 10
27 9
27 35
27 15
27 11
27 0
27 17
27 21
27 5
27 47
27 37
27 28
27 7
27 20
27 24
15
28 8
28 32
28 26
28 12
28 5
28 7
28 4
28 22
28 49
28 39
28 18
28 19
28 35
28 14
28 40
17
29 12
29 5
29 39
29 42
29 0
29 13
29 14
29 37
29 34
29 17
29 36
29 20
29 31
29 9
29 30
29 48
29 28
17
30 25
30 15
30 38
30 37
30 23
30 40
30 28
30 43
30 6
30 19
30 16
30 46
30 47
30 8
30 3
30 27
30 32
19
31 16
31 18
31 37
31 41
31 12
31 27
31 2
31 43
31 49
31 8
31 9
31 30
31 46
31 39
31 0
31 3
31 38
31 13
31 14
22
32 25
32 26
32 21
32 4
32 43
32 6
32 36
32 2
32 17
32 31
32 44
32 29
32 20
32 41
32 11
32 34
32 48
32 35
32 12
32 38
32 5
32 33
25
33 2
33 22
33 19
33 27
33 13
33 30
33 36
33 29
33 14
33 6
33 35
33 38
33 0
33 49
33 46
33 40
33 1
33 7
33 23
33 8
33 42
33 18
33 25
33 16
33 47
27
34 26
34 4
34 30
34 20
34 12
34 18
34 48
34 1
34 47
34 46
34 31
34 33
34 27
34 35
34 16
34 28
34 9
34 3
34 15
34 38
34 0
34 14
34 49
34 43
34 44
34 19
34 41
13
35 24
35 9
35 26
35 41
35 8
35 16
35 42
35 44
35 19
35 25
35 7
35 13
35 3
27
36 31
36 5
36 27
36 10
36 30
36 25
36 13
36 34
36 1
36 35
36 45
36 4
36 19
36 20
36 11
36 0
36 7
36 21
36 46
36 18
36 37
36 26
36 42
36 38
36 28
36 16
36 39
14
37 17
37 26
37 28
37 49
37 10
37 45
37 34
37 15
37 43
37 4
37 33
37 39
37 35
37 16
15
38 49
38 37
38 13
38 25
38 26
38 3
38 19
38 11
38 4
38 18
38 7
38 28
38 17
38 0
38 16
20
39 2
39 41
39 13
39 17
39 22
39 21
39 30
39 20
39 48
39 33
39 47
39 35
39 38
39 18
39 34
39 45
39 11
39 14
39 1
39 8
27
40 1
40 22
40 13
40 31
40 14
40 32
40 27
40 34
40 10
40 18
40 21
40 37
40 3
40 38
40 24
40 17
40 49
40 19
40 26
40 29
40 2
40 0
40 35
40 20
40 11
40 46
40 45
21
41 42
41 1
41 22
41 40
41 38
41 0
41 28
41 47
41 44
41 23
41 49
41 36
41 2
41 18
41 43
41 6
41 37
41 30
41 8
41 27
41 11
21
42 32
42 25
42 31
42 12
42 44
42 27
42 10
42 21
42 28
42 2
42 8
42 7
42 46
42 39
42 9
42 19
42 30
42 23
42 38
42 48
42 11
20
43 36
43 40
43 22
43 7
43 29
43 21
43 33
43 25
43 26
43 45
43 2
43 28
43 13
43 5
43 27
43 35
43 10
43 14
43 20
43 9
21
44 27
44 43
44 24
44 40
44 36
44 3
44 8
44 20
44 28
44 33
44 12
44 4
44 25
44 39
44 19
44 2
44 11
44 29
44 49
44 10
44 31
22
45 2
45 4
45 26
45 38
45 32
45 48
45 49
45 15
45 1
45 7
45 31
45 28
45 27
45 42
45 30
45 0
45 35
45 47
45 41
45 29
45 21
45 17
21
46 35
46 49
46 1
46 20
46 47
46 4
46 3
46 37
46 15
46 9
46 2
46 28
46 44
46 18
46 45
46 38
46 12
46 43
46 41
46 29
46 8
16
47 20
47 42
47 48
47 31
47 38
47 11
47 7
47 29
47 6
47 16
47 28
47 12
47 10
47 14
47 8
47 36
23
48 23
48 44
48 31
48 20
48 33
48 43
48 30
48 7
48 49
48 17
48 2
48 21
48 16
48 24
48 12
48 27
48 13
48 41
48 38
48 28
48 11
48 9
48 46
18
49 24
49 11
49 29
49 6
49 4
49 20
49 39
49 15
49 47
49 32
49 10
49 2
49 35
49 26
49 9
49 21
49 27
49 42
