50
0 "A26"
1 "A6"
2 "A24"
3 "A14"
4 "A0"
5 "A10"
6 "A12"
7 "A2"
8 "A16"
9 "A4"
10 "A13"
11 "A34"
12 "A22"
13 "A39"
14 "A9"
15 "A38"
16 "A8"
17 "A44"
18 "A31"
19 "A17"
20 "A3"
21 "A41"
22 "A11"
23 "A7"
24 "A5"
25 "A47"
26 "A49"
27 "A20"
28 "A19"
29 "A25"
30 "A40"
31 "A28"
32 "A37"
33 "A36"
34 "A30"
35 "A1"
36 "A45"
37 "A18"
38 "A43"
39 "A33"
40 "A46"
41 "A29"
42 "A32"
43 "A42"
44 "A15"
45 "A21"
46 "A35"
47 "A48"
48 "A23"
49 "A27"
19
0 17
0 16
0 6
0 7
0 39
0 35
0 47
0 26
0 27
0 41
0 25
0 43
0 21
0 14
0 12
0 37
0 8
0 28
0 36
20
1 23
1 30
1 0
1 29
1 25
1 47
1 15
1 24
1 5
1 12
1 16
1 46
1 36
1 37
1 33
1 21
1 10
1 26
1 11
1 40
23
2 12
2 23
2 5
2 34
2 43
2 20
2 22
2 1
2 40
2 26
2 29
2 16
2 24
2 31
2 3
2 38
2 27
2 32
2 48
2 30
2 21
2 25
2 19
18
3 47
3 31
3 11
3 15
3 24
3 23
3 16
3 37
3 48
3 20
3 7
3 21
3 42
3 14
3 30
3 32
3 0
3 1
19
4 3
4 25
4 12
4 6
4 21
4 18
4 13
4 40
4 20
4 7
4 9
4 26
4 49
4 45
4 42
4 0
4 36
4 17
4 43
12
5 25
5 6
5 15
5 46
5 26
5 0
5 9
5 42
5 16
5 8
5 19
5 13
18
6 20
6 2
6 27
6 9
6 25
6 1
6 36
6 28
6 38
6 29
6 8
6 22
6 40
6 48
6 3
6 23
6 11
6 31
19
7 8
7 33
7 41
7 32
7 25
7 44
7 49
7 10
7 20
7 45
7 5
7 22
7 18
7 21
7 2
7 19
7 23
7 1
7 12
22
8 4
8 40
8 12
8 47
8 48
8 34
8 20
8 1
8 49
8 24
8 22
8 39
8 35
8 21
8 38
8 17
8 37
8 11
8 3
8 44
8 30
8 45
25
9 44
9 29
9 8
9 24
9 19
9 48
9 18
9 0
9 22
9 37
9 23
9 26
9 2
9 1
9 39
9 36
9 49
9 33
9 14
9 3
9 43
9 46
9 15
9 31
9 28
17
10 34
10 5
10 33
10 47
10 26
10 0
10 43
10 3
10 35
10 49
10 20
10 6
10 15
10 12
10 9
10 4
10 30
26
11 25
11 41
11 2
11 22
11 34
11 0
11 12
11 30
11 27
11 17
11 4
11 24
11 18
11 20
11 10
11 29
11 19
11 9
11 16
11 46
11 33
11 7
11 49
11 13
11 40
11 23
18
12 27
12 42
12 39
12 38
12 14
12 25
12 47
12 6
12 46
12 3
12 19
12 5
12 30
12 20
12 26
12 49
12 36
12 13
23
13 37
13 17
13 36
13 15
13 47
13 44
13 30
13 22
13 40
13 10
13 3
13 45
13 6
13 9
13 7
13 8
13 25
13 38
13 28
13 42
13 29
13 41
13 48
22
14 28
14 18
14 32
14 4
14 25
14 33
14 43
14 37
14 29
14 24
14 23
14 35
14 40
14 6
14 49
14 8
14 7
14 2
14 34
14 39
14 38
14 10
24
15 4
15 25
15 45
15 31
15 32
15 7
15 6
15 22
15 8
15 0
15 48
15 18
15 34
15 14
15 27
15 23
15 37
15 33
15 44
15 12
15 11
15 38
15 29
15 19
22
16 42
16 44
16 19
16 30
16 47
16 9
16 36
16 12
16 10
16 15
16 46
16 8
16 14
16 24
16 20
16 49
16 43
16 31
16 33
16 39
16 18
16 26
20
17 31
17 15
17 41
17 29
17 12
17 5
17 37
17 33
17 16
17 35
17 19
17 9
17 27
17 7
17 24
17 21
17 25
17 36
17 14
17 42
23
18 41
18 3
18 28
18 36
18 40
18 20
18 39
18 24
18 48
18 27
18 37
18 8
18 6
18 12
18 33
18 49
18 13
18 46
18 10
18 31
18 1
18 30
18 2
19
19 38
19 4
19 13
19 32
19 23
19 6
19 8
19 22
19 48
19 43
19 46
19 10
19 30
19 35
19 36
19 18
19 41
19 20
19 21
13
20 42
20 44
20 0
20 17
20 14
20 15
20 30
20 45
20 22
20 21
20 36
20 5
20 33
14
21 14
21 42
21 28
21 16
21 18
21 10
21 32
21 39
21 15
21 27
21 41
21 9
21 25
21 34
22
22 10
22 5
22 16
22 34
22 43
22 49
22 1
22 46
22 12
22 33
22 3
22 44
22 28
22 24
22 21
22 14
22 0
22 25
22 41
22 17
22 37
22 23
18
23 16
23 48
23 8
23 21
23 10
23 28
23 30
23 5
23 33
23 18
23 29
23 13
23 35
23 24
23 25
23 20
23 34
23 4
17
24 49
24 15
24 19
24 13
24 33
24 28
24 44
24 35
24 29
24 7
24 6
24 4
24 25
24 34
24 30
24 31
24 41
15
25 18
25 49
25 29
25 30
25 26
25 40
25 19
25 47
25 16
25 36
25 8
25 38
25 44
25 42
25 39
21
26 3
26 20
26 24
26 7
26 11
26 23
26 41
26 36
26 42
26 30
26 38
26 39
26 34
26 43
26 19
26 13
26 37
26 28
26 14
26 27
26 22
21
27 10
27 22
27 9
27 28
27 16
27 37
27 33
27 46
27 36
27 1
27 4
27 42
27 30
27 5
27 7
27 29
27 44
27 3
27 25
27 34
27 14
20
28 48
28 1
28 3
28 8
28 12
28 10
28 38
28 2
28 32
28 15
28 35
28 31
28 44
28 19
28 25
28 43
28 34
28 5
28 29
28 40
16
29 37
29 49
29 10
29 26
29 0
29 4
29 3
29 5
29 7
29 8
29 34
29 41
29 33
29 19
29 16
29 18
19
30 0
30 9
30 21
30 33
30 39
30 29
30 15
30 40
30 35
30 7
30 28
30 44
30 22
30 4
30 31
30 14
30 42
30 37
30 17
23
31 8
31 1
31 22
31 10
31 29
31 48
31 46
31 32
31 20
31 7
31 34
31 35
31 37
31 36
31 12
31 13
31 27
31 45
31 5
31 11
31 14
31 39
31 26
18
32 20
32 24
32 22
32 33
32 1
32 36
32 35
32 18
32 4
32 27
32 12
32 17
32 9
32 41
32 23
32 38
32 16
32 26
14
33 2
33 8
33 0
33 6
33 45
33 5
33 34
33 43
33 21
33 39
33 42
33 31
33 26
33 19
15
34 40
34 5
34 20
34 17
34 18
34 47
34 7
34 35
34 30
34 3
34 19
34 39
34 9
34 13
34 4
20
35 18
35 13
35 16
35 6
35 1
35 41
35 21
35 49
35 3
35 42
35 37
35 11
35 9
35 4
35 7
35 15
35 45
35 38
35 33
35 26
22
36 14
36 48
36 11
36 46
36 5
36 24
36 35
36 37
36 8
36 49
36 22
36 29
36 45
36 28
36 3
36 42
36 44
36 21
36 10
36 15
36 2
36 7
16
37 24
37 33
37 45
37 16
37 4
37 21
37 34
37 11
37 47
37 39
37 25
37 5
37 43
37 12
37 23
37 44
21
38 46
38 1
38 21
38 47
38 5
38 23
38 39
38 22
38 30
38 31
38 18
38 24
38 40
38 11
38 48
38 37
38 9
38 36
38 33
38 7
38 44
17
39 23
39 13
39 7
39 15
39 2
39 24
39 36
39 28
39 46
39 22
39 4
39 1
39 42
39 27
39 19
39 45
39 32
21
40 27
40 22
40 16
40 17
40 29
40 19
40 12
40 5
40 10
40 0
40 42
40 9
40 48
40 39
40 23
40 49
40 3
40 21
40 36
40 37
40 35
18
41 28
41 5
41 4
41 49
41 6
41 12
41 45
41 9
41 2
41 34
41 23
41 8
41 3
41 1
41 30
41 15
41 14
41 10
17
42 48
42 29
42 38
42 34
42 11
42 41
42 0
42 19
42 32
42 37
42 43
42 10
42 28
42 14
42 15
42 6
42 31
22
43 17
43 44
43 8
43 48
43 6
43 36
43 11
43 5
43 38
43 23
43 21
43 15
43 20
43 18
43 34
43 13
43 31
43 32
43 1
43 29
43 35
43 24
23
44 17
44 2
44 12
44 6
44 45
44 34
44 0
44 4
44 42
44 10
44 11
44 49
44 40
44 3
44 1
44 35
44 47
44 23
44 19
44 46
44 32
44 29
44 26
23
45 10
45 6
45 12
45 42
45 1
45 40
45 25
45 2
45 46
45 27
45 29
45 43
45 26
45 34
45 17
45 48
45 3
45 32
45 49
45 18
45 19
45 22
45 21
20
46 25
46 42
46 33
46 37
46 3
46 21
46 14
46 49
46 28
46 30
46 8
46 43
46 4
46 13
46 26
46 29
46 23
46 0
46 7
46 35
27
47 18
47 21
47 39
47 33
47 7
47 22
47 32
47 43
47 40
47 2
47 36
47 11
47 27
47 19
47 41
47 14
47 46
47 15
47 23
47 4
47 30
47 35
47 31
47 6
47 45
47 28
47 5
20
48 14
48 11
48 24
48 26
48 30
48 12
48 32
48 35
48 16
48 4
48 33
48 20
48 7
48 44
48 47
48 41
48 1
48 34
48 37
48 46
18
49 17
49 1
49 13
49 6
49 48
49 15
49 38
49 21
49 23
49 27
49 43
49 42
49 32
49 31
49 26
49 2
49 0
49 30
