50
0 "A26"
1 "A6"
2 "A24"
3 "A14"
4 "A0"
5 "A10"
6 "A12"
7 "A2"
8 "A16"
9 "A4"
10 "A13"
11 "A34"
12 "A22"
13 "A39"
14 "A9"
15 "A38"
16 "A8"
17 "A44"
18 "A31"
19 "A17"
20 "A3"
21 "A41"
22 "A11"
23 "A7"
24 "A5"
25 "A47"
26 "A49"
27 "A20"
28 "A19"
29 "A25"
30 "A40"
31 "A28"
32 "A37"
33 "A36"
34 "A30"
35 "A1"
36 "A45"
37 "A18"
38 "A43"
39 "A33"
40 "A46"
41 "A29"
42 "A32"
43 "A42"
44 "A15"
45 "A21"
46 "A35"
47 "A48"
48 "A23"
49 "A27"
18
0 32
0 2
0 1
0 35
0 29
0 25
0 19
0 30
0 4
0 24
0 14
0 36
0 44
0 15
0 23
0 17
0 38
0 49
24
1 7
1 9
1 36
1 46
1 5
1 25
1 43
1 45
1 28
1 15
1 35
1 13
1 2
1 26
1 4
1 30
1 18
1 16
1 47
1 8
1 21
1 27
1 40
1 14
18
2 46
2 21
2 47
2 33
2 7
2 16
2 27
2 18
2 26
2 9
2 24
2 41
2 5
2 6
2 8
2 42
2 29
2 11
19
3 16
3 34
3 0
3 48
3 7
3 19
3 49
3 45
3 27
3 5
3 37
3 13
3 20
3 8
3 6
3 22
3 39
3 33
3 23
21
4 32
4 18
4 35
4 42
4 36
4 15
4 37
4 2
4 22
4 25
4 44
4 16
4 14
4 29
4 27
4 30
4 23
4 7
4 45
4 39
4 17
20
5 7
5 19
5 44
5 33
5 15
5 40
5 8
5 10
5 6
5 46
5 17
5 9
5 27
5 35
5 20
5 0
5 4
5 32
5 47
5 34
17
6 16
6 4
6 24
6 32
6 37
6 28
6 46
6 40
6 25
6 0
6 8
6 19
6 49
6 23
6 36
6 26
6 1
19
7 49
7 8
7 47
7 43
7 19
7 24
7 35
7 29
7 42
7 10
7 26
7 31
7 33
7 21
7 36
7 0
7 22
7 6
7 34
22
8 4
8 25
8 0
8 30
8 26
8 37
8 10
8 17
8 18
8 46
8 23
8 35
8 41
8 42
8 33
8 27
8 39
8 19
8 36
8 20
8 49
8 34
20
9 19
9 47
9 7
9 28
9 33
9 3
9 6
9 11
9 13
9 24
9 14
9 36
9 41
9 12
9 8
9 48
9 40
9 35
9 25
9 42
15
10 36
10 28
10 44
10 18
10 45
10 24
10 32
10 37
10 11
10 2
10 1
10 46
10 3
10 4
10 9
18
11 36
11 49
11 7
11 40
11 41
11 31
11 8
11 32
11 4
11 23
11 5
11 34
11 25
11 44
11 26
11 24
11 0
11 33
26
12 5
12 39
12 41
12 13
12 3
12 30
12 34
12 32
12 28
12 16
12 7
12 46
12 48
12 11
12 19
12 14
12 2
12 8
12 37
12 1
12 18
12 4
12 31
12 23
12 6
12 20
18
13 8
13 40
13 5
13 33
13 41
13 19
13 29
13 14
13 16
13 31
13 35
13 10
13 4
13 46
13 48
13 0
13 20
13 37
16
14 39
14 34
14 41
14 8
14 5
14 6
14 28
14 25
14 2
14 11
14 22
14 20
14 49
14 47
14 19
14 43
18
15 38
15 40
15 46
15 18
15 43
15 6
15 10
15 29
15 16
15 11
15 31
15 45
15 22
15 20
15 3
15 7
15 21
15 26
18
16 7
16 21
16 10
16 17
16 31
16 9
16 46
16 5
16 25
16 0
16 40
16 49
16 22
16 29
16 20
16 41
16 39
16 45
22
17 46
17 6
17 33
17 19
17 10
17 40
17 2
17 39
17 24
17 41
17 45
17 1
17 32
17 43
17 49
17 3
17 7
17 31
17 23
17 34
17 14
17 38
20
18 5
18 3
18 6
18 34
18 24
18 43
18 47
18 16
18 0
18 35
18 11
18 46
18 33
18 7
18 49
18 25
18 37
18 13
18 45
18 21
22
19 32
19 15
19 16
19 20
19 2
19 44
19 36
19 40
19 24
19 37
19 38
19 18
19 48
19 1
19 21
19 42
19 22
19 23
19 45
19 4
19 49
19 43
20
20 42
20 10
20 33
20 22
20 23
20 17
20 11
20 40
20 38
20 4
20 35
20 37
20 0
20 48
20 46
20 7
20 9
20 18
20 2
20 1
23
21 26
21 24
21 22
21 42
21 4
21 40
21 14
21 43
21 9
21 3
21 29
21 49
21 10
21 5
21 45
21 8
21 31
21 0
21 28
21 32
21 12
21 13
21 6
19
22 17
22 32
22 12
22 47
22 28
22 48
22 44
22 43
22 0
22 1
22 2
22 13
22 6
22 8
22 46
22 11
22 18
22 45
22 49
17
23 28
23 47
23 7
23 9
23 49
23 43
23 1
23 42
23 22
23 13
23 35
23 30
23 37
23 15
23 44
23 21
23 10
20
24 4
24 33
24 8
24 38
24 40
24 43
24 20
24 46
24 48
24 15
24 22
24 23
24 44
24 13
24 30
24 28
24 5
24 1
24 39
24 12
17
25 39
25 47
25 28
25 27
25 21
25 12
25 2
25 44
25 43
25 5
25 15
25 48
25 29
25 22
25 34
25 31
25 36
23
26 23
26 32
26 17
26 14
26 19
26 27
26 34
26 30
26 18
26 16
26 10
26 22
26 20
26 47
26 49
26 9
26 33
26 29
26 0
26 12
26 28
26 4
26 36
25
27 17
27 12
27 15
27 38
27 0
27 42
27 33
27 21
27 44
27 10
27 24
27 39
27 23
27 49
27 6
27 40
27 47
27 29
27 37
27 36
27 13
27 20
27 28
27 9
27 18
15
28 30
28 18
28 13
28 2
28 8
28 33
28 29
28 11
28 15
28 4
28 20
28 39
28 43
28 7
28 38
25
29 38
29 48
29 37
29 35
29 11
29 1
29 10
29 23
29 12
29 18
29 24
29 8
29 20
29 22
29 40
29 17
29 44
29 43
29 3
29 32
29 33
29 14
29 49
29 5
29 9
22
30 25
30 10
30 46
30 18
30 2
30 21
30 6
30 36
30 20
30 35
30 11
30 17
30 41
30 29
30 22
30 48
30 15
30 5
30 34
30 14
30 38
30 47
18
31 8
31 30
31 0
31 35
31 1
31 48
31 22
31 3
31 27
31 28
31 41
31 29
31 24
31 14
31 23
31 40
31 45
31 6
19
32 42
32 2
32 23
32 7
32 9
32 41
32 13
32 20
32 18
32 16
32 45
32 14
32 31
32 24
32 44
32 1
32 30
32 15
32 25
16
33 1
33 21
33 32
33 4
33 47
33 49
33 30
33 45
33 12
33 16
33 43
33 19
33 34
33 42
33 10
33 41
14
34 45
34 16
34 1
34 21
34 9
34 20
34 0
34 13
34 15
34 24
34 10
34 27
34 4
34 32
18
35 38
35 26
35 21
35 17
35 43
35 25
35 3
35 11
35 27
35 34
35 19
35 12
35 33
35 28
35 10
35 24
35 47
35 32
17
36 32
36 5
36 31
36 21
36 12
36 3
36 23
36 42
36 45
36 40
36 33
36 15
36 20
36 39
36 18
36 49
36 29
22
37 7
37 34
37 41
37 25
37 38
37 2
37 17
37 44
37 36
37 33
37 1
37 11
37 26
37 16
37 5
37 30
37 0
37 15
37 47
37 24
37 32
37 9
17
38 16
38 1
38 10
38 48
38 25
38 13
38 3
38 23
38 31
38 6
38 33
38 8
38 14
38 26
38 7
38 45
38 4
20
39 38
39 18
39 20
39 21
39 22
39 5
39 35
39 30
39 46
39 33
39 26
39 37
39 7
39 29
39 6
39 13
39 15
39 0
39 9
39 31
20
40 30
40 25
40 2
40 45
40 0
40 33
40 7
40 23
40 34
40 35
40 32
40 38
40 44
40 3
40 37
40 14
40 47
40 26
40 41
40 42
22
41 23
41 49
41 19
41 34
41 26
41 36
41 24
41 35
41 10
41 42
41 43
41 48
41 15
41 27
41 18
41 38
41 21
41 39
41 45
41 7
41 25
41 6
20
42 14
42 15
42 46
42 10
42 6
42 22
42 12
42 25
42 28
42 3
42 11
42 17
42 43
42 24
42 35
42 1
42 26
42 39
42 30
42 13
25
43 11
43 39
43 37
43 27
43 26
43 45
43 3
43 40
43 30
43 6
43 8
43 12
43 32
43 16
43 20
43 36
43 2
43 9
43 0
43 44
43 38
43 5
43 10
43 4
43 46
16
44 28
44 21
44 20
44 36
44 42
44 41
44 17
44 2
44 13
44 6
44 18
44 34
44 8
44 30
44 14
44 15
21
45 26
45 27
45 39
45 13
45 28
45 44
45 30
45 2
45 0
45 46
45 11
45 20
45 24
45 6
45 35
45 14
45 12
45 25
45 47
45 7
45 5
18
46 31
46 3
46 33
46 27
46 41
46 0
46 47
46 44
46 37
46 34
46 28
46 23
46 35
46 36
46 32
46 19
46 14
46 29
23
47 15
47 43
47 21
47 28
47 11
47 38
47 29
47 49
47 3
47 17
47 42
47 24
47 48
47 32
47 19
47 31
47 0
47 36
47 8
47 20
47 4
47 10
47 12
17
48 6
48 14
48 28
48 5
48 26
48 33
48 4
48 37
48 43
48 8
48 35
48 21
48 46
48 0
48 18
48 10
48 49
20
49 42
49 28
49 1
49 40
49 12
49 15
49 2
49 4
49 35
49 30
49 38
49 46
49 32
49 24
49 13
49 37
49 5
49 45
49 31
49 9
