50
0 "A26"
1 "A6"
2 "A24"
3 "A14"
4 "A0"
5 "A10"
6 "A12"
7 "A2"
8 "A16"
9 "A4"
10 "A13"
11 "A34"
12 "A22"
13 "A39"
14 "A9"
15 "A38"
16 "A8"
17 "A44"
18 "A31"
19 "A17"
20 "A3"
21 "A41"
22 "A11"
23 "A7"
24 "A5"
25 "A47"
26 "A49"
27 "A20"
28 "A19"
29 "A25"
30 "A40"
31 "A28"
32 "A37"
33 "A36"
34 "A30"
35 "A1"
36 "A45"
37 "A18"
38 "A43"
39 "A33"
40 "A46"
41 "A29"
42 "A32"
43 "A42"
44 "A15"
45 "A21"
46 "A35"
47 "A48"
48 "A23"
49 "A27"
12
0 31
0 28
0 40
0 32
0 25
0 48
0 14
0 27
0 23
0 2
0 24
0 3
22
1 13
1 8
1 40
1 20
1 15
1 28
1 17
1 32
1 45
1 46
1 16
1 9
1 38
1 48
1 41
1 19
1 12
1 33
1 39
1 42
1 34
1 23
17
2 49
2 6
2 31
2 48
2 45
2 15
2 27
2 35
2 4
2 12
2 37
2 19
2 41
2 1
2 34
2 42
2 47
18
3 37
3 41
3 31
3 14
3 29
3 13
3 30
3 38
3 40
3 11
3 27
3 20
3 12
3 1
3 36
3 42
3 23
3 2
20
4 44
4 37
4 26
4 42
4 33
4 41
4 49
4 28
4 13
4 6
4 29
4 46
4 36
4 45
4 3
4 25
4 48
4 38
4 47
4 30
20
5 7
5 24
5 28
5 45
5 44
5 17
5 32
5 48
5 3
5 8
5 29
5 20
5 26
5 41
5 1
5 46
5 34
5 43
5 4
5 21
21
6 14
6 7
6 16
6 23
6 41
6 21
6 8
6 24
6 19
6 5
6 34
6 39
6 33
6 36
6 42
6 22
6 9
6 31
6 0
6 13
6 1
20
7 29
7 46
7 28
7 34
7 45
7 0
7 13
7 32
7 21
7 1
7 23
7 44
7 4
7 47
7 40
7 49
7 26
7 37
7 22
7 25
16
8 20
8 38
8 14
8 28
8 2
8 31
8 16
8 15
8 47
8 7
8 3
8 19
8 37
8 12
8 4
8 32
22
9 7
9 48
9 42
9 2
9 5
9 47
9 28
9 8
9 12
9 27
9 4
9 32
9 46
9 49
9 21
9 34
9 41
9 33
9 0
9 3
9 10
9 20
21
10 3
10 1
10 5
10 2
10 22
10 36
10 32
10 34
10 17
10 11
10 44
10 49
10 39
10 14
10 40
10 7
10 6
10 4
10 35
10 15
10 8
23
11 13
11 40
11 16
11 8
11 4
11 38
11 1
11 24
11 5
11 33
11 49
11 43
11 39
11 0
11 6
11 41
11 29
11 45
11 2
11 47
11 7
11 23
11 9
16
12 21
12 45
12 23
12 31
12 43
12 29
12 28
12 20
12 7
12 24
12 38
12 42
12 48
12 26
12 5
12 16
16
13 44
13 14
13 40
13 15
13 2
13 8
13 0
13 37
13 9
13 19
13 18
13 20
13 5
13 10
13 16
13 49
22
14 47
14 40
14 28
14 39
14 34
14 41
14 16
14 29
14 2
14 12
14 46
14 5
14 24
14 36
14 22
14 32
14 7
14 11
14 20
14 42
14 48
14 4
23
15 14
15 3
15 39
15 12
15 38
15 16
15 11
15 46
15 47
15 4
15 28
15 34
15 42
15 29
15 0
15 32
15 26
15 9
15 17
15 6
15 45
15 5
15 48
19
16 2
16 26
16 0
16 10
16 47
16 9
16 28
16 4
16 20
16 48
16 19
16 31
16 46
16 7
16 33
16 32
16 23
16 17
16 27
12
17 13
17 44
17 34
17 3
17 47
17 22
17 14
17 39
17 24
17 8
17 4
17 12
24
18 10
18 28
18 6
18 5
18 9
18 1
18 12
18 3
18 43
18 19
18 38
18 37
18 25
18 17
18 33
18 23
18 0
18 15
18 46
18 40
18 2
18 41
18 20
18 36
18
19 21
19 9
19 33
19 25
19 14
19 40
19 20
19 24
19 10
19 34
19 37
19 45
19 0
19 41
19 12
19 15
19 36
19 26
22
20 41
20 17
20 29
20 33
20 39
20 44
20 0
20 36
20 11
20 35
20 27
20 37
20 23
20 22
20 42
20 45
20 15
20 6
20 10
20 2
20 26
20 46
22
21 8
21 17
21 30
21 3
21 18
21 15
21 24
21 10
21 16
21 28
21 26
21 27
21 43
21 42
21 23
21 32
21 11
21 49
21 31
21 48
21 29
21 13
27
22 34
22 0
22 42
22 18
22 19
22 24
22 39
22 11
22 9
22 47
22 28
22 43
22 23
22 38
22 32
22 29
22 1
22 8
22 31
22 13
22 15
22 2
22 5
22 46
22 4
22 35
22 21
19
23 10
23 14
23 37
23 13
23 29
23 19
23 31
23 4
23 44
23 15
23 9
23 25
23 8
23 47
23 34
23 27
23 26
23 17
23 48
18
24 2
24 36
24 15
24 37
24 13
24 38
24 33
24 29
24 8
24 16
24 27
24 1
24 4
24 48
24 39
24 20
24 18
24 7
25
25 44
25 10
25 22
25 8
25 6
25 16
25 9
25 39
25 1
25 13
25 24
25 11
25 15
25 21
25 41
25 17
25 35
25 5
25 3
25 36
25 31
25 27
25 2
25 48
25 30
20
26 10
26 42
26 18
26 13
26 6
26 31
26 1
26 28
26 0
26 9
26 49
26 8
26 3
26 25
26 35
26 14
26 30
26 40
26 36
26 32
18
27 15
27 32
27 12
27 31
27 26
27 17
27 13
27 39
27 5
27 42
27 8
27 48
27 40
27 10
27 7
27 34
27 36
27 33
17
28 23
28 2
28 10
28 45
28 25
28 20
28 19
28 40
28 17
28 11
28 27
28 49
28 29
28 38
28 43
28 3
28 37
19
29 8
29 37
29 0
29 1
29 39
29 49
29 9
29 48
29 16
29 35
29 40
29 30
29 19
29 18
29 17
29 6
29 43
29 25
29 26
28
30 8
30 2
30 1
30 12
30 31
30 9
30 35
30 20
30 24
30 49
30 10
30 44
30 39
30 28
30 18
30 13
30 7
30 36
30 23
30 48
30 5
30 16
30 27
30 38
30 19
30 15
30 47
30 17
19
31 33
31 1
31 45
31 35
31 7
31 28
31 14
31 19
31 18
31 32
31 24
31 36
31 17
31 15
31 4
31 37
31 13
31 5
31 41
21
32 17
32 24
32 13
32 45
32 37
32 35
32 34
32 28
32 49
32 11
32 48
32 2
32 19
32 6
32 20
32 30
32 3
32 44
32 38
32 41
32 23
24
33 34
33 30
33 47
33 42
33 37
33 25
33 29
33 0
33 36
33 41
33 17
33 22
33 3
33 40
33 14
33 21
33 44
33 23
33 12
33 13
33 46
33 2
33 45
33 15
16
34 29
34 16
34 40
34 47
34 4
34 35
34 20
34 30
34 45
34 3
34 28
34 26
34 25
34 21
34 44
34 0
25
35 36
35 3
35 43
35 6
35 44
35 12
35 39
35 48
35 24
35 40
35 8
35 14
35 45
35 4
35 16
35 13
35 28
35 21
35 41
35 1
35 33
35 0
35 18
35 23
35 7
20
36 21
36 32
36 48
36 37
36 38
36 13
36 47
36 49
36 45
36 41
36 12
36 15
36 8
36 29
36 23
36 5
36 28
36 7
36 11
36 16
19
37 9
37 42
37 17
37 27
37 1
37 16
37 0
37 40
37 49
37 35
37 34
37 45
37 14
37 43
37 12
37 26
37 5
37 22
37 15
23
38 0
38 44
38 25
38 29
38 16
38 35
38 40
38 39
38 5
38 7
38 33
38 42
38 27
38 10
38 46
38 17
38 49
38 2
38 34
38 21
38 14
38 23
38 19
20
39 48
39 32
39 18
39 8
39 37
39 2
39 47
39 34
39 5
39 16
39 13
39 41
39 21
39 49
39 33
39 19
39 0
39 9
39 12
39 23
17
40 36
40 46
40 20
40 8
40 16
40 32
40 39
40 47
40 43
40 49
40 6
40 21
40 22
40 12
40 23
40 48
40 41
16
41 34
41 28
41 15
41 48
41 27
41 21
41 30
41 17
41 0
41 8
41 38
41 26
41 13
41 29
41 37
41 42
21
42 25
42 16
42 35
42 36
42 32
42 13
42 11
42 39
42 49
42 7
42 18
42 17
42 47
42 0
42 28
42 43
42 31
42 30
42 8
42 46
42 23
20
43 47
43 8
43 13
43 3
43 36
43 14
43 46
43 9
43 41
43 26
43 44
43 31
43 39
43 0
43 15
43 20
43 1
43 45
43 10
43 30
19
44 15
44 6
44 22
44 28
44 9
44 36
44 27
44 39
44 21
44 26
44 29
44 3
44 16
44 24
44 31
44 47
44 42
44 49
44 12
19
45 25
45 39
45 24
45 23
45 44
45 3
45 18
45 14
45 8
45 10
45 17
45 49
45 6
45 40
45 30
45 41
45 9
45 22
45 27
19
46 28
46 3
46 31
46 45
46 32
46 39
46 35
46 6
46 41
46 10
46 23
46 12
46 11
46 24
46 30
46 34
46 8
46 27
46 36
15
47 21
47 10
47 46
47 20
47 26
47 18
47 6
47 37
47 45
47 19
47 28
47 0
47 41
47 13
47 32
12
48 49
48 37
48 47
48 46
48 42
48 19
48 43
48 3
48 26
48 45
48 33
48 6
18
49 12
49 35
49 3
49 20
49 31
49 18
49 5
49 43
49 24
49 8
49 15
49 47
49 41
49 33
49 6
49 22
49 14
49 1
