50
0 "A26"
1 "A6"
2 "A24"
3 "A14"
4 "A0"
5 "A10"
6 "A12"
7 "A2"
8 "A16"
9 "A4"
10 "A13"
11 "A34"
12 "A22"
13 "A39"
14 "A9"
15 "A38"
16 "A8"
17 "A44"
18 "A31"
19 "A17"
20 "A3"
21 "A41"
22 "A11"
23 "A7"
24 "A5"
25 "A47"
26 "A49"
27 "A20"
28 "A19"
29 "A25"
30 "A40"
31 "A28"
32 "A37"
33 "A36"
34 "A30"
35 "A1"
36 "A45"
37 "A18"
38 "A43"
39 "A33"
40 "A46"
41 "A29"
42 "A32"
43 "A42"
44 "A15"
45 "A21"
46 "A35"
47 "A48"
48 "A23"
49 "A27"
19
0 17
0 2
0 40
0 42
0 49
0 47
0 36
0 26
0 5
0 18
0 32
0 4
0 35
0 38
0 21
0 41
0 48
0 33
0 46
16
1 43
1 22
1 25
1 5
1 32
1 15
1 35
1 10
1 2
1 44
1 18
1 0
1 27
1 21
1 39
1 34
14
2 28
2 25
2 33
2 24
2 45
2 21
2 19
2 20
2 9
2 47
2 27
2 8
2 22
2 44
18
3 2
3 9
3 25
3 30
3 15
3 47
3 35
3 0
3 32
3 16
3 46
3 29
3 5
3 24
3 39
3 14
3 10
3 13
18
4 15
4 25
4 1
4 22
4 47
4 7
4 6
4 3
4 5
4 8
4 13
4 37
4 21
4 36
4 46
4 24
4 14
4 2
19
5 35
5 37
5 33
5 19
5 2
5 24
5 13
5 26
5 8
5 32
5 45
5 9
5 44
5 40
5 42
5 16
5 20
5 39
5 14
22
6 13
6 20
6 29
6 48
6 18
6 43
6 47
6 21
6 31
6 40
6 0
6 3
6 44
6 2
6 28
6 45
6 5
6 12
6 25
6 41
6 9
6 1
22
7 40
7 32
7 17
7 29
7 42
7 19
7 9
7 2
7 20
7 21
7 49
7 35
7 1
7 22
7 18
7 46
7 11
7 27
7 5
7 30
7 0
7 48
22
8 47
8 43
8 48
8 31
8 3
8 7
8 39
8 12
8 28
8 33
8 22
8 24
8 6
8 1
8 34
8 26
8 40
8 32
8 38
8 14
8 46
8 27
16
9 35
9 34
9 37
9 41
9 43
9 4
9 47
9 32
9 14
9 20
9 33
9 0
9 23
9 18
9 19
9 45
17
10 6
10 13
10 8
10 49
10 43
10 45
10 48
10 28
10 5
10 40
10 20
10 11
10 16
10 9
10 42
10 4
10 46
17
11 29
11 0
11 19
11 46
11 3
11 22
11 49
11 24
11 31
11 4
11 8
11 36
11 9
11 43
11 1
11 12
11 21
24
12 1
12 7
12 29
12 2
12 26
12 34
12 0
12 33
12 19
12 44
12 17
12 32
12 5
12 47
12 43
12 38
12 25
12 16
12 10
12 39
12 9
12 4
12 18
12 20
18
13 36
13 49
13 11
13 26
13 1
13 41
13 32
13 27
13 40
13 34
13 39
13 37
13 19
13 0
13 28
13 22
13 44
13 46
22
14 15
14 23
14 2
14 0
14 24
14 16
14 37
14 10
14 11
14 33
14 31
14 36
14 25
14 7
14 6
14 45
14 12
14 38
14 34
14 46
14 20
14 49
28
15 28
15 26
15 20
15 44
15 9
15 41
15 47
15 48
15 31
15 10
15 49
15 38
15 8
15 34
15 42
15 37
15 21
15 5
15 12
15 13
15 7
15 45
15 2
15 25
15 36
15 22
15 6
15 46
21
16 45
16 43
16 20
16 23
16 25
16 44
16 15
16 1
16 18
16 11
16 26
16 24
16 7
16 36
16 35
16 31
16 8
16 37
16 2
16 4
16 9
23
17 4
17 26
17 23
17 28
17 6
17 31
17 8
17 10
17 34
17 22
17 47
17 49
17 14
17 42
17 15
17 18
17 16
17 21
17 19
17 35
17 25
17 43
17 2
18
18 46
18 13
18 2
18 21
18 11
18 14
18 19
18 42
18 30
18 28
18 32
18 4
18 43
18 10
18 15
18 27
18 37
18 23
19
19 4
19 14
19 10
19 36
19 41
19 20
19 26
19 49
19 15
19 46
19 6
19 16
19 3
19 22
19 8
19 27
19 39
19 42
19 1
19
20 34
20 4
20 40
20 30
20 39
20 11
20 17
20 13
20 1
20 48
20 28
20 0
20 31
20 32
20 43
20 23
20 18
20 33
20 8
18
21 44
21 20
21 14
21 34
21 22
21 5
21 39
21 27
21 3
21 42
21 33
21 31
21 19
21 28
21 37
21 10
21 29
21 8
19
22 33
22 3
22 29
22 43
22 40
22 9
22 38
22 35
22 12
22 6
22 36
22 24
22 37
22 44
22 0
22 42
22 20
22 28
22 10
19
23 13
23 46
23 47
23 35
23 41
23 5
23 1
23 43
23 0
23 19
23 3
23 12
23 22
23 8
23 2
23 11
23 40
23 4
23 24
19
24 21
24 6
24 1
24 31
24 7
24 36
24 39
24 43
24 17
24 27
24 44
24 46
24 26
24 18
24 25
24 13
24 42
24 10
24 29
21
25 18
25 13
25 7
25 5
25 45
25 37
25 22
25 43
25 19
25 38
25 48
25 0
25 23
25 28
25 27
25 33
25 11
25 20
25 8
25 49
25 21
17
26 29
26 46
26 20
26 21
26 18
26 9
26 49
26 11
26 31
26 30
26 36
26 3
26 44
26 47
26 4
26 34
26 7
20
27 17
27 14
27 11
27 16
27 23
27 20
27 6
27 39
27 4
27 34
27 36
27 35
27 42
27 26
27 47
27 49
27 37
27 43
27 0
27 5
20
28 38
28 5
28 4
28 3
28 46
28 42
28 19
28 47
28 26
28 48
28 1
28 33
28 39
28 12
28 32
28 27
28 41
28 11
28 0
28 36
20
29 19
29 18
29 8
29 25
29 16
29 31
29 15
29 46
29 30
29 10
29 20
29 33
29 4
29 34
29 17
29 23
29 5
29 1
29 40
29 48
25
30 27
30 21
30 46
30 31
30 12
30 15
30 13
30 14
30 24
30 41
30 16
30 35
30 5
30 25
30 1
30 10
30 23
30 45
30 2
30 36
30 19
30 8
30 47
30 33
30 11
20
31 23
31 0
31 2
31 5
31 49
31 35
31 37
31 39
31 27
31 40
31 9
31 41
31 25
31 47
31 33
31 12
31 22
31 3
31 10
31 38
19
32 49
32 23
32 42
32 22
32 29
32 26
32 34
32 16
32 24
32 46
32 17
32 6
32 30
32 19
32 25
32 14
32 21
32 38
32 2
19
33 19
33 37
33 18
33 34
33 16
33 17
33 23
33 35
33 27
33 4
33 24
33 49
33 41
33 3
33 13
33 32
33 38
33 11
33 36
18
34 3
34 31
34 42
34 47
34 25
34 5
34 4
34 44
34 36
34 19
34 22
34 38
34 2
34 7
34 39
34 11
34 37
34 23
20
35 32
35 29
35 37
35 43
35 15
35 38
35 8
35 39
35 28
35 40
35 44
35 18
35 4
35 24
35 34
35 12
35 41
35 10
35 25
35 20
19
36 45
36 17
36 29
36 40
36 42
36 32
36 5
36 31
36 8
36 7
36 47
36 49
36 18
36 48
36 20
36 38
36 9
36 35
36 2
12
37 46
37 20
37 11
37 24
37 23
37 43
37 29
37 1
37 26
37 36
37 28
37 10
24
38 7
38 11
38 30
38 2
38 20
38 10
38 24
38 16
38 39
38 5
38 49
38 26
38 3
38 4
38 19
38 13
38 18
38 23
38 29
38 21
38 6
38 27
38 1
38 37
21
39 36
39 17
39 41
39 49
39 37
39 48
39 16
39 9
39 32
39 23
39 10
39 18
39 26
39 2
39 29
39 33
39 6
39 7
39 25
39 14
39 4
23
40 30
40 48
40 15
40 3
40 14
40 19
40 1
40 24
40 21
40 11
40 42
40 32
40 38
40 26
40 46
40 25
40 28
40 2
40 47
40 33
40 34
40 17
40 9
19
41 10
41 17
41 42
41 29
41 12
41 7
41 1
41 22
41 18
41 25
41 21
41 11
41 36
41 3
41 2
41 24
41 49
41 37
41 38
18
42 37
42 39
42 25
42 30
42 9
42 14
42 13
42 35
42 23
42 31
42 16
42 33
42 29
42 48
42 11
42 6
42 4
42 2
19
43 31
43 28
43 7
43 41
43 32
43 21
43 39
43 42
43 3
43 13
43 29
43 2
43 36
43 15
43 38
43 40
43 14
43 19
43 34
22
44 20
44 43
44 47
44 31
44 25
44 30
44 11
44 0
44 8
44 29
44 39
44 17
44 40
44 27
44 3
44 19
44 33
44 14
44 38
44 45
44 46
44 42
24
45 49
45 32
45 22
45 35
45 7
45 28
45 0
45 3
45 41
45 29
45 42
45 23
45 21
45 1
45 47
45 17
45 12
45 11
45 4
45 20
45 19
45 43
45 27
45 38
16
46 2
46 5
46 12
46 33
46 41
46 43
46 42
46 6
46 21
46 38
46 9
46 27
46 20
46 22
46 16
46 1
16
47 13
47 25
47 33
47 42
47 16
47 22
47 35
47 11
47 5
47 46
47 21
47 18
47 19
47 1
47 29
47 38
24
48 22
48 18
48 27
48 24
48 47
48 14
48 45
48 1
48 31
48 44
48 38
48 4
48 23
48 17
48 34
48 46
48 21
48 41
48 12
48 19
48 32
48 26
48 9
48 33
17
49 21
49 3
49 23
49 20
49 6
49 2
49 12
49 46
49 34
49 18
49 30
49 24
49 48
49 1
49 29
49 28
49 35
