50
0 "A26"
1 "A6"
2 "A24"
3 "A14"
4 "A0"
5 "A10"
6 "A12"
7 "A2"
8 "A16"
9 "A4"
10 "A13"
11 "A34"
12 "A22"
13 "A39"
14 "A9"
15 "A38"
16 "A8"
17 "A44"
18 "A31"
19 "A17"
20 "A3"
21 "A41"
22 "A11"
23 "A7"
24 "A5"
25 "A47"
26 "A49"
27 "A20"
28 "A19"
29 "A25"
30 "A40"
31 "A28"
32 "A37"
33 "A36"
34 "A30"
35 "A1"
36 "A45"
37 "A18"
38 "A43"
39 "A33"
40 "A46"
41 "A29"
42 "A32"
43 "A42"
44 "A15"
45 "A21"
46 "A35"
47 "A48"
48 "A23"
49 "A27"
16
0 24
0 18
0 35
0 23
0 42
0 34
0 6
0 10
0 9
0 46
0 28
0 5
0 2
0 47
0 32
0 15
19
1 18
1 33
1 26
1 30
1 35
1 42
1 14
1 16
1 19
1 17
1 3
1 43
1 24
1 49
1 0
1 20
1 28
1 41
1 31
16
2 45
2 33
2 43
2 13
2 26
2 8
2 40
2 21
2 25
2 23
2 5
2 10
2 31
2 37
2 42
2 1
22
3 16
3 10
3 26
3 18
3 47
3 9
3 17
3 2
3 32
3 20
3 38
3 21
3 25
3 46
3 24
3 0
3 37
3 15
3 30
3 11
3 48
3 49
20
4 40
4 33
4 29
4 5
4 49
4 8
4 17
4 27
4 14
4 36
4 12
4 43
4 1
4 37
4 38
4 24
4 2
4 20
4 46
4 28
16
5 21
5 49
5 6
5 30
5 24
5 39
5 26
5 48
5 47
5 38
5 40
5 37
5 16
5 27
5 44
5 14
23
6 26
6 1
6 10
6 4
6 36
6 49
6 27
6 38
6 41
6 42
6 9
6 43
6 2
6 13
6 30
6 16
6 48
6 28
6 33
6 47
6 3
6 19
6 29
20
7 11
7 1
7 6
7 43
7 4
7 39
7 2
7 31
7 8
7 48
7 30
7 34
7 0
7 28
7 23
7 25
7 38
7 10
7 40
7 44
25
8 42
8 20
8 48
8 45
8 37
8 46
8 5
8 13
8 30
8 39
8 14
8 41
8 16
8 44
8 26
8 33
8 49
8 24
8 6
8 9
8 27
8 0
8 1
8 38
8 31
11
9 5
9 43
9 34
9 36
9 18
9 46
9 7
9 1
9 2
9 15
9 40
18
10 1
10 43
10 38
10 8
10 30
10 25
10 24
10 45
10 26
10 41
10 27
10 34
10 32
10 29
10 16
10 40
10 17
10 20
22
11 29
11 31
11 36
11 23
11 46
11 28
11 8
11 40
11 20
11 30
11 38
11 35
11 5
11 24
11 47
11 6
11 16
11 21
11 34
11 15
11 4
11 32
20
12 38
12 36
12 6
12 20
12 27
12 47
12 2
12 11
12 8
12 39
12 45
12 15
12 25
12 7
12 9
12 10
12 5
12 49
12 40
12 22
26
13 14
13 17
13 49
13 30
13 25
13 37
13 0
13 33
13 32
13 38
13 29
13 3
13 22
13 47
13 21
13 12
13 4
13 11
13 36
13 15
13 27
13 24
13 18
13 7
13 5
13 10
19
14 9
14 20
14 21
14 37
14 29
14 24
14 45
14 49
14 25
14 7
14 10
14 41
14 6
14 15
14 3
14 28
14 11
14 18
14 16
20
15 20
15 4
15 6
15 23
15 8
15 25
15 39
15 34
15 7
15 22
15 36
15 5
15 38
15 45
15 19
15 2
15 40
15 17
15 1
15 37
19
16 46
16 0
16 9
16 43
16 42
16 22
16 20
16 35
16 31
16 36
16 12
16 4
16 44
16 7
16 2
16 28
16 19
16 48
16 49
19
17 31
17 19
17 28
17 7
17 9
17 48
17 6
17 33
17 14
17 40
17 27
17 11
17 45
17 42
17 2
17 47
17 0
17 8
17 46
27
18 11
18 2
18 8
18 37
18 30
18 43
18 35
18 31
18 12
18 20
18 6
18 15
18 24
18 28
18 32
18 40
18 29
18 4
18 25
18 17
18 46
18 26
18 16
18 7
18 5
18 47
18 19
21
19 31
19 25
19 8
19 28
19 0
19 35
19 10
19 36
19 12
19 40
19 13
19 3
19 34
19 45
19 38
19 2
19 48
19 46
19 30
19 9
19 4
13
20 47
20 46
20 13
20 44
20 6
20 37
20 5
20 45
20 25
20 17
20 9
20 23
20 2
26
21 28
21 16
21 43
21 23
21 38
21 37
21 15
21 45
21 31
21 47
21 18
21 10
21 7
21 6
21 33
21 24
21 30
21 19
21 34
21 4
21 20
21 22
21 27
21 17
21 40
21 32
22
22 44
22 8
22 47
22 3
22 9
22 34
22 14
22 7
22 0
22 23
22 17
22 49
22 35
22 10
22 19
22 11
22 32
22 1
22 28
22 30
22 45
22 42
16
23 18
23 3
23 16
23 19
23 5
23 14
23 8
23 29
23 42
23 4
23 32
23 48
23 1
23 10
23 43
23 30
19
24 22
24 35
24 6
24 12
24 32
24 2
24 23
24 25
24 17
24 43
24 42
24 19
24 36
24 40
24 15
24 16
24 20
24 9
24 29
13
25 23
25 21
25 5
25 16
25 0
25 42
25 37
25 6
25 43
25 31
25 48
25 38
25 4
22
26 31
26 23
26 12
26 45
26 28
26 22
26 46
26 20
26 42
26 35
26 30
26 0
26 43
26 25
26 17
26 21
26 27
26 34
26 15
26 13
26 7
26 39
22
27 7
27 2
27 16
27 45
27 35
27 19
27 34
27 9
27 46
27 43
27 39
27 49
27 47
27 22
27 25
27 14
27 42
27 11
27 3
27 18
27 1
27 20
23
28 15
28 25
28 13
28 42
28 34
28 20
28 46
28 3
28 36
28 32
28 31
28 35
28 8
28 43
28 23
28 9
28 10
28 12
28 27
28 45
28 30
28 44
28 38
15
29 9
29 49
29 1
29 34
29 21
29 40
29 32
29 33
29 12
29 0
29 36
29 31
29 2
29 28
29 35
20
30 49
30 27
30 39
30 42
30 15
30 36
30 24
30 47
30 40
30 35
30 33
30 9
30 38
30 0
30 29
30 32
30 41
30 31
30 14
30 2
15
31 15
31 22
31 40
31 23
31 13
31 6
31 32
31 45
31 20
31 0
31 24
31 27
31 39
31 33
31 4
14
32 8
32 33
32 9
32 2
32 25
32 20
32 47
32 43
32 12
32 17
32 6
32 37
32 16
32 27
21
33 25
33 14
33 16
33 27
33 26
33 28
33 42
33 9
33 23
33 20
33 35
33 34
33 46
33 39
33 3
33 11
33 7
33 47
33 0
33 19
33 10
20
34 4
34 32
34 5
34 13
34 25
34 44
34 42
34 49
34 36
34 46
34 45
34 17
34 30
34 39
34 6
34 20
34 18
34 24
34 8
34 23
20
35 49
35 12
35 47
35 2
35 14
35 3
35 10
35 20
35 21
35 8
35 36
35 5
35 7
35 15
35 25
35 39
35 9
35 4
35 37
35 23
23
36 41
36 17
36 0
36 27
36 49
36 2
36 46
36 48
36 7
36 18
36 32
36 43
36 31
36 3
36 33
36 14
36 25
36 42
36 23
36 26
36 38
36 20
36 47
19
37 31
37 34
37 9
37 22
37 28
37 27
37 7
37 47
37 16
37 12
37 33
37 40
37 0
37 30
37 17
37 24
37 23
37 6
37 42
20
38 18
38 20
38 27
38 31
38 9
38 17
38 32
38 37
38 26
38 23
38 2
38 40
38 16
38 33
38 43
38 14
38 34
38 49
38 1
38 48
20
39 11
39 17
39 32
39 38
39 24
39 14
39 1
39 47
39 25
39 13
39 16
39 6
39 44
39 18
39 23
39 10
39 20
39 45
39 9
39 48
16
40 16
40 41
40 22
40 45
40 33
40 34
40 39
40 13
40 25
40 47
40 14
40 20
40 6
40 26
40 8
40 28
23
41 15
41 18
41 12
41 3
41 27
41 0
41 19
41 31
41 39
41 2
41 33
41 25
41 24
41 34
41 38
41 48
41 49
41 7
41 20
41 23
41 32
41 5
41 11
17
42 19
42 18
42 15
42 46
42 12
42 3
42 9
42 31
42 5
42 29
42 21
42 38
42 45
42 48
42 7
42 39
42 10
20
43 14
43 47
43 0
43 3
43 12
43 37
43 49
43 40
43 29
43 8
43 22
43 45
43 20
43 15
43 11
43 34
43 5
43 13
43 19
43 46
26
44 37
44 38
44 23
44 19
44 6
44 12
44 30
44 46
44 29
44 33
44 36
44 1
44 11
44 18
44 4
44 3
44 42
44 15
44 41
44 27
44 26
44 10
44 25
44 40
44 32
44 35
18
45 38
45 3
45 36
45 5
45 48
45 35
45 16
45 41
45 23
45 32
45 7
45 47
45 11
45 29
45 0
45 37
45 24
45 9
23
46 48
46 25
46 12
46 30
46 32
46 10
46 38
46 24
46 5
46 49
46 2
46 1
46 15
46 31
46 23
46 22
46 29
46 13
46 40
46 41
46 45
46 6
46 7
15
47 14
47 29
47 38
47 41
47 2
47 16
47 31
47 26
47 42
47 34
47 4
47 9
47 44
47 10
47 8
20
48 34
48 15
48 12
48 2
48 47
48 14
48 49
48 30
48 28
48 20
48 40
48 11
48 22
48 21
48 37
48 27
48 43
48 4
48 1
48 35
20
49 2
49 44
49 42
49 32
49 33
49 23
49 9
49 7
49 11
49 26
49 21
49 17
49 39
49 31
49 28
49 15
49 24
49 20
49 19
49 47
