50
0 "A36"
1 "A14"
2 "A37"
3 "A5"
4 "A31"
5 "A10"
6 "A30"
7 "A4"
8 "A27"
9 "A47"
10 "A11"
11 "A42"
12 "A6"
13 "A26"
14 "A2"
15 "A23"
16 "A29"
17 "A25"
18 "A9"
19 "A24"
20 "A34"
21 "A16"
22 "A28"
23 "A15"
24 "A39"
25 "A33"
26 "A49"
27 "A46"
28 "A0"
29 "A12"
30 "A35"
31 "A45"
32 "A43"
33 "A32"
34 "A19"
35 "A40"
36 "A48"
37 "A38"
38 "A1"
39 "A7"
40 "A44"
41 "A13"
42 "A18"
43 "A21"
44 "A20"
45 "A3"
46 "A41"
47 "A8"
48 "A22"
49 "A17"
20
0 6
0 19
0 20
0 49
0 12
0 33
0 4
0 41
0 42
0 9
0 21
0 1
0 48
0 8
0 31
0 18
0 14
0 34
0 10
0 46
12
1 37
1 23
1 9
1 11
1 21
1 33
1 27
1 46
1 39
1 48
1 32
1 26
23
2 10
2 3
2 8
2 12
2 26
2 31
2 35
2 34
2 19
2 30
2 4
2 20
2 46
2 6
2 48
2 5
2 21
2 45
2 33
2 38
2 41
2 28
2 49
21
3 30
3 27
3 19
3 21
3 24
3 32
3 47
3 8
3 36
3 23
3 11
3 16
3 39
3 15
3 42
3 33
3 49
3 1
3 0
3 20
3 13
24
4 21
4 42
4 16
4 47
4 48
4 27
4 8
4 43
4 28
4 5
4 41
4 3
4 13
4 45
4 22
4 11
4 33
4 1
4 24
4 29
4 14
4 31
4 30
4 25
13
5 20
5 45
5 0
5 3
5 12
5 18
5 46
5 16
5 35
5 11
5 21
5 10
5 1
18
6 13
6 42
6 28
6 15
6 22
6 4
6 19
6 31
6 11
6 8
6 17
6 43
6 40
6 5
6 1
6 33
6 3
6 47
22
7 3
7 35
7 29
7 5
7 16
7 6
7 20
7 9
7 40
7 4
7 2
7 26
7 45
7 46
7 1
7 24
7 41
7 12
7 8
7 38
7 48
7 30
23
8 33
8 18
8 1
8 26
8 28
8 15
8 46
8 29
8 27
8 14
8 21
8 32
8 47
8 30
8 10
8 43
8 5
8 44
8 23
8 40
8 25
8 22
8 12
22
9 37
9 5
9 4
9 41
9 31
9 43
9 38
9 15
9 17
9 18
9 13
9 2
9 47
9 12
9 32
9 3
9 46
9 28
9 30
9 8
9 20
9 16
15
10 36
10 3
10 27
10 39
10 47
10 6
10 26
10 30
10 31
10 22
10 32
10 14
10 38
10 29
10 19
21
11 27
11 41
11 39
11 40
11 46
11 25
11 35
11 23
11 31
11 33
11 45
11 19
11 0
11 47
11 44
11 2
11 8
11 21
11 29
11 49
11 42
20
12 32
12 10
12 37
12 41
12 27
12 3
12 36
12 35
12 21
12 22
12 18
12 25
12 13
12 1
12 31
12 4
12 34
12 6
12 20
12 28
15
13 22
13 20
13 34
13 42
13 48
13 47
13 1
13 24
13 0
13 43
13 32
13 41
13 25
13 2
13 7
26
14 38
14 49
14 45
14 5
14 7
14 40
14 31
14 19
14 37
14 24
14 33
14 12
14 30
14 3
14 29
14 32
14 26
14 20
14 22
14 11
14 35
14 13
14 9
14 46
14 6
14 1
18
15 49
15 1
15 30
15 10
15 39
15 22
15 25
15 4
15 37
15 35
15 38
15 7
15 21
15 11
15 26
15 14
15 41
15 46
20
16 22
16 21
16 10
16 27
16 14
16 6
16 13
16 31
16 34
16 29
16 39
16 20
16 28
16 25
16 2
16 30
16 1
16 38
16 40
16 0
33
17 19
17 13
17 10
17 25
17 38
17 47
17 27
17 21
17 41
17 29
17 22
17 12
17 36
17 0
17 31
17 20
17 3
17 7
17 1
17 48
17 43
17 15
17 5
17 49
17 35
17 16
17 11
17 42
17 32
17 46
17 18
17 28
17 2
16
18 3
18 21
18 24
18 27
18 14
18 40
18 13
18 11
18 48
18 16
18 39
18 44
18 4
18 42
18 2
18 35
22
19 20
19 8
19 42
19 41
19 37
19 9
19 15
19 38
19 36
19 4
19 1
19 32
19 39
19 46
19 5
19 7
19 33
19 18
19 48
19 13
19 43
19 35
23
20 6
20 8
20 24
20 41
20 18
20 25
20 23
20 43
20 40
20 47
20 10
20 32
20 48
20 35
20 33
20 49
20 45
20 22
20 1
20 46
20 15
20 4
20 26
21
21 26
21 10
21 23
21 20
21 27
21 22
21 6
21 25
21 32
21 45
21 7
21 19
21 46
21 40
21 24
21 39
21 31
21 13
21 34
21 9
21 43
18
22 46
22 23
22 35
22 30
22 18
22 44
22 26
22 1
22 7
22 40
22 42
22 47
22 32
22 33
22 2
22 45
22 31
22 11
21
23 9
23 33
23 43
23 2
23 39
23 16
23 31
23 44
23 15
23 14
23 10
23 34
23 12
23 48
23 18
23 4
23 40
23 5
23 27
23 26
23 37
23
24 22
24 39
24 41
24 35
24 44
24 10
24 16
24 49
24 43
24 8
24 0
24 45
24 46
24 32
24 12
24 23
24 2
24 42
24 19
24 11
24 31
24 5
24 30
17
25 32
25 6
25 31
25 26
25 27
25 40
25 18
25 14
25 23
25 47
25 46
25 28
25 2
25 9
25 42
25 0
25 37
21
26 30
26 43
26 44
26 27
26 5
26 24
26 3
26 19
26 4
26 28
26 9
26 13
26 35
26 39
26 32
26 47
26 6
26 16
26 49
26 11
26 12
18
27 42
27 28
27 24
27 41
27 7
27 9
27 33
27 45
27 5
27 22
27 38
27 30
27 0
27 44
27 20
27 6
27 43
27 19
18
28 11
28 47
28 40
28 42
28 19
28 5
28 35
28 3
28 29
28 13
28 43
28 23
28 44
28 30
28 20
28 10
28 18
28 46
19
29 33
29 22
29 19
29 21
29 9
29 18
29 30
29 2
29 6
29 42
29 24
29 3
29 15
29 39
29 5
29 34
29 38
29 37
29 26
14
30 31
30 0
30 49
30 19
30 43
30 40
30 44
30 11
30 5
30 1
30 12
30 6
30 23
30 25
19
31 35
31 46
31 13
31 5
31 26
31 29
31 28
31 7
31 8
31 44
31 27
31 33
31 41
31 47
31 15
31 38
31 19
31 20
31 40
20
32 47
32 23
32 39
32 40
32 7
32 31
32 18
32 6
32 4
32 30
32 27
32 45
32 29
32 35
32 11
32 5
32 42
32 49
32 0
32 41
20
33 26
33 30
33 40
33 16
33 13
33 21
33 34
33 28
33 39
33 25
33 45
33 46
33 37
33 9
33 32
33 49
33 7
33 5
33 12
33 44
27
34 19
34 40
34 6
34 46
34 8
34 22
34 3
34 35
34 38
34 48
34 20
34 10
34 30
34 24
34 37
34 17
34 15
34 47
34 27
34 11
34 1
34 7
34 44
34 4
34 14
34 45
34 28
9
35 37
35 38
35 21
35 33
35 13
35 27
35 16
35 39
35 42
26
36 46
36 44
36 6
36 43
36 15
36 37
36 24
36 1
36 40
36 30
36 14
36 20
36 33
36 26
36 0
36 11
36 22
36 42
36 8
36 5
36 13
36 35
36 23
36 48
36 9
36 18
21
37 3
37 16
37 38
37 10
37 26
37 28
37 24
37 4
37 6
37 30
37 32
37 0
37 48
37 43
37 40
37 44
37 11
37 21
37 22
37 49
37 17
17
38 40
38 43
38 11
38 45
38 21
38 0
38 26
38 36
38 24
38 25
38 13
38 12
38 48
38 28
38 22
38 20
38 6
23
39 34
39 25
39 4
39 48
39 41
39 0
39 13
39 17
39 20
39 36
39 44
39 14
39 27
39 22
39 9
39 38
39 8
39 6
39 37
39 5
39 30
39 2
39 31
18
40 13
40 46
40 43
40 17
40 26
40 15
40 3
40 27
40 19
40 12
40 10
40 9
40 39
40 1
40 45
40 24
40 47
40 41
17
41 37
41 26
41 34
41 3
41 33
41 23
41 16
41 29
41 36
41 25
41 6
41 1
41 35
41 21
41 46
41 28
41 38
18
42 49
42 45
42 16
42 2
42 26
42 31
42 39
42 33
42 43
42 38
42 37
42 20
42 14
42 10
42 1
42 5
42 44
42 34
12
43 32
43 47
43 5
43 34
43 11
43 33
43 0
43 15
43 7
43 25
43 31
43 10
23
44 4
44 29
44 19
44 45
44 0
44 43
44 40
44 48
44 10
44 15
44 12
44 49
44 46
44 9
44 6
44 2
44 5
44 47
44 17
44 21
44 1
44 3
44 35
21
45 15
45 43
45 26
45 36
45 30
45 37
45 25
45 13
45 49
45 19
45 28
45 8
45 17
45 48
45 23
45 3
45 18
45 0
45 10
45 1
45 12
12
46 23
46 10
46 43
46 47
46 35
46 45
46 37
46 38
46 4
46 12
46 16
46 32
18
47 38
47 24
47 18
47 14
47 39
47 0
47 49
47 5
47 45
47 1
47 33
47 27
47 7
47 2
47 37
47 36
47 29
47 21
21
48 21
48 22
48 24
48 26
48 15
48 8
48 14
48 33
48 10
48 28
48 30
48 46
48 40
48 29
48 6
48 31
48 43
48 32
48 25
48 35
48 9
21
49 13
49 19
49 34
49 27
49 1
49 39
49 16
49 6
49 48
49 31
49 12
49 7
49 35
49 21
49 43
49 9
49 46
49 41
49 10
49 22
49 40
