50
0 "A36"
1 "A14"
2 "A37"
3 "A5"
4 "A31"
5 "A10"
6 "A30"
7 "A4"
8 "A27"
9 "A47"
10 "A11"
11 "A42"
12 "A6"
13 "A26"
14 "A2"
15 "A23"
16 "A29"
17 "A25"
18 "A9"
19 "A24"
20 "A34"
21 "A16"
22 "A28"
23 "A15"
24 "A39"
25 "A33"
26 "A49"
27 "A46"
28 "A0"
29 "A12"
30 "A35"
31 "A45"
32 "A43"
33 "A32"
34 "A19"
35 "A40"
36 "A48"
37 "A38"
38 "A1"
39 "A7"
40 "A44"
41 "A13"
42 "A18"
43 "A21"
44 "A20"
45 "A3"
46 "A41"
47 "A8"
48 "A22"
49 "A17"
18
0 4
0 24
0 26
0 12
0 31
0 19
0 10
0 42
0 5
0 22
0 14
0 7
0 11
0 9
0 1
0 44
0 49
0 34
16
1 39
1 37
1 48
1 38
1 47
1 5
1 24
1 23
1 21
1 46
1 18
1 2
1 41
1 8
1 28
1 11
18
2 40
2 19
2 38
2 42
2 37
2 35
2 11
2 26
2 49
2 31
2 13
2 7
2 20
2 28
2 45
2 30
2 12
2 5
15
3 38
3 1
3 43
3 35
3 10
3 2
3 12
3 47
3 30
3 39
3 48
3 0
3 49
3 20
3 13
26
4 12
4 22
4 33
4 13
4 3
4 25
4 18
4 41
4 11
4 2
4 30
4 9
4 27
4 40
4 6
4 16
4 29
4 47
4 43
4 32
4 48
4 14
4 26
4 34
4 38
4 42
18
5 38
5 11
5 15
5 27
5 12
5 16
5 45
5 25
5 48
5 13
5 36
5 44
5 17
5 39
5 6
5 31
5 32
5 22
15
6 0
6 17
6 22
6 2
6 30
6 19
6 14
6 31
6 36
6 48
6 3
6 35
6 24
6 10
6 33
20
7 43
7 9
7 33
7 37
7 5
7 16
7 14
7 28
7 20
7 49
7 45
7 12
7 48
7 26
7 6
7 25
7 8
7 1
7 13
7 15
21
8 32
8 22
8 33
8 44
8 10
8 48
8 41
8 6
8 26
8 5
8 27
8 0
8 13
8 2
8 21
8 12
8 14
8 15
8 3
8 23
8 29
17
9 2
9 47
9 6
9 45
9 3
9 12
9 31
9 18
9 42
9 34
9 21
9 16
9 49
9 22
9 35
9 36
9 24
17
10 29
10 39
10 30
10 36
10 34
10 38
10 46
10 14
10 35
10 2
10 24
10 4
10 19
10 1
10 26
10 9
10 27
15
11 47
11 40
11 3
11 35
11 18
11 20
11 30
11 49
11 9
11 7
11 44
11 16
11 48
11 23
11 13
19
12 21
12 42
12 18
12 49
12 29
12 40
12 22
12 16
12 36
12 31
12 37
12 48
12 11
12 24
12 35
12 27
12 1
12 10
12 6
19
13 1
13 27
13 21
13 24
13 28
13 25
13 39
13 20
13 22
13 18
13 42
13 32
13 46
13 26
13 44
13 34
13 10
13 45
13 36
20
14 13
14 41
14 24
14 47
14 19
14 29
14 12
14 33
14 30
14 44
14 1
14 40
14 37
14 49
14 11
14 15
14 28
14 9
14 38
14 2
19
15 0
15 2
15 10
15 11
15 49
15 26
15 35
15 4
15 6
15 39
15 22
15 20
15 27
15 1
15 33
15 34
15 13
15 25
15 42
20
16 34
16 48
16 40
16 47
16 6
16 2
16 32
16 23
16 27
16 14
16 10
16 38
16 20
16 35
16 13
16 29
16 3
16 8
16 21
16 30
33
17 10
17 7
17 1
17 47
17 34
17 21
17 16
17 11
17 22
17 28
17 36
17 24
17 37
17 4
17 46
17 15
17 26
17 35
17 3
17 8
17 12
17 49
17 14
17 0
17 33
17 18
17 20
17 32
17 29
17 45
17 2
17 19
17 13
24
18 34
18 35
18 41
18 49
18 3
18 40
18 22
18 7
18 16
18 10
18 25
18 0
18 15
18 20
18 39
18 6
18 47
18 2
18 31
18 42
18 26
18 29
18 45
18 38
17
19 8
19 13
19 41
19 18
19 4
19 9
19 12
19 38
19 39
19 15
19 43
19 42
19 5
19 21
19 48
19 35
19 20
14
20 33
20 35
20 40
20 47
20 8
20 26
20 4
20 24
20 0
20 32
20 5
20 46
20 1
20 37
20
21 26
21 43
21 22
21 32
21 49
21 45
21 46
21 40
21 7
21 11
21 42
21 48
21 3
21 24
21 30
21 2
21 20
21 34
21 15
21 36
22
22 44
22 41
22 2
22 7
22 20
22 43
22 23
22 47
22 48
22 27
22 16
22 34
22 39
22 11
22 10
22 31
22 3
22 1
22 46
22 32
22 19
22 36
17
23 14
23 20
23 3
23 44
23 4
23 17
23 18
23 10
23 35
23 27
23 12
23 21
23 40
23 48
23 2
23 15
23 13
20
24 22
24 23
24 41
24 28
24 31
24 5
24 48
24 16
24 39
24 43
24 34
24 46
24 26
24 19
24 2
24 32
24 8
24 4
24 11
24 3
20
25 32
25 2
25 8
25 0
25 29
25 20
25 6
25 36
25 14
25 9
25 47
25 23
25 46
25 16
25 44
25 1
25 34
25 19
25 22
25 28
14
26 23
26 34
26 28
26 30
26 9
26 12
26 22
26 11
26 6
26 5
26 25
26 3
26 19
26 33
26
27 35
27 30
27 46
27 19
27 1
27 20
27 33
27 38
27 29
27 21
27 26
27 24
27 44
27 11
27 7
27 40
27 18
27 9
27 3
27 43
27 0
27 45
27 6
27 28
27 25
27 39
20
28 22
28 43
28 18
28 34
28 23
28 16
28 11
28 10
28 46
28 41
28 40
28 20
28 49
28 15
28 33
28 35
28 12
28 32
28 30
28 29
21
29 34
29 20
29 19
29 37
29 30
29 9
29 23
29 38
29 35
29 13
29 24
29 49
29 45
29 3
29 2
29 39
29 11
29 22
29 15
29 33
29 41
20
30 1
30 15
30 46
30 18
30 0
30 5
30 12
30 47
30 23
30 49
30 45
30 24
30 19
30 22
30 25
30 17
30 13
30 37
30 31
30 43
21
31 27
31 46
31 15
31 19
31 26
31 44
31 1
31 28
31 8
31 20
31 33
31 21
31 40
31 3
31 11
31 16
31 14
31 7
31 13
31 34
31 36
21
32 10
32 49
32 29
32 47
32 31
32 36
32 23
32 2
32 35
32 3
32 15
32 27
32 12
32 45
32 18
32 34
32 40
32 19
32 39
32 26
32 1
21
33 30
33 44
33 12
33 25
33 32
33 45
33 47
33 16
33 13
33 18
33 49
33 9
33 11
33 37
33 2
33 21
33 0
33 3
33 1
33 24
33 23
17
34 5
34 23
34 46
34 11
34 2
34 40
34 45
34 30
34 20
34 33
34 39
34 42
34 1
34 3
34 12
34 48
34 19
14
35 43
35 44
35 14
35 42
35 21
35 30
35 37
35 36
35 13
35 33
35 25
35 31
35 5
35 26
23
36 26
36 11
36 8
36 48
36 29
36 27
36 34
36 28
36 38
36 0
36 7
36 46
36 3
36 30
36 20
36 1
36 47
36 14
36 23
36 16
36 39
36 43
36 2
19
37 3
37 25
37 11
37 9
37 21
37 38
37 0
37 8
37 24
37 6
37 16
37 19
37 34
37 36
37 43
37 28
37 22
37 27
37 5
21
38 20
38 41
38 46
38 32
38 28
38 17
38 6
38 23
38 26
38 47
38 43
38 44
38 22
38 34
38 35
38 7
38 21
38 40
38 31
38 25
38 11
16
39 9
39 7
39 6
39 17
39 37
39 0
39 23
39 26
39 8
39 31
39 20
39 48
39 38
39 33
39 21
39 41
22
40 0
40 15
40 10
40 39
40 36
40 7
40 9
40 37
40 19
40 26
40 3
40 43
40 13
40 22
40 17
40 42
40 49
40 29
40 35
40 30
40 5
40 46
26
41 33
41 30
41 35
41 0
41 34
41 16
41 11
41 31
41 36
41 37
41 20
41 25
41 15
41 3
41 21
41 6
41 17
41 23
41 12
41 13
41 2
41 49
41 9
41 26
41 10
41 27
22
42 39
42 41
42 28
42 5
42 36
42 46
42 37
42 32
42 20
42 14
42 8
42 17
42 10
42 31
42 38
42 26
42 27
42 33
42 22
42 43
42 16
42 1
21
43 1
43 5
43 2
43 9
43 13
43 29
43 11
43 32
43 0
43 6
43 14
43 34
43 25
43 18
43 20
43 12
43 49
43 41
43 31
43 33
43 39
21
44 1
44 20
44 41
44 4
44 19
44 48
44 10
44 16
44 37
44 9
44 15
44 29
44 34
44 39
44 40
44 3
44 24
44 49
44 12
44 26
44 17
22
45 26
45 24
45 22
45 12
45 8
45 1
45 3
45 23
45 6
45 43
45 28
45 38
45 39
45 0
45 14
45 19
45 31
45 49
45 44
45 15
45 4
45 20
18
46 35
46 26
46 4
46 23
46 47
46 8
46 6
46 15
46 32
46 18
46 14
46 19
46 3
46 39
46 2
46 0
46 33
46 37
19
47 44
47 10
47 42
47 2
47 7
47 29
47 34
47 6
47 13
47 12
47 35
47 21
47 37
47 45
47 0
47 27
47 23
47 5
47 39
17
48 15
48 42
48 35
48 9
48 46
48 33
48 18
48 29
48 40
48 28
48 31
48 26
48 25
48 47
48 20
48 2
48 32
18
49 46
49 4
49 19
49 48
49 20
49 27
49 13
49 37
49 26
49 16
49 38
49 6
49 36
49 35
49 1
49 23
49 22
49 47
