50
0 "A41"
1 "A30"
2 "A31"
3 "A20"
4 "A4"
5 "A45"
6 "A29"
7 "A14"
8 "A26"
9 "A25"
10 "A27"
11 "A1"
12 "A5"
13 "A23"
14 "A32"
15 "A7"
16 "A48"
17 "A0"
18 "A12"
19 "A9"
20 "A22"
21 "A44"
22 "A15"
23 "A24"
24 "A38"
25 "A28"
26 "A6"
27 "A37"
28 "A3"
29 "A19"
30 "A13"
31 "A46"
32 "A39"
33 "A47"
34 "A10"
35 "A43"
36 "A17"
37 "A11"
38 "A18"
39 "A35"
40 "A21"
41 "A40"
42 "A16"
43 "A33"
44 "A49"
45 "A42"
46 "A2"
47 "A36"
48 "A34"
49 "A8"
14
0 14
0 2
0 28
0 34
0 16
0 23
0 12
0 33
0 22
0 37
0 49
0 45
0 25
0 24
25
1 22
1 28
1 35
1 44
1 46
1 47
1 30
1 40
1 45
1 43
1 25
1 0
1 14
1 24
1 27
1 37
1 38
1 49
1 42
1 7
1 6
1 20
1 33
1 19
1 16
21
2 49
2 16
2 21
2 24
2 8
2 11
2 7
2 19
2 18
2 46
2 36
2 23
2 45
2 41
2 20
2 42
2 30
2 6
2 37
2 44
2 12
19
3 5
3 22
3 14
3 18
3 2
3 15
3 49
3 0
3 13
3 44
3 10
3 20
3 45
3 24
3 37
3 32
3 30
3 17
3 1
17
4 2
4 11
4 13
4 14
4 23
4 34
4 49
4 44
4 25
4 40
4 42
4 9
4 31
4 27
4 8
4 32
4 37
20
5 11
5 4
5 2
5 8
5 7
5 0
5 23
5 1
5 34
5 32
5 16
5 19
5 29
5 39
5 30
5 9
5 28
5 45
5 18
5 48
15
6 9
6 27
6 11
6 19
6 36
6 49
6 17
6 43
6 37
6 0
6 5
6 38
6 26
6 33
6 18
19
7 33
7 6
7 44
7 8
7 27
7 30
7 46
7 4
7 26
7 3
7 14
7 42
7 9
7 11
7 13
7 17
7 18
7 24
7 39
15
8 41
8 1
8 22
8 43
8 0
8 14
8 49
8 45
8 6
8 38
8 9
8 20
8 16
8 31
8 34
25
9 43
9 39
9 13
9 28
9 12
9 29
9 42
9 37
9 3
9 32
9 44
9 21
9 10
9 41
9 0
9 20
9 27
9 24
9 2
9 11
9 14
9 33
9 17
9 30
9 46
20
10 4
10 11
10 35
10 47
10 8
10 5
10 39
10 42
10 1
10 27
10 45
10 36
10 48
10 0
10 7
10 38
10 43
10 40
10 32
10 6
15
11 32
11 42
11 14
11 37
11 36
11 23
11 1
11 34
11 44
11 16
11 25
11 3
11 43
11 19
11 31
22
12 30
12 14
12 19
12 3
12 11
12 4
12 41
12 17
12 44
12 7
12 24
12 8
12 1
12 18
12 6
12 10
12 28
12 37
12 20
12 25
12 48
12 46
27
13 24
13 16
13 8
13 15
13 28
13 0
13 19
13 1
13 11
13 35
13 46
13 10
13 43
13 17
13 12
13 25
13 5
13 33
13 14
13 34
13 2
13 45
13 36
13 27
13 48
13 42
13 37
16
14 35
14 34
14 46
14 23
14 24
14 48
14 6
14 5
14 30
14 42
14 19
14 38
14 32
14 28
14 20
14 36
20
15 4
15 21
15 47
15 0
15 38
15 5
15 10
15 41
15 16
15 8
15 2
15 11
15 6
15 9
15 46
15 12
15 14
15 30
15 22
15 18
25
16 25
16 27
16 19
16 6
16 3
16 32
16 17
16 26
16 35
16 33
16 24
16 36
16 18
16 9
16 47
16 39
16 40
16 10
16 4
16 42
16 34
16 12
16 28
16 23
16 44
17
17 42
17 37
17 20
17 48
17 36
17 28
17 2
17 45
17 11
17 31
17 4
17 24
17 8
17 0
17 10
17 43
17 14
24
18 34
18 13
18 31
18 23
18 36
18 32
18 49
18 20
18 33
18 41
18 8
18 45
18 10
18 47
18 48
18 29
18 40
18 26
18 42
18 11
18 38
18 1
18 14
18 44
11
19 9
19 17
19 10
19 44
19 42
19 46
19 33
19 26
19 7
19 29
19 8
21
20 28
20 46
20 35
20 32
20 41
20 16
20 22
20 42
20 21
20 45
20 0
20 30
20 7
20 13
20 39
20 5
20 34
20 29
20 43
20 36
20 31
28
21 44
21 29
21 24
21 26
21 31
21 12
21 30
21 42
21 5
21 27
21 47
21 45
21 16
21 3
21 41
21 17
21 14
21 10
21 36
21 32
21 13
21 48
21 11
21 18
21 49
21 7
21 37
21 8
26
22 28
22 29
22 47
22 2
22 33
22 38
22 16
22 10
22 31
22 17
22 41
22 18
22 46
22 45
22 35
22 32
22 4
22 36
22 21
22 5
22 37
22 9
22 14
22 34
22 48
22 19
22
23 28
23 35
23 10
23 38
23 15
23 34
23 6
23 13
23 48
23 20
23 12
23 32
23 21
23 19
23 8
23 27
23 49
23 47
23 37
23 17
23 7
23 30
16
24 41
24 23
24 25
24 22
24 37
24 18
24 5
24 15
24 47
24 11
24 19
24 45
24 30
24 49
24 32
24 6
24
25 39
25 49
25 18
25 14
25 42
25 45
25 6
25 36
25 9
25 20
25 30
25 17
25 21
25 10
25 15
25 47
25 8
25 48
25 32
25 43
25 44
25 40
25 22
25 19
21
26 28
26 3
26 33
26 41
26 15
26 1
26 11
26 9
26 38
26 24
26 37
26 42
26 31
26 4
26 0
26 20
26 8
26 34
26 14
26 10
26 17
24
27 31
27 42
27 26
27 8
27 3
27 14
27 38
27 45
27 46
27 47
27 44
27 32
27 43
27 17
27 22
27 18
27 41
27 24
27 35
27 19
27 48
27 2
27 11
27 34
21
28 34
28 41
28 2
28 6
28 27
28 40
28 36
28 39
28 48
28 21
28 18
28 47
28 32
28 4
28 45
28 10
28 24
28 29
28 3
28 35
28 19
21
29 16
29 0
29 44
29 13
29 31
29 7
29 11
29 25
29 36
29 6
29 35
29 8
29 49
29 33
29 3
29 14
29 27
29 2
29 23
29 26
29 42
17
30 11
30 0
30 29
30 28
30 31
30 13
30 8
30 27
30 37
30 10
30 17
30 4
30 26
30 36
30 38
30 42
30 16
16
31 44
31 28
31 1
31 10
31 2
31 15
31 13
31 12
31 48
31 5
31 46
31 24
31 25
31 16
31 9
31 0
20
32 26
32 13
32 2
32 41
32 1
32 46
32 37
32 39
32 47
32 30
32 7
32 0
32 34
32 31
32 36
32 6
32 17
32 40
32 29
32 43
19
33 31
33 3
33 2
33 12
33 38
33 41
33 14
33 20
33 35
33 4
33 5
33 21
33 8
33 43
33 24
33 23
33 17
33 42
33 10
14
34 1
34 10
34 48
34 2
34 39
34 15
34 38
34 9
34 37
34 24
34 3
34 6
34 25
34 42
19
35 19
35 18
35 17
35 42
35 40
35 34
35 30
35 45
35 48
35 9
35 4
35 32
35 24
35 0
35 2
35 31
35 25
35 38
35 11
18
36 9
36 41
36 43
36 5
36 15
36 35
36 19
36 48
36 1
36 8
36 47
36 26
36 4
36 33
36 12
36 23
36 0
36 3
20
37 25
37 46
37 15
37 18
37 5
37 14
37 27
37 44
37 36
37 42
37 48
37 41
37 19
37 10
37 29
37 47
37 31
37 7
37 40
37 43
21
38 3
38 46
38 20
38 17
38 32
38 21
38 31
38 16
38 28
38 7
38 43
38 49
38 9
38 44
38 4
38 13
38 29
38 36
38 12
38 5
38 45
20
39 36
39 46
39 6
39 45
39 1
39 22
39 0
39 24
39 33
39 8
39 31
39 37
39 42
39 2
39 11
39 14
39 4
39 12
39 19
39 27
24
40 7
40 24
40 27
40 9
40 41
40 31
40 30
40 22
40 2
40 26
40 5
40 23
40 29
40 46
40 19
40 43
40 38
40 42
40 39
40 13
40 8
40 0
40 11
40 36
19
41 10
41 11
41 44
41 6
41 49
41 35
41 5
41 14
41 29
41 45
41 16
41 7
41 1
41 23
41 3
41 39
41 42
41 38
41 34
15
42 3
42 31
42 45
42 36
42 32
42 38
42 28
42 6
42 15
42 46
42 5
42 49
42 8
42 0
42 43
14
43 24
43 3
43 0
43 5
43 12
43 34
43 30
43 4
43 16
43 29
43 39
43 14
43 26
43 49
19
44 33
44 48
44 39
44 42
44 6
44 24
44 17
44 30
44 23
44 15
44 40
44 26
44 35
44 28
44 8
44 43
44 5
44 34
44 36
17
45 43
45 6
45 19
45 29
45 31
45 47
45 26
45 40
45 15
45 9
45 12
45 16
45 37
45 7
45 4
45 44
45 46
18
46 33
46 24
46 23
46 41
46 17
46 8
46 26
46 43
46 3
46 30
46 10
46 6
46 49
46 34
46 4
46 21
46 29
46 35
25
47 5
47 30
47 46
47 13
47 8
47 17
47 49
47 14
47 35
47 40
47 12
47 34
47 3
47 31
47 20
47 38
47 4
47 33
47 2
47 26
47 41
47 29
47 7
47 39
47 19
17
48 39
48 33
48 1
48 4
48 29
48 40
48 2
48 16
48 20
48 3
48 26
48 49
48 42
48 11
48 45
48 30
48 24
17
49 16
49 12
49 35
49 11
49 22
49 40
49 45
49 30
49 34
49 10
49 13
49 17
49 33
49 15
49 31
49 14
49 19
