50
0 "A41"
1 "A30"
2 "A31"
3 "A20"
4 "A4"
5 "A45"
6 "A29"
7 "A14"
8 "A26"
9 "A25"
10 "A27"
11 "A1"
12 "A5"
13 "A23"
14 "A32"
15 "A7"
16 "A48"
17 "A0"
18 "A12"
19 "A9"
20 "A22"
21 "A44"
22 "A15"
23 "A24"
24 "A38"
25 "A28"
26 "A6"
27 "A37"
28 "A3"
29 "A19"
30 "A13"
31 "A46"
32 "A39"
33 "A47"
34 "A10"
35 "A43"
36 "A17"
37 "A11"
38 "A18"
39 "A35"
40 "A21"
41 "A40"
42 "A16"
43 "A33"
44 "A49"
45 "A42"
46 "A2"
47 "A36"
48 "A34"
49 "A8"
11
0 10
0 38
0 27
0 25
0 20
0 8
0 43
0 16
0 14
0 23
0 5
23
1 12
1 27
1 41
1 40
1 16
1 17
1 25
1 49
1 37
1 30
1 4
1 47
1 43
1 0
1 18
1 46
1 33
1 22
1 23
1 28
1 29
1 35
1 44
22
2 47
2 44
2 25
2 41
2 40
2 30
2 10
2 16
2 0
2 24
2 19
2 11
2 18
2 7
2 17
2 1
2 21
2 36
2 3
2 43
2 9
2 5
22
3 33
3 22
3 5
3 34
3 35
3 41
3 12
3 44
3 24
3 45
3 6
3 10
3 18
3 39
3 32
3 17
3 1
3 31
3 14
3 25
3 49
3 48
16
4 47
4 21
4 3
4 43
4 29
4 30
4 25
4 35
4 23
4 44
4 13
4 49
4 11
4 12
4 31
4 14
15
5 31
5 10
5 23
5 37
5 43
5 32
5 21
5 29
5 4
5 28
5 20
5 7
5 22
5 33
5 35
25
6 32
6 14
6 7
6 33
6 38
6 43
6 21
6 20
6 1
6 15
6 4
6 37
6 10
6 42
6 22
6 16
6 39
6 17
6 44
6 27
6 45
6 11
6 30
6 49
6 48
17
7 0
7 3
7 13
7 37
7 33
7 11
7 36
7 44
7 18
7 31
7 1
7 9
7 39
7 25
7 46
7 30
7 38
17
8 19
8 20
8 43
8 28
8 38
8 4
8 45
8 40
8 13
8 11
8 22
8 27
8 31
8 41
8 36
8 14
8 49
20
9 43
9 48
9 44
9 29
9 41
9 33
9 28
9 6
9 20
9 0
9 12
9 8
9 1
9 16
9 37
9 17
9 47
9 11
9 4
9 3
23
10 16
10 30
10 42
10 21
10 46
10 44
10 4
10 11
10 29
10 40
10 23
10 32
10 20
10 47
10 35
10 18
10 39
10 25
10 33
10 48
10 27
10 38
10 8
22
11 16
11 5
11 17
11 15
11 28
11 32
11 19
11 0
11 30
11 3
11 13
11 41
11 40
11 31
11 25
11 22
11 1
11 42
11 46
11 48
11 34
11 37
15
12 44
12 18
12 37
12 30
12 33
12 14
12 19
12 11
12 41
12 8
12 7
12 42
12 24
12 10
12 43
22
13 2
13 40
13 27
13 1
13 45
13 15
13 44
13 14
13 16
13 37
13 6
13 36
13 31
13 46
13 17
13 34
13 5
13 42
13 33
13 0
13 26
13 12
16
14 7
14 2
14 34
14 44
14 1
14 31
14 20
14 11
14 10
14 9
14 17
14 40
14 48
14 24
14 19
14 18
26
15 21
15 45
15 25
15 18
15 47
15 10
15 49
15 46
15 41
15 19
15 33
15 16
15 2
15 3
15 34
15 5
15 29
15 36
15 0
15 9
15 14
15 42
15 12
15 17
15 26
15 4
19
16 19
16 44
16 3
16 20
16 43
16 24
16 26
16 33
16 14
16 18
16 34
16 5
16 17
16 25
16 41
16 32
16 27
16 4
16 12
16
17 42
17 24
17 39
17 44
17 4
17 48
17 38
17 29
17 0
17 35
17 37
17 5
17 7
17 32
17 31
17 27
14
18 31
18 33
18 21
18 32
18 34
18 38
18 6
18 35
18 17
18 44
18 46
18 45
18 9
18 13
15
19 24
19 33
19 9
19 5
19 42
19 23
19 31
19 41
19 20
19 18
19 46
19 40
19 3
19 1
19 4
18
20 13
20 33
20 34
20 11
20 18
20 42
20 12
20 46
20 39
20 44
20 37
20 43
20 22
20 23
20 4
20 3
20 21
20 35
27
21 24
21 26
21 37
21 8
21 11
21 41
21 3
21 12
21 16
21 17
21 1
21 34
21 42
21 35
21 25
21 47
21 40
21 39
21 27
21 32
21 29
21 19
21 31
21 48
21 44
21 36
21 30
23
22 38
22 10
22 34
22 45
22 29
22 4
22 21
22 7
22 48
22 37
22 39
22 2
22 12
22 28
22 36
22 41
22 46
22 14
22 15
22 9
22 31
22 13
22 30
21
23 48
23 13
23 16
23 49
23 21
23 2
23 28
23 38
23 29
23 22
23 17
23 9
23 6
23 12
23 3
23 35
23 8
23 32
23 47
23 14
23 27
18
24 10
24 46
24 22
24 45
24 39
24 5
24 37
24 32
24 49
24 33
24 15
24 11
24 44
24 9
24 23
24 41
24 47
24 25
20
25 23
25 32
25 37
25 33
25 19
25 22
25 17
25 48
25 49
25 39
25 47
25 8
25 20
25 30
25 12
25 42
25 27
25 38
25 45
25 6
25
26 24
26 35
26 8
26 28
26 0
26 10
26 40
26 34
26 31
26 12
26 39
26 17
26 42
26 18
26 6
26 9
26 29
26 19
26 7
26 20
26 3
26 37
26 41
26 33
26 14
19
27 4
27 31
27 22
27 5
27 24
27 9
27 3
27 26
27 48
27 11
27 45
27 14
27 15
27 43
27 18
27 39
27 38
27 2
27 12
24
28 45
28 25
28 13
28 34
28 6
28 27
28 29
28 4
28 0
28 16
28 36
28 46
28 47
28 7
28 39
28 2
28 40
28 32
28 3
28 19
28 18
28 17
28 48
28 49
18
29 7
29 25
29 35
29 16
29 13
29 2
29 27
29 3
29 0
29 44
29 24
29 34
29 46
29 14
29 40
29 11
29 31
29 12
22
30 15
30 23
30 31
30 36
30 8
30 17
30 28
30 19
30 40
30 13
30 33
30 27
30 29
30 14
30 44
30 20
30 0
30 3
30 5
30 43
30 45
30 18
14
31 35
31 15
31 25
31 24
31 20
31 16
31 0
31 28
31 1
31 2
31 12
31 32
31 39
31 44
18
32 7
32 47
32 30
32 43
32 20
32 13
32 34
32 26
32 22
32 37
32 0
32 15
32 14
32 46
32 12
32 8
32 1
32 4
15
33 41
33 2
33 8
33 45
33 4
33 14
33 35
33 42
33 11
33 21
33 27
33 40
33 34
33 31
33 32
21
34 17
34 19
34 43
34 31
34 9
34 41
34 42
34 47
34 40
34 8
34 35
34 39
34 4
34 5
34 10
34 38
34 1
34 6
34 2
34 0
34 24
17
35 39
35 32
35 37
35 9
35 7
35 25
35 2
35 11
35 22
35 12
35 28
35 19
35 13
35 42
35 27
35 0
35 14
19
36 40
36 5
36 23
36 26
36 6
36 4
36 1
36 16
36 45
36 3
36 9
36 32
36 33
36 38
36 12
36 10
36 19
36 18
36 14
22
37 4
37 33
37 3
37 15
37 18
37 30
37 36
37 23
37 2
37 0
37 39
37 19
37 8
37 29
37 40
37 41
37 46
37 27
37 45
37 42
37 48
37 49
21
38 16
38 39
38 29
38 33
38 40
38 45
38 31
38 2
38 4
38 28
38 12
38 19
38 43
38 1
38 15
38 30
38 21
38 9
38 11
38 37
38 3
17
39 2
39 18
39 36
39 33
39 29
39 1
39 4
39 9
39 46
39 30
39 12
39 11
39 0
39 45
39 5
39 13
39 14
19
40 24
40 27
40 16
40 35
40 4
40 9
40 47
40 6
40 22
40 0
40 15
40 5
40 25
40 20
40 32
40 43
40 3
40 7
40 23
21
41 47
41 10
41 14
41 38
41 40
41 44
41 31
41 23
41 36
41 18
41 35
41 13
41 29
41 20
41 45
41 27
41 0
41 5
41 39
41 43
41 25
20
42 36
42 46
42 29
42 27
42 49
42 14
42 3
42 45
42 38
42 0
42 2
42 28
42 40
42 7
42 4
42 18
42 31
42 32
42 24
42 39
19
43 11
43 10
43 18
43 35
43 42
43 31
43 25
43 7
43 24
43 13
43 19
43 37
43 49
43 33
43 39
43 17
43 15
43 14
43 21
17
44 28
44 36
44 26
44 5
44 34
44 15
44 22
44 48
44 38
44 32
44 8
44 25
44 39
44 35
44 23
44 11
44 43
21
45 29
45 31
45 5
45 11
45 7
45 17
45 20
45 35
45 43
45 1
45 44
45 14
45 34
45 19
45 32
45 4
45 26
45 47
45 0
45 49
45 10
16
46 35
46 17
46 45
46 12
46 41
46 33
46 31
46 2
46 23
46 34
46 49
46 44
46 30
46 4
46 9
46 16
26
47 31
47 26
47 38
47 0
47 48
47 46
47 8
47 22
47 17
47 44
47 29
47 6
47 5
47 36
47 13
47 14
47 20
47 30
47 18
47 33
47 35
47 27
47 7
47 11
47 49
47 39
22
48 4
48 20
48 42
48 2
48 45
48 49
48 19
48 18
48 33
48 5
48 40
48 29
48 24
48 46
48 15
48 39
48 36
48 38
48 16
48 12
48 26
48 32
24
49 17
49 33
49 18
49 19
49 34
49 20
49 7
49 41
49 40
49 13
49 16
49 27
49 9
49 11
49 35
49 36
49 2
49 44
49 31
49 5
49 0
49 30
49 10
49 12
