50
0 "A27"
1 "A49"
2 "A46"
3 "A26"
4 "A19"
5 "A39"
6 "A8"
7 "A37"
8 "A24"
9 "A6"
10 "A29"
11 "A18"
12 "A35"
13 "A40"
14 "A42"
15 "A21"
16 "A16"
17 "A5"
18 "A7"
19 "A38"
20 "A22"
21 "A45"
22 "A31"
23 "A25"
24 "A3"
25 "A17"
26 "A32"
27 "A47"
28 "A20"
29 "A30"
30 "A2"
31 "A41"
32 "A33"
33 "A48"
34 "A13"
35 "A0"
36 "A43"
37 "A10"
38 "A11"
39 "A1"
40 "A23"
41 "A14"
42 "A12"
43 "A4"
44 "A9"
45 "A44"
46 "A34"
47 "A28"
48 "A15"
49 "A36"
19
0 16
0 49
0 4
0 23
0 48
0 17
0 13
0 1
0 46
0 39
0 26
0 42
0 15
0 2
0 43
0 37
0 6
0 5
0 22
17
1 48
1 44
1 38
1 40
1 49
1 21
1 34
1 22
1 33
1 25
1 23
1 39
1 2
1 28
1 6
1 10
1 9
17
2 32
2 10
2 19
2 48
2 45
2 39
2 33
2 42
2 23
2 8
2 38
2 6
2 26
2 18
2 7
2 21
2 20
21
3 17
3 46
3 8
3 42
3 1
3 13
3 11
3 36
3 45
3 19
3 16
3 23
3 22
3 10
3 32
3 31
3 9
3 24
3 38
3 43
3 0
19
4 3
4 7
4 1
4 49
4 23
4 35
4 43
4 2
4 18
4 39
4 46
4 17
4 11
4 13
4 9
4 14
4 45
4 5
4 48
26
5 2
5 32
5 23
5 42
5 10
5 28
5 36
5 20
5 30
5 34
5 1
5 46
5 24
5 31
5 48
5 22
5 16
5 38
5 6
5 11
5 25
5 13
5 47
5 3
5 12
5 9
19
6 9
6 41
6 46
6 8
6 25
6 22
6 35
6 16
6 43
6 20
6 18
6 21
6 47
6 3
6 27
6 37
6 44
6 38
6 34
17
7 15
7 48
7 6
7 1
7 13
7 23
7 10
7 12
7 39
7 31
7 49
7 25
7 33
7 26
7 3
7 9
7 5
18
8 23
8 1
8 29
8 24
8 0
8 47
8 19
8 17
8 45
8 21
8 9
8 42
8 36
8 22
8 28
8 18
8 31
8 20
17
9 27
9 12
9 15
9 20
9 11
9 39
9 28
9 31
9 46
9 36
9 49
9 21
9 24
9 2
9 32
9 0
9 16
15
10 0
10 31
10 33
10 36
10 30
10 44
10 8
10 21
10 27
10 4
10 46
10 16
10 48
10 47
10 42
21
11 45
11 20
11 0
11 26
11 43
11 40
11 2
11 49
11 48
11 16
11 44
11 41
11 34
11 10
11 47
11 8
11 7
11 14
11 42
11 1
11 30
19
12 30
12 1
12 44
12 39
12 21
12 47
12 35
12 24
12 33
12 3
12 8
12 46
12 0
12 28
12 49
12 22
12 41
12 27
12 43
16
13 46
13 1
13 9
13 47
13 41
13 2
13 10
13 49
13 40
13 23
13 16
13 36
13 14
13 35
13 37
13 8
29
14 37
14 33
14 48
14 7
14 21
14 24
14 41
14 30
14 1
14 29
14 36
14 23
14 9
14 27
14 5
14 10
14 16
14 20
14 49
14 34
14 17
14 3
14 32
14 0
14 47
14 8
14 18
14 42
14 22
15
15 11
15 12
15 37
15 34
15 41
15 45
15 49
15 17
15 13
15 29
15 35
15 20
15 40
15 16
15 21
16
16 20
16 8
16 46
16 23
16 1
16 41
16 7
16 48
16 17
16 4
16 27
16 19
16 33
16 47
16 32
16 24
19
17 1
17 39
17 47
17 46
17 41
17 22
17 10
17 20
17 9
17 33
17 49
17 2
17 24
17 11
17 32
17 7
17 12
17 5
17 25
19
18 40
18 10
18 1
18 44
18 3
18 5
18 28
18 22
18 39
18 31
18 7
18 9
18 20
18 32
18 47
18 21
18 12
18 11
18 24
22
19 34
19 26
19 22
19 40
19 48
19 11
19 7
19 20
19 39
19 17
19 44
19 6
19 36
19 35
19 14
19 30
19 4
19 25
19 9
19 49
19 42
19 0
19
20 49
20 31
20 38
20 24
20 10
20 41
20 36
20 12
20 30
20 7
20 4
20 28
20 1
20 3
20 13
20 33
20 45
20 22
20 0
16
21 47
21 40
21 7
21 35
21 46
21 48
21 22
21 41
21 13
21 5
21 4
21 3
21 39
21 28
21 38
21 17
20
22 47
22 45
22 7
22 36
22 10
22 37
22 11
22 48
22 35
22 2
22 9
22 40
22 31
22 15
22 34
22 16
22 43
22 13
22 4
22 28
16
23 36
23 32
23 27
23 20
23 44
23 28
23 39
23 35
23 42
23 37
23 18
23 11
23 43
23 46
23 9
23 26
19
24 25
24 15
24 44
24 35
24 27
24 10
24 31
24 37
24 46
24 34
24 13
24 39
24 22
24 6
24 40
24 47
24 1
24 4
24 7
24
25 47
25 41
25 12
25 15
25 28
25 4
25 35
25 22
25 21
25 16
25 32
25 49
25 8
25 26
25 18
25 44
25 10
25 3
25 40
25 9
25 23
25 37
25 0
25 13
25
26 9
26 20
26 3
26 16
26 37
26 10
26 5
26 42
26 30
26 8
26 27
26 4
26 46
26 41
26 13
26 15
26 14
26 43
26 6
26 18
26 45
26 24
26 12
26 17
26 1
16
27 18
27 7
27 11
27 37
27 49
27 1
27 44
27 4
27 43
27 40
27 8
27 39
27 38
27 20
27 45
27 15
16
28 43
28 15
28 6
28 11
28 27
28 48
28 0
28 24
28 45
28 3
28 34
28 16
28 19
28 4
28 17
28 32
24
29 17
29 34
29 37
29 22
29 42
29 10
29 49
29 12
29 0
29 28
29 23
29 5
29 44
29 13
29 20
29 1
29 18
29 41
29 7
29 2
29 30
29 36
29 32
29 21
14
30 25
30 42
30 45
30 9
30 1
30 31
30 18
30 15
30 38
30 4
30 21
30 13
30 7
30 16
22
31 39
31 17
31 33
31 1
31 35
31 40
31 43
31 16
31 44
31 48
31 45
31 2
31 4
31 25
31 0
31 49
31 19
31 26
31 15
31 14
31 29
31 37
20
32 33
32 10
32 11
32 12
32 21
32 6
32 7
32 26
32 46
32 20
32 43
32 8
32 48
32 34
32 22
32 38
32 49
32 30
32 0
32 41
21
33 11
33 48
33 5
33 18
33 47
33 19
33 25
33 28
33 6
33 43
33 9
33 4
33 0
33 37
33 29
33 44
33 23
33 22
33 24
33 3
33 13
19
34 18
34 30
34 3
34 33
34 10
34 9
34 17
34 12
34 35
34 21
34 16
34 37
34 7
34 43
34 45
34 23
34 0
34 49
34 39
23
35 14
35 49
35 40
35 29
35 7
35 17
35 16
35 2
35 37
35 39
35 41
35 9
35 47
35 32
35 10
35 5
35 8
35 27
35 18
35 26
35 38
35 1
35 0
18
36 21
36 30
36 4
36 6
36 16
36 38
36 34
36 33
36 35
36 15
36 43
36 2
36 18
36 24
36 7
36 1
36 28
36 17
20
37 43
37 10
37 28
37 12
37 32
37 38
37 4
37 2
37 36
37 7
37 17
37 3
37 21
37 41
37 18
37 9
37 19
37 5
37 11
37 49
25
38 9
38 18
38 23
38 11
38 7
38 16
38 22
38 14
38 25
38 26
38 12
38 45
38 13
38 46
38 34
38 48
38 31
38 33
38 29
38 24
38 10
38 15
38 8
38 44
38 0
17
39 25
39 5
39 20
39 38
39 13
39 30
39 43
39 10
39 8
39 6
39 40
39 22
39 26
39 3
39 29
39 37
39 33
19
40 30
40 26
40 14
40 4
40 10
40 43
40 0
40 8
40 38
40 6
40 29
40 2
40 42
40 36
40 5
40 17
40 7
40 32
40 3
23
41 34
41 3
41 36
41 39
41 43
41 40
41 28
41 22
41 19
41 8
41 5
41 45
41 30
41 48
41 18
41 33
41 1
41 47
41 44
41 7
41 27
41 10
41 31
24
42 27
42 17
42 48
42 35
42 33
42 7
42 21
42 4
42 15
42 39
42 22
42 12
42 20
42 46
42 41
42 31
42 37
42 24
42 18
42 34
42 36
42 28
42 38
42 49
18
43 15
43 35
43 10
43 21
43 1
43 13
43 38
43 30
43 5
43 25
43 18
43 29
43 24
43 47
43 9
43 42
43 2
43 17
21
44 8
44 48
44 40
44 21
44 39
44 0
44 3
44 36
44 7
44 28
44 5
44 16
44 30
44 32
44 47
44 2
44 4
44 22
44 13
44 37
44 17
25
45 6
45 40
45 29
45 14
45 17
45 25
45 49
45 24
45 18
45 32
45 48
45 12
45 37
45 39
45 23
45 44
45 0
45 35
45 5
45 42
45 43
45 9
45 33
45 19
45 16
21
46 34
46 11
46 2
46 43
46 49
46 47
46 20
46 33
46 48
46 7
46 28
46 39
46 41
46 37
46 30
46 40
46 27
46 29
46 14
46 1
46 31
20
47 19
47 39
47 26
47 2
47 48
47 31
47 28
47 36
47 0
47 45
47 4
47 29
47 1
47 32
47 20
47 15
47 7
47 37
47 34
47 9
18
48 18
48 30
48 23
48 9
48 26
48 40
48 6
48 35
48 8
48 20
48 13
48 43
48 15
48 37
48 24
48 29
48 25
48 27
16
49 5
49 2
49 22
49 40
49 48
49 10
49 18
49 6
49 36
49 21
49 33
49 3
49 8
49 30
49 38
49 39
