50
0 "A27"
1 "A49"
2 "A46"
3 "A26"
4 "A19"
5 "A39"
6 "A8"
7 "A37"
8 "A24"
9 "A6"
10 "A29"
11 "A18"
12 "A35"
13 "A40"
14 "A42"
15 "A21"
16 "A16"
17 "A5"
18 "A7"
19 "A38"
20 "A22"
21 "A45"
22 "A31"
23 "A25"
24 "A3"
25 "A17"
26 "A32"
27 "A47"
28 "A20"
29 "A30"
30 "A2"
31 "A41"
32 "A33"
33 "A48"
34 "A13"
35 "A0"
36 "A43"
37 "A10"
38 "A11"
39 "A1"
40 "A23"
41 "A14"
42 "A12"
43 "A4"
44 "A9"
45 "A44"
46 "A34"
47 "A28"
48 "A15"
49 "A36"
24
0 14
0 17
0 28
0 25
0 39
0 38
0 20
0 49
0 23
0 10
0 24
0 33
0 21
0 35
0 36
0 7
0 37
0 29
0 42
0 46
0 26
0 19
0 3
0 13
14
1 16
1 31
1 37
1 13
1 0
1 15
1 6
1 24
1 29
1 27
1 28
1 23
1 47
1 22
23
2 29
2 12
2 35
2 18
2 27
2 8
2 10
2 7
2 41
2 1
2 15
2 32
2 22
2 25
2 43
2 23
2 0
2 44
2 28
2 5
2 20
2 9
2 33
15
3 7
3 29
3 21
3 48
3 6
3 1
3 39
3 8
3 27
3 25
3 26
3 44
3 40
3 47
3 10
23
4 2
4 30
4 47
4 37
4 26
4 3
4 16
4 7
4 38
4 9
4 23
4 6
4 10
4 27
4 0
4 41
4 40
4 21
4 20
4 49
4 11
4 42
4 5
22
5 34
5 26
5 47
5 15
5 11
5 48
5 25
5 29
5 37
5 18
5 13
5 36
5 28
5 8
5 3
5 40
5 20
5 27
5 24
5 35
5 17
5 21
20
6 49
6 43
6 9
6 19
6 0
6 17
6 2
6 48
6 47
6 20
6 15
6 35
6 32
6 42
6 46
6 39
6 25
6 12
6 8
6 40
18
7 27
7 6
7 35
7 38
7 15
7 37
7 1
7 32
7 30
7 33
7 18
7 29
7 44
7 20
7 28
7 5
7 25
7 23
15
8 7
8 44
8 11
8 45
8 49
8 27
8 4
8 15
8 22
8 46
8 20
8 19
8 38
8 36
8 47
17
9 48
9 33
9 11
9 37
9 7
9 34
9 26
9 8
9 1
9 43
9 23
9 30
9 39
9 18
9 5
9 3
9 0
16
10 11
10 47
10 38
10 27
10 7
10 24
10 23
10 20
10 42
10 5
10 43
10 6
10 40
10 18
10 21
10 48
19
11 24
11 35
11 14
11 1
11 36
11 26
11 3
11 6
11 38
11 17
11 18
11 31
11 0
11 2
11 13
11 42
11 49
11 43
11 20
16
12 20
12 7
12 1
12 3
12 33
12 24
12 9
12 8
12 40
12 44
12 29
12 36
12 14
12 28
12 47
12 45
18
13 32
13 47
13 3
13 8
13 37
13 39
13 45
13 18
13 49
13 42
13 27
13 9
13 43
13 7
13 10
13 12
13 2
13 41
27
14 22
14 32
14 13
14 34
14 24
14 30
14 15
14 48
14 16
14 25
14 2
14 46
14 4
14 40
14 3
14 45
14 42
14 5
14 49
14 41
14 1
14 6
14 36
14 10
14 20
14 21
14 19
24
15 22
15 11
15 37
15 10
15 26
15 42
15 19
15 46
15 27
15 47
15 3
15 39
15 28
15 12
15 21
15 29
15 17
15 9
15 49
15 0
15 35
15 13
15 40
15 18
21
16 32
16 8
16 26
16 12
16 0
16 36
16 29
16 25
16 30
16 21
16 10
16 2
16 35
16 27
16 7
16 6
16 15
16 9
16 11
16 22
16 5
16
17 12
17 20
17 44
17 37
17 31
17 16
17 2
17 21
17 1
17 33
17 8
17 38
17 23
17 25
17 4
17 9
23
18 45
18 16
18 12
18 44
18 46
18 39
18 23
18 30
18 3
18 26
18 31
18 35
18 22
18 0
18 8
18 28
18 14
18 47
18 6
18 40
18 17
18 20
18 29
18
19 11
19 41
19 10
19 46
19 36
19 3
19 16
19 39
19 7
19 43
19 31
19 12
19 20
19 13
19 26
19 2
19 4
19 35
19
20 9
20 16
20 49
20 41
20 37
20 23
20 45
20 24
20 28
20 27
20 33
20 13
20 3
20 26
20 42
20 35
20 1
20 25
20 46
18
21 8
21 43
21 19
21 39
21 2
21 23
21 32
21 11
21 7
21 48
21 33
21 24
21 46
21 12
21 27
21 9
21 1
21 34
21
22 5
22 7
22 4
22 13
22 12
22 0
22 28
22 36
22 6
22 47
22 25
22 31
22 17
22 35
22 38
22 48
22 33
22 29
22 20
22 10
22 11
19
23 3
23 14
23 15
23 36
23 19
23 29
23 12
23 16
23 8
23 28
23 11
23 46
23 44
23 32
23 6
23 31
23 43
23 13
23 22
19
24 40
24 4
24 6
24 36
24 38
24 25
24 9
24 35
24 23
24 13
24 17
24 30
24 19
24 29
24 48
24 22
24 46
24 3
24 44
17
25 45
25 30
25 21
25 4
25 32
25 12
25 36
25 13
25 40
25 43
25 19
25 15
25 47
25 35
25 9
25 33
25 23
20
26 36
26 17
26 44
26 7
26 29
26 24
26 35
26 10
26 32
26 48
26 41
26 39
26 25
26 46
26 23
26 31
26 33
26 14
26 2
26 47
15
27 45
27 36
27 0
27 24
27 23
27 28
27 26
27 12
27 31
27 22
27 6
27 18
27 11
27 9
27 19
18
28 19
28 24
28 48
28 30
28 38
28 45
28 34
28 9
28 8
28 16
28 13
28 21
28 41
28 6
28 43
28 26
28 3
28 4
17
29 47
29 11
29 17
29 25
29 4
29 31
29 6
29 21
29 36
29 8
29 28
29 27
29 49
29 44
29 13
29 9
29 33
25
30 23
30 22
30 43
30 39
30 17
30 6
30 48
30 42
30 2
30 40
30 5
30 15
30 21
30 38
30 27
30 11
30 20
30 12
30 13
30 32
30 8
30 35
30 29
30 36
30 10
24
31 42
31 14
31 46
31 10
31 21
31 34
31 41
31 4
31 3
31 44
31 47
31 49
31 36
31 0
31 16
31 13
31 45
31 9
31 25
31 33
31 43
31 39
31 48
31 24
23
32 27
32 29
32 20
32 31
32 44
32 10
32 12
32 41
32 48
32 38
32 24
32 33
32 11
32 1
32 19
32 9
32 0
32 4
32 5
32 37
32 47
32 39
32 8
14
33 28
33 24
33 47
33 4
33 23
33 13
33 10
33 38
33 1
33 3
33 6
33 48
33 27
33 44
25
34 17
34 32
34 22
34 27
34 45
34 49
34 23
34 12
34 33
34 1
34 38
34 29
34 19
34 15
34 0
34 42
34 20
34 40
34 7
34 2
34 48
34 26
34 44
34 24
34 3
14
35 44
35 14
35 12
35 23
35 39
35 42
35 40
35 3
35 33
35 4
35 21
35 31
35 8
35 17
21
36 41
36 35
36 43
36 10
36 4
36 46
36 28
36 45
36 2
36 38
36 18
36 1
36 6
36 47
36 17
36 7
36 48
36 49
36 15
36 3
36 34
21
37 10
37 49
37 21
37 28
37 26
37 8
37 34
37 23
37 18
37 2
37 12
37 6
37 33
37 41
37 19
37 38
37 44
37 27
37 48
37 31
37 29
17
38 6
38 18
38 14
38 46
38 27
38 35
38 20
38 47
38 1
38 29
38 41
38 21
38 45
38 26
38 5
38 2
38 31
24
39 14
39 37
39 1
39 41
39 17
39 4
39 49
39 24
39 2
39 23
39 29
39 36
39 16
39 22
39 11
39 10
39 8
39 27
39 20
39 45
39 5
39 34
39 12
39 25
18
40 17
40 31
40 37
40 0
40 21
40 13
40 38
40 36
40 32
40 11
40 26
40 29
40 39
40 2
40 9
40 41
40 33
40 16
24
41 25
41 6
41 15
41 12
41 10
41 16
41 35
41 18
41 1
41 24
41 21
41 8
41 9
41 43
41 27
41 29
41 17
41 34
41 3
41 0
41 11
41 22
41 45
41 30
24
42 12
42 49
42 25
42 26
42 22
42 48
42 43
42 7
42 16
42 21
42 9
42 27
42 18
42 5
42 38
42 3
42 24
42 46
42 44
42 36
42 1
42 39
42 28
42 17
18
43 16
43 14
43 22
43 49
43 39
43 7
43 46
43 12
43 27
43 15
43 37
43 5
43 1
43 4
43 33
43 3
43 44
43 40
20
44 39
44 6
44 36
44 1
44 4
44 25
44 16
44 0
44 11
44 30
44 15
44 41
44 40
44 38
44 48
44 19
44 27
44 20
44 10
44 46
23
45 11
45 29
45 21
45 0
45 30
45 6
45 3
45 32
45 40
45 4
45 43
45 24
45 47
45 15
45 35
45 37
45 10
45 17
45 22
45 7
45 1
45 5
45 23
17
46 17
46 1
46 39
46 2
46 25
46 30
46 49
46 37
46 11
46 7
46 3
46 45
46 28
46 32
46 33
46 40
46 5
17
47 11
47 39
47 44
47 42
47 46
47 43
47 35
47 40
47 21
47 24
47 14
47 9
47 37
47 27
47 30
47 28
47 23
19
48 16
48 39
48 23
48 35
48 13
48 25
48 0
48 7
48 1
48 49
48 15
48 12
48 19
48 27
48 47
48 45
48 43
48 46
48 4
20
49 27
49 10
49 24
49 35
49 47
49 26
49 7
49 9
49 16
49 5
49 18
49 38
49 41
49 32
49 3
49 2
49 1
49 25
49 19
49 17
