50
0 "A27"
1 "A49"
2 "A46"
3 "A26"
4 "A19"
5 "A39"
6 "A8"
7 "A37"
8 "A24"
9 "A6"
10 "A29"
11 "A18"
12 "A35"
13 "A40"
14 "A42"
15 "A21"
16 "A16"
17 "A5"
18 "A7"
19 "A38"
20 "A22"
21 "A45"
22 "A31"
23 "A25"
24 "A3"
25 "A17"
26 "A32"
27 "A47"
28 "A20"
29 "A30"
30 "A2"
31 "A41"
32 "A33"
33 "A48"
34 "A13"
35 "A0"
36 "A43"
37 "A10"
38 "A11"
39 "A1"
40 "A23"
41 "A14"
42 "A12"
43 "A4"
44 "A9"
45 "A44"
46 "A34"
47 "A28"
48 "A15"
49 "A36"
19
0 19
0 49
0 9
0 3
0 33
0 27
0 29
0 42
0 1
0 39
0 47
0 15
0 28
0 45
0 44
0 46
0 30
0 38
0 25
19
1 42
1 40
1 23
1 21
1 9
1 28
1 45
1 25
1 34
1 29
1 3
1 44
1 27
1 32
1 4
1 38
1 30
1 12
1 26
24
2 10
2 3
2 0
2 43
2 39
2 5
2 47
2 9
2 1
2 26
2 45
2 25
2 38
2 6
2 13
2 21
2 42
2 37
2 17
2 23
2 18
2 44
2 15
2 40
23
3 18
3 37
3 8
3 16
3 31
3 26
3 30
3 21
3 39
3 17
3 23
3 12
3 46
3 38
3 33
3 11
3 32
3 27
3 9
3 13
3 25
3 5
3 35
15
4 7
4 42
4 23
4 9
4 11
4 37
4 14
4 6
4 5
4 15
4 38
4 20
4 44
4 39
4 21
16
5 7
5 14
5 47
5 45
5 40
5 8
5 0
5 37
5 27
5 36
5 41
5 18
5 9
5 42
5 33
5 29
16
6 42
6 26
6 38
6 34
6 5
6 7
6 43
6 1
6 22
6 16
6 41
6 37
6 12
6 11
6 23
6 18
19
7 1
7 11
7 30
7 14
7 27
7 42
7 28
7 39
7 26
7 23
7 43
7 49
7 45
7 3
7 24
7 47
7 33
7 2
7 38
14
8 4
8 21
8 29
8 47
8 40
8 49
8 44
8 19
8 0
8 11
8 7
8 1
8 18
8 33
24
9 26
9 20
9 29
9 24
9 15
9 49
9 21
9 28
9 46
9 37
9 23
9 35
9 33
9 22
9 45
9 8
9 43
9 6
9 11
9 42
9 7
9 32
9 48
9 13
26
10 40
10 36
10 16
10 44
10 28
10 13
10 5
10 23
10 33
10 37
10 31
10 12
10 18
10 30
10 6
10 41
10 8
10 3
10 21
10 1
10 24
10 45
10 39
10 9
10 17
10 11
15
11 40
11 24
11 28
11 12
11 23
11 46
11 37
11 16
11 21
11 26
11 19
11 39
11 27
11 5
11 47
14
12 20
12 18
12 9
12 39
12 48
12 29
12 47
12 5
12 0
12 8
12 14
12 22
12 7
12 4
24
13 16
13 19
13 14
13 33
13 12
13 35
13 46
13 8
13 32
13 25
13 47
13 27
13 49
13 15
13 7
13 45
13 18
13 21
13 30
13 39
13 11
13 37
13 1
13 48
18
14 21
14 47
14 11
14 37
14 28
14 23
14 42
14 48
14 20
14 40
14 0
14 24
14 6
14 25
14 44
14 8
14 2
14 18
17
15 6
15 24
15 10
15 22
15 19
15 38
15 41
15 21
15 29
15 31
15 47
15 35
15 3
15 25
15 12
15 14
15 7
24
16 44
16 32
16 46
16 1
16 0
16 35
16 48
16 24
16 2
16 25
16 47
16 23
16 41
16 18
16 34
16 14
16 8
16 4
16 30
16 20
16 27
16 7
16 45
16 9
21
17 38
17 16
17 0
17 12
17 35
17 43
17 28
17 42
17 34
17 14
17 1
17 26
17 5
17 25
17 32
17 30
17 22
17 13
17 40
17 31
17 8
20
18 25
18 34
18 35
18 0
18 44
18 37
18 36
18 42
18 49
18 9
18 1
18 27
18 4
18 45
18 17
18 26
18 48
18 15
18 41
18 11
24
19 36
19 35
19 27
19 9
19 45
19 25
19 48
19 30
19 1
19 2
19 17
19 39
19 41
19 20
19 43
19 37
19 4
19 16
19 49
19 10
19 44
19 22
19 18
19 14
23
20 13
20 15
20 41
20 46
20 7
20 37
20 17
20 35
20 0
20 18
20 42
20 8
20 48
20 29
20 39
20 23
20 28
20 33
20 5
20 1
20 45
20 6
20 44
16
21 45
21 12
21 38
21 18
21 17
21 20
21 49
21 0
21 35
21 40
21 6
21 39
21 16
21 36
21 33
21 7
14
22 46
22 7
22 23
22 2
22 33
22 35
22 34
22 10
22 0
22 21
22 20
22 42
22 47
22 5
18
23 29
23 45
23 5
23 15
23 13
23 27
23 49
23 19
23 36
23 8
23 39
23 43
23 12
23 41
23 17
23 32
23 24
23 30
21
24 44
24 19
24 42
24 26
24 33
24 1
24 12
24 45
24 5
24 0
24 18
24 40
24 31
24 25
24 35
24 48
24 47
24 17
24 36
24 22
24 39
15
25 11
25 4
25 44
25 23
25 34
25 10
25 46
25 45
25 39
25 20
25 38
25 47
25 22
25 27
25 7
22
26 35
26 28
26 32
26 0
26 19
26 14
26 25
26 16
26 42
26 15
26 20
26 22
26 13
26 21
26 46
26 33
26 36
26 4
26 12
26 5
26 43
26 39
26
27 48
27 42
27 35
27 4
27 9
27 47
27 20
27 2
27 32
27 10
27 45
27 14
27 6
27 28
27 12
27 37
27 40
27 15
27 36
27 8
27 24
27 22
27 26
27 30
27 39
27 49
20
28 45
28 21
28 18
28 22
28 25
28 35
28 8
28 5
28 38
28 39
28 36
28 12
28 23
28 32
28 4
28 16
28 46
28 6
28 24
28 15
23
29 28
29 21
29 45
29 19
29 47
29 39
29 46
29 43
29 25
29 27
29 26
29 7
29 33
29 44
29 32
29 2
29 49
29 31
29 22
29 24
29 13
29 34
29 3
15
30 5
30 15
30 36
30 24
30 48
30 2
30 25
30 22
30 37
30 42
30 21
30 40
30 45
30 28
30 33
20
31 0
31 9
31 11
31 4
31 25
31 14
31 19
31 12
31 6
31 26
31 13
31 16
31 7
31 22
31 36
31 18
31 27
31 39
31 44
31 21
17
32 45
32 30
32 4
32 6
32 43
32 44
32 49
32 34
32 10
32 41
32 11
32 7
32 31
32 18
32 22
32 12
32 21
20
33 2
33 6
33 36
33 15
33 17
33 40
33 41
33 25
33 11
33 27
33 43
33 44
33 19
33 23
33 12
33 18
33 32
33 39
33 34
33 48
18
34 5
34 4
34 3
34 37
34 0
34 19
34 26
34 20
34 46
34 7
34 35
34 48
34 28
34 12
34 21
34 14
34 15
34 11
19
35 36
35 4
35 23
35 14
35 11
35 43
35 8
35 49
35 37
35 0
35 48
35 32
35 2
35 10
35 42
35 5
35 7
35 29
35 1
22
36 16
36 11
36 38
36 9
36 8
36 46
36 14
36 15
36 25
36 13
36 32
36 42
36 6
36 37
36 2
36 22
36 4
36 0
36 41
36 7
36 12
36 1
18
37 29
37 25
37 23
37 47
37 48
37 21
37 44
37 33
37 22
37 0
37 32
37 15
37 46
37 8
37 24
37 41
37 7
37 38
24
38 20
38 14
38 9
38 48
38 8
38 5
38 39
38 44
38 29
38 41
38 13
38 43
38 18
38 42
38 24
38 31
38 10
38 23
38 34
38 32
38 33
38 26
38 27
38 30
14
39 1
39 5
39 18
39 48
39 46
39 30
39 6
39 22
39 34
39 36
39 37
39 35
39 8
39 15
24
40 0
40 20
40 4
40 12
40 7
40 47
40 38
40 45
40 15
40 18
40 43
40 36
40 32
40 16
40 13
40 3
40 25
40 31
40 19
40 37
40 6
40 49
40 29
40 26
25
41 1
41 42
41 21
41 24
41 39
41 4
41 27
41 46
41 30
41 44
41 25
41 43
41 35
41 45
41 17
41 11
41 26
41 13
41 2
41 7
41 34
41 0
41 9
41 29
41 28
16
42 40
42 8
42 23
42 47
42 28
42 16
42 34
42 46
42 48
42 11
42 32
42 21
42 37
42 15
42 29
42 10
21
43 21
43 37
43 5
43 15
43 20
43 28
43 45
43 30
43 22
43 10
43 16
43 18
43 1
43 4
43 0
43 11
43 39
43 25
43 8
43 27
43 14
23
44 40
44 15
44 49
44 39
44 42
44 26
44 12
44 47
44 5
44 7
44 21
44 23
44 13
44 6
44 22
44 30
44 43
44 35
44 27
44 11
44 17
44 34
44 36
17
45 4
45 12
45 48
45 49
45 42
45 22
45 34
45 33
45 38
45 14
45 8
45 39
45 15
45 3
45 26
45 11
45 31
17
46 8
46 47
46 44
46 32
46 43
46 17
46 38
46 33
46 31
46 4
46 24
46 6
46 19
46 23
46 10
46 1
46 7
17
47 32
47 28
47 21
47 43
47 30
47 9
47 33
47 10
47 23
47 45
47 38
47 36
47 31
47 3
47 6
47 26
47 41
22
48 26
48 5
48 21
48 11
48 40
48 6
48 15
48 8
48 29
48 25
48 4
48 32
48 43
48 31
48 22
48 1
48 17
48 7
48 28
48 47
48 41
48 44
21
49 4
49 10
49 3
49 37
49 22
49 20
49 41
49 42
49 46
49 31
49 38
49 6
49 15
49 11
49 30
49 25
49 1
49 12
49 2
49 14
49 43
