50
0 "A27"
1 "A49"
2 "A46"
3 "A26"
4 "A19"
5 "A39"
6 "A8"
7 "A37"
8 "A24"
9 "A6"
10 "A29"
11 "A18"
12 "A35"
13 "A40"
14 "A42"
15 "A21"
16 "A16"
17 "A5"
18 "A7"
19 "A38"
20 "A22"
21 "A45"
22 "A31"
23 "A25"
24 "A3"
25 "A17"
26 "A32"
27 "A47"
28 "A20"
29 "A30"
30 "A2"
31 "A41"
32 "A33"
33 "A48"
34 "A13"
35 "A0"
36 "A43"
37 "A10"
38 "A11"
39 "A1"
40 "A23"
41 "A14"
42 "A12"
43 "A4"
44 "A9"
45 "A44"
46 "A34"
47 "A28"
48 "A15"
49 "A36"
23
0 22
0 26
0 23
0 7
0 17
0 45
0 43
0 6
0 25
0 1
0 46
0 24
0 12
0 39
0 42
0 18
0 31
0 11
0 41
0 35
0 44
0 3
0 49
18
1 40
1 41
1 19
1 16
1 21
1 42
1 36
1 48
1 43
1 28
1 37
1 49
1 24
1 30
1 47
1 45
1 32
1 29
14
2 31
2 19
2 49
2 6
2 3
2 27
2 22
2 0
2 11
2 34
2 30
2 8
2 28
2 36
16
3 31
3 32
3 4
3 17
3 40
3 9
3 26
3 46
3 20
3 10
3 47
3 23
3 39
3 16
3 49
3 1
18
4 16
4 39
4 6
4 32
4 19
4 14
4 5
4 23
4 0
4 21
4 11
4 37
4 8
4 40
4 45
4 9
4 29
4 24
26
5 37
5 18
5 8
5 30
5 32
5 14
5 47
5 11
5 43
5 22
5 39
5 2
5 40
5 45
5 15
5 1
5 26
5 24
5 42
5 6
5 35
5 27
5 0
5 33
5 46
5 3
15
6 26
6 40
6 7
6 29
6 8
6 36
6 37
6 39
6 28
6 45
6 1
6 30
6 24
6 15
6 17
24
7 27
7 23
7 29
7 9
7 2
7 5
7 19
7 13
7 17
7 10
7 8
7 12
7 16
7 15
7 30
7 40
7 45
7 34
7 46
7 41
7 48
7 26
7 28
7 14
23
8 42
8 36
8 32
8 49
8 3
8 45
8 44
8 26
8 40
8 9
8 1
8 0
8 27
8 11
8 48
8 34
8 20
8 22
8 14
8 46
8 15
8 23
8 18
20
9 6
9 31
9 24
9 22
9 37
9 29
9 42
9 25
9 49
9 26
9 43
9 5
9 16
9 34
9 11
9 44
9 33
9 48
9 39
9 32
21
10 2
10 36
10 30
10 35
10 23
10 15
10 32
10 20
10 21
10 45
10 4
10 0
10 24
10 41
10 5
10 42
10 1
10 29
10 16
10 26
10 14
19
11 1
11 37
11 21
11 24
11 27
11 32
11 3
11 46
11 23
11 6
11 29
11 28
11 26
11 7
11 35
11 40
11 47
11 49
11 45
25
12 23
12 30
12 40
12 21
12 27
12 15
12 3
12 48
12 20
12 5
12 25
12 9
12 11
12 10
12 33
12 6
12 18
12 45
12 26
12 2
12 29
12 31
12 1
12 41
12 8
20
13 37
13 49
13 0
13 3
13 2
13 31
13 43
13 48
13 35
13 46
13 24
13 4
13 19
13 5
13 9
13 32
13 6
13 10
13 12
13 27
20
14 39
14 2
14 41
14 9
14 3
14 42
14 36
14 46
14 22
14 1
14 6
14 13
14 37
14 33
14 15
14 21
14 20
14 0
14 24
14 47
18
15 9
15 3
15 2
15 46
15 20
15 0
15 32
15 28
15 31
15 22
15 45
15 4
15 26
15 13
15 11
15 47
15 34
15 23
17
16 27
16 14
16 42
16 25
16 12
16 13
16 45
16 17
16 34
16 5
16 48
16 11
16 15
16 8
16 19
16 33
16 6
21
17 4
17 34
17 43
17 21
17 24
17 10
17 2
17 45
17 37
17 27
17 19
17 42
17 22
17 13
17 15
17 1
17 31
17 32
17 39
17 8
17 41
22
18 6
18 19
18 16
18 36
18 37
18 9
18 31
18 33
18 26
18 21
18 14
18 40
18 25
18 1
18 45
18 48
18 10
18 3
18 47
18 38
18 17
18 4
18
19 25
19 10
19 0
19 33
19 42
19 44
19 11
19 37
19 48
19 30
19 3
19 34
19 36
19 45
19 12
19 28
19 9
19 14
20
20 13
20 30
20 33
20 11
20 4
20 7
20 22
20 45
20 23
20 0
20 5
20 27
20 48
20 21
20 17
20 1
20 39
20 29
20 2
20 6
19
21 24
21 36
21 7
21 16
21 41
21 40
21 31
21 32
21 9
21 0
21 13
21 19
21 3
21 22
21 2
21 48
21 42
21 35
21 6
12
22 4
22 32
22 35
22 18
22 16
22 28
22 38
22 6
22 13
22 10
22 19
22 41
19
23 14
23 42
23 19
23 32
23 47
23 18
23 28
23 43
23 22
23 31
23 40
23 5
23 34
23 44
23 13
23 6
23 16
23 21
23 9
20
24 49
24 33
24 8
24 39
24 18
24 2
24 43
24 22
24 12
24 31
24 19
24 48
24 47
24 28
24 20
24 7
24 25
24 27
24 23
24 16
20
25 21
25 27
25 28
25 17
25 49
25 26
25 4
25 20
25 22
25 5
25 14
25 2
25 10
25 31
25 23
25 42
25 13
25 1
25 7
25 45
24
26 21
26 16
26 2
26 44
26 41
26 13
26 1
26 32
26 4
26 40
26 23
26 35
26 39
26 38
26 14
26 17
26 47
26 49
26 24
26 42
26 19
26 22
26 34
26 20
19
27 3
27 19
27 1
27 0
27 32
27 40
27 23
27 43
27 31
27 47
27 26
27 9
27 28
27 41
27 14
27 38
27 10
27 33
27 44
20
28 18
28 32
28 29
28 48
28 30
28 17
28 21
28 47
28 13
28 8
28 26
28 43
28 46
28 16
28 3
28 41
28 35
28 14
28 20
28 34
23
29 35
29 19
29 41
29 49
29 38
29 18
29 0
29 2
29 15
29 40
29 3
29 27
29 14
29 13
29 26
29 24
29 47
29 32
29 33
29 16
29 25
29 5
29 17
21
30 22
30 36
30 16
30 4
30 41
30 40
30 18
30 24
30 32
30 29
30 15
30 0
30 42
30 38
30 3
30 27
30 14
30 21
30 49
30 26
30 39
18
31 34
31 30
31 26
31 1
31 5
31 46
31 45
31 36
31 35
31 37
31 20
31 7
31 29
31 6
31 32
31 8
31 19
31 4
16
32 0
32 37
32 49
32 2
32 18
32 19
32 40
32 20
32 7
32 12
32 16
32 6
32 39
32 46
32 25
32 44
19
33 41
33 15
33 42
33 10
33 43
33 47
33 0
33 6
33 44
33 49
33 8
33 40
33 2
33 11
33 26
33 22
33 1
33 31
33 23
17
34 35
34 6
34 32
34 13
34 38
34 30
34 21
34 11
34 43
34 14
34 39
34 45
34 0
34 10
34 49
34 33
34 18
20
35 14
35 30
35 24
35 15
35 6
35 23
35 7
35 25
35 17
35 27
35 1
35 2
35 18
35 16
35 19
35 8
35 4
35 3
35 46
35 42
24
36 12
36 42
36 9
36 35
36 27
36 20
36 5
36 15
36 23
36 26
36 48
36 22
36 13
36 11
36 3
36 24
36 33
36 0
36 7
36 43
36 49
36 16
36 37
36 29
22
37 29
37 38
37 12
37 26
37 39
37 8
37 7
37 25
37 34
37 35
37 23
37 0
37 22
37 33
37 10
37 15
37 2
37 20
37 47
37 24
37 30
37 3
22
38 33
38 49
38 11
38 9
38 2
38 31
38 42
38 4
38 45
38 6
38 1
38 46
38 0
38 3
38 10
38 19
38 12
38 32
38 17
38 25
38 15
38 48
19
39 12
39 44
39 10
39 27
39 49
39 29
39 40
39 28
39 45
39 36
39 1
39 31
39 19
39 38
39 15
39 7
39 22
39 46
39 21
19
40 0
40 22
40 36
40 49
40 9
40 35
40 14
40 34
40 38
40 20
40 31
40 37
40 44
40 17
40 25
40 10
40 2
40 45
40 19
17
41 40
41 19
41 25
41 43
41 35
41 18
41 45
41 3
41 39
41 4
41 9
41 20
41 42
41 5
41 36
41 6
41 13
15
42 2
42 13
42 15
42 4
42 6
42 27
42 32
42 29
42 44
42 48
42 12
42 40
42 39
42 7
42 28
19
43 29
43 22
43 7
43 21
43 2
43 31
43 37
43 39
43 3
43 15
43 49
43 26
43 6
43 11
43 38
43 48
43 20
43 35
43 16
22
44 18
44 25
44 31
44 21
44 17
44 20
44 4
44 34
44 12
44 22
44 24
44 30
44 15
44 47
44 14
44 38
44 36
44 28
44 11
44 2
44 43
44 3
13
45 29
45 28
45 27
45 33
45 44
45 21
45 35
45 36
45 23
45 13
45 42
45 37
45 24
21
46 29
46 49
46 36
46 18
46 6
46 19
46 40
46 10
46 34
46 25
46 17
46 23
46 1
46 44
46 24
46 37
46 9
46 42
46 45
46 41
46 30
21
47 21
47 38
47 2
47 20
47 25
47 35
47 7
47 10
47 40
47 42
47 45
47 4
47 22
47 0
47 30
47 49
47 6
47 43
47 31
47 46
47 36
23
48 15
48 26
48 35
48 17
48 3
48 4
48 23
48 25
48 22
48 39
48 33
48 41
48 5
48 49
48 6
48 27
48 10
48 47
48 40
48 29
48 32
48 14
48 34
18
49 22
49 12
49 19
49 18
49 37
49 35
49 15
49 14
49 41
49 16
49 20
49 42
49 23
49 6
49 45
49 7
49 44
49 10
