50
0 "A27"
1 "A49"
2 "A46"
3 "A26"
4 "A19"
5 "A39"
6 "A8"
7 "A37"
8 "A24"
9 "A6"
10 "A29"
11 "A18"
12 "A35"
13 "A40"
14 "A42"
15 "A21"
16 "A16"
17 "A5"
18 "A7"
19 "A38"
20 "A22"
21 "A45"
22 "A31"
23 "A25"
24 "A3"
25 "A17"
26 "A32"
27 "A47"
28 "A20"
29 "A30"
30 "A2"
31 "A41"
32 "A33"
33 "A48"
34 "A13"
35 "A0"
36 "A43"
37 "A10"
38 "A11"
39 "A1"
40 "A23"
41 "A14"
42 "A12"
43 "A4"
44 "A9"
45 "A44"
46 "A34"
47 "A28"
48 "A15"
49 "A36"
18
0 4
0 41
0 40
0 31
0 49
0 47
0 22
0 25
0 16
0 35
0 28
0 46
0 1
0 10
0 11
0 33
0 37
0 18
22
1 6
1 48
1 36
1 43
1 20
1 26
1 16
1 15
1 31
1 42
1 18
1 13
1 8
1 33
1 44
1 37
1 49
1 35
1 39
1 29
1 2
1 7
16
2 15
2 45
2 38
2 30
2 26
2 4
2 10
2 28
2 17
2 0
2 32
2 25
2 27
2 14
2 11
2 43
24
3 29
3 11
3 17
3 18
3 9
3 10
3 19
3 49
3 15
3 32
3 36
3 34
3 45
3 4
3 35
3 1
3 8
3 25
3 31
3 2
3 33
3 39
3 26
3 47
19
4 14
4 45
4 41
4 17
4 18
4 22
4 49
4 13
4 48
4 28
4 29
4 1
4 39
4 40
4 43
4 19
4 36
4 31
4 6
28
5 3
5 16
5 33
5 49
5 47
5 19
5 4
5 6
5 13
5 23
5 32
5 26
5 9
5 0
5 2
5 25
5 28
5 31
5 45
5 37
5 48
5 18
5 21
5 35
5 17
5 10
5 1
5 7
26
6 28
6 35
6 25
6 41
6 45
6 46
6 13
6 27
6 43
6 29
6 8
6 14
6 26
6 0
6 12
6 16
6 7
6 19
6 2
6 37
6 36
6 10
6 11
6 34
6 22
6 30
18
7 41
7 30
7 14
7 9
7 16
7 45
7 26
7 44
7 39
7 24
7 40
7 20
7 37
7 0
7 4
7 15
7 42
7 38
24
8 47
8 9
8 15
8 39
8 19
8 31
8 27
8 12
8 46
8 48
8 49
8 37
8 4
8 16
8 25
8 42
8 2
8 7
8 20
8 14
8 21
8 0
8 40
8 28
15
9 6
9 29
9 40
9 0
9 1
9 46
9 17
9 41
9 39
9 21
9 23
9 18
9 30
9 19
9 12
17
10 21
10 47
10 36
10 32
10 13
10 22
10 24
10 27
10 15
10 11
10 19
10 8
10 46
10 1
10 4
10 44
10 9
18
11 39
11 7
11 38
11 30
11 16
11 8
11 1
11 29
11 19
11 12
11 20
11 5
11 37
11 17
11 13
11 43
11 28
11 4
21
12 4
12 28
12 30
12 38
12 48
12 18
12 44
12 26
12 33
12 5
12 34
12 32
12 35
12 24
12 22
12 10
12 1
12 14
12 17
12 7
12 43
20
13 33
13 32
13 2
13 3
13 0
13 17
13 44
13 38
13 21
13 29
13 27
13 45
13 9
13 7
13 19
13 46
13 43
13 37
13 47
13 12
21
14 20
14 15
14 24
14 47
14 10
14 17
14 28
14 25
14 37
14 30
14 39
14 16
14 13
14 5
14 1
14 21
14 43
14 9
14 19
14 42
14 26
18
15 35
15 20
15 34
15 0
15 28
15 21
15 41
15 5
15 30
15 9
15 16
15 19
15 22
15 11
15 32
15 6
15 31
15 29
14
16 38
16 36
16 47
16 17
16 12
16 35
16 4
16 30
16 25
16 26
16 10
16 24
16 48
16 27
15
17 23
17 35
17 0
17 7
17 28
17 15
17 20
17 47
17 10
17 26
17 34
17 45
17 36
17 30
17 41
18
18 27
18 49
18 8
18 2
18 23
18 11
18 14
18 31
18 48
18 10
18 45
18 28
18 6
18 35
18 30
18 36
18 47
18 24
19
19 0
19 1
19 7
19 31
19 32
19 39
19 43
19 36
19 47
19 46
19 41
19 48
19 17
19 44
19 49
19 29
19 26
19 23
19 45
19
20 49
20 28
20 34
20 40
20 2
20 43
20 18
20 6
20 27
20 46
20 31
20 5
20 0
20 10
20 26
20 12
20 9
20 30
20 45
24
21 12
21 24
21 19
21 30
21 11
21 1
21 23
21 28
21 27
21 20
21 16
21 6
21 48
21 35
21 2
21 4
21 0
21 25
21 42
21 3
21 45
21 26
21 39
21 17
21
22 41
22 5
22 39
22 40
22 47
22 27
22 13
22 14
22 21
22 20
22 32
22 8
22 34
22 33
22 45
22 36
22 48
22 19
22 16
22 30
22 24
19
23 25
23 12
23 46
23 14
23 22
23 7
23 10
23 48
23 42
23 1
23 40
23 13
23 31
23 36
23 44
23 2
23 39
23 41
23 37
20
24 8
24 4
24 9
24 13
24 32
24 15
24 2
24 43
24 29
24 6
24 17
24 11
24 49
24 1
24 46
24 38
24 5
24 33
24 20
24 37
18
25 9
25 47
25 22
25 10
25 1
25 37
25 43
25 13
25 20
25 42
25 17
25 32
25 34
25 39
25 4
25 19
25 15
25 41
20
26 47
26 48
26 38
26 15
26 30
26 31
26 18
26 11
26 10
26 27
26 22
26 23
26 34
26 40
26 33
26 4
26 25
26 13
26 45
26 36
24
27 9
27 45
27 5
27 3
27 31
27 42
27 17
27 40
27 48
27 23
27 29
27 32
27 11
27 49
27 44
27 14
27 12
27 1
27 25
27 36
27 0
27 4
27 46
27 19
17
28 45
28 29
28 9
28 43
28 10
28 44
28 36
28 41
28 26
28 23
28 13
28 22
28 7
28 35
28 3
28 19
28 25
24
29 17
29 40
29 21
29 46
29 14
29 36
29 5
29 47
29 25
29 16
29 18
29 37
29 35
29 0
29 26
29 30
29 2
29 10
29 23
29 7
29 48
29 8
29 20
29 22
17
30 40
30 0
30 48
30 27
30 28
30 42
30 4
30 37
30 24
30 43
30 10
30 41
30 3
30 8
30 5
30 13
30 36
22
31 21
31 11
31 36
31 2
31 9
31 30
31 29
31 25
31 49
31 48
31 28
31 42
31 35
31 13
31 14
31 16
31 43
31 10
31 24
31 33
31 12
31 40
22
32 16
32 30
32 20
32 40
32 17
32 21
32 0
32 43
32 23
32 31
32 37
32 29
32 1
32 9
32 7
32 4
32 49
32 34
32 35
32 6
32 18
32 46
15
33 20
33 23
33 47
33 27
33 40
33 25
33 46
33 2
33 7
33 8
33 15
33 14
33 4
33 39
33 44
24
34 33
34 1
34 14
34 0
34 19
34 16
34 28
34 27
34 29
34 10
34 9
34 44
34 23
34 42
34 2
34 21
34 7
34 18
34 5
34 38
34 11
34 46
34 40
34 13
24
35 43
35 36
35 2
35 22
35 48
35 42
35 39
35 33
35 7
35 46
35 40
35 4
35 47
35 13
35 9
35 11
35 8
35 30
35 24
35 25
35 34
35 19
35 38
35 26
19
36 24
36 25
36 0
36 45
36 12
36 2
36 40
36 5
36 33
36 8
36 9
36 32
36 38
36 11
36 48
36 7
36 46
36 15
36 21
22
37 2
37 31
37 44
37 49
37 4
37 10
37 19
37 38
37 39
37 12
37 22
37 21
37 20
37 35
37 27
37 47
37 42
37 34
37 41
37 3
37 28
37 15
20
38 1
38 33
38 21
38 6
38 46
38 17
38 0
38 18
38 22
38 10
38 9
38 45
38 25
38 27
38 5
38 30
38 14
38 48
38 19
38 8
18
39 24
39 20
39 27
39 41
39 31
39 2
39 30
39 43
39 0
39 15
39 6
39 29
39 34
39 16
39 44
39 40
39 5
39 13
17
40 18
40 48
40 6
40 1
40 15
40 3
40 14
40 19
40 2
40 42
40 25
40 37
40 28
40 46
40 24
40 17
40 47
19
41 48
41 42
41 10
41 44
41 36
41 43
41 12
41 26
41 11
41 32
41 31
41 20
41 47
41 1
41 5
41 14
41 33
41 34
41 24
18
42 10
42 13
42 2
42 48
42 9
42 5
42 38
42 3
42 11
42 36
42 4
42 19
42 26
42 0
42 16
42 22
42 12
42 33
17
43 15
43 44
43 23
43 38
43 33
43 3
43 21
43 27
43 10
43 40
43 29
43 36
43 34
43 26
43 42
43 16
43 7
18
44 38
44 29
44 42
44 25
44 11
44 36
44 3
44 31
44 24
44 0
44 49
44 40
44 5
44 18
44 48
44 21
44 8
44 9
15
45 47
45 12
45 14
45 41
45 29
45 44
45 15
45 24
45 43
45 35
45 37
45 11
45 30
45 32
45 0
18
46 43
46 12
46 2
46 48
46 45
46 28
46 21
46 22
46 11
46 30
46 44
46 41
46 47
46 37
46 1
46 18
46 31
46 25
17
47 11
47 2
47 27
47 28
47 39
47 43
47 31
47 21
47 1
47 34
47 32
47 48
47 38
47 30
47 24
47 4
47 6
16
48 6
48 43
48 25
48 32
48 3
48 7
48 20
48 49
48 17
48 24
48 28
48 13
48 10
48 34
48 11
48 2
25
49 39
49 21
49 9
49 38
49 11
49 42
49 29
49 23
49 43
49 6
49 30
49 16
49 36
49 22
49 12
49 41
49 7
49 34
49 33
49 26
49 47
49 45
49 13
49 10
49 40
