50
0 "A27"
1 "A49"
2 "A46"
3 "A26"
4 "A19"
5 "A39"
6 "A8"
7 "A37"
8 "A24"
9 "A6"
10 "A29"
11 "A18"
12 "A35"
13 "A40"
14 "A42"
15 "A21"
16 "A16"
17 "A5"
18 "A7"
19 "A38"
20 "A22"
21 "A45"
22 "A31"
23 "A25"
24 "A3"
25 "A17"
26 "A32"
27 "A47"
28 "A20"
29 "A30"
30 "A2"
31 "A41"
32 "A33"
33 "A48"
34 "A13"
35 "A0"
36 "A43"
37 "A10"
38 "A11"
39 "A1"
40 "A23"
41 "A14"
42 "A12"
43 "A4"
44 "A9"
45 "A44"
46 "A34"
47 "A28"
48 "A15"
49 "A36"
17
0 24
0 32
0 9
0 8
0 39
0 7
0 40
0 29
0 33
0 23
0 49
0 30
0 26
0 38
0 11
0 3
0 28
14
1 36
1 23
1 14
1 28
1 6
1 3
1 16
1 26
1 4
1 22
1 27
1 15
1 49
1 8
20
2 28
2 6
2 7
2 15
2 8
2 12
2 18
2 44
2 20
2 34
2 49
2 30
2 1
2 42
2 23
2 45
2 13
2 27
2 36
2 38
20
3 29
3 43
3 45
3 15
3 12
3 30
3 41
3 34
3 18
3 21
3 47
3 39
3 49
3 40
3 27
3 7
3 19
3 10
3 25
3 37
21
4 2
4 40
4 44
4 42
4 36
4 10
4 9
4 45
4 7
4 48
4 35
4 28
4 12
4 25
4 20
4 23
4 26
4 8
4 18
4 24
4 32
27
5 29
5 34
5 17
5 42
5 43
5 11
5 37
5 32
5 1
5 39
5 48
5 46
5 4
5 10
5 20
5 21
5 6
5 8
5 3
5 41
5 9
5 0
5 38
5 36
5 16
5 2
5 49
19
6 9
6 15
6 23
6 26
6 3
6 47
6 49
6 20
6 29
6 24
6 46
6 40
6 10
6 44
6 0
6 14
6 13
6 16
6 17
19
7 14
7 16
7 40
7 31
7 27
7 13
7 19
7 43
7 48
7 9
7 30
7 39
7 15
7 5
7 26
7 12
7 42
7 17
7 6
15
8 27
8 29
8 20
8 6
8 13
8 3
8 24
8 9
8 17
8 25
8 40
8 41
8 22
8 18
8 21
21
9 3
9 33
9 11
9 14
9 39
9 30
9 26
9 27
9 32
9 2
9 41
9 34
9 40
9 1
9 44
9 29
9 15
9 31
9 46
9 37
9 20
22
10 11
10 49
10 15
10 19
10 39
10 40
10 38
10 0
10 2
10 48
10 9
10 32
10 26
10 42
10 7
10 12
10 29
10 27
10 31
10 20
10 28
10 25
20
11 36
11 42
11 16
11 2
11 13
11 44
11 18
11 27
11 30
11 4
11 7
11 39
11 17
11 41
11 49
11 40
11 38
11 3
11 8
11 43
16
12 5
12 42
12 19
12 41
12 31
12 35
12 6
12 47
12 14
12 28
12 33
12 1
12 44
12 39
12 24
12 26
22
13 30
13 17
13 25
13 22
13 49
13 15
13 41
13 33
13 14
13 38
13 27
13 5
13 46
13 36
13 26
13 21
13 37
13 12
13 16
13 34
13 1
13 0
19
14 10
14 27
14 35
14 17
14 39
14 11
14 25
14 33
14 36
14 3
14 38
14 5
14 44
14 2
14 49
14 4
14 40
14 8
14 22
18
15 24
15 34
15 4
15 42
15 12
15 33
15 32
15 44
15 46
15 8
15 11
15 0
15 18
15 20
15 19
15 17
15 48
15 35
17
16 48
16 12
16 39
16 23
16 32
16 2
16 9
16 45
16 4
16 14
16 33
16 43
16 30
16 27
16 35
16 40
16 31
20
17 28
17 36
17 1
17 40
17 21
17 22
17 16
17 35
17 3
17 45
17 0
17 4
17 26
17 49
17 30
17 23
17 10
17 24
17 39
17 47
24
18 7
18 28
18 42
18 33
18 22
18 10
18 16
18 44
18 39
18 32
18 1
18 14
18 12
18 36
18 46
18 5
18 9
18 49
18 31
18 6
18 34
18 40
18 0
18 13
14
19 1
19 44
19 6
19 17
19 14
19 4
19 47
19 30
19 21
19 27
19 48
19 29
19 39
19 46
20
20 1
20 23
20 7
20 38
20 21
20 36
20 13
20 28
20 31
20 22
20 29
20 45
20 0
20 25
20 32
20 43
20 34
20 19
20 14
20 18
29
21 12
21 14
21 35
21 31
21 47
21 4
21 27
21 1
21 44
21 0
21 29
21 18
21 11
21 33
21 49
21 36
21 28
21 42
21 10
21 45
21 9
21 41
21 38
21 24
21 2
21 32
21 15
21 48
21 16
17
22 11
22 27
22 5
22 40
22 34
22 33
22 9
22 28
22 25
22 48
22 36
22 29
22 21
22 12
22 19
22 4
22 16
25
23 35
23 45
23 13
23 15
23 5
23 39
23 43
23 7
23 41
23 30
23 19
23 8
23 3
23 29
23 47
23 22
23 28
23 25
23 14
23 27
23 21
23 10
23 18
23 9
23 44
18
24 45
24 3
24 5
24 49
24 9
24 36
24 31
24 23
24 39
24 1
24 38
24 11
24 22
24 19
24 46
24 26
24 16
24 41
18
25 29
25 1
25 33
25 46
25 45
25 11
25 38
25 15
25 40
25 19
25 37
25 24
25 44
25 9
25 49
25 21
25 7
25 16
21
26 37
26 29
26 19
26 40
26 27
26 23
26 32
26 45
26 5
26 3
26 36
26 34
26 44
26 49
26 38
26 47
26 15
26 42
26 20
26 22
26 30
17
27 4
27 6
27 31
27 32
27 45
27 24
27 49
27 44
27 34
27 25
27 42
27 5
27 18
27 12
27 48
27 17
27 15
19
28 19
28 9
28 14
28 5
28 49
28 35
28 7
28 42
28 37
28 3
28 13
28 32
28 26
28 38
28 24
28 44
28 40
28 16
28 48
17
29 34
29 18
29 39
29 42
29 49
29 14
29 2
29 38
29 11
29 31
29 40
29 28
29 33
29 12
29 44
29 16
29 17
15
30 46
30 40
30 29
30 27
30 4
30 22
30 8
30 12
30 28
30 49
30 14
30 42
30 21
30 33
30 34
19
31 25
31 35
31 19
31 44
31 22
31 0
31 26
31 23
31 14
31 2
31 30
31 48
31 32
31 13
31 15
31 4
31 47
31 8
31 17
19
32 49
32 14
32 11
32 24
32 2
32 29
32 8
32 36
32 13
32 30
32 3
32 17
32 39
32 43
32 44
32 22
32 1
32 12
32 7
18
33 24
33 2
33 6
33 45
33 34
33 23
33 36
33 47
33 39
33 28
33 10
33 17
33 27
33 31
33 20
33 19
33 11
33 32
16
34 14
34 7
34 19
34 49
34 45
34 1
34 38
34 21
34 23
34 35
34 8
34 16
34 24
34 12
34 10
34 25
22
35 9
35 25
35 1
35 18
35 38
35 20
35 3
35 27
35 36
35 7
35 26
35 42
35 5
35 45
35 46
35 32
35 2
35 43
35 19
35 24
35 22
35 29
25
36 46
36 3
36 10
36 27
36 42
36 34
36 9
36 45
36 28
36 44
36 15
36 49
36 0
36 12
36 23
36 16
36 29
36 30
36 38
36 47
36 43
36 48
36 25
36 37
36 39
25
37 27
37 42
37 47
37 14
37 12
37 16
37 23
37 1
37 10
37 40
37 2
37 41
37 32
37 21
37 4
37 15
37 48
37 35
37 11
37 45
37 39
37 34
37 46
37 38
37 29
11
38 40
38 16
38 23
38 27
38 3
38 4
38 22
38 49
38 7
38 8
38 18
18
39 40
39 1
39 21
39 22
39 20
39 30
39 35
39 42
39 27
39 6
39 34
39 25
39 4
39 47
39 8
39 2
39 48
39 38
15
40 44
40 33
40 1
40 36
40 2
40 21
40 13
40 34
40 5
40 41
40 20
40 31
40 24
40 47
40 19
29
41 22
41 27
41 44
41 47
41 45
41 25
41 35
41 36
41 17
41 26
41 0
41 28
41 31
41 18
41 1
41 34
41 2
41 38
41 6
41 10
41 32
41 4
41 7
41 19
41 14
41 29
41 20
41 16
41 30
19
42 31
42 44
42 40
42 38
42 16
42 46
42 41
42 24
42 8
42 1
42 45
42 33
42 25
42 23
42 13
42 3
42 17
42 9
42 19
21
43 41
43 12
43 10
43 0
43 2
43 6
43 38
43 9
43 30
43 21
43 8
43 19
43 46
43 17
43 28
43 14
43 15
43 33
43 40
43 1
43 26
20
44 47
44 5
44 24
44 49
44 8
44 22
44 48
44 7
44 16
44 33
44 46
44 39
44 17
44 34
44 3
44 35
44 1
44 10
44 37
44 20
22
45 15
45 9
45 22
45 18
45 30
45 47
45 13
45 40
45 6
45 12
45 0
45 28
45 44
45 29
45 10
45 19
45 11
45 32
45 5
45 39
45 38
45 31
25
46 14
46 39
46 16
46 48
46 12
46 41
46 45
46 8
46 21
46 20
46 32
46 40
46 34
46 10
46 49
46 26
46 17
46 31
46 33
46 0
46 22
46 1
46 2
46 28
46 29
23
47 28
47 20
47 0
47 18
47 16
47 10
47 8
47 14
47 27
47 38
47 25
47 34
47 11
47 32
47 5
47 48
47 43
47 22
47 46
47 42
47 2
47 13
47 24
18
48 3
48 40
48 32
48 18
48 8
48 6
48 13
48 12
48 11
48 43
48 9
48 33
48 0
48 45
48 24
48 1
48 23
48 17
14
49 40
49 37
49 48
49 12
49 15
49 41
49 45
49 23
49 4
49 22
49 33
49 47
49 8
49 39
