50
0 "A27"
1 "A49"
2 "A46"
3 "A26"
4 "A19"
5 "A39"
6 "A8"
7 "A37"
8 "A24"
9 "A6"
10 "A29"
11 "A18"
12 "A35"
13 "A40"
14 "A42"
15 "A21"
16 "A16"
17 "A5"
18 "A7"
19 "A38"
20 "A22"
21 "A45"
22 "A31"
23 "A25"
24 "A3"
25 "A17"
26 "A32"
27 "A47"
28 "A20"
29 "A30"
30 "A2"
31 "A41"
32 "A33"
33 "A48"
34 "A13"
35 "A0"
36 "A43"
37 "A10"
38 "A11"
39 "A1"
40 "A23"
41 "A14"
42 "A12"
43 "A4"
44 "A9"
45 "A44"
46 "A34"
47 "A28"
48 "A15"
49 "A36"
20
0 22
0 21
0 39
0 15
0 2
0 47
0 41
0 10
0 6
0 1
0 35
0 49
0 7
0 9
0 16
0 18
0 20
0 27
0 33
0 37
13
1 19
1 2
1 6
1 28
1 32
1 41
1 36
1 9
1 3
1 39
1 46
1 12
1 17
21
2 28
2 19
2 27
2 14
2 10
2 23
2 21
2 6
2 38
2 46
2 30
2 15
2 49
2 44
2 8
2 25
2 40
2 39
2 37
2 24
2 16
24
3 22
3 45
3 38
3 33
3 30
3 15
3 17
3 49
3 13
3 11
3 14
3 8
3 39
3 36
3 21
3 47
3 34
3 28
3 4
3 40
3 0
3 10
3 2
3 48
28
4 13
4 31
4 17
4 11
4 24
4 26
4 47
4 2
4 48
4 46
4 9
4 0
4 29
4 27
4 10
4 15
4 37
4 34
4 33
4 45
4 32
4 42
4 25
4 49
4 20
4 23
4 28
4 30
20
5 2
5 24
5 47
5 35
5 4
5 32
5 49
5 42
5 31
5 37
5 33
5 8
5 19
5 39
5 23
5 30
5 0
5 17
5 3
5 26
22
6 46
6 4
6 10
6 38
6 33
6 14
6 28
6 12
6 43
6 48
6 40
6 16
6 11
6 47
6 13
6 15
6 45
6 9
6 7
6 35
6 31
6 27
18
7 11
7 45
7 23
7 48
7 9
7 34
7 39
7 42
7 35
7 1
7 32
7 20
7 25
7 29
7 36
7 5
7 24
7 46
25
8 19
8 7
8 12
8 10
8 30
8 40
8 35
8 18
8 29
8 33
8 16
8 23
8 22
8 42
8 4
8 1
8 0
8 17
8 43
8 20
8 24
8 21
8 41
8 45
8 38
20
9 10
9 34
9 36
9 22
9 23
9 43
9 12
9 27
9 44
9 26
9 28
9 20
9 16
9 45
9 47
9 8
9 30
9 48
9 3
9 19
17
10 5
10 42
10 43
10 39
10 7
10 26
10 46
10 28
10 48
10 34
10 45
10 23
10 14
10 35
10 1
10 41
10 29
15
11 41
11 21
11 1
11 24
11 12
11 39
11 13
11 48
11 8
11 44
11 0
11 20
11 5
11 28
11 42
18
12 41
12 30
12 20
12 37
12 42
12 2
12 13
12 4
12 35
12 24
12 46
12 21
12 23
12 3
12 44
12 10
12 18
12 33
23
13 5
13 30
13 7
13 34
13 47
13 23
13 28
13 38
13 37
13 21
13 25
13 16
13 1
13 9
13 2
13 33
13 42
13 26
13 15
13 8
13 36
13 35
13 32
29
14 36
14 47
14 48
14 34
14 1
14 12
14 11
14 26
14 30
14 20
14 27
14 49
14 38
14 42
14 23
14 35
14 0
14 28
14 33
14 25
14 19
14 41
14 32
14 44
14 4
14 22
14 45
14 13
14 9
16
15 8
15 5
15 18
15 12
15 43
15 17
15 41
15 1
15 49
15 21
15 11
15 36
15 20
15 9
15 27
15 46
19
16 34
16 15
16 17
16 12
16 11
16 3
16 39
16 19
16 23
16 36
16 40
16 10
16 24
16 31
16 14
16 7
16 41
16 45
16 18
20
17 7
17 13
17 11
17 47
17 25
17 36
17 27
17 48
17 10
17 2
17 33
17 19
17 23
17 20
17 42
17 35
17 26
17 41
17 14
17 49
19
18 9
18 24
18 6
18 47
18 41
18 1
18 26
18 17
18 29
18 14
18 39
18 11
18 22
18 34
18 5
18 20
18 46
18 4
18 10
25
19 10
19 33
19 39
19 6
19 18
19 32
19 0
19 26
19 40
19 15
19 30
19 43
19 36
19 29
19 28
19 25
19 11
19 44
19 49
19 13
19 45
19 47
19 27
19 12
19 3
19
20 45
20 19
20 27
20 25
20 3
20 10
20 26
20 35
20 46
20 30
20 22
20 38
20 5
20 16
20 24
20 2
20 41
20 1
20 21
24
21 9
21 26
21 42
21 34
21 49
21 1
21 16
21 10
21 17
21 6
21 47
21 14
21 31
21 5
21 44
21 48
21 19
21 33
21 7
21 22
21 35
21 32
21 46
21 27
17
22 11
22 41
22 2
22 32
22 19
22 37
22 4
22 13
22 23
22 35
22 10
22 34
22 6
22 17
22 25
22 48
22 15
15
23 3
23 28
23 19
23 47
23 25
23 38
23 6
23 15
23 37
23 18
23 1
23 11
23 21
23 29
23 36
24
24 0
24 37
24 23
24 26
24 46
24 19
24 39
24 42
24 17
24 13
24 43
24 22
24 30
24 6
24 14
24 21
24 45
24 35
24 3
24 49
24 27
24 1
24 9
24 38
19
25 28
25 0
25 39
25 9
25 15
25 46
25 36
25 21
25 6
25 31
25 18
25 33
25 8
25 29
25 12
25 11
25 38
25 45
25 43
22
26 6
26 0
26 48
26 41
26 15
26 42
26 36
26 34
26 2
26 47
26 22
26 43
26 25
26 12
26 40
26 8
26 33
26 7
26 11
26 35
26 32
26 16
18
27 38
27 42
27 1
27 22
27 35
27 47
27 25
27 3
27 11
27 16
27 5
27 26
27 23
27 40
27 45
27 7
27 46
27 13
20
28 8
28 35
28 40
28 26
28 5
28 46
28 0
28 38
28 32
28 44
28 30
28 12
28 21
28 16
28 47
28 17
28 20
28 48
28 15
28 45
19
29 15
29 2
29 41
29 12
29 28
29 35
29 1
29 42
29 0
29 13
29 22
29 9
29 16
29 47
29 11
29 21
29 40
29 17
29 32
19
30 1
30 21
30 32
30 42
30 37
30 11
30 49
30 17
30 7
30 29
30 27
30 15
30 23
30 43
30 10
30 26
30 35
30 46
30 18
21
31 34
31 1
31 2
31 27
31 10
31 12
31 28
31 17
31 13
31 20
31 29
31 23
31 49
31 22
31 26
31 24
31 7
31 33
31 19
31 30
31 3
17
32 41
32 38
32 24
32 45
32 31
32 20
32 25
32 43
32 35
32 46
32 34
32 47
32 2
32 16
32 37
32 33
32 6
12
33 7
33 27
33 43
33 24
33 23
33 2
33 30
33 34
33 11
33 16
33 37
33 48
18
34 30
34 2
34 8
34 5
34 45
34 38
34 15
34 20
34 19
34 12
34 27
34 46
34 11
34 44
34 37
34 41
34 24
34 48
17
35 23
35 1
35 37
35 3
35 41
35 9
35 19
35 33
35 48
35 38
35 31
35 16
35 2
35 40
35 4
35 45
35 15
23
36 11
36 24
36 12
36 42
36 45
36 6
36 43
36 0
36 29
36 35
36 34
36 32
36 20
36 18
36 40
36 27
36 31
36 47
36 22
36 33
36 4
36 21
36 44
20
37 46
37 14
37 36
37 18
37 43
37 16
37 17
37 15
37 47
37 27
37 44
37 6
37 8
37 42
37 21
37 29
37 40
37 7
37 38
37 28
18
38 30
38 18
38 21
38 26
38 40
38 4
38 36
38 22
38 12
38 47
38 9
38 5
38 1
38 31
38 49
38 16
38 17
38 10
24
39 37
39 47
39 17
39 27
39 8
39 38
39 35
39 41
39 15
39 34
39 23
39 9
39 13
39 22
39 42
39 43
39 29
39 14
39 33
39 21
39 12
39 30
39 26
39 32
19
40 17
40 11
40 13
40 31
40 1
40 30
40 47
40 39
40 15
40 5
40 9
40 18
40 49
40 7
40 25
40 21
40 45
40 42
40 10
19
41 7
41 33
41 25
41 37
41 4
41 5
41 2
41 19
41 27
41 23
41 42
41 31
41 6
41 24
41 38
41 3
41 47
41 28
41 40
19
42 38
42 3
42 46
42 48
42 2
42 0
42 31
42 15
42 20
42 22
42 6
42 45
42 19
42 47
42 28
42 32
42 25
42 9
42 33
22
43 20
43 28
43 42
43 14
43 3
43 45
43 5
43 7
43 18
43 12
43 27
43 17
43 31
43 46
43 21
43 0
43 11
43 44
43 2
43 22
43 29
43 40
22
44 8
44 6
44 47
44 46
44 16
44 7
44 10
44 1
44 31
44 5
44 4
44 48
44 49
44 13
44 0
44 3
44 26
44 23
44 33
44 25
44 35
44 18
18
45 47
45 23
45 0
45 22
45 46
45 2
45 48
45 15
45 21
45 38
45 29
45 39
45 30
45 12
45 41
45 11
45 49
45 5
12
46 8
46 29
46 38
46 35
46 5
46 17
46 31
46 14
46 41
46 47
46 48
46 23
14
47 10
47 48
47 25
47 30
47 20
47 34
47 33
47 22
47 12
47 15
47 16
47 1
47 2
47 43
17
48 37
48 12
48 15
48 8
48 24
48 32
48 40
48 43
48 38
48 39
48 23
48 5
48 19
48 16
48 1
48 29
48 20
20
49 37
49 27
49 22
49 16
49 11
49 41
49 26
49 1
49 8
49 25
49 10
49 9
49 47
49 39
49 18
49 43
49 36
49 13
49 46
49 20
