50
0 "A27"
1 "A49"
2 "A46"
3 "A26"
4 "A19"
5 "A39"
6 "A8"
7 "A37"
8 "A24"
9 "A6"
10 "A29"
11 "A18"
12 "A35"
13 "A40"
14 "A42"
15 "A21"
16 "A16"
17 "A5"
18 "A7"
19 "A38"
20 "A22"
21 "A45"
22 "A31"
23 "A25"
24 "A3"
25 "A17"
26 "A32"
27 "A47"
28 "A20"
29 "A30"
30 "A2"
31 "A41"
32 "A33"
33 "A48"
34 "A13"
35 "A0"
36 "A43"
37 "A10"
38 "A11"
39 "A1"
40 "A23"
41 "A14"
42 "A12"
43 "A4"
44 "A9"
45 "A44"
46 "A34"
47 "A28"
48 "A15"
49 "A36"
22
0 32
0 34
0 19
0 28
0 25
0 30
0 7
0 17
0 44
0 26
0 6
0 2
0 33
0 20
0 14
0 29
0 38
0 1
0 8
0 10
0 49
0 27
22
1 6
1 8
1 7
1 42
1 15
1 20
1 37
1 18
1 26
1 27
1 2
1 43
1 24
1 34
1 32
1 5
1 4
1 45
1 36
1 22
1 31
1 44
24
2 33
2 15
2 30
2 19
2 42
2 40
2 9
2 36
2 11
2 16
2 47
2 24
2 26
2 35
2 44
2 29
2 23
2 7
2 28
2 41
2 49
2 4
2 8
2 46
24
3 35
3 4
3 31
3 40
3 13
3 29
3 30
3 25
3 37
3 22
3 42
3 34
3 12
3 20
3 9
3 0
3 28
3 1
3 11
3 38
3 39
3 32
3 41
3 5
18
4 42
4 20
4 17
4 29
4 47
4 49
4 8
4 38
4 22
4 37
4 0
4 5
4 32
4 30
4 7
4 26
4 12
4 19
23
5 40
5 6
5 35
5 39
5 15
5 43
5 30
5 27
5 26
5 8
5 12
5 13
5 2
5 29
5 44
5 18
5 41
5 22
5 34
5 0
5 19
5 25
5 7
17
6 44
6 39
6 13
6 49
6 28
6 4
6 9
6 46
6 8
6 22
6 30
6 41
6 32
6 2
6 18
6 33
6 7
21
7 28
7 25
7 32
7 24
7 15
7 36
7 30
7 26
7 45
7 44
7 12
7 39
7 41
7 17
7 21
7 29
7 27
7 16
7 46
7 38
7 40
14
8 33
8 18
8 20
8 19
8 25
8 7
8 44
8 11
8 23
8 49
8 34
8 31
8 35
8 3
22
9 21
9 22
9 18
9 11
9 17
9 40
9 34
9 24
9 8
9 1
9 4
9 7
9 33
9 26
9 48
9 38
9 30
9 27
9 0
9 5
9 37
9 14
27
10 32
10 36
10 31
10 46
10 37
10 3
10 20
10 34
10 41
10 29
10 24
10 25
10 45
10 8
10 23
10 18
10 35
10 1
10 6
10 2
10 49
10 28
10 38
10 40
10 7
10 15
10 13
21
11 1
11 6
11 34
11 25
11 7
11 41
11 48
11 16
11 13
11 46
11 49
11 26
11 39
11 19
11 0
11 33
11 45
11 20
11 29
11 37
11 32
18
12 36
12 0
12 39
12 20
12 44
12 43
12 31
12 28
12 14
12 10
12 18
12 1
12 17
12 13
12 11
12 48
12 6
12 21
16
13 33
13 0
13 7
13 19
13 4
13 9
13 25
13 34
13 46
13 31
13 8
13 47
13 16
13 30
13 14
13 17
23
14 28
14 19
14 45
14 8
14 32
14 27
14 10
14 1
14 4
14 31
14 17
14 42
14 35
14 2
14 16
14 6
14 46
14 20
14 15
14 49
14 3
14 30
14 18
17
15 24
15 13
15 49
15 9
15 32
15 47
15 38
15 35
15 39
15 3
15 40
15 37
15 33
15 21
15 18
15 0
15 11
18
16 37
16 43
16 47
16 46
16 10
16 32
16 15
16 34
16 29
16 4
16 6
16 0
16 19
16 35
16 12
16 45
16 8
16 38
27
17 21
17 45
17 35
17 38
17 49
17 10
17 1
17 27
17 46
17 3
17 6
17 18
17 34
17 23
17 11
17 5
17 47
17 32
17 33
17 22
17 16
17 20
17 25
17 15
17 39
17 36
17 42
15
18 32
18 35
18 29
18 0
18 3
18 44
18 2
18 26
18 11
18 4
18 27
18 13
18 28
18 40
18 30
23
19 35
19 17
19 25
19 34
19 20
19 18
19 37
19 31
19 21
19 3
19 48
19 39
19 32
19 45
19 1
19 33
19 12
19 10
19 29
19 6
19 9
19 43
19 15
18
20 41
20 18
20 24
20 35
20 49
20 26
20 5
20 42
20 7
20 45
20 6
20 2
20 34
20 25
20 21
20 15
20 23
20 40
18
21 18
21 43
21 35
21 13
21 41
21 38
21 37
21 11
21 28
21 4
21 0
21 1
21 3
21 44
21 48
21 40
21 16
21 47
22
22 10
22 28
22 13
22 19
22 46
22 20
22 14
22 45
22 42
22 15
22 0
22 44
22 29
22 21
22 37
22 18
22 23
22 49
22 16
22 8
22 48
22 2
18
23 0
23 11
23 19
23 9
23 44
23 35
23 30
23 24
23 1
23 28
23 47
23 18
23 6
23 40
23 34
23 13
23 4
23 21
17
24 6
24 11
24 48
24 47
24 5
24 18
24 27
24 37
24 33
24 19
24 14
24 25
24 17
24 21
24 42
24 4
24 16
17
25 15
25 31
25 46
25 41
25 42
25 32
25 4
25 18
25 14
25 37
25 1
25 22
25 2
25 21
25 36
25 6
25 43
19
26 49
26 17
26 14
26 15
26 35
26 39
26 40
26 43
26 41
26 28
26 19
26 23
26 3
26 34
26 13
26 25
26 29
26 22
26 27
25
27 8
27 21
27 33
27 31
27 16
27 20
27 37
27 19
27 49
27 4
27 3
27 43
27 11
27 10
27 44
27 46
27 12
27 23
27 36
27 32
27 47
27 41
27 28
27 6
27 2
22
28 40
28 46
28 9
28 16
28 8
28 13
28 43
28 19
28 25
28 11
28 47
28 4
28 37
28 20
28 34
28 33
28 5
28 32
28 24
28 30
28 42
28 31
19
29 15
29 30
29 45
29 8
29 49
29 24
29 41
29 21
29 32
29 1
29 44
29 6
29 40
29 9
29 39
29 17
29 34
29 46
29 12
20
30 21
30 27
30 46
30 12
30 16
30 40
30 11
30 45
30 41
30 19
30 32
30 48
30 20
30 1
30 36
30 49
30 15
30 26
30 10
30 22
20
31 0
31 15
31 4
31 18
31 7
31 24
31 49
31 6
31 16
31 35
31 22
31 21
31 44
31 5
31 48
31 29
31 43
31 30
31 46
31 33
11
32 48
32 9
32 22
32 36
32 37
32 2
32 20
32 34
32 12
32 26
32 33
14
33 18
33 21
33 44
33 23
33 39
33 3
33 37
33 12
33 30
33 14
33 36
33 1
33 22
33 25
18
34 24
34 27
34 2
34 33
34 35
34 12
34 31
34 37
34 6
34 42
34 21
34 49
34 4
34 18
34 14
34 39
34 43
34 25
16
35 45
35 30
35 41
35 29
35 37
35 47
35 12
35 9
35 0
35 32
35 42
35 46
35 40
35 1
35 11
35 7
22
36 43
36 3
36 4
36 5
36 18
36 13
36 26
36 6
36 14
36 31
36 8
36 16
36 34
36 22
36 40
36 45
36 21
36 24
36 29
36 48
36 15
36 23
19
37 13
37 17
37 7
37 44
37 12
37 6
37 30
37 20
37 26
37 46
37 2
37 18
37 5
37 36
37 8
37 23
37 43
37 0
37 47
21
38 27
38 5
38 40
38 25
38 13
38 1
38 30
38 34
38 19
38 37
38 12
38 32
38 23
38 31
38 45
38 26
38 8
38 28
38 48
38 41
38 6
23
39 1
39 10
39 8
39 22
39 0
39 45
39 13
39 38
39 48
39 9
39 31
39 40
39 28
39 2
39 36
39 49
39 23
39 4
39 24
39 41
39 37
39 30
39 18
14
40 48
40 14
40 8
40 0
40 6
40 27
40 34
40 22
40 31
40 17
40 32
40 37
40 4
40 25
19
41 12
41 14
41 49
41 0
41 36
41 24
41 8
41 34
41 37
41 45
41 13
41 32
41 18
41 43
41 9
41 22
41 42
41 1
41 15
21
42 6
42 19
42 0
42 27
42 21
42 49
42 11
42 46
42 48
42 29
42 7
42 23
42 36
42 9
42 38
42 39
42 30
42 10
42 26
42 40
42 33
22
43 38
43 20
43 35
43 3
43 14
43 11
43 18
43 15
43 39
43 48
43 2
43 17
43 45
43 23
43 4
43 32
43 40
43 7
43 42
43 0
43 10
43 22
18
44 13
44 26
44 16
44 11
44 40
44 9
44 35
44 39
44 3
44 17
44 43
44 45
44 36
44 20
44 32
44 25
44 24
44 30
18
45 33
45 4
45 26
45 9
45 40
45 47
45 6
45 34
45 32
45 12
45 21
45 37
45 48
45 2
45 3
45 49
45 18
45 42
19
46 32
46 4
46 9
46 19
46 8
46 18
46 47
46 38
46 40
46 41
46 3
46 15
46 24
46 26
46 43
46 20
46 1
46 23
46 39
24
47 49
47 6
47 9
47 33
47 19
47 36
47 43
47 14
47 18
47 38
47 0
47 20
47 1
47 30
47 34
47 22
47 11
47 8
47 42
47 26
47 40
47 10
47 7
47 29
18
48 37
48 5
48 41
48 4
48 18
48 16
48 34
48 1
48 15
48 2
48 27
48 47
48 7
48 35
48 6
48 25
48 0
48 3
16
49 36
49 32
49 40
49 7
49 18
49 46
49 24
49 19
49 48
49 3
49 44
49 9
49 12
49 21
49 37
49 33
