50
0 "A27"
1 "A49"
2 "A46"
3 "A26"
4 "A19"
5 "A39"
6 "A8"
7 "A37"
8 "A24"
9 "A6"
10 "A29"
11 "A18"
12 "A35"
13 "A40"
14 "A42"
15 "A21"
16 "A16"
17 "A5"
18 "A7"
19 "A38"
20 "A22"
21 "A45"
22 "A31"
23 "A25"
24 "A3"
25 "A17"
26 "A32"
27 "A47"
28 "A20"
29 "A30"
30 "A2"
31 "A41"
32 "A33"
33 "A48"
34 "A13"
35 "A0"
36 "A43"
37 "A10"
38 "A11"
39 "A1"
40 "A23"
41 "A14"
42 "A12"
43 "A4"
44 "A9"
45 "A44"
46 "A34"
47 "A28"
48 "A15"
49 "A36"
14
0 28
0 13
0 8
0 14
0 42
0 21
0 2
0 30
0 20
0 27
0 48
0 47
0 46
0 33
17
1 46
1 47
1 42
1 8
1 0
1 22
1 38
1 44
1 48
1 10
1 19
1 27
1 11
1 39
1 36
1 7
1 35
19
2 23
2 38
2 39
2 4
2 21
2 25
2 17
2 49
2 37
2 46
2 30
2 5
2 47
2 3
2 24
2 20
2 40
2 32
2 19
18
3 35
3 16
3 28
3 47
3 29
3 30
3 1
3 24
3 27
3 13
3 31
3 18
3 6
3 42
3 0
3 9
3 17
3 46
23
4 23
4 20
4 14
4 3
4 8
4 43
4 10
4 1
4 38
4 45
4 32
4 5
4 39
4 36
4 46
4 16
4 37
4 19
4 34
4 35
4 11
4 42
4 21
18
5 26
5 21
5 43
5 19
5 38
5 14
5 8
5 7
5 39
5 32
5 42
5 3
5 0
5 1
5 23
5 6
5 44
5 45
15
6 28
6 25
6 14
6 49
6 15
6 17
6 36
6 42
6 4
6 31
6 32
6 37
6 23
6 43
6 45
16
7 35
7 22
7 16
7 2
7 38
7 17
7 0
7 27
7 32
7 47
7 26
7 29
7 3
7 30
7 18
7 31
21
8 17
8 38
8 6
8 30
8 9
8 16
8 36
8 21
8 13
8 49
8 33
8 48
8 26
8 7
8 22
8 3
8 20
8 45
8 24
8 10
8 11
23
9 37
9 32
9 47
9 11
9 13
9 22
9 21
9 40
9 42
9 18
9 35
9 14
9 44
9 26
9 33
9 1
9 23
9 10
9 4
9 41
9 2
9 7
9 6
21
10 6
10 26
10 31
10 49
10 27
10 2
10 3
10 36
10 24
10 29
10 7
10 19
10 21
10 37
10 46
10 5
10 11
10 13
10 44
10 0
10 15
22
11 22
11 39
11 36
11 28
11 17
11 26
11 30
11 0
11 3
11 45
11 25
11 48
11 37
11 43
11 18
11 7
11 6
11 44
11 33
11 2
11 34
11 5
26
12 32
12 10
12 40
12 37
12 30
12 2
12 3
12 45
12 5
12 41
12 0
12 8
12 49
12 11
12 4
12 15
12 27
12 16
12 35
12 26
12 34
12 29
12 17
12 1
12 14
12 20
20
13 7
13 39
13 21
13 1
13 12
13 6
13 46
13 23
13 29
13 19
13 20
13 38
13 42
13 14
13 36
13 47
13 11
13 16
13 4
13 15
18
14 8
14 16
14 38
14 39
14 46
14 49
14 22
14 23
14 10
14 11
14 2
14 41
14 20
14 17
14 26
14 18
14 3
14 24
29
15 43
15 49
15 23
15 20
15 3
15 28
15 48
15 29
15 42
15 17
15 14
15 25
15 9
15 21
15 1
15 26
15 0
15 45
15 7
15 31
15 40
15 38
15 46
15 41
15 34
15 32
15 37
15 19
15 24
14
16 1
16 37
16 24
16 39
16 28
16 38
16 5
16 49
16 27
16 2
16 11
16 32
16 33
16 18
25
17 44
17 20
17 41
17 16
17 32
17 35
17 21
17 9
17 19
17 42
17 28
17 36
17 24
17 18
17 43
17 13
17 22
17 10
17 27
17 5
17 46
17 4
17 29
17 1
17 47
15
18 45
18 10
18 15
18 27
18 5
18 43
18 41
18 24
18 6
18 22
18 4
18 8
18 26
18 13
18 30
25
19 34
19 14
19 22
19 46
19 37
19 41
19 36
19 40
19 8
19 7
19 33
19 45
19 12
19 25
19 39
19 43
19 44
19 20
19 16
19 11
19 9
19 30
19 32
19 27
19 3
17
20 11
20 6
20 7
20 39
20 28
20 22
20 48
20 34
20 18
20 10
20 31
20 43
20 5
20 25
20 40
20 3
20 26
20
21 27
21 6
21 34
21 39
21 3
21 35
21 30
21 14
21 38
21 37
21 18
21 20
21 19
21 11
21 16
21 26
21 12
21 40
21 22
21 23
22
22 34
22 15
22 33
22 46
22 25
22 31
22 4
22 43
22 47
22 30
22 2
22 36
22 28
22 0
22 27
22 16
22 6
22 3
22 24
22 38
22 41
22 10
22
23 35
23 47
23 17
23 7
23 43
23 38
23 10
23 25
23 28
23 20
23 18
23 11
23 3
23 16
23 33
23 0
23 40
23 36
23 19
23 37
23 12
23 30
15
24 1
24 25
24 28
24 21
24 33
24 12
24 44
24 36
24 35
24 9
24 7
24 49
24 11
24 0
24 29
21
25 48
25 17
25 43
25 39
25 5
25 3
25 27
25 41
25 4
25 37
25 9
25 21
25 1
25 49
25 26
25 8
25 42
25 46
25 28
25 34
25 7
16
26 28
26 19
26 24
26 22
26 40
26 0
26 32
26 41
26 17
26 31
26 35
26 43
26 1
26 49
26 6
26 39
21
27 39
27 14
27 31
27 24
27 20
27 46
27 48
27 5
27 44
27 37
27 43
27 41
27 40
27 2
27 4
27 15
27 42
27 9
27 38
27 36
27 45
17
28 30
28 40
28 10
28 18
28 1
28 35
28 31
28 9
28 39
28 7
28 27
28 8
28 2
28 42
28 21
28 5
28 19
20
29 33
29 25
29 28
29 19
29 34
29 8
29 2
29 31
29 26
29 22
29 23
29 0
29 37
29 16
29 45
29 38
29 21
29 18
29 48
29 14
17
30 4
30 29
30 41
30 20
30 15
30 44
30 1
30 27
30 24
30 45
30 40
30 34
30 9
30 25
30 38
30 26
30 37
23
31 36
31 49
31 18
31 19
31 46
31 40
31 25
31 5
31 11
31 16
31 12
31 0
31 4
31 24
31 23
31 14
31 2
31 43
31 41
31 8
31 34
31 9
31 1
21
32 21
32 43
32 48
32 49
32 3
32 13
32 24
32 34
32 23
32 18
32 29
32 20
32 1
32 35
32 8
32 14
32 46
32 10
32 33
32 30
32 11
17
33 30
33 31
33 3
33 42
33 1
33 41
33 26
33 36
33 18
33 27
33 28
33 25
33 7
33 15
33 6
33 10
33 20
17
34 8
34 18
34 24
34 1
34 36
34 40
34 17
34 9
34 3
34 28
34 47
34 26
34 7
34 23
34 33
34 10
34 14
21
35 27
35 31
35 8
35 33
35 43
35 48
35 19
35 41
35 0
35 14
35 40
35 22
35 25
35 18
35 44
35 39
35 15
35 45
35 47
35 16
35 10
15
36 21
36 20
36 28
36 18
36 43
36 25
36 0
36 32
36 45
36 16
36 48
36 14
36 5
36 9
36 7
20
37 33
37 44
37 35
37 8
37 48
37 14
37 18
37 42
37 22
37 7
37 28
37 31
37 3
37 13
37 39
37 36
37 47
37 20
37 24
37 5
17
38 3
38 17
38 11
38 24
38 10
38 25
38 6
38 28
38 42
38 44
38 0
38 32
38 40
38 48
38 26
38 9
38 18
22
39 49
39 24
39 6
39 9
39 23
39 22
39 44
39 47
39 18
39 30
39 17
39 12
39 36
39 38
39 8
39 31
39 15
39 3
39 48
39 10
39 34
39 7
19
40 49
40 10
40 11
40 41
40 24
40 1
40 33
40 25
40 39
40 29
40 0
40 5
40 45
40 3
40 6
40 4
40 37
40 13
40 17
21
41 2
41 23
41 11
41 24
41 16
41 39
41 29
41 0
41 28
41 7
41 8
41 3
41 20
41 1
41 32
41 47
41 6
41 38
41 44
41 48
41 34
23
42 39
42 29
42 20
42 24
42 36
42 22
42 30
42 23
42 2
42 49
42 34
42 43
42 16
42 11
42 35
42 46
42 12
42 31
42 44
42 21
42 32
42 19
42 41
22
43 34
43 38
43 46
43 44
43 29
43 30
43 40
43 14
43 13
43 2
43 8
43 24
43 16
43 3
43 12
43 21
43 47
43 49
43 10
43 41
43 7
43 1
19
44 36
44 3
44 48
44 26
44 14
44 25
44 13
44 46
44 20
44 0
44 21
44 8
44 23
44 40
44 16
44 12
44 22
44 32
44 2
21
45 31
45 38
45 1
45 23
45 21
45 14
45 48
45 9
45 16
45 44
45 39
45 26
45 46
45 42
45 25
45 13
45 32
45 49
45 20
45 10
45 2
16
46 41
46 30
46 23
46 12
46 9
46 6
46 33
46 20
46 21
46 35
46 47
46 39
46 5
46 28
46 11
46 7
22
47 48
47 18
47 31
47 44
47 30
47 26
47 11
47 42
47 15
47 10
47 32
47 16
47 45
47 4
47 38
47 6
47 40
47 24
47 25
47 49
47 12
47 29
21
48 42
48 9
48 16
48 26
48 40
48 19
48 33
48 30
48 4
48 49
48 12
48 24
48 28
48 34
48 6
48 3
48 21
48 7
48 22
48 43
48 2
16
49 38
49 1
49 21
49 9
49 34
49 30
49 23
49 33
49 19
49 4
49 28
49 20
49 41
49 27
49 29
49 18
