50
0 "A27"
1 "A49"
2 "A46"
3 "A26"
4 "A19"
5 "A39"
6 "A8"
7 "A37"
8 "A24"
9 "A6"
10 "A29"
11 "A18"
12 "A35"
13 "A40"
14 "A42"
15 "A21"
16 "A16"
17 "A5"
18 "A7"
19 "A38"
20 "A22"
21 "A45"
22 "A31"
23 "A25"
24 "A3"
25 "A17"
26 "A32"
27 "A47"
28 "A20"
29 "A30"
30 "A2"
31 "A41"
32 "A33"
33 "A48"
34 "A13"
35 "A0"
36 "A43"
37 "A10"
38 "A11"
39 "A1"
40 "A23"
41 "A14"
42 "A12"
43 "A4"
44 "A9"
45 "A44"
46 "A34"
47 "A28"
48 "A15"
49 "A36"
20
0 28
0 13
0 14
0 32
0 37
0 42
0 3
0 29
0 16
0 21
0 33
0 30
0 20
0 15
0 6
0 49
0 47
0 34
0 5
0 46
18
1 8
1 21
1 39
1 4
1 29
1 22
1 42
1 44
1 24
1 10
1 46
1 38
1 35
1 7
1 31
1 48
1 26
1 36
19
2 3
2 24
2 21
2 26
2 19
2 8
2 34
2 20
2 23
2 4
2 38
2 40
2 25
2 43
2 39
2 30
2 5
2 17
2 47
19
3 30
3 41
3 1
3 46
3 28
3 33
3 22
3 18
3 20
3 44
3 6
3 35
3 16
3 31
3 29
3 49
3 43
3 24
3 8
22
4 8
4 32
4 0
4 35
4 44
4 5
4 23
4 16
4 42
4 38
4 39
4 43
4 20
4 3
4 15
4 7
4 21
4 36
4 10
4 37
4 33
4 17
20
5 43
5 34
5 39
5 15
5 38
5 35
5 49
5 21
5 48
5 1
5 23
5 19
5 44
5 42
5 7
5 27
5 45
5 8
5 14
5 3
17
6 5
6 12
6 17
6 13
6 33
6 45
6 14
6 4
6 43
6 32
6 37
6 49
6 41
6 28
6 42
6 15
6 36
17
7 35
7 29
7 22
7 31
7 45
7 18
7 17
7 24
7 27
7 2
7 37
7 16
7 47
7 26
7 3
7 30
7 21
19
8 30
8 15
8 9
8 36
8 43
8 48
8 21
8 32
8 26
8 35
8 19
8 33
8 29
8 45
8 24
8 47
8 16
8 7
8 6
24
9 18
9 2
9 21
9 42
9 35
9 41
9 20
9 3
9 47
9 38
9 44
9 0
9 11
9 6
9 14
9 22
9 10
9 13
9 1
9 39
9 12
9 5
9 23
9 4
21
10 3
10 6
10 46
10 31
10 36
10 5
10 2
10 29
10 21
10 41
10 15
10 24
10 30
10 39
10 25
10 27
10 8
10 13
10 11
10 18
10 0
20
11 48
11 17
11 43
11 5
11 3
11 49
11 39
11 46
11 36
11 1
11 44
11 28
11 7
11 26
11 22
11 47
11 0
11 27
11 18
11 2
19
12 27
12 2
12 43
12 0
12 47
12 35
12 4
12 34
12 29
12 40
12 49
12 5
12 36
12 10
12 7
12 8
12 41
12 38
12 15
23
13 8
13 1
13 27
13 3
13 12
13 20
13 35
13 38
13 42
13 30
13 19
13 29
13 22
13 11
13 4
13 15
13 7
13 39
13 14
13 26
13 46
13 5
13 31
19
14 17
14 18
14 24
14 20
14 16
14 46
14 33
14 8
14 3
14 22
14 19
14 23
14 10
14 42
14 7
14 43
14 11
14 2
14 41
21
15 48
15 32
15 17
15 46
15 26
15 42
15 34
15 21
15 37
15 40
15 41
15 43
15 16
15 24
15 23
15 7
15 25
15 19
15 2
15 45
15 38
18
16 28
16 38
16 11
16 32
16 27
16 30
16 37
16 33
16 23
16 6
16 25
16 21
16 35
16 20
16 49
16 12
16 39
16 40
21
17 42
17 16
17 35
17 31
17 5
17 38
17 43
17 21
17 36
17 8
17 27
17 10
17 44
17 30
17 13
17 1
17 28
17 25
17 0
17 32
17 48
18
18 6
18 2
18 45
18 8
18 22
18 44
18 34
18 15
18 35
18 13
18 38
18 30
18 12
18 1
18 4
18 27
18 5
18 43
26
19 48
19 1
19 32
19 17
19 34
19 10
19 46
19 39
19 33
19 40
19 49
19 11
19 12
19 3
19 6
19 25
19 44
19 7
19 4
19 16
19 18
19 0
19 9
19 45
19 21
19 28
17
20 18
20 7
20 43
20 19
20 11
20 26
20 45
20 39
20 42
20 28
20 25
20 48
20 5
20 31
20 6
20 17
20 23
16
21 6
21 45
21 36
21 27
21 14
21 18
21 24
21 35
21 23
21 37
21 20
21 26
21 40
21 12
21 22
21 13
19
22 10
22 28
22 32
22 8
22 17
22 19
22 33
22 47
22 41
22 24
22 36
22 0
22 15
22 12
22 16
22 6
22 38
22 45
22 42
20
23 25
23 30
23 35
23 47
23 6
23 12
23 34
23 43
23 38
23 11
23 18
23 13
23 10
23 0
23 26
23 33
23 1
23 8
23 40
23 3
16
24 11
24 17
24 45
24 36
24 39
24 29
24 28
24 32
24 33
24 0
24 41
24 25
24 9
24 4
24 18
24 35
15
25 32
25 3
25 5
25 13
25 7
25 37
25 49
25 18
25 26
25 6
25 27
25 21
25 48
25 12
25 39
21
26 41
26 9
26 10
26 24
26 12
26 35
26 18
26 16
26 49
26 39
26 0
26 43
26 47
26 19
26 40
26 28
26 45
26 31
26 32
26 36
26 17
19
27 15
27 28
27 45
27 20
27 23
27 22
27 24
27 30
27 48
27 43
27 9
27 41
27 14
27 36
27 40
27 4
27 47
27 34
27 2
22
28 2
28 42
28 40
28 18
28 34
28 10
28 35
28 31
28 30
28 44
28 7
28 38
28 12
28 47
28 41
28 39
28 46
28 25
28 1
28 9
28 5
28 8
20
29 28
29 34
29 33
29 45
29 16
29 6
29 11
29 23
29 19
29 15
29 18
29 35
29 38
29 14
29 48
29 36
29 39
29 4
29 25
29 26
15
30 4
30 24
30 41
30 11
30 45
30 29
30 9
30 22
30 1
30 15
30 42
30 39
30 14
30 26
30 38
20
31 14
31 23
31 12
31 18
31 24
31 46
31 25
31 40
31 27
31 0
31 36
31 11
31 5
31 4
31 44
31 9
31 41
31 34
31 21
31 19
16
32 29
32 48
32 46
32 18
32 10
32 23
32 40
32 20
32 9
32 12
32 37
32 3
32 1
32 11
32 21
32 44
22
33 30
33 46
33 42
33 49
33 25
33 31
33 7
33 26
33 36
33 27
33 28
33 12
33 43
33 1
33 15
33 18
33 39
33 37
33 13
33 32
33 2
33 10
24
34 16
34 1
34 17
34 9
34 3
34 36
34 14
34 32
34 20
34 38
34 33
34 22
34 25
34 42
34 26
34 8
34 13
34 40
34 7
34 10
34 6
34 4
34 24
34 37
22
35 41
35 34
35 33
35 32
35 22
35 44
35 45
35 19
35 40
35 0
35 39
35 15
35 14
35 48
35 20
35 43
35 2
35 10
35 30
35 6
35 25
35 31
18
36 45
36 0
36 25
36 44
36 18
36 42
36 5
36 35
36 13
36 43
36 3
36 9
36 48
36 14
36 20
36 19
36 15
36 28
30
37 28
37 18
37 40
37 22
37 44
37 29
37 9
37 5
37 26
37 27
37 36
37 19
37 1
37 24
37 17
37 45
37 35
37 47
37 46
37 12
37 31
37 8
37 3
37 48
37 14
37 13
37 42
37 30
37 39
37 38
14
38 3
38 48
38 10
38 14
38 26
38 25
38 6
38 20
38 11
38 42
38 24
38 21
38 32
38 44
17
39 31
39 23
39 0
39 22
39 47
39 43
39 18
39 8
39 45
39 48
39 12
39 38
39 17
39 6
39 14
39 7
39 21
24
40 17
40 39
40 10
40 11
40 41
40 24
40 9
40 18
40 14
40 6
40 13
40 29
40 1
40 25
40 22
40 5
40 0
40 44
40 3
40 8
40 7
40 30
40 4
40 48
19
41 18
41 39
41 23
41 37
41 48
41 33
41 11
41 32
41 29
41 13
41 17
41 5
41 38
41 0
41 47
41 1
41 34
41 7
41 45
19
42 47
42 31
42 25
42 46
42 24
42 11
42 7
42 43
42 23
42 12
42 21
42 32
42 3
42 19
42 16
42 39
42 29
42 35
42 26
19
43 21
43 25
43 29
43 40
43 16
43 30
43 1
43 7
43 24
43 38
43 9
43 47
43 49
43 0
43 34
43 41
43 13
43 28
43 19
21
44 34
44 25
44 8
44 0
44 26
44 30
44 13
44 2
44 42
44 20
44 21
44 23
44 14
44 27
44 39
44 33
44 12
44 16
44 6
44 22
44 29
17
45 42
45 4
45 46
45 49
45 16
45 34
45 17
45 40
45 10
45 31
45 44
45 3
45 11
45 9
45 38
45 28
45 32
22
46 39
46 35
46 5
46 16
46 40
46 7
46 41
46 48
46 23
46 30
46 17
46 47
46 26
46 49
46 9
46 8
46 6
46 2
46 20
46 43
46 21
46 18
21
47 10
47 20
47 6
47 30
47 31
47 40
47 19
47 1
47 16
47 15
47 44
47 48
47 49
47 35
47 32
47 34
47 45
47 33
47 5
47 24
47 17
19
48 30
48 10
48 33
48 2
48 34
48 13
48 12
48 7
48 21
48 22
48 4
48 6
48 26
48 31
48 28
48 42
48 0
48 18
48 9
15
49 8
49 18
49 38
49 28
49 21
49 9
49 15
49 1
49 34
49 27
49 30
49 41
49 29
49 4
49 10
