50
0 "A30"
1 "A28"
2 "A6"
3 "A42"
4 "A36"
5 "A43"
6 "A12"
7 "A37"
8 "A21"
9 "A3"
10 "A48"
11 "A16"
12 "A18"
13 "A23"
14 "A1"
15 "A9"
16 "A22"
17 "A38"
18 "A26"
19 "A46"
20 "A32"
21 "A27"
22 "A17"
23 "A20"
24 "A10"
25 "A49"
26 "A14"
27 "A44"
28 "A4"
29 "A40"
30 "A0"
31 "A13"
32 "A15"
33 "A24"
34 "A19"
35 "A35"
36 "A7"
37 "A8"
38 "A39"
39 "A45"
40 "A31"
41 "A34"
42 "A25"
43 "A5"
44 "A11"
45 "A2"
46 "A41"
47 "A47"
48 "A29"
49 "A33"
13
0 43
0 2
0 16
0 48
0 9
0 11
0 22
0 10
0 40
0 30
0 36
0 39
0 47
20
1 22
1 10
1 8
1 49
1 37
1 43
1 34
1 27
1 40
1 30
1 48
1 32
1 33
1 29
1 21
1 5
1 46
1 19
1 14
1 3
16
2 36
2 14
2 38
2 45
2 9
2 39
2 30
2 31
2 3
2 29
2 23
2 17
2 49
2 41
2 8
2 5
23
3 30
3 48
3 28
3 24
3 31
3 6
3 44
3 13
3 46
3 33
3 17
3 12
3 10
3 35
3 29
3 37
3 19
3 49
3 9
3 39
3 41
3 7
3 20
17
4 33
4 12
4 14
4 39
4 7
4 2
4 20
4 19
4 26
4 25
4 47
4 44
4 27
4 42
4 1
4 37
4 40
23
5 32
5 40
5 12
5 30
5 46
5 7
5 0
5 15
5 3
5 16
5 42
5 41
5 33
5 29
5 48
5 4
5 24
5 44
5 22
5 17
5 14
5 20
5 34
22
6 11
6 44
6 5
6 45
6 47
6 0
6 30
6 46
6 41
6 28
6 32
6 7
6 18
6 4
6 17
6 1
6 38
6 16
6 12
6 15
6 10
6 26
15
7 34
7 27
7 25
7 1
7 29
7 24
7 35
7 49
7 14
7 2
7 36
7 38
7 8
7 30
7 31
11
8 14
8 36
8 49
8 21
8 20
8 28
8 29
8 48
8 35
8 23
8 3
21
9 32
9 4
9 39
9 40
9 49
9 30
9 21
9 6
9 36
9 16
9 25
9 41
9 37
9 7
9 23
9 1
9 28
9 5
9 13
9 47
9 18
23
10 27
10 20
10 12
10 4
10 16
10 14
10 36
10 5
10 37
10 31
10 47
10 42
10 28
10 17
10 15
10 32
10 18
10 13
10 2
10 8
10 35
10 45
10 49
21
11 19
11 29
11 25
11 30
11 10
11 14
11 2
11 33
11 47
11 31
11 21
11 24
11 1
11 37
11 34
11 42
11 27
11 7
11 23
11 39
11 4
16
12 11
12 7
12 15
12 29
12 48
12 0
12 25
12 33
12 21
12 8
12 36
12 40
12 32
12 22
12 9
12 28
21
13 20
13 0
13 18
13 43
13 45
13 1
13 23
13 37
13 22
13 35
13 47
13 5
13 32
13 34
13 11
13 8
13 2
13 44
13 46
13 30
13 49
17
14 33
14 34
14 9
14 36
14 28
14 3
14 37
14 27
14 15
14 12
14 19
14 20
14 21
14 48
14 22
14 23
14 44
22
15 48
15 8
15 0
15 13
15 29
15 35
15 39
15 49
15 42
15 3
15 9
15 27
15 31
15 38
15 11
15 20
15 21
15 44
15 2
15 28
15 4
15 7
22
16 8
16 7
16 24
16 3
16 15
16 34
16 42
16 29
16 28
16 12
16 14
16 47
16 4
16 17
16 1
16 11
16 32
16 31
16 23
16 36
16 35
16 13
17
17 8
17 11
17 4
17 0
17 22
17 48
17 21
17 37
17 18
17 39
17 15
17 35
17 28
17 7
17 41
17 33
17 25
22
18 8
18 30
18 46
18 12
18 14
18 22
18 1
18 36
18 16
18 23
18 41
18 20
18 5
18 48
18 21
18 45
18 37
18 2
18 31
18 3
18 0
18 11
23
19 7
19 22
19 42
19 31
19 47
19 10
19 34
19 23
19 46
19 13
19 40
19 28
19 24
19 12
19 16
19 5
19 25
19 18
19 36
19 17
19 2
19 30
19 39
22
20 16
20 26
20 9
20 23
20 1
20 41
20 7
20 49
20 12
20 42
20 19
20 33
20 44
20 21
20 31
20 45
20 39
20 34
20 2
20 40
20 11
20 29
23
21 13
21 31
21 10
21 4
21 45
21 33
21 28
21 41
21 49
21 47
21 16
21 6
21 39
21 25
21 27
21 32
21 2
21 5
21 7
21 19
21 22
21 29
21 3
17
22 16
22 27
22 8
22 31
22 6
22 41
22 4
22 7
22 11
22 10
22 49
22 36
22 40
22 39
22 2
22 20
22 45
18
23 0
23 24
23 31
23 15
23 48
23 43
23 17
23 6
23 21
23 5
23 38
23 46
23 10
23 30
23 29
23 44
23 1
23 35
21
24 34
24 1
24 40
24 12
24 2
24 15
24 42
24 46
24 22
24 44
24 8
24 37
24 4
24 9
24 14
24 0
24 45
24 32
24 20
24 36
24 18
22
25 16
25 49
25 10
25 45
25 5
25 15
25 2
25 20
25 29
25 8
25 39
25 44
25 36
25 31
25 3
25 1
25 38
25 48
25 47
25 22
25 27
25 0
27
26 40
26 18
26 32
26 3
26 21
26 35
26 49
26 41
26 38
26 39
26 16
26 37
26 11
26 25
26 43
26 23
26 2
26 13
26 31
26 19
26 22
26 28
26 10
26 5
26 36
26 29
26 27
20
27 5
27 30
27 16
27 44
27 12
27 47
27 9
27 29
27 18
27 20
27 37
27 39
27 48
27 19
27 42
27 45
27 13
27 6
27 24
27 0
21
28 5
28 35
28 38
28 39
28 48
28 27
28 45
28 25
28 31
28 11
28 0
28 4
28 24
28 47
28 2
28 40
28 33
28 36
28 32
28 23
28 18
19
29 46
29 44
29 47
29 37
29 41
29 30
29 17
29 10
29 14
29 18
29 36
29 38
29 39
29 28
29 0
29 13
29 19
29 9
29 33
17
30 8
30 45
30 4
30 44
30 26
30 15
30 49
30 16
30 37
30 12
30 43
30 14
30 24
30 21
30 32
30 31
30 17
17
31 1
31 9
31 36
31 35
31 27
31 43
31 14
31 38
31 0
31 5
31 6
31 44
31 47
31 17
31 24
31 8
31 48
26
32 35
32 34
32 14
32 36
32 38
32 33
32 48
32 18
32 23
32 17
32 41
32 46
32 42
32 31
32 22
32 15
32 27
32 25
32 19
32 29
32 8
32 39
32 11
32 3
32 2
32 20
24
33 22
33 44
33 35
33 19
33 41
33 27
33 8
33 16
33 45
33 31
33 13
33 15
33 36
33 2
33 47
33 7
33 34
33 6
33 40
33 49
33 43
33 23
33 39
33 0
22
34 12
34 40
34 25
34 15
34 2
34 22
34 26
34 37
34 3
34 21
34 17
34 29
34 27
34 31
34 45
34 10
34 18
34 9
34 23
34 44
34 6
34 8
18
35 47
35 9
35 29
35 11
35 46
35 6
35 0
35 4
35 30
35 1
35 18
35 41
35 20
35 12
35 44
35 22
35 24
35 19
13
36 39
36 42
36 17
36 5
36 30
36 21
36 1
36 20
36 6
36 27
36 49
36 3
36 46
16
37 41
37 36
37 6
37 35
37 31
37 46
37 20
37 7
37 25
37 32
37 39
37 12
37 28
37 23
37 40
37 16
23
38 33
38 11
38 4
38 24
38 27
38 35
38 49
38 47
38 9
38 3
38 22
38 8
38 10
38 12
38 17
38 41
38 39
38 1
38 48
38 20
38 19
38 37
38 30
10
39 35
39 13
39 40
39 7
39 16
39 23
39 5
39 47
39 8
39 12
19
40 10
40 38
40 15
40 29
40 21
40 36
40 35
40 46
40 23
40 18
40 11
40 14
40 49
40 45
40 32
40 13
40 27
40 16
40 30
23
41 44
41 25
41 39
41 34
41 36
41 28
41 27
41 11
41 16
41 31
41 0
41 4
41 14
41 40
41 19
41 46
41 15
41 30
41 13
41 10
41 12
41 8
41 7
22
42 22
42 30
42 3
42 29
42 17
42 7
42 34
42 2
42 46
42 12
42 21
42 48
42 25
42 18
42 1
42 33
42 14
42 41
42 9
42 44
42 31
42 39
28
43 38
43 37
43 45
43 22
43 6
43 17
43 41
43 49
43 24
43 29
43 2
43 34
43 9
43 48
43 19
43 27
43 28
43 10
43 25
43 35
43 14
43 47
43 7
43 32
43 8
43 5
43 20
43 18
15
44 40
44 37
44 0
44 1
44 22
44 32
44 43
44 11
44 9
44 18
44 19
44 36
44 7
44 21
44 2
18
45 1
45 5
45 41
45 48
45 17
45 32
45 11
45 15
45 35
45 0
45 3
45 14
45 9
45 39
45 38
45 7
45 26
45 31
20
46 9
46 43
46 33
46 10
46 30
46 27
46 48
46 8
46 0
46 2
46 14
46 21
46 20
46 22
46 44
46 15
46 34
46 17
46 11
46 47
12
47 3
47 24
47 36
47 12
47 23
47 30
47 17
47 22
47 20
47 26
47 5
47 48
20
48 33
48 44
48 2
48 21
48 40
48 49
48 41
48 22
48 37
48 10
48 35
48 26
48 30
48 20
48 6
48 16
48 7
48 13
48 34
48 39
22
49 6
49 4
49 23
49 19
49 18
49 39
49 31
49 17
49 16
49 37
49 47
49 11
49 45
49 34
49 42
49 32
49 41
49 14
49 44
49 35
49 12
49 27
