50
0 "A7"
1 "A21"
2 "A1"
3 "A48"
4 "A33"
5 "A14"
6 "A35"
7 "A42"
8 "A6"
9 "A30"
10 "A34"
11 "A0"
12 "A18"
13 "A46"
14 "A23"
15 "A25"
16 "A12"
17 "A31"
18 "A43"
19 "A32"
20 "A16"
21 "A41"
22 "A3"
23 "A4"
24 "A10"
25 "A13"
26 "A39"
27 "A15"
28 "A49"
29 "A38"
30 "A17"
31 "A22"
32 "A37"
33 "A27"
34 "A19"
35 "A28"
36 "A40"
37 "A44"
38 "A11"
39 "A24"
40 "A20"
41 "A26"
42 "A29"
43 "A2"
44 "A8"
45 "A45"
46 "A5"
47 "A36"
48 "A47"
49 "A9"
14
0 23
0 28
0 42
0 32
0 49
0 13
0 11
0 19
0 41
0 26
0 45
0 17
0 37
0 44
19
1 36
1 15
1 41
1 9
1 38
1 23
1 7
1 24
1 44
1 42
1 6
1 48
1 35
1 4
1 32
1 22
1 34
1 8
1 10
31
2 34
2 16
2 49
2 45
2 47
2 29
2 24
2 38
2 44
2 42
2 36
2 1
2 30
2 46
2 28
2 39
2 17
2 40
2 21
2 11
2 5
2 26
2 25
2 27
2 14
2 15
2 7
2 6
2 37
2 10
2 22
18
3 15
3 42
3 13
3 0
3 47
3 27
3 44
3 43
3 41
3 1
3 10
3 39
3 11
3 36
3 2
3 30
3 45
3 23
26
4 35
4 10
4 44
4 36
4 7
4 22
4 31
4 2
4 25
4 11
4 24
4 46
4 16
4 17
4 32
4 12
4 39
4 34
4 29
4 6
4 33
4 0
4 20
4 21
4 28
4 5
19
5 12
5 28
5 31
5 21
5 23
5 45
5 15
5 7
5 32
5 47
5 0
5 24
5 25
5 44
5 3
5 34
5 29
5 48
5 26
17
6 22
6 35
6 26
6 41
6 45
6 17
6 13
6 7
6 42
6 20
6 8
6 0
6 29
6 33
6 34
6 47
6 11
17
7 26
7 33
7 35
7 37
7 30
7 22
7 36
7 44
7 39
7 24
7 0
7 43
7 29
7 14
7 28
7 13
7 3
22
8 3
8 12
8 42
8 23
8 22
8 37
8 33
8 27
8 40
8 5
8 0
8 7
8 2
8 17
8 26
8 16
8 35
8 15
8 25
8 18
8 11
8 43
16
9 6
9 15
9 22
9 10
9 29
9 41
9 49
9 8
9 42
9 33
9 48
9 37
9 12
9 25
9 4
9 45
20
10 15
10 12
10 24
10 23
10 0
10 7
10 13
10 49
10 6
10 8
10 42
10 47
10 31
10 11
10 35
10 48
10 46
10 43
10 45
10 27
10
11 38
11 36
11 14
11 1
11 17
11 32
11 23
11 5
11 15
11 45
16
12 37
12 27
12 35
12 33
12 16
12 6
12 7
12 40
12 3
12 42
12 30
12 0
12 41
12 2
12 34
12 32
17
13 4
13 2
13 16
13 15
13 22
13 48
13 11
13 24
13 40
13 26
13 20
13 34
13 41
13 28
13 9
13 37
13 49
20
14 26
14 10
14 32
14 6
14 9
14 1
14 39
14 34
14 41
14 43
14 35
14 3
14 16
14 12
14 36
14 30
14 28
14 24
14 29
14 48
21
15 0
15 41
15 45
15 30
15 12
15 6
15 23
15 42
15 21
15 24
15 32
15 18
15 27
15 48
15 33
15 28
15 31
15 20
15 7
15 35
15 14
21
16 10
16 6
16 28
16 0
16 15
16 37
16 23
16 43
16 29
16 1
16 46
16 32
16 31
16 35
16 20
16 9
16 30
16 48
16 41
16 3
16 38
19
17 44
17 43
17 46
17 1
17 7
17 34
17 15
17 42
17 33
17 12
17 10
17 13
17 16
17 14
17 30
17 22
17 47
17 37
17 36
29
18 47
18 28
18 14
18 1
18 25
18 49
18 20
18 10
18 23
18 19
18 13
18 35
18 3
18 48
18 32
18 31
18 42
18 4
18 17
18 0
18 26
18 40
18 7
18 37
18 12
18 2
18 16
18 30
18 43
20
19 22
19 33
19 48
19 29
19 4
19 38
19 14
19 25
19 1
19 13
19 47
19 17
19 2
19 40
19 7
19 35
19 32
19 49
19 9
19 8
21
20 19
20 44
20 38
20 30
20 9
20 17
20 12
20 7
20 42
20 2
20 49
20 1
20 35
20 45
20 11
20 46
20 26
20 14
20 29
20 25
20 28
21
21 36
21 44
21 27
21 14
21 3
21 34
21 24
21 7
21 13
21 35
21 38
21 37
21 9
21 12
21 10
21 42
21 33
21 1
21 8
21 18
21 6
26
22 10
22 33
22 42
22 21
22 23
22 15
22 3
22 11
22 12
22 5
22 41
22 18
22 46
22 40
22 29
22 0
22 34
22 49
22 35
22 39
22 14
22 38
22 36
22 44
22 30
22 31
17
23 17
23 21
23 9
23 19
23 20
23 47
23 39
23 4
23 26
23 14
23 2
23 7
23 49
23 32
23 38
23 25
23 35
21
24 49
24 3
24 32
24 35
24 38
24 30
24 23
24 0
24 12
24 9
24 37
24 26
24 18
24 11
24 39
24 16
24 47
24 8
24 19
24 41
24 48
21
25 48
25 49
25 36
25 34
25 11
25 39
25 12
25 43
25 22
25 17
25 6
25 44
25 14
25 38
25 15
25 3
25 24
25 10
25 42
25 13
25 16
20
26 15
26 28
26 1
26 42
26 32
26 25
26 19
26 21
26 34
26 47
26 40
26 10
26 11
26 17
26 27
26 3
26 43
26 41
26 49
26 39
18
27 0
27 23
27 20
27 28
27 24
27 5
27 11
27 35
27 40
27 18
27 22
27 14
27 37
27 17
27 16
27 13
27 19
27 9
18
28 43
28 25
28 37
28 33
28 12
28 21
28 22
28 48
28 10
28 42
28 1
28 41
28 19
28 23
28 17
28 11
28 6
28 9
21
29 38
29 24
29 28
29 48
29 30
29 8
29 13
29 11
29 1
29 27
29 33
29 17
29 44
29 34
29 18
29 23
29 0
29 47
29 39
29 41
29 3
20
30 11
30 8
30 26
30 6
30 0
30 28
30 27
30 33
30 45
30 13
30 23
30 48
30 9
30 25
30 19
30 46
30 1
30 37
30 5
30 10
22
31 30
31 21
31 23
31 1
31 45
31 24
31 6
31 14
31 13
31 38
31 2
31 27
31 12
31 39
31 20
31 46
31 11
31 3
31 25
31 0
31 37
31 26
24
32 31
32 17
32 22
32 33
32 25
32 47
32 9
32 36
32 8
32 37
32 13
32 49
32 48
32 40
32 28
32 21
32 6
32 2
32 10
32 27
32 3
32 34
32 44
32 38
15
33 43
33 27
33 25
33 35
33 48
33 16
33 14
33 3
33 26
33 23
33 31
33 1
33 11
33 24
33 2
16
34 16
34 9
34 31
34 45
34 46
34 10
34 23
34 36
34 24
34 28
34 44
34 47
34 33
34 39
34 20
34 40
16
35 48
35 34
35 42
35 2
35 26
35 3
35 41
35 44
35 9
35 28
35 31
35 5
35 30
35 32
35 49
35 11
17
36 38
36 41
36 9
36 42
36 6
36 40
36 44
36 45
36 19
36 8
36 28
36 13
36 39
36 33
36 23
36 26
36 16
19
37 5
37 43
37 22
37 1
37 33
37 38
37 3
37 23
37 4
37 44
37 49
37 36
37 6
37 15
37 46
37 20
37 35
37 10
37 26
19
38 15
38 33
38 6
38 27
38 13
38 4
38 7
38 44
38 30
38 12
38 28
38 0
38 41
38 18
38 34
38 3
38 42
38 8
38 17
21
39 10
39 40
39 27
39 13
39 28
39 38
39 0
39 15
39 17
39 49
39 47
39 16
39 21
39 41
39 12
39 32
39 33
39 43
39 6
39 30
39 19
24
40 11
40 24
40 35
40 28
40 44
40 37
40 9
40 21
40 10
40 31
40 5
40 33
40 45
40 0
40 38
40 17
40 30
40 29
40 1
40 20
40 6
40 42
40 16
40 23
15
41 7
41 5
41 18
41 20
41 21
41 32
41 40
41 10
41 44
41 43
41 27
41 11
41 19
41 37
41 30
18
42 24
42 44
42 13
42 32
42 37
42 27
42 47
42 48
42 31
42 39
42 19
42 7
42 34
42 45
42 14
42 30
42 5
42 16
23
43 29
43 19
43 9
43 2
43 22
43 5
43 24
43 20
43 21
43 4
43 30
43 0
43 35
43 15
43 31
43 1
43 27
43 40
43 6
43 42
43 38
43 13
43 12
16
44 13
44 31
44 49
44 30
44 39
44 27
44 15
44 26
44 23
44 33
44 14
44 16
44 24
44 12
44 48
44 11
23
45 4
45 33
45 38
45 17
45 7
45 8
45 18
45 28
45 25
45 32
45 27
45 41
45 26
45 43
45 46
45 22
45 21
45 37
45 19
45 24
45 44
45 29
45 23
23
46 33
46 49
46 8
46 28
46 13
46 1
46 0
46 24
46 7
46 36
46 32
46 39
46 21
46 14
46 15
46 25
46 35
46 43
46 42
46 44
46 29
46 26
46 40
18
47 33
47 13
47 15
47 45
47 12
47 0
47 38
47 20
47 8
47 43
47 36
47 40
47 30
47 37
47 31
47 11
47 7
47 14
16
48 26
48 31
48 17
48 40
48 0
48 2
48 11
48 49
48 12
48 38
48 45
48 36
48 37
48 21
48 3
48 23
19
49 45
49 43
49 15
49 6
49 5
49 17
49 31
49 1
49 33
49 21
49 27
49 11
49 3
49 7
49 29
49 4
49 34
49 30
49 8
