50
0 "A7"
1 "A21"
2 "A1"
3 "A48"
4 "A33"
5 "A14"
6 "A35"
7 "A42"
8 "A6"
9 "A30"
10 "A34"
11 "A0"
12 "A18"
13 "A46"
14 "A23"
15 "A25"
16 "A12"
17 "A31"
18 "A43"
19 "A32"
20 "A16"
21 "A41"
22 "A3"
23 "A4"
24 "A10"
25 "A13"
26 "A39"
27 "A15"
28 "A49"
29 "A38"
30 "A17"
31 "A22"
32 "A37"
33 "A27"
34 "A19"
35 "A28"
36 "A40"
37 "A44"
38 "A11"
39 "A24"
40 "A20"
41 "A26"
42 "A29"
43 "A2"
44 "A8"
45 "A45"
46 "A5"
47 "A36"
48 "A47"
49 "A9"
15
0 35
0 36
0 32
0 29
0 28
0 22
0 16
0 23
0 26
0 38
0 44
0 34
0 11
0 12
0 3
28
1 46
1 45
1 36
1 25
1 44
1 39
1 3
1 20
1 13
1 41
1 2
1 35
1 14
1 12
1 47
1 24
1 48
1 30
1 0
1 27
1 8
1 21
1 40
1 33
1 10
1 38
1 5
1 49
21
2 12
2 17
2 48
2 7
2 42
2 41
2 14
2 15
2 39
2 16
2 24
2 20
2 28
2 11
2 4
2 44
2 5
2 10
2 29
2 0
2 27
15
3 46
3 49
3 28
3 13
3 29
3 35
3 48
3 2
3 26
3 5
3 27
3 7
3 33
3 44
3 34
21
4 44
4 32
4 45
4 13
4 35
4 7
4 3
4 29
4 8
4 0
4 49
4 14
4 22
4 21
4 17
4 37
4 23
4 43
4 15
4 30
4 38
18
5 20
5 4
5 44
5 33
5 26
5 37
5 22
5 39
5 21
5 18
5 29
5 48
5 17
5 43
5 16
5 14
5 0
5 46
23
6 47
6 30
6 18
6 1
6 42
6 27
6 20
6 8
6 38
6 2
6 37
6 39
6 0
6 24
6 46
6 3
6 31
6 11
6 25
6 34
6 14
6 17
6 49
17
7 20
7 9
7 36
7 11
7 42
7 48
7 8
7 1
7 19
7 23
7 35
7 6
7 33
7 25
7 26
7 0
7 15
19
8 37
8 5
8 0
8 42
8 48
8 16
8 41
8 45
8 34
8 3
8 39
8 43
8 27
8 36
8 19
8 30
8 20
8 22
8 44
17
9 5
9 46
9 45
9 4
9 47
9 38
9 48
9 15
9 8
9 2
9 42
9 23
9 27
9 49
9 17
9 3
9 1
15
10 35
10 20
10 23
10 8
10 17
10 48
10 21
10 33
10 7
10 46
10 22
10 16
10 13
10 44
10 0
19
11 21
11 10
11 8
11 26
11 32
11 42
11 24
11 20
11 36
11 19
11 43
11 15
11 48
11 40
11 39
11 9
11 1
11 44
11 17
22
12 14
12 3
12 37
12 9
12 7
12 11
12 4
12 39
12 5
12 20
12 26
12 30
12 22
12 35
12 13
12 49
12 31
12 45
12 40
12 19
12 8
12 15
16
13 5
13 31
13 32
13 2
13 42
13 21
13 34
13 45
13 11
13 26
13 38
13 0
13 27
13 24
13 7
13 19
20
14 42
14 18
14 16
14 10
14 11
14 3
14 13
14 36
14 47
14 31
14 38
14 49
14 39
14 33
14 23
14 20
14 0
14 48
14 15
14 40
16
15 31
15 47
15 24
15 5
15 8
15 18
15 38
15 34
15 30
15 35
15 49
15 46
15 44
15 33
15 23
15 13
23
16 44
16 11
16 43
16 25
16 39
16 21
16 3
16 1
16 28
16 15
16 4
16 13
16 12
16 45
16 6
16 30
16 42
16 18
16 27
16 7
16 33
16 32
16 40
20
17 16
17 31
17 18
17 34
17 29
17 19
17 39
17 8
17 12
17 7
17 35
17 3
17 43
17 24
17 15
17 30
17 25
17 37
17 1
17 13
22
18 20
18 33
18 11
18 9
18 37
18 3
18 2
18 4
18 13
18 1
18 7
18 10
18 43
18 36
18 45
18 38
18 44
18 31
18 8
18 26
18 25
18 34
17
19 24
19 16
19 30
19 6
19 34
19 48
19 40
19 1
19 5
19 23
19 14
19 3
19 21
19 31
19 33
19 9
19 2
20
20 0
20 22
20 49
20 19
20 44
20 35
20 46
20 48
20 43
20 24
20 13
20 9
20 28
20 47
20 3
20 15
20 4
20 26
20 36
20 32
19
21 8
21 44
21 43
21 48
21 17
21 26
21 7
21 2
21 6
21 25
21 9
21 23
21 20
21 42
21 12
21 33
21 49
21 31
21 14
25
22 39
22 41
22 48
22 11
22 13
22 14
22 18
22 7
22 15
22 37
22 49
22 47
22 38
22 24
22 23
22 46
22 40
22 3
22 2
22 35
22 26
22 1
22 21
22 17
22 6
18
23 47
23 5
23 11
23 33
23 13
23 25
23 3
23 46
23 48
23 28
23 38
23 41
23 39
23 20
23 2
23 31
23 16
23 8
20
24 16
24 25
24 7
24 36
24 49
24 47
24 40
24 30
24 32
24 5
24 3
24 39
24 21
24 4
24 12
24 18
24 27
24 9
24 0
24 29
19
25 35
25 28
25 5
25 33
25 20
25 0
25 36
25 41
25 9
25 39
25 44
25 38
25 22
25 12
25 11
25 30
25 19
25 10
25 8
18
26 32
26 48
26 2
26 4
26 47
26 29
26 45
26 1
26 41
26 39
26 9
26 43
26 35
26 38
26 14
26 15
26 37
26 46
16
27 12
27 22
27 25
27 42
27 17
27 14
27 41
27 46
27 23
27 39
27 43
27 26
27 10
27 4
27 18
27 30
21
28 17
28 4
28 10
28 11
28 6
28 33
28 19
28 13
28 37
28 12
28 46
28 15
28 38
28 22
28 24
28 5
28 43
28 26
28 18
28 29
28 7
23
29 11
29 12
29 41
29 37
29 27
29 39
29 6
29 18
29 10
29 25
29 1
29 22
29 34
29 7
29 30
29 9
29 23
29 21
29 31
29 15
29 40
29 14
29 48
19
30 9
30 11
30 21
30 3
30 37
30 48
30 2
30 44
30 13
30 26
30 40
30 0
30 49
30 22
30 20
30 23
30 43
30 45
30 5
19
31 47
31 3
31 26
31 4
31 1
31 28
31 33
31 10
31 0
31 36
31 5
31 38
31 16
31 42
31 41
31 25
31 11
31 22
31 24
28
32 14
32 41
32 46
32 8
32 9
32 40
32 5
32 39
32 48
32 29
32 27
32 42
32 19
32 10
32 36
32 28
32 34
32 31
32 21
32 1
32 7
32 25
32 18
32 22
32 2
32 3
32 12
32 23
15
33 13
33 20
33 30
33 49
33 2
33 4
33 9
33 38
33 35
33 40
33 26
33 6
33 0
33 24
33 17
23
34 12
34 23
34 33
34 21
34 5
34 2
34 16
34 47
34 14
34 9
34 42
34 4
34 36
34 1
34 45
34 26
34 31
34 41
34 27
34 38
34 11
34 7
34 30
21
35 21
35 9
35 32
35 16
35 30
35 40
35 14
35 8
35 45
35 36
35 2
35 19
35 48
35 31
35 43
35 18
35 46
35 6
35 49
35 29
35 24
16
36 27
36 28
36 33
36 3
36 10
36 12
36 16
36 29
36 30
36 49
36 19
36 47
36 26
36 15
36 39
36 6
20
37 24
37 34
37 32
37 49
37 13
37 21
37 31
37 35
37 38
37 2
37 23
37 7
37 9
37 36
37 19
37 16
37 33
37 44
37 11
37 1
12
38 46
38 7
38 5
38 41
38 36
38 8
38 19
38 29
38 12
38 2
38 27
38 10
15
39 4
39 21
39 34
39 13
39 15
39 35
39 49
39 20
39 47
39 7
39 31
39 9
39 46
39 43
39 3
22
40 37
40 26
40 27
40 21
40 6
40 7
40 17
40 34
40 25
40 13
40 5
40 28
40 44
40 10
40 20
40 43
40 18
40 0
40 38
40 4
40 23
40 9
21
41 19
41 0
41 44
41 43
41 9
41 39
41 21
41 28
41 4
41 3
41 24
41 18
41 15
41 30
41 35
41 40
41 6
41 48
41 10
41 14
41 37
20
42 23
42 33
42 4
42 29
42 26
42 18
42 28
42 19
42 3
42 10
42 44
42 24
42 37
42 40
42 20
42 39
42 17
42 48
42 30
42 43
17
43 2
43 6
43 7
43 23
43 37
43 34
43 48
43 31
43 24
43 12
43 1
43 3
43 33
43 0
43 13
43 36
43 15
19
44 35
44 7
44 29
44 14
44 9
44 49
44 33
44 32
44 38
44 45
44 24
44 17
44 36
44 31
44 13
44 19
44 22
44 12
44 23
25
45 2
45 0
45 25
45 46
45 41
45 32
45 17
45 3
45 7
45 11
45 5
45 6
45 42
45 10
45 38
45 20
45 29
45 28
45 19
45 40
45 43
45 36
45 27
45 33
45 37
25
46 30
46 31
46 8
46 4
46 29
46 42
46 0
46 48
46 19
46 17
46 33
46 41
46 14
46 49
46 34
46 40
46 16
46 36
46 24
46 43
46 44
46 47
46 18
46 11
46 12
27
47 42
47 27
47 33
47 35
47 30
47 40
47 44
47 16
47 45
47 41
47 37
47 3
47 17
47 12
47 8
47 19
47 28
47 13
47 10
47 21
47 11
47 29
47 0
47 32
47 4
47 43
47 38
15
48 33
48 47
48 0
48 12
48 28
48 31
48 13
48 4
48 44
48 34
48 36
48 40
48 38
48 6
48 27
18
49 13
49 23
49 25
49 26
49 45
49 8
49 5
49 18
49 2
49 0
49 17
49 40
49 42
49 34
49 43
49 27
49 7
49 38
