50
0 "A7"
1 "A21"
2 "A1"
3 "A48"
4 "A33"
5 "A14"
6 "A35"
7 "A42"
8 "A6"
9 "A30"
10 "A34"
11 "A0"
12 "A18"
13 "A46"
14 "A23"
15 "A25"
16 "A12"
17 "A31"
18 "A43"
19 "A32"
20 "A16"
21 "A41"
22 "A3"
23 "A4"
24 "A10"
25 "A13"
26 "A39"
27 "A15"
28 "A49"
29 "A38"
30 "A17"
31 "A22"
32 "A37"
33 "A27"
34 "A19"
35 "A28"
36 "A40"
37 "A44"
38 "A11"
39 "A24"
40 "A20"
41 "A26"
42 "A29"
43 "A2"
44 "A8"
45 "A45"
46 "A5"
47 "A36"
48 "A47"
49 "A9"
16
0 6
0 35
0 23
0 3
0 26
0 39
0 32
0 29
0 41
0 22
0 9
0 16
0 37
0 2
0 12
0 15
25
1 24
1 8
1 44
1 46
1 40
1 36
1 12
1 10
1 38
1 29
1 47
1 49
1 20
1 48
1 4
1 0
1 41
1 15
1 39
1 33
1 26
1 35
1 43
1 14
1 21
21
2 27
2 12
2 43
2 48
2 7
2 42
2 45
2 33
2 5
2 22
2 41
2 16
2 40
2 20
2 15
2 44
2 36
2 21
2 37
2 14
2 39
14
3 13
3 44
3 11
3 41
3 29
3 31
3 38
3 2
3 5
3 49
3 25
3 28
3 1
3 7
16
4 15
4 21
4 45
4 43
4 28
4 38
4 3
4 32
4 13
4 34
4 44
4 2
4 31
4 24
4 37
4 27
18
5 20
5 48
5 41
5 36
5 30
5 0
5 46
5 14
5 47
5 1
5 37
5 22
5 21
5 29
5 44
5 10
5 26
5 18
23
6 30
6 18
6 38
6 27
6 25
6 21
6 47
6 41
6 37
6 8
6 34
6 2
6 42
6 39
6 4
6 1
6 26
6 32
6 14
6 13
6 49
6 31
6 11
19
7 6
7 46
7 25
7 36
7 1
7 10
7 39
7 20
7 32
7 11
7 18
7 27
7 0
7 8
7 9
7 24
7 15
7 31
7 33
18
8 37
8 22
8 2
8 45
8 20
8 49
8 44
8 5
8 36
8 14
8 30
8 34
8 3
8 10
8 26
8 41
8 43
8 39
18
9 32
9 3
9 1
9 46
9 38
9 36
9 16
9 4
9 2
9 27
9 22
9 15
9 8
9 42
9 33
9 49
9 6
9 20
18
10 34
10 4
10 46
10 30
10 3
10 9
10 13
10 0
10 49
10 20
10 44
10 11
10 43
10 39
10 12
10 22
10 16
10 6
21
11 27
11 40
11 21
11 1
11 42
11 26
11 9
11 28
11 43
11 18
11 39
11 24
11 44
11 38
11 36
11 45
11 35
11 48
11 41
11 4
11 0
23
12 46
12 5
12 19
12 39
12 18
12 23
12 40
12 14
12 47
12 11
12 9
12 20
12 7
12 26
12 36
12 8
12 42
12 6
12 22
12 37
12 35
12 31
12 28
21
13 7
13 31
13 8
13 0
13 26
13 11
13 12
13 5
13 32
13 37
13 36
13 1
13 38
13 34
13 46
13 45
13 35
13 27
13 2
13 15
13 21
24
14 29
14 39
14 10
14 24
14 30
14 4
14 17
14 19
14 15
14 33
14 20
14 11
14 22
14 44
14 49
14 42
14 40
14 36
14 18
14 25
14 7
14 3
14 31
14 16
18
15 10
15 47
15 33
15 40
15 34
15 18
15 8
15 30
15 35
15 46
15 43
15 22
15 24
15 44
15 23
15 5
15 20
15 31
22
16 8
16 25
16 39
16 30
16 3
16 21
16 45
16 7
16 37
16 13
16 36
16 18
16 1
16 4
16 12
16 42
16 15
16 43
16 22
16 29
16 20
16 6
17
17 13
17 8
17 31
17 39
17 46
17 11
17 2
17 4
17 7
17 18
17 43
17 34
17 0
17 3
17 27
17 9
17 10
20
18 9
18 13
18 36
18 2
18 0
18 26
18 8
18 4
18 37
18 1
18 34
18 25
18 31
18 46
18 33
18 30
18 22
18 10
18 3
18 44
23
19 29
19 23
19 28
19 3
19 4
19 49
19 17
19 8
19 31
19 46
19 2
19 33
19 47
19 22
19 24
19 48
19 37
19 16
19 5
19 6
19 25
19 39
19 40
20
20 22
20 36
20 48
20 39
20 19
20 13
20 35
20 34
20 6
20 49
20 4
20 23
20 28
20 29
20 44
20 3
20 11
20 47
20 26
20 0
16
21 33
21 31
21 0
21 43
21 20
21 45
21 7
21 28
21 42
21 8
21 3
21 9
21 32
21 14
21 38
21 44
20
22 24
22 30
22 21
22 42
22 1
22 11
22 38
22 46
22 40
22 3
22 23
22 39
22 34
22 26
22 49
22 13
22 47
22 37
22 4
22 17
23
23 32
23 1
23 31
23 36
23 47
23 29
23 2
23 5
23 48
23 11
23 13
23 7
23 26
23 41
23 34
23 46
23 45
23 28
23 16
23 18
23 27
23 25
23 10
19
24 2
24 18
24 12
24 41
24 48
24 16
24 36
24 30
24 32
24 27
24 43
24 3
24 39
24 23
24 0
24 21
24 46
24 13
24 10
22
25 30
25 40
25 8
25 26
25 33
25 44
25 2
25 32
25 36
25 45
25 0
25 31
25 10
25 49
25 42
25 11
25 37
25 12
25 5
25 28
25 13
25 9
16
26 4
26 47
26 24
26 41
26 39
26 44
26 40
26 45
26 32
26 36
26 38
26 2
26 15
26 14
26 17
26 48
16
27 16
27 18
27 29
27 39
27 22
27 14
27 10
27 30
27 15
27 43
27 46
27 40
27 44
27 20
27 19
27 8
19
28 35
28 15
28 13
28 0
28 46
28 7
28 17
28 29
28 38
28 9
28 5
28 43
28 32
28 26
28 27
28 37
28 40
28 18
28 6
22
29 18
29 15
29 7
29 39
29 6
29 26
29 4
29 34
29 21
29 9
29 17
29 11
29 25
29 37
29 47
29 22
29 40
29 12
29 41
29 10
29 13
29 44
18
30 37
30 2
30 20
30 45
30 29
30 3
30 44
30 13
30 34
30 28
30 4
30 49
30 12
30 0
30 11
30 33
30 1
30 48
19
31 26
31 11
31 24
31 28
31 36
31 33
31 37
31 5
31 16
31 27
31 29
31 9
31 49
31 43
31 38
31 41
31 42
31 47
31 10
24
32 2
32 1
32 48
32 29
32 34
32 3
32 38
32 15
32 10
32 31
32 41
32 14
32 36
32 11
32 12
32 33
32 20
32 22
32 39
32 40
32 17
32 19
32 46
32 5
21
33 17
33 12
33 8
33 13
33 0
33 20
33 10
33 16
33 37
33 49
33 35
33 4
33 22
33 38
33 26
33 28
33 6
33 29
33 40
33 23
33 39
17
34 19
34 7
34 2
34 16
34 41
34 49
34 9
34 43
34 25
34 31
34 3
34 21
34 36
34 26
34 38
34 11
34 33
27
35 41
35 8
35 46
35 16
35 29
35 24
35 32
35 31
35 14
35 26
35 21
35 38
35 18
35 6
35 10
35 40
35 7
35 25
35 48
35 36
35 27
35 5
35 45
35 3
35 19
35 23
35 30
16
36 28
36 6
36 0
36 19
36 27
36 33
36 3
36 47
36 29
36 39
36 10
36 21
36 17
36 4
36 41
36 45
16
37 17
37 23
37 26
37 36
37 20
37 9
37 7
37 24
37 34
37 32
37 27
37 48
37 44
37 46
37 10
37 21
21
38 42
38 49
38 7
38 2
38 12
38 41
38 29
38 24
38 8
38 47
38 25
38 16
38 30
38 39
38 0
38 46
38 37
38 14
38 19
38 48
38 5
10
39 48
39 4
39 34
39 45
39 21
39 23
39 35
39 9
39 13
39 28
24
40 0
40 4
40 20
40 23
40 21
40 6
40 34
40 24
40 9
40 36
40 8
40 37
40 5
40 16
40 43
40 44
40 42
40 13
40 10
40 17
40 31
40 39
40 18
40 30
16
41 10
41 9
41 37
41 25
41 28
41 12
41 16
41 44
41 15
41 22
41 21
41 42
41 18
41 33
41 19
41 4
23
42 23
42 17
42 43
42 30
42 33
42 39
42 20
42 26
42 10
42 46
42 15
42 48
42 28
42 19
42 3
42 36
42 37
42 13
42 27
42 24
42 32
42 8
42 18
16
43 35
43 33
43 23
43 19
43 47
43 38
43 22
43 41
43 5
43 3
43 13
43 7
43 32
43 29
43 37
43 14
15
44 24
44 35
44 33
44 38
44 28
44 43
44 7
44 9
44 47
44 23
44 36
44 49
44 39
44 31
44 32
25
45 37
45 31
45 12
45 34
45 32
45 7
45 38
45 27
45 6
45 29
45 41
45 3
45 10
45 14
45 43
45 20
45 28
45 46
45 15
45 44
45 22
45 17
45 33
45 19
45 24
18
46 34
46 25
46 14
46 20
46 41
46 47
46 43
46 40
46 0
46 36
46 2
46 31
46 8
46 39
46 4
46 11
46 33
46 44
21
47 8
47 28
47 18
47 30
47 17
47 13
47 16
47 4
47 33
47 24
47 32
47 37
47 2
47 10
47 49
47 35
47 42
47 14
47 25
47 34
47 45
21
48 36
48 40
48 15
48 6
48 33
48 27
48 22
48 25
48 45
48 17
48 47
48 44
48 12
48 28
48 7
48 31
48 8
48 10
48 9
48 16
48 34
24
49 43
49 41
49 27
49 13
49 7
49 39
49 36
49 26
49 23
49 2
49 5
49 21
49 4
49 48
49 46
49 18
49 11
49 16
49 17
49 45
49 12
49 29
49 24
49 40
