50
0 "A7"
1 "A21"
2 "A1"
3 "A48"
4 "A33"
5 "A14"
6 "A35"
7 "A42"
8 "A6"
9 "A30"
10 "A34"
11 "A0"
12 "A18"
13 "A46"
14 "A23"
15 "A25"
16 "A12"
17 "A31"
18 "A43"
19 "A32"
20 "A16"
21 "A41"
22 "A3"
23 "A4"
24 "A10"
25 "A13"
26 "A39"
27 "A15"
28 "A49"
29 "A38"
30 "A17"
31 "A22"
32 "A37"
33 "A27"
34 "A19"
35 "A28"
36 "A40"
37 "A44"
38 "A11"
39 "A24"
40 "A20"
41 "A26"
42 "A29"
43 "A2"
44 "A8"
45 "A45"
46 "A5"
47 "A36"
48 "A47"
49 "A9"
26
0 15
0 21
0 34
0 3
0 19
0 48
0 31
0 11
0 39
0 33
0 37
0 26
0 28
0 8
0 35
0 24
0 41
0 36
0 1
0 29
0 47
0 46
0 4
0 18
0 25
0 13
20
1 16
1 49
1 48
1 14
1 47
1 10
1 8
1 45
1 29
1 18
1 20
1 28
1 38
1 46
1 9
1 41
1 19
1 34
1 4
1 42
23
2 33
2 7
2 16
2 13
2 6
2 40
2 10
2 30
2 23
2 42
2 47
2 20
2 26
2 5
2 18
2 21
2 27
2 17
2 4
2 15
2 49
2 32
2 44
24
3 1
3 45
3 4
3 37
3 6
3 32
3 29
3 15
3 9
3 12
3 8
3 11
3 19
3 31
3 20
3 49
3 17
3 5
3 36
3 46
3 34
3 42
3 38
3 28
17
4 15
4 40
4 37
4 34
4 19
4 43
4 30
4 32
4 6
4 27
4 21
4 17
4 22
4 42
4 38
4 33
4 39
17
5 47
5 31
5 38
5 42
5 6
5 11
5 22
5 12
5 44
5 33
5 30
5 4
5 1
5 36
5 8
5 15
5 10
24
6 7
6 43
6 8
6 31
6 13
6 21
6 29
6 32
6 41
6 46
6 19
6 33
6 17
6 44
6 38
6 20
6 1
6 10
6 23
6 28
6 49
6 40
6 24
6 25
18
7 12
7 4
7 26
7 14
7 47
7 22
7 19
7 11
7 5
7 25
7 44
7 40
7 45
7 18
7 39
7 38
7 42
7 10
19
8 38
8 40
8 34
8 4
8 33
8 18
8 20
8 41
8 49
8 30
8 7
8 24
8 35
8 29
8 14
8 44
8 17
8 32
8 37
18
9 28
9 16
9 4
9 44
9 38
9 11
9 31
9 8
9 25
9 13
9 2
9 0
9 48
9 33
9 36
9 18
9 37
9 19
25
10 30
10 31
10 35
10 49
10 42
10 9
10 37
10 0
10 15
10 28
10 45
10 43
10 22
10 39
10 21
10 36
10 32
10 34
10 41
10 4
10 29
10 11
10 19
10 48
10 8
19
11 35
11 2
11 49
11 21
11 24
11 25
11 26
11 39
11 46
11 4
11 16
11 48
11 28
11 8
11 33
11 23
11 44
11 38
11 42
18
12 4
12 47
12 29
12 46
12 33
12 6
12 11
12 8
12 19
12 25
12 20
12 49
12 10
12 9
12 2
12 13
12 1
12 37
17
13 1
13 4
13 10
13 41
13 49
13 34
13 22
13 25
13 37
13 33
13 39
13 14
13 18
13 44
13 21
13 5
13 48
22
14 38
14 39
14 45
14 3
14 44
14 23
14 43
14 6
14 26
14 49
14 11
14 42
14 12
14 10
14 16
14 20
14 31
14 32
14 27
14 37
14 36
14 0
17
15 48
15 24
15 1
15 22
15 20
15 19
15 46
15 49
15 8
15 40
15 29
15 11
15 21
15 26
15 47
15 9
15 18
23
16 12
16 28
16 31
16 46
16 7
16 43
16 23
16 19
16 45
16 42
16 27
16 4
16 15
16 39
16 47
16 5
16 6
16 20
16 10
16 38
16 32
16 40
16 35
15
17 15
17 33
17 23
17 48
17 5
17 29
17 10
17 25
17 13
17 7
17 46
17 9
17 49
17 12
17 20
23
18 32
18 36
18 14
18 34
18 23
18 3
18 45
18 37
18 4
18 5
18 49
18 10
18 30
18 31
18 11
18 44
18 39
18 29
18 40
18 43
18 33
18 26
18 35
20
19 2
19 34
19 36
19 5
19 46
19 43
19 17
19 47
19 18
19 40
19 25
19 48
19 22
19 37
19 33
19 26
19 44
19 11
19 13
19 31
19
20 7
20 18
20 26
20 24
20 27
20 11
20 45
20 25
20 46
20 38
20 35
20 30
20 36
20 37
20 10
20 42
20 4
20 9
20 40
16
21 5
21 45
21 22
21 7
21 35
21 48
21 29
21 18
21 12
21 36
21 42
21 1
21 19
21 14
21 33
21 41
22
22 35
22 41
22 27
22 1
22 42
22 11
22 38
22 0
22 17
22 43
22 18
22 14
22 34
22 9
22 36
22 3
22 25
22 6
22 12
22 8
22 49
22 31
19
23 15
23 26
23 8
23 7
23 37
23 5
23 29
23 22
23 32
23 47
23 0
23 28
23 41
23 49
23 13
23 46
23 42
23 40
23 35
21
24 40
24 32
24 23
24 5
24 47
24 36
24 4
24 21
24 14
24 19
24 13
24 45
24 1
24 22
24 12
24 42
24 38
24 3
24 18
24 16
24 33
26
25 47
25 38
25 16
25 14
25 24
25 18
25 48
25 4
25 36
25 10
25 2
25 40
25 30
25 33
25 41
25 43
25 45
25 42
25 21
25 35
25 37
25 23
25 39
25 5
25 8
25 28
18
26 17
26 6
26 3
26 27
26 37
26 16
26 40
26 42
26 35
26 31
26 8
26 45
26 49
26 10
26 22
26 32
26 4
26 1
21
27 12
27 21
27 10
27 19
27 37
27 46
27 18
27 6
27 24
27 1
27 23
27 44
27 8
27 40
27 30
27 17
27 7
27 29
27 28
27 42
27 39
19
28 36
28 5
28 38
28 8
28 14
28 31
28 35
28 21
28 18
28 45
28 4
28 33
28 12
28 26
28 24
28 42
28 43
28 48
28 13
18
29 45
29 20
29 28
29 37
29 41
29 19
29 26
29 2
29 42
29 24
29 16
29 22
29 31
29 25
29 9
29 7
29 13
29 5
19
30 12
30 29
30 24
30 14
30 46
30 45
30 33
30 48
30 19
30 49
30 17
30 13
30 32
30 44
30 15
30 0
30 16
30 11
30 7
20
31 11
31 21
31 20
31 41
31 13
31 48
31 12
31 38
31 2
31 42
31 32
31 25
31 30
31 23
31 17
31 44
31 46
31 39
31 47
31 43
21
32 42
32 9
32 29
32 48
32 28
32 11
32 33
32 43
32 47
32 27
32 45
32 46
32 0
32 38
32 41
32 25
32 34
32 49
32 20
32 36
32 39
20
33 14
33 37
33 34
33 36
33 31
33 35
33 39
33 22
33 45
33 48
33 27
33 26
33 23
33 44
33 46
33 10
33 7
33 1
33 16
33 3
19
34 11
34 28
34 43
34 7
34 40
34 2
34 9
34 36
34 23
34 48
34 5
34 29
34 26
34 44
34 37
34 30
34 27
34 21
34 6
18
35 7
35 30
35 36
35 37
35 27
35 39
35 31
35 46
35 45
35 32
35 5
35 34
35 1
35 29
35 24
35 17
35 4
35 19
15
36 8
36 7
36 37
36 12
36 1
36 40
36 43
36 4
36 31
36 2
36 15
36 11
36 30
36 23
36 42
20
37 47
37 43
37 2
37 17
37 32
37 15
37 46
37 28
37 1
37 40
37 5
37 6
37 11
37 24
37 22
37 7
37 39
37 30
37 42
37 21
21
38 41
38 30
38 13
38 37
38 44
38 19
38 10
38 15
38 35
38 23
38 34
38 18
38 33
38 29
38 21
38 2
38 42
38 49
38 17
38 27
38 47
20
39 38
39 8
39 28
39 41
39 15
39 2
39 21
39 17
39 22
39 12
39 47
39 48
39 20
39 1
39 9
39 30
39 34
39 23
39 5
39 19
17
40 17
40 39
40 32
40 10
40 42
40 33
40 14
40 29
40 48
40 0
40 3
40 13
40 38
40 35
40 5
40 1
40 45
25
41 47
41 35
41 14
41 26
41 43
41 19
41 4
41 16
41 3
41 11
41 18
41 17
41 48
41 2
41 36
41 28
41 24
41 20
41 40
41 34
41 9
41 37
41 30
41 33
41 5
15
42 46
42 35
42 6
42 18
42 9
42 17
42 0
42 49
42 41
42 13
42 44
42 8
42 34
42 30
42 33
18
43 7
43 39
43 42
43 47
43 38
43 23
43 40
43 1
43 24
43 12
43 5
43 45
43 3
43 2
43 9
43 21
43 0
43 29
18
44 10
44 20
44 25
44 32
44 23
44 4
44 41
44 21
44 0
44 17
44 16
44 37
44 36
44 35
44 15
44 29
44 40
44 1
21
45 19
45 15
45 9
45 31
45 22
45 12
45 17
45 2
45 42
45 4
45 34
45 13
45 41
45 6
45 27
45 37
45 46
45 11
45 39
45 38
45 36
17
46 2
46 25
46 9
46 28
46 7
46 22
46 24
46 36
46 44
46 21
46 10
46 14
46 49
46 18
46 47
46 5
46 34
21
47 45
47 35
47 9
47 10
47 29
47 22
47 27
47 4
47 8
47 11
47 21
47 49
47 26
47 13
47 34
47 40
47 14
47 6
47 30
47 3
47 36
18
48 36
48 5
48 3
48 7
48 6
48 14
48 22
48 16
48 12
48 4
48 47
48 46
48 44
48 20
48 27
48 43
48 42
48 2
13
49 41
49 36
49 0
49 5
49 31
49 4
49 33
49 16
49 34
49 19
49 20
49 40
49 9
