50
0 "A7"
1 "A21"
2 "A1"
3 "A48"
4 "A33"
5 "A14"
6 "A35"
7 "A42"
8 "A6"
9 "A30"
10 "A34"
11 "A0"
12 "A18"
13 "A46"
14 "A23"
15 "A25"
16 "A12"
17 "A31"
18 "A43"
19 "A32"
20 "A16"
21 "A41"
22 "A3"
23 "A4"
24 "A10"
25 "A13"
26 "A39"
27 "A15"
28 "A49"
29 "A38"
30 "A17"
31 "A22"
32 "A37"
33 "A27"
34 "A19"
35 "A28"
36 "A40"
37 "A44"
38 "A11"
39 "A24"
40 "A20"
41 "A26"
42 "A29"
43 "A2"
44 "A8"
45 "A45"
46 "A5"
47 "A36"
48 "A47"
49 "A9"
17
0 37
0 39
0 11
0 15
0 17
0 26
0 31
0 21
0 29
0 47
0 36
0 4
0 24
0 38
0 27
0 2
0 25
21
1 44
1 13
1 4
1 0
1 21
1 15
1 28
1 3
1 16
1 42
1 19
1 17
1 31
1 47
1 25
1 38
1 41
1 30
1 48
1 8
1 45
16
2 4
2 28
2 26
2 17
2 32
2 48
2 11
2 29
2 43
2 22
2 10
2 20
2 15
2 49
2 45
2 16
17
3 16
3 26
3 7
3 41
3 29
3 20
3 48
3 27
3 42
3 49
3 11
3 31
3 8
3 24
3 17
3 44
3 45
15
4 37
4 32
4 34
4 29
4 42
4 26
4 15
4 5
4 47
4 45
4 38
4 3
4 40
4 13
4 7
15
5 2
5 21
5 0
5 45
5 23
5 37
5 29
5 41
5 10
5 25
5 27
5 18
5 14
5 19
5 42
27
6 13
6 2
6 21
6 4
6 30
6 16
6 14
6 17
6 33
6 29
6 47
6 7
6 24
6 12
6 41
6 8
6 40
6 1
6 31
6 5
6 3
6 34
6 36
6 20
6 0
6 45
6 15
18
7 0
7 48
7 33
7 45
7 43
7 2
7 11
7 25
7 35
7 15
7 20
7 5
7 32
7 42
7 24
7 22
7 23
7 27
21
8 12
8 49
8 24
8 45
8 4
8 46
8 40
8 34
8 39
8 28
8 41
8 30
8 25
8 19
8 16
8 31
8 7
8 2
8 35
8 26
8 11
25
9 30
9 19
9 35
9 16
9 41
9 20
9 45
9 47
9 3
9 6
9 12
9 46
9 0
9 29
9 39
9 48
9 26
9 17
9 37
9 2
9 22
9 14
9 5
9 11
9 23
20
10 48
10 43
10 21
10 26
10 38
10 22
10 20
10 28
10 39
10 13
10 30
10 45
10 8
10 9
10 49
10 4
10 24
10 42
10 0
10 35
19
11 24
11 30
11 33
11 6
11 13
11 1
11 19
11 48
11 15
11 16
11 21
11 38
11 35
11 41
11 29
11 28
11 42
11 37
11 40
18
12 2
12 24
12 5
12 45
12 43
12 46
12 35
12 26
12 25
12 15
12 3
12 7
12 27
12 4
12 49
12 28
12 42
12 38
14
13 5
13 41
13 12
13 19
13 0
13 26
13 16
13 2
13 34
13 8
13 21
13 47
13 48
13 3
19
14 29
14 13
14 26
14 10
14 44
14 0
14 4
14 30
14 2
14 17
14 41
14 36
14 11
14 8
14 19
14 25
14 48
14 7
14 1
25
15 43
15 35
15 10
15 14
15 41
15 26
15 45
15 40
15 9
15 39
15 25
15 49
15 29
15 33
15 5
15 42
15 28
15 37
15 24
15 48
15 3
15 34
15 20
15 44
15 16
22
16 36
16 48
16 41
16 39
16 49
16 10
16 5
16 23
16 37
16 0
16 12
16 20
16 33
16 30
16 7
16 14
16 19
16 40
16 4
16 18
16 26
16 38
21
17 25
17 10
17 33
17 8
17 37
17 42
17 18
17 19
17 24
17 16
17 36
17 28
17 7
17 20
17 32
17 27
17 47
17 11
17 21
17 45
17 39
22
18 7
18 6
18 1
18 4
18 46
18 21
18 40
18 14
18 49
18 11
18 10
18 15
18 22
18 2
18 38
18 13
18 3
18 31
18 36
18 23
18 30
18 44
19
19 44
19 38
19 2
19 12
19 31
19 27
19 18
19 21
19 42
19 25
19 37
19 35
19 30
19 6
19 48
19 24
19 26
19 15
19 41
23
20 4
20 13
20 12
20 19
20 36
20 40
20 11
20 23
20 25
20 39
20 45
20 46
20 18
20 44
20 1
20 38
20 47
20 24
20 26
20 30
20 5
20 14
20 0
17
21 16
21 8
21 43
21 9
21 7
21 30
21 3
21 35
21 12
21 15
21 2
21 44
21 20
21 22
21 42
21 40
21 14
20
22 20
22 26
22 3
22 11
22 1
22 36
22 38
22 40
22 48
22 16
22 47
22 13
22 31
22 30
22 8
22 49
22 12
22 42
22 6
22 15
23
23 24
23 21
23 28
23 44
23 32
23 36
23 38
23 42
23 48
23 22
23 13
23 31
23 14
23 47
23 2
23 35
23 12
23 40
23 4
23 41
23 49
23 11
23 3
13
24 40
24 38
24 27
24 45
24 35
24 48
24 14
24 13
24 18
24 42
24 28
24 47
24 44
22
25 4
25 27
25 36
25 34
25 47
25 22
25 11
25 24
25 3
25 28
25 33
25 40
25 31
25 16
25 43
25 30
25 13
25 21
25 18
25 2
25 9
25 23
18
26 1
26 11
26 45
26 38
26 42
26 29
26 21
26 27
26 6
26 24
26 37
26 18
26 32
26 7
26 30
26 46
26 5
26 35
20
27 20
27 37
27 35
27 36
27 47
27 44
27 22
27 49
27 28
27 6
27 10
27 16
27 23
27 29
27 2
27 45
27 13
27 1
27 15
27 14
23
28 9
28 41
28 33
28 19
28 18
28 34
28 13
28 7
28 30
28 32
28 48
28 36
28 37
28 26
28 31
28 0
28 4
28 20
28 35
28 14
28 3
28 42
28 21
23
29 43
29 31
29 28
29 42
29 18
29 21
29 20
29 8
29 1
29 38
29 49
29 37
29 12
29 23
29 10
29 33
29 25
29 34
29 22
29 7
29 24
29 32
29 36
15
30 2
30 27
30 36
30 32
30 48
30 7
30 44
30 5
30 15
30 40
30 23
30 13
30 24
30 12
30 38
19
31 45
31 24
31 21
31 5
31 20
31 15
31 17
31 49
31 37
31 2
31 43
31 27
31 44
31 4
31 33
31 26
31 32
31 9
31 11
22
32 49
32 34
32 13
32 19
32 12
32 16
32 5
32 44
32 15
32 24
32 46
32 1
32 6
32 36
32 40
32 39
32 11
32 18
32 35
32 43
32 9
32 21
21
33 22
33 19
33 37
33 9
33 18
33 35
33 5
33 43
33 27
33 30
33 13
33 45
33 42
33 4
33 21
33 24
33 2
33 12
33 1
33 26
33 14
26
34 40
34 19
34 3
34 1
34 10
34 9
34 24
34 30
34 14
34 36
34 35
34 12
34 47
34 11
34 31
34 21
34 20
34 27
34 16
34 23
34 38
34 49
34 17
34 48
34 5
34 18
14
35 39
35 14
35 37
35 18
35 2
35 41
35 17
35 3
35 20
35 43
35 1
35 25
35 13
35 29
20
36 33
36 15
36 3
36 35
36 45
36 4
36 13
36 41
36 40
36 12
36 2
36 43
36 5
36 47
36 48
36 19
36 24
36 26
36 42
36 9
18
37 30
37 12
37 20
37 24
37 36
37 47
37 18
37 46
37 49
37 7
37 14
37 40
37 32
37 1
37 41
37 10
37 21
37 25
19
38 28
38 5
38 49
38 37
38 14
38 31
38 8
38 7
38 32
38 35
38 27
38 9
38 3
38 25
38 40
38 33
38 36
38 6
38 44
20
39 30
39 11
39 27
39 14
39 3
39 28
39 23
39 26
39 34
39 21
39 24
39 25
39 42
39 5
39 7
39 12
39 1
39 18
39 47
39 43
20
40 0
40 5
40 14
40 46
40 33
40 7
40 10
40 28
40 9
40 26
40 31
40 39
40 12
40 44
40 13
40 17
40 19
40 47
40 35
40 41
22
41 47
41 32
41 29
41 18
41 44
41 48
41 4
41 24
41 42
41 7
41 21
41 34
41 49
41 30
41 45
41 17
41 12
41 25
41 2
41 33
41 20
41 22
20
42 2
42 45
42 20
42 25
42 14
42 6
42 46
42 18
42 38
42 49
42 48
42 37
42 13
42 0
42 30
42 40
42 16
42 44
42 9
42 43
23
43 16
43 4
43 3
43 22
43 14
43 30
43 37
43 44
43 38
43 6
43 23
43 28
43 40
43 13
43 24
43 26
43 18
43 8
43 49
43 9
43 46
43 11
43 0
19
44 34
44 17
44 37
44 48
44 0
44 25
44 4
44 22
44 49
44 39
44 8
44 7
44 29
44 33
44 28
44 45
44 11
44 6
44 26
15
45 22
45 25
45 46
45 18
45 40
45 43
45 35
45 38
45 14
45 47
45 16
45 39
45 13
45 19
45 37
21
46 15
46 23
46 30
46 14
46 48
46 22
46 21
46 35
46 4
46 29
46 17
46 13
46 36
46 11
46 10
46 41
46 24
46 2
46 0
46 3
46 44
18
47 28
47 2
47 15
47 14
47 43
47 18
47 12
47 48
47 42
47 29
47 16
47 8
47 21
47 38
47 31
47 26
47 30
47 7
17
48 39
48 17
48 32
48 37
48 45
48 33
48 20
48 40
48 18
48 31
48 21
48 38
48 0
48 49
48 25
48 27
48 5
18
49 46
49 40
49 13
49 6
49 21
49 25
49 14
49 5
49 0
49 24
49 30
49 11
49 17
49 36
49 1
49 45
49 47
49 7
