50
0 "A7"
1 "A21"
2 "A1"
3 "A48"
4 "A33"
5 "A14"
6 "A35"
7 "A42"
8 "A6"
9 "A30"
10 "A34"
11 "A0"
12 "A18"
13 "A46"
14 "A23"
15 "A25"
16 "A12"
17 "A31"
18 "A43"
19 "A32"
20 "A16"
21 "A41"
22 "A3"
23 "A4"
24 "A10"
25 "A13"
26 "A39"
27 "A15"
28 "A49"
29 "A38"
30 "A17"
31 "A22"
32 "A37"
33 "A27"
34 "A19"
35 "A28"
36 "A40"
37 "A44"
38 "A11"
39 "A24"
40 "A20"
41 "A26"
42 "A29"
43 "A2"
44 "A8"
45 "A45"
46 "A5"
47 "A36"
48 "A47"
49 "A9"
20
0 16
0 43
0 38
0 22
0 28
0 44
0 18
0 13
0 49
0 19
0 17
0 11
0 47
0 5
0 34
0 35
0 26
0 21
0 15
0 31
20
1 43
1 18
1 0
1 41
1 23
1 42
1 47
1 8
1 14
1 21
1 13
1 25
1 20
1 17
1 28
1 26
1 11
1 9
1 15
1 33
20
2 44
2 42
2 3
2 41
2 20
2 12
2 0
2 14
2 17
2 27
2 39
2 29
2 48
2 37
2 22
2 28
2 7
2 18
2 25
2 8
20
3 37
3 15
3 31
3 26
3 6
3 43
3 9
3 7
3 38
3 28
3 18
3 47
3 44
3 34
3 27
3 0
3 45
3 25
3 48
3 17
18
4 42
4 39
4 19
4 17
4 33
4 10
4 0
4 21
4 3
4 7
4 49
4 31
4 28
4 37
4 48
4 40
4 12
4 18
22
5 29
5 3
5 18
5 7
5 43
5 31
5 47
5 17
5 15
5 41
5 35
5 30
5 13
5 39
5 4
5 2
5 12
5 25
5 26
5 28
5 1
5 32
23
6 41
6 21
6 48
6 34
6 31
6 15
6 4
6 22
6 18
6 35
6 40
6 1
6 29
6 14
6 42
6 43
6 36
6 28
6 26
6 45
6 10
6 8
6 30
20
7 19
7 1
7 17
7 15
7 29
7 11
7 48
7 23
7 0
7 27
7 13
7 22
7 49
7 30
7 41
7 6
7 40
7 9
7 21
7 32
20
8 24
8 36
8 44
8 3
8 5
8 43
8 21
8 40
8 41
8 35
8 49
8 12
8 15
8 45
8 42
8 11
8 28
8 34
8 33
8 17
21
9 15
9 28
9 14
9 10
9 41
9 46
9 2
9 0
9 38
9 12
9 31
9 20
9 11
9 19
9 4
9 13
9 40
9 34
9 36
9 8
9 47
17
10 12
10 21
10 42
10 11
10 46
10 7
10 2
10 16
10 1
10 41
10 15
10 32
10 3
10 40
10 20
10 29
10 17
15
11 2
11 4
11 24
11 22
11 13
11 49
11 47
11 34
11 5
11 6
11 3
11 36
11 37
11 48
11 16
17
12 38
12 6
12 42
12 35
12 24
12 28
12 40
12 32
12 1
12 7
12 22
12 26
12 17
12 43
12 41
12 13
12 29
17
13 27
13 41
13 8
13 39
13 44
13 17
13 20
13 6
13 10
13 28
13 47
13 32
13 40
13 23
13 46
13 35
13 38
23
14 26
14 48
14 18
14 23
14 31
14 5
14 10
14 32
14 38
14 40
14 21
14 43
14 17
14 7
14 22
14 33
14 29
14 0
14 15
14 13
14 34
14 42
14 8
24
15 2
15 18
15 26
15 43
15 42
15 33
15 41
15 47
15 11
15 17
15 22
15 19
15 27
15 32
15 40
15 34
15 20
15 49
15 31
15 36
15 21
15 13
15 48
15 4
22
16 5
16 39
16 32
16 9
16 21
16 48
16 18
16 8
16 22
16 36
16 35
16 1
16 4
16 13
16 19
16 30
16 14
16 49
16 17
16 25
16 44
16 6
15
17 23
17 39
17 24
17 30
17 25
17 49
17 35
17 21
17 28
17 9
17 37
17 47
17 38
17 31
17 22
19
18 27
18 13
18 39
18 20
18 8
18 12
18 9
18 48
18 17
18 46
18 11
18 30
18 41
18 10
18 24
18 23
18 38
18 33
18 37
25
19 14
19 17
19 35
19 32
19 46
19 10
19 2
19 39
19 34
19 44
19 21
19 22
19 8
19 49
19 13
19 6
19 26
19 37
19 24
19 29
19 47
19 12
19 3
19 43
19 45
14
20 40
20 42
20 14
20 17
20 4
20 32
20 36
20 12
20 26
20 27
20 24
20 16
20 11
20 0
14
21 11
21 28
21 5
21 46
21 40
21 32
21 13
21 38
21 20
21 9
21 36
21 18
21 45
21 49
23
22 23
22 41
22 39
22 10
22 37
22 36
22 24
22 49
22 20
22 8
22 13
22 26
22 31
22 33
22 38
22 48
22 30
22 40
22 44
22 21
22 25
22 9
22 3
16
23 6
23 33
23 29
23 15
23 9
23 5
23 25
23 4
23 28
23 3
23 12
23 36
23 8
23 19
23 11
23 16
18
24 9
24 10
24 42
24 13
24 34
24 2
24 25
24 48
24 7
24 38
24 16
24 37
24 46
24 21
24 6
24 0
24 41
24 14
17
25 11
25 41
25 18
25 36
25 13
25 26
25 44
25 39
25 12
25 33
25 30
25 34
25 29
25 4
25 21
25 20
25 10
16
26 27
26 24
26 33
26 9
26 28
26 18
26 21
26 4
26 17
26 43
26 2
26 48
26 7
26 39
26 29
26 41
21
27 19
27 28
27 22
27 43
27 0
27 41
27 12
27 21
27 24
27 9
27 1
27 45
27 46
27 35
27 31
27 6
27 11
27 14
27 8
27 23
27 4
12
28 31
28 25
28 37
28 7
28 42
28 16
28 35
28 43
28 24
28 39
28 36
28 19
21
29 38
29 13
29 17
29 31
29 1
29 46
29 21
29 4
29 39
29 22
29 3
29 11
29 41
29 16
29 28
29 37
29 20
29 15
29 24
29 33
29 34
23
30 27
30 4
30 8
30 14
30 9
30 38
30 10
30 36
30 3
30 32
30 43
30 19
30 24
30 46
30 26
30 40
30 13
30 2
30 1
30 48
30 34
30 21
30 47
23
31 43
31 47
31 20
31 41
31 45
31 38
31 24
31 42
31 12
31 30
31 49
31 26
31 21
31 40
31 7
31 39
31 1
31 8
31 34
31 25
31 35
31 18
31 19
16
32 1
32 23
32 45
32 25
32 4
32 2
32 31
32 18
32 29
32 35
32 40
32 44
32 39
32 22
32 9
32 6
17
33 19
33 34
33 32
33 10
33 13
33 30
33 44
33 45
33 47
33 6
33 0
33 37
33 21
33 36
33 7
33 16
33 20
19
34 1
34 36
34 32
34 22
34 27
34 35
34 17
34 12
34 44
34 21
34 48
34 10
34 26
34 23
34 41
34 16
34 20
34 40
34 46
21
35 24
35 7
35 26
35 10
35 29
35 44
35 23
35 48
35 3
35 49
35 42
35 40
35 14
35 45
35 33
35 11
35 43
35 2
35 46
35 25
35 1
20
36 4
36 27
36 18
36 17
36 49
36 32
36 5
36 13
36 35
36 37
36 46
36 0
36 45
36 31
36 26
36 7
36 14
36 39
36 1
36 2
21
37 41
37 46
37 47
37 49
37 9
37 23
37 44
37 7
37 26
37 25
37 27
37 20
37 32
37 0
37 42
37 21
37 12
37 10
37 14
37 34
37 31
20
38 35
38 1
38 16
38 2
38 23
38 20
38 40
38 15
38 37
38 32
38 34
38 39
38 46
38 8
38 47
38 7
38 33
38 4
38 26
38 36
23
39 37
39 35
39 11
39 46
39 12
39 48
39 45
39 6
39 20
39 14
39 27
39 3
39 30
39 23
39 33
39 7
39 1
39 9
39 8
39 44
39 34
39 15
39 21
21
40 3
40 37
40 27
40 29
40 26
40 48
40 0
40 24
40 11
40 42
40 18
40 47
40 25
40 23
40 28
40 2
40 43
40 36
40 39
40 33
40 5
18
41 49
41 40
41 42
41 19
41 46
41 35
41 0
41 33
41 28
41 43
41 39
41 14
41 17
41 30
41 44
41 32
41 16
41 36
18
42 3
42 23
42 22
42 25
42 36
42 7
42 33
42 0
42 34
42 38
42 27
42 11
42 29
42 39
42 32
42 17
42 13
42 18
20
43 16
43 36
43 47
43 7
43 34
43 32
43 42
43 46
43 39
43 18
43 20
43 11
43 49
43 13
43 17
43 10
43 25
43 21
43 38
43 24
19
44 5
44 28
44 45
44 9
44 36
44 11
44 40
44 43
44 42
44 27
44 29
44 30
44 6
44 1
44 12
44 21
44 23
44 18
44 7
26
45 30
45 14
45 18
45 41
45 25
45 24
45 0
45 29
45 4
45 34
45 16
45 22
45 42
45 28
45 37
45 26
45 49
45 9
45 15
45 38
45 23
45 47
45 13
45 11
45 20
45 1
20
46 32
46 11
46 23
46 2
46 42
46 1
46 20
46 22
46 3
46 31
46 25
46 0
46 5
46 28
46 17
46 7
46 6
46 48
46 4
46 40
24
47 41
47 10
47 46
47 20
47 48
47 39
47 27
47 14
47 23
47 49
47 6
47 29
47 22
47 25
47 18
47 16
47 2
47 34
47 28
47 21
47 26
47 42
47 35
47 12
18
48 12
48 19
48 33
48 8
48 28
48 1
48 17
48 37
48 23
48 21
48 20
48 43
48 10
48 13
48 45
48 36
48 38
48 29
23
49 23
49 12
49 6
49 13
49 44
49 24
49 14
49 29
49 38
49 3
49 25
49 32
49 20
49 26
49 1
49 10
49 39
49 33
49 48
49 9
49 40
49 34
49 42
