50
0 "A7"
1 "A21"
2 "A1"
3 "A48"
4 "A33"
5 "A14"
6 "A35"
7 "A42"
8 "A6"
9 "A30"
10 "A34"
11 "A0"
12 "A18"
13 "A46"
14 "A23"
15 "A25"
16 "A12"
17 "A31"
18 "A43"
19 "A32"
20 "A16"
21 "A41"
22 "A3"
23 "A4"
24 "A10"
25 "A13"
26 "A39"
27 "A15"
28 "A49"
29 "A38"
30 "A17"
31 "A22"
32 "A37"
33 "A27"
34 "A19"
35 "A28"
36 "A40"
37 "A44"
38 "A11"
39 "A24"
40 "A20"
41 "A26"
42 "A29"
43 "A2"
44 "A8"
45 "A45"
46 "A5"
47 "A36"
48 "A47"
49 "A9"
25
0 10
0 3
0 39
0 5
0 30
0 15
0 11
0 7
0 43
0 9
0 19
0 35
0 1
0 16
0 14
0 29
0 27
0 23
0 20
0 18
0 21
0 17
0 37
0 36
0 45
24
1 32
1 23
1 43
1 13
1 49
1 12
1 29
1 37
1 16
1 9
1 42
1 40
1 46
1 33
1 44
1 17
1 25
1 8
1 38
1 15
1 31
1 4
1 11
1 47
24
2 31
2 11
2 36
2 8
2 14
2 4
2 0
2 29
2 15
2 1
2 47
2 25
2 20
2 6
2 48
2 32
2 41
2 7
2 28
2 44
2 45
2 46
2 9
2 3
17
3 6
3 27
3 42
3 26
3 15
3 44
3 32
3 31
3 14
3 49
3 18
3 41
3 16
3 29
3 35
3 28
3 48
18
4 30
4 49
4 43
4 5
4 31
4 13
4 44
4 42
4 37
4 48
4 47
4 28
4 16
4 23
4 35
4 39
4 38
4 40
24
5 26
5 19
5 41
5 11
5 32
5 22
5 13
5 43
5 39
5 47
5 33
5 6
5 3
5 46
5 25
5 42
5 1
5 2
5 23
5 24
5 10
5 29
5 30
5 9
14
6 40
6 29
6 14
6 32
6 15
6 11
6 0
6 44
6 43
6 28
6 41
6 39
6 45
6 1
23
7 19
7 39
7 47
7 13
7 30
7 46
7 42
7 28
7 8
7 45
7 6
7 15
7 48
7 17
7 38
7 5
7 22
7 31
7 1
7 10
7 40
7 3
7 44
22
8 5
8 6
8 40
8 37
8 11
8 29
8 20
8 42
8 18
8 32
8 3
8 36
8 24
8 45
8 0
8 43
8 39
8 10
8 22
8 46
8 31
8 49
20
9 30
9 35
9 19
9 10
9 48
9 3
9 45
9 34
9 31
9 28
9 8
9 41
9 42
9 12
9 29
9 20
9 22
9 4
9 24
9 47
13
10 30
10 3
10 32
10 44
10 37
10 41
10 17
10 16
10 6
10 11
10 19
10 4
10 25
17
11 38
11 25
11 28
11 3
11 14
11 7
11 33
11 27
11 41
11 48
11 23
11 15
11 26
11 45
11 13
11 24
11 35
17
12 48
12 25
12 27
12 14
12 5
12 2
12 23
12 3
12 7
12 8
12 35
12 41
12 10
12 49
12 42
12 38
12 11
19
13 8
13 25
13 20
13 27
13 44
13 9
13 46
13 38
13 15
13 49
13 28
13 14
13 29
13 21
13 26
13 22
13 17
13 2
13 16
18
14 15
14 31
14 26
14 46
14 38
14 44
14 8
14 9
14 39
14 34
14 18
14 4
14 33
14 7
14 24
14 19
14 48
14 5
11
15 43
15 5
15 10
15 20
15 33
15 22
15 45
15 21
15 40
15 47
15 19
17
16 49
16 30
16 6
16 2
16 21
16 38
16 27
16 7
16 14
16 11
16 41
16 26
16 45
16 40
16 20
16 42
16 47
14
17 15
17 4
17 23
17 30
17 32
17 47
17 19
17 24
17 40
17 45
17 3
17 11
17 37
17 8
24
18 45
18 7
18 20
18 42
18 31
18 9
18 15
18 47
18 11
18 6
18 28
18 25
18 35
18 10
18 13
18 48
18 41
18 30
18 1
18 16
18 37
18 38
18 5
18 17
18
19 20
19 37
19 45
19 40
19 2
19 24
19 42
19 25
19 16
19 4
19 34
19 3
19 13
19 11
19 35
19 38
19 28
19 46
18
20 14
20 26
20 37
20 42
20 1
20 27
20 47
20 12
20 36
20 41
20 10
20 6
20 11
20 39
20 43
20 7
20 38
20 17
18
21 41
21 14
21 35
21 29
21 45
21 3
21 38
21 40
21 18
21 46
21 42
21 11
21 1
21 34
21 49
21 39
21 25
21 43
25
22 3
22 36
22 24
22 21
22 27
22 35
22 32
22 17
22 1
22 6
22 34
22 41
22 45
22 30
22 25
22 14
22 28
22 11
22 37
22 16
22 47
22 0
22 4
22 40
22 44
19
23 32
23 10
23 19
23 8
23 7
23 2
23 40
23 6
23 38
23 42
23 41
23 49
23 16
23 20
23 13
23 29
23 15
23 3
23 31
23
24 34
24 30
24 38
24 18
24 4
24 25
24 0
24 6
24 2
24 21
24 13
24 26
24 43
24 3
24 33
24 20
24 49
24 23
24 1
24 7
24 16
24 42
24 29
20
25 8
25 0
25 7
25 38
25 4
25 32
25 33
25 23
25 41
25 14
25 16
25 47
25 6
25 48
25 35
25 44
25 37
25 3
25 46
25 15
22
26 6
26 7
26 18
26 39
26 10
26 35
26 19
26 22
26 2
26 42
26 25
26 8
26 41
26 43
26 0
26 33
26 21
26 17
26 48
26 29
26 12
26 15
21
27 30
27 42
27 6
27 23
27 4
27 15
27 41
27 10
27 9
27 1
27 8
27 19
27 14
27 2
27 31
27 35
27 28
27 49
27 7
27 47
27 18
16
28 45
28 37
28 0
28 15
28 21
28 5
28 39
28 36
28 20
28 30
28 46
28 25
28 24
28 49
28 47
28 23
16
29 11
29 19
29 37
29 28
29 25
29 18
29 17
29 45
29 14
29 31
29 4
29 10
29 15
29 7
29 46
29 30
20
30 44
30 40
30 21
30 34
30 20
30 8
30 47
30 39
30 33
30 36
30 26
30 19
30 2
30 1
30 3
30 35
30 14
30 46
30 42
30 12
21
31 41
31 45
31 24
31 26
31 19
31 10
31 12
31 0
31 40
31 33
31 46
31 37
31 11
31 15
31 25
31 49
31 48
31 16
31 22
31 32
31 5
20
32 37
32 39
32 12
32 24
32 4
32 16
32 21
32 41
32 20
32 26
32 18
32 7
32 30
32 44
32 0
32 13
32 14
32 38
32 9
32 11
19
33 16
33 0
33 32
33 22
33 37
33 18
33 7
33 19
33 27
33 45
33 34
33 21
33 28
33 36
33 20
33 6
33 12
33 43
33 44
24
34 8
34 31
34 20
34 39
34 42
34 4
34 18
34 10
34 44
34 6
34 23
34 29
34 0
34 26
34 32
34 12
34 13
34 35
34 2
34 48
34 41
34 7
34 28
34 3
21
35 32
35 2
35 15
35 17
35 33
35 14
35 31
35 46
35 36
35 49
35 6
35 47
35 40
35 1
35 20
35 5
35 28
35 7
35 24
35 16
35 29
21
36 45
36 18
36 5
36 26
36 19
36 1
36 13
36 37
36 27
36 10
36 34
36 21
36 32
36 29
36 44
36 16
36 48
36 15
36 4
36 11
36 14
20
37 30
37 9
37 34
37 24
37 7
37 12
37 15
37 13
37 39
37 27
37 47
37 26
37 16
37 11
37 2
37 5
37 38
37 42
37 40
37 23
18
38 39
38 29
38 34
38 22
38 27
38 9
38 47
38 8
38 43
38 5
38 35
38 17
38 2
38 46
38 42
38 36
38 28
38 44
17
39 9
39 33
39 15
39 17
39 23
39 11
39 18
39 16
39 3
39 27
39 36
39 19
39 1
39 13
39 35
39 24
39 29
17
40 46
40 36
40 39
40 42
40 13
40 26
40 43
40 48
40 11
40 25
40 9
40 14
40 2
40 20
40 34
40 5
40 28
18
41 8
41 33
41 17
41 24
41 30
41 19
41 7
41 38
41 46
41 28
41 39
41 40
41 47
41 15
41 13
41 36
41 35
41 44
19
42 41
42 22
42 17
42 11
42 33
42 32
42 44
42 25
42 2
42 48
42 6
42 0
42 13
42 47
42 15
42 36
42 28
42 46
42 43
25
43 29
43 22
43 46
43 16
43 28
43 30
43 35
43 34
43 17
43 13
43 39
43 36
43 37
43 19
43 49
43 45
43 27
43 9
43 10
43 18
43 2
43 32
43 41
43 11
43 3
21
44 26
44 17
44 11
44 18
44 35
44 9
44 48
44 15
44 47
44 28
44 39
44 20
44 0
44 24
44 43
44 46
44 5
44 37
44 21
44 40
44 16
20
45 14
45 25
45 40
45 3
45 4
45 23
45 27
45 34
45 37
45 47
45 12
45 1
45 41
45 24
45 20
45 46
45 32
45 13
45 38
45 35
19
46 12
46 0
46 20
46 11
46 49
46 32
46 10
46 39
46 23
46 18
46 3
46 15
46 37
46 22
46 47
46 16
46 36
46 4
46 17
18
47 24
47 0
47 19
47 14
47 26
47 33
47 8
47 43
47 12
47 21
47 40
47 31
47 11
47 10
47 39
47 34
47 6
47 23
25
48 46
48 23
48 10
48 27
48 24
48 33
48 16
48 22
48 39
48 49
48 45
48 1
48 17
48 41
48 35
48 5
48 43
48 8
48 30
48 38
48 19
48 6
48 47
48 29
48 37
20
49 39
49 34
49 20
49 14
49 0
49 17
49 40
49 26
49 33
49 47
49 30
49 36
49 41
49 25
49 2
49 44
49 29
49 7
49 10
49 15
