50
0 "A7"
1 "A21"
2 "A1"
3 "A48"
4 "A33"
5 "A14"
6 "A35"
7 "A42"
8 "A6"
9 "A30"
10 "A34"
11 "A0"
12 "A18"
13 "A46"
14 "A23"
15 "A25"
16 "A12"
17 "A31"
18 "A43"
19 "A32"
20 "A16"
21 "A41"
22 "A3"
23 "A4"
24 "A10"
25 "A13"
26 "A39"
27 "A15"
28 "A49"
29 "A38"
30 "A17"
31 "A22"
32 "A37"
33 "A27"
34 "A19"
35 "A28"
36 "A40"
37 "A44"
38 "A11"
39 "A24"
40 "A20"
41 "A26"
42 "A29"
43 "A2"
44 "A8"
45 "A45"
46 "A5"
47 "A36"
48 "A47"
49 "A9"
16
0 48
0 43
0 38
0 35
0 3
0 30
0 32
0 34
0 27
0 31
0 47
0 17
0 15
0 26
0 24
0 9
22
1 42
1 27
1 3
1 16
1 7
1 38
1 35
1 39
1 48
1 45
1 24
1 17
1 4
1 11
1 30
1 13
1 9
1 47
1 25
1 34
1 32
1 0
18
2 15
2 0
2 33
2 13
2 11
2 4
2 16
2 46
2 25
2 42
2 40
2 36
2 6
2 26
2 35
2 5
2 31
2 3
14
3 10
3 23
3 5
3 30
3 33
3 27
3 34
3 20
3 42
3 15
3 19
3 36
3 16
3 22
15
4 5
4 40
4 41
4 32
4 43
4 14
4 3
4 42
4 28
4 17
4 26
4 10
4 24
4 22
4 13
20
5 48
5 32
5 15
5 35
5 27
5 1
5 46
5 20
5 23
5 29
5 45
5 0
5 18
5 49
5 47
5 37
5 43
5 40
5 41
5 42
20
6 36
6 13
6 34
6 45
6 3
6 1
6 27
6 43
6 26
6 29
6 11
6 49
6 41
6 12
6 5
6 15
6 0
6 4
6 18
6 24
16
7 28
7 13
7 33
7 24
7 2
7 6
7 3
7 23
7 4
7 17
7 18
7 19
7 42
7 5
7 48
7 15
19
8 46
8 7
8 6
8 12
8 19
8 1
8 43
8 5
8 30
8 17
8 25
8 13
8 29
8 32
8 47
8 3
8 45
8 4
8 39
14
9 6
9 17
9 3
9 30
9 42
9 7
9 38
9 49
9 46
9 12
9 8
9 20
9 10
9 41
19
10 16
10 35
10 8
10 7
10 17
10 12
10 15
10 40
10 6
10 29
10 26
10 45
10 42
10 44
10 33
10 32
10 1
10 2
10 28
20
11 4
11 0
11 12
11 44
11 21
11 15
11 47
11 9
11 17
11 7
11 28
11 23
11 39
11 31
11 38
11 35
11 18
11 10
11 40
11 8
19
12 1
12 5
12 30
12 29
12 43
12 41
12 28
12 47
12 15
12 19
12 7
12 0
12 37
12 14
12 38
12 4
12 2
12 35
12 3
15
13 26
13 18
13 12
13 19
13 24
13 39
13 41
13 44
13 10
13 36
13 37
13 17
13 38
13 11
13 23
19
14 8
14 23
14 39
14 34
14 3
14 32
14 33
14 38
14 2
14 19
14 0
14 10
14 43
14 15
14 6
14 46
14 16
14 7
14 11
19
15 29
15 1
15 36
15 46
15 48
15 28
15 9
15 23
15 40
15 37
15 38
15 45
15 33
15 24
15 30
15 8
15 35
15 13
15 26
24
16 46
16 6
16 4
16 48
16 34
16 23
16 29
16 47
16 15
16 12
16 25
16 45
16 38
16 7
16 35
16 17
16 9
16 27
16 11
16 19
16 26
16 31
16 39
16 5
19
17 35
17 21
17 34
17 2
17 45
17 23
17 42
17 40
17 18
17 12
17 29
17 26
17 6
17 48
17 31
17 14
17 15
17 5
17 28
22
18 35
18 3
18 1
18 30
18 2
18 21
18 37
18 22
18 42
18 31
18 15
18 9
18 41
18 28
18 20
18 16
18 49
18 36
18 46
18 4
18 14
18 45
21
19 0
19 45
19 30
19 38
19 22
19 32
19 2
19 48
19 24
19 26
19 10
19 11
19 49
19 34
19 5
19 40
19 6
19 43
19 15
19 44
19 33
17
20 8
20 22
20 40
20 0
20 2
20 13
20 34
20 10
20 15
20 6
20 46
20 26
20 47
20 33
20 7
20 14
20 17
22
21 10
21 5
21 20
21 0
21 9
21 19
21 26
21 15
21 22
21 2
21 8
21 14
21 7
21 35
21 16
21 45
21 43
21 13
21 3
21 37
21 23
21 29
22
22 8
22 17
22 9
22 33
22 34
22 41
22 5
22 48
22 7
22 1
22 24
22 23
22 15
22 10
22 31
22 30
22 0
22 2
22 14
22 38
22 13
22 28
17
23 49
23 10
23 27
23 34
23 24
23 39
23 47
23 35
23 38
23 9
23 4
23 40
23 30
23 46
23 28
23 41
23 12
19
24 46
24 12
24 33
24 5
24 8
24 14
24 43
24 27
24 20
24 26
24 25
24 2
24 48
24 16
24 30
24 38
24 35
24 18
24 11
23
25 29
25 5
25 23
25 12
25 9
25 21
25 3
25 17
25 18
25 0
25 33
25 31
25 49
25 10
25 32
25 44
25 19
25 42
25 20
25 30
25 39
25 46
25 43
16
26 5
26 39
26 7
26 22
26 43
26 28
26 3
26 18
26 23
26 14
26 11
26 48
26 8
26 9
26 29
26 36
21
27 19
27 14
27 25
27 41
27 11
27 12
27 2
27 4
27 7
27 36
27 42
27 26
27 44
27 22
27 8
27 32
27 35
27 17
27 38
27 10
27 13
18
28 46
28 47
28 25
28 0
28 48
28 6
28 8
28 14
28 13
28 19
28 21
28 2
28 34
28 41
28 32
28 24
28 9
28 33
21
29 32
29 7
29 3
29 9
29 36
29 18
29 4
29 43
29 14
29 42
29 19
29 31
29 1
29 0
29 22
29 33
29 37
29 13
29 44
29 23
29 39
19
30 43
30 42
30 2
30 5
30 47
30 4
30 20
30 37
30 11
30 46
30 40
30 10
30 29
30 13
30 6
30 34
30 21
30 16
30 26
24
31 12
31 14
31 19
31 20
31 24
31 5
31 36
31 9
31 32
31 3
31 28
31 13
31 1
31 38
31 45
31 27
31 23
31 47
31 34
31 41
31 42
31 7
31 33
31 48
21
32 6
32 49
32 42
32 23
32 21
32 22
32 15
32 2
32 16
32 3
32 39
32 13
32 11
32 30
32 37
32 44
32 12
32 43
32 20
32 7
32 24
20
33 32
33 4
33 11
33 49
33 5
33 12
33 27
33 34
33 16
33 38
33 35
33 30
33 8
33 1
33 21
33 44
33 17
33 41
33 47
33 42
20
34 26
34 7
34 38
34 24
34 8
34 4
34 48
34 39
34 9
34 32
34 5
34 47
34 46
34 41
34 10
34 49
34 13
34 29
34 27
34 11
17
35 39
35 13
35 28
35 6
35 30
35 34
35 4
35 29
35 37
35 40
35 9
35 22
35 3
35 25
35 7
35 8
35 31
25
36 5
36 1
36 47
36 20
36 9
36 30
36 22
36 10
36 14
36 35
36 0
36 39
36 19
36 49
36 23
36 11
36 21
36 48
36 37
36 17
36 7
36 4
36 12
36 40
36 44
20
37 28
37 17
37 16
37 25
37 2
37 6
37 38
37 3
37 7
37 20
37 22
37 23
37 48
37 47
37 44
37 40
37 27
37 46
37 34
37 4
17
38 30
38 20
38 10
38 2
38 46
38 26
38 28
38 39
38 5
38 25
38 4
38 42
38 21
38 17
38 32
38 43
38 8
18
39 43
39 0
39 19
39 28
39 12
39 7
39 30
39 6
39 41
39 49
39 3
39 45
39 15
39 42
39 17
39 44
39 31
39 48
24
40 27
40 13
40 34
40 26
40 8
40 49
40 14
40 32
40 42
40 47
40 1
40 7
40 39
40 48
40 18
40 3
40 33
40 25
40 9
40 24
40 29
40 0
40 12
40 31
23
41 36
41 21
41 10
41 42
41 26
41 2
41 1
41 37
41 25
41 29
41 35
41 16
41 32
41 38
41 17
41 24
41 0
41 45
41 3
41 30
41 40
41 15
41 47
16
42 19
42 47
42 28
42 44
42 48
42 21
42 6
42 24
42 16
42 12
42 23
42 0
42 26
42 46
42 20
42 11
23
43 23
43 46
43 31
43 35
43 16
43 9
43 10
43 2
43 13
43 17
43 15
43 20
43 41
43 22
43 7
43 40
43 42
43 36
43 49
43 37
43 28
43 33
43 27
23
44 47
44 21
44 45
44 15
44 8
44 30
44 46
44 35
44 2
44 16
44 43
44 5
44 7
44 26
44 48
44 34
44 24
44 41
44 6
44 18
44 0
44 49
44 20
23
45 12
45 27
45 32
45 40
45 2
45 23
45 7
45 46
45 47
45 4
45 36
45 30
45 28
45 20
45 37
45 43
45 25
45 3
45 38
45 22
45 13
45 33
45 49
17
46 11
46 12
46 21
46 4
46 33
46 27
46 36
46 1
46 29
46 13
46 47
46 7
46 10
46 40
46 0
46 35
46 32
22
47 39
47 18
47 4
47 49
47 19
47 22
47 21
47 26
47 43
47 3
47 35
47 29
47 48
47 24
47 10
47 2
47 17
47 9
47 7
47 13
47 14
47 32
22
48 4
48 46
48 6
48 32
48 23
48 13
48 25
48 49
48 30
48 10
48 20
48 14
48 18
48 38
48 43
48 29
48 8
48 21
48 9
48 35
48 11
48 45
19
49 26
49 15
49 38
49 31
49 13
49 41
49 3
49 24
49 17
49 1
49 37
49 46
49 12
49 7
49 21
49 30
49 2
49 22
49 42
