50
0 "A38"
1 "A16"
2 "A24"
3 "A7"
4 "A26"
5 "A46"
6 "A29"
7 "A0"
8 "A19"
9 "A1"
10 "A12"
11 "A43"
12 "A30"
13 "A44"
14 "A48"
15 "A3"
16 "A28"
17 "A23"
18 "A37"
19 "A15"
20 "A41"
21 "A31"
22 "A40"
23 "A35"
24 "A47"
25 "A49"
26 "A6"
27 "A34"
28 "A11"
29 "A18"
30 "A2"
31 "A36"
32 "A33"
33 "A10"
34 "A22"
35 "A21"
36 "A25"
37 "A14"
38 "A4"
39 "A27"
40 "A13"
41 "A17"
42 "A42"
43 "A5"
44 "A8"
45 "A45"
46 "A20"
47 "A9"
48 "A32"
49 "A39"
24
0 20
0 18
0 29
0 28
0 9
0 47
0 35
0 33
0 30
0 1
0 48
0 5
0 31
0 27
0 3
0 44
0 38
0 46
0 39
0 13
0 8
0 43
0 21
0 14
28
1 22
1 19
1 33
1 23
1 7
1 47
1 13
1 10
1 16
1 43
1 40
1 28
1 17
1 35
1 5
1 42
1 29
1 11
1 6
1 4
1 49
1 32
1 34
1 44
1 12
1 39
1 9
1 25
17
2 4
2 15
2 28
2 42
2 31
2 36
2 17
2 13
2 40
2 1
2 27
2 7
2 47
2 38
2 6
2 35
2 49
15
3 40
3 37
3 1
3 24
3 35
3 16
3 6
3 19
3 25
3 7
3 45
3 11
3 9
3 38
3 14
21
4 43
4 13
4 3
4 22
4 48
4 26
4 10
4 45
4 5
4 16
4 46
4 20
4 31
4 40
4 23
4 30
4 29
4 38
4 32
4 39
4 7
19
5 8
5 23
5 31
5 13
5 35
5 48
5 25
5 12
5 36
5 3
5 39
5 47
5 40
5 46
5 33
5 19
5 30
5 10
5 27
22
6 11
6 49
6 47
6 29
6 40
6 16
6 14
6 18
6 5
6 23
6 10
6 25
6 13
6 33
6 22
6 39
6 35
6 8
6 44
6 42
6 38
6 36
24
7 5
7 30
7 29
7 11
7 25
7 15
7 18
7 0
7 10
7 38
7 6
7 24
7 37
7 20
7 21
7 40
7 13
7 47
7 9
7 48
7 17
7 19
7 32
7 39
18
8 33
8 24
8 45
8 20
8 38
8 29
8 44
8 19
8 18
8 10
8 1
8 12
8 25
8 4
8 48
8 28
8 7
8 14
23
9 16
9 2
9 36
9 14
9 18
9 34
9 23
9 4
9 31
9 48
9 44
9 17
9 45
9 38
9 26
9 43
9 6
9 5
9 19
9 22
9 37
9 25
9 28
16
10 32
10 0
10 30
10 23
10 9
10 29
10 15
10 16
10 40
10 34
10 49
10 45
10 19
10 25
10 43
10 12
19
11 29
11 35
11 9
11 43
11 30
11 8
11 41
11 44
11 23
11 33
11 49
11 28
11 10
11 46
11 4
11 42
11 5
11 48
11 13
24
12 22
12 14
12 3
12 42
12 37
12 43
12 13
12 4
12 31
12 0
12 38
12 26
12 28
12 29
12 15
12 44
12 21
12 17
12 7
12 48
12 30
12 49
12 41
12 45
17
13 3
13 26
13 41
13 17
13 31
13 43
13 40
13 20
13 10
13 21
13 42
13 33
13 37
13 39
13 8
13 45
13 46
20
14 7
14 46
14 39
14 33
14 41
14 5
14 4
14 1
14 15
14 32
14 27
14 31
14 18
14 10
14 36
14 24
14 48
14 29
14 16
14 30
21
15 43
15 5
15 44
15 24
15 35
15 28
15 11
15 27
15 0
15 42
15 23
15 22
15 37
15 8
15 36
15 6
15 17
15 39
15 1
15 16
15 45
15
16 34
16 20
16 38
16 26
16 12
16 46
16 8
16 7
16 35
16 30
16 22
16 49
16 13
16 11
16 25
21
17 18
17 23
17 44
17 37
17 11
17 14
17 8
17 39
17 5
17 3
17 10
17 27
17 19
17 26
17 46
17 16
17 4
17 38
17 20
17 24
17 0
15
18 40
18 10
18 26
18 20
18 1
18 5
18 27
18 16
18 12
18 25
18 45
18 33
18 15
18 4
18 47
19
19 6
19 14
19 25
19 45
19 20
19 47
19 22
19 30
19 42
19 11
19 40
19 27
19 16
19 31
19 18
19 48
19 4
19 13
19 49
19
20 5
20 33
20 24
20 6
20 41
20 12
20 26
20 36
20 29
20 38
20 46
20 2
20 21
20 34
20 23
20 32
20 11
20 45
20 47
21
21 49
21 24
21 11
21 43
21 4
21 6
21 45
21 36
21 5
21 3
21 38
21 8
21 9
21 16
21 30
21 14
21 15
21 26
21 32
21 17
21 10
22
22 5
22 25
22 49
22 36
22 41
22 8
22 18
22 44
22 43
22 46
22 23
22 20
22 37
22 26
22 27
22 10
22 2
22 28
22 32
22 31
22 7
22 38
20
23 42
23 16
23 39
23 12
23 30
23 36
23 3
23 27
23 35
23 37
23 43
23 18
23 44
23 13
23 8
23 26
23 7
23 14
23 19
23 0
18
24 1
24 31
24 48
24 44
24 45
24 28
24 46
24 33
24 29
24 23
24 43
24 12
24 4
24 6
24 5
24 0
24 30
24 47
18
25 26
25 0
25 12
25 11
25 13
25 32
25 20
25 33
25 48
25 17
25 27
25 24
25 42
25 2
25 30
25 41
25 15
25 4
20
26 29
26 1
26 30
26 33
26 19
26 14
26 24
26 48
26 35
26 40
26 10
26 7
26 3
26 8
26 45
26 38
26 15
26 27
26 11
26 5
20
27 42
27 33
27 40
27 21
27 28
27 11
27 43
27 31
27 16
27 8
27 41
27 9
27 20
27 1
27 10
27 3
27 32
27 34
27 7
27 6
14
28 25
28 30
28 48
28 13
28 14
28 23
28 10
28 21
28 47
28 20
28 40
28 31
28 4
28 5
17
29 39
29 23
29 28
29 32
29 21
29 37
29 2
29 19
29 27
29 40
29 44
29 17
29 15
29 3
29 5
29 22
29 18
19
30 48
30 47
30 2
30 35
30 31
30 3
30 29
30 9
30 17
30 36
30 8
30 27
30 13
30 6
30 34
30 40
30 15
30 39
30 18
21
31 10
31 11
31 42
31 45
31 35
31 33
31 29
31 23
31 16
31 25
31 17
31 8
31 26
31 3
31 1
31 15
31 43
31 37
31 39
31 41
31 6
14
32 39
32 23
32 15
32 42
32 6
32 30
32 26
32 0
32 2
32 13
32 16
32 24
32 43
32 9
21
33 29
33 42
33 37
33 44
33 48
33 22
33 3
33 4
33 2
33 36
33 10
33 19
33 45
33 16
33 39
33 15
33 17
33 9
33 30
33 47
33 23
28
34 33
34 5
34 46
34 6
34 11
34 47
34 36
34 0
34 31
34 38
34 2
34 8
34 3
34 4
34 26
34 13
34 23
34 37
34 29
34 48
34 21
34 49
34 44
34 32
34 18
34 17
34 28
34 42
18
35 34
35 20
35 21
35 10
35 12
35 27
35 37
35 39
35 24
35 13
35 22
35 32
35 8
35 4
35 9
35 18
35 29
35 14
22
36 19
36 25
36 48
36 10
36 35
36 32
36 28
36 7
36 0
36 27
36 13
36 31
36 45
36 38
36 41
36 12
36 4
36 1
36 3
36 17
36 43
36 16
18
37 20
37 4
37 11
37 38
37 45
37 0
37 36
37 19
37 46
37 28
37 27
37 44
37 2
37 5
37 32
37 1
37 24
37 25
14
38 14
38 41
38 35
38 40
38 15
38 25
38 48
38 5
38 24
38 43
38 28
38 42
38 27
38 18
15
39 8
39 9
39 11
39 24
39 25
39 2
39 34
39 36
39 28
39 19
39 37
39 12
39 18
39 20
39 26
18
40 31
40 8
40 17
40 39
40 35
40 9
40 21
40 48
40 49
40 45
40 0
40 32
40 36
40 34
40 22
40 33
40 11
40 43
25
41 45
41 6
41 21
41 24
41 19
41 32
41 15
41 9
41 28
41 0
41 3
41 2
41 23
41 48
41 5
41 40
41 7
41 44
41 47
41 30
41 18
41 10
41 39
41 34
41 1
15
42 4
42 37
42 26
42 39
42 47
42 41
42 20
42 36
42 29
42 28
42 22
42 8
42 7
42 24
42 10
20
43 16
43 33
43 17
43 19
43 35
43 47
43 46
43 8
43 25
43 26
43 3
43 6
43 20
43 5
43 7
43 18
43 28
43 14
43 29
43 41
23
44 16
44 5
44 31
44 39
44 45
44 35
44 49
44 19
44 2
44 20
44 27
44 36
44 13
44 32
44 46
44 26
44 38
44 18
44 48
44 47
44 7
44 28
44 43
19
45 7
45 29
45 42
45 17
45 38
45 35
45 25
45 46
45 11
45 0
45 6
45 30
45 47
45 5
45 2
45 39
45 43
45 23
45 14
22
46 26
46 9
46 29
46 40
46 25
46 21
46 12
46 42
46 31
46 18
46 30
46 32
46 6
46 36
46 1
46 10
46 2
46 8
46 7
46 39
46 28
46 19
18
47 32
47 38
47 25
47 26
47 27
47 39
47 48
47 37
47 12
47 8
47 9
47 14
47 36
47 4
47 13
47 10
47 40
47 16
16
48 29
48 31
48 39
48 42
48 35
48 23
48 32
48 15
48 6
48 43
48 22
48 3
48 27
48 17
48 10
48 20
27
49 45
49 7
49 13
49 23
49 25
49 29
49 18
49 35
49 26
49 32
49 9
49 8
49 36
49 30
49 42
49 46
49 15
49 38
49 4
49 24
49 43
49 41
49 39
49 33
49 37
49 27
49 17
