50
0 "A38"
1 "A16"
2 "A24"
3 "A7"
4 "A26"
5 "A46"
6 "A29"
7 "A0"
8 "A19"
9 "A1"
10 "A12"
11 "A43"
12 "A30"
13 "A44"
14 "A48"
15 "A3"
16 "A28"
17 "A23"
18 "A37"
19 "A15"
20 "A41"
21 "A31"
22 "A40"
23 "A35"
24 "A47"
25 "A49"
26 "A6"
27 "A34"
28 "A11"
29 "A18"
30 "A2"
31 "A36"
32 "A33"
33 "A10"
34 "A22"
35 "A21"
36 "A25"
37 "A14"
38 "A4"
39 "A27"
40 "A13"
41 "A17"
42 "A42"
43 "A5"
44 "A8"
45 "A45"
46 "A20"
47 "A9"
48 "A32"
49 "A39"
18
0 3
0 18
0 19
0 26
0 7
0 33
0 20
0 40
0 43
0 35
0 36
0 23
0 30
0 2
0 10
0 29
0 1
0 39
13
1 10
1 45
1 42
1 9
1 47
1 29
1 25
1 30
1 11
1 31
1 39
1 32
1 46
24
2 42
2 13
2 17
2 46
2 48
2 14
2 45
2 37
2 32
2 21
2 39
2 34
2 9
2 27
2 6
2 10
2 1
2 30
2 44
2 23
2 33
2 28
2 4
2 15
23
3 6
3 38
3 9
3 20
3 40
3 21
3 37
3 44
3 48
3 47
3 1
3 43
3 45
3 5
3 46
3 28
3 49
3 8
3 39
3 2
3 19
3 30
3 18
19
4 16
4 31
4 35
4 20
4 42
4 13
4 1
4 3
4 29
4 14
4 22
4 34
4 26
4 15
4 39
4 41
4 30
4 32
4 48
18
5 45
5 1
5 4
5 30
5 8
5 46
5 39
5 40
5 49
5 38
5 7
5 16
5 47
5 37
5 24
5 44
5 0
5 28
19
6 48
6 9
6 17
6 10
6 0
6 4
6 16
6 47
6 32
6 1
6 34
6 39
6 19
6 27
6 29
6 49
6 30
6 26
6 42
21
7 26
7 25
7 10
7 48
7 17
7 40
7 33
7 31
7 15
7 39
7 29
7 12
7 1
7 41
7 45
7 18
7 11
7 8
7 28
7 35
7 30
20
8 18
8 28
8 30
8 17
8 23
8 16
8 20
8 22
8 36
8 11
8 47
8 46
8 4
8 9
8 38
8 26
8 40
8 32
8 31
8 43
26
9 29
9 16
9 21
9 7
9 42
9 4
9 5
9 45
9 37
9 46
9 44
9 39
9 49
9 47
9 15
9 25
9 33
9 11
9 35
9 27
9 34
9 36
9 23
9 20
9 0
9 12
18
10 12
10 32
10 20
10 31
10 3
10 30
10 40
10 35
10 38
10 22
10 19
10 46
10 47
10 25
10 34
10 49
10 24
10 21
20
11 38
11 42
11 2
11 33
11 45
11 0
11 13
11 27
11 44
11 10
11 32
11 26
11 24
11 37
11 16
11 5
11 40
11 47
11 4
11 23
25
12 3
12 15
12 0
12 6
12 41
12 5
12 18
12 30
12 43
12 21
12 13
12 1
12 38
12 11
12 46
12 31
12 20
12 24
12 2
12 8
12 39
12 47
12 49
12 16
12 35
20
13 28
13 49
13 9
13 27
13 40
13 42
13 25
13 41
13 6
13 32
13 7
13 8
13 48
13 0
13 15
13 37
13 1
13 44
13 14
13 10
27
14 1
14 40
14 9
14 8
14 7
14 34
14 19
14 29
14 0
14 41
14 18
14 21
14 20
14 43
14 3
14 12
14 27
14 24
14 49
14 28
14 35
14 15
14 10
14 22
14 6
14 25
14 11
21
15 5
15 43
15 0
15 41
15 3
15 36
15 23
15 38
15 8
15 34
15 42
15 17
15 49
15 26
15 39
15 27
15 25
15 29
15 37
15 45
15 10
22
16 26
16 19
16 41
16 42
16 28
16 13
16 30
16 38
16 3
16 43
16 33
16 21
16 39
16 15
16 47
16 2
16 0
16 29
16 36
16 34
16 14
16 35
25
17 38
17 36
17 48
17 11
17 30
17 12
17 42
17 21
17 37
17 14
17 34
17 25
17 18
17 31
17 45
17 13
17 9
17 4
17 39
17 22
17 0
17 16
17 5
17 23
17 10
21
18 29
18 40
18 2
18 31
18 36
18 30
18 4
18 28
18 16
18 22
18 41
18 10
18 23
18 1
18 43
18 9
18 6
18 5
18 33
18 32
18 44
16
19 22
19 28
19 1
19 31
19 11
19 23
19 13
19 48
19 36
19 17
19 18
19 21
19 47
19 4
19 46
19 26
22
20 6
20 39
20 7
20 11
20 2
20 26
20 21
20 5
20 37
20 44
20 46
20 19
20 1
20 17
20 34
20 16
20 13
20 29
20 42
20 47
20 18
20 40
19
21 24
21 42
21 23
21 0
21 15
21 37
21 31
21 46
21 18
21 13
21 4
21 32
21 6
21 40
21 45
21 47
21 33
21 5
21 30
20
22 15
22 35
22 1
22 38
22 31
22 7
22 40
22 48
22 49
22 11
22 9
22 16
22 3
22 44
22 37
22 13
22 26
22 6
22 5
22 20
15
23 37
23 49
23 40
23 46
23 31
23 7
23 42
23 25
23 41
23 10
23 34
23 38
23 14
23 4
23 48
23
24 19
24 23
24 39
24 28
24 20
24 7
24 9
24 44
24 0
24 8
24 3
24 27
24 2
24 15
24 16
24 18
24 22
24 43
24 30
24 35
24 42
24 48
24 31
21
25 49
25 34
25 20
25 37
25 16
25 24
25 2
25 43
25 46
25 4
25 31
25 12
25 40
25 19
25 3
25 44
25 5
25 0
25 8
25 11
25 39
21
26 2
26 23
26 5
26 44
26 29
26 1
26 41
26 37
26 34
26 24
26 49
26 40
26 9
26 17
26 48
26 3
26 14
26 25
26 39
26 36
26 10
20
27 5
27 7
27 39
27 4
27 38
27 35
27 21
27 48
27 18
27 19
27 37
27 22
27 0
27 28
27 20
27 33
27 10
27 29
27 42
27 44
19
28 26
28 36
28 4
28 29
28 22
28 9
28 46
28 23
28 35
28 47
28 37
28 30
28 15
28 40
28 32
28 0
28 20
28 12
28 43
15
29 37
29 19
29 11
29 33
29 40
29 45
29 41
29 12
29 8
29 36
29 22
29 13
29 17
29 24
29 30
12
30 44
30 47
30 26
30 39
30 25
30 35
30 9
30 11
30 33
30 13
30 14
30 20
16
31 33
31 9
31 16
31 47
31 48
31 35
31 28
31 38
31 30
31 49
31 15
31 44
31 14
31 6
31 26
31 41
19
32 25
32 14
32 5
32 7
32 34
32 3
32 24
32 27
32 43
32 33
32 15
32 47
32 19
32 29
32 26
32 39
32 20
32 46
32 9
22
33 47
33 28
33 14
33 19
33 12
33 15
33 37
33 10
33 34
33 22
33 24
33 26
33 48
33 25
33 13
33 20
33 23
33 1
33 6
33 41
33 38
33 5
22
34 7
34 1
34 29
34 48
34 5
34 22
34 40
34 24
34 21
34 8
34 37
34 47
34 45
34 13
34 43
34 35
34 31
34 41
34 3
34 28
34 49
34 27
20
35 5
35 42
35 17
35 41
35 11
35 47
35 1
35 43
35 23
35 8
35 21
35 19
35 32
35 3
35 18
35 2
35 15
35 46
35 44
35 48
25
36 5
36 12
36 32
36 47
36 21
36 41
36 4
36 39
36 3
36 23
36 49
36 13
36 25
36 44
36 31
36 1
36 43
36 6
36 46
36 33
36 42
36 30
36 24
36 11
36 20
15
37 24
37 8
37 7
37 14
37 10
37 1
37 16
37 19
37 44
37 30
37 41
37 46
37 47
37 4
37 32
19
38 4
38 32
38 19
38 26
38 18
38 9
38 30
38 25
38 0
38 29
38 14
38 35
38 7
38 1
38 36
38 2
38 49
38 28
38 6
19
39 45
39 35
39 49
39 37
39 22
39 18
39 48
39 13
39 19
39 23
39 29
39 42
39 11
39 38
39 40
39 41
39 8
39 21
39 28
17
40 19
40 30
40 31
40 15
40 12
40 48
40 9
40 37
40 38
40 17
40 42
40 16
40 2
40 4
40 46
40 35
40 41
20
41 28
41 27
41 22
41 48
41 38
41 20
41 45
41 46
41 24
41 3
41 1
41 8
41 49
41 30
41 6
41 2
41 42
41 32
41 9
41 10
18
42 10
42 8
42 29
42 32
42 3
42 28
42 33
42 18
42 14
42 25
42 5
42 31
42 7
42 22
42 0
42 19
42 44
42 34
24
43 49
43 46
43 30
43 23
43 27
43 2
43 39
43 45
43 5
43 13
43 17
43 19
43 22
43 42
43 38
43 4
43 40
43 26
43 1
43 11
43 6
43 37
43 44
43 41
16
44 8
44 23
44 12
44 41
44 4
44 38
44 16
44 40
44 34
44 10
44 33
44 28
44 21
44 29
44 47
44 17
21
45 40
45 18
45 28
45 31
45 14
45 27
45 6
45 20
45 19
45 42
45 16
45 25
45 23
45 22
45 49
45 8
45 36
45 37
45 35
45 30
45 44
16
46 44
46 29
46 6
46 38
46 24
46 27
46 42
46 18
46 45
46 11
46 4
46 30
46 31
46 0
46 17
46 7
20
47 38
47 15
47 2
47 42
47 29
47 4
47 24
47 43
47 39
47 26
47 7
47 25
47 0
47 17
47 23
47 46
47 48
47 40
47 41
47 18
13
48 8
48 20
48 44
48 36
48 21
48 9
48 12
48 38
48 43
48 18
48 32
48 29
48 15
15
49 35
49 21
49 20
49 29
49 37
49 2
49 30
49 27
49 7
49 4
49 11
49 44
49 48
49 17
49 40
