50
0 "A38"
1 "A16"
2 "A24"
3 "A7"
4 "A26"
5 "A46"
6 "A29"
7 "A0"
8 "A19"
9 "A1"
10 "A12"
11 "A43"
12 "A30"
13 "A44"
14 "A48"
15 "A3"
16 "A28"
17 "A23"
18 "A37"
19 "A15"
20 "A41"
21 "A31"
22 "A40"
23 "A35"
24 "A47"
25 "A49"
26 "A6"
27 "A34"
28 "A11"
29 "A18"
30 "A2"
31 "A36"
32 "A33"
33 "A10"
34 "A22"
35 "A21"
36 "A25"
37 "A14"
38 "A4"
39 "A27"
40 "A13"
41 "A17"
42 "A42"
43 "A5"
44 "A8"
45 "A45"
46 "A20"
47 "A9"
48 "A32"
49 "A39"
20
0 23
0 44
0 18
0 19
0 26
0 7
0 2
0 9
0 40
0 43
0 29
0 30
0 37
0 41
0 3
0 38
0 4
0 6
0 11
0 1
19
1 30
1 39
1 32
1 11
1 10
1 45
1 42
1 29
1 43
1 46
1 23
1 47
1 49
1 27
1 19
1 48
1 44
1 15
1 25
22
2 46
2 48
2 4
2 45
2 37
2 32
2 21
2 36
2 15
2 9
2 27
2 6
2 10
2 49
2 30
2 23
2 28
2 25
2 42
2 12
2 13
2 17
21
3 12
3 39
3 18
3 19
3 38
3 9
3 5
3 40
3 21
3 37
3 46
3 2
3 47
3 4
3 10
3 28
3 17
3 15
3 33
3 6
3 8
21
4 32
4 16
4 31
4 35
4 20
4 42
4 13
4 1
4 26
4 29
4 14
4 22
4 25
4 34
4 24
4 21
4 45
4 44
4 39
4 12
4 41
15
5 4
5 30
5 8
5 46
5 47
5 40
5 10
5 17
5 37
5 24
5 44
5 9
5 43
5 38
5 0
23
6 40
6 44
6 15
6 9
6 17
6 10
6 49
6 4
6 16
6 47
6 32
6 1
6 34
6 39
6 19
6 27
6 37
6 48
6 42
6 30
6 8
6 26
6 28
22
7 25
7 8
7 48
7 44
7 40
7 28
7 19
7 45
7 39
7 29
7 12
7 1
7 18
7 26
7 2
7 33
7 30
7 17
7 46
7 21
7 5
7 14
21
8 32
8 28
8 30
8 49
8 23
8 16
8 20
8 9
8 36
8 11
8 21
8 46
8 4
8 2
8 19
8 27
8 40
8 37
8 38
8 1
8 10
21
9 23
9 29
9 36
9 27
9 25
9 42
9 4
9 20
9 33
9 39
9 46
9 44
9 7
9 26
9 11
9 1
9 35
9 37
9 18
9 16
9 47
12
10 20
10 32
10 21
10 30
10 40
10 47
10 38
10 43
10 12
10 9
10 25
10 4
21
11 47
11 2
11 33
11 45
11 42
11 13
11 7
11 44
11 10
11 32
11 26
11 24
11 37
11 21
11 5
11 16
11 6
11 4
11 22
11 23
11 38
25
12 16
12 41
12 5
12 18
12 30
12 43
12 21
12 13
12 1
12 38
12 11
12 46
12 31
12 20
12 24
12 49
12 8
12 47
12 39
12 26
12 42
12 19
12 15
12 32
12 0
22
13 24
13 44
13 1
13 27
13 37
13 42
13 25
13 41
13 6
13 32
13 7
13 8
13 48
13 0
13 15
13 38
13 28
13 33
13 5
13 40
13 9
13 10
26
14 10
14 1
14 40
14 9
14 8
14 35
14 34
14 25
14 5
14 0
14 41
14 22
14 21
14 20
14 43
14 3
14 12
14 27
14 39
14 18
14 36
14 2
14 49
14 30
14 46
14 15
16
15 43
15 0
15 41
15 45
15 36
15 23
15 27
15 5
15 34
15 42
15 17
15 49
15 19
15 25
15 37
15 20
23
16 14
16 35
16 26
16 0
16 41
16 42
16 48
16 13
16 34
16 38
16 2
16 43
16 33
16 21
16 39
16 19
16 47
16 25
16 46
16 1
16 29
16 44
16 36
21
17 11
17 30
17 12
17 42
17 21
17 37
17 14
17 10
17 39
17 18
17 31
17 45
17 13
17 9
17 4
17 20
17 24
17 22
17 38
17 36
17 0
18
18 32
18 13
18 29
18 30
18 43
18 2
18 1
18 33
18 44
18 6
18 28
18 16
18 22
18 36
18 10
18 8
18 37
18 38
18
19 35
19 31
19 11
19 47
19 13
19 48
19 36
19 23
19 30
19 49
19 14
19 17
19 21
19 46
19 26
19 18
19 28
19 44
18
20 38
20 47
20 13
20 39
20 7
20 11
20 2
20 18
20 21
20 5
20 37
20 16
20 40
20 19
20 1
20 42
20 34
20 29
22
21 23
21 0
21 15
21 37
21 40
21 46
21 18
21 13
21 47
21 32
21 6
21 45
21 33
21 5
21 30
21 24
21 29
21 43
21 42
21 41
21 1
21 26
20
22 5
22 25
22 15
22 35
22 6
22 38
22 31
22 7
22 40
22 48
22 49
22 26
22 9
22 16
22 3
22 44
22 36
22 19
22 30
22 2
19
23 38
23 49
23 40
23 30
23 31
23 7
23 42
23 25
23 41
23 3
23 34
23 14
23 18
23 4
23 13
23 6
23 5
23 46
23 48
24
24 7
24 23
24 39
24 28
24 20
24 42
24 9
24 44
24 0
24 31
24 3
24 27
24 2
24 15
24 16
24 19
24 22
24 43
24 30
24 10
24 48
24 8
24 45
24 40
15
25 48
25 11
25 24
25 5
25 43
25 20
25 44
25 40
25 12
25 37
25 49
25 33
25 6
25 34
25 47
20
26 42
26 23
26 25
26 44
26 29
26 1
26 41
26 37
26 10
26 24
26 49
26 36
26 14
26 17
26 2
26 3
26 34
26 48
26 27
26 35
22
27 39
27 33
27 38
27 44
27 21
27 48
27 4
27 19
27 47
27 22
27 0
27 28
27 36
27 11
27 16
27 20
27 32
27 42
27 5
27 30
27 3
27 7
16
28 4
28 29
28 32
28 12
28 0
28 23
28 35
28 46
28 11
28 15
28 9
28 10
28 25
28 43
28 26
28 36
19
29 36
29 45
29 13
29 17
29 24
29 47
29 37
29 19
29 22
29 33
29 40
29 10
29 41
29 12
29 35
29 27
29 43
29 8
29 34
14
30 20
30 44
30 47
30 11
30 39
30 25
30 35
30 9
30 28
30 49
30 15
30 4
30 33
30 13
18
31 14
31 49
31 21
31 15
31 44
31 26
31 41
31 30
31 9
31 16
31 6
31 48
31 5
31 35
31 3
31 2
31 32
31 27
18
32 39
32 14
32 5
32 43
32 46
32 15
32 47
32 19
32 29
32 20
32 25
32 9
32 26
32 16
32 7
32 0
32 17
32 34
23
33 48
33 28
33 14
33 19
33 12
33 15
33 37
33 10
33 34
33 22
33 24
33 26
33 1
33 5
33 46
33 20
33 23
33 17
33 8
33 49
33 47
33 44
33 32
24
34 27
34 7
34 41
34 11
34 18
34 5
34 22
34 3
34 24
34 21
34 8
34 37
34 47
34 45
34 49
34 43
34 35
34 31
34 13
34 1
34 28
34 12
34 2
34 17
18
35 25
35 20
35 2
35 15
35 48
35 5
35 42
35 17
35 41
35 11
35 47
35 3
35 43
35 23
35 44
35 46
35 7
35 13
28
36 21
36 41
36 4
36 39
36 3
36 23
36 49
36 13
36 25
36 44
36 31
36 1
36 43
36 6
36 30
36 33
36 42
36 37
36 24
36 11
36 20
36 5
36 12
36 32
36 47
36 40
36 34
36 10
15
37 30
37 7
37 14
37 10
37 32
37 16
37 19
37 47
37 41
37 42
37 4
37 46
37 38
37 23
37 28
18
38 26
38 19
38 9
38 30
38 35
38 7
38 29
38 14
38 1
38 2
38 24
38 6
38 32
38 15
38 31
38 36
38 28
38 4
14
39 41
39 26
39 48
39 45
39 35
39 49
39 37
39 38
39 18
39 23
39 28
39 34
39 0
39 19
18
40 2
40 46
40 19
40 30
40 31
40 4
40 12
40 48
40 41
40 15
40 37
40 33
40 38
40 28
40 17
40 32
40 39
40 16
21
41 28
41 27
41 22
41 48
41 38
41 32
41 45
41 25
41 24
41 3
41 1
41 8
41 49
41 30
41 6
41 2
41 42
41 11
41 7
41 5
41 9
16
42 19
42 3
42 28
42 33
42 18
42 14
42 25
42 5
42 39
42 7
42 22
42 0
42 34
42 40
42 8
42 29
24
43 27
43 37
43 39
43 41
43 8
43 13
43 17
43 19
43 22
43 42
43 38
43 4
43 33
43 26
43 44
43 11
43 3
43 31
43 49
43 46
43 30
43 23
43 40
43 7
15
44 23
44 41
44 29
44 38
44 10
44 34
44 40
44 21
44 42
44 12
44 2
44 17
44 28
44 46
44 8
21
45 36
45 43
45 40
45 18
45 28
45 44
45 49
45 37
45 47
45 20
45 19
45 42
45 16
45 25
45 23
45 32
45 38
45 22
45 8
45 30
45 14
16
46 4
46 29
46 6
46 38
46 24
46 27
46 0
46 11
46 41
46 36
46 45
46 42
46 30
46 49
46 22
46 17
21
47 18
47 15
47 2
47 42
47 46
47 4
47 24
47 43
47 39
47 26
47 7
47 17
47 0
47 31
47 23
47 40
47 41
47 49
47 22
47 8
47 28
20
48 32
48 29
48 15
48 8
48 20
48 44
48 36
48 21
48 9
48 37
48 12
48 28
48 38
48 10
48 43
48 42
48 18
48 49
48 11
48 0
16
49 29
49 40
49 0
49 27
49 4
49 38
49 32
49 11
49 17
49 7
49 5
49 44
49 10
49 21
49 20
49 35
