50
0 "A38"
1 "A16"
2 "A24"
3 "A7"
4 "A26"
5 "A46"
6 "A29"
7 "A0"
8 "A19"
9 "A1"
10 "A12"
11 "A43"
12 "A30"
13 "A44"
14 "A48"
15 "A3"
16 "A28"
17 "A23"
18 "A37"
19 "A15"
20 "A41"
21 "A31"
22 "A40"
23 "A35"
24 "A47"
25 "A49"
26 "A6"
27 "A34"
28 "A11"
29 "A18"
30 "A2"
31 "A36"
32 "A33"
33 "A10"
34 "A22"
35 "A21"
36 "A25"
37 "A14"
38 "A4"
39 "A27"
40 "A13"
41 "A17"
42 "A42"
43 "A5"
44 "A8"
45 "A45"
46 "A20"
47 "A9"
48 "A32"
49 "A39"
24
0 31
0 33
0 23
0 2
0 20
0 44
0 37
0 48
0 26
0 38
0 34
0 12
0 41
0 36
0 17
0 19
0 4
0 21
0 10
0 13
0 16
0 9
0 40
0 49
22
1 34
1 38
1 4
1 26
1 27
1 12
1 22
1 31
1 35
1 15
1 46
1 42
1 6
1 10
1 5
1 20
1 16
1 14
1 49
1 37
1 29
1 47
14
2 38
2 46
2 29
2 39
2 27
2 32
2 35
2 20
2 13
2 9
2 6
2 47
2 37
2 45
20
3 2
3 27
3 11
3 37
3 40
3 14
3 7
3 31
3 0
3 13
3 6
3 44
3 42
3 36
3 21
3 8
3 39
3 22
3 19
3 18
23
4 36
4 39
4 14
4 2
4 8
4 10
4 23
4 44
4 40
4 29
4 46
4 42
4 6
4 26
4 20
4 47
4 7
4 41
4 17
4 49
4 35
4 18
4 27
18
5 20
5 11
5 43
5 40
5 16
5 4
5 7
5 31
5 3
5 15
5 47
5 30
5 49
5 13
5 46
5 32
5 28
5 37
22
6 34
6 37
6 16
6 39
6 19
6 0
6 20
6 46
6 42
6 11
6 43
6 40
6 15
6 36
6 18
6 17
6 32
6 47
6 27
6 5
6 14
6 45
17
7 9
7 24
7 44
7 42
7 47
7 43
7 0
7 37
7 38
7 11
7 6
7 19
7 8
7 33
7 31
7 1
7 30
20
8 16
8 15
8 40
8 38
8 25
8 49
8 9
8 26
8 10
8 32
8 35
8 13
8 23
8 0
8 18
8 5
8 39
8 33
8 43
8 41
20
9 3
9 16
9 37
9 28
9 38
9 44
9 4
9 32
9 30
9 35
9 11
9 18
9 6
9 19
9 1
9 29
9 47
9 43
9 21
9 25
19
10 26
10 41
10 19
10 29
10 22
10 47
10 32
10 36
10 9
10 30
10 24
10 49
10 2
10 44
10 5
10 16
10 28
10 20
10 3
25
11 16
11 25
11 15
11 35
11 18
11 23
11 49
11 24
11 34
11 22
11 33
11 28
11 10
11 14
11 31
11 32
11 2
11 47
11 19
11 29
11 44
11 41
11 8
11 27
11 26
20
12 10
12 9
12 29
12 23
12 20
12 6
12 27
12 40
12 5
12 34
12 4
12 39
12 31
12 30
12 11
12 25
12 2
12 43
12 16
12 3
22
13 16
13 40
13 11
13 48
13 34
13 20
13 15
13 41
13 1
13 35
13 46
13 7
13 27
13 39
13 9
13 36
13 44
13 37
13 6
13 33
13 10
13 4
26
14 41
14 20
14 12
14 26
14 40
14 5
14 48
14 16
14 44
14 21
14 38
14 34
14 0
14 13
14 29
14 31
14 46
14 47
14 9
14 35
14 43
14 36
14 19
14 28
14 32
14 30
20
15 37
15 28
15 44
15 31
15 24
15 9
15 14
15 0
15 4
15 41
15 32
15 3
15 2
15 34
15 19
15 46
15 23
15 22
15 18
15 42
16
16 30
16 15
16 37
16 3
16 4
16 27
16 34
16 22
16 19
16 25
16 39
16 28
16 20
16 48
16 43
16 32
22
17 11
17 14
17 7
17 12
17 29
17 49
17 35
17 44
17 10
17 5
17 8
17 23
17 48
17 47
17 2
17 36
17 1
17 15
17 41
17 20
17 9
17 25
11
18 5
18 0
18 32
18 17
18 40
18 33
18 41
18 14
18 29
18 23
18 45
16
19 2
19 5
19 33
19 45
19 1
19 18
19 25
19 30
19 31
19 23
19 49
19 26
19 36
19 40
19 24
19 44
21
20 7
20 48
20 37
20 9
20 25
20 15
20 47
20 24
20 18
20 29
20 11
20 34
20 3
20 41
20 36
20 39
20 33
20 23
20 45
20 46
20 19
20
21 41
21 8
21 13
21 16
21 38
21 36
21 1
21 37
21 5
21 11
21 19
21 27
21 22
21 2
21 6
21 4
21 42
21 43
21 18
21 44
22
22 30
22 45
22 20
22 19
22 2
22 39
22 29
22 17
22 23
22 12
22 44
22 33
22 25
22 31
22 18
22 8
22 13
22 27
22 7
22 4
22 0
22 9
16
23 7
23 41
23 9
23 5
23 42
23 10
23 38
23 13
23 35
23 16
23 21
23 45
23 27
23 14
23 46
23 44
17
24 17
24 16
24 29
24 12
24 0
24 14
24 13
24 23
24 27
24 4
24 34
24 38
24 47
24 35
24 9
24 5
24 41
19
25 4
25 27
25 6
25 10
25 7
25 15
25 18
25 2
25 5
25 32
25 40
25 23
25 31
25 41
25 39
25 28
25 24
25 33
25 3
19
26 40
26 15
26 24
26 35
26 32
26 18
26 31
26 7
26 30
26 5
26 29
26 6
26 17
26 34
26 22
26 43
26 20
26 25
26 23
16
27 43
27 49
27 42
27 29
27 15
27 48
27 35
27 7
27 9
27 14
27 44
27 5
27 39
27 37
27 8
27 19
19
28 47
28 41
28 12
28 1
28 19
28 21
28 7
28 17
28 8
28 48
28 22
28 20
28 43
28 0
28 4
28 33
28 45
28 2
28 27
18
29 21
29 48
29 40
29 13
29 19
29 35
29 39
29 28
29 5
29 8
29 0
29 15
29 47
29 45
29 23
29 25
29 16
29 43
18
30 29
30 20
30 21
30 31
30 37
30 15
30 8
30 24
30 4
30 25
30 13
30 47
30 18
30 28
30 48
30 1
30 0
30 45
20
31 42
31 39
31 24
31 21
31 18
31 33
31 29
31 16
31 23
31 28
31 13
31 17
31 40
31 20
31 38
31 6
31 43
31 34
31 41
31 49
18
32 39
32 49
32 48
32 38
32 1
32 3
32 13
32 44
32 30
32 27
32 7
32 23
32 29
32 45
32 47
32 42
32 28
32 0
23
33 48
33 47
33 29
33 32
33 4
33 16
33 15
33 38
33 5
33 43
33 10
33 36
33 24
33 1
33 2
33 45
33 46
33 12
33 23
33 42
33 9
33 21
33 39
16
34 22
34 7
34 36
34 29
34 5
34 3
34 39
34 4
34 44
34 23
34 17
34 33
34 32
34 2
34 18
34 30
17
35 25
35 12
35 20
35 33
35 41
35 49
35 16
35 31
35 28
35 36
35 46
35 32
35 3
35 19
35 21
35 0
35 45
26
36 11
36 8
36 7
36 29
36 48
36 30
36 41
36 27
36 5
36 40
36 2
36 12
36 1
36 25
36 28
36 16
36 46
36 32
36 31
36 15
36 45
36 24
36 39
36 18
36 49
36 37
20
37 24
37 35
37 14
37 17
37 8
37 41
37 19
37 33
37 23
37 18
37 45
37 40
37 25
37 32
37 38
37 11
37 46
37 29
37 22
37 26
20
38 30
38 13
38 15
38 47
38 49
38 39
38 29
38 12
38 35
38 4
38 41
38 11
38 25
38 26
38 16
38 18
38 6
38 34
38 10
38 20
15
39 15
39 18
39 24
39 7
39 11
39 45
39 42
39 26
39 0
39 1
39 35
39 40
39 19
39 46
39 43
23
40 38
40 17
40 45
40 22
40 10
40 16
40 2
40 34
40 30
40 23
40 33
40 47
40 44
40 24
40 35
40 32
40 1
40 7
40 11
40 15
40 43
40 28
40 41
16
41 9
41 33
41 2
41 39
41 34
41 6
41 16
41 42
41 43
41 29
41 27
41 19
41 22
41 30
41 1
41 48
20
42 13
42 18
42 22
42 8
42 24
42 40
42 14
42 25
42 9
42 36
42 38
42 5
42 48
42 10
42 12
42 37
42 17
42 29
42 49
42 0
18
43 19
43 1
43 22
43 37
43 30
43 18
43 36
43 38
43 47
43 17
43 23
43 4
43 24
43 42
43 25
43 2
43 48
43 44
19
44 8
44 39
44 24
44 26
44 2
44 36
44 12
44 20
44 25
44 42
44 33
44 18
44 35
44 16
44 41
44 28
44 6
44 5
44 37
20
45 16
45 41
45 12
45 27
45 21
45 44
45 31
45 49
45 17
45 14
45 15
45 10
45 11
45 7
45 13
45 42
45 47
45 9
45 38
45 48
22
46 25
46 17
46 44
46 26
46 38
46 43
46 45
46 19
46 7
46 16
46 0
46 32
46 40
46 27
46 22
46 31
46 47
46 41
46 29
46 9
46 10
46 49
22
47 35
47 22
47 21
47 25
47 0
47 16
47 49
47 41
47 36
47 34
47 13
47 27
47 42
47 18
47 26
47 39
47 12
47 31
47 3
47 37
47 44
47 23
22
48 5
48 22
48 34
48 3
48 31
48 9
48 8
48 6
48 44
48 26
48 18
48 21
48 25
48 10
48 40
48 35
48 11
48 15
48 47
48 2
48 24
48 46
21
49 34
49 48
49 28
49 13
49 41
49 6
49 12
49 33
49 39
49 24
49 23
49 26
49 18
49 20
49 30
49 43
49 21
49 22
49 29
49 14
49 3
