50
0 "A13"
1 "A26"
2 "A38"
3 "A0"
4 "A10"
5 "A35"
6 "A9"
7 "A43"
8 "A14"
9 "A34"
10 "A27"
11 "A46"
12 "A7"
13 "A20"
14 "A31"
15 "A32"
16 "A39"
17 "A49"
18 "A33"
19 "A41"
20 "A30"
21 "A15"
22 "A28"
23 "A21"
24 "A23"
25 "A45"
26 "A36"
27 "A25"
28 "A44"
29 "A6"
30 "A16"
31 "A18"
32 "A29"
33 "A12"
34 "A24"
35 "A47"
36 "A17"
37 "A37"
38 "A3"
39 "A8"
40 "A5"
41 "A22"
42 "A48"
43 "A19"
44 "A42"
45 "A2"
46 "A4"
47 "A11"
48 "A40"
49 "A1"
23
0 45
0 37
0 28
0 4
0 16
0 29
0 11
0 23
0 12
0 24
0 40
0 47
0 42
0 36
0 19
0 22
0 31
0 8
0 26
0 43
0 15
0 44
0 30
21
1 43
1 34
1 37
1 30
1 49
1 28
1 41
1 36
1 19
1 48
1 3
1 33
1 20
1 13
1 39
1 42
1 17
1 10
1 27
1 5
1 0
19
2 8
2 35
2 37
2 21
2 46
2 7
2 44
2 26
2 14
2 41
2 15
2 40
2 11
2 47
2 39
2 25
2 17
2 4
2 16
22
3 16
3 4
3 10
3 44
3 35
3 42
3 26
3 46
3 6
3 32
3 33
3 15
3 24
3 14
3 28
3 29
3 31
3 43
3 37
3 22
3 11
3 0
21
4 20
4 37
4 10
4 21
4 13
4 30
4 23
4 33
4 34
4 17
4 1
4 18
4 27
4 7
4 35
4 43
4 40
4 47
4 6
4 46
4 42
25
5 16
5 24
5 40
5 19
5 10
5 42
5 44
5 36
5 2
5 23
5 46
5 35
5 34
5 39
5 17
5 13
5 22
5 43
5 15
5 32
5 0
5 29
5 27
5 38
5 18
23
6 40
6 18
6 28
6 44
6 33
6 49
6 19
6 17
6 0
6 1
6 29
6 48
6 30
6 10
6 39
6 7
6 42
6 34
6 31
6 21
6 47
6 8
6 46
16
7 48
7 18
7 8
7 10
7 47
7 0
7 28
7 20
7 21
7 27
7 40
7 3
7 35
7 38
7 42
7 1
20
8 30
8 36
8 41
8 37
8 38
8 1
8 35
8 47
8 24
8 42
8 29
8 12
8 22
8 45
8 48
8 17
8 13
8 34
8 4
8 5
26
9 24
9 12
9 5
9 11
9 44
9 15
9 2
9 0
9 10
9 42
9 36
9 8
9 49
9 46
9 39
9 20
9 6
9 3
9 27
9 32
9 29
9 35
9 34
9 7
9 1
9 14
14
10 20
10 35
10 41
10 45
10 0
10 48
10 17
10 18
10 30
10 27
10 46
10 11
10 32
10 16
14
11 24
11 5
11 18
11 26
11 6
11 23
11 30
11 14
11 7
11 43
11 4
11 39
11 21
11 1
21
12 15
12 7
12 34
12 1
12 31
12 29
12 44
12 41
12 3
12 2
12 6
12 40
12 36
12 13
12 33
12 4
12 20
12 23
12 42
12 22
12 45
20
13 33
13 32
13 3
13 41
13 48
13 10
13 45
13 16
13 46
13 11
13 34
13 18
13 25
13 27
13 2
13 40
13 30
13 6
13 7
13 29
24
14 49
14 4
14 8
14 32
14 35
14 6
14 5
14 38
14 12
14 27
14 41
14 29
14 18
14 23
14 1
14 44
14 28
14 43
14 26
14 25
14 13
14 45
14 19
14 36
21
15 24
15 19
15 37
15 36
15 13
15 41
15 48
15 23
15 33
15 7
15 10
15 45
15 29
15 35
15 32
15 43
15 27
15 14
15 39
15 21
15 31
23
16 29
16 30
16 19
16 35
16 25
16 9
16 47
16 8
16 14
16 22
16 18
16 20
16 40
16 4
16 21
16 42
16 49
16 12
16 28
16 43
16 37
16 6
16 7
20
17 14
17 13
17 46
17 7
17 45
17 15
17 9
17 40
17 34
17 27
17 23
17 20
17 28
17 24
17 18
17 26
17 3
17 47
17 12
17 33
17
18 2
18 21
18 28
18 15
18 44
18 33
18 49
18 8
18 9
18 46
18 37
18 31
18 42
18 20
18 39
18 23
18 12
19
19 34
19 32
19 8
19 20
19 33
19 40
19 17
19 9
19 26
19 10
19 11
19 3
19 12
19 42
19 45
19 13
19 24
19 38
19 4
17
20 14
20 8
20 5
20 47
20 43
20 11
20 45
20 13
20 33
20 46
20 15
20 35
20 21
20 38
20 31
20 22
20 23
18
21 17
21 38
21 10
21 34
21 23
21 19
21 8
21 41
21 36
21 3
21 33
21 0
21 43
21 46
21 35
21 24
21 13
21 1
22
22 4
22 27
22 35
22 2
22 7
22 29
22 13
22 11
22 9
22 26
22 19
22 14
22 18
22 49
22 41
22 25
22 15
22 6
22 44
22 21
22 24
22 1
20
23 42
23 40
23 9
23 31
23 1
23 6
23 8
23 48
23 36
23 37
23 28
23 33
23 3
23 39
23 41
23 10
23 24
23 7
23 26
23 34
19
24 13
24 1
24 10
24 42
24 33
24 38
24 12
24 18
24 45
24 32
24 27
24 14
24 48
24 25
24 35
24 47
24 7
24 30
24 49
27
25 17
25 11
25 5
25 48
25 27
25 8
25 44
25 20
25 46
25 18
25 4
25 33
25 12
25 7
25 10
25 6
25 41
25 34
25 37
25 23
25 31
25 43
25 1
25 3
25 39
25 15
25 32
15
26 16
26 8
26 47
26 38
26 10
26 5
26 24
26 4
26 40
26 39
26 42
26 49
26 6
26 9
26 15
17
27 44
27 2
27 18
27 40
27 3
27 31
27 8
27 29
27 36
27 11
27 34
27 21
27 48
27 26
27 28
27 49
27 47
22
28 11
28 26
28 46
28 9
28 15
28 36
28 2
28 45
28 13
28 20
28 12
28 29
28 8
28 22
28 33
28 43
28 47
28 38
28 4
28 42
28 35
28 19
21
29 11
29 21
29 23
29 46
29 25
29 31
29 18
29 34
29 47
29 2
29 38
29 42
29 4
29 19
29 24
29 30
29 20
29 39
29 1
29 17
29 33
14
30 19
30 14
30 27
30 34
30 32
30 37
30 28
30 2
30 40
30 23
30 17
30 39
30 22
30 9
21
31 39
31 28
31 21
31 26
31 32
31 11
31 5
31 8
31 35
31 16
31 1
31 45
31 47
31 14
31 10
31 7
31 33
31 9
31 41
31 19
31 48
23
32 12
32 18
32 49
32 2
32 27
32 42
32 17
32 40
32 1
32 6
32 47
32 4
32 28
32 35
32 22
32 23
32 38
32 21
32 20
32 36
32 26
32 43
32 29
13
33 49
33 16
33 30
33 34
33 26
33 0
33 39
33 8
33 27
33 10
33 38
33 32
33 7
18
34 28
34 44
34 31
34 14
34 42
34 0
34 3
34 32
34 46
34 39
34 20
34 48
34 18
34 26
34 45
34 2
34 38
34 7
17
35 46
35 33
35 1
35 18
35 13
35 23
35 37
35 27
35 6
35 38
35 0
35 25
35 42
35 29
35 17
35 19
35 49
19
36 3
36 6
36 26
36 40
36 46
36 33
36 19
36 7
36 22
36 25
36 13
36 24
36 29
36 34
36 37
36 35
36 42
36 11
36 16
20
37 22
37 6
37 28
37 24
37 38
37 27
37 10
37 5
37 39
37 21
37 32
37 33
37 12
37 46
37 34
37 47
37 31
37 7
37 20
37 49
20
38 40
38 45
38 12
38 30
38 4
38 2
38 16
38 17
38 27
38 6
38 22
38 41
38 31
38 0
38 36
38 44
38 1
38 13
38 15
38 23
19
39 19
39 13
39 12
39 0
39 22
39 32
39 38
39 45
39 7
39 27
39 35
39 42
39 16
39 10
39 17
39 36
39 24
39 47
39 21
19
40 24
40 35
40 14
40 20
40 15
40 47
40 28
40 3
40 42
40 37
40 29
40 18
40 39
40 22
40 10
40 25
40 1
40 33
40 44
19
41 48
41 42
41 46
41 5
41 44
41 0
41 6
41 35
41 17
41 20
41 30
41 39
41 26
41 40
41 9
41 32
41 34
41 3
41 36
13
42 38
42 14
42 13
42 17
42 10
42 30
42 21
42 22
42 2
42 11
42 43
42 27
42 15
21
43 38
43 19
43 47
43 17
43 9
43 7
43 48
43 36
43 34
43 33
43 22
43 8
43 29
43 13
43 23
43 40
43 46
43 24
43 27
43 37
43 2
16
44 29
44 28
44 31
44 20
44 11
44 7
44 8
44 39
44 10
44 42
44 37
44 16
44 21
44 13
44 32
44 15
22
45 32
45 7
45 23
45 42
45 46
45 18
45 25
45 27
45 37
45 43
45 9
45 29
45 40
45 35
45 2
45 1
45 49
45 11
45 41
45 21
45 33
45 44
15
46 11
46 40
46 8
46 16
46 19
46 26
46 39
46 27
46 12
46 22
46 14
46 31
46 1
46 33
46 0
18
47 38
47 35
47 21
47 44
47 9
47 18
47 30
47 42
47 10
47 5
47 34
47 15
47 36
47 33
47 46
47 19
47 25
47 45
22
48 40
48 30
48 14
48 37
48 26
48 20
48 22
48 44
48 9
48 19
48 36
48 3
48 42
48 5
48 46
48 45
48 16
48 12
48 32
48 47
48 29
48 18
24
49 29
49 2
49 7
49 25
49 19
49 44
49 41
49 31
49 40
49 5
49 10
49 30
49 36
49 12
49 3
49 23
49 28
49 11
49 38
49 15
49 34
49 46
49 21
49 42
