50
0 "A13"
1 "A26"
2 "A38"
3 "A0"
4 "A10"
5 "A35"
6 "A9"
7 "A43"
8 "A14"
9 "A34"
10 "A27"
11 "A46"
12 "A7"
13 "A20"
14 "A31"
15 "A32"
16 "A39"
17 "A49"
18 "A33"
19 "A41"
20 "A30"
21 "A15"
22 "A28"
23 "A21"
24 "A23"
25 "A45"
26 "A36"
27 "A25"
28 "A44"
29 "A6"
30 "A16"
31 "A18"
32 "A29"
33 "A12"
34 "A24"
35 "A47"
36 "A17"
37 "A37"
38 "A3"
39 "A8"
40 "A5"
41 "A22"
42 "A48"
43 "A19"
44 "A42"
45 "A2"
46 "A4"
47 "A11"
48 "A40"
49 "A1"
18
0 5
0 10
0 43
0 15
0 41
0 3
0 36
0 7
0 23
0 21
0 29
0 12
0 13
0 34
0 38
0 17
0 11
0 35
18
1 8
1 34
1 16
1 28
1 42
1 3
1 31
1 33
1 13
1 49
1 22
1 30
1 18
1 21
1 39
1 46
1 19
1 9
23
2 26
2 35
2 14
2 27
2 5
2 7
2 30
2 32
2 42
2 15
2 33
2 25
2 4
2 21
2 0
2 47
2 24
2 44
2 41
2 23
2 22
2 6
2 3
19
3 13
3 23
3 29
3 46
3 4
3 18
3 20
3 36
3 16
3 44
3 27
3 6
3 24
3 35
3 21
3 11
3 45
3 7
3 25
17
4 17
4 41
4 47
4 40
4 34
4 13
4 26
4 11
4 42
4 1
4 29
4 10
4 14
4 39
4 48
4 6
4 23
21
5 11
5 21
5 16
5 28
5 26
5 33
5 24
5 19
5 20
5 1
5 32
5 29
5 14
5 4
5 48
5 41
5 45
5 35
5 37
5 47
5 39
21
6 31
6 47
6 35
6 38
6 33
6 29
6 7
6 34
6 23
6 30
6 5
6 18
6 37
6 26
6 22
6 39
6 14
6 11
6 17
6 24
6 25
19
7 29
7 30
7 36
7 18
7 42
7 45
7 1
7 12
7 8
7 13
7 49
7 27
7 48
7 4
7 24
7 37
7 35
7 11
7 17
13
8 34
8 15
8 14
8 4
8 41
8 10
8 11
8 2
8 24
8 0
8 39
8 3
8 21
23
9 48
9 0
9 41
9 49
9 5
9 4
9 2
9 29
9 8
9 32
9 18
9 35
9 11
9 43
9 27
9 6
9 3
9 13
9 30
9 39
9 15
9 31
9 34
18
10 44
10 39
10 21
10 35
10 41
10 5
10 11
10 45
10 32
10 13
10 34
10 17
10 6
10 1
10 22
10 36
10 49
10 19
14
11 43
11 15
11 38
11 20
11 32
11 29
11 30
11 46
11 24
11 28
11 45
11 34
11 47
11 35
17
12 35
12 15
12 25
12 48
12 19
12 22
12 5
12 38
12 24
12 46
12 30
12 1
12 4
12 3
12 21
12 26
12 39
22
13 2
13 42
13 40
13 47
13 6
13 32
13 27
13 49
13 8
13 26
13 37
13 17
13 20
13 21
13 34
13 39
13 18
13 35
13 43
13 28
13 38
13 11
14
14 7
14 24
14 26
14 17
14 47
14 21
14 29
14 0
14 38
14 10
14 18
14 33
14 44
14 1
23
15 3
15 49
15 18
15 48
15 4
15 28
15 25
15 40
15 17
15 42
15 34
15 10
15 19
15 13
15 46
15 1
15 21
15 32
15 7
15 29
15 33
15 47
15 6
22
16 10
16 15
16 35
16 25
16 44
16 32
16 9
16 23
16 2
16 0
16 41
16 7
16 40
16 24
16 39
16 49
16 14
16 4
16 43
16 47
16 22
16 13
20
17 16
17 29
17 34
17 25
17 40
17 22
17 47
17 33
17 27
17 31
17 24
17 20
17 44
17 23
17 3
17 41
17 8
17 48
17 9
17 26
18
18 22
18 10
18 31
18 34
18 36
18 46
18 39
18 27
18 47
18 2
18 40
18 8
18 17
18 24
18 16
18 19
18 30
18 35
24
19 33
19 45
19 31
19 16
19 11
19 14
19 8
19 37
19 27
19 43
19 24
19 22
19 32
19 7
19 34
19 26
19 20
19 9
19 29
19 35
19 6
19 3
19 2
19 48
21
20 41
20 27
20 15
20 6
20 10
20 49
20 7
20 48
20 2
20 16
20 0
20 45
20 1
20 32
20 40
20 14
20 31
20 44
20 9
20 46
20 39
17
21 48
21 9
21 20
21 7
21 29
21 4
21 38
21 37
21 36
21 42
21 22
21 35
21 41
21 33
21 19
21 16
21 17
22
22 46
22 49
22 48
22 0
22 20
22 7
22 14
22 40
22 9
22 33
22 39
22 32
22 15
22 35
22 31
22 42
22 11
22 13
22 41
22 30
22 28
22 37
18
23 7
23 21
23 27
23 34
23 47
23 14
23 36
23 29
23 11
23 48
23 49
23 15
23 8
23 9
23 20
23 19
23 30
23 25
15
24 0
24 22
24 9
24 23
24 42
24 4
24 29
24 1
24 36
24 49
24 20
24 39
24 13
24 10
24 21
22
25 34
25 11
25 14
25 21
25 8
25 19
25 39
25 10
25 35
25 13
25 46
25 30
25 24
25 0
25 22
25 4
25 49
25 7
25 1
25 36
25 20
25 5
17
26 7
26 21
26 23
26 1
26 3
26 28
26 37
26 48
26 41
26 8
26 43
26 33
26 46
26 9
26 25
26 45
26 20
23
27 48
27 43
27 6
27 38
27 0
27 1
27 4
27 22
27 29
27 14
27 15
27 24
27 39
27 30
27 21
27 46
27 26
27 8
27 42
27 45
27 34
27 31
27 12
23
28 49
28 43
28 31
28 24
28 23
28 3
28 41
28 32
28 20
28 30
28 25
28 27
28 40
28 6
28 9
28 14
28 18
28 38
28 19
28 21
28 47
28 48
28 12
14
29 28
29 32
29 2
29 41
29 36
29 20
29 47
29 48
29 10
29 16
29 33
29 25
29 26
29 8
25
30 48
30 20
30 45
30 39
30 10
30 44
30 34
30 13
30 15
30 49
30 43
30 3
30 21
30 31
30 38
30 4
30 19
30 5
30 26
30 17
30 14
30 24
30 29
30 8
30 16
18
31 14
31 43
31 23
31 40
31 49
31 21
31 41
31 44
31 13
31 11
31 10
31 0
31 7
31 2
31 26
31 25
31 24
31 12
17
32 14
32 45
32 40
32 44
32 26
32 8
32 38
32 47
32 1
32 25
32 3
32 49
32 21
32 27
32 36
32 6
32 17
26
33 0
33 24
33 25
33 7
33 10
33 40
33 11
33 30
33 9
33 16
33 28
33 3
33 31
33 49
33 46
33 48
33 18
33 4
33 32
33 36
33 43
33 20
33 39
33 47
33 23
33 27
17
34 31
34 28
34 21
34 12
34 14
34 20
34 24
34 22
34 26
34 29
34 2
34 39
34 32
34 3
34 7
34 33
34 5
20
35 37
35 26
35 20
35 36
35 14
35 44
35 15
35 31
35 43
35 27
35 34
35 30
35 1
35 46
35 38
35 33
35 39
35 8
35 17
35 28
16
36 49
36 5
36 19
36 22
36 13
36 14
36 42
36 8
36 4
36 30
36 31
36 39
36 9
36 2
36 20
36 26
23
37 31
37 40
37 25
37 44
37 24
37 12
37 0
37 14
37 32
37 18
37 3
37 1
37 23
37 36
37 30
37 2
37 16
37 34
37 10
37 20
37 15
37 9
37 29
29
38 7
38 2
38 20
38 25
38 1
38 10
38 17
38 29
38 31
38 9
38 24
38 4
38 44
38 3
38 45
38 22
38 19
38 34
38 23
38 8
38 41
38 40
38 18
38 36
38 48
38 42
38 15
38 26
38 33
16
39 11
39 15
39 2
39 17
39 31
39 3
39 26
39 21
39 42
39 32
39 0
39 14
39 37
39 19
39 46
39 49
25
40 19
40 2
40 26
40 45
40 24
40 7
40 42
40 48
40 5
40 1
40 36
40 46
40 23
40 21
40 14
40 6
40 0
40 11
40 29
40 27
40 12
40 10
40 30
40 34
40 3
18
41 43
41 35
41 25
41 36
41 46
41 6
41 24
41 13
41 19
41 12
41 44
41 33
41 3
41 47
41 34
41 30
41 1
41 39
13
42 9
42 37
42 30
42 48
42 6
42 19
42 0
42 26
42 12
42 34
42 11
42 3
42 5
22
43 2
43 40
43 38
43 10
43 6
43 39
43 37
43 34
43 12
43 15
43 22
43 46
43 42
43 17
43 4
43 1
43 32
43 5
43 24
43 49
43 48
43 45
23
44 33
44 7
44 45
44 19
44 40
44 22
44 13
44 1
44 21
44 25
44 6
44 8
44 0
44 47
44 9
44 36
44 18
44 15
44 43
44 42
44 28
44 12
44 34
22
45 21
45 29
45 17
45 12
45 23
45 37
45 24
45 41
45 18
45 9
45 49
45 6
45 34
45 35
45 2
45 33
45 15
45 16
45 28
45 14
45 0
45 42
22
46 0
46 31
46 10
46 17
46 38
46 19
46 48
46 45
46 13
46 4
46 2
46 28
46 24
46 21
46 14
46 23
46 8
46 44
46 32
46 16
46 5
46 6
22
47 3
47 26
47 40
47 36
47 49
47 27
47 37
47 34
47 9
47 7
47 22
47 24
47 20
47 1
47 21
47 39
47 19
47 31
47 12
47 43
47 8
47 35
11
48 8
48 2
48 1
48 35
48 45
48 25
48 39
48 34
48 49
48 44
48 6
19
49 42
49 26
49 21
49 4
49 6
49 3
49 40
49 41
49 0
49 44
49 38
49 37
49 14
49 17
49 12
49 2
49 46
49 35
49 34
