50
0 "A13"
1 "A26"
2 "A38"
3 "A0"
4 "A10"
5 "A35"
6 "A9"
7 "A43"
8 "A14"
9 "A34"
10 "A27"
11 "A46"
12 "A7"
13 "A20"
14 "A31"
15 "A32"
16 "A39"
17 "A49"
18 "A33"
19 "A41"
20 "A30"
21 "A15"
22 "A28"
23 "A21"
24 "A23"
25 "A45"
26 "A36"
27 "A25"
28 "A44"
29 "A6"
30 "A16"
31 "A18"
32 "A29"
33 "A12"
34 "A24"
35 "A47"
36 "A17"
37 "A37"
38 "A3"
39 "A8"
40 "A5"
41 "A22"
42 "A48"
43 "A19"
44 "A42"
45 "A2"
46 "A4"
47 "A11"
48 "A40"
49 "A1"
24
0 4
0 1
0 44
0 14
0 28
0 48
0 15
0 11
0 18
0 5
0 17
0 24
0 39
0 35
0 27
0 10
0 32
0 6
0 29
0 7
0 36
0 38
0 25
0 49
14
1 40
1 21
1 26
1 11
1 10
1 25
1 19
1 39
1 24
1 22
1 23
1 45
1 7
1 4
24
2 48
2 23
2 40
2 32
2 28
2 37
2 25
2 39
2 1
2 21
2 0
2 6
2 16
2 4
2 18
2 30
2 45
2 15
2 33
2 36
2 13
2 42
2 46
2 22
17
3 24
3 17
3 10
3 9
3 35
3 25
3 2
3 8
3 14
3 29
3 48
3 42
3 33
3 19
3 31
3 16
3 22
18
4 7
4 25
4 10
4 34
4 41
4 28
4 6
4 12
4 17
4 45
4 26
4 23
4 21
4 48
4 40
4 44
4 29
4 30
20
5 20
5 19
5 45
5 2
5 48
5 7
5 11
5 37
5 9
5 13
5 6
5 23
5 4
5 24
5 22
5 42
5 12
5 49
5 44
5 40
26
6 38
6 3
6 18
6 28
6 35
6 25
6 12
6 1
6 36
6 27
6 8
6 20
6 44
6 45
6 9
6 22
6 43
6 30
6 24
6 11
6 34
6 40
6 31
6 26
6 46
6 32
16
7 30
7 33
7 3
7 13
7 8
7 40
7 27
7 49
7 34
7 23
7 28
7 26
7 38
7 32
7 39
7 14
22
8 14
8 47
8 17
8 41
8 13
8 44
8 23
8 24
8 25
8 46
8 29
8 26
8 4
8 31
8 48
8 33
8 34
8 37
8 38
8 0
8 2
8 18
21
9 24
9 32
9 16
9 46
9 14
9 0
9 33
9 35
9 42
9 8
9 17
9 30
9 27
9 36
9 47
9 21
9 7
9 2
9 1
9 22
9 43
20
10 27
10 2
10 19
10 12
10 25
10 47
10 16
10 22
10 38
10 28
10 35
10 48
10 44
10 45
10 17
10 11
10 46
10 43
10 6
10 5
28
11 27
11 14
11 44
11 20
11 31
11 49
11 42
11 30
11 34
11 47
11 8
11 13
11 35
11 29
11 46
11 17
11 3
11 41
11 2
11 9
11 7
11 18
11 33
11 32
11 38
11 25
11 16
11 4
23
12 33
12 28
12 9
12 42
12 30
12 7
12 34
12 11
12 21
12 31
12 49
12 1
12 43
12 18
12 38
12 14
12 2
12 29
12 40
12 27
12 26
12 47
12 19
19
13 19
13 3
13 33
13 31
13 45
13 0
13 30
13 21
13 6
13 17
13 48
13 42
13 46
13 1
13 15
13 26
13 16
13 34
13 4
13
14 4
14 2
14 6
14 1
14 26
14 41
14 16
14 48
14 10
14 47
14 20
14 5
14 13
22
15 5
15 20
15 7
15 36
15 3
15 1
15 31
15 28
15 6
15 48
15 40
15 30
15 39
15 33
15 29
15 12
15 14
15 27
15 49
15 23
15 38
15 45
17
16 45
16 28
16 48
16 46
16 44
16 47
16 32
16 20
16 31
16 7
16 35
16 12
16 5
16 17
16 22
16 0
16 6
23
17 24
17 26
17 38
17 45
17 37
17 15
17 29
17 25
17 19
17 2
17 41
17 32
17 31
17 14
17 1
17 22
17 48
17 47
17 27
17 21
17 36
17 46
17 33
16
18 43
18 47
18 30
18 28
18 21
18 3
18 39
18 4
18 37
18 23
18 5
18 36
18 22
18 16
18 19
18 14
19
19 34
19 43
19 48
19 47
19 8
19 27
19 11
19 0
19 40
19 31
19 15
19 29
19 39
19 24
19 21
19 2
19 7
19 9
19 35
21
20 1
20 0
20 49
20 12
20 48
20 41
20 2
20 22
20 23
20 43
20 13
20 4
20 21
20 7
20 8
20 17
20 18
20 3
20 24
20 36
20 45
22
21 24
21 16
21 26
21 44
21 39
21 38
21 15
21 8
21 23
21 7
21 10
21 27
21 3
21 6
21 33
21 14
21 5
21 35
21 30
21 36
21 47
21 43
15
22 44
22 19
22 37
22 13
22 36
22 8
22 39
22 46
22 7
22 38
22 47
22 11
22 26
22 33
22 4
20
23 0
23 6
23 19
23 46
23 13
23 10
23 11
23 24
23 37
23 32
23 36
23 35
23 14
23 33
23 42
23 3
23 48
23 40
23 41
23 38
19
24 25
24 11
24 30
24 48
24 46
24 14
24 45
24 18
24 15
24 36
24 4
24 31
24 35
24 10
24 7
24 13
24 16
24 28
24 2
19
25 42
25 22
25 7
25 12
25 34
25 30
25 29
25 19
25 5
25 44
25 20
25 13
25 18
25 23
25 26
25 40
25 14
25 32
25 36
19
26 32
26 10
26 30
26 19
26 44
26 45
26 47
26 31
26 33
26 9
26 37
26 48
26 18
26 29
26 41
26 23
26 0
26 5
26 15
18
27 40
27 35
27 30
27 38
27 39
27 2
27 8
27 14
27 5
27 32
27 22
27 46
27 13
27 49
27 16
27 25
27 44
27 41
27
28 46
28 39
28 8
28 47
28 3
28 27
28 30
28 33
28 19
28 45
28 41
28 21
28 29
28 26
28 38
28 11
28 1
28 32
28 37
28 31
28 20
28 25
28 5
28 48
28 22
28 13
28 9
23
29 16
29 37
29 21
29 43
29 32
29 18
29 22
29 10
29 45
29 34
29 24
29 39
29 9
29 31
29 38
29 40
29 13
29 2
29 14
29 23
29 49
29 48
29 46
18
30 8
30 5
30 10
30 39
30 14
30 32
30 42
30 19
30 17
30 20
30 37
30 29
30 35
30 43
30 46
30 47
30 40
30 23
20
31 46
31 33
31 21
31 0
31 49
31 4
31 5
31 35
31 32
31 34
31 44
31 27
31 48
31 9
31 23
31 41
31 7
31 30
31 10
31 18
20
32 24
32 21
32 10
32 3
32 39
32 13
32 41
32 20
32 38
32 8
32 4
32 46
32 14
32 40
32 15
32 49
32 12
32 44
32 34
32 5
16
33 35
33 14
33 36
33 41
33 24
33 40
33 48
33 6
33 29
33 42
33 30
33 37
33 19
33 5
33 16
33 18
23
34 42
34 20
34 36
34 49
34 9
34 2
34 24
34 22
34 18
34 27
34 46
34 15
34 33
34 45
34 41
34 21
34 35
34 16
34 26
34 1
34 0
34 23
34 14
19
35 13
35 37
35 42
35 26
35 18
35 2
35 8
35 41
35 20
35 5
35 38
35 29
35 15
35 7
35 25
35 47
35 14
35 49
35 4
17
36 48
36 27
36 19
36 30
36 35
36 28
36 13
36 8
36 5
36 29
36 41
36 1
36 37
36 7
36 31
36 10
36 32
18
37 39
37 38
37 6
37 49
37 15
37 31
37 43
37 14
37 4
37 42
37 13
37 41
37 20
37 32
37 48
37 11
37 21
37 0
12
38 5
38 36
38 20
38 40
38 39
38 4
38 31
38 25
38 19
38 24
38 42
38 16
22
39 26
39 20
39 3
39 35
39 25
39 14
39 11
39 5
39 10
39 49
39 6
39 34
39 4
39 47
39 31
39 17
39 44
39 24
39 8
39 13
39 33
39 48
17
40 0
40 49
40 16
40 36
40 8
40 14
40 45
40 13
40 26
40 24
40 22
40 18
40 21
40 31
40 37
40 20
40 9
24
41 0
41 9
41 19
41 12
41 15
41 46
41 45
41 21
41 29
41 39
41 13
41 2
41 47
41 38
41 5
41 6
41 40
41 3
41 42
41 1
41 22
41 24
41 18
41 30
13
42 31
42 40
42 26
42 14
42 32
42 0
42 46
42 47
42 44
42 19
42 49
42 22
42 21
20
43 36
43 14
43 28
43 2
43 39
43 34
43 35
43 7
43 16
43 23
43 49
43 1
43 22
43 0
43 3
43 41
43 32
43 13
43 27
43 8
18
44 29
44 35
44 34
44 33
44 12
44 1
44 43
44 41
44 24
44 2
44 37
44 30
44 19
44 9
44 38
44 3
44 7
44 15
25
45 9
45 7
45 43
45 12
45 37
45 38
45 19
45 31
45 11
45 30
45 39
45 44
45 48
45 23
45 47
45 0
45 27
45 42
45 8
45 32
45 49
45 36
45 33
45 3
45 14
19
46 0
46 19
46 44
46 43
46 35
46 38
46 45
46 36
46 26
46 15
46 25
46 1
46 48
46 12
46 14
46 21
46 3
46 33
46 39
20
47 1
47 7
47 46
47 25
47 31
47 4
47 40
47 44
47 48
47 0
47 33
47 29
47 24
47 34
47 15
47 36
47 32
47 2
47 3
47 20
13
48 1
48 35
48 18
48 6
48 9
48 41
48 34
48 12
48 22
48 42
48 7
48 21
48 38
21
49 18
49 17
49 24
49 14
49 30
49 36
49 33
49 3
49 46
49 9
49 6
49 28
49 44
49 26
49 13
49 19
49 2
49 41
49 8
49 16
49 47
