50
0 "A13"
1 "A26"
2 "A38"
3 "A0"
4 "A10"
5 "A35"
6 "A9"
7 "A43"
8 "A14"
9 "A34"
10 "A27"
11 "A46"
12 "A7"
13 "A20"
14 "A31"
15 "A32"
16 "A39"
17 "A49"
18 "A33"
19 "A41"
20 "A30"
21 "A15"
22 "A28"
23 "A21"
24 "A23"
25 "A45"
26 "A36"
27 "A25"
28 "A44"
29 "A6"
30 "A16"
31 "A18"
32 "A29"
33 "A12"
34 "A24"
35 "A47"
36 "A17"
37 "A37"
38 "A3"
39 "A8"
40 "A5"
41 "A22"
42 "A48"
43 "A19"
44 "A42"
45 "A2"
46 "A4"
47 "A11"
48 "A40"
49 "A1"
15
0 22
0 9
0 20
0 8
0 30
0 2
0 15
0 47
0 35
0 36
0 25
0 34
0 38
0 27
0 31
16
1 36
1 5
1 43
1 48
1 8
1 41
1 40
1 47
1 13
1 45
1 3
1 30
1 0
1 37
1 4
1 17
20
2 3
2 30
2 8
2 34
2 6
2 26
2 37
2 41
2 29
2 38
2 10
2 31
2 16
2 42
2 47
2 20
2 17
2 24
2 12
2 33
18
3 9
3 23
3 18
3 35
3 21
3 19
3 28
3 31
3 36
3 39
3 10
3 8
3 41
3 24
3 32
3 0
3 29
3 20
21
4 26
4 35
4 5
4 45
4 49
4 3
4 24
4 18
4 42
4 12
4 27
4 32
4 0
4 21
4 14
4 38
4 10
4 25
4 2
4 30
4 46
18
5 6
5 36
5 31
5 28
5 33
5 21
5 19
5 0
5 40
5 3
5 12
5 17
5 22
5 42
5 15
5 43
5 47
5 8
23
6 4
6 40
6 43
6 48
6 45
6 21
6 15
6 22
6 35
6 14
6 10
6 29
6 27
6 9
6 37
6 18
6 31
6 44
6 47
6 3
6 11
6 0
6 34
15
7 20
7 9
7 48
7 29
7 35
7 40
7 32
7 31
7 37
7 3
7 41
7 26
7 18
7 14
7 46
19
8 30
8 32
8 14
8 15
8 49
8 29
8 18
8 42
8 4
8 25
8 43
8 26
8 20
8 19
8 12
8 6
8 34
8 44
8 41
16
9 32
9 46
9 39
9 2
9 18
9 40
9 14
9 8
9 36
9 5
9 1
9 22
9 49
9 44
9 24
9 31
22
10 9
10 42
10 27
10 15
10 1
10 35
10 43
10 5
10 21
10 14
10 32
10 7
10 17
10 47
10 23
10 44
10 30
10 36
10 46
10 16
10 26
10 11
14
11 0
11 28
11 45
11 43
11 27
11 1
11 38
11 34
11 29
11 37
11 2
11 16
11 25
11 39
23
12 18
12 49
12 7
12 21
12 3
12 19
12 34
12 14
12 16
12 31
12 10
12 0
12 36
12 24
12 32
12 17
12 39
12 15
12 35
12 9
12 37
12 29
12 26
26
13 49
13 5
13 22
13 3
13 16
13 21
13 32
13 25
13 7
13 29
13 35
13 34
13 6
13 4
13 8
13 28
13 2
13 14
13 0
13 38
13 43
13 44
13 10
13 39
13 33
13 23
24
14 25
14 27
14 18
14 34
14 1
14 11
14 32
14 36
14 20
14 0
14 42
14 44
14 35
14 45
14 39
14 47
14 41
14 16
14 29
14 15
14 5
14 2
14 38
14 3
24
15 13
15 29
15 38
15 30
15 43
15 42
15 9
15 47
15 26
15 33
15 44
15 3
15 32
15 11
15 27
15 28
15 37
15 23
15 36
15 2
15 7
15 20
15 48
15 17
15
16 41
16 3
16 6
16 18
16 46
16 31
16 1
16 5
16 27
16 40
16 42
16 9
16 44
16 7
16 4
24
17 46
17 6
17 3
17 0
17 36
17 34
17 4
17 13
17 29
17 14
17 9
17 38
17 44
17 40
17 7
17 37
17 16
17 39
17 30
17 48
17 11
17 26
17 31
17 49
16
18 15
18 31
18 33
18 5
18 2
18 11
18 20
18 10
18 39
18 22
18 48
18 0
18 13
18 21
18 40
18 25
24
19 28
19 16
19 1
19 11
19 17
19 43
19 9
19 18
19 10
19 23
19 31
19 37
19 13
19 49
19 34
19 35
19 47
19 4
19 20
19 30
19 41
19 29
19 38
19 0
20
20 27
20 48
20 1
20 17
20 10
20 4
20 21
20 12
20 5
20 31
20 43
20 41
20 47
20 34
20 11
20 33
20 9
20 22
20 26
20 13
16
21 49
21 14
21 37
21 31
21 9
21 47
21 28
21 7
21 16
21 39
21 25
21 32
21 33
21 34
21 8
21 1
19
22 4
22 39
22 14
22 16
22 17
22 26
22 42
22 8
22 15
22 38
22 19
22 11
22 31
22 36
22 32
22 7
22 12
22 28
22 40
21
23 21
23 35
23 31
23 32
23 7
23 38
23 37
23 2
23 4
23 1
23 17
23 0
23 30
23 47
23 18
23 46
23 9
23 49
23 34
23 27
23 11
19
24 36
24 7
24 45
24 5
24 22
24 37
24 21
24 38
24 6
24 44
24 48
24 13
24 31
24 49
24 25
24 23
24 1
24 11
24 18
22
25 35
25 31
25 41
25 20
25 10
25 43
25 49
25 12
25 34
25 19
25 1
25 30
25 28
25 45
25 27
25 23
25 3
25 9
25 22
25 2
25 17
25 37
24
26 13
26 46
26 18
26 34
26 21
26 48
26 11
26 5
26 24
26 38
26 36
26 3
26 6
26 23
26 1
26 37
26 41
26 39
26 32
26 14
26 25
26 16
26 40
26 0
23
27 39
27 44
27 48
27 43
27 31
27 9
27 22
27 7
27 2
27 45
27 24
27 46
27 33
27 49
27 35
27 40
27 5
27 36
27 17
27 34
27 18
27 19
27 32
24
28 17
28 6
28 10
28 38
28 41
28 20
28 48
28 12
28 0
28 4
28 32
28 16
28 36
28 23
28 2
28 26
28 40
28 43
28 9
28 7
28 27
28 31
28 8
28 34
23
29 20
29 41
29 24
29 23
29 39
29 22
29 1
29 21
29 28
29 27
29 26
29 35
29 36
29 46
29 30
29 9
29 5
29 10
29 44
29 45
29 37
29 31
29 48
17
30 13
30 35
30 38
30 46
30 28
30 40
30 6
30 14
30 9
30 41
30 49
30 12
30 22
30 43
30 21
30 3
30 33
16
31 13
31 11
31 15
31 14
31 4
31 36
31 35
31 26
31 33
31 8
31 34
31 44
31 10
31 40
31 1
31 38
14
32 34
32 18
32 16
32 44
32 29
32 43
32 2
32 24
32 36
32 42
32 30
32 17
32 48
32 39
20
33 1
33 4
33 11
33 42
33 19
33 7
33 23
33 36
33 6
33 37
33 45
33 39
33 48
33 32
33 47
33 10
33 17
33 25
33 8
33 28
19
34 44
34 36
34 40
34 24
34 41
34 3
34 46
34 35
34 18
34 49
34 16
34 48
34 1
34 5
34 10
34 9
34 39
34 29
34 33
21
35 28
35 24
35 33
35 42
35 26
35 49
35 1
35 40
35 9
35 5
35 8
35 47
35 38
35 16
35 22
35 48
35 2
35 20
35 17
35 43
35 32
13
36 19
36 46
36 23
36 16
36 30
36 4
36 37
36 47
36 43
36 38
36 25
36 6
36 40
18
37 28
37 8
37 3
37 32
37 40
37 48
37 9
37 5
37 27
37 14
37 43
37 4
37 31
37 34
37 16
37 47
37 30
37 20
20
38 7
38 48
38 21
38 33
38 9
38 8
38 6
38 27
38 1
38 20
38 39
38 29
38 42
38 49
38 12
38 32
38 25
38 45
38 18
38 34
18
39 43
39 35
39 36
39 47
39 37
39 7
39 48
39 2
39 6
39 4
39 31
39 10
39 30
39 8
39 20
39 23
39 24
39 42
19
40 15
40 47
40 42
40 12
40 23
40 20
40 25
40 2
40 13
40 19
40 10
40 38
40 8
40 0
40 44
40 39
40 32
40 14
40 43
23
41 27
41 21
41 43
41 48
41 12
41 33
41 11
41 17
41 24
41 9
41 10
41 39
41 32
41 15
41 36
41 42
41 40
41 13
41 5
41 31
41 6
41 49
41 38
20
42 48
42 18
42 49
42 27
42 30
42 9
42 12
42 29
42 3
42 11
42 43
42 1
42 24
42 23
42 37
42 0
42 17
42 20
42 13
42 28
18
43 17
43 34
43 31
43 7
43 38
43 9
43 16
43 29
43 33
43 24
43 48
43 23
43 3
43 0
43 14
43 18
43 26
43 2
25
44 39
44 7
44 46
44 4
44 1
44 42
44 22
44 36
44 19
44 28
44 5
44 35
44 37
44 3
44 23
44 49
44 38
44 33
44 0
44 11
44 30
44 18
44 12
44 48
44 41
28
45 13
45 34
45 41
45 15
45 43
45 35
45 31
45 47
45 36
45 7
45 22
45 37
45 48
45 23
45 19
45 42
45 17
45 26
45 28
45 32
45 12
45 30
45 3
45 20
45 46
45 21
45 18
45 40
19
46 12
46 14
46 15
46 0
46 41
46 28
46 8
46 25
46 37
46 21
46 1
46 2
46 33
46 40
46 19
46 47
46 3
46 13
46 38
15
47 34
47 44
47 41
47 22
47 28
47 12
47 4
47 31
47 27
47 9
47 13
47 11
47 30
47 43
47 24
13
48 22
48 46
48 10
48 0
48 14
48 3
48 47
48 2
48 5
48 23
48 19
48 16
48 12
20
49 32
49 2
49 10
49 48
49 18
49 20
49 16
49 40
49 0
49 5
49 26
49 45
49 36
49 31
49 29
49 33
49 22
49 15
49 43
49 7
