50
0 "A13"
1 "A26"
2 "A38"
3 "A0"
4 "A10"
5 "A35"
6 "A9"
7 "A43"
8 "A14"
9 "A34"
10 "A27"
11 "A46"
12 "A7"
13 "A20"
14 "A31"
15 "A32"
16 "A39"
17 "A49"
18 "A33"
19 "A41"
20 "A30"
21 "A15"
22 "A28"
23 "A21"
24 "A23"
25 "A45"
26 "A36"
27 "A25"
28 "A44"
29 "A6"
30 "A16"
31 "A18"
32 "A29"
33 "A12"
34 "A24"
35 "A47"
36 "A17"
37 "A37"
38 "A3"
39 "A8"
40 "A5"
41 "A22"
42 "A48"
43 "A19"
44 "A42"
45 "A2"
46 "A4"
47 "A11"
48 "A40"
49 "A1"
20
0 19
0 38
0 39
0 2
0 26
0 16
0 43
0 22
0 23
0 8
0 47
0 13
0 1
0 30
0 6
0 31
0 44
0 29
0 32
0 20
21
1 13
1 23
1 29
1 9
1 19
1 4
1 3
1 46
1 17
1 28
1 48
1 42
1 47
1 6
1 24
1 7
1 20
1 33
1 38
1 25
1 32
16
2 17
2 12
2 18
2 35
2 1
2 30
2 39
2 28
2 32
2 34
2 27
2 4
2 11
2 43
2 40
2 10
22
3 36
3 20
3 22
3 27
3 33
3 30
3 35
3 0
3 18
3 26
3 7
3 46
3 41
3 32
3 23
3 40
3 4
3 34
3 45
3 44
3 16
3 6
18
4 15
4 31
4 38
4 6
4 29
4 27
4 5
4 8
4 14
4 25
4 18
4 10
4 22
4 41
4 26
4 30
4 34
4 12
23
5 48
5 3
5 15
5 18
5 42
5 26
5 1
5 38
5 46
5 9
5 24
5 45
5 12
5 25
5 13
5 21
5 31
5 28
5 39
5 10
5 11
5 6
5 33
12
6 9
6 10
6 19
6 45
6 17
6 22
6 27
6 13
6 35
6 2
6 33
6 49
16
7 2
7 6
7 43
7 28
7 32
7 36
7 25
7 23
7 12
7 29
7 35
7 18
7 11
7 47
7 40
7 5
21
8 43
8 34
8 2
8 3
8 18
8 17
8 36
8 27
8 7
8 10
8 6
8 30
8 5
8 49
8 48
8 42
8 46
8 20
8 37
8 13
8 29
13
9 2
9 4
9 13
9 45
9 28
9 44
9 32
9 38
9 0
9 29
9 33
9 20
9 10
19
10 1
10 7
10 14
10 0
10 42
10 17
10 3
10 44
10 23
10 48
10 35
10 18
10 47
10 36
10 20
10 31
10 33
10 16
10 32
23
11 28
11 18
11 21
11 3
11 40
11 37
11 41
11 8
11 10
11 45
11 32
11 20
11 47
11 16
11 23
11 48
11 43
11 19
11 39
11 1
11 36
11 17
11 12
17
12 6
12 19
12 8
12 15
12 16
12 41
12 42
12 44
12 43
12 24
12 22
12 49
12 20
12 33
12 27
12 0
12 34
24
13 11
13 31
13 30
13 25
13 38
13 40
13 21
13 48
13 29
13 14
13 10
13 43
13 3
13 18
13 33
13 26
13 2
13 42
13 16
13 27
13 20
13 35
13 12
13 7
20
14 25
14 15
14 16
14 8
14 26
14 11
14 19
14 33
14 49
14 9
14 42
14 48
14 1
14 5
14 24
14 3
14 7
14 43
14 20
14 37
21
15 47
15 38
15 32
15 3
15 27
15 45
15 40
15 13
15 26
15 9
15 48
15 1
15 10
15 39
15 29
15 18
15 31
15 25
15 33
15 0
15 2
21
16 18
16 8
16 2
16 24
16 47
16 37
16 4
16 5
16 15
16 28
16 7
16 27
16 36
16 44
16 6
16 49
16 30
16 25
16 21
16 26
16 9
22
17 9
17 41
17 21
17 7
17 31
17 45
17 14
17 26
17 37
17 33
17 20
17 23
17 28
17 44
17 48
17 15
17 12
17 4
17 39
17 16
17 30
17 38
19
18 43
18 25
18 33
18 32
18 37
18 28
18 40
18 21
18 44
18 6
18 19
18 38
18 27
18 36
18 30
18 14
18 17
18 1
18 47
15
19 3
19 45
19 22
19 13
19 20
19 35
19 9
19 23
19 27
19 31
19 5
19 2
19 42
19 30
19 24
18
20 27
20 34
20 43
20 44
20 21
20 48
20 32
20 7
20 4
20 47
20 2
20 16
20 24
20 33
20 5
20 41
20 6
20 35
21
21 31
21 4
21 29
21 26
21 28
21 25
21 1
21 46
21 41
21 19
21 6
21 10
21 7
21 34
21 23
21 48
21 39
21 49
21 12
21 2
21 38
23
22 18
22 5
22 33
22 41
22 1
22 13
22 31
22 48
22 42
22 9
22 34
22 24
22 17
22 15
22 14
22 26
22 21
22 44
22 16
22 11
22 28
22 37
22 29
23
23 16
23 39
23 22
23 14
23 8
23 28
23 32
23 12
23 4
23 35
23 2
23 6
23 43
23 47
23 45
23 13
23 9
23 37
23 5
23 15
23 46
23 33
23 20
24
24 2
24 45
24 11
24 6
24 27
24 9
24 47
24 0
24 4
24 3
24 7
24 25
24 26
24 15
24 29
24 21
24 23
24 32
24 31
24 13
24 38
24 17
24 43
24 44
17
25 3
25 26
25 43
25 0
25 49
25 40
25 35
25 34
25 23
25 6
25 9
25 33
25 10
25 30
25 17
25 32
25 8
20
26 27
26 35
26 11
26 32
26 46
26 40
26 34
26 1
26 2
26 6
26 20
26 23
26 10
26 12
26 9
26 7
26 43
26 42
26 49
26 48
16
27 21
27 40
27 11
27 22
27 37
27 1
27 33
27 28
27 5
27 25
27 23
27 7
27 9
27 44
27 14
27 38
18
28 12
28 14
28 6
28 39
28 25
28 31
28 0
28 49
28 26
28 4
28 8
28 36
28 24
28 40
28 47
28 20
28 34
28 30
23
29 36
29 48
29 16
29 17
29 49
29 41
29 10
29 28
29 12
29 26
29 6
29 5
29 31
29 45
29 44
29 25
29 47
29 43
29 2
29 20
29 14
29 18
29 19
22
30 7
30 23
30 36
30 12
30 31
30 5
30 42
30 9
30 41
30 35
30 29
30 47
30 10
30 21
30 11
30 27
30 33
30 6
30 34
30 46
30 45
30 24
18
31 48
31 8
31 26
31 18
31 43
31 44
31 2
31 27
31 7
31 3
31 40
31 35
31 38
31 6
31 20
31 41
31 45
31 12
21
32 12
32 30
32 36
32 33
32 6
32 49
32 38
32 8
32 16
32 28
32 14
32 46
32 47
32 45
32 31
32 22
32 34
32 40
32 42
32 17
32 19
19
33 40
33 7
33 26
33 28
33 11
33 34
33 49
33 39
33 48
33 16
33 4
33 44
33 36
33 0
33 31
33 19
33 29
33 2
33 21
17
34 18
34 14
34 40
34 0
34 27
34 7
34 17
34 35
34 19
34 23
34 11
34 10
34 13
34 1
34 24
34 29
34 41
19
35 29
35 24
35 32
35 9
35 45
35 12
35 21
35 22
35 18
35 44
35 5
35 49
35 28
35 0
35 8
35 15
35 37
35 27
35 42
21
36 45
36 6
36 19
36 46
36 48
36 20
36 4
36 40
36 26
36 2
36 47
36 24
36 21
36 41
36 15
36 1
36 25
36 22
36 27
36 34
36 5
27
37 32
37 49
37 33
37 1
37 0
37 31
37 48
37 15
37 2
37 7
37 20
37 46
37 29
37 25
37 39
37 6
37 28
37 45
37 43
37 10
37 30
37 19
37 13
37 9
37 12
37 36
37 34
24
38 47
38 35
38 37
38 2
38 30
38 34
38 36
38 49
38 28
38 26
38 48
38 6
38 7
38 19
38 8
38 12
38 20
38 23
38 42
38 25
38 11
38 14
38 16
38 45
21
39 4
39 40
39 13
39 45
39 12
39 1
39 20
39 46
39 38
39 27
39 47
39 14
39 48
39 29
39 22
39 25
39 41
39 10
39 24
39 42
39 16
20
40 14
40 6
40 8
40 24
40 10
40 30
40 5
40 23
40 0
40 4
40 20
40 21
40 12
40 16
40 38
40 29
40 43
40 1
40 35
40 45
16
41 33
41 9
41 18
41 0
41 6
41 14
41 23
41 24
41 27
41 19
41 15
41 44
41 2
41 37
41 8
41 5
23
42 15
42 29
42 47
42 18
42 28
42 45
42 31
42 41
42 36
42 48
42 43
42 34
42 3
42 0
42 2
42 46
42 17
42 40
42 9
42 44
42 24
42 7
42 21
16
43 39
43 19
43 46
43 16
43 4
43 10
43 28
43 1
43 27
43 32
43 3
43 34
43 41
43 30
43 6
43 5
19
44 40
44 43
44 25
44 32
44 19
44 13
44 14
44 6
44 2
44 47
44 11
44 7
44 36
44 4
44 1
44 39
44 45
44 26
44 5
9
45 13
45 2
45 22
45 34
45 21
45 1
45 49
45 8
45 7
21
46 29
46 16
46 4
46 18
46 20
46 17
46 40
46 25
46 41
46 27
46 35
46 7
46 49
46 38
46 48
46 13
46 45
46 9
46 12
46 15
46 28
19
47 35
47 2
47 9
47 26
47 37
47 31
47 46
47 40
47 34
47 33
47 8
47 12
47 43
47 48
47 4
47 6
47 49
47 27
47 14
16
48 9
48 25
48 4
48 30
48 3
48 16
48 40
48 49
48 43
48 6
48 44
48 35
48 12
48 7
48 2
48 34
26
49 31
49 40
49 9
49 10
49 4
49 20
49 27
49 36
49 1
49 2
49 43
49 5
49 17
49 39
49 42
49 30
49 13
49 7
49 23
49 22
49 18
49 15
49 11
49 34
49 24
49 44
