50
0 "A13"
1 "A26"
2 "A38"
3 "A0"
4 "A10"
5 "A35"
6 "A9"
7 "A43"
8 "A14"
9 "A34"
10 "A27"
11 "A46"
12 "A7"
13 "A20"
14 "A31"
15 "A32"
16 "A39"
17 "A49"
18 "A33"
19 "A41"
20 "A30"
21 "A15"
22 "A28"
23 "A21"
24 "A23"
25 "A45"
26 "A36"
27 "A25"
28 "A44"
29 "A6"
30 "A16"
31 "A18"
32 "A29"
33 "A12"
34 "A24"
35 "A47"
36 "A17"
37 "A37"
38 "A3"
39 "A8"
40 "A5"
41 "A22"
42 "A48"
43 "A19"
44 "A42"
45 "A2"
46 "A4"
47 "A11"
48 "A40"
49 "A1"
19
0 7
0 5
0 18
0 36
0 39
0 49
0 34
0 16
0 10
0 17
0 44
0 4
0 43
0 48
0 41
0 30
0 40
0 8
0 31
21
1 44
1 21
1 33
1 28
1 43
1 5
1 15
1 22
1 14
1 11
1 48
1 12
1 2
1 45
1 39
1 13
1 23
1 7
1 25
1 0
1 47
22
2 36
2 19
2 45
2 38
2 23
2 21
2 22
2 11
2 40
2 43
2 27
2 34
2 31
2 32
2 12
2 6
2 37
2 16
2 9
2 44
2 30
2 7
24
3 1
3 23
3 49
3 40
3 42
3 46
3 22
3 2
3 45
3 41
3 17
3 31
3 37
3 43
3 28
3 36
3 20
3 11
3 33
3 0
3 18
3 34
3 21
3 9
20
4 40
4 24
4 16
4 36
4 27
4 20
4 38
4 11
4 43
4 32
4 1
4 22
4 19
4 18
4 42
4 30
4 39
4 3
4 44
4 17
19
5 44
5 11
5 34
5 14
5 16
5 47
5 13
5 4
5 10
5 37
5 2
5 21
5 24
5 46
5 7
5 15
5 23
5 26
5 41
19
6 22
6 27
6 23
6 17
6 34
6 36
6 14
6 10
6 45
6 32
6 46
6 4
6 47
6 19
6 5
6 16
6 49
6 39
6 15
18
7 25
7 31
7 4
7 41
7 6
7 12
7 45
7 28
7 39
7 44
7 8
7 42
7 17
7 19
7 33
7 30
7 36
7 37
18
8 34
8 1
8 13
8 47
8 19
8 25
8 45
8 2
8 4
8 14
8 16
8 17
8 27
8 44
8 40
8 41
8 22
8 32
17
9 14
9 0
9 39
9 35
9 45
9 18
9 38
9 16
9 36
9 28
9 27
9 11
9 49
9 34
9 29
9 21
9 37
17
10 15
10 44
10 37
10 23
10 40
10 2
10 16
10 31
10 41
10 3
10 25
10 33
10 4
10 28
10 24
10 13
10 36
13
11 7
11 18
11 15
11 37
11 12
11 30
11 24
11 22
11 13
11 40
11 23
11 19
11 21
24
12 28
12 20
12 0
12 19
12 10
12 38
12 36
12 35
12 40
12 24
12 5
12 30
12 29
12 41
12 27
12 31
12 44
12 25
12 23
12 17
12 47
12 22
12 42
12 3
18
13 4
13 14
13 43
13 49
13 38
13 18
13 32
13 35
13 28
13 22
13 2
13 29
13 31
13 39
13 23
13 25
13 30
13 7
18
14 38
14 10
14 2
14 48
14 26
14 16
14 32
14 4
14 18
14 40
14 49
14 12
14 42
14 35
14 39
14 30
14 41
14 15
21
15 44
15 0
15 2
15 49
15 46
15 16
15 42
15 9
15 30
15 4
15 33
15 28
15 32
15 19
15 7
15 18
15 45
15 25
15 29
15 17
15 12
20
16 12
16 44
16 41
16 13
16 21
16 31
16 11
16 18
16 1
16 47
16 36
16 43
16 23
16 17
16 35
16 32
16 48
16 49
16 40
16 37
18
17 11
17 24
17 5
17 48
17 28
17 26
17 47
17 9
17 14
17 2
17 10
17 43
17 25
17 21
17 31
17 13
17 27
17 42
17
18 7
18 48
18 17
18 5
18 1
18 32
18 49
18 6
18 25
18 39
18 2
18 30
18 46
18 44
18 10
18 20
18 26
19
19 0
19 48
19 16
19 45
19 20
19 42
19 39
19 17
19 38
19 46
19 9
19 13
19 5
19 26
19 14
19 10
19 37
19 36
19 3
20
20 14
20 15
20 2
20 21
20 5
20 33
20 11
20 41
20 42
20 27
20 17
20 35
20 44
20 37
20 47
20 24
20 1
20 9
20 39
20 10
21
21 36
21 46
21 49
21 15
21 24
21 6
21 13
21 35
21 44
21 8
21 14
21 10
21 43
21 38
21 19
21 37
21 41
21 25
21 45
21 12
21 29
20
22 34
22 36
22 14
22 44
22 17
22 35
22 27
22 38
22 9
22 37
22 15
22 19
22 40
22 5
22 48
22 18
22 42
22 7
22 41
22 20
19
23 14
23 49
23 48
23 29
23 39
23 8
23 0
23 21
23 42
23 18
23 19
23 28
23 44
23 43
23 31
23 20
23 17
23 15
23 7
25
24 8
24 23
24 33
24 35
24 25
24 18
24 2
24 27
24 22
24 3
24 44
24 7
24 0
24 15
24 49
24 19
24 16
24 38
24 46
24 32
24 14
24 1
24 37
24 40
24 29
24
25 32
25 45
25 38
25 42
25 4
25 37
25 0
25 33
25 9
25 2
25 19
25 20
25 3
25 35
25 22
25 30
25 27
25 36
25 46
25 31
25 40
25 23
25 28
25 26
18
26 16
26 15
26 49
26 28
26 7
26 48
26 12
26 35
26 1
26 31
26 32
26 23
26 4
26 6
26 3
26 24
26 11
26 2
22
27 5
27 35
27 31
27 7
27 0
27 44
27 43
27 1
27 30
27 21
27 42
27 19
27 26
27 15
27 46
27 32
27 23
27 34
27 16
27 28
27 10
27 41
22
28 46
28 2
28 24
28 8
28 5
28 18
28 6
28 47
28 21
28 11
28 32
28 16
28 38
28 42
28 4
28 33
28 40
28 41
28 29
28 39
28 31
28 36
26
29 19
29 2
29 33
29 25
29 7
29 36
29 34
29 30
29 10
29 20
29 5
29 22
29 0
29 43
29 31
29 35
29 1
29 44
29 49
29 16
29 37
29 3
29 41
29 18
29 27
29 45
21
30 17
30 40
30 31
30 23
30 3
30 24
30 46
30 16
30 22
30 41
30 21
30 5
30 43
30 10
30 6
30 19
30 38
30 47
30 8
30 20
30 42
23
31 39
31 42
31 22
31 43
31 44
31 33
31 14
31 9
31 38
31 20
31 11
31 8
31 24
31 32
31 6
31 40
31 4
31 36
31 15
31 47
31 18
31 45
31 1
16
32 49
32 40
32 29
32 22
32 45
32 34
32 20
32 17
32 11
32 0
32 43
32 1
32 30
32 10
32 19
32 23
20
33 14
33 11
33 9
33 26
33 13
33 12
33 45
33 17
33 27
33 8
33 43
33 4
33 30
33 32
33 22
33 6
33 19
33 18
33 5
33 16
23
34 21
34 20
34 30
34 28
34 16
34 1
34 39
34 26
34 25
34 24
34 44
34 4
34 31
34 46
34 15
34 10
34 45
34 37
34 33
34 7
34 14
34 18
34 12
16
35 11
35 49
35 28
35 1
35 36
35 3
35 17
35 19
35 8
35 39
35 34
35 4
35 40
35 42
35 10
35 30
18
36 17
36 33
36 20
36 24
36 43
36 30
36 49
36 32
36 45
36 40
36 26
36 27
36 47
36 41
36 39
36 23
36 13
36 37
18
37 14
37 27
37 32
37 47
37 38
37 30
37 8
37 13
37 39
37 42
37 41
37 6
37 28
37 31
37 18
37 48
37 4
37 45
19
38 20
38 5
38 16
38 47
38 6
38 46
38 0
38 36
38 15
38 7
38 34
38 18
38 10
38 45
38 43
38 29
38 11
38 35
38 17
22
39 8
39 46
39 44
39 16
39 29
39 22
39 12
39 24
39 10
39 33
39 38
39 17
39 47
39 5
39 25
39 15
39 30
39 21
39 27
39 32
39 26
39 3
14
40 21
40 9
40 38
40 20
40 13
40 26
40 29
40 7
40 45
40 19
40 42
40 41
40 6
40 5
16
41 44
41 19
41 9
41 39
41 31
41 34
41 49
41 25
41 2
41 32
41 33
41 47
41 4
41 35
41 23
41 45
21
42 41
42 34
42 11
42 24
42 36
42 1
42 48
42 38
42 44
42 29
42 21
42 43
42 16
42 33
42 6
42 45
42 8
42 13
42 32
42 2
42 5
17
43 9
43 22
43 34
43 15
43 5
43 8
43 39
43 28
43 11
43 45
43 18
43 19
43 14
43 47
43 35
43 6
43 37
13
44 40
44 37
44 11
44 33
44 36
44 14
44 38
44 17
44 30
44 19
44 26
44 32
44 6
16
45 0
45 5
45 10
45 13
45 28
45 11
45 35
45 26
45 22
45 14
45 18
45 12
45 47
45 46
45 23
45 20
20
46 29
46 8
46 42
46 13
46 41
46 40
46 0
46 1
46 7
46 44
46 48
46 4
46 20
46 16
46 33
46 14
46 22
46 11
46 2
46 43
22
47 29
47 2
47 0
47 33
47 14
47 23
47 13
47 46
47 11
47 24
47 25
47 22
47 40
47 35
47 3
47 26
47 18
47 4
47 34
47 49
47 19
47 42
24
48 13
48 11
48 31
48 29
48 43
48 24
48 7
48 2
48 38
48 12
48 5
48 10
48 9
48 28
48 3
48 41
48 36
48 27
48 39
48 47
48 45
48 8
48 35
48 6
22
49 5
49 20
49 38
49 19
49 34
49 27
49 37
49 30
49 7
49 12
49 39
49 1
49 45
49 40
49 28
49 2
49 4
49 42
49 11
49 22
49 8
49 17
