50
0 "A13"
1 "A26"
2 "A38"
3 "A0"
4 "A10"
5 "A35"
6 "A9"
7 "A43"
8 "A14"
9 "A34"
10 "A27"
11 "A46"
12 "A7"
13 "A20"
14 "A31"
15 "A32"
16 "A39"
17 "A49"
18 "A33"
19 "A41"
20 "A30"
21 "A15"
22 "A28"
23 "A21"
24 "A23"
25 "A45"
26 "A36"
27 "A25"
28 "A44"
29 "A6"
30 "A16"
31 "A18"
32 "A29"
33 "A12"
34 "A24"
35 "A47"
36 "A17"
37 "A37"
38 "A3"
39 "A8"
40 "A5"
41 "A22"
42 "A48"
43 "A19"
44 "A42"
45 "A2"
46 "A4"
47 "A11"
48 "A40"
49 "A1"
22
0 36
0 39
0 43
0 11
0 31
0 28
0 2
0 13
0 49
0 44
0 7
0 34
0 4
0 14
0 19
0 37
0 45
0 40
0 41
0 42
0 16
0 18
21
1 46
1 0
1 9
1 23
1 11
1 49
1 34
1 2
1 22
1 8
1 19
1 17
1 43
1 48
1 45
1 39
1 35
1 42
1 47
1 16
1 31
18
2 40
2 31
2 36
2 12
2 15
2 43
2 21
2 6
2 29
2 44
2 5
2 7
2 22
2 8
2 19
2 23
2 32
2 38
15
3 46
3 22
3 41
3 34
3 17
3 9
3 11
3 40
3 20
3 38
3 12
3 13
3 28
3 39
3 0
20
4 47
4 2
4 3
4 23
4 14
4 35
4 32
4 21
4 45
4 36
4 19
4 40
4 26
4 33
4 24
4 16
4 27
4 30
4 22
4 1
15
5 34
5 0
5 9
5 4
5 3
5 7
5 6
5 23
5 25
5 36
5 1
5 38
5 31
5 44
5 13
17
6 39
6 10
6 14
6 7
6 18
6 13
6 0
6 15
6 16
6 34
6 19
6 24
6 29
6 31
6 33
6 17
6 23
18
7 30
7 44
7 9
7 20
7 25
7 17
7 49
7 29
7 43
7 39
7 10
7 8
7 21
7 38
7 48
7 4
7 13
7 36
22
8 5
8 29
8 14
8 4
8 6
8 24
8 36
8 3
8 38
8 49
8 31
8 44
8 27
8 39
8 43
8 30
8 25
8 15
8 17
8 32
8 19
8 28
21
9 47
9 27
9 36
9 28
9 11
9 0
9 16
9 8
9 26
9 45
9 29
9 42
9 34
9 18
9 22
9 31
9 15
9 39
9 46
9 43
9 37
21
10 3
10 4
10 41
10 36
10 46
10 22
10 2
10 16
10 40
10 15
10 35
10 28
10 30
10 27
10 9
10 39
10 14
10 25
10 29
10 32
10 5
21
11 8
11 6
11 12
11 7
11 36
11 33
11 41
11 32
11 43
11 40
11 15
11 44
11 18
11 48
11 34
11 24
11 5
11 25
11 2
11 4
11 38
27
12 25
12 4
12 40
12 8
12 49
12 19
12 47
12 17
12 22
12 46
12 30
12 18
12 5
12 6
12 9
12 34
12 39
12 35
12 42
12 41
12 0
12 28
12 38
12 20
12 29
12 10
12 44
19
13 48
13 33
13 14
13 4
13 32
13 25
13 2
13 26
13 17
13 24
13 18
13 39
13 1
13 43
13 49
13 45
13 23
13 42
13 29
20
14 41
14 38
14 15
14 2
14 48
14 26
14 11
14 40
14 12
14 36
14 18
14 7
14 35
14 3
14 16
14 9
14 1
14 47
14 39
14 28
22
15 40
15 16
15 0
15 18
15 25
15 31
15 4
15 41
15 35
15 30
15 28
15 5
15 45
15 32
15 47
15 43
15 33
15 1
15 49
15 29
15 39
15 13
19
16 35
16 44
16 47
16 18
16 29
16 17
16 32
16 13
16 11
16 49
16 27
16 36
16 19
16 24
16 5
16 21
16 38
16 3
16 48
18
17 2
17 14
17 26
17 27
17 49
17 47
17 0
17 4
17 46
17 37
17 10
17 41
17 35
17 15
17 25
17 21
17 9
17 11
15
18 1
18 7
18 20
18 10
18 2
18 4
18 25
18 36
18 17
18 28
18 21
18 8
18 45
18 35
18 26
16
19 14
19 10
19 26
19 20
19 42
19 13
19 38
19 3
19 11
19 49
19 32
19 45
19 9
19 30
19 48
19 36
24
20 39
20 17
20 10
20 44
20 11
20 35
20 49
20 33
20 15
20 42
20 32
20 34
20 31
20 37
20 41
20 28
20 13
20 27
20 5
20 25
20 8
20 9
20 4
20 24
24
21 14
21 25
21 46
21 37
21 49
21 24
21 41
21 3
21 29
21 19
21 38
21 33
21 48
21 6
21 8
21 13
21 10
21 32
21 36
21 31
21 9
21 23
21 12
21 44
22
22 38
22 34
22 27
22 7
22 5
22 17
22 39
22 20
22 0
22 18
22 15
22 11
22 16
22 23
22 21
22 42
22 31
22 6
22 13
22 43
22 26
22 48
19
23 3
23 33
23 20
23 19
23 29
23 38
23 36
23 34
23 7
23 40
23 45
23 16
23 12
23 8
23 30
23 43
23 24
23 31
23 17
20
24 15
24 44
24 17
24 38
24 25
24 32
24 2
24 14
24 40
24 0
24 27
24 9
24 7
24 22
24 45
24 29
24 39
24 1
24 31
24 35
21
25 4
25 37
25 0
25 33
25 42
25 9
25 19
25 27
25 2
25 26
25 30
25 43
25 40
25 36
25 16
25 32
25 38
25 41
25 14
25 23
25 31
19
26 0
26 16
26 8
26 6
26 21
26 2
26 38
26 7
26 11
26 3
26 23
26 28
26 48
26 24
26 35
26 27
26 12
26 20
26 5
17
27 33
27 15
27 31
27 19
27 13
27 42
27 28
27 43
27 41
27 35
27 0
27 1
27 23
27 5
27 14
27 21
27 38
23
28 23
28 40
28 45
28 24
28 16
28 41
28 22
28 6
28 11
28 5
28 21
28 7
28 32
28 37
28 38
28 42
28 44
28 35
28 4
28 19
28 25
28 29
28 13
18
29 14
29 11
29 42
29 22
29 26
29 5
29 35
29 32
29 3
29 37
29 47
29 38
29 27
29 36
29 1
29 0
29 4
29 20
22
30 43
30 17
30 11
30 31
30 13
30 2
30 21
30 46
30 20
30 24
30 1
30 16
30 5
30 9
30 45
30 29
30 26
30 22
30 38
30 14
30 37
30 41
20
31 39
31 16
31 17
31 37
31 7
31 44
31 4
31 36
31 28
31 14
31 47
31 42
31 43
31 35
31 11
31 48
31 12
31 45
31 13
31 19
18
32 23
32 46
32 40
32 1
32 22
32 45
32 31
32 17
32 26
32 49
32 12
32 6
32 3
32 38
32 30
32 5
32 36
32 9
19
33 5
33 22
33 32
33 9
33 14
33 41
33 1
33 31
33 8
33 26
33 12
33 40
33 28
33 38
33 30
33 0
33 19
33 29
33 16
20
34 39
34 44
34 19
34 28
34 24
34 32
34 30
34 4
34 8
34 49
34 27
34 37
34 2
34 14
34 17
34 46
34 16
34 21
34 7
34 25
20
35 34
35 9
35 3
35 13
35 43
35 44
35 2
35 21
35 33
35 7
35 37
35 8
35 11
35 45
35 0
35 25
35 49
35 6
35 22
35 48
18
36 15
36 37
36 39
36 6
36 20
36 30
36 49
36 26
36 35
36 22
36 17
36 41
36 28
36 27
36 3
36 33
36 34
36 43
23
37 14
37 8
37 27
37 40
37 23
37 26
37 15
37 19
37 24
37 33
37 42
37 5
37 22
37 45
37 3
37 4
37 47
37 32
37 7
37 12
37 46
37 1
37 43
12
38 6
38 4
38 47
38 35
38 34
38 9
38 41
38 45
38 17
38 1
38 13
38 20
15
39 17
39 16
39 29
39 35
39 48
39 4
39 40
39 33
39 21
39 2
39 44
39 19
39 27
39 30
39 42
19
40 1
40 34
40 9
40 6
40 42
40 35
40 19
40 7
40 38
40 22
40 31
40 13
40 21
40 48
40 16
40 26
40 30
40 18
40 5
22
41 4
41 19
41 35
41 46
41 31
41 13
41 24
41 34
41 22
41 8
41 18
41 26
41 1
41 40
41 44
41 23
41 32
41 45
41 9
41 5
41 2
41 29
18
42 32
42 2
42 26
42 35
42 5
42 48
42 18
42 46
42 6
42 8
42 4
42 11
42 21
42 38
42 44
42 14
42 43
42 16
20
43 12
43 5
43 39
43 38
43 20
43 10
43 28
43 19
43 29
43 14
43 34
43 48
43 6
43 18
43 41
43 17
43 44
43 33
43 47
43 26
17
44 19
44 26
44 13
44 48
44 36
44 30
44 9
44 33
44 15
44 37
44 27
44 14
44 49
44 3
44 38
44 6
44 4
17
45 10
45 6
45 27
45 17
45 33
45 46
45 36
45 43
45 39
45 25
45 44
45 2
45 42
45 16
45 20
45 11
45 22
15
46 44
46 11
46 7
46 26
46 4
46 25
46 48
46 27
46 19
46 20
46 33
46 0
46 6
46 15
46 35
28
47 26
47 34
47 46
47 44
47 20
47 10
47 2
47 0
47 40
47 35
47 42
47 36
47 18
47 33
47 32
47 5
47 22
47 7
47 39
47 11
47 27
47 25
47 30
47 6
47 8
47 24
47 49
47 19
21
48 37
48 47
48 5
48 4
48 12
48 3
48 20
48 8
48 30
48 15
48 17
48 29
48 38
48 28
48 0
48 9
48 36
48 41
48 18
48 45
48 24
22
49 38
49 4
49 23
49 31
49 2
49 25
49 11
49 26
49 18
49 27
49 46
49 43
49 3
49 42
49 41
49 48
49 28
49 24
49 5
49 45
49 33
49 22
