50
0 "A6"
1 "A33"
2 "A14"
3 "A11"
4 "A10"
5 "A2"
6 "A28"
7 "A26"
8 "A1"
9 "A45"
10 "A37"
11 "A38"
12 "A20"
13 "A19"
14 "A48"
15 "A24"
16 "A32"
17 "A23"
18 "A17"
19 "A5"
20 "A35"
21 "A42"
22 "A21"
23 "A34"
24 "A3"
25 "A41"
26 "A27"
27 "A43"
28 "A39"
29 "A49"
30 "A12"
31 "A15"
32 "A47"
33 "A4"
34 "A40"
35 "A0"
36 "A7"
37 "A22"
38 "A29"
39 "A44"
40 "A25"
41 "A30"
42 "A36"
43 "A18"
44 "A16"
45 "A13"
46 "A46"
47 "A8"
48 "A9"
49 "A31"
24
0 42
0 21
0 27
0 20
0 5
0 18
0 33
0 24
0 7
0 35
0 38
0 28
0 22
0 47
0 43
0 48
0 3
0 30
0 10
0 9
0 26
0 49
0 4
0 34
18
1 12
1 23
1 28
1 27
1 14
1 24
1 25
1 46
1 8
1 19
1 31
1 33
1 36
1 30
1 44
1 2
1 26
1 16
26
2 13
2 42
2 4
2 6
2 28
2 26
2 17
2 41
2 31
2 44
2 29
2 34
2 23
2 5
2 47
2 14
2 24
2 21
2 48
2 10
2 46
2 22
2 27
2 36
2 8
2 32
17
3 17
3 8
3 39
3 33
3 13
3 49
3 5
3 44
3 16
3 35
3 4
3 7
3 6
3 26
3 32
3 31
3 11
18
4 35
4 11
4 15
4 32
4 38
4 34
4 19
4 44
4 10
4 49
4 41
4 48
4 24
4 43
4 31
4 39
4 42
4 18
17
5 38
5 11
5 41
5 30
5 43
5 19
5 17
5 29
5 46
5 45
5 23
5 25
5 22
5 24
5 4
5 36
5 35
13
6 19
6 44
6 18
6 1
6 11
6 14
6 43
6 39
6 4
6 0
6 7
6 45
6 12
17
7 29
7 22
7 1
7 43
7 5
7 30
7 44
7 18
7 11
7 36
7 10
7 21
7 19
7 4
7 37
7 12
7 39
19
8 35
8 12
8 26
8 30
8 20
8 4
8 38
8 22
8 49
8 6
8 0
8 14
8 24
8 48
8 39
8 19
8 40
8 7
8 47
24
9 19
9 8
9 46
9 44
9 45
9 30
9 11
9 3
9 29
9 42
9 40
9 26
9 47
9 33
9 27
9 13
9 48
9 6
9 2
9 32
9 5
9 35
9 7
9 17
22
10 11
10 6
10 38
10 48
10 33
10 27
10 42
10 8
10 35
10 1
10 19
10 46
10 13
10 34
10 44
10 3
10 30
10 18
10 22
10 17
10 9
10 5
13
11 2
11 26
11 49
11 21
11 34
11 13
11 1
11 31
11 22
11 23
11 48
11 18
11 14
17
12 18
12 5
12 14
12 15
12 30
12 0
12 11
12 9
12 40
12 48
12 37
12 10
12 3
12 13
12 34
12 28
12 21
21
13 15
13 19
13 37
13 36
13 33
13 4
13 28
13 45
13 6
13 22
13 34
13 21
13 16
13 8
13 26
13 38
13 5
13 39
13 49
13 7
13 35
25
14 36
14 7
14 9
14 46
14 41
14 45
14 34
14 49
14 47
14 31
14 4
14 25
14 42
14 13
14 5
14 44
14 33
14 37
14 40
14 19
14 26
14 0
14 30
14 23
14 28
26
15 1
15 23
15 6
15 18
15 49
15 20
15 44
15 9
15 0
15 19
15 14
15 24
15 5
15 3
15 10
15 17
15 48
15 11
15 42
15 27
15 33
15 40
15 21
15 37
15 26
15 28
17
16 24
16 10
16 8
16 4
16 37
16 48
16 9
16 30
16 32
16 11
16 28
16 40
16 33
16 14
16 5
16 7
16 19
22
17 31
17 40
17 8
17 7
17 25
17 45
17 49
17 22
17 13
17 48
17 32
17 4
17 39
17 20
17 43
17 35
17 11
17 0
17 14
17 28
17 23
17 16
18
18 1
18 48
18 22
18 29
18 41
18 30
18 23
18 5
18 44
18 13
18 21
18 45
18 42
18 37
18 8
18 17
18 40
18 25
23
19 40
19 38
19 3
19 23
19 22
19 47
19 46
19 26
19 42
19 28
19 36
19 33
19 18
19 49
19 17
19 37
19 20
19 0
19 12
19 48
19 41
19 2
19 24
22
20 13
20 40
20 24
20 47
20 27
20 7
20 3
20 9
20 25
20 37
20 30
20 36
20 5
20 4
20 18
20 48
20 49
20 31
20 44
20 12
20 43
20 39
18
21 17
21 29
21 45
21 19
21 36
21 34
21 23
21 6
21 5
21 39
21 40
21 20
21 28
21 31
21 30
21 1
21 49
21 26
18
22 35
22 4
22 6
22 34
22 38
22 9
22 28
22 24
22 26
22 39
22 3
22 45
22 33
22 43
22 48
22 31
22 27
22 21
19
23 13
23 12
23 16
23 43
23 22
23 0
23 3
23 47
23 28
23 37
23 9
23 27
23 4
23 34
23 30
23 7
23 10
23 35
23 8
16
24 28
24 41
24 3
24 11
24 48
24 21
24 25
24 31
24 39
24 35
24 23
24 18
24 12
24 44
24 46
24 7
24
25 21
25 46
25 22
25 8
25 35
25 37
25 3
25 31
25 12
25 4
25 44
25 2
25 49
25 23
25 34
25 0
25 13
25 40
25 32
25 36
25 11
25 9
25 15
25 27
14
26 16
26 29
26 33
26 45
26 23
26 32
26 7
26 24
26 31
26 17
26 4
26 49
26 6
26 40
24
27 30
27 35
27 14
27 44
27 17
27 32
27 31
27 4
27 37
27 6
27 29
27 21
27 33
27 43
27 5
27 11
27 18
27 49
27 26
27 7
27 46
27 13
27 8
27 16
17
28 27
28 38
28 32
28 36
28 39
28 29
28 4
28 37
28 9
28 44
28 26
28 7
28 47
28 18
28 8
28 45
28 11
15
29 39
29 13
29 32
29 4
29 30
29 11
29 14
29 0
29 22
29 24
29 15
29 1
29 17
29 16
29 38
17
30 38
30 46
30 15
30 4
30 44
30 31
30 22
30 40
30 17
30 19
30 35
30 25
30 34
30 24
30 13
30 2
30 36
16
31 23
31 5
31 7
31 41
31 42
31 28
31 16
31 29
31 10
31 36
31 40
31 13
31 0
31 6
31 18
31 8
21
32 39
32 35
32 21
32 42
32 45
32 19
32 23
32 37
32 38
32 22
32 31
32 6
32 34
32 41
32 14
32 13
32 33
32 18
32 30
32 11
32 24
18
33 44
33 2
33 6
33 29
33 43
33 42
33 31
33 24
33 20
33 5
33 45
33 46
33 35
33 11
33 18
33 17
33 49
33 12
23
34 7
34 24
34 18
34 29
34 1
34 16
34 37
34 9
34 42
34 26
34 33
34 40
34 3
34 27
34 8
34 31
34 28
34 47
34 41
34 20
34 45
34 5
34 15
16
35 6
35 31
35 28
35 43
35 34
35 11
35 37
35 1
35 41
35 15
35 18
35 29
35 46
35 19
35 12
35 48
15
36 27
36 24
36 23
36 3
36 17
36 18
36 33
36 39
36 34
36 32
36 4
36 40
36 46
36 9
36 41
17
37 46
37 6
37 9
37 21
37 49
37 17
37 24
37 8
37 4
37 36
37 33
37 3
37 40
37 31
37 5
37 2
37 22
20
38 9
38 31
38 44
38 17
38 18
38 46
38 40
38 45
38 43
38 25
38 14
38 15
38 16
38 7
38 23
38 11
38 12
38 6
38 39
38 33
21
39 40
39 16
39 26
39 2
39 18
39 23
39 37
39 41
39 33
39 46
39 25
39 15
39 27
39 9
39 10
39 31
39 34
39 30
39 11
39 44
39 14
21
40 47
40 29
40 24
40 23
40 45
40 33
40 49
40 0
40 11
40 4
40 3
40 44
40 28
40 10
40 6
40 5
40 22
40 32
40 1
40 35
40 48
23
41 45
41 0
41 38
41 6
41 9
41 10
41 12
41 21
41 40
41 20
41 7
41 37
41 29
41 48
41 1
41 25
41 11
41 8
41 42
41 16
41 43
41 15
41 23
20
42 29
42 6
42 45
42 22
42 3
42 37
42 13
42 27
42 8
42 43
42 25
42 40
42 17
42 35
42 12
42 11
42 7
42 30
42 36
42 5
25
43 48
43 37
43 40
43 39
43 21
43 29
43 15
43 26
43 13
43 11
43 18
43 31
43 45
43 47
43 19
43 8
43 16
43 10
43 12
43 36
43 9
43 30
43 3
43 24
43 46
20
44 34
44 43
44 12
44 0
44 23
44 37
44 32
44 31
44 26
44 13
44 46
44 49
44 5
44 22
44 17
44 36
44 21
44 8
44 48
44 29
17
45 23
45 24
45 39
45 7
45 46
45 15
45 16
45 20
45 44
45 29
45 1
45 2
45 12
45 37
45 31
45 25
45 19
21
46 26
46 23
46 12
46 40
46 47
46 6
46 32
46 11
46 22
46 18
46 8
46 3
46 49
46 15
46 0
46 29
46 20
46 21
46 42
46 13
46 7
23
47 10
47 21
47 49
47 41
47 44
47 16
47 27
47 35
47 13
47 15
47 11
47 30
47 36
47 7
47 6
47 45
47 29
47 5
47 4
47 25
47 3
47 12
47 33
21
48 42
48 26
48 30
48 28
48 39
48 45
48 3
48 37
48 47
48 14
48 46
48 6
48 5
48 36
48 7
48 29
48 1
48 31
48 27
48 25
48 32
21
49 36
49 29
49 24
49 32
49 16
49 35
49 28
49 23
49 41
49 39
49 6
49 22
49 2
49 30
49 10
49 9
49 43
49 1
49 31
49 7
49 38
