50
0 "A6"
1 "A33"
2 "A14"
3 "A11"
4 "A10"
5 "A2"
6 "A28"
7 "A26"
8 "A1"
9 "A45"
10 "A37"
11 "A38"
12 "A20"
13 "A19"
14 "A48"
15 "A24"
16 "A32"
17 "A23"
18 "A17"
19 "A5"
20 "A35"
21 "A42"
22 "A21"
23 "A34"
24 "A3"
25 "A41"
26 "A27"
27 "A43"
28 "A39"
29 "A49"
30 "A12"
31 "A15"
32 "A47"
33 "A4"
34 "A40"
35 "A0"
36 "A7"
37 "A22"
38 "A29"
39 "A44"
40 "A25"
41 "A30"
42 "A36"
43 "A18"
44 "A16"
45 "A13"
46 "A46"
47 "A8"
48 "A9"
49 "A31"
15
0 1
0 43
0 47
0 5
0 14
0 11
0 6
0 21
0 44
0 32
0 13
0 25
0 18
0 16
0 2
26
1 5
1 28
1 17
1 47
1 19
1 25
1 43
1 13
1 33
1 37
1 44
1 24
1 2
1 41
1 49
1 46
1 31
1 42
1 40
1 20
1 11
1 39
1 30
1 26
1 22
1 27
17
2 32
2 6
2 40
2 25
2 33
2 42
2 10
2 43
2 17
2 31
2 49
2 22
2 18
2 11
2 30
2 3
2 37
23
3 9
3 19
3 6
3 17
3 4
3 39
3 27
3 7
3 18
3 15
3 47
3 26
3 44
3 36
3 0
3 31
3 8
3 42
3 34
3 45
3 46
3 1
3 14
15
4 48
4 29
4 32
4 22
4 28
4 47
4 24
4 39
4 43
4 33
4 23
4 1
4 36
4 5
4 2
20
5 40
5 35
5 9
5 23
5 3
5 21
5 19
5 13
5 22
5 42
5 11
5 7
5 17
5 29
5 45
5 38
5 25
5 2
5 12
5 39
15
6 7
6 31
6 4
6 9
6 39
6 12
6 38
6 13
6 30
6 23
6 11
6 8
6 26
6 34
6 41
18
7 42
7 39
7 11
7 38
7 10
7 34
7 44
7 32
7 37
7 12
7 40
7 0
7 36
7 21
7 4
7 29
7 20
7 26
17
8 20
8 41
8 46
8 34
8 23
8 28
8 4
8 37
8 1
8 7
8 12
8 36
8 10
8 30
8 2
8 5
8 35
22
9 44
9 1
9 37
9 41
9 42
9 36
9 21
9 13
9 22
9 4
9 19
9 27
9 43
9 30
9 29
9 15
9 38
9 28
9 35
9 8
9 47
9 39
17
10 37
10 43
10 32
10 21
10 19
10 0
10 15
10 40
10 45
10 28
10 42
10 16
10 36
10 38
10 9
10 3
10 46
19
11 4
11 31
11 46
11 41
11 48
11 22
11 32
11 35
11 18
11 9
11 10
11 25
11 39
11 16
11 28
11 23
11 3
11 47
11 8
23
12 46
12 10
12 35
12 49
12 39
12 16
12 40
12 20
12 1
12 18
12 33
12 4
12 45
12 14
12 37
12 34
12 23
12 36
12 0
12 29
12 3
12 19
12 32
19
13 26
13 17
13 11
13 7
13 15
13 23
13 43
13 41
13 10
13 3
13 30
13 34
13 31
13 14
13 8
13 32
13 48
13 44
13 12
30
14 37
14 49
14 19
14 5
14 2
14 8
14 16
14 44
14 9
14 27
14 7
14 38
14 28
14 25
14 31
14 46
14 24
14 45
14 29
14 10
14 18
14 1
14 39
14 11
14 41
14 21
14 26
14 20
14 23
14 47
18
15 47
15 43
15 29
15 2
15 0
15 25
15 22
15 20
15 33
15 11
15 17
15 27
15 8
15 31
15 38
15 4
15 19
15 12
24
16 35
16 5
16 20
16 44
16 48
16 6
16 21
16 42
16 46
16 25
16 18
16 22
16 37
16 31
16 4
16 3
16 40
16 2
16 9
16 45
16 47
16 33
16 7
16 19
17
17 7
17 12
17 14
17 38
17 28
17 26
17 49
17 4
17 25
17 32
17 43
17 8
17 36
17 9
17 11
17 6
17 0
19
18 34
18 4
18 7
18 17
18 37
18 31
18 5
18 9
18 42
18 24
18 25
18 48
18 36
18 8
18 29
18 13
18 39
18 47
18 32
21
19 26
19 44
19 21
19 0
19 11
19 7
19 30
19 33
19 22
19 6
19 17
19 35
19 4
19 29
19 18
19 47
19 42
19 13
19 2
19 8
19 45
23
20 10
20 36
20 31
20 5
20 38
20 46
20 9
20 23
20 13
20 42
20 0
20 4
20 21
20 32
20 43
20 30
20 45
20 29
20 28
20 19
20 37
20 48
20 2
24
21 37
21 11
21 30
21 29
21 18
21 23
21 38
21 47
21 39
21 42
21 35
21 1
21 22
21 12
21 33
21 46
21 49
21 6
21 45
21 15
21 17
21 13
21 34
21 25
19
22 41
22 39
22 0
22 13
22 26
22 20
22 23
22 38
22 14
22 18
22 7
22 29
22 6
22 10
22 17
22 3
22 12
22 27
22 35
17
23 33
23 40
23 0
23 37
23 30
23 48
23 17
23 18
23 15
23 45
23 29
23 46
23 16
23 27
23 32
23 7
23 44
21
24 12
24 39
24 43
24 37
24 22
24 47
24 10
24 8
24 0
24 41
24 19
24 31
24 6
24 16
24 11
24 29
24 48
24 5
24 34
24 3
24 49
22
25 12
25 39
25 9
25 6
25 7
25 24
25 40
25 30
25 10
25 20
25 19
25 44
25 43
25 22
25 23
25 37
25 46
25 8
25 45
25 31
25 42
25 36
26
26 20
26 45
26 2
26 37
26 32
26 42
26 39
26 8
26 16
26 24
26 27
26 0
26 15
26 46
26 9
26 48
26 10
26 11
26 28
26 5
26 23
26 30
26 36
26 18
26 21
26 12
23
27 4
27 10
27 42
27 49
27 24
27 34
27 16
27 5
27 20
27 21
27 31
27 45
27 30
27 0
27 39
27 40
27 6
27 29
27 18
27 7
27 19
27 25
27 41
20
28 45
28 42
28 21
28 15
28 39
28 34
28 13
28 12
28 5
28 18
28 49
28 31
28 47
28 23
28 27
28 25
28 32
28 0
28 16
28 22
18
29 1
29 16
29 17
29 33
29 0
29 6
29 47
29 36
29 26
29 40
29 30
29 42
29 43
29 13
29 37
29 25
29 28
29 2
20
30 22
30 44
30 10
30 14
30 48
30 41
30 38
30 17
30 11
30 5
30 40
30 18
30 15
30 46
30 37
30 32
30 24
30 45
30 0
30 39
19
31 49
31 44
31 19
31 48
31 38
31 5
31 22
31 47
31 23
31 26
31 29
31 35
31 10
31 21
31 12
31 43
31 32
31 30
31 17
18
32 27
32 45
32 14
32 16
32 34
32 38
32 33
32 3
32 9
32 19
32 49
32 1
32 44
32 35
32 6
32 46
32 15
32 39
20
33 20
33 31
33 0
33 14
33 45
33 30
33 18
33 27
33 10
33 9
33 11
33 37
33 3
33 44
33 8
33 43
33 26
33 6
33 22
33 47
19
34 45
34 0
34 1
34 16
34 23
34 30
34 33
34 38
34 10
34 5
34 4
34 25
34 29
34 41
34 15
34 43
34 36
34 20
34 26
20
35 1
35 0
35 20
35 18
35 3
35 34
35 45
35 33
35 26
35 15
35 7
35 27
35 23
35 2
35 38
35 13
35 43
35 25
35 6
35 4
23
36 32
36 31
36 27
36 28
36 23
36 35
36 46
36 21
36 14
36 43
36 30
36 0
36 39
36 45
36 5
36 22
36 13
36 6
36 24
36 11
36 40
36 19
36 49
17
37 31
37 49
37 34
37 0
37 19
37 6
37 3
37 11
37 4
37 45
37 42
37 48
37 36
37 32
37 27
37 5
37 40
17
38 33
38 18
38 25
38 36
38 4
38 13
38 42
38 29
38 1
38 23
38 19
38 47
38 27
38 49
38 45
38 26
38 11
14
39 10
39 45
39 38
39 34
39 17
39 33
39 47
39 23
39 19
39 20
39 49
39 29
39 0
39 16
22
40 18
40 38
40 32
40 9
40 15
40 33
40 35
40 24
40 8
40 13
40 14
40 19
40 22
40 47
40 3
40 26
40 41
40 45
40 21
40 34
40 43
40 39
20
41 38
41 31
41 17
41 7
41 18
41 32
41 37
41 10
41 49
41 15
41 47
41 26
41 12
41 2
41 4
41 5
41 44
41 25
41 39
41 29
17
42 48
42 35
42 47
42 15
42 32
42 43
42 23
42 22
42 11
42 13
42 14
42 36
42 4
42 17
42 24
42 0
42 33
17
43 38
43 23
43 8
43 6
43 28
43 32
43 3
43 18
43 49
43 44
43 14
43 48
43 30
43 7
43 27
43 21
43 16
11
44 18
44 36
44 6
44 12
44 42
44 34
44 39
44 37
44 38
44 40
44 8
19
45 8
45 13
45 18
45 15
45 0
45 11
45 2
45 1
45 43
45 6
45 29
45 4
45 41
45 47
45 31
45 24
45 44
45 17
45 22
18
46 22
46 35
46 41
46 49
46 45
46 7
46 38
46 9
46 2
46 27
46 47
46 15
46 29
46 4
46 34
46 42
46 33
46 19
14
47 2
47 17
47 6
47 37
47 25
47 8
47 26
47 48
47 10
47 22
47 23
47 13
47 34
47 12
26
48 17
48 9
48 46
48 29
48 15
48 7
48 1
48 0
48 35
48 6
48 34
48 2
48 28
48 21
48 40
48 39
48 44
48 12
48 10
48 22
48 27
48 36
48 41
48 5
48 33
48 25
21
49 6
49 3
49 10
49 30
49 35
49 9
49 15
49 44
49 18
49 45
49 23
49 34
49 40
49 16
49 48
49 0
49 22
49 33
49 7
49 19
49 13
