50
0 "A6"
1 "A33"
2 "A14"
3 "A11"
4 "A10"
5 "A2"
6 "A28"
7 "A26"
8 "A1"
9 "A45"
10 "A37"
11 "A38"
12 "A20"
13 "A19"
14 "A48"
15 "A24"
16 "A32"
17 "A23"
18 "A17"
19 "A5"
20 "A35"
21 "A42"
22 "A21"
23 "A34"
24 "A3"
25 "A41"
26 "A27"
27 "A43"
28 "A39"
29 "A49"
30 "A12"
31 "A15"
32 "A47"
33 "A4"
34 "A40"
35 "A0"
36 "A7"
37 "A22"
38 "A29"
39 "A44"
40 "A25"
41 "A30"
42 "A36"
43 "A18"
44 "A16"
45 "A13"
46 "A46"
47 "A8"
48 "A9"
49 "A31"
14
0 25
0 40
0 31
0 22
0 35
0 39
0 12
0 15
0 46
0 11
0 4
0 2
0 26
0 14
22
1 48
1 21
1 42
1 31
1 44
1 27
1 16
1 45
1 39
1 49
1 10
1 26
1 29
1 0
1 25
1 9
1 38
1 23
1 18
1 47
1 2
1 40
20
2 20
2 44
2 16
2 15
2 37
2 24
2 42
2 27
2 45
2 39
2 47
2 23
2 32
2 3
2 7
2 49
2 26
2 14
2 17
2 6
19
3 34
3 40
3 38
3 4
3 24
3 26
3 15
3 23
3 37
3 11
3 21
3 48
3 31
3 8
3 36
3 10
3 43
3 35
3 27
20
4 45
4 29
4 7
4 23
4 9
4 6
4 15
4 47
4 34
4 16
4 42
4 37
4 40
4 22
4 2
4 20
4 14
4 8
4 48
4 46
21
5 42
5 44
5 19
5 13
5 33
5 9
5 31
5 49
5 1
5 39
5 47
5 16
5 6
5 24
5 3
5 2
5 38
5 45
5 41
5 14
5 0
17
6 21
6 15
6 43
6 8
6 24
6 0
6 40
6 39
6 49
6 42
6 3
6 1
6 25
6 45
6 46
6 20
6 35
14
7 21
7 49
7 33
7 10
7 40
7 23
7 44
7 35
7 8
7 0
7 19
7 39
7 11
7 20
19
8 2
8 35
8 25
8 22
8 41
8 39
8 36
8 30
8 21
8 18
8 11
8 14
8 12
8 32
8 19
8 15
8 28
8 9
8 48
14
9 0
9 30
9 28
9 33
9 13
9 44
9 42
9 2
9 32
9 41
9 22
9 37
9 38
9 36
20
10 6
10 35
10 24
10 0
10 41
10 22
10 43
10 19
10 37
10 28
10 45
10 21
10 9
10 8
10 49
10 16
10 30
10 12
10 25
10 2
20
11 30
11 45
11 33
11 2
11 41
11 5
11 48
11 9
11 14
11 25
11 37
11 18
11 38
11 49
11 1
11 47
11 15
11 46
11 10
11 29
20
12 25
12 7
12 20
12 2
12 37
12 35
12 43
12 22
12 13
12 31
12 6
12 29
12 41
12 45
12 17
12 19
12 26
12 36
12 9
12 18
14
13 7
13 3
13 25
13 41
13 28
13 48
13 22
13 36
13 10
13 29
13 31
13 43
13 18
13 4
17
14 39
14 31
14 18
14 10
14 49
14 38
14 48
14 12
14 7
14 44
14 13
14 35
14 47
14 20
14 37
14 1
14 34
12
15 33
15 18
15 39
15 13
15 21
15 29
15 1
15 14
15 7
15 10
15 46
15 16
15
16 29
16 8
16 34
16 33
16 7
16 46
16 28
16 17
16 12
16 11
16 13
16 47
16 23
16 14
16 6
21
17 1
17 6
17 10
17 35
17 11
17 22
17 5
17 0
17 48
17 37
17 21
17 20
17 25
17 29
17 15
17 27
17 26
17 7
17 43
17 28
17 3
24
18 49
18 28
18 25
18 7
18 34
18 0
18 5
18 42
18 32
18 16
18 6
18 17
18 26
18 9
18 4
18 37
18 19
18 43
18 29
18 27
18 3
18 36
18 10
18 35
18
19 15
19 30
19 38
19 14
19 13
19 17
19 44
19 29
19 32
19 23
19 43
19 41
19 48
19 16
19 26
19 11
19 4
19 2
19
20 1
20 18
20 33
20 41
20 21
20 32
20 35
20 40
20 27
20 5
20 29
20 3
20 9
20 24
20 10
20 25
20 0
20 48
20 31
15
21 13
21 45
21 5
21 12
21 34
21 18
21 35
21 16
21 41
21 39
21 31
21 9
21 33
21 14
21 48
18
22 20
22 28
22 43
22 29
22 14
22 46
22 16
22 31
22 41
22 6
22 26
22 18
22 15
22 34
22 21
22 19
22 7
22 37
28
23 0
23 5
23 14
23 37
23 10
23 24
23 28
23 27
23 42
23 22
23 35
23 6
23 13
23 20
23 39
23 45
23 17
23 21
23 12
23 44
23 26
23 25
23 38
23 11
23 30
23 36
23 34
23 8
23
24 14
24 1
24 15
24 27
24 41
24 31
24 17
24 18
24 11
24 19
24 35
24 42
24 40
24 9
24 12
24 16
24 47
24 22
24 37
24 32
24 26
24 34
24 38
18
25 42
25 44
25 48
25 41
25 19
25 40
25 4
25 45
25 21
25 22
25 36
25 31
25 3
25 15
25 2
25 9
25 14
25 16
16
26 11
26 13
26 14
26 4
26 21
26 30
26 6
26 39
26 15
26 8
26 27
26 5
26 33
26 44
26 10
26 45
25
27 16
27 12
27 47
27 7
27 44
27 30
27 36
27 41
27 15
27 5
27 9
27 49
27 21
27 34
27 0
27 22
27 25
27 13
27 38
27 11
27 29
27 10
27 32
27 31
27 6
24
28 45
28 49
28 43
28 37
28 5
28 12
28 35
28 0
28 31
28 46
28 14
28 20
28 24
28 7
28 11
28 3
28 21
28 15
28 19
28 6
28 34
28 25
28 26
28 4
19
29 43
29 25
29 37
29 24
29 0
29 9
29 5
29 39
29 14
29 36
29 2
29 38
29 3
29 35
29 34
29 42
29 10
29 23
29 28
23
30 22
30 25
30 14
30 38
30 39
30 31
30 16
30 43
30 21
30 5
30 13
30 0
30 32
30 17
30 42
30 41
30 45
30 28
30 1
30 18
30 15
30 3
30 20
23
31 49
31 10
31 16
31 34
31 23
31 26
31 4
31 47
31 35
31 15
31 6
31 42
31 36
31 37
31 48
31 45
31 17
31 39
31 2
31 29
31 7
31 19
31 8
22
32 40
32 1
32 12
32 16
32 21
32 48
32 23
32 29
32 42
32 38
32 34
32 41
32 36
32 43
32 5
32 10
32 15
32 44
32 11
32 22
32 28
32 4
26
33 47
33 36
33 25
33 28
33 6
33 32
33 34
33 46
33 42
33 2
33 1
33 4
33 18
33 17
33 29
33 30
33 49
33 0
33 19
33 22
33 13
33 12
33 24
33 14
33 10
33 43
17
34 15
34 5
34 20
34 19
34 43
34 13
34 46
34 40
34 7
34 11
34 0
34 17
34 30
34 44
34 41
34 12
34 48
24
35 4
35 26
35 36
35 33
35 40
35 5
35 46
35 34
35 49
35 27
35 2
35 44
35 39
35 22
35 15
35 19
35 37
35 11
35 9
35 13
35 25
35 43
35 42
35 1
22
36 28
36 5
36 11
36 48
36 24
36 20
36 17
36 37
36 7
36 2
36 6
36 16
36 34
36 22
36 0
36 4
36 14
36 43
36 42
36 15
36 49
36 10
14
37 42
37 43
37 13
37 47
37 46
37 41
37 32
37 33
37 16
37 21
37 15
37 19
37 40
37 49
19
38 36
38 41
38 26
38 34
38 47
38 2
38 35
38 13
38 16
38 10
38 4
38 31
38 25
38 28
38 15
38 7
38 18
38 22
38 20
21
39 46
39 18
39 24
39 3
39 40
39 28
39 38
39 32
39 22
39 33
39 47
39 20
39 27
39 37
39 44
39 48
39 11
39 10
39 12
39 36
39 13
25
40 26
40 19
40 21
40 31
40 10
40 17
40 44
40 9
40 16
40 12
40 5
40 13
40 11
40 8
40 38
40 22
40 29
40 36
40 30
40 23
40 15
40 14
40 28
40 27
40 33
20
41 33
41 15
41 42
41 35
41 3
41 36
41 31
41 2
41 16
41 17
41 29
41 43
41 23
41 1
41 7
41 48
41 26
41 47
41 45
41 14
21
42 26
42 47
42 13
42 34
42 3
42 45
42 22
42 43
42 44
42 38
42 17
42 11
42 27
42 0
42 8
42 16
42 21
42 12
42 39
42 7
42 20
17
43 38
43 25
43 11
43 27
43 4
43 5
43 20
43 23
43 16
43 40
43 44
43 7
43 2
43 1
43 47
43 0
43 8
15
44 6
44 41
44 33
44 47
44 11
44 13
44 12
44 16
44 4
44 30
44 10
44 17
44 0
44 24
44 38
21
45 32
45 46
45 48
45 8
45 17
45 3
45 35
45 43
45 16
45 29
45 20
45 19
45 15
45 47
45 22
45 24
45 18
45 13
45 9
45 0
45 44
19
46 31
46 5
46 7
46 9
46 25
46 23
46 42
46 21
46 24
46 20
46 1
46 10
46 12
46 32
46 41
46 3
46 2
46 43
46 27
20
47 40
47 3
47 32
47 30
47 6
47 23
47 28
47 8
47 9
47 15
47 13
47 46
47 10
47 17
47 7
47 21
47 25
47 0
47 19
47 29
24
48 29
48 24
48 15
48 12
48 35
48 33
48 44
48 18
48 43
48 7
48 37
48 46
48 2
48 5
48 28
48 30
48 6
48 49
48 22
48 26
48 23
48 27
48 47
48 38
21
49 39
49 47
49 24
49 22
49 8
49 21
49 44
49 16
49 9
49 13
49 12
49 23
49 29
49 0
49 3
49 17
49 42
49 40
49 19
49 38
49 32
