50
0 "A6"
1 "A33"
2 "A14"
3 "A11"
4 "A10"
5 "A2"
6 "A28"
7 "A26"
8 "A1"
9 "A45"
10 "A37"
11 "A38"
12 "A20"
13 "A19"
14 "A48"
15 "A24"
16 "A32"
17 "A23"
18 "A17"
19 "A5"
20 "A35"
21 "A42"
22 "A21"
23 "A34"
24 "A3"
25 "A41"
26 "A27"
27 "A43"
28 "A39"
29 "A49"
30 "A12"
31 "A15"
32 "A47"
33 "A4"
34 "A40"
35 "A0"
36 "A7"
37 "A22"
38 "A29"
39 "A44"
40 "A25"
41 "A30"
42 "A36"
43 "A18"
44 "A16"
45 "A13"
46 "A46"
47 "A8"
48 "A9"
49 "A31"
22
0 41
0 7
0 33
0 10
0 26
0 35
0 28
0 4
0 46
0 48
0 30
0 43
0 17
0 49
0 13
0 14
0 21
0 15
0 39
0 45
0 29
0 22
25
1 25
1 27
1 44
1 42
1 33
1 36
1 37
1 24
1 45
1 43
1 30
1 0
1 19
1 5
1 17
1 28
1 49
1 32
1 34
1 8
1 6
1 48
1 3
1 16
1 13
21
2 35
2 44
2 9
2 29
2 5
2 30
2 0
2 43
2 6
2 27
2 19
2 38
2 20
2 40
2 12
2 3
2 4
2 37
2 11
2 23
2 45
11
3 45
3 10
3 22
3 31
3 47
3 32
3 26
3 18
3 42
3 7
3 44
25
4 27
4 39
4 22
4 42
4 5
4 44
4 37
4 3
4 7
4 1
4 36
4 33
4 25
4 16
4 10
4 29
4 24
4 18
4 21
4 41
4 31
4 17
4 35
4 30
4 23
34
5 12
5 17
5 36
5 30
5 26
5 20
5 3
5 41
5 0
5 23
5 38
5 18
5 6
5 19
5 29
5 25
5 39
5 28
5 44
5 35
5 37
5 33
5 49
5 47
5 11
5 27
5 24
5 10
5 43
5 40
5 46
5 16
5 13
5 21
22
6 4
6 0
6 21
6 12
6 44
6 41
6 40
6 38
6 39
6 27
6 16
6 11
6 48
6 22
6 23
6 3
6 37
6 13
6 8
6 19
6 49
6 9
20
7 25
7 39
7 16
7 5
7 19
7 38
7 40
7 34
7 30
7 18
7 28
7 13
7 43
7 14
7 44
7 11
7 31
7 6
7 2
7 35
24
8 49
8 33
8 17
8 45
8 25
8 31
8 29
8 42
8 38
8 24
8 5
8 0
8 23
8 22
8 48
8 14
8 2
8 27
8 7
8 15
8 41
8 40
8 11
8 3
22
9 19
9 47
9 35
9 36
9 33
9 41
9 32
9 45
9 13
9 5
9 21
9 38
9 44
9 25
9 20
9 28
9 7
9 3
9 0
9 4
9 11
9 48
15
10 45
10 41
10 1
10 8
10 33
10 7
10 15
10 43
10 20
10 13
10 6
10 2
10 17
10 26
10 23
21
11 21
11 29
11 49
11 37
11 41
11 13
11 16
11 18
11 25
11 4
11 47
11 20
11 14
11 34
11 19
11 42
11 31
11 32
11 3
11 23
11 43
22
12 25
12 49
12 34
12 37
12 21
12 1
12 33
12 40
12 9
12 11
12 24
12 39
12 22
12 14
12 35
12 10
12 23
12 38
12 4
12 43
12 15
12 8
19
13 33
13 23
13 17
13 38
13 47
13 41
13 3
13 40
13 37
13 27
13 21
13 46
13 29
13 24
13 49
13 18
13 45
13 48
13 19
21
14 24
14 15
14 10
14 43
14 35
14 22
14 39
14 33
14 48
14 1
14 16
14 26
14 17
14 42
14 20
14 21
14 9
14 5
14 4
14 3
14 28
20
15 36
15 34
15 17
15 24
15 20
15 3
15 7
15 44
15 22
15 1
15 27
15 48
15 13
15 43
15 4
15 29
15 47
15 11
15 30
15 2
19
16 15
16 37
16 10
16 44
16 9
16 8
16 46
16 34
16 47
16 0
16 2
16 48
16 38
16 17
16 13
16 24
16 3
16 33
16 35
16
17 9
17 19
17 35
17 6
17 23
17 37
17 3
17 24
17 49
17 44
17 12
17 26
17 48
17 43
17 39
17 33
21
18 9
18 31
18 34
18 16
18 26
18 30
18 22
18 35
18 27
18 41
18 12
18 8
18 14
18 47
18 45
18 24
18 43
18 2
18 15
18 42
18 17
16
19 3
19 0
19 28
19 25
19 38
19 24
19 4
19 44
19 48
19 40
19 29
19 20
19 16
19 15
19 36
19 22
19
20 16
20 4
20 29
20 21
20 34
20 17
20 38
20 3
20 33
20 13
20 39
20 35
20 36
20 1
20 48
20 27
20 7
20 0
20 30
20
21 36
21 19
21 23
21 30
21 8
21 25
21 32
21 29
21 46
21 16
21 37
21 47
21 39
21 44
21 49
21 17
21 15
21 38
21 2
21 7
17
22 10
22 9
22 41
22 31
22 23
22 45
22 46
22 36
22 13
22 33
22 42
22 7
22 1
22 37
22 28
22 30
22 11
17
23 9
23 48
23 30
23 27
23 31
23 19
23 49
23 32
23 41
23 47
23 40
23 38
23 44
23 37
23 0
23 33
23 18
19
24 2
24 35
24 31
24 30
24 7
24 26
24 0
24 22
24 47
24 40
24 43
24 10
24 28
24 34
24 11
24 9
24 48
24 3
24 37
20
25 10
25 46
25 26
25 3
25 28
25 37
25 6
25 20
25 16
25 42
25 35
25 22
25 14
25 23
25 13
25 48
25 24
25 45
25 32
25 31
15
26 49
26 28
26 16
26 15
26 21
26 12
26 22
26 4
26 30
26 42
26 13
26 1
26 39
26 36
26 9
21
27 11
27 38
27 33
27 7
27 41
27 25
27 21
27 35
27 9
27 22
27 37
27 10
27 39
27 46
27 0
27 48
27 14
27 42
27 26
27 36
27 17
18
28 48
28 3
28 6
28 16
28 45
28 35
28 17
28 44
28 4
28 13
28 47
28 23
28 15
28 49
28 10
28 43
28 46
28 21
19
29 38
29 42
29 45
29 28
29 1
29 6
29 10
29 27
29 46
29 3
29 31
29 32
29 26
29 23
29 7
29 37
29 22
29 39
29 9
15
30 9
30 47
30 49
30 28
30 19
30 27
30 33
30 41
30 44
30 8
30 14
30 35
30 13
30 37
30 10
24
31 32
31 30
31 9
31 34
31 39
31 10
31 15
31 45
31 13
31 27
31 26
31 1
31 40
31 41
31 16
31 14
31 20
31 28
31 6
31 21
31 5
31 44
31 2
31 17
18
32 36
32 24
32 26
32 35
32 7
32 45
32 39
32 15
32 48
32 8
32 41
32 40
32 10
32 12
32 4
32 14
32 20
32 2
16
33 32
33 25
33 29
33 41
33 18
33 19
33 35
33 7
33 2
33 44
33 3
33 6
33 21
33 11
33 39
33 49
25
34 3
34 40
34 25
34 0
34 47
34 32
34 21
34 28
34 14
34 29
34 44
34 5
34 30
34 26
34 22
34 39
34 8
34 9
34 13
34 10
34 27
34 49
34 38
34 4
34 19
15
35 42
35 23
35 3
35 21
35 8
35 41
35 22
35 43
35 31
35 26
35 11
35 1
35 34
35 6
35 37
23
36 13
36 2
36 31
36 35
36 6
36 38
36 0
36 8
36 45
36 3
36 49
36 23
36 12
36 29
36 40
36 41
36 46
36 33
36 25
36 24
36 30
36 28
36 18
16
37 8
37 32
37 43
37 44
37 36
37 10
37 0
37 14
37 33
37 3
37 42
37 9
37 26
37 34
37 28
37 47
23
38 14
38 32
38 25
38 24
38 4
38 0
38 49
38 1
38 18
38 41
38 46
38 40
38 17
38 37
38 33
38 44
38 22
38 31
38 35
38 30
38 43
38 28
38 3
18
39 40
39 16
39 9
39 18
39 25
39 22
39 44
39 35
39 19
39 13
39 41
39 37
39 49
39 11
39 24
39 2
39 42
39 36
20
40 9
40 22
40 4
40 20
40 15
40 44
40 30
40 18
40 21
40 17
40 10
40 16
40 11
40 47
40 33
40 14
40 25
40 1
40 26
40 27
17
41 1
41 20
41 47
41 26
41 37
41 24
41 2
41 28
41 17
41 49
41 3
41 7
41 40
41 14
41 12
41 34
41 16
23
42 9
42 47
42 10
42 21
42 23
42 32
42 38
42 33
42 5
42 0
42 16
42 17
42 40
42 15
42 28
42 19
42 13
42 2
42 34
42 31
42 20
42 36
42 48
18
43 32
43 39
43 34
43 25
43 23
43 47
43 16
43 48
43 29
43 27
43 33
43 42
43 4
43 36
43 13
43 40
43 6
43 45
17
44 49
44 11
44 0
44 12
44 32
44 36
44 45
44 41
44 22
44 20
44 47
44 10
44 42
44 48
44 18
44 46
44 43
16
45 40
45 35
45 12
45 41
45 38
45 24
45 14
45 11
45 21
45 27
45 19
45 48
45 33
45 15
45 30
45 17
22
46 34
46 35
46 4
46 15
46 43
46 17
46 47
46 31
46 45
46 40
46 49
46 12
46 23
46 7
46 6
46 26
46 33
46 30
46 37
46 14
46 20
46 39
20
47 39
47 35
47 12
47 36
47 33
47 0
47 7
47 1
47 48
47 20
47 49
47 10
47 26
47 31
47 29
47 45
47 32
47 6
47 8
47 4
19
48 29
48 12
48 7
48 38
48 2
48 5
48 35
48 37
48 3
48 21
48 31
48 33
48 10
48 34
48 41
48 11
48 36
48 22
48 46
14
49 29
49 2
49 32
49 22
49 18
49 19
49 24
49 42
49 7
49 3
49 31
49 9
49 37
49 15
