50
0 "A6"
1 "A33"
2 "A14"
3 "A11"
4 "A10"
5 "A2"
6 "A28"
7 "A26"
8 "A1"
9 "A45"
10 "A37"
11 "A38"
12 "A20"
13 "A19"
14 "A48"
15 "A24"
16 "A32"
17 "A23"
18 "A17"
19 "A5"
20 "A35"
21 "A42"
22 "A21"
23 "A34"
24 "A3"
25 "A41"
26 "A27"
27 "A43"
28 "A39"
29 "A49"
30 "A12"
31 "A15"
32 "A47"
33 "A4"
34 "A40"
35 "A0"
36 "A7"
37 "A22"
38 "A29"
39 "A44"
40 "A25"
41 "A30"
42 "A36"
43 "A18"
44 "A16"
45 "A13"
46 "A46"
47 "A8"
48 "A9"
49 "A31"
21
0 49
0 38
0 7
0 6
0 18
0 21
0 12
0 47
0 4
0 10
0 5
0 41
0 23
0 8
0 11
0 33
0 29
0 36
0 9
0 39
0 31
18
1 8
1 35
1 17
1 12
1 20
1 29
1 0
1 41
1 49
1 15
1 32
1 19
1 27
1 5
1 47
1 39
1 22
1 21
23
2 37
2 45
2 20
2 24
2 28
2 9
2 19
2 35
2 40
2 41
2 49
2 46
2 47
2 5
2 29
2 34
2 33
2 13
2 10
2 17
2 14
2 26
2 44
20
3 21
3 48
3 19
3 22
3 38
3 2
3 7
3 4
3 23
3 49
3 32
3 31
3 33
3 24
3 10
3 18
3 15
3 16
3 41
3 46
25
4 48
4 30
4 20
4 44
4 18
4 7
4 6
4 28
4 42
4 27
4 35
4 19
4 31
4 45
4 36
4 37
4 15
4 38
4 46
4 10
4 1
4 5
4 2
4 22
4 40
17
5 17
5 6
5 47
5 13
5 11
5 49
5 37
5 29
5 35
5 3
5 16
5 25
5 43
5 21
5 15
5 22
5 36
19
6 35
6 38
6 3
6 29
6 18
6 26
6 16
6 42
6 1
6 19
6 33
6 27
6 28
6 36
6 45
6 21
6 39
6 48
6 23
11
7 24
7 5
7 36
7 30
7 22
7 9
7 13
7 14
7 26
7 10
7 17
21
8 43
8 7
8 21
8 9
8 3
8 2
8 33
8 6
8 13
8 45
8 22
8 44
8 17
8 11
8 10
8 14
8 25
8 5
8 31
8 30
8 16
17
9 25
9 1
9 41
9 43
9 28
9 34
9 26
9 6
9 33
9 5
9 3
9 48
9 11
9 4
9 39
9 36
9 23
16
10 23
10 19
10 20
10 33
10 24
10 27
10 41
10 34
10 28
10 40
10 5
10 31
10 18
10 17
10 49
10 42
18
11 42
11 2
11 4
11 48
11 31
11 19
11 29
11 46
11 44
11 20
11 16
11 35
11 27
11 37
11 38
11 1
11 26
11 49
15
12 7
12 34
12 19
12 43
12 10
12 14
12 17
12 38
12 41
12 36
12 48
12 25
12 33
12 15
12 6
25
13 19
13 17
13 20
13 39
13 11
13 1
13 32
13 0
13 35
13 9
13 31
13 6
13 46
13 12
13 45
13 47
13 10
13 25
13 18
13 33
13 48
13 4
13 24
13 43
13 41
16
14 44
14 19
14 39
14 43
14 10
14 21
14 27
14 42
14 24
14 9
14 48
14 4
14 1
14 6
14 34
14 47
18
15 17
15 9
15 18
15 38
15 45
15 34
15 11
15 7
15 36
15 20
15 6
15 42
15 8
15 14
15 28
15 30
15 29
15 23
20
16 10
16 13
16 19
16 36
16 0
16 38
16 32
16 39
16 15
16 34
16 27
16 4
16 9
16 14
16 49
16 30
16 2
16 46
16 33
16 12
18
17 47
17 28
17 20
17 26
17 38
17 22
17 21
17 16
17 4
17 46
17 27
17 24
17 3
17 37
17 32
17 11
17 49
17 31
17
18 47
18 33
18 1
18 36
18 11
18 43
18 44
18 27
18 40
18 19
18 2
18 30
18 20
18 14
18 22
18 9
18 45
20
19 17
19 27
19 29
19 0
19 45
19 39
19 26
19 40
19 44
19 23
19 49
19 25
19 47
19 37
19 43
19 35
19 24
19 5
19 15
19 28
24
20 35
20 5
20 8
20 37
20 14
20 26
20 24
20 0
20 47
20 33
20 32
20 12
20 39
20 48
20 45
20 21
20 43
20 23
20 16
20 28
20 6
20 3
20 31
20 9
24
21 16
21 43
21 18
21 26
21 22
21 9
21 7
21 40
21 42
21 41
21 31
21 35
21 12
21 45
21 15
21 4
21 27
21 2
21 11
21 32
21 19
21 38
21 36
21 48
17
22 6
22 46
22 16
22 14
22 49
22 45
22 24
22 33
22 10
22 11
22 20
22 43
22 30
22 32
22 0
22 13
22 2
24
23 2
23 21
23 30
23 7
23 45
23 5
23 16
23 35
23 13
23 12
23 41
23 22
23 1
23 36
23 40
23 39
23 33
23 17
23 32
23 34
23 4
23 44
23 18
23 37
21
24 0
24 15
24 39
24 49
24 11
24 32
24 23
24 4
24 12
24 34
24 8
24 43
24 46
24 30
24 16
24 1
24 6
24 45
24 26
24 29
24 48
23
25 17
25 4
25 47
25 24
25 7
25 29
25 0
25 41
25 21
25 16
25 11
25 2
25 20
25 14
25 10
25 6
25 36
25 34
25 15
25 23
25 27
25 28
25 32
18
26 45
26 36
26 48
26 18
26 13
26 12
26 1
26 0
26 22
26 10
26 3
26 30
26 32
26 44
26 14
26 16
26 47
26 4
18
27 24
27 34
27 23
27 7
27 2
27 20
27 43
27 36
27 28
27 8
27 37
27 22
27 12
27 44
27 32
27 13
27 5
27 33
24
28 13
28 11
28 48
28 47
28 23
28 45
28 42
28 1
28 34
28 18
28 7
28 22
28 40
28 8
28 26
28 14
28 36
28 46
28 24
28 31
28 21
28 33
28 39
28 5
19
29 37
29 21
29 9
29 10
29 36
29 3
29 49
29 18
29 12
29 45
29 27
29 28
29 20
29 23
29 13
29 7
29 26
29 44
29 17
17
30 11
30 9
30 27
30 0
30 5
30 1
30 12
30 19
30 49
30 3
30 13
30 25
30 29
30 37
30 33
30 6
30 48
15
31 12
31 48
31 44
31 30
31 14
31 36
31 25
31 15
31 6
31 18
31 26
31 19
31 22
31 29
31 1
23
32 18
32 11
32 46
32 9
32 43
32 49
32 37
32 31
32 7
32 28
32 39
32 15
32 2
32 34
32 45
32 12
32 47
32 19
32 0
32 10
32 33
32 35
32 29
16
33 15
33 46
33 40
33 45
33 25
33 21
33 14
33 35
33 38
33 7
33 19
33 49
33 11
33 17
33 43
33 26
17
34 17
34 5
34 39
34 37
34 35
34 29
34 11
34 36
34 26
34 3
34 4
34 22
34 20
34 0
34 13
34 19
34 31
22
35 10
35 15
35 24
35 29
35 26
35 47
35 0
35 17
35 18
35 14
35 44
35 45
35 41
35 8
35 12
35 3
35 25
35 38
35 28
35 43
35 7
35 40
16
36 37
36 49
36 35
36 39
36 1
36 32
36 2
36 33
36 22
36 3
36 41
36 11
36 13
36 30
36 17
36 43
17
37 41
37 18
37 13
37 31
37 21
37 35
37 28
37 16
37 24
37 8
37 7
37 26
37 45
37 42
37 6
37 12
37 3
22
38 48
38 29
38 42
38 25
38 24
38 37
38 19
38 30
38 23
38 22
38 46
38 18
38 41
38 31
38 26
38 34
38 44
38 28
38 8
38 14
38 7
38 20
21
39 35
39 8
39 37
39 27
39 21
39 26
39 4
39 25
39 15
39 3
39 12
39 31
39 46
39 5
39 22
39 38
39 10
39 2
39 11
39 7
39 40
24
40 7
40 3
40 13
40 12
40 25
40 17
40 14
40 36
40 30
40 8
40 38
40 6
40 27
40 15
40 20
40 45
40 34
40 1
40 22
40 48
40 31
40 16
40 9
40 29
23
41 5
41 4
41 26
41 48
41 27
41 24
41 34
41 7
41 29
41 42
41 47
41 17
41 28
41 39
41 30
41 11
41 8
41 49
41 32
41 15
41 22
41 31
41 6
22
42 2
42 23
42 17
42 8
42 19
42 36
42 18
42 39
42 13
42 47
42 43
42 25
42 24
42 32
42 33
42 5
42 40
42 0
42 3
42 30
42 16
42 7
20
43 28
43 40
43 48
43 4
43 26
43 41
43 38
43 25
43 6
43 11
43 37
43 31
43 39
43 44
43 10
43 3
43 17
43 15
43 0
43 2
17
44 16
44 30
44 12
44 7
44 40
44 42
44 5
44 9
44 25
44 6
44 20
44 13
44 10
44 0
44 1
44 15
44 39
19
45 11
45 47
45 12
45 38
45 31
45 48
45 14
45 17
45 41
45 43
45 25
45 7
45 30
45 16
45 3
45 42
45 44
45 10
45 49
26
46 31
46 25
46 5
46 27
46 37
46 43
46 9
46 26
46 48
46 23
46 0
46 47
46 7
46 21
46 49
46 8
46 12
46 36
46 19
46 6
46 35
46 10
46 44
46 34
46 14
46 40
17
47 23
47 9
47 43
47 37
47 33
47 22
47 6
47 38
47 31
47 27
47 24
47 21
47 16
47 7
47 12
47 36
47 34
19
48 8
48 0
48 42
48 10
48 36
48 18
48 44
48 49
48 39
48 5
48 27
48 17
48 2
48 22
48 29
48 37
48 15
48 32
48 35
20
49 7
49 4
49 34
49 47
49 25
49 26
49 14
49 43
49 35
49 13
49 28
49 18
49 21
49 12
49 6
49 31
49 27
49 23
49 20
49 15
