50
0 "A6"
1 "A33"
2 "A14"
3 "A11"
4 "A10"
5 "A2"
6 "A28"
7 "A26"
8 "A1"
9 "A45"
10 "A37"
11 "A38"
12 "A20"
13 "A19"
14 "A48"
15 "A24"
16 "A32"
17 "A23"
18 "A17"
19 "A5"
20 "A35"
21 "A42"
22 "A21"
23 "A34"
24 "A3"
25 "A41"
26 "A27"
27 "A43"
28 "A39"
29 "A49"
30 "A12"
31 "A15"
32 "A47"
33 "A4"
34 "A40"
35 "A0"
36 "A7"
37 "A22"
38 "A29"
39 "A44"
40 "A25"
41 "A30"
42 "A36"
43 "A18"
44 "A16"
45 "A13"
46 "A46"
47 "A8"
48 "A9"
49 "A31"
18
0 34
0 10
0 19
0 46
0 23
0 25
0 44
0 8
0 27
0 31
0 39
0 36
0 28
0 17
0 29
0 13
0 14
0 41
19
1 2
1 27
1 10
1 31
1 20
1 26
1 9
1 16
1 12
1 7
1 13
1 34
1 35
1 47
1 22
1 46
1 11
1 30
1 14
22
2 35
2 5
2 43
2 4
2 18
2 19
2 32
2 20
2 24
2 30
2 15
2 8
2 17
2 3
2 0
2 14
2 45
2 9
2 27
2 28
2 39
2 22
21
3 30
3 6
3 13
3 49
3 18
3 47
3 10
3 35
3 41
3 23
3 24
3 21
3 33
3 48
3 8
3 9
3 38
3 22
3 16
3 11
3 25
15
4 45
4 32
4 13
4 0
4 35
4 8
4 46
4 14
4 3
4 20
4 49
4 28
4 41
4 6
4 43
17
5 35
5 25
5 15
5 27
5 16
5 12
5 44
5 20
5 4
5 14
5 26
5 29
5 3
5 1
5 8
5 47
5 7
18
6 30
6 33
6 39
6 32
6 35
6 25
6 16
6 42
6 14
6 21
6 44
6 46
6 15
6 36
6 41
6 23
6 29
6 1
26
7 40
7 17
7 11
7 24
7 10
7 45
7 37
7 34
7 16
7 47
7 8
7 0
7 19
7 33
7 9
7 2
7 36
7 4
7 15
7 13
7 41
7 28
7 32
7 18
7 30
7 43
20
8 30
8 39
8 1
8 18
8 15
8 46
8 12
8 29
8 49
8 9
8 42
8 44
8 11
8 45
8 6
8 37
8 36
8 21
8 43
8 40
17
9 42
9 23
9 49
9 5
9 40
9 38
9 22
9 12
9 21
9 34
9 33
9 37
9 44
9 14
9 41
9 46
9 10
23
10 45
10 38
10 21
10 18
10 43
10 47
10 5
10 2
10 32
10 6
10 28
10 8
10 31
10 11
10 33
10 20
10 30
10 40
10 37
10 14
10 42
10 44
10 12
23
11 29
11 23
11 41
11 49
11 19
11 6
11 31
11 22
11 9
11 30
11 48
11 25
11 44
11 24
11 27
11 42
11 45
11 46
11 14
11 37
11 0
11 2
11 5
16
12 0
12 48
12 3
12 6
12 40
12 19
12 7
12 43
12 34
12 33
12 41
12 42
12 24
12 45
12 4
12 15
19
13 37
13 10
13 38
13 9
13 6
13 16
13 30
13 24
13 5
13 20
13 46
13 8
13 44
13 26
13 47
13 45
13 2
13 11
13 12
15
14 39
14 3
14 41
14 13
14 43
14 42
14 24
14 35
14 36
14 32
14 40
14 8
14 7
14 26
14 37
21
15 29
15 14
15 9
15 41
15 21
15 43
15 42
15 28
15 4
15 22
15 23
15 0
15 13
15 26
15 37
15 31
15 35
15 16
15 3
15 10
15 1
19
16 36
16 12
16 21
16 42
16 31
16 8
16 4
16 22
16 45
16 14
16 27
16 20
16 10
16 49
16 44
16 28
16 23
16 9
16 19
26
17 46
17 39
17 22
17 13
17 29
17 10
17 15
17 26
17 45
17 44
17 37
17 20
17 16
17 1
17 35
17 14
17 6
17 32
17 42
17 9
17 40
17 28
17 25
17 47
17 4
17 38
21
18 36
18 17
18 12
18 23
18 11
18 6
18 4
18 14
18 46
18 13
18 5
18 35
18 42
18 45
18 24
18 28
18 15
18 41
18 21
18 1
18 32
20
19 44
19 35
19 48
19 1
19 29
19 37
19 49
19 10
19 47
19 26
19 36
19 14
19 13
19 8
19 5
19 41
19 6
19 4
19 30
19 25
27
20 0
20 43
20 9
20 6
20 12
20 42
20 19
20 14
20 37
20 21
20 39
20 18
20 34
20 45
20 22
20 11
20 8
20 46
20 38
20 47
20 15
20 49
20 27
20 35
20 3
20 31
20 41
16
21 45
21 27
21 19
21 4
21 14
21 43
21 36
21 0
21 17
21 13
21 1
21 42
21 35
21 47
21 33
21 49
24
22 25
22 21
22 12
22 42
22 46
22 41
22 44
22 49
22 31
22 8
22 30
22 27
22 5
22 7
22 23
22 35
22 32
22 4
22 13
22 43
22 6
22 19
22 18
22 10
21
23 37
23 28
23 48
23 19
23 13
23 14
23 12
23 33
23 2
23 7
23 10
23 20
23 43
23 8
23 5
23 29
23 31
23 38
23 44
23 1
23 35
19
24 34
24 6
24 20
24 8
24 5
24 26
24 47
24 45
24 17
24 27
24 36
24 21
24 40
24 35
24 25
24 10
24 46
24 48
24 19
16
25 43
25 8
25 37
25 13
25 30
25 4
25 36
25 23
25 27
25 7
25 14
25 16
25 41
25 12
25 9
25 10
20
26 16
26 29
26 34
26 44
26 8
26 27
26 40
26 23
26 35
26 22
26 4
26 0
26 6
26 21
26 9
26 2
26 3
26 49
26 7
26 32
16
27 13
27 12
27 44
27 8
27 41
27 4
27 42
27 45
27 7
27 33
27 36
27 14
27 43
27 32
27 49
27 15
20
28 20
28 45
28 33
28 36
28 8
28 24
28 22
28 49
28 13
28 3
28 9
28 31
28 5
28 32
28 40
28 48
28 30
28 38
28 21
28 1
25
29 40
29 28
29 16
29 38
29 37
29 20
29 24
29 32
29 10
29 13
29 43
29 21
29 31
29 35
29 42
29 34
29 33
29 3
29 27
29 7
29 4
29 14
29 48
29 2
29 22
16
30 38
30 0
30 29
30 15
30 17
30 48
30 12
30 4
30 42
30 37
30 16
30 45
30 40
30 20
30 21
30 5
21
31 48
31 43
31 13
31 18
31 6
31 7
31 44
31 26
31 27
31 46
31 30
31 4
31 36
31 14
31 17
31 5
31 39
31 21
31 41
31 19
31 12
21
32 0
32 41
32 12
32 36
32 24
32 9
32 11
32 3
32 38
32 35
32 8
32 48
32 44
32 13
32 15
32 21
32 16
32 42
32 47
32 43
32 23
21
33 18
33 5
33 48
33 15
33 41
33 14
33 22
33 26
33 13
33 2
33 11
33 0
33 32
33 35
33 49
33 1
33 24
33 39
33 20
33 19
33 17
23
34 11
34 48
34 32
34 39
34 22
34 35
34 23
34 25
34 41
34 27
34 8
34 17
34 28
34 40
34 47
34 2
34 19
34 3
34 13
34 5
34 14
34 15
34 43
12
35 30
35 48
35 49
35 25
35 42
35 16
35 37
35 47
35 28
35 45
35 12
35 7
20
36 26
36 29
36 2
36 47
36 30
36 45
36 1
36 35
36 20
36 3
36 41
36 4
36 12
36 13
36 34
36 44
36 23
36 15
36 38
36 39
19
37 22
37 31
37 18
37 26
37 40
37 3
37 34
37 1
37 5
37 43
37 12
37 33
37 42
37 2
37 24
37 49
37 32
37 0
37 4
19
38 48
38 21
38 24
38 37
38 22
38 1
38 14
38 33
38 19
38 26
38 7
38 8
38 34
38 18
38 15
38 5
38 25
38 27
38 31
19
39 37
39 16
39 9
39 5
39 44
39 3
39 49
39 18
39 11
39 40
39 7
39 38
39 32
39 10
39 25
39 15
39 28
39 41
39 27
24
40 22
40 32
40 47
40 31
40 18
40 1
40 21
40 38
40 11
40 44
40 20
40 15
40 16
40 35
40 2
40 25
40 43
40 33
40 42
40 41
40 5
40 13
40 36
40 48
18
41 45
41 30
41 44
41 48
41 13
41 42
41 8
41 10
41 49
41 23
41 46
41 21
41 16
41 35
41 26
41 5
41 17
41 28
14
42 7
42 48
42 1
42 19
42 2
42 46
42 0
42 4
42 5
42 23
42 26
42 38
42 39
42 24
14
43 16
43 6
43 0
43 5
43 11
43 17
43 42
43 26
43 36
43 48
43 18
43 46
43 30
43 28
18
44 21
44 29
44 12
44 38
44 14
44 15
44 4
44 18
44 48
44 25
44 20
44 30
44 2
44 1
44 42
44 43
44 7
44 3
23
45 3
45 38
45 5
45 26
45 23
45 25
45 34
45 14
45 0
45 42
45 31
45 6
45 37
45 9
45 22
45 46
45 40
45 1
45 15
45 39
45 32
45 43
45 19
19
46 37
46 15
46 10
46 30
46 32
46 21
46 3
46 26
46 12
46 34
46 47
46 29
46 14
46 7
46 19
46 48
46 23
46 16
46 49
20
47 4
47 0
47 44
47 33
47 8
47 38
47 48
47 41
47 31
47 9
47 43
47 37
47 16
47 26
47 25
47 45
47 30
47 11
47 2
47 29
19
48 26
48 4
48 27
48 5
48 21
48 25
48 8
48 20
48 0
48 13
48 17
48 10
48 9
48 16
48 39
48 7
48 14
48 18
48 45
20
49 6
49 1
49 7
49 44
49 2
49 48
49 10
49 12
49 34
49 40
49 32
49 31
49 43
49 18
49 36
49 13
49 38
49 5
49 29
49 0
