50
0 "A6"
1 "A33"
2 "A14"
3 "A11"
4 "A10"
5 "A2"
6 "A28"
7 "A26"
8 "A1"
9 "A45"
10 "A37"
11 "A38"
12 "A20"
13 "A19"
14 "A48"
15 "A24"
16 "A32"
17 "A23"
18 "A17"
19 "A5"
20 "A35"
21 "A42"
22 "A21"
23 "A34"
24 "A3"
25 "A41"
26 "A27"
27 "A43"
28 "A39"
29 "A49"
30 "A12"
31 "A15"
32 "A47"
33 "A4"
34 "A40"
35 "A0"
36 "A7"
37 "A22"
38 "A29"
39 "A44"
40 "A25"
41 "A30"
42 "A36"
43 "A18"
44 "A16"
45 "A13"
46 "A46"
47 "A8"
48 "A9"
49 "A31"
24
0 45
0 37
0 29
0 16
0 39
0 6
0 5
0 1
0 30
0 36
0 20
0 23
0 15
0 14
0 10
0 8
0 24
0 7
0 12
0 43
0 35
0 21
0 32
0 28
21
1 2
1 8
1 12
1 33
1 30
1 26
1 31
1 48
1 4
1 9
1 46
1 20
1 34
1 45
1 16
1 17
1 43
1 27
1 15
1 23
1 40
18
2 7
2 46
2 9
2 6
2 42
2 4
2 14
2 45
2 0
2 34
2 16
2 15
2 13
2 39
2 5
2 47
2 48
2 35
20
3 17
3 25
3 16
3 29
3 7
3 28
3 39
3 26
3 35
3 22
3 2
3 30
3 44
3 32
3 42
3 4
3 41
3 14
3 33
3 18
13
4 49
4 37
4 44
4 20
4 11
4 18
4 22
4 8
4 39
4 13
4 0
4 40
4 9
22
5 40
5 15
5 20
5 7
5 18
5 6
5 43
5 45
5 49
5 36
5 29
5 17
5 42
5 31
5 19
5 38
5 12
5 4
5 13
5 8
5 1
5 3
22
6 40
6 33
6 34
6 12
6 48
6 9
6 15
6 38
6 49
6 11
6 22
6 35
6 7
6 27
6 26
6 25
6 8
6 13
6 20
6 29
6 37
6 23
20
7 41
7 29
7 37
7 21
7 19
7 45
7 18
7 24
7 36
7 14
7 49
7 35
7 43
7 38
7 10
7 16
7 4
7 32
7 39
7 28
18
8 12
8 3
8 46
8 13
8 26
8 36
8 48
8 33
8 17
8 32
8 27
8 35
8 7
8 21
8 38
8 31
8 37
8 18
15
9 49
9 3
9 7
9 42
9 30
9 34
9 14
9 35
9 40
9 36
9 0
9 21
9 32
9 16
9 17
19
10 24
10 38
10 43
10 45
10 11
10 39
10 4
10 40
10 1
10 12
10 30
10 37
10 49
10 42
10 26
10 3
10 22
10 34
10 31
23
11 30
11 38
11 45
11 3
11 40
11 21
11 34
11 28
11 9
11 29
11 47
11 24
11 13
11 1
11 18
11 2
11 25
11 37
11 49
11 39
11 32
11 31
11 14
16
12 19
12 33
12 49
12 44
12 3
12 23
12 13
12 18
12 2
12 4
12 41
12 42
12 29
12 46
12 27
12 32
14
13 45
13 10
13 38
13 33
13 46
13 48
13 23
13 43
13 9
13 17
13 1
13 29
13 0
13 42
21
14 39
14 5
14 13
14 15
14 10
14 35
14 44
14 31
14 38
14 19
14 36
14 41
14 18
14 16
14 4
14 12
14 27
14 33
14 22
14 1
14 34
20
15 28
15 7
15 12
15 30
15 29
15 13
15 9
15 16
15 10
15 11
15 23
15 36
15 31
15 19
15 4
15 3
15 18
15 34
15 32
15 25
19
16 18
16 12
16 47
16 29
16 48
16 33
16 5
16 25
16 8
16 39
16 38
16 43
16 49
16 19
16 31
16 28
16 45
16 10
16 35
18
17 49
17 14
17 4
17 34
17 19
17 26
17 41
17 32
17 40
17 2
17 12
17 11
17 44
17 45
17 0
17 15
17 48
17 25
11
18 10
18 26
18 49
18 6
18 13
18 35
18 1
18 34
18 19
18 0
18 9
15
19 24
19 49
19 22
19 4
19 40
19 27
19 37
19 42
19 41
19 10
19 39
19 21
19 28
19 2
19 13
21
20 16
20 19
20 18
20 45
20 40
20 35
20 14
20 22
20 27
20 49
20 12
20 34
20 11
20 17
20 9
20 3
20 8
20 32
20 48
20 2
20 38
15
21 3
21 20
21 6
21 25
21 35
21 1
21 44
21 23
21 15
21 27
21 5
21 34
21 40
21 47
21 49
29
22 36
22 16
22 15
22 21
22 0
22 11
22 47
22 7
22 32
22 25
22 13
22 18
22 38
22 1
22 2
22 37
22 48
22 33
22 41
22 45
22 49
22 12
22 5
22 42
22 43
22 26
22 46
22 31
22 8
20
23 30
23 46
23 4
23 20
23 49
23 41
23 3
23 19
23 9
23 47
23 14
23 18
23 7
23 27
23 40
23 42
23 11
23 22
23 48
23 2
21
24 8
24 27
24 30
24 15
24 22
24 2
24 6
24 42
24 5
24 12
24 16
24 38
24 18
24 3
24 41
24 17
24 21
24 39
24 45
24 48
24 4
16
25 9
25 19
25 35
25 33
25 23
25 0
25 4
25 45
25 36
25 1
25 12
25 26
25 8
25 30
25 28
25 2
20
26 40
26 27
26 41
26 11
26 2
26 7
26 4
26 46
26 5
26 15
26 43
26 24
26 29
26 0
26 36
26 9
26 38
26 20
26 16
26 13
21
27 13
27 42
27 18
27 45
27 34
27 11
27 39
27 3
27 46
27 32
27 17
27 25
27 9
27 22
27 7
27 16
27 0
27 31
27 2
27 28
27 10
19
28 10
28 2
28 40
28 21
28 24
28 23
28 26
28 13
28 38
28 1
28 49
28 20
28 37
28 5
28 31
28 35
28 34
28 8
28 36
21
29 43
29 4
29 10
29 17
29 2
29 20
29 23
29 1
29 22
29 21
29 14
29 19
29 30
29 8
29 27
29 47
29 25
29 24
29 9
29 38
29 44
21
30 7
30 48
30 12
30 13
30 22
30 14
30 34
30 39
30 35
30 32
30 16
30 5
30 4
30 41
30 31
30 40
30 28
30 47
30 8
30 26
30 21
15
31 0
31 18
31 46
31 40
31 20
31 24
31 17
31 4
31 9
31 6
31 29
31 23
31 19
31 38
31 36
21
32 23
32 44
32 16
32 5
32 41
32 21
32 19
32 26
32 36
32 28
32 18
32 4
32 29
32 1
32 42
32 24
32 43
32 25
32 13
32 14
32 49
18
33 4
33 0
33 43
33 38
33 30
33 11
33 7
33 36
33 47
33 15
33 2
33 23
33 19
33 27
33 46
33 24
33 45
33 28
20
34 5
34 46
34 22
34 48
34 3
34 7
34 4
34 13
34 29
34 31
34 26
34 49
34 33
34 0
34 24
34 32
34 35
34 42
34 41
34 37
17
35 5
35 23
35 37
35 46
35 19
35 17
35 12
35 11
35 10
35 1
35 22
35 41
35 33
35 44
35 15
35 45
35 13
22
36 20
36 19
36 6
36 43
36 3
36 49
36 30
36 38
36 21
36 42
36 27
36 44
36 2
36 23
36 12
36 29
36 45
36 41
36 17
36 35
36 16
36 10
25
37 41
37 16
37 33
37 31
37 24
37 9
37 26
37 29
37 1
37 38
37 40
37 25
37 27
37 30
37 5
37 18
37 15
37 39
37 48
37 45
37 14
37 49
37 2
37 12
37 36
16
38 0
38 18
38 25
38 19
38 48
38 43
38 4
38 42
38 2
38 32
38 1
38 9
38 35
38 30
38 34
38 45
20
39 20
39 6
39 31
39 9
39 21
39 35
39 34
39 26
39 36
39 15
39 5
39 28
39 12
39 29
39 8
39 23
39 32
39 1
39 17
39 13
21
40 13
40 39
40 32
40 27
40 43
40 14
40 18
40 12
40 45
40 35
40 48
40 3
40 8
40 16
40 34
40 22
40 2
40 15
40 25
40 38
40 36
19
41 45
41 42
41 39
41 38
41 40
41 27
41 8
41 15
41 2
41 9
41 11
41 29
41 6
41 31
41 1
41 21
41 25
41 47
41 13
19
42 39
42 37
42 21
42 8
42 33
42 46
42 4
42 6
42 44
42 16
42 18
42 11
42 7
42 17
42 15
42 49
42 40
42 35
42 29
23
43 48
43 21
43 25
43 30
43 8
43 18
43 28
43 23
43 2
43 3
43 44
43 19
43 9
43 12
43 20
43 11
43 4
43 35
43 14
43 17
43 42
43 41
43 37
25
44 18
44 6
44 0
44 19
44 9
44 39
44 25
44 11
44 33
44 45
44 34
44 16
44 37
44 20
44 10
44 7
44 23
44 24
44 38
44 30
44 47
44 5
44 26
44 31
44 8
17
45 18
45 39
45 29
45 19
45 14
45 26
45 30
45 46
45 48
45 4
45 23
45 9
45 49
45 32
45 15
45 42
45 3
26
46 32
46 9
46 44
46 49
46 29
46 24
46 10
46 16
46 11
46 14
46 15
46 36
46 4
46 25
46 43
46 5
46 20
46 21
46 37
46 0
46 28
46 48
46 3
46 17
46 30
46 41
23
47 36
47 24
47 26
47 17
47 38
47 8
47 32
47 48
47 25
47 39
47 28
47 6
47 15
47 19
47 18
47 40
47 43
47 20
47 5
47 7
47 14
47 45
47 10
21
48 0
48 27
48 42
48 4
48 18
48 7
48 49
48 26
48 12
48 41
48 31
48 10
48 35
48 11
48 36
48 21
48 5
48 44
48 28
48 25
48 29
19
49 14
49 38
49 27
49 25
49 40
49 41
49 24
49 8
49 3
49 26
49 35
49 0
49 15
49 30
49 2
49 33
49 29
49 13
49 43
