50
0 "A10"
1 "A17"
2 "A7"
3 "A35"
4 "A15"
5 "A46"
6 "A14"
7 "A45"
8 "A31"
9 "A16"
10 "A2"
11 "A11"
12 "A25"
13 "A12"
14 "A13"
15 "A20"
16 "A24"
17 "A34"
18 "A9"
19 "A22"
20 "A37"
21 "A4"
22 "A36"
23 "A21"
24 "A26"
25 "A27"
26 "A41"
27 "A23"
28 "A5"
29 "A8"
30 "A1"
31 "A42"
32 "A47"
33 "A29"
34 "A6"
35 "A49"
36 "A32"
37 "A44"
38 "A43"
39 "A30"
40 "A19"
41 "A38"
42 "A40"
43 "A3"
44 "A18"
45 "A39"
46 "A0"
47 "A28"
48 "A48"
49 "A33"
13
0 43
0 6
0 46
0 49
0 24
0 14
0 11
0 22
0 8
0 25
0 27
0 48
0 39
16
1 20
1 21
1 3
1 31
1 40
1 26
1 34
1 0
1 45
1 17
1 2
1 38
1 9
1 18
1 41
1 19
21
2 41
2 38
2 15
2 5
2 0
2 22
2 33
2 16
2 34
2 49
2 14
2 24
2 31
2 4
2 17
2 35
2 25
2 9
2 39
2 30
2 21
23
3 18
3 32
3 17
3 35
3 44
3 45
3 8
3 20
3 0
3 10
3 37
3 26
3 23
3 14
3 29
3 42
3 47
3 40
3 21
3 33
3 24
3 25
3 7
21
4 14
4 33
4 23
4 8
4 20
4 41
4 1
4 3
4 30
4 28
4 36
4 38
4 40
4 22
4 24
4 43
4 13
4 37
4 19
4 34
4 26
18
5 29
5 0
5 37
5 27
5 38
5 33
5 18
5 16
5 40
5 12
5 13
5 3
5 10
5 4
5 24
5 11
5 39
5 22
15
6 22
6 5
6 33
6 15
6 20
6 34
6 4
6 3
6 12
6 29
6 37
6 2
6 25
6 32
6 26
21
7 38
7 45
7 27
7 47
7 33
7 22
7 5
7 46
7 29
7 0
7 48
7 12
7 15
7 21
7 39
7 4
7 16
7 18
7 20
7 44
7 40
24
8 47
8 45
8 41
8 30
8 48
8 2
8 13
8 35
8 34
8 43
8 16
8 5
8 21
8 26
8 1
8 10
8 38
8 33
8 28
8 42
8 11
8 18
8 17
8 7
20
9 12
9 48
9 31
9 44
9 33
9 17
9 28
9 22
9 6
9 4
9 42
9 10
9 0
9 49
9 37
9 5
9 8
9 7
9 15
9 13
21
10 36
10 39
10 7
10 35
10 20
10 1
10 22
10 30
10 6
10 4
10 18
10 42
10 33
10 40
10 26
10 17
10 15
10 46
10 25
10 43
10 11
22
11 7
11 36
11 31
11 9
11 35
11 39
11 32
11 4
11 29
11 47
11 3
11 25
11 34
11 41
11 28
11 26
11 49
11 48
11 21
11 38
11 23
11 22
25
12 44
12 0
12 42
12 32
12 14
12 37
12 17
12 4
12 38
12 40
12 8
12 45
12 26
12 48
12 15
12 24
12 46
12 28
12 10
12 19
12 49
12 43
12 2
12 3
12 47
24
13 7
13 40
13 11
13 31
13 37
13 15
13 44
13 35
13 14
13 24
13 41
13 28
13 34
13 10
13 20
13 32
13 17
13 2
13 1
13 21
13 48
13 12
13 42
13 26
21
14 23
14 26
14 10
14 40
14 20
14 33
14 25
14 29
14 47
14 43
14 38
14 11
14 45
14 41
14 32
14 42
14 7
14 9
14 44
14 24
14 8
17
15 46
15 37
15 3
15 1
15 39
15 8
15 24
15 22
15 36
15 26
15 4
15 30
15 32
15 35
15 40
15 5
15 41
20
16 40
16 19
16 9
16 14
16 28
16 42
16 32
16 0
16 17
16 33
16 39
16 4
16 25
16 10
16 46
16 15
16 41
16 11
16 22
16 1
25
17 27
17 43
17 44
17 32
17 26
17 11
17 31
17 0
17 47
17 14
17 45
17 18
17 42
17 40
17 15
17 25
17 21
17 20
17 30
17 29
17 39
17 38
17 35
17 24
17 6
20
18 0
18 16
18 46
18 6
18 42
18 4
18 21
18 30
18 31
18 11
18 2
18 25
18 39
18 20
18 15
18 9
18 26
18 36
18 14
18 28
20
19 46
19 36
19 7
19 32
19 26
19 28
19 14
19 17
19 22
19 41
19 18
19 13
19 11
19 24
19 6
19 5
19 35
19 37
19 23
19 21
21
20 46
20 11
20 41
20 0
20 2
20 30
20 35
20 22
20 15
20 45
20 16
20 44
20 47
20 9
20 34
20 21
20 40
20 26
20 12
20 27
20 38
19
21 14
21 45
21 23
21 22
21 46
21 42
21 6
21 16
21 26
21 27
21 36
21 10
21 12
21 4
21 41
21 49
21 44
21 15
21 39
18
22 46
22 8
22 1
22 37
22 42
22 13
22 12
22 36
22 34
22 3
22 17
22 48
22 43
22 41
22 32
22 14
22 24
22 35
23
23 49
23 36
23 10
23 45
23 6
23 46
23 41
23 5
23 25
23 37
23 2
23 40
23 27
23 47
23 28
23 0
23 34
23 42
23 24
23 15
23 17
23 38
23 32
23
24 21
24 34
24 20
24 41
24 18
24 9
24 45
24 37
24 48
24 30
24 26
24 8
24 11
24 28
24 25
24 38
24 49
24 47
24 42
24 36
24 7
24 6
24 32
18
25 12
25 45
25 22
25 33
25 30
25 20
25 13
25 5
25 7
25 19
25 4
25 40
25 21
25 8
25 38
25 41
25 15
25 44
20
26 37
26 9
26 38
26 49
26 5
26 35
26 7
26 47
26 42
26 48
26 2
26 32
26 23
26 33
26 22
26 28
26 40
26 25
26 0
26 16
28
27 30
27 15
27 26
27 11
27 22
27 42
27 33
27 18
27 34
27 25
27 37
27 45
27 48
27 32
27 31
27 24
27 40
27 19
27 49
27 8
27 28
27 4
27 43
27 13
27 6
27 3
27 16
27 14
17
28 46
28 41
28 17
28 38
28 6
28 30
28 1
28 14
28 25
28 2
28 7
28 32
28 42
28 5
28 20
28 33
28 15
22
29 36
29 23
29 9
29 2
29 45
29 15
29 28
29 27
29 21
29 47
29 1
29 46
29 41
29 16
29 35
29 4
29 20
29 34
29 19
29 8
29 13
29 25
21
30 43
30 33
30 6
30 11
30 38
30 0
30 41
30 1
30 31
30 13
30 23
30 45
30 26
30 40
30 29
30 19
30 14
30 46
30 12
30 32
30 5
18
31 32
31 24
31 19
31 14
31 23
31 8
31 4
31 41
31 35
31 39
31 29
31 26
31 49
31 46
31 38
31 7
31 25
31 33
14
32 48
32 46
32 8
32 20
32 18
32 21
32 10
32 7
32 29
32 2
32 40
32 1
32 4
32 9
17
33 38
33 1
33 34
33 48
33 40
33 46
33 17
33 20
33 21
33 32
33 37
33 47
33 24
33 19
33 18
33 13
33 42
25
34 5
34 35
34 32
34 39
34 30
34 14
34 7
34 16
34 9
34 41
34 45
34 28
34 25
34 42
34 21
34 31
34 0
34 37
34 17
34 47
34 26
34 15
34 10
34 12
34 18
18
35 25
35 42
35 49
35 12
35 45
35 36
35 41
35 0
35 33
35 37
35 32
35 6
35 48
35 23
35 7
35 40
35 4
35 46
24
36 17
36 14
36 3
36 7
36 0
36 1
36 8
36 13
36 25
36 37
36 40
36 32
36 30
36 16
36 5
36 45
36 44
36 9
36 28
36 38
36 2
36 27
36 31
36 49
24
37 8
37 30
37 17
37 32
37 28
37 10
37 25
37 21
37 14
37 18
37 41
37 40
37 31
37 0
37 2
37 45
37 16
37 1
37 20
37 46
37 29
37 7
37 44
37 48
21
38 32
38 39
38 3
38 40
38 21
38 15
38 34
38 22
38 29
38 37
38 27
38 43
38 48
38 16
38 19
38 47
38 9
38 41
38 46
38 35
38 6
16
39 1
39 35
39 32
39 27
39 30
39 33
39 23
39 20
39 43
39 26
39 8
39 44
39 14
39 45
39 19
39 37
10
40 39
40 24
40 11
40 43
40 28
40 44
40 8
40 46
40 41
40 49
11
41 0
41 47
41 43
41 32
41 39
41 12
41 6
41 36
41 26
41 46
41 5
13
42 39
42 6
42 30
42 2
42 32
42 36
42 7
42 20
42 0
42 11
42 4
42 5
42 31
23
43 42
43 29
43 1
43 5
43 2
43 19
43 31
43 16
43 46
43 28
43 45
43 25
43 21
43 37
43 11
43 13
43 3
43 35
43 20
43 6
43 18
43 7
43 26
21
44 43
44 15
44 41
44 8
44 31
44 30
44 6
44 2
44 49
44 32
44 22
44 27
44 0
44 48
44 28
44 5
44 23
44 33
44 45
44 4
44 29
14
45 4
45 32
45 2
45 13
45 15
45 26
45 10
45 22
45 0
45 41
45 19
45 9
45 5
45 18
11
46 44
46 36
46 8
46 25
46 13
46 39
46 42
46 11
46 6
46 27
46 9
21
47 25
47 13
47 9
47 10
47 32
47 46
47 49
47 5
47 19
47 45
47 48
47 35
47 22
47 6
47 42
47 4
47 1
47 27
47 37
47 36
47 30
22
48 46
48 29
48 3
48 19
48 25
48 40
48 4
48 6
48 41
48 5
48 28
48 31
48 21
48 20
48 43
48 10
48 18
48 30
48 23
48 42
48 15
48 45
20
49 28
49 43
49 42
49 15
49 14
49 29
49 3
49 39
49 34
49 1
49 10
49 13
49 6
49 45
49 38
49 5
49 32
49 17
49 41
49 16
