50
0 "A2"
1 "A24"
2 "A49"
3 "A1"
4 "A42"
5 "A46"
6 "A33"
7 "A21"
8 "A32"
9 "A38"
10 "A7"
11 "A41"
12 "A30"
13 "A19"
14 "A45"
15 "A25"
16 "A3"
17 "A8"
18 "A43"
19 "A18"
20 "A17"
21 "A37"
22 "A26"
23 "A11"
24 "A0"
25 "A14"
26 "A12"
27 "A36"
28 "A4"
29 "A34"
30 "A23"
31 "A22"
32 "A48"
33 "A40"
34 "A9"
35 "A5"
36 "A16"
37 "A47"
38 "A15"
39 "A35"
40 "A13"
41 "A20"
42 "A10"
43 "A39"
44 "A31"
45 "A29"
46 "A28"
47 "A27"
48 "A6"
49 "A44"
18
0 1
0 21
0 17
0 24
0 8
0 13
0 34
0 5
0 33
0 49
0 7
0 41
0 46
0 27
0 32
0 26
0 14
0 45
12
1 4
1 35
1 6
1 43
1 33
1 27
1 16
1 44
1 24
1 22
1 36
1 41
23
2 12
2 30
2 18
2 42
2 8
2 11
2 0
2 46
2 25
2 31
2 10
2 28
2 24
2 19
2 34
2 45
2 32
2 35
2 1
2 27
2 17
2 47
2 22
24
3 28
3 49
3 42
3 38
3 12
3 5
3 7
3 45
3 31
3 4
3 17
3 16
3 0
3 1
3 26
3 18
3 9
3 37
3 11
3 40
3 29
3 22
3 25
3 2
18
4 45
4 28
4 26
4 34
4 11
4 8
4 27
4 47
4 29
4 24
4 5
4 42
4 18
4 10
4 15
4 23
4 39
4 46
18
5 27
5 20
5 28
5 6
5 2
5 37
5 1
5 49
5 12
5 10
5 40
5 24
5 18
5 42
5 39
5 26
5 32
5 46
25
6 22
6 15
6 40
6 10
6 46
6 17
6 28
6 32
6 26
6 3
6 8
6 49
6 44
6 2
6 29
6 36
6 0
6 4
6 37
6 38
6 16
6 18
6 14
6 34
6 9
17
7 4
7 1
7 47
7 32
7 10
7 31
7 45
7 19
7 15
7 6
7 27
7 18
7 12
7 21
7 40
7 20
7 39
19
8 21
8 26
8 15
8 44
8 47
8 7
8 35
8 29
8 45
8 9
8 37
8 17
8 46
8 25
8 42
8 33
8 48
8 5
8 16
25
9 10
9 33
9 18
9 38
9 16
9 40
9 5
9 30
9 36
9 49
9 22
9 19
9 4
9 27
9 2
9 41
9 21
9 32
9 12
9 39
9 48
9 20
9 47
9 0
9 31
22
10 40
10 19
10 30
10 49
10 33
10 38
10 47
10 44
10 18
10 35
10 0
10 22
10 37
10 14
10 1
10 20
10 32
10 28
10 45
10 8
10 48
10 29
23
11 45
11 16
11 35
11 43
11 10
11 38
11 31
11 34
11 47
11 32
11 7
11 18
11 25
11 9
11 1
11 30
11 0
11 5
11 40
11 17
11 6
11 33
11 28
17
12 1
12 37
12 45
12 40
12 35
12 6
12 4
12 10
12 30
12 39
12 0
12 23
12 48
12 8
12 36
12 13
12 41
22
13 1
13 42
13 4
13 24
13 46
13 41
13 48
13 11
13 23
13 34
13 28
13 14
13 33
13 40
13 10
13 6
13 5
13 18
13 21
13 2
13 7
13 47
21
14 29
14 21
14 11
14 28
14 9
14 45
14 7
14 16
14 23
14 5
14 2
14 49
14 26
14 44
14 31
14 43
14 41
14 27
14 8
14 19
14 24
21
15 17
15 0
15 27
15 10
15 11
15 12
15 13
15 24
15 32
15 3
15 23
15 28
15 9
15 31
15 35
15 49
15 34
15 2
15 5
15 42
15 26
17
16 31
16 5
16 32
16 20
16 7
16 36
16 18
16 0
16 17
16 39
16 10
16 28
16 22
16 49
16 48
16 41
16 2
15
17 22
17 10
17 45
17 41
17 32
17 20
17 5
17 7
17 30
17 14
17 42
17 13
17 24
17 23
17 9
12
18 1
18 17
18 42
18 23
18 39
18 41
18 14
18 21
18 8
18 15
18 38
18 33
16
19 12
19 0
19 35
19 33
19 39
19 15
19 30
19 37
19 43
19 11
19 8
19 3
19 16
19 26
19 44
19 24
20
20 8
20 37
20 41
20 21
20 33
20 44
20 23
20 22
20 11
20 4
20 1
20 13
20 28
20 48
20 14
20 31
20 45
20 18
20 19
20 2
12
21 15
21 27
21 4
21 19
21 3
21 36
21 11
21 12
21 1
21 10
21 6
21 24
22
22 44
22 0
22 21
22 11
22 8
22 25
22 15
22 14
22 37
22 5
22 48
22 7
22 29
22 12
22 47
22 31
22 49
22 41
22 40
22 36
22 32
22 19
25
23 1
23 44
23 22
23 8
23 34
23 33
23 11
23 31
23 10
23 6
23 19
23 9
23 2
23 5
23 16
23 37
23 39
23 47
23 7
23 40
23 43
23 28
23 38
23 24
23 45
19
24 41
24 39
24 26
24 27
24 33
24 38
24 46
24 6
24 31
24 3
24 8
24 22
24 43
24 42
24 10
24 36
24 37
24 12
24 32
21
25 34
25 4
25 1
25 9
25 6
25 47
25 0
25 18
25 15
25 24
25 48
25 29
25 21
25 10
25 45
25 12
25 23
25 16
25 5
25 39
25 20
20
26 39
26 25
26 11
26 40
26 31
26 10
26 2
26 17
26 43
26 47
26 38
26 16
26 27
26 32
26 37
26 13
26 22
26 33
26 48
26 18
18
27 17
27 6
27 19
27 39
27 42
27 11
27 8
27 40
27 16
27 3
27 47
27 49
27 48
27 12
27 10
27 18
27 20
27 30
24
28 47
28 35
28 18
28 49
28 38
28 24
28 8
28 0
28 22
28 21
28 39
28 26
28 36
28 42
28 32
28 27
28 30
28 37
28 45
28 17
28 9
28 7
28 29
28 25
25
29 0
29 48
29 2
29 26
29 11
29 36
29 5
29 39
29 43
29 34
29 33
29 7
29 30
29 16
29 20
29 19
29 21
29 1
29 32
29 17
29 41
29 12
29 27
29 23
29 18
17
30 42
30 1
30 37
30 32
30 4
30 16
30 24
30 6
30 48
30 14
30 0
30 33
30 18
30 13
30 8
30 44
30 49
17
31 44
31 8
31 13
31 49
31 29
31 0
31 1
31 28
31 41
31 17
31 12
31 21
31 18
31 32
31 37
31 25
31 10
13
32 18
32 20
32 13
32 45
32 49
32 40
32 37
32 23
32 19
32 12
32 41
32 4
32 3
20
33 46
33 31
33 37
33 7
33 21
33 27
33 14
33 48
33 15
33 49
33 34
33 47
33 6
33 16
33 22
33 38
33 12
33 32
33 28
33 3
17
34 49
34 1
34 40
34 30
34 24
34 22
34 19
34 38
34 26
34 5
34 32
34 8
34 12
34 14
34 28
34 37
34 48
24
35 29
35 45
35 44
35 3
35 6
35 24
35 31
35 40
35 30
35 17
35 37
35 18
35 14
35 16
35 13
35 34
35 33
35 4
35 39
35 23
35 22
35 27
35 48
35 20
26
36 33
36 15
36 18
36 37
36 40
36 31
36 25
36 26
36 46
36 30
36 3
36 34
36 8
36 5
36 42
36 17
36 0
36 45
36 35
36 23
36 7
36 11
36 32
36 10
36 4
36 27
17
37 7
37 25
37 18
37 2
37 48
37 4
37 15
37 9
37 41
37 11
37 27
37 1
37 45
37 49
37 16
37 29
37 17
26
38 5
38 20
38 14
38 2
38 22
38 39
38 37
38 25
38 0
38 45
38 35
38 7
38 21
38 16
38 17
38 13
38 19
38 29
38 12
38 31
38 44
38 46
38 8
38 47
38 30
38 27
23
39 0
39 6
39 42
39 44
39 49
39 30
39 8
39 33
39 48
39 41
39 20
39 22
39 37
39 2
39 46
39 32
39 21
39 14
39 10
39 1
39 15
39 11
39 31
16
40 41
40 42
40 21
40 31
40 4
40 25
40 33
40 17
40 46
40 0
40 14
40 49
40 15
40 29
40 16
40 20
21
41 36
41 19
41 27
41 28
41 43
41 7
41 3
41 10
41 38
41 8
41 6
41 34
41 46
41 11
41 33
41 25
41 2
41 21
41 26
41 15
41 42
20
42 23
42 45
42 25
42 22
42 1
42 7
42 37
42 19
42 14
42 6
42 48
42 46
42 20
42 44
42 47
42 21
42 35
42 32
42 34
42 12
27
43 8
43 39
43 6
43 0
43 21
43 17
43 20
43 30
43 2
43 18
43 38
43 16
43 48
43 5
43 42
43 4
43 36
43 33
43 47
43 27
43 28
43 40
43 9
43 37
43 22
43 31
43 3
25
44 13
44 47
44 46
44 33
44 17
44 28
44 15
44 7
44 11
44 34
44 24
44 32
44 2
44 3
44 49
44 9
44 37
44 26
44 12
44 48
44 29
44 27
44 43
44 16
44 21
16
45 24
45 16
45 13
45 9
45 1
45 30
45 47
45 39
45 41
45 5
45 34
45 15
45 31
45 46
45 6
45 21
19
46 19
46 9
46 17
46 26
46 15
46 28
46 16
46 22
46 47
46 25
46 49
46 11
46 10
46 23
46 12
46 7
46 14
46 29
46 20
18
47 30
47 6
47 31
47 0
47 5
47 35
47 19
47 16
47 48
47 12
47 3
47 21
47 41
47 37
47 20
47 24
47 1
47 17
16
48 5
48 45
48 36
48 19
48 32
48 11
48 1
48 0
48 38
48 4
48 28
48 17
48 24
48 23
48 3
48 46
11
49 25
49 7
49 4
49 48
49 36
49 41
49 20
49 42
49 24
49 21
49 35
