50
0 "A2"
1 "A24"
2 "A49"
3 "A1"
4 "A42"
5 "A46"
6 "A33"
7 "A21"
8 "A32"
9 "A38"
10 "A7"
11 "A41"
12 "A30"
13 "A19"
14 "A45"
15 "A25"
16 "A3"
17 "A8"
18 "A43"
19 "A18"
20 "A17"
21 "A37"
22 "A26"
23 "A11"
24 "A0"
25 "A14"
26 "A12"
27 "A36"
28 "A4"
29 "A34"
30 "A23"
31 "A22"
32 "A48"
33 "A40"
34 "A9"
35 "A5"
36 "A16"
37 "A47"
38 "A15"
39 "A35"
40 "A13"
41 "A20"
42 "A10"
43 "A39"
44 "A31"
45 "A29"
46 "A28"
47 "A27"
48 "A6"
49 "A44"
19
0 8
0 34
0 49
0 2
0 5
0 46
0 3
0 25
0 42
0 30
0 17
0 29
0 44
0 23
0 4
0 21
0 7
0 20
0 26
17
1 8
1 35
1 6
1 7
1 4
1 24
1 36
1 43
1 46
1 15
1 29
1 31
1 12
1 21
1 16
1 27
1 23
18
2 41
2 14
2 1
2 35
2 8
2 40
2 42
2 17
2 9
2 48
2 11
2 19
2 4
2 38
2 24
2 37
2 28
2 27
22
3 12
3 24
3 44
3 42
3 4
3 22
3 17
3 23
3 9
3 28
3 45
3 1
3 26
3 7
3 11
3 10
3 6
3 34
3 14
3 31
3 13
3 25
18
4 46
4 41
4 28
4 44
4 11
4 8
4 5
4 32
4 10
4 12
4 15
4 42
4 24
4 29
4 37
4 27
4 18
4 19
20
5 24
5 10
5 18
5 37
5 41
5 44
5 28
5 35
5 32
5 15
5 12
5 1
5 20
5 13
5 19
5 6
5 22
5 39
5 42
5 30
19
6 9
6 42
6 16
6 26
6 14
6 2
6 28
6 45
6 23
6 37
6 20
6 46
6 34
6 4
6 0
6 48
6 36
6 10
6 40
17
7 20
7 6
7 12
7 44
7 30
7 39
7 31
7 27
7 23
7 2
7 9
7 4
7 25
7 45
7 10
7 14
7 40
20
8 33
8 34
8 5
8 25
8 18
8 37
8 6
8 42
8 44
8 36
8 17
8 7
8 9
8 16
8 15
8 3
8 29
8 24
8 49
8 35
20
9 17
9 14
9 32
9 35
9 5
9 41
9 1
9 47
9 20
9 4
9 40
9 26
9 13
9 12
9 44
9 36
9 48
9 18
9 21
9 49
16
10 28
10 8
10 19
10 49
10 35
10 46
10 30
10 32
10 40
10 37
10 1
10 2
10 45
10 20
10 18
10 17
27
11 20
11 43
11 6
11 28
11 13
11 0
11 24
11 25
11 14
11 31
11 49
11 47
11 33
11 10
11 7
11 16
11 9
11 38
11 17
11 1
11 18
11 40
11 36
11 42
11 12
11 30
11 8
13
12 8
12 23
12 13
12 10
12 2
12 46
12 19
12 35
12 27
12 49
12 34
12 39
12 41
21
13 47
13 31
13 34
13 33
13 24
13 10
13 2
13 8
13 1
13 35
13 4
13 25
13 20
13 49
13 0
13 37
13 7
13 26
13 44
13 16
13 21
20
14 1
14 28
14 29
14 16
14 26
14 44
14 42
14 13
14 15
14 19
14 47
14 31
14 41
14 24
14 22
14 18
14 25
14 17
14 36
14 8
17
15 23
15 2
15 18
15 28
15 19
15 0
15 7
15 26
15 13
15 12
15 47
15 11
15 42
15 6
15 27
15 29
15 44
21
16 37
16 18
16 20
16 39
16 10
16 17
16 38
16 31
16 25
16 5
16 29
16 22
16 28
16 32
16 4
16 7
16 43
16 0
16 35
16 36
16 12
16
17 1
17 27
17 49
17 15
17 7
17 34
17 22
17 6
17 13
17 41
17 23
17 30
17 44
17 18
17 20
17 32
16
18 46
18 25
18 19
18 45
18 7
18 22
18 33
18 2
18 44
18 6
18 0
18 13
18 20
18 21
18 49
18 1
18
19 3
19 40
19 31
19 33
19 17
19 8
19 30
19 21
19 39
19 6
19 37
19 44
19 11
19 16
19 26
19 23
19 0
19 24
21
20 32
20 22
20 44
20 47
20 23
20 3
20 12
20 39
20 25
20 43
20 33
20 36
20 1
20 15
20 28
20 48
20 8
20 2
20 31
20 35
20 19
13
21 27
21 7
21 6
21 35
21 11
21 3
21 46
21 33
21 17
21 30
21 2
21 22
21 43
19
22 7
22 32
22 15
22 46
22 37
22 4
22 11
22 10
22 6
22 41
22 30
22 29
22 44
22 38
22 35
22 28
22 8
22 24
22 9
13
23 16
23 22
23 34
23 38
23 21
23 5
23 28
23 10
23 9
23 14
23 13
23 27
23 11
19
24 42
24 32
24 7
24 46
24 16
24 9
24 41
24 48
24 21
24 10
24 27
24 35
24 33
24 45
24 17
24 20
24 28
24 40
24 6
19
25 12
25 34
25 35
25 22
25 21
25 6
25 9
25 45
25 17
25 39
25 49
25 27
25 47
25 40
25 23
25 10
25 30
25 24
25 5
24
26 43
26 48
26 33
26 18
26 22
26 12
26 25
26 11
26 24
26 17
26 5
26 10
26 16
26 47
26 30
26 27
26 31
26 39
26 1
26 21
26 42
26 8
26 20
26 28
19
27 45
27 16
27 41
27 30
27 3
27 19
27 20
27 8
27 46
27 49
27 39
27 18
27 28
27 35
27 6
27 10
27 14
27 9
27 38
20
28 18
28 12
28 8
28 13
28 7
28 40
28 32
28 21
28 39
28 42
28 38
28 1
28 49
28 34
28 17
28 33
28 29
28 31
28 19
28 36
25
29 41
29 7
29 46
29 34
29 18
29 20
29 48
29 43
29 9
29 32
29 23
29 19
29 27
29 21
29 12
29 3
29 45
29 49
29 37
29 36
29 6
29 13
29 10
29 47
29 17
22
30 3
30 28
30 4
30 2
30 39
30 44
30 14
30 23
30 34
30 38
30 8
30 20
30 16
30 45
30 35
30 1
30 29
30 32
30 33
30 13
30 49
30 37
23
31 5
31 37
31 8
31 10
31 23
31 45
31 29
31 18
31 0
31 21
31 49
31 12
31 25
31 44
31 27
31 6
31 33
31 2
31 46
31 48
31 24
31 39
31 4
24
32 13
32 12
32 34
32 8
32 41
32 3
32 49
32 23
32 45
32 39
32 14
32 35
32 6
32 46
32 31
32 25
32 42
32 38
32 0
32 43
32 21
32 19
32 11
32 48
17
33 17
33 27
33 3
33 7
33 1
33 48
33 29
33 15
33 23
33 12
33 14
33 46
33 34
33 0
33 22
33 32
33 2
16
34 16
34 21
34 37
34 24
34 1
34 11
34 7
34 45
34 47
34 14
34 2
34 20
34 22
34 40
34 5
34 46
15
35 15
35 23
35 7
35 38
35 45
35 26
35 48
35 3
35 18
35 34
35 43
35 4
35 33
35 49
35 14
23
36 24
36 17
36 0
36 2
36 45
36 46
36 5
36 35
36 41
36 34
36 30
36 49
36 4
36 13
36 18
36 10
36 42
36 26
36 27
36 19
36 7
36 38
36 32
18
37 25
37 35
37 26
37 1
37 14
37 15
37 28
37 11
37 18
37 32
37 46
37 45
37 17
37 7
37 20
37 21
37 42
37 9
25
38 21
38 37
38 5
38 18
38 6
38 19
38 47
38 10
38 13
38 7
38 20
38 29
38 4
38 25
38 39
38 31
38 8
38 42
38 1
38 24
38 17
38 34
38 15
38 41
38 33
22
39 4
39 49
39 10
39 6
39 17
39 22
39 41
39 8
39 21
39 33
39 44
39 11
39 34
39 35
39 37
39 2
39 15
39 0
39 43
39 47
39 13
39 3
22
40 38
40 36
40 23
40 15
40 14
40 21
40 39
40 18
40 4
40 44
40 5
40 32
40 3
40 30
40 42
40 29
40 20
40 45
40 1
40 0
40 22
40 27
26
41 30
41 28
41 15
41 7
41 37
41 18
41 19
41 11
41 33
41 26
41 47
41 43
41 20
41 23
41 40
41 1
41 44
41 3
41 6
41 46
41 35
41 34
41 45
41 0
41 48
41 8
20
42 9
42 1
42 44
42 27
42 48
42 10
42 29
42 16
42 20
42 30
42 12
42 18
42 45
42 21
42 39
42 31
42 7
42 25
42 19
42 22
29
43 31
43 0
43 24
43 3
43 14
43 12
43 2
43 23
43 22
43 13
43 9
43 33
43 25
43 19
43 30
43 18
43 15
43 37
43 8
43 36
43 44
43 34
43 17
43 42
43 6
43 7
43 48
43 40
43 28
18
44 10
44 12
44 34
44 23
44 48
44 29
44 26
44 11
44 49
44 33
44 32
44 21
44 1
44 25
44 46
44 37
44 45
44 28
19
45 20
45 17
45 13
45 15
45 21
45 11
45 22
45 33
45 9
45 2
45 49
45 39
45 5
45 14
45 16
45 19
45 26
45 48
45 28
19
46 20
46 42
46 26
46 19
46 38
46 17
46 45
46 11
46 40
46 30
46 28
46 13
46 47
46 25
46 9
46 14
46 2
46 8
46 7
19
47 4
47 22
47 49
47 1
47 44
47 18
47 42
47 5
47 33
47 19
47 35
47 28
47 16
47 3
47 30
47 0
47 7
47 24
47 36
18
48 22
48 46
48 4
48 38
48 15
48 19
48 25
48 14
48 30
48 47
48 39
48 28
48 5
48 17
48 23
48 13
48 12
48 7
18
49 38
49 4
49 24
49 21
49 7
49 26
49 3
49 2
49 41
49 6
49 43
49 23
49 15
49 20
49 40
49 48
49 37
49 42
