50
0 "A2"
1 "A24"
2 "A49"
3 "A1"
4 "A42"
5 "A46"
6 "A33"
7 "A21"
8 "A32"
9 "A38"
10 "A7"
11 "A41"
12 "A30"
13 "A19"
14 "A45"
15 "A25"
16 "A3"
17 "A8"
18 "A43"
19 "A18"
20 "A17"
21 "A37"
22 "A26"
23 "A11"
24 "A0"
25 "A14"
26 "A12"
27 "A36"
28 "A4"
29 "A34"
30 "A23"
31 "A22"
32 "A48"
33 "A40"
34 "A9"
35 "A5"
36 "A16"
37 "A47"
38 "A15"
39 "A35"
40 "A13"
41 "A20"
42 "A10"
43 "A39"
44 "A31"
45 "A29"
46 "A28"
47 "A27"
48 "A6"
49 "A44"
14
0 25
0 35
0 21
0 37
0 16
0 1
0 39
0 42
0 17
0 9
0 47
0 41
0 13
0 46
21
1 29
1 15
1 9
1 41
1 20
1 37
1 13
1 5
1 8
1 12
1 48
1 35
1 38
1 26
1 31
1 27
1 7
1 44
1 39
1 6
1 3
16
2 25
2 15
2 43
2 16
2 35
2 3
2 32
2 41
2 34
2 37
2 20
2 29
2 49
2 39
2 4
2 42
18
3 7
3 30
3 46
3 22
3 0
3 19
3 45
3 31
3 47
3 12
3 21
3 32
3 18
3 48
3 44
3 13
3 17
3 5
26
4 12
4 14
4 28
4 3
4 49
4 29
4 46
4 20
4 39
4 31
4 22
4 21
4 18
4 5
4 32
4 10
4 40
4 37
4 44
4 38
4 19
4 43
4 0
4 16
4 48
4 17
22
5 25
5 7
5 29
5 22
5 2
5 30
5 10
5 43
5 13
5 45
5 41
5 6
5 24
5 32
5 34
5 39
5 46
5 20
5 17
5 0
5 44
5 15
22
6 37
6 40
6 23
6 16
6 25
6 2
6 33
6 13
6 11
6 47
6 8
6 41
6 15
6 14
6 0
6 3
6 4
6 21
6 18
6 9
6 30
6 44
20
7 33
7 25
7 4
7 13
7 19
7 9
7 10
7 40
7 47
7 16
7 23
7 11
7 37
7 35
7 15
7 29
7 0
7 36
7 21
7 6
24
8 42
8 27
8 3
8 9
8 0
8 17
8 30
8 12
8 7
8 38
8 36
8 24
8 15
8 21
8 4
8 35
8 2
8 49
8 18
8 19
8 23
8 5
8 40
8 13
22
9 4
9 48
9 26
9 32
9 22
9 38
9 40
9 16
9 3
9 12
9 17
9 45
9 39
9 14
9 5
9 15
9 20
9 49
9 29
9 2
9 37
9 44
16
10 39
10 8
10 17
10 26
10 24
10 3
10 42
10 28
10 47
10 2
10 21
10 44
10 15
10 32
10 13
10 20
26
11 2
11 3
11 19
11 29
11 24
11 14
11 38
11 41
11 5
11 27
11 16
11 8
11 4
11 10
11 17
11 40
11 46
11 9
11 43
11 25
11 1
11 23
11 37
11 26
11 47
11 12
20
12 15
12 33
12 23
12 6
12 46
12 34
12 18
12 38
12 43
12 5
12 26
12 13
12 19
12 10
12 37
12 24
12 39
12 40
12 0
12 30
21
13 30
13 16
13 11
13 34
13 44
13 29
13 24
13 20
13 17
13 15
13 32
13 2
13 37
13 23
13 21
13 26
13 25
13 27
13 19
13 43
13 46
23
14 1
14 20
14 47
14 7
14 42
14 13
14 22
14 3
14 35
14 31
14 39
14 0
14 44
14 33
14 29
14 32
14 26
14 48
14 18
14 28
14 36
14 21
14 27
15
15 38
15 19
15 18
15 33
15 35
15 20
15 41
15 29
15 27
15 40
15 24
15 34
15 42
15 30
15 0
20
16 46
16 42
16 34
16 23
16 32
16 3
16 19
16 26
16 33
16 1
16 15
16 5
16 39
16 29
16 27
16 8
16 48
16 35
16 25
16 41
17
17 6
17 12
17 1
17 14
17 31
17 48
17 41
17 33
17 22
17 28
17 46
17 15
17 7
17 43
17 18
17 37
17 16
18
18 23
18 30
18 10
18 11
18 22
18 1
18 46
18 35
18 34
18 21
18 25
18 45
18 5
18 19
18 49
18 0
18 42
18 29
22
19 5
19 2
19 37
19 6
19 35
19 23
19 9
19 10
19 33
19 24
19 46
19 43
19 38
19 27
19 49
19 14
19 17
19 29
19 21
19 0
19 31
19 26
19
20 11
20 32
20 41
20 18
20 42
20 33
20 22
20 23
20 26
20 3
20 0
20 47
20 29
20 45
20 12
20 8
20 17
20 39
20 44
22
21 29
21 41
21 22
21 46
21 15
21 49
21 9
21 27
21 31
21 24
21 40
21 34
21 20
21 11
21 32
21 42
21 17
21 12
21 5
21 43
21 30
21 25
24
22 19
22 11
22 23
22 10
22 38
22 6
22 41
22 27
22 40
22 45
22 13
22 34
22 7
22 32
22 12
22 8
22 15
22 31
22 29
22 2
22 39
22 46
22 44
22 1
21
23 17
23 39
23 26
23 29
23 38
23 2
23 45
23 34
23 1
23 0
23 37
23 4
23 40
23 25
23 9
23 15
23 14
23 24
23 33
23 31
23 5
27
24 36
24 48
24 34
24 9
24 40
24 49
24 17
24 2
24 7
24 41
24 14
24 46
24 47
24 16
24 43
24 26
24 22
24 30
24 18
24 28
24 20
24 3
24 4
24 45
24 25
24 37
24 44
15
25 30
25 29
25 33
25 45
25 17
25 12
25 4
25 42
25 32
25 20
25 28
25 1
25 39
25 38
25 40
19
26 41
26 17
26 2
26 40
26 22
26 31
26 21
26 42
26 8
26 3
26 32
26 33
26 36
26 30
26 6
26 49
26 5
26 25
26 38
21
27 4
27 45
27 3
27 26
27 40
27 9
27 24
27 18
27 25
27 34
27 5
27 6
27 43
27 37
27 30
27 7
27 38
27 33
27 17
27 28
27 23
17
28 26
28 46
28 7
28 18
28 12
28 3
28 33
28 23
28 13
28 15
28 31
28 16
28 44
28 8
28 45
28 2
28 11
17
29 32
29 48
29 47
29 37
29 6
29 12
29 33
29 27
29 28
29 41
29 30
29 34
29 45
29 0
29 35
29 24
29 46
14
30 47
30 38
30 19
30 9
30 11
30 1
30 0
30 4
30 35
30 28
30 23
30 37
30 36
30 2
29
31 39
31 12
31 37
31 42
31 8
31 32
31 10
31 40
31 13
31 24
31 33
31 5
31 36
31 27
31 25
31 35
31 43
31 15
31 7
31 20
31 6
31 34
31 45
31 49
31 2
31 44
31 47
31 16
31 9
11
32 0
32 6
32 8
32 24
32 15
32 36
32 27
32 18
32 1
32 19
32 28
13
33 10
33 30
33 36
33 34
33 13
33 4
33 49
33 21
33 42
33 0
33 8
33 3
33 48
20
34 25
34 8
34 36
34 6
34 38
34 32
34 7
34 40
34 19
34 1
34 49
34 47
34 28
34 20
34 48
34 3
34 46
34 26
34 17
34 4
11
35 23
35 22
35 34
35 27
35 13
35 20
35 25
35 26
35 5
35 10
35 3
23
36 47
36 6
36 5
36 13
36 49
36 12
36 16
36 35
36 37
36 15
36 10
36 25
36 41
36 19
36 43
36 23
36 3
36 17
36 11
36 2
36 1
36 39
36 48
21
37 47
37 28
37 14
37 8
37 32
37 48
37 26
37 21
37 44
37 34
37 3
37 38
37 20
37 43
37 41
37 49
37 33
37 25
37 39
37 35
37 10
19
38 39
38 7
38 14
38 29
38 0
38 32
38 21
38 41
38 18
38 13
38 16
38 17
38 5
38 3
38 2
38 36
38 44
38 31
38 33
20
39 27
39 13
39 6
39 8
39 28
39 44
39 24
39 29
39 7
39 34
39 26
39 32
39 3
39 41
39 48
39 30
39 49
39 42
39 35
39 43
16
40 5
40 48
40 29
40 18
40 35
40 2
40 37
40 3
40 33
40 30
40 0
40 20
40 19
40 10
40 45
40 17
22
41 8
41 33
41 25
41 7
41 27
41 13
41 40
41 28
41 45
41 48
41 35
41 43
41 3
41 44
41 34
41 14
41 46
41 10
41 18
41 47
41 49
41 19
24
42 45
42 23
42 9
42 17
42 27
42 47
42 41
42 7
42 49
42 30
42 11
42 22
42 38
42 34
42 48
42 32
42 28
42 19
42 1
42 13
42 4
42 46
42 37
42 6
22
43 49
43 3
43 32
43 22
43 15
43 25
43 34
43 16
43 20
43 40
43 26
43 23
43 28
43 9
43 44
43 8
43 14
43 7
43 33
43 18
43 10
43 1
15
44 17
44 11
44 18
44 34
44 32
44 12
44 30
44 42
44 40
44 23
44 29
44 15
44 27
44 16
44 8
21
45 33
45 39
45 47
45 12
45 49
45 17
45 8
45 36
45 26
45 11
45 38
45 35
45 16
45 37
45 15
45 32
45 14
45 19
45 4
45 46
45 7
19
46 1
46 31
46 47
46 7
46 36
46 2
46 35
46 8
46 39
46 10
46 15
46 38
46 6
46 23
46 9
46 33
46 37
46 27
46 14
20
47 40
47 44
47 13
47 22
47 43
47 15
47 28
47 5
47 19
47 39
47 8
47 26
47 23
47 27
47 2
47 21
47 18
47 17
47 48
47 49
15
48 25
48 44
48 11
48 49
48 6
48 30
48 28
48 21
48 31
48 15
48 19
48 22
48 5
48 20
48 13
20
49 16
49 7
49 6
49 27
49 13
49 44
49 46
49 22
49 3
49 10
49 38
49 12
49 5
49 15
49 20
49 32
49 35
49 17
49 11
49 25
