50
0 "A2"
1 "A24"
2 "A49"
3 "A1"
4 "A42"
5 "A46"
6 "A33"
7 "A21"
8 "A32"
9 "A38"
10 "A7"
11 "A41"
12 "A30"
13 "A19"
14 "A45"
15 "A25"
16 "A3"
17 "A8"
18 "A43"
19 "A18"
20 "A17"
21 "A37"
22 "A26"
23 "A11"
24 "A0"
25 "A14"
26 "A12"
27 "A36"
28 "A4"
29 "A34"
30 "A23"
31 "A22"
32 "A48"
33 "A40"
34 "A9"
35 "A5"
36 "A16"
37 "A47"
38 "A15"
39 "A35"
40 "A13"
41 "A20"
42 "A10"
43 "A39"
44 "A31"
45 "A29"
46 "A28"
47 "A27"
48 "A6"
49 "A44"
22
0 18
0 28
0 32
0 19
0 20
0 14
0 29
0 27
0 8
0 33
0 7
0 22
0 31
0 44
0 23
0 1
0 10
0 34
0 13
0 26
0 40
0 11
22
1 44
1 32
1 10
1 12
1 5
1 40
1 21
1 15
1 39
1 48
1 28
1 47
1 8
1 43
1 20
1 29
1 42
1 23
1 11
1 41
1 9
1 25
18
2 22
2 38
2 4
2 0
2 43
2 35
2 21
2 5
2 20
2 48
2 8
2 25
2 45
2 17
2 13
2 49
2 26
2 34
23
3 11
3 43
3 13
3 41
3 39
3 26
3 23
3 19
3 36
3 46
3 12
3 6
3 21
3 27
3 48
3 28
3 14
3 8
3 31
3 40
3 10
3 16
3 2
23
4 6
4 14
4 3
4 39
4 16
4 47
4 13
4 5
4 9
4 21
4 20
4 0
4 17
4 33
4 11
4 24
4 34
4 19
4 15
4 35
4 42
4 49
4 43
22
5 29
5 43
5 16
5 0
5 46
5 21
5 37
5 36
5 33
5 41
5 34
5 17
5 42
5 32
5 49
5 23
5 19
5 39
5 35
5 45
5 6
5 44
26
6 29
6 13
6 27
6 1
6 45
6 17
6 20
6 11
6 38
6 9
6 2
6 43
6 40
6 49
6 8
6 35
6 0
6 19
6 36
6 46
6 15
6 18
6 22
6 10
6 31
6 24
19
7 18
7 35
7 6
7 5
7 12
7 32
7 9
7 2
7 31
7 48
7 21
7 4
7 38
7 19
7 8
7 24
7 40
7 46
7 15
18
8 33
8 24
8 25
8 17
8 14
8 40
8 5
8 41
8 38
8 19
8 36
8 9
8 45
8 18
8 13
8 15
8 29
8 46
18
9 11
9 12
9 3
9 46
9 22
9 34
9 21
9 18
9 32
9 30
9 35
9 20
9 23
9 19
9 10
9 43
9 2
9 0
22
10 41
10 7
10 46
10 23
10 8
10 21
10 47
10 29
10 34
10 40
10 27
10 32
10 4
10 39
10 20
10 35
10 26
10 24
10 16
10 15
10 13
10 17
17
11 10
11 18
11 41
11 25
11 23
11 12
11 31
11 7
11 26
11 27
11 5
11 44
11 43
11 39
11 2
11 48
11 20
25
12 10
12 39
12 28
12 21
12 0
12 32
12 33
12 44
12 20
12 19
12 6
12 31
12 35
12 47
12 34
12 2
12 15
12 4
12 46
12 41
12 13
12 5
12 49
12 18
12 25
19
13 39
13 25
13 11
13 18
13 44
13 43
13 28
13 38
13 35
13 15
13 5
13 16
13 19
13 22
13 23
13 46
13 42
13 9
13 30
20
14 1
14 39
14 11
14 17
14 22
14 35
14 40
14 36
14 9
14 5
14 6
14 23
14 20
14 30
14 27
14 13
14 28
14 25
14 12
14 18
14
15 28
15 43
15 5
15 26
15 0
15 49
15 25
15 39
15 41
15 9
15 11
15 33
15 2
15 3
24
16 25
16 1
16 32
16 41
16 14
16 9
16 45
16 8
16 42
16 0
16 36
16 33
16 35
16 48
16 11
16 24
16 46
16 21
16 38
16 7
16 17
16 6
16 37
16 29
15
17 13
17 39
17 35
17 7
17 23
17 40
17 42
17 19
17 3
17 49
17 24
17 1
17 12
17 41
17 11
20
18 45
18 41
18 32
18 3
18 5
18 17
18 21
18 43
18 39
18 16
18 22
18 31
18 34
18 4
18 2
18 40
18 1
18 23
18 36
18 15
15
19 35
19 2
19 28
19 48
19 36
19 34
19 42
19 30
19 23
19 32
19 18
19 14
19 45
19 10
19 1
16
20 17
20 3
20 30
20 23
20 15
20 16
20 21
20 8
20 39
20 35
20 40
20 5
20 7
20 49
20 13
20 34
12
21 43
21 15
21 35
21 24
21 44
21 19
21 11
21 38
21 22
21 45
21 6
21 47
18
22 46
22 11
22 33
22 41
22 12
22 10
22 7
22 36
22 1
22 17
22 20
22 43
22 24
22 5
22 25
22 26
22 16
22 37
16
23 15
23 7
23 42
23 48
23 34
23 30
23 16
23 49
23 31
23 12
23 28
23 43
23 4
23 27
23 21
23 8
23
24 1
24 30
24 12
24 27
24 45
24 46
24 26
24 0
24 25
24 19
24 3
24 23
24 48
24 14
24 29
24 35
24 5
24 37
24 18
24 33
24 9
24 13
24 2
18
25 9
25 35
25 36
25 38
25 6
25 7
25 37
25 4
25 28
25 48
25 18
25 20
25 26
25 31
25 45
25 19
25 0
25 3
20
26 43
26 23
26 47
26 6
26 7
26 21
26 19
26 13
26 12
26 34
26 1
26 30
26 36
26 31
26 14
26 42
26 9
26 46
26 4
26 17
21
27 40
27 36
27 38
27 26
27 15
27 16
27 19
27 28
27 1
27 22
27 8
27 9
27 25
27 42
27 2
27 47
27 13
27 30
27 7
27 5
27 18
17
28 20
28 22
28 39
28 9
28 35
28 46
28 21
28 43
28 29
28 4
28 10
28 24
28 31
28 18
28 47
28 7
28 36
18
29 49
29 25
29 48
29 15
29 26
29 19
29 2
29 27
29 37
29 31
29 18
29 23
29 46
29 20
29 33
29 45
29 7
29 3
24
30 39
30 28
30 6
30 40
30 32
30 21
30 15
30 37
30 5
30 29
30 3
30 11
30 22
30 38
30 1
30 42
30 46
30 16
30 4
30 2
30 7
30 41
30 17
30 0
21
31 2
31 16
31 41
31 15
31 44
31 8
31 40
31 1
31 19
31 32
31 4
31 5
31 24
31 13
31 43
31 22
31 21
31 37
31 20
31 42
31 47
18
32 8
32 47
32 17
32 39
32 27
32 14
32 23
32 6
32 33
32 34
32 21
32 43
32 4
32 29
32 49
32 22
32 41
32 37
15
33 7
33 26
33 6
33 27
33 28
33 46
33 2
33 3
33 13
33 9
33 41
33 35
33 36
33 25
33 40
24
34 39
34 27
34 47
34 22
34 36
34 30
34 33
34 16
34 25
34 37
34 17
34 41
34 21
34 14
34 11
34 44
34 6
34 28
34 13
34 8
34 3
34 29
34 7
34 46
11
35 48
35 18
35 3
35 23
35 8
35 11
35 26
35 22
35 27
35 47
35 34
20
36 15
36 21
36 30
36 9
36 38
36 32
36 2
36 20
36 44
36 39
36 29
36 17
36 11
36 1
36 31
36 13
36 12
36 24
36 43
36 0
22
37 35
37 14
37 38
37 9
37 46
37 0
37 6
37 33
37 7
37 2
37 21
37 13
37 11
37 1
37 43
37 44
37 47
37 26
37 17
37 41
37 4
37 18
20
38 29
38 19
38 12
38 9
38 10
38 15
38 5
38 24
38 23
38 28
38 22
38 26
38 33
38 41
38 14
38 17
38 43
38 34
38 46
38 35
17
39 6
39 2
39 0
39 31
39 46
39 23
39 49
39 43
39 19
39 29
39 27
39 42
39 9
39 38
39 24
39 26
39 25
27
40 16
40 49
40 4
40 23
40 36
40 38
40 39
40 11
40 2
40 26
40 9
40 35
40 37
40 24
40 5
40 48
40 41
40 32
40 12
40 45
40 21
40 15
40 13
40 44
40 25
40 43
40 42
20
41 39
41 6
41 36
41 35
41 2
41 44
41 19
41 29
41 13
41 48
41 20
41 26
41 21
41 28
41 25
41 23
41 42
41 7
41 27
41 45
19
42 29
42 2
42 49
42 25
42 24
42 37
42 10
42 28
42 38
42 14
42 0
42 34
42 33
42 11
42 46
42 18
42 21
42 32
42 20
16
43 27
43 10
43 30
43 42
43 17
43 49
43 24
43 29
43 46
43 8
43 34
43 35
43 19
43 45
43 7
43 25
22
44 42
44 49
44 46
44 24
44 15
44 28
44 19
44 43
44 2
44 25
44 29
44 32
44 38
44 39
44 7
44 8
44 20
44 3
44 22
44 35
44 14
44 4
22
45 9
45 42
45 11
45 39
45 34
45 48
45 36
45 37
45 10
45 30
45 23
45 20
45 4
45 26
45 3
45 28
45 31
45 12
45 33
45 7
45 22
45 0
20
46 23
46 49
46 40
46 2
46 17
46 11
46 20
46 47
46 36
46 31
46 15
46 32
46 35
46 25
46 4
46 27
46 21
46 45
46 18
46 41
24
47 5
47 29
47 23
47 6
47 20
47 9
47 49
47 7
47 41
47 22
47 17
47 18
47 38
47 19
47 24
47 13
47 33
47 2
47 11
47 30
47 3
47 39
47 42
47 15
23
48 36
48 46
48 31
48 42
48 12
48 39
48 30
48 49
48 47
48 0
48 20
48 4
48 33
48 44
48 21
48 9
48 28
48 10
48 14
48 37
48 6
48 18
48 43
14
49 18
49 34
49 22
49 41
49 0
49 38
49 21
49 11
49 9
49 28
49 8
49 45
49 36
49 13
