50
0 "A2"
1 "A24"
2 "A49"
3 "A1"
4 "A42"
5 "A46"
6 "A33"
7 "A21"
8 "A32"
9 "A38"
10 "A7"
11 "A41"
12 "A30"
13 "A19"
14 "A45"
15 "A25"
16 "A3"
17 "A8"
18 "A43"
19 "A18"
20 "A17"
21 "A37"
22 "A26"
23 "A11"
24 "A0"
25 "A14"
26 "A12"
27 "A36"
28 "A4"
29 "A34"
30 "A23"
31 "A22"
32 "A48"
33 "A40"
34 "A9"
35 "A5"
36 "A16"
37 "A47"
38 "A15"
39 "A35"
40 "A13"
41 "A20"
42 "A10"
43 "A39"
44 "A31"
45 "A29"
46 "A28"
47 "A27"
48 "A6"
49 "A44"
17
0 6
0 13
0 12
0 23
0 28
0 44
0 16
0 47
0 46
0 24
0 26
0 10
0 48
0 41
0 4
0 34
0 35
23
1 25
1 6
1 9
1 21
1 40
1 45
1 24
1 18
1 47
1 4
1 34
1 26
1 2
1 39
1 46
1 35
1 37
1 14
1 10
1 27
1 30
1 3
1 23
19
2 31
2 15
2 26
2 24
2 12
2 46
2 36
2 44
2 38
2 13
2 20
2 40
2 0
2 19
2 47
2 28
2 33
2 30
2 6
24
3 22
3 20
3 37
3 46
3 32
3 49
3 42
3 16
3 38
3 40
3 23
3 44
3 24
3 9
3 21
3 27
3 17
3 8
3 2
3 7
3 6
3 11
3 14
3 10
19
4 34
4 40
4 23
4 15
4 7
4 6
4 13
4 38
4 17
4 11
4 28
4 22
4 14
4 36
4 19
4 27
4 39
4 2
4 9
21
5 38
5 3
5 19
5 43
5 23
5 7
5 41
5 16
5 6
5 2
5 48
5 29
5 9
5 47
5 39
5 4
5 30
5 17
5 32
5 36
5 26
16
6 13
6 20
6 49
6 37
6 42
6 29
6 36
6 38
6 28
6 11
6 46
6 8
6 44
6 10
6 48
6 21
24
7 24
7 9
7 0
7 22
7 47
7 48
7 13
7 23
7 49
7 28
7 32
7 46
7 19
7 2
7 36
7 30
7 14
7 39
7 21
7 10
7 26
7 25
7 1
7 20
14
8 34
8 49
8 44
8 31
8 21
8 43
8 4
8 1
8 41
8 14
8 16
8 17
8 0
8 33
19
9 10
9 6
9 35
9 38
9 21
9 8
9 14
9 33
9 36
9 42
9 49
9 2
9 22
9 24
9 0
9 39
9 37
9 30
9 20
15
10 12
10 26
10 43
10 30
10 5
10 8
10 32
10 31
10 11
10 2
10 40
10 39
10 13
10 35
10 46
21
11 5
11 22
11 0
11 14
11 17
11 49
11 37
11 34
11 44
11 7
11 1
11 2
11 35
11 20
11 21
11 36
11 9
11 46
11 28
11 26
11 13
17
12 37
12 4
12 5
12 26
12 25
12 22
12 38
12 23
12 6
12 32
12 29
12 9
12 20
12 8
12 3
12 1
12 13
22
13 47
13 25
13 48
13 21
13 29
13 3
13 41
13 31
13 9
13 28
13 19
13 45
13 40
13 5
13 33
13 8
13 39
13 17
13 20
13 1
13 32
13 34
18
14 35
14 5
14 37
14 47
14 17
14 28
14 48
14 29
14 0
14 39
14 18
14 38
14 2
14 30
14 20
14 23
14 10
14 6
24
15 12
15 1
15 30
15 11
15 41
15 34
15 26
15 5
15 9
15 48
15 49
15 19
15 20
15 35
15 7
15 32
15 33
15 28
15 29
15 3
15 31
15 0
15 38
15 18
17
16 12
16 23
16 15
16 31
16 46
16 33
16 14
16 10
16 7
16 6
16 43
16 25
16 27
16 37
16 20
16 28
16 4
23
17 23
17 44
17 16
17 26
17 40
17 7
17 37
17 30
17 21
17 35
17 29
17 31
17 41
17 49
17 10
17 48
17 9
17 18
17 42
17 27
17 19
17 32
17 6
21
18 37
18 22
18 20
18 42
18 38
18 41
18 4
18 11
18 13
18 40
18 26
18 49
18 29
18 6
18 9
18 3
18 7
18 19
18 16
18 12
18 10
22
19 49
19 25
19 31
19 27
19 43
19 35
19 24
19 3
19 11
19 33
19 45
19 12
19 42
19 48
19 0
19 32
19 40
19 8
19 26
19 1
19 34
19 20
15
20 36
20 37
20 28
20 46
20 29
20 8
20 0
20 10
20 1
20 43
20 41
20 4
20 34
20 31
20 23
19
21 15
21 28
21 44
21 27
21 39
21 5
21 49
21 25
21 12
21 47
21 33
21 30
21 38
21 20
21 4
21 48
21 42
21 18
21 45
21
22 15
22 29
22 38
22 30
22 21
22 48
22 17
22 6
22 1
22 0
22 19
22 24
22 13
22 31
22 39
22 49
22 5
22 2
22 20
22 10
22 23
21
23 18
23 44
23 9
23 42
23 10
23 28
23 29
23 6
23 33
23 34
23 19
23 46
23 21
23 24
23 40
23 2
23 13
23 26
23 32
23 15
23 36
24
24 4
24 8
24 16
24 11
24 47
24 6
24 34
24 36
24 48
24 35
24 29
24 13
24 44
24 21
24 28
24 40
24 10
24 30
24 18
24 27
24 14
24 45
24 20
24 17
19
25 28
25 47
25 14
25 24
25 9
25 20
25 18
25 43
25 29
25 34
25 22
25 8
25 0
25 45
25 40
25 48
25 10
25 3
25 6
17
26 34
26 25
26 40
26 32
26 4
26 20
26 21
26 31
26 14
26 8
26 30
26 13
26 35
26 16
26 24
26 6
26 41
23
27 13
27 6
27 26
27 23
27 33
27 5
27 2
27 12
27 28
27 0
27 34
27 7
27 11
27 25
27 31
27 49
27 10
27 9
27 8
27 35
27 22
27 15
27 42
17
28 1
28 44
28 42
28 33
28 19
28 47
28 17
28 43
28 39
28 31
28 10
28 9
28 48
28 26
28 18
28 40
28 3
22
29 26
29 11
29 45
29 38
29 4
29 27
29 21
29 8
29 0
29 33
29 30
29 28
29 9
29 49
29 44
29 31
29 16
29 48
29 10
29 36
29 34
29 3
20
30 37
30 6
30 46
30 19
30 45
30 4
30 44
30 3
30 0
30 23
30 12
30 18
30 20
30 32
30 13
30 16
30 40
30 39
30 25
30 34
21
31 3
31 30
31 21
31 36
31 43
31 5
31 32
31 1
31 35
31 34
31 42
31 14
31 24
31 7
31 45
31 12
31 23
31 6
31 46
31 18
31 38
16
32 9
32 8
32 21
32 1
32 36
32 6
32 14
32 37
32 20
32 25
32 40
32 16
32 0
32 39
32 11
32 4
17
33 41
33 32
33 31
33 7
33 24
33 25
33 17
33 18
33 11
33 22
33 47
33 46
33 0
33 14
33 3
33 12
33 20
19
34 21
34 39
34 47
34 17
34 33
34 32
34 46
34 6
34 12
34 22
34 49
34 10
34 18
34 45
34 14
34 28
34 41
34 9
34 36
21
35 5
35 3
35 18
35 48
35 34
35 29
35 46
35 6
35 41
35 13
35 43
35 21
35 16
35 38
35 32
35 20
35 7
35 28
35 33
35 23
35 37
20
36 26
36 22
36 21
36 13
36 15
36 0
36 1
36 35
36 19
36 8
36 38
36 46
36 41
36 3
36 45
36 12
36 42
36 14
36 25
36 30
16
37 27
37 42
37 22
37 7
37 8
37 23
37 31
37 33
37 36
37 49
37 29
37 0
37 2
37 41
37 24
37 10
13
38 19
38 48
38 10
38 37
38 17
38 24
38 27
38 33
38 20
38 46
38 43
38 26
38 7
17
39 26
39 15
39 37
39 46
39 45
39 3
39 31
39 29
39 20
39 17
39 0
39 47
39 11
39 35
39 38
39 23
39 27
18
40 36
40 21
40 27
40 39
40 22
40 42
40 0
40 7
40 14
40 9
40 29
40 20
40 41
40 33
40 34
40 37
40 38
40 8
23
41 29
41 39
41 49
41 24
41 2
41 9
41 22
41 44
41 38
41 7
41 30
41 31
41 45
41 21
41 14
41 25
41 11
41 46
41 10
41 43
41 6
41 4
41 16
22
42 2
42 39
42 46
42 20
42 4
42 32
42 30
42 45
42 47
42 12
42 5
42 14
42 7
42 48
42 11
42 16
42 34
42 29
42 22
42 35
42 43
42 1
21
43 23
43 33
43 34
43 0
43 7
43 2
43 18
43 29
43 6
43 13
43 37
43 9
43 22
43 40
43 30
43 49
43 12
43 4
43 32
43 39
43 21
25
44 33
44 38
44 25
44 22
44 20
44 26
44 18
44 19
44 15
44 36
44 10
44 34
44 13
44 40
44 14
44 43
44 9
44 12
44 47
44 31
44 5
44 39
44 7
44 32
44 4
21
45 16
45 43
45 47
45 4
45 38
45 6
45 22
45 10
45 8
45 33
45 7
45 14
45 44
45 3
45 18
45 15
45 26
45 17
45 0
45 5
45 11
23
46 28
46 13
46 37
46 27
46 12
46 5
46 44
46 4
46 8
46 19
46 14
46 40
46 25
46 26
46 32
46 17
46 9
46 47
46 29
46 15
46 43
46 22
46 48
19
47 29
47 9
47 31
47 3
47 38
47 16
47 40
47 35
47 12
47 18
47 37
47 27
47 15
47 6
47 41
47 17
47 49
47 48
47 43
20
48 4
48 37
48 43
48 33
48 36
48 16
48 31
48 8
48 40
48 11
48 1
48 20
48 44
48 9
48 2
48 30
48 39
48 45
48 3
48 10
14
49 10
49 24
49 16
49 13
49 31
49 45
49 20
49 33
49 12
49 35
49 36
49 48
49 32
49 39
