50
0 "A2"
1 "A24"
2 "A49"
3 "A1"
4 "A42"
5 "A46"
6 "A33"
7 "A21"
8 "A32"
9 "A38"
10 "A7"
11 "A41"
12 "A30"
13 "A19"
14 "A45"
15 "A25"
16 "A3"
17 "A8"
18 "A43"
19 "A18"
20 "A17"
21 "A37"
22 "A26"
23 "A11"
24 "A0"
25 "A14"
26 "A12"
27 "A36"
28 "A4"
29 "A34"
30 "A23"
31 "A22"
32 "A48"
33 "A40"
34 "A9"
35 "A5"
36 "A16"
37 "A47"
38 "A15"
39 "A35"
40 "A13"
41 "A20"
42 "A10"
43 "A39"
44 "A31"
45 "A29"
46 "A28"
47 "A27"
48 "A6"
49 "A44"
19
0 2
0 10
0 15
0 17
0 1
0 19
0 4
0 29
0 11
0 38
0 28
0 42
0 22
0 33
0 39
0 23
0 13
0 31
0 37
24
1 29
1 25
1 39
1 32
1 24
1 34
1 11
1 9
1 30
1 17
1 47
1 21
1 2
1 12
1 7
1 46
1 41
1 49
1 28
1 20
1 43
1 4
1 18
1 15
21
2 7
2 25
2 48
2 6
2 37
2 45
2 5
2 4
2 33
2 9
2 49
2 41
2 39
2 42
2 29
2 11
2 35
2 32
2 19
2 10
2 40
16
3 20
3 22
3 39
3 45
3 1
3 33
3 24
3 13
3 8
3 0
3 7
3 14
3 40
3 17
3 28
3 44
16
4 20
4 10
4 31
4 41
4 43
4 6
4 36
4 49
4 8
4 14
4 28
4 37
4 23
4 5
4 3
4 30
19
5 10
5 40
5 28
5 12
5 47
5 48
5 11
5 6
5 27
5 45
5 13
5 42
5 25
5 26
5 0
5 8
5 15
5 3
5 16
21
6 0
6 12
6 18
6 29
6 34
6 42
6 39
6 3
6 43
6 48
6 41
6 1
6 38
6 37
6 23
6 31
6 47
6 36
6 30
6 24
6 33
18
7 29
7 12
7 27
7 13
7 33
7 25
7 18
7 4
7 40
7 44
7 28
7 43
7 45
7 47
7 5
7 31
7 30
7 15
20
8 13
8 33
8 19
8 2
8 14
8 15
8 31
8 16
8 20
8 10
8 21
8 6
8 40
8 17
8 9
8 38
8 1
8 45
8 30
8 36
20
9 34
9 49
9 23
9 31
9 7
9 33
9 41
9 45
9 37
9 11
9 29
9 0
9 13
9 26
9 16
9 21
9 20
9 42
9 43
9 27
18
10 19
10 16
10 6
10 15
10 34
10 32
10 11
10 13
10 49
10 17
10 21
10 47
10 44
10 37
10 42
10 27
10 25
10 35
16
11 21
11 42
11 34
11 44
11 28
11 46
11 15
11 27
11 31
11 47
11 49
11 38
11 36
11 19
11 18
11 33
15
12 49
12 11
12 47
12 26
12 37
12 4
12 42
12 8
12 9
12 19
12 27
12 38
12 46
12 2
12 3
23
13 12
13 43
13 23
13 33
13 49
13 48
13 15
13 34
13 20
13 44
13 2
13 46
13 36
13 35
13 45
13 6
13 31
13 32
13 1
13 18
13 27
13 22
13 11
20
14 9
14 17
14 47
14 16
14 28
14 7
14 5
14 25
14 11
14 13
14 42
14 12
14 23
14 6
14 32
14 34
14 0
14 48
14 41
14 24
25
15 41
15 6
15 12
15 23
15 34
15 27
15 9
15 20
15 14
15 29
15 16
15 44
15 35
15 4
15 49
15 3
15 38
15 19
15 17
15 30
15 42
15 47
15 2
15 24
15 26
19
16 24
16 20
16 12
16 6
16 27
16 40
16 13
16 22
16 34
16 2
16 17
16 11
16 7
16 45
16 39
16 46
16 48
16 1
16 21
21
17 24
17 35
17 26
17 12
17 7
17 9
17 30
17 22
17 41
17 19
17 5
17 4
17 39
17 45
17 27
17 32
17 49
17 43
17 20
17 40
17 18
16
18 32
18 43
18 30
18 14
18 26
18 12
18 31
18 37
18 15
18 16
18 49
18 4
18 0
18 46
18 25
18 9
24
19 14
19 16
19 4
19 42
19 39
19 13
19 26
19 20
19 49
19 1
19 34
19 3
19 38
19 7
19 40
19 28
19 5
19 48
19 23
19 9
19 43
19 45
19 41
19 44
21
20 12
20 23
20 45
20 14
20 32
20 47
20 10
20 5
20 7
20 40
20 22
20 41
20 6
20 34
20 18
20 28
20 49
20 30
20 35
20 33
20 25
24
21 0
21 14
21 35
21 20
21 24
21 18
21 13
21 26
21 12
21 46
21 27
21 7
21 17
21 6
21 40
21 43
21 48
21 39
21 36
21 34
21 49
21 32
21 29
21 15
19
22 23
22 25
22 7
22 8
22 21
22 43
22 10
22 45
22 41
22 36
22 24
22 37
22 18
22 5
22 30
22 40
22 11
22 46
22 9
18
23 49
23 46
23 10
23 44
23 28
23 3
23 1
23 18
23 26
23 47
23 21
23 12
23 11
23 33
23 31
23 8
23 2
23 36
18
24 9
24 20
24 42
24 2
24 8
24 31
24 30
24 13
24 11
24 12
24 44
24 34
24 41
24 33
24 10
24 23
24 37
24 18
24
25 0
25 47
25 17
25 39
25 4
25 42
25 26
25 45
25 24
25 41
25 8
25 34
25 29
25 35
25 33
25 12
25 21
25 16
25 23
25 38
25 44
25 43
25 19
25 11
25
26 0
26 31
26 47
26 7
26 4
26 3
26 48
26 44
26 24
26 37
26 40
26 41
26 28
26 33
26 43
26 2
26 20
26 39
26 11
26 14
26 45
26 6
26 13
26 34
26 8
21
27 41
27 32
27 18
27 1
27 25
27 22
27 3
27 47
27 24
27 33
27 6
27 46
27 28
27 31
27 0
27 23
27 36
27 8
27 49
27 14
27 30
18
28 48
28 37
28 9
28 17
28 30
28 47
28 46
28 22
28 24
28 25
28 45
28 2
28 41
28 43
28 18
28 15
28 8
28 12
19
29 8
29 3
29 34
29 26
29 10
29 5
29 12
29 45
29 43
29 11
29 17
29 18
29 16
29 30
29 35
29 32
29 36
29 14
29 19
21
30 10
30 25
30 9
30 23
30 47
30 21
30 45
30 42
30 11
30 35
30 32
30 5
30 14
30 19
30 44
30 3
30 16
30 38
30 46
30 40
30 26
20
31 1
31 16
31 29
31 39
31 44
31 34
31 17
31 2
31 20
31 46
31 32
31 22
31 45
31 15
31 35
31 47
31 28
31 21
31 19
31 41
21
32 40
32 0
32 12
32 16
32 36
32 42
32 47
32 6
32 8
32 28
32 19
32 25
32 49
32 9
32 26
32 3
32 15
32 43
32 5
32 24
32 44
16
33 34
33 43
33 21
33 30
33 37
33 14
33 35
33 10
33 31
33 15
33 32
33 5
33 22
33 44
33 46
33 38
18
34 27
34 2
34 22
34 3
34 5
34 42
34 7
34 49
34 23
34 48
34 12
34 0
34 38
34 4
34 8
34 18
34 44
34 43
21
35 5
35 32
35 45
35 4
35 47
35 0
35 12
35 37
35 48
35 43
35 36
35 3
35 26
35 46
35 39
35 34
35 16
35 8
35 14
35 19
35 6
19
36 25
36 47
36 7
36 12
36 19
36 24
36 3
36 2
36 37
36 17
36 15
36 46
36 48
36 42
36 34
36 14
36 39
36 41
36 5
18
37 15
37 48
37 3
37 14
37 45
37 20
37 7
37 43
37 25
37 5
37 32
37 38
37 44
37 42
37 19
37 27
37 34
37 29
24
38 39
38 21
38 27
38 23
38 7
38 28
38 44
38 13
38 49
38 24
38 2
38 18
38 35
38 48
38 17
38 20
38 40
38 16
38 36
38 29
38 14
38 22
38 5
38 3
20
39 37
39 34
39 22
39 27
39 20
39 10
39 42
39 11
39 29
39 4
39 12
39 41
39 5
39 14
39 7
39 30
39 48
39 13
39 32
39 28
19
40 4
40 36
40 42
40 45
40 44
40 43
40 13
40 6
40 11
40 12
40 0
40 10
40 31
40 37
40 28
40 23
40 24
40 39
40 15
15
41 7
41 10
41 35
41 11
41 5
41 40
41 43
41 0
41 34
41 18
41 37
41 33
41 29
41 21
41 30
18
42 31
42 18
42 35
42 33
42 17
42 38
42 7
42 28
42 20
42 3
42 13
42 4
42 22
42 46
42 8
42 41
42 1
42 23
17
43 0
43 10
43 8
43 31
43 14
43 15
43 12
43 46
43 48
43 5
43 36
43 3
43 23
43 24
43 27
43 39
43 38
21
44 21
44 8
44 42
44 6
44 12
44 14
44 16
44 22
44 2
44 4
44 9
44 45
44 18
44 49
44 39
44 1
44 29
44 35
44 47
44 5
44 0
20
45 4
45 36
45 39
45 12
45 18
45 6
45 41
45 32
45 27
45 47
45 11
45 38
45 34
45 15
45 21
45 10
45 23
45 42
45 0
45 49
22
46 5
46 7
46 9
46 10
46 2
46 44
46 45
46 25
46 8
46 38
46 26
46 17
46 6
46 3
46 14
46 29
46 41
46 19
46 48
46 15
46 34
46 0
16
47 40
47 18
47 37
47 39
47 9
47 21
47 16
47 49
47 34
47 38
47 0
47 22
47 4
47 13
47 3
47 41
20
48 11
48 12
48 31
48 1
48 45
48 3
48 29
48 44
48 25
48 49
48 47
48 27
48 41
48 20
48 15
48 4
48 18
48 40
48 7
48 8
16
49 7
49 42
49 40
49 8
49 29
49 46
49 35
49 25
49 22
49 3
49 43
49 30
49 24
49 41
49 28
49 0
