50
0 "A2"
1 "A24"
2 "A49"
3 "A1"
4 "A42"
5 "A46"
6 "A33"
7 "A21"
8 "A32"
9 "A38"
10 "A7"
11 "A41"
12 "A30"
13 "A19"
14 "A45"
15 "A25"
16 "A3"
17 "A8"
18 "A43"
19 "A18"
20 "A17"
21 "A37"
22 "A26"
23 "A11"
24 "A0"
25 "A14"
26 "A12"
27 "A36"
28 "A4"
29 "A34"
30 "A23"
31 "A22"
32 "A48"
33 "A40"
34 "A9"
35 "A5"
36 "A16"
37 "A47"
38 "A15"
39 "A35"
40 "A13"
41 "A20"
42 "A10"
43 "A39"
44 "A31"
45 "A29"
46 "A28"
47 "A27"
48 "A6"
49 "A44"
17
0 7
0 38
0 13
0 22
0 18
0 23
0 5
0 10
0 27
0 17
0 19
0 30
0 42
0 35
0 31
0 43
0 45
21
1 43
1 16
1 4
1 5
1 31
1 20
1 0
1 38
1 32
1 49
1 41
1 21
1 3
1 18
1 22
1 27
1 13
1 44
1 11
1 24
1 2
23
2 22
2 9
2 28
2 8
2 32
2 30
2 18
2 34
2 46
2 48
2 44
2 38
2 29
2 36
2 41
2 15
2 35
2 42
2 25
2 12
2 37
2 45
2 31
15
3 5
3 46
3 18
3 14
3 45
3 25
3 21
3 13
3 2
3 24
3 41
3 38
3 31
3 0
3 16
24
4 39
4 22
4 36
4 38
4 3
4 6
4 46
4 24
4 30
4 13
4 23
4 15
4 0
4 2
4 44
4 25
4 11
4 43
4 26
4 37
4 45
4 33
4 18
4 14
26
5 24
5 19
5 12
5 38
5 20
5 2
5 42
5 13
5 45
5 14
5 40
5 18
5 10
5 30
5 31
5 29
5 41
5 6
5 28
5 49
5 32
5 26
5 7
5 4
5 36
5 15
22
6 15
6 31
6 0
6 13
6 3
6 21
6 33
6 39
6 1
6 32
6 49
6 23
6 34
6 37
6 38
6 25
6 10
6 48
6 28
6 7
6 46
6 8
20
7 14
7 39
7 44
7 36
7 21
7 1
7 42
7 4
7 22
7 40
7 24
7 46
7 9
7 48
7 2
7 30
7 3
7 13
7 10
7 31
13
8 9
8 30
8 35
8 11
8 47
8 3
8 36
8 24
8 21
8 22
8 40
8 15
8 46
20
9 40
9 25
9 34
9 23
9 16
9 21
9 10
9 18
9 36
9 43
9 32
9 15
9 14
9 4
9 20
9 49
9 0
9 27
9 42
9 30
16
10 1
10 29
10 19
10 44
10 16
10 38
10 47
10 31
10 36
10 3
10 12
10 43
10 23
10 30
10 46
10 33
25
11 33
11 36
11 21
11 34
11 31
11 23
11 10
11 29
11 43
11 6
11 7
11 49
11 26
11 12
11 18
11 19
11 38
11 45
11 28
11 27
11 3
11 5
11 32
11 16
11 0
15
12 3
12 28
12 49
12 46
12 39
12 47
12 35
12 41
12 0
12 33
12 6
12 36
12 44
12 23
12 9
16
13 16
13 38
13 10
13 48
13 19
13 41
13 30
13 33
13 44
13 23
13 24
13 40
13 21
13 2
13 47
13 11
19
14 29
14 18
14 2
14 30
14 43
14 11
14 48
14 1
14 12
14 0
14 23
14 10
14 33
14 26
14 6
14 31
14 42
14 47
14 34
22
15 30
15 20
15 23
15 11
15 22
15 40
15 7
15 37
15 10
15 24
15 32
15 18
15 38
15 3
15 46
15 47
15 42
15 35
15 28
15 34
15 1
15 26
21
16 34
16 15
16 33
16 6
16 28
16 39
16 23
16 43
16 19
16 29
16 49
16 22
16 30
16 4
16 12
16 38
16 20
16 2
16 5
16 37
16 31
28
17 33
17 3
17 23
17 9
17 7
17 16
17 24
17 27
17 4
17 38
17 41
17 5
17 45
17 39
17 6
17 42
17 36
17 26
17 49
17 12
17 13
17 48
17 40
17 22
17 43
17 28
17 35
17 34
14
18 8
18 13
18 41
18 37
18 43
18 34
18 22
18 38
18 48
18 16
18 17
18 40
18 7
18 49
19
19 43
19 35
19 1
19 4
19 7
19 23
19 25
19 30
19 38
19 44
19 17
19 24
19 40
19 9
19 12
19 41
19 31
19 3
19 32
19
20 49
20 28
20 13
20 2
20 14
20 29
20 7
20 45
20 39
20 30
20 19
20 23
20 3
20 4
20 48
20 8
20 11
20 24
20 6
22
21 22
21 43
21 0
21 16
21 29
21 31
21 19
21 36
21 44
21 35
21 12
21 15
21 34
21 17
21 10
21 46
21 4
21 32
21 41
21 39
21 20
21 40
23
22 46
22 33
22 23
22 25
22 11
22 14
22 19
22 40
22 20
22 34
22 26
22 9
22 36
22 29
22 13
22 47
22 49
22 32
22 30
22 31
22 48
22 38
22 5
13
23 47
23 8
23 25
23 48
23 45
23 44
23 33
23 7
23 24
23 1
23 31
23 41
23 35
17
24 26
24 18
24 12
24 49
24 35
24 36
24 11
24 9
24 29
24 16
24 21
24 47
24 38
24 42
24 10
24 14
24 48
16
25 38
25 21
25 47
25 15
25 44
25 16
25 34
25 18
25 20
25 13
25 33
25 48
25 39
25 8
25 37
25 0
18
26 6
26 13
26 25
26 12
26 10
26 27
26 18
26 43
26 23
26 46
26 8
26 1
26 16
26 9
26 31
26 38
26 30
26 39
25
27 19
27 36
27 12
27 8
27 31
27 24
27 22
27 34
27 29
27 33
27 39
27 5
27 3
27 16
27 7
27 10
27 44
27 6
27 38
27 23
27 47
27 14
27 49
27 2
27 42
23
28 35
28 36
28 48
28 8
28 1
28 14
28 21
28 33
28 44
28 46
28 25
28 37
28 47
28 19
28 29
28 41
28 24
28 10
28 27
28 39
28 18
28 31
28 26
19
29 33
29 26
29 9
29 30
29 38
29 19
29 17
29 49
29 43
29 4
29 3
29 36
29 23
29 39
29 41
29 18
29 8
29 37
29 15
16
30 3
30 18
30 23
30 42
30 41
30 32
30 11
30 25
30 1
30 37
30 40
30 44
30 35
30 21
30 45
30 6
12
31 8
31 12
31 18
31 46
31 30
31 15
31 24
31 13
31 25
31 48
31 20
31 29
20
32 18
32 28
32 12
32 17
32 10
32 4
32 34
32 26
32 20
32 16
32 37
32 13
32 25
32 44
32 24
32 14
32 42
32 48
32 45
32 8
19
33 48
33 35
33 21
33 20
33 34
33 24
33 5
33 3
33 47
33 26
33 8
33 19
33 41
33 32
33 31
33 39
33 7
33 38
33 37
19
34 39
34 24
34 49
34 10
34 48
34 19
34 13
34 3
34 20
34 42
34 30
34 1
34 4
34 5
34 38
34 23
34 31
34 40
34 26
31
35 25
35 42
35 11
35 48
35 49
35 4
35 18
35 36
35 31
35 27
35 39
35 5
35 22
35 26
35 3
35 7
35 38
35 13
35 40
35 1
35 9
35 10
35 14
35 29
35 6
35 34
35 32
35 45
35 20
35 43
35 16
21
36 18
36 42
36 26
36 13
36 41
36 1
36 0
36 15
36 34
36 31
36 25
36 3
36 23
36 37
36 30
36 40
36 39
36 46
36 19
36 6
36 14
23
37 26
37 11
37 7
37 49
37 1
37 10
37 0
37 13
37 5
37 19
37 43
37 22
37 14
37 34
37 45
37 48
37 24
37 35
37 17
37 47
37 23
37 40
37 20
6
38 20
38 31
38 30
38 14
38 7
38 39
18
39 22
39 32
39 43
39 30
39 15
39 24
39 46
39 45
39 9
39 48
39 47
39 1
39 19
39 10
39 11
39 37
39 0
39 49
18
40 2
40 1
40 12
40 25
40 10
40 4
40 38
40 11
40 0
40 41
40 43
40 3
40 20
40 28
40 32
40 27
40 31
40 39
20
41 16
41 6
41 4
41 34
41 31
41 32
41 0
41 39
41 7
41 11
41 8
41 49
41 38
41 47
41 20
41 10
41 25
41 22
41 43
41 14
24
42 33
42 31
42 12
42 3
42 10
42 38
42 23
42 1
42 4
42 28
42 45
42 13
42 41
42 16
42 47
42 18
42 20
42 25
42 19
42 6
42 40
42 26
42 37
42 22
19
43 28
43 30
43 42
43 20
43 12
43 22
43 15
43 24
43 23
43 7
43 8
43 13
43 25
43 2
43 36
43 6
43 33
43 27
43 34
22
44 0
44 24
44 14
44 31
44 8
44 20
44 9
44 41
44 34
44 6
44 35
44 46
44 40
44 17
44 39
44 37
44 36
44 22
44 29
44 5
44 26
44 18
25
45 48
45 40
45 12
45 7
45 41
45 21
45 9
45 33
45 16
45 1
45 6
45 15
45 46
45 36
45 38
45 13
45 14
45 31
45 28
45 26
45 34
45 27
45 29
45 19
45 44
16
46 18
46 23
46 41
46 16
46 9
46 14
46 11
46 32
46 40
46 33
46 37
46 20
46 24
46 17
46 35
46 27
20
47 19
47 11
47 20
47 44
47 48
47 30
47 38
47 29
47 46
47 2
47 31
47 9
47 40
47 21
47 7
47 1
47 18
47 16
47 17
47 43
18
48 21
48 12
48 4
48 29
48 3
48 42
48 30
48 5
48 44
48 46
48 41
48 15
48 36
48 10
48 8
48 26
48 27
48 38
22
49 0
49 13
49 31
49 15
49 8
49 19
49 2
49 48
49 4
49 7
49 40
49 44
49 28
49 23
49 30
49 42
49 3
49 25
49 38
49 21
49 10
49 45
