50
0 "A18"
1 "A14"
2 "A10"
3 "A17"
4 "A16"
5 "A45"
6 "A0"
7 "A48"
8 "A3"
9 "A15"
10 "A4"
11 "A46"
12 "A23"
13 "A12"
14 "A20"
15 "A47"
16 "A6"
17 "A11"
18 "A43"
19 "A39"
20 "A25"
21 "A31"
22 "A32"
23 "A36"
24 "A35"
25 "A34"
26 "A7"
27 "A9"
28 "A30"
29 "A42"
30 "A33"
31 "A2"
32 "A29"
33 "A19"
34 "A49"
35 "A38"
36 "A13"
37 "A28"
38 "A27"
39 "A1"
40 "A8"
41 "A24"
42 "A44"
43 "A22"
44 "A40"
45 "A41"
46 "A26"
47 "A21"
48 "A37"
49 "A5"
19
0 14
0 37
0 36
0 16
0 3
0 31
0 40
0 13
0 5
0 49
0 10
0 19
0 44
0 21
0 24
0 26
0 33
0 42
0 17
20
1 39
1 9
1 26
1 48
1 45
1 24
1 31
1 38
1 34
1 12
1 5
1 49
1 13
1 23
1 8
1 27
1 7
1 25
1 29
1 0
12
2 6
2 36
2 41
2 22
2 14
2 1
2 15
2 23
2 4
2 45
2 18
2 39
16
3 16
3 37
3 19
3 40
3 23
3 1
3 4
3 8
3 11
3 41
3 32
3 44
3 48
3 42
3 24
3 35
20
4 37
4 13
4 45
4 47
4 5
4 26
4 28
4 1
4 10
4 49
4 44
4 6
4 9
4 41
4 12
4 19
4 43
4 16
4 31
4 46
19
5 14
5 11
5 46
5 9
5 6
5 49
5 27
5 39
5 16
5 43
5 25
5 36
5 45
5 22
5 33
5 28
5 41
5 38
5 2
22
6 22
6 36
6 44
6 39
6 45
6 7
6 31
6 34
6 16
6 10
6 41
6 32
6 28
6 14
6 40
6 13
6 11
6 1
6 18
6 0
6 17
6 33
21
7 15
7 42
7 38
7 30
7 25
7 46
7 43
7 35
7 27
7 4
7 9
7 17
7 34
7 49
7 0
7 33
7 28
7 45
7 47
7 12
7 48
25
8 24
8 26
8 38
8 45
8 23
8 10
8 27
8 22
8 11
8 37
8 41
8 40
8 30
8 0
8 35
8 28
8 4
8 15
8 36
8 21
8 17
8 20
8 2
8 44
8 25
26
9 17
9 3
9 23
9 26
9 2
9 15
9 40
9 30
9 42
9 46
9 41
9 19
9 6
9 20
9 37
9 48
9 21
9 12
9 0
9 16
9 35
9 49
9 22
9 31
9 29
9 44
18
10 14
10 40
10 42
10 7
10 1
10 31
10 39
10 22
10 3
10 35
10 5
10 46
10 45
10 15
10 33
10 49
10 2
10 12
21
11 7
11 14
11 0
11 33
11 44
11 4
11 46
11 35
11 31
11 30
11 19
11 20
11 18
11 43
11 26
11 27
11 48
11 10
11 28
11 39
11 32
27
12 46
12 39
12 31
12 44
12 30
12 49
12 41
12 21
12 47
12 23
12 35
12 5
12 19
12 6
12 33
12 40
12 24
12 11
12 25
12 43
12 16
12 2
12 37
12 0
12 42
12 36
12 26
18
13 8
13 3
13 19
13 36
13 32
13 26
13 11
13 10
13 35
13 43
13 28
13 5
13 14
13 2
13 45
13 21
13 25
13 33
23
14 39
14 7
14 33
14 44
14 20
14 43
14 48
14 38
14 30
14 12
14 22
14 3
14 27
14 28
14 4
14 8
14 35
14 16
14 9
14 41
14 18
14 1
14 24
22
15 27
15 18
15 30
15 36
15 35
15 38
15 11
15 14
15 17
15 29
15 45
15 0
15 12
15 4
15 22
15 19
15 49
15 32
15 13
15 5
15 6
15 43
25
16 37
16 19
16 22
16 28
16 30
16 38
16 2
16 35
16 40
16 24
16 29
16 32
16 1
16 41
16 10
16 13
16 11
16 36
16 45
16 18
16 48
16 20
16 26
16 31
16 23
19
17 26
17 42
17 31
17 30
17 16
17 23
17 32
17 14
17 37
17 44
17 5
17 21
17 48
17 2
17 11
17 39
17 46
17 18
17 35
21
18 21
18 34
18 48
18 9
18 36
18 10
18 38
18 7
18 12
18 33
18 45
18 3
18 8
18 40
18 27
18 28
18 30
18 13
18 31
18 25
18 37
26
19 21
19 5
19 45
19 31
19 47
19 43
19 10
19 38
19 14
19 8
19 49
19 28
19 32
19 22
19 27
19 39
19 29
19 2
19 33
19 25
19 18
19 1
19 17
19 6
19 36
19 34
22
20 47
20 1
20 43
20 29
20 5
20 28
20 25
20 44
20 32
20 6
20 42
20 13
20 2
20 3
20 48
20 45
20 37
20 40
20 49
20 0
20 18
20 36
24
21 49
21 15
21 22
21 28
21 2
21 36
21 41
21 30
21 29
21 47
21 42
21 20
21 5
21 26
21 45
21 1
21 14
21 39
21 37
21 6
21 24
21 46
21 7
21 38
20
22 13
22 27
22 36
22 7
22 11
22 41
22 0
22 29
22 45
22 28
22 48
22 44
22 35
22 23
22 18
22 20
22 31
22 49
22 24
22 42
25
23 44
23 26
23 5
23 39
23 6
23 35
23 34
23 49
23 7
23 21
23 4
23 47
23 18
23 40
23 25
23 27
23 11
23 41
23 38
23 48
23 37
23 43
23 28
23 33
23 30
24
24 39
24 30
24 9
24 33
24 25
24 7
24 20
24 44
24 2
24 43
24 31
24 17
24 47
24 37
24 4
24 29
24 45
24 34
24 23
24 11
24 15
24 49
24 5
24 6
21
25 31
25 44
25 10
25 33
25 17
25 9
25 3
25 11
25 6
25 28
25 2
25 22
25 15
25 32
25 40
25 49
25 39
25 21
25 14
25 27
25 38
20
26 14
26 36
26 20
26 40
26 39
26 10
26 24
26 34
26 25
26 44
26 41
26 7
26 31
26 43
26 19
26 38
26 15
26 46
26 32
26 47
22
27 46
27 45
27 47
27 37
27 30
27 48
27 29
27 38
27 16
27 32
27 2
27 21
27 10
27 44
27 3
27 0
27 36
27 43
27 9
27 20
27 17
27 6
14
28 35
28 26
28 36
28 32
28 1
28 38
28 49
28 9
28 10
28 27
28 30
28 15
28 43
28 17
21
29 31
29 7
29 8
29 13
29 34
29 4
29 5
29 12
29 45
29 46
29 30
29 47
29 40
29 26
29 3
29 36
29 10
29 18
29 48
29 49
29 2
14
30 22
30 45
30 1
30 49
30 44
30 26
30 35
30 0
30 4
30 19
30 6
30 10
30 40
30 37
17
31 33
31 45
31 44
31 46
31 30
31 2
31 23
31 47
31 8
31 36
31 34
31 27
31 48
31 13
31 14
31 28
31 35
20
32 21
32 1
32 33
32 42
32 18
32 38
32 34
32 35
32 4
32 36
32 22
32 47
32 43
32 5
32 44
32 30
32 0
32 46
32 31
32 29
18
33 9
33 22
33 21
33 29
33 37
33 16
33 34
33 43
33 20
33 36
33 39
33 28
33 45
33 48
33 3
33 27
33 26
33 42
17
34 2
34 25
34 16
34 28
34 15
34 8
34 9
34 11
34 49
34 40
34 0
34 14
34 10
34 20
34 27
34 5
34 30
14
35 20
35 21
35 26
35 45
35 42
35 4
35 33
35 19
35 24
35 18
35 1
35 34
35 25
35 40
16
36 9
36 44
36 23
36 34
36 10
36 40
36 4
36 7
36 47
36 43
36 35
36 42
36 17
36 30
36 25
36 48
15
37 13
37 47
37 31
37 28
37 14
37 48
37 40
37 44
37 5
37 25
37 26
37 36
37 45
37 1
37 6
15
38 33
38 36
38 35
38 49
38 34
38 12
38 20
38 22
38 37
38 13
38 0
38 31
38 24
38 11
38 48
20
39 34
39 43
39 0
39 42
39 29
39 49
39 18
39 41
39 27
39 7
39 44
39 13
39 46
39 48
39 3
39 30
39 15
39 8
39 9
39 38
12
40 39
40 17
40 19
40 28
40 42
40 7
40 44
40 4
40 14
40 49
40 24
40 45
21
41 29
41 37
41 11
41 25
41 43
41 46
41 18
41 15
41 17
41 38
41 10
41 31
41 1
41 42
41 19
41 7
41 34
41 35
41 27
41 13
41 40
16
42 31
42 37
42 2
42 15
42 16
42 18
42 30
42 6
42 1
42 24
42 4
42 26
42 44
42 47
42 29
42 23
20
43 22
43 18
43 45
43 2
43 30
43 17
43 40
43 35
43 0
43 34
43 31
43 48
43 25
43 1
43 3
43 21
43 8
43 16
43 42
43 47
19
44 1
44 21
44 38
44 18
44 49
44 43
44 48
44 35
44 33
44 41
44 34
44 2
44 15
44 13
44 45
44 10
44 29
44 7
44 5
13
45 46
45 36
45 26
45 34
45 23
45 11
45 39
45 32
45 0
45 25
45 41
45 12
45 9
24
46 19
46 8
46 24
46 23
46 2
46 30
46 33
46 13
46 14
46 1
46 44
46 47
46 48
46 28
46 0
46 38
46 15
46 35
46 40
46 20
46 36
46 25
46 34
46 49
27
47 5
47 11
47 35
47 18
47 3
47 1
47 0
47 44
47 17
47 34
47 22
47 15
47 8
47 39
47 9
47 38
47 45
47 16
47 10
47 2
47 25
47 41
47 33
47 40
47 49
47 6
47 14
18
48 40
48 15
48 45
48 0
48 49
48 26
48 41
48 25
48 42
48 30
48 8
48 34
48 6
48 12
48 4
48 5
48 28
48 13
11
49 17
49 6
49 36
49 35
49 43
49 45
49 14
49 16
49 31
49 3
49 8
