50
0 "A18"
1 "A14"
2 "A10"
3 "A17"
4 "A16"
5 "A45"
6 "A0"
7 "A48"
8 "A3"
9 "A15"
10 "A4"
11 "A46"
12 "A23"
13 "A12"
14 "A20"
15 "A47"
16 "A6"
17 "A11"
18 "A43"
19 "A39"
20 "A25"
21 "A31"
22 "A32"
23 "A36"
24 "A35"
25 "A34"
26 "A7"
27 "A9"
28 "A30"
29 "A42"
30 "A33"
31 "A2"
32 "A29"
33 "A19"
34 "A49"
35 "A38"
36 "A13"
37 "A28"
38 "A27"
39 "A1"
40 "A8"
41 "A24"
42 "A44"
43 "A22"
44 "A40"
45 "A41"
46 "A26"
47 "A21"
48 "A37"
49 "A5"
22
0 29
0 45
0 13
0 15
0 1
0 20
0 32
0 30
0 14
0 31
0 7
0 9
0 26
0 48
0 4
0 49
0 12
0 36
0 19
0 18
0 44
0 25
21
1 16
1 17
1 49
1 45
1 44
1 41
1 13
1 3
1 7
1 22
1 2
1 48
1 18
1 38
1 26
1 20
1 46
1 6
1 30
1 8
1 14
17
2 13
2 17
2 36
2 38
2 4
2 31
2 23
2 28
2 34
2 44
2 10
2 49
2 39
2 16
2 12
2 47
2 6
21
3 43
3 31
3 21
3 14
3 41
3 16
3 0
3 25
3 20
3 15
3 33
3 11
3 7
3 23
3 6
3 5
3 8
3 37
3 2
3 32
3 42
18
4 28
4 35
4 41
4 49
4 37
4 12
4 47
4 39
4 30
4 15
4 9
4 24
4 11
4 1
4 31
4 43
4 21
4 18
16
5 32
5 44
5 31
5 29
5 41
5 20
5 0
5 36
5 34
5 6
5 37
5 24
5 15
5 2
5 4
5 1
21
6 49
6 29
6 22
6 41
6 44
6 20
6 9
6 12
6 46
6 40
6 19
6 11
6 10
6 21
6 13
6 16
6 25
6 28
6 7
6 34
6 14
20
7 8
7 39
7 46
7 36
7 4
7 12
7 30
7 43
7 37
7 35
7 28
7 29
7 33
7 15
7 17
7 40
7 20
7 21
7 25
7 27
19
8 41
8 47
8 0
8 44
8 6
8 18
8 25
8 14
8 15
8 12
8 30
8 36
8 29
8 45
8 11
8 5
8 39
8 40
8 2
16
9 42
9 18
9 15
9 5
9 24
9 3
9 21
9 40
9 13
9 32
9 37
9 39
9 7
9 8
9 27
9 48
20
10 14
10 37
10 19
10 15
10 32
10 40
10 1
10 11
10 28
10 24
10 18
10 4
10 20
10 13
10 42
10 8
10 45
10 30
10 3
10 16
21
11 16
11 28
11 48
11 40
11 19
11 43
11 24
11 27
11 2
11 44
11 12
11 1
11 13
11 29
11 42
11 0
11 5
11 30
11 9
11 38
11 20
11
12 39
12 13
12 32
12 37
12 20
12 34
12 45
12 44
12 48
12 41
12 10
12
13 24
13 21
13 4
13 49
13 41
13 8
13 27
13 29
13 32
13 46
13 3
13 7
18
14 43
14 25
14 38
14 36
14 7
14 4
14 34
14 20
14 49
14 24
14 46
14 40
14 29
14 13
14 44
14 2
14 12
14 39
23
15 22
15 41
15 43
15 2
15 39
15 13
15 25
15 30
15 6
15 40
15 38
15 37
15 12
15 48
15 26
15 47
15 16
15 27
15 1
15 19
15 35
15 42
15 28
15
16 19
16 46
16 31
16 0
16 40
16 4
16 13
16 29
16 24
16 27
16 45
16 26
16 49
16 8
16 7
22
17 23
17 22
17 30
17 47
17 6
17 39
17 5
17 34
17 13
17 16
17 41
17 24
17 14
17 15
17 0
17 26
17 29
17 12
17 27
17 42
17 46
17 4
15
18 33
18 5
18 19
18 43
18 36
18 14
18 7
18 2
18 17
18 31
18 11
18 28
18 3
18 24
18 39
19
19 24
19 17
19 49
19 33
19 42
19 14
19 2
19 47
19 12
19 7
19 8
19 21
19 39
19 25
19 32
19 35
19 13
19 20
19 1
24
20 22
20 27
20 4
20 2
20 34
20 24
20 35
20 38
20 47
20 16
20 30
20 15
20 28
20 17
20 26
20 37
20 36
20 39
20 40
20 23
20 46
20 44
20 9
20 29
20
21 2
21 15
21 26
21 20
21 12
21 41
21 33
21 0
21 23
21 35
21 5
21 43
21 10
21 48
21 14
21 30
21 47
21 27
21 8
21 24
20
22 27
22 0
22 16
22 39
22 5
22 45
22 13
22 19
22 4
22 11
22 49
22 7
22 3
22 40
22 31
22 46
22 48
22 30
22 35
22 12
25
23 46
23 33
23 45
23 25
23 16
23 5
23 48
23 15
23 38
23 34
23 11
23 22
23 7
23 8
23 40
23 13
23 31
23 26
23 49
23 37
23 10
23 27
23 32
23 29
23 6
19
24 37
24 30
24 27
24 39
24 47
24 38
24 44
24 7
24 28
24 15
24 1
24 0
24 33
24 32
24 29
24 42
24 6
24 34
24 2
19
25 5
25 13
25 16
25 12
25 39
25 40
25 18
25 21
25 4
25 34
25 32
25 9
25 10
25 29
25 28
25 33
25 11
25 17
25 20
20
26 42
26 12
26 7
26 35
26 49
26 38
26 8
26 37
26 6
26 43
26 2
26 34
26 14
26 19
26 13
26 32
26 25
26 33
26 9
26 24
16
27 26
27 31
27 41
27 36
27 39
27 46
27 44
27 25
27 19
27 0
27 8
27 40
27 6
27 10
27 34
27 4
19
28 42
28 3
28 1
28 21
28 47
28 26
28 12
28 14
28 43
28 34
28 37
28 8
28 27
28 30
28 19
28 17
28 22
28 44
28 33
19
29 43
29 15
29 31
29 9
29 42
29 41
29 47
29 34
29 2
29 18
29 35
29 12
29 48
29 28
29 30
29 4
29 32
29 39
29 22
14
30 9
30 46
30 13
30 16
30 35
30 39
30 26
30 18
30 14
30 25
30 12
30 42
30 19
30 3
22
31 25
31 8
31 21
31 20
31 26
31 15
31 9
31 42
31 1
31 12
31 6
31 32
31 33
31 45
31 11
31 14
31 46
31 10
31 19
31 39
31 13
31 34
22
32 27
32 4
32 11
32 38
32 49
32 20
32 34
32 45
32 1
32 33
32 17
32 15
32 6
32 47
32 22
32 48
32 30
32 42
32 21
32 39
32 46
32 8
24
33 22
33 14
33 5
33 11
33 10
33 27
33 40
33 41
33 34
33 17
33 46
33 48
33 16
33 49
33 1
33 37
33 4
33 29
33 0
33 12
33 30
33 9
33 15
33 20
17
34 38
34 7
34 3
34 41
34 0
34 13
34 1
34 46
34 4
34 22
34 15
34 39
34 11
34 19
34 9
34 21
34 30
17
35 8
35 2
35 14
35 28
35 12
35 1
35 0
35 36
35 31
35 18
35 23
35 24
35 6
35 25
35 16
35 9
35 13
26
36 21
36 25
36 13
36 16
36 48
36 11
36 4
36 42
36 43
36 30
36 32
36 31
36 47
36 37
36 15
36 3
36 33
36 26
36 19
36 10
36 22
36 28
36 46
36 23
36 9
36 49
18
37 8
37 1
37 21
37 46
37 2
37 44
37 11
37 6
37 31
37 43
37 42
37 25
37 18
37 29
37 22
37 13
37 16
37 30
21
38 22
38 21
38 31
38 44
38 46
38 7
38 40
38 5
38 16
38 27
38 4
38 25
38 0
38 36
38 17
38 42
38 35
38 33
38 37
38 48
38 28
19
39 49
39 45
39 21
39 6
39 41
39 28
39 38
39 47
39 40
39 36
39 1
39 13
39 35
39 5
39 3
39 23
39 10
39 46
39 0
20
40 31
40 21
40 41
40 17
40 44
40 42
40 4
40 36
40 45
40 30
40 46
40 1
40 37
40 47
40 2
40 12
40 34
40 13
40 18
40 32
19
41 20
41 31
41 19
41 28
41 11
41 37
41 47
41 14
41 35
41 30
41 43
41 16
41 2
41 22
41 44
41 23
41 10
41 26
41 32
22
42 34
42 14
42 18
42 22
42 35
42 8
42 23
42 47
42 16
42 6
42 5
42 39
42 7
42 20
42 0
42 4
42 1
42 21
42 25
42 41
42 44
42 27
24
43 30
43 19
43 49
43 47
43 13
43 45
43 16
43 39
43 10
43 24
43 0
43 2
43 1
43 31
43 33
43 25
43 5
43 34
43 42
43 20
43 38
43 8
43 22
43 27
18
44 35
44 48
44 32
44 21
44 15
44 13
44 43
44 29
44 16
44 31
44 18
44 9
44 39
44 49
44 4
44 30
44 19
44 10
23
45 42
45 14
45 37
45 35
45 2
45 44
45 15
45 34
45 28
45 25
45 18
45 27
45 13
45 29
45 36
45 19
45 20
45 6
45 30
45 41
45 7
45 5
45 24
20
46 9
46 8
46 21
46 26
46 5
46 3
46 0
46 35
46 43
46 42
46 15
46 19
46 28
46 25
46 44
46 29
46 49
46 11
46 4
46 2
20
47 37
47 45
47 7
47 0
47 3
47 38
47 23
47 35
47 18
47 34
47 46
47 25
47 16
47 30
47 44
47 9
47 10
47 12
47 6
47 26
27
48 34
48 2
48 47
48 19
48 24
48 3
48 30
48 13
48 25
48 26
48 42
48 31
48 39
48 20
48 5
48 41
48 4
48 46
48 7
48 28
48 17
48 27
48 14
48 45
48 43
48 18
48 6
19
49 8
49 17
49 11
49 9
49 28
49 45
49 3
49 25
49 15
49 7
49 21
49 10
49 38
49 37
49 24
49 29
49 35
49 42
49 34
