50
0 "A9"
1 "A29"
2 "A42"
3 "A11"
4 "A4"
5 "A10"
6 "A25"
7 "A24"
8 "A43"
9 "A49"
10 "A37"
11 "A8"
12 "A48"
13 "A5"
14 "A28"
15 "A23"
16 "A36"
17 "A39"
18 "A3"
19 "A12"
20 "A2"
21 "A15"
22 "A19"
23 "A35"
24 "A41"
25 "A45"
26 "A22"
27 "A16"
28 "A26"
29 "A33"
30 "A40"
31 "A34"
32 "A20"
33 "A31"
34 "A0"
35 "A18"
36 "A30"
37 "A6"
38 "A7"
39 "A14"
40 "A44"
41 "A32"
42 "A21"
43 "A46"
44 "A47"
45 "A13"
46 "A17"
47 "A38"
48 "A1"
49 "A27"
15
0 44
0 19
0 7
0 23
0 31
0 3
0 34
0 15
0 48
0 43
0 36
0 9
0 22
0 24
0 4
19
1 40
1 16
1 22
1 46
1 38
1 10
1 34
1 47
1 29
1 2
1 41
1 48
1 49
1 0
1 35
1 28
1 9
1 26
1 15
21
2 36
2 25
2 42
2 17
2 48
2 32
2 16
2 29
2 35
2 6
2 0
2 41
2 5
2 19
2 30
2 18
2 21
2 28
2 34
2 40
2 7
23
3 16
3 49
3 12
3 33
3 47
3 4
3 2
3 6
3 40
3 44
3 26
3 31
3 35
3 10
3 32
3 22
3 1
3 7
3 18
3 11
3 38
3 42
3 27
19
4 42
4 2
4 31
4 28
4 22
4 19
4 10
4 7
4 35
4 16
4 8
4 6
4 32
4 29
4 48
4 9
4 47
4 39
4 41
20
5 49
5 0
5 25
5 18
5 3
5 40
5 26
5 48
5 13
5 32
5 36
5 4
5 12
5 6
5 41
5 23
5 43
5 34
5 1
5 22
20
6 33
6 10
6 24
6 32
6 38
6 40
6 28
6 39
6 46
6 16
6 43
6 34
6 29
6 49
6 13
6 15
6 1
6 42
6 7
6 14
19
7 30
7 33
7 29
7 28
7 39
7 37
7 22
7 5
7 34
7 14
7 10
7 36
7 9
7 19
7 12
7 45
7 15
7 47
7 21
19
8 43
8 6
8 48
8 2
8 5
8 38
8 19
8 17
8 14
8 18
8 28
8 0
8 15
8 22
8 27
8 44
8 33
8 32
8 10
21
9 19
9 41
9 33
9 35
9 25
9 43
9 5
9 26
9 20
9 17
9 28
9 8
9 49
9 2
9 21
9 39
9 16
9 13
9 12
9 45
9 40
20
10 26
10 11
10 41
10 32
10 22
10 31
10 2
10 21
10 37
10 45
10 39
10 5
10 43
10 0
10 38
10 9
10 19
10 36
10 18
10 23
15
11 21
11 49
11 34
11 35
11 30
11 29
11 6
11 20
11 27
11 4
11 24
11 36
11 1
11 12
11 2
26
12 32
12 15
12 14
12 41
12 6
12 30
12 0
12 23
12 10
12 38
12 46
12 17
12 1
12 43
12 19
12 39
12 24
12 29
12 33
12 20
12 34
12 36
12 4
12 21
12 16
12 44
26
13 1
13 7
13 41
13 28
13 26
13 4
13 30
13 2
13 36
13 45
13 32
13 15
13 38
13 21
13 33
13 31
13 29
13 16
13 27
13 43
13 12
13 8
13 42
13 34
13 22
13 3
21
14 10
14 41
14 48
14 2
14 20
14 22
14 36
14 17
14 47
14 9
14 18
14 5
14 4
14 3
14 43
14 35
14 0
14 28
14 1
14 42
14 13
15
15 3
15 47
15 10
15 34
15 23
15 9
15 49
15 30
15 20
15 21
15 27
15 4
15 48
15 16
15 5
12
16 32
16 47
16 48
16 23
16 14
16 24
16 8
16 44
16 27
16 7
16 35
16 41
17
17 6
17 7
17 27
17 40
17 48
17 18
17 10
17 47
17 46
17 43
17 21
17 38
17 30
17 34
17 23
17 4
17 45
22
18 32
18 4
18 31
18 15
18 44
18 49
18 12
18 41
18 33
18 1
18 43
18 0
18 46
18 25
18 22
18 36
18 20
18 30
18 39
18 21
18 42
18 16
18
19 1
19 17
19 16
19 6
19 45
19 20
19 49
19 5
19 34
19 26
19 44
19 15
19 32
19 39
19 25
19 22
19 11
19 28
19
20 40
20 8
20 42
20 0
20 10
20 16
20 2
20 5
20 7
20 25
20 38
20 39
20 21
20 3
20 6
20 17
20 23
20 27
20 41
15
21 1
21 14
21 37
21 0
21 27
21 32
21 36
21 4
21 3
21 44
21 31
21 19
21 28
21 23
21 6
15
22 21
22 43
22 15
22 20
22 35
22 41
22 9
22 16
22 12
22 11
22 25
22 48
22 31
22 26
22 17
16
23 34
23 22
23 7
23 35
23 41
23 25
23 45
23 27
23 13
23 28
23 14
23 29
23 2
23 11
23 6
23 31
16
24 46
24 26
24 33
24 1
24 25
24 30
24 19
24 2
24 7
24 20
24 23
24 10
24 34
24 38
24 36
24 27
26
25 11
25 34
25 16
25 38
25 12
25 27
25 0
25 41
25 31
25 4
25 30
25 13
25 46
25 48
25 39
25 10
25 15
25 26
25 49
25 17
25 1
25 6
25 7
25 45
25 14
25 40
17
26 21
26 41
26 31
26 8
26 43
26 28
26 0
26 6
26 18
26 39
26 15
26 40
26 33
26 4
26 20
26 44
26 14
18
27 28
27 18
27 38
27 48
27 5
27 40
27 6
27 29
27 19
27 36
27 0
27 7
27 31
27 2
27 41
27 22
27 1
27 12
16
28 18
28 34
28 25
28 47
28 16
28 5
28 45
28 24
28 10
28 29
28 33
28 12
28 3
28 17
28 32
28 11
19
29 31
29 26
29 20
29 43
29 9
29 14
29 22
29 3
29 5
29 16
29 19
29 37
29 18
29 8
29 32
29 38
29 24
29 44
29 0
23
30 21
30 27
30 5
30 49
30 10
30 36
30 40
30 28
30 0
30 19
30 46
30 4
30 14
30 39
30 35
30 42
30 47
30 26
30 22
30 23
30 20
30 34
30 8
22
31 2
31 28
31 38
31 35
31 19
31 33
31 45
31 43
31 24
31 15
31 32
31 34
31 39
31 16
31 11
31 1
31 12
31 5
31 41
31 9
31 14
31 49
24
32 35
32 42
32 36
32 7
32 1
32 11
32 38
32 23
32 24
32 39
32 30
32 44
32 27
32 9
32 15
32 26
32 14
32 33
32 43
32 20
32 22
32 17
32 0
32 40
21
33 36
33 25
33 43
33 15
33 37
33 35
33 42
33 29
33 0
33 11
33 17
33 40
33 30
33 38
33 49
33 21
33 41
33 2
33 5
33 47
33 48
15
34 33
34 18
34 22
34 27
34 40
34 48
34 45
34 35
34 16
34 39
34 9
34 20
34 49
34 3
34 4
20
35 0
35 46
35 12
35 15
35 8
35 43
35 41
35 17
35 27
35 40
35 13
35 19
35 29
35 21
35 28
35 42
35 38
35 10
35 24
35 37
20
36 23
36 25
36 46
36 38
36 42
36 34
36 9
36 4
36 15
36 35
36 20
36 39
36 16
36 47
36 22
36 49
36 1
36 8
36 28
36 17
26
37 25
37 31
37 9
37 38
37 12
37 11
37 14
37 20
37 45
37 16
37 18
37 26
37 6
37 15
37 5
37 3
37 24
37 19
37 27
37 30
37 23
37 8
37 4
37 34
37 28
37 47
18
38 46
38 40
38 26
38 5
38 34
38 14
38 28
38 15
38 23
38 47
38 18
38 2
38 19
38 30
38 16
38 22
38 0
38 49
19
39 1
39 48
39 15
39 28
39 37
39 43
39 22
39 5
39 44
39 16
39 11
39 49
39 46
39 8
39 13
39 24
39 0
39 33
39 21
17
40 11
40 18
40 49
40 28
40 24
40 0
40 7
40 4
40 21
40 29
40 37
40 47
40 12
40 48
40 42
40 36
40 8
18
41 11
41 30
41 48
41 0
41 3
41 28
41 29
41 32
41 19
41 39
41 38
41 47
41 21
41 42
41 37
41 36
41 34
41 40
18
42 34
42 0
42 38
42 8
42 37
42 49
42 27
42 7
42 19
42 28
42 26
42 24
42 43
42 12
42 39
42 22
42 17
42 1
22
43 7
43 37
43 30
43 3
43 49
43 27
43 16
43 25
43 1
43 40
43 47
43 41
43 4
43 19
43 28
43 11
43 24
43 23
43 15
43 2
43 46
43 21
24
44 24
44 9
44 33
44 13
44 5
44 30
44 7
44 38
44 28
44 42
44 11
44 4
44 41
44 45
44 6
44 34
44 1
44 43
44 15
44 35
44 20
44 31
44 10
44 14
24
45 15
45 38
45 5
45 29
45 32
45 35
45 22
45 27
45 1
45 8
45 41
45 11
45 30
45 40
45 20
45 33
45 21
45 16
45 46
45 42
45 0
45 26
45 48
45 4
18
46 34
46 13
46 8
46 11
46 26
46 49
46 16
46 14
46 31
46 32
46 23
46 10
46 42
46 0
46 20
46 37
46 21
46 19
25
47 18
47 23
47 32
47 0
47 9
47 45
47 25
47 46
47 20
47 10
47 26
47 29
47 34
47 12
47 39
47 6
47 27
47 11
47 21
47 5
47 22
47 49
47 8
47 35
47 24
24
48 21
48 43
48 47
48 20
48 12
48 6
48 19
48 10
48 32
48 42
48 9
48 18
48 13
48 28
48 44
48 29
48 36
48 30
48 11
48 3
48 37
48 7
48 46
48 31
17
49 12
49 45
49 23
49 0
49 10
49 22
49 21
49 26
49 27
49 44
49 24
49 37
49 41
49 16
49 35
49 20
49 2
