50
0 "A28"
1 "A27"
2 "A40"
3 "A1"
4 "A30"
5 "A37"
6 "A0"
7 "A3"
8 "A6"
9 "A41"
10 "A14"
11 "A8"
12 "A10"
13 "A43"
14 "A9"
15 "A25"
16 "A29"
17 "A34"
18 "A22"
19 "A5"
20 "A47"
21 "A36"
22 "A20"
23 "A42"
24 "A7"
25 "A46"
26 "A15"
27 "A45"
28 "A32"
29 "A33"
30 "A44"
31 "A4"
32 "A19"
33 "A48"
34 "A26"
35 "A38"
36 "A31"
37 "A17"
38 "A2"
39 "A11"
40 "A23"
41 "A35"
42 "A16"
43 "A39"
44 "A12"
45 "A13"
46 "A24"
47 "A18"
48 "A21"
49 "A49"
19
0 36
0 5
0 9
0 43
0 1
0 8
0 19
0 34
0 7
0 21
0 37
0 2
0 30
0 48
0 18
0 25
0 44
0 41
0 12
19
1 33
1 17
1 11
1 5
1 8
1 32
1 6
1 9
1 28
1 42
1 47
1 14
1 35
1 12
1 44
1 46
1 43
1 38
1 49
15
2 36
2 24
2 48
2 21
2 17
2 38
2 15
2 19
2 39
2 31
2 16
2 33
2 7
2 3
2 1
15
3 12
3 27
3 1
3 32
3 22
3 25
3 29
3 13
3 11
3 9
3 33
3 20
3 45
3 36
3 37
18
4 28
4 10
4 45
4 5
4 22
4 16
4 23
4 0
4 18
4 33
4 30
4 44
4 3
4 1
4 34
4 13
4 12
4 25
13
5 12
5 31
5 16
5 28
5 34
5 2
5 14
5 6
5 22
5 32
5 15
5 40
5 35
20
6 2
6 23
6 19
6 45
6 26
6 49
6 32
6 40
6 3
6 4
6 39
6 44
6 9
6 22
6 8
6 14
6 30
6 0
6 47
6 41
24
7 29
7 47
7 11
7 44
7 3
7 45
7 43
7 27
7 20
7 40
7 41
7 49
7 31
7 1
7 4
7 42
7 17
7 6
7 36
7 14
7 15
7 28
7 26
7 24
23
8 21
8 17
8 20
8 34
8 31
8 33
8 28
8 2
8 44
8 26
8 37
8 36
8 41
8 48
8 19
8 25
8 5
8 47
8 38
8 14
8 3
8 24
8 13
19
9 14
9 43
9 2
9 25
9 35
9 34
9 5
9 22
9 41
9 4
9 26
9 18
9 16
9 15
9 21
9 40
9 19
9 8
9 32
20
10 39
10 0
10 40
10 7
10 12
10 29
10 22
10 42
10 38
10 20
10 5
10 35
10 31
10 24
10 49
10 41
10 2
10 9
10 6
10 43
19
11 32
11 6
11 35
11 46
11 24
11 16
11 33
11 39
11 37
11 2
11 49
11 0
11 44
11 28
11 18
11 20
11 10
11 23
11 9
18
12 2
12 14
12 44
12 6
12 39
12 22
12 47
12 41
12 8
12 9
12 27
12 31
12 23
12 7
12 48
12 38
12 40
12 11
13
13 5
13 30
13 9
13 49
13 43
13 17
13 11
13 7
13 2
13 39
13 6
13 37
13 26
20
14 11
14 37
14 36
14 23
14 27
14 31
14 15
14 45
14 10
14 42
14 16
14 49
14 34
14 13
14 46
14 22
14 2
14 21
14 20
14 47
19
15 0
15 29
15 3
15 44
15 45
15 18
15 24
15 21
15 35
15 31
15 27
15 8
15 6
15 34
15 12
15 48
15 23
15 10
15 42
20
16 47
16 49
16 0
16 6
16 35
16 48
16 43
16 1
16 32
16 39
16 22
16 40
16 41
16 21
16 12
16 33
16 15
16 23
16 8
16 13
26
17 34
17 36
17 20
17 3
17 28
17 47
17 33
17 40
17 5
17 46
17 44
17 12
17 9
17 16
17 45
17 14
17 26
17 4
17 18
17 10
17 15
17 23
17 37
17 0
17 43
17 32
20
18 12
18 5
18 8
18 22
18 35
18 13
18 45
18 27
18 6
18 10
18 2
18 16
18 49
18 26
18 41
18 47
18 21
18 1
18 32
18 42
27
19 4
19 35
19 41
19 40
19 34
19 25
19 44
19 20
19 29
19 36
19 15
19 18
19 21
19 48
19 33
19 10
19 3
19 42
19 27
19 1
19 37
19 17
19 22
19 11
19 12
19 5
19 45
19
20 46
20 1
20 30
20 15
20 27
20 28
20 21
20 41
20 22
20 5
20 47
20 25
20 23
20 6
20 40
20 43
20 0
20 32
20 29
19
21 4
21 10
21 41
21 38
21 6
21 12
21 3
21 5
21 23
21 30
21 49
21 17
21 35
21 7
21 1
21 13
21 34
21 11
21 32
14
22 21
22 33
22 30
22 11
22 1
22 13
22 29
22 8
22 28
22 35
22 7
22 48
22 36
22 37
19
23 9
23 3
23 0
23 13
23 39
23 28
23 5
23 1
23 30
23 7
23 26
23 41
23 18
23 22
23 45
23 8
23 19
23 48
23 40
20
24 21
24 14
24 9
24 12
24 17
24 3
24 16
24 45
24 35
24 13
24 31
24 22
24 38
24 25
24 19
24 6
24 37
24 47
24 29
24 23
26
25 28
25 11
25 7
25 47
25 33
25 2
25 12
25 6
25 36
25 32
25 35
25 44
25 27
25 1
25 41
25 38
25 16
25 10
25 5
25 49
25 42
25 17
25 18
25 21
25 39
25 23
20
26 0
26 14
26 12
26 31
26 25
26 19
26 38
26 30
26 4
26 41
26 15
26 20
26 1
26 5
26 44
26 33
26 37
26 3
26 29
26 16
25
27 31
27 22
27 30
27 48
27 11
27 1
27 34
27 45
27 17
27 46
27 24
27 47
27 40
27 26
27 9
27 0
27 8
27 4
27 21
27 5
27 49
27 36
27 6
27 10
27 28
17
28 9
28 36
28 44
28 18
28 15
28 24
28 47
28 26
28 49
28 10
28 14
28 2
28 41
28 21
28 32
28 16
28 19
20
29 12
29 41
29 33
29 27
29 23
29 28
29 14
29 45
29 1
29 31
29 48
29 30
29 16
29 5
29 11
29 8
29 21
29 25
29 0
29 36
20
30 18
30 37
30 7
30 39
30 1
30 28
30 10
30 46
30 42
30 47
30 12
30 44
30 14
30 31
30 8
30 16
30 3
30 19
30 43
30 41
15
31 9
31 49
31 3
31 33
31 37
31 19
31 18
31 45
31 1
31 39
31 22
31 23
31 21
31 44
31 46
19
32 43
32 29
32 2
32 31
32 14
32 13
32 4
32 27
32 15
32 44
32 10
32 8
32 38
32 23
32 12
32 19
32 24
32 34
32 26
10
33 23
33 32
33 18
33 9
33 0
33 7
33 37
33 39
33 15
33 24
24
34 10
34 46
34 26
34 13
34 39
34 33
34 28
34 44
34 29
34 30
34 18
34 42
34 25
34 3
34 11
34 12
34 49
34 47
34 1
34 22
34 23
34 6
34 24
34 2
21
35 29
35 26
35 8
35 46
35 3
35 41
35 14
35 34
35 49
35 33
35 17
35 20
35 0
35 38
35 45
35 40
35 2
35 28
35 39
35 6
35 32
17
36 12
36 33
36 30
36 6
36 26
36 31
36 32
36 5
36 24
36 34
36 41
36 43
36 1
36 11
36 16
36 9
36 20
20
37 15
37 35
37 38
37 7
37 5
37 6
37 23
37 27
37 34
37 49
37 36
37 32
37 43
37 10
37 4
37 21
37 9
37 25
37 20
37 29
19
38 7
38 27
38 16
38 48
38 9
38 45
38 14
38 23
38 18
38 4
38 17
38 13
38 15
38 11
38 31
38 6
38 44
38 42
38 0
21
39 36
39 20
39 14
39 17
39 45
39 42
39 49
39 37
39 3
39 21
39 29
39 7
39 1
39 40
39 38
39 22
39 48
39 18
39 32
39 4
39 5
20
40 18
40 28
40 37
40 4
40 38
40 36
40 22
40 3
40 8
40 25
40 30
40 34
40 29
40 31
40 24
40 13
40 45
40 11
40 26
40 0
16
41 15
41 11
41 1
41 45
41 33
41 24
41 14
41 13
41 5
41 48
41 44
41 22
41 17
41 4
41 38
41 27
21
42 33
42 12
42 0
42 41
42 17
42 22
42 31
42 20
42 28
42 2
42 23
42 3
42 5
42 6
42 44
42 35
42 24
42 8
42 26
42 45
42 21
22
43 11
43 3
43 33
43 6
43 45
43 35
43 47
43 26
43 29
43 28
43 31
43 27
43 21
43 19
43 15
43 42
43 49
43 22
43 8
43 39
43 12
43 18
21
44 23
44 24
44 29
44 49
44 9
44 5
44 22
44 37
44 20
44 33
44 21
44 10
44 43
44 48
44 14
44 39
44 18
44 2
44 3
44 27
44 40
17
45 16
45 12
45 28
45 0
45 26
45 13
45 2
45 33
45 11
45 37
45 36
45 21
45 25
45 22
45 5
45 9
45 10
25
46 16
46 49
46 5
46 28
46 2
46 36
46 32
46 23
46 6
46 0
46 29
46 44
46 41
46 25
46 26
46 48
46 7
46 39
46 22
46 40
46 15
46 13
46 10
46 43
46 37
20
47 29
47 3
47 11
47 15
47 46
47 41
47 33
47 0
47 38
47 44
47 40
47 21
47 39
47 19
47 36
47 22
47 5
47 42
47 13
47 9
22
48 11
48 43
48 7
48 32
48 45
48 9
48 13
48 42
48 47
48 1
48 35
48 40
48 3
48 21
48 10
48 18
48 20
48 4
48 6
48 5
48 24
48 31
24
49 42
49 19
49 45
49 2
49 23
49 41
49 22
49 47
49 24
49 40
49 3
49 32
49 17
49 20
49 9
49 15
49 0
49 29
49 4
49 8
49 48
49 12
49 5
49 26
